#x	rho	phi	ex	bz	rhok[0]	rhok[1]
0.000000e+00	-1.877012e+03	0.000000e+00	3.643550e-02	0.000000e+00	-2.698551e+03	8.215386e+02
1.190000e-03	-1.847724e+03	-4.335666e-05	3.643286e-02	0.000000e+00	-9.153805e+03	7.306081e+03
2.380000e-03	3.085886e+03	-8.671020e-05	3.643374e-02	0.000000e+00	-7.148438e+03	1.023432e+04
3.570000e-03	2.870391e+03	-1.300689e-04	3.643795e-02	0.000000e+00	-5.511201e+03	8.381592e+03
4.760000e-03	5.135010e+03	-1.734325e-04	3.644362e-02	0.000000e+00	-6.662937e+03	1.179795e+04
5.950000e-03	8.688116e+03	-2.168048e-04	3.645341e-02	0.000000e+00	-7.510924e+03	1.619904e+04
7.140000e-03	1.639007e+04	-2.601916e-04	3.647117e-02	0.000000e+00	-5.058356e+03	2.144843e+04
8.330000e-03	2.035019e+04	-3.036062e-04	3.649719e-02	0.000000e+00	-4.545657e+03	2.489585e+04
9.520000e-03	2.172544e+04	-3.470550e-04	3.652699e-02	0.000000e+00	-3.648251e+03	2.537369e+04
1.071000e-02	1.684398e+04	-3.905404e-04	3.655430e-02	0.000000e+00	-5.209282e+03	2.205326e+04
1.190000e-02	1.879216e+04	-4.340542e-04	3.657954e-02	0.000000e+00	-6.422442e+03	2.521460e+04
1.309000e-02	2.192172e+04	-4.775997e-04	3.660837e-02	0.000000e+00	-6.075621e+03	2.799734e+04
1.428000e-02	1.799924e+04	-5.211821e-04	3.663664e-02	0.000000e+00	-6.235796e+03	2.423504e+04
1.547000e-02	2.497478e+04	-5.647949e-04	3.666707e-02	0.000000e+00	-2.937588e+03	2.791237e+04
1.666000e-02	3.027636e+04	-6.084497e-04	3.670620e-02	0.000000e+00	-2.983828e+03	3.326019e+04
1.785000e-02	3.271252e+04	-6.521556e-04	3.675080e-02	0.000000e+00	-5.908724e+03	3.862124e+04
1.904000e-02	2.411339e+04	-6.959166e-04	3.679105e-02	0.000000e+00	-8.284490e+03	3.239788e+04
2.023000e-02	4.066862e+04	-7.397183e-04	3.683692e-02	0.000000e+00	-1.741611e+03	4.241023e+04
2.142000e-02	3.599833e+04	-7.835885e-04	3.689122e-02	0.000000e+00	-3.838438e+03	3.983677e+04
2.261000e-02	3.233741e+04	-8.275194e-04	3.693961e-02	0.000000e+00	-1.023091e+04	4.256832e+04
2.380000e-02	3.091230e+04	-8.715048e-04	3.698440e-02	0.000000e+00	-8.238757e+03	3.915105e+04
2.499000e-02	3.202766e+04	-9.155423e-04	3.702897e-02	0.000000e+00	-5.742006e+03	3.776967e+04
2.618000e-02	3.488942e+04	-9.596337e-04	3.707636e-02	0.000000e+00	-3.362509e+03	3.825193e+04
2.737000e-02	3.815724e+04	-1.003784e-03	3.712809e-02	0.000000e+00	-4.765656e+03	4.292290e+04
2.856000e-02	3.636774e+04	-1.047999e-03	3.718086e-02	0.000000e+00	-4.954437e+03	4.132217e+04
2.975000e-02	4.493261e+04	-1.092274e-03	3.723844e-02	0.000000e+00	-4.825990e+03	4.975860e+04
3.094000e-02	4.141405e+04	-1.136626e-03	3.729959e-02	0.000000e+00	-6.870222e+03	4.828427e+04
3.213000e-02	4.174088e+04	-1.181047e-03	3.735847e-02	0.000000e+00	-4.783970e+03	4.652485e+04
3.332000e-02	4.534868e+04	-1.225539e-03	3.742015e-02	0.000000e+00	-5.039972e+03	5.038865e+04
3.451000e-02	5.051717e+04	-1.270107e-03	3.748804e-02	0.000000e+00	-6.434059e+03	5.695123e+04
3.570000e-02	5.614169e+04	-1.314761e-03	3.756357e-02	0.000000e+00	-3.501109e+03	5.964280e+04
3.689000e-02	5.472825e+04	-1.359509e-03	3.764208e-02	0.000000e+00	-4.470773e+03	5.919902e+04
3.808000e-02	3.387140e+04	-1.404349e-03	3.770483e-02	0.000000e+00	-5.778567e+03	3.964997e+04
3.927000e-02	4.376326e+04	-1.449246e-03	3.775980e-02	0.000000e+00	-7.954741e+03	5.171800e+04
4.046000e-02	4.602965e+04	-1.494217e-03	3.782339e-02	0.000000e+00	-9.734285e+03	5.576394e+04
4.165000e-02	5.718303e+04	-1.539266e-03	3.789648e-02	0.000000e+00	-6.082923e+03	6.326595e+04
4.284000e-02	5.286140e+04	-1.584411e-03	3.797441e-02	0.000000e+00	-6.436472e+03	5.929788e+04
4.403000e-02	4.481367e+04	-1.629645e-03	3.804358e-02	0.000000e+00	-5.525472e+03	5.033914e+04
4.522000e-02	5.912675e+04	-1.674955e-03	3.811719e-02	0.000000e+00	-8.102552e+03	6.722930e+04
4.641000e-02	6.533280e+04	-1.720364e-03	3.820533e-02	0.000000e+00	-3.808697e+03	6.914149e+04
4.760000e-02	6.953165e+04	-1.765883e-03	3.830083e-02	0.000000e+00	-5.091139e+03	7.462279e+04
4.879000e-02	6.117335e+04	-1.811520e-03	3.839339e-02	0.000000e+00	-3.884253e+03	6.505761e+04
4.998000e-02	6.724531e+04	-1.857260e-03	3.848434e-02	0.000000e+00	-4.985204e+03	7.223052e+04
5.117000e-02	6.218274e+04	-1.903113e-03	3.857599e-02	0.000000e+00	-3.859444e+03	6.604218e+04
5.236000e-02	6.363770e+04	-1.949070e-03	3.866509e-02	0.000000e+00	-5.115641e+03	6.875334e+04
5.355000e-02	6.683816e+04	-1.995136e-03	3.875749e-02	0.000000e+00	-3.060820e+03	6.989898e+04
5.474000e-02	6.728109e+04	-2.041313e-03	3.885247e-02	0.000000e+00	-4.013290e+03	7.129438e+04
5.593000e-02	6.815034e+04	-2.087604e-03	3.894838e-02	0.000000e+00	-2.641606e+03	7.079195e+04
5.712000e-02	6.891481e+04	-2.134010e-03	3.904544e-02	0.000000e+00	-8.346844e+03	7.726165e+04
5.831000e-02	8.369828e+04	-2.180533e-03	3.915352e-02	0.000000e+00	-5.186160e+03	8.888444e+04
5.950000e-02	7.622477e+04	-2.227196e-03	3.926677e-02	0.000000e+00	-2.922717e+03	7.914749e+04
6.069000e-02	7.229924e+04	-2.273987e-03	3.937195e-02	0.000000e+00	-5.697140e+03	7.799638e+04
6.188000e-02	7.172192e+04	-2.320901e-03	3.947394e-02	0.000000e+00	-7.107025e+03	7.882895e+04
6.307000e-02	7.577215e+04	-2.367935e-03	3.957839e-02	0.000000e+00	-7.381413e+03	8.315356e+04
6.426000e-02	7.283213e+04	-2.415098e-03	3.968363e-02	0.000000e+00	-8.318333e+03	8.115046e+04
6.545000e-02	6.946581e+04	-2.462382e-03	3.978440e-02	0.000000e+00	-5.574895e+03	7.504070e+04
6.664000e-02	8.321195e+04	-2.509784e-03	3.989252e-02	0.000000e+00	-5.119722e+03	8.833167e+04
6.783000e-02	8.740147e+04	-2.557327e-03	4.001334e-02	0.000000e+00	-4.111438e+03	9.151291e+04
6.902000e-02	7.636615e+04	-2.605016e-03	4.012932e-02	0.000000e+00	-5.711146e+03	8.207730e+04
7.021000e-02	6.135194e+04	-2.652834e-03	4.022684e-02	0.000000e+00	-8.248837e+03	6.960077e+04
7.140000e-02	7.880582e+04	-2.700756e-03	4.032610e-02	0.000000e+00	-8.546082e+03	8.735191e+04
7.259000e-02	9.421658e+04	-2.748811e-03	4.044863e-02	0.000000e+00	-7.648286e+03	1.018649e+05
7.378000e-02	9.185747e+04	-2.797024e-03	4.058040e-02	0.000000e+00	-6.845266e+03	9.870274e+04
7.497000e-02	8.859466e+04	-2.845392e-03	4.070819e-02	0.000000e+00	-4.621282e+03	9.321595e+04
7.616000e-02	7.824713e+04	-2.893909e-03	4.082634e-02	0.000000e+00	-5.168859e+03	8.341598e+04
7.735000e-02	8.981534e+04	-2.942559e-03	4.094535e-02	0.000000e+00	-3.078089e+03	9.289342e+04
7.854000e-02	8.518498e+04	-2.991359e-03	4.106928e-02	0.000000e+00	-5.266218e+03	9.045120e+04
7.973000e-02	1.068078e+05	-3.040303e-03	4.120525e-02	0.000000e+00	-4.110524e+03	1.109184e+05
8.092000e-02	8.165544e+04	-3.089428e-03	4.133871e-02	0.000000e+00	-3.775656e+03	8.543110e+04
8.211000e-02	9.058190e+04	-3.138690e-03	4.146068e-02	0.000000e+00	-6.273690e+03	9.685559e+04
8.330000e-02	9.703222e+04	-3.188104e-03	4.159354e-02	0.000000e+00	-6.112613e+03	1.031448e+05
8.449000e-02	9.775089e+04	-3.237682e-03	4.173148e-02	0.000000e+00	-2.108296e+03	9.985918e+04
8.568000e-02	8.277224e+04	-3.287425e-03	4.185932e-02	0.000000e+00	-4.645720e+03	8.741796e+04
8.687000e-02	8.876095e+04	-3.337307e-03	4.198080e-02	0.000000e+00	-5.286028e+03	9.404698e+04
8.806000e-02	8.855073e+04	-3.387339e-03	4.210636e-02	0.000000e+00	-7.926605e+03	9.647733e+04
8.925000e-02	7.856942e+04	-3.437521e-03	4.222471e-02	0.000000e+00	-5.347916e+03	8.391734e+04
9.044000e-02	9.973807e+04	-3.487834e-03	4.235098e-02	0.000000e+00	-5.885874e+03	1.056239e+05
9.163000e-02	9.817400e+04	-3.538316e-03	4.249114e-02	0.000000e+00	-8.070755e+03	1.062448e+05
9.282000e-02	8.551512e+04	-3.588963e-03	4.262122e-02	0.000000e+00	-7.214120e+03	9.272924e+04
9.401000e-02	9.468041e+04	-3.639754e-03	4.274883e-02	0.000000e+00	-5.973076e+03	1.006535e+05
9.520000e-02	8.760704e+04	-3.690705e-03	4.287792e-02	0.000000e+00	-4.080487e+03	9.168753e+04
9.639000e-02	9.458880e+04	-3.741804e-03	4.300694e-02	0.000000e+00	-7.747141e+03	1.023359e+05
9.758000e-02	8.078505e+04	-3.793062e-03	4.313113e-02	0.000000e+00	-4.037234e+03	8.482228e+04
9.877000e-02	9.434740e+04	-3.844456e-03	4.325516e-02	0.000000e+00	-3.186685e+03	9.753408e+04
9.996000e-02	1.200906e+05	-3.896009e-03	4.340701e-02	0.000000e+00	-4.113598e+03	1.242042e+05
1.011500e-01	1.099372e+05	-3.947765e-03	4.356991e-02	0.000000e+00	-6.436640e+03	1.163739e+05
1.023400e-01	8.843314e+04	-3.999705e-03	4.371039e-02	0.000000e+00	-6.783088e+03	9.521622e+04
1.035300e-01	9.489532e+04	-4.051795e-03	4.384022e-02	0.000000e+00	-3.886425e+03	9.878174e+04
1.047200e-01	9.725658e+04	-4.104045e-03	4.397629e-02	0.000000e+00	-7.404357e+03	1.046609e+05
1.059100e-01	9.069575e+04	-4.156459e-03	4.410939e-02	0.000000e+00	-1.115943e+04	1.018552e+05
1.071000e-01	9.797667e+04	-4.209026e-03	4.424300e-02	0.000000e+00	-1.012858e+04	1.081053e+05
1.082900e-01	9.837940e+04	-4.261757e-03	4.438206e-02	0.000000e+00	-7.221838e+03	1.056012e+05
1.094800e-01	9.502115e+04	-4.314655e-03	4.451902e-02	0.000000e+00	-5.073552e+03	1.000947e+05
1.106700e-01	1.064556e+05	-4.367713e-03	4.466169e-02	0.000000e+00	-6.423904e+03	1.128795e+05
1.118600e-01	1.042769e+05	-4.420950e-03	4.481093e-02	0.000000e+00	-4.909092e+03	1.091860e+05
1.130500e-01	1.080563e+05	-4.474363e-03	4.496129e-02	0.000000e+00	-7.631587e+03	1.156879e+05
1.142400e-01	1.125112e+05	-4.527958e-03	4.511749e-02	0.000000e+00	-5.976516e+03	1.184877e+05
1.154300e-01	9.749654e+04	-4.581742e-03	4.526621e-02	0.000000e+00	-3.185774e+03	1.006823e+05
1.166200e-01	1.153396e+05	-4.635691e-03	4.541694e-02	0.000000e+00	-3.629935e+03	1.189696e+05
1.178100e-01	1.148591e+05	-4.689835e-03	4.557995e-02	0.000000e+00	-5.291595e+03	1.201507e+05
1.190000e-01	1.124119e+05	-4.744171e-03	4.574090e-02	0.000000e+00	-4.263615e+03	1.166755e+05
1.201900e-01	1.110250e+05	-4.798698e-03	4.589913e-02	0.000000e+00	-5.712965e+03	1.167380e+05
1.213800e-01	1.042229e+05	-4.853411e-03	4.605156e-02	0.000000e+00	-3.638278e+03	1.078612e+05
1.225700e-01	9.749934e+04	-4.908301e-03	4.619441e-02	0.000000e+00	-2.080052e+03	9.957939e+04
1.237600e-01	1.144456e+05	-4.963354e-03	4.634451e-02	0.000000e+00	-1.711629e+03	1.161572e+05
1.249500e-01	1.064626e+05	-5.018600e-03	4.650095e-02	0.000000e+00	-2.785336e+03	1.092479e+05
1.261400e-01	1.154715e+05	-5.074026e-03	4.665811e-02	0.000000e+00	-4.086299e+03	1.195578e+05
1.273300e-01	1.118930e+05	-5.129647e-03	4.681912e-02	0.000000e+00	-6.741593e+03	1.186346e+05
1.285200e-01	9.301318e+04	-5.185456e-03	4.696423e-02	0.000000e+00	-7.174793e+03	1.001880e+05
1.297100e-01	1.008392e+05	-5.241422e-03	4.710151e-02	0.000000e+00	-3.003587e+03	1.038428e+05
1.309000e-01	1.077679e+05	-5.297557e-03	4.724924e-02	0.000000e+00	-1.201794e+03	1.089697e+05
1.320900e-01	1.119640e+05	-5.353875e-03	4.740484e-02	0.000000e+00	-1.689013e+03	1.136530e+05
1.332800e-01	1.148204e+05	-5.410381e-03	4.756544e-02	0.000000e+00	-4.148974e+03	1.189694e+05
1.344700e-01	1.259199e+05	-5.467081e-03	4.773593e-02	0.000000e+00	-4.388020e+03	1.303080e+05
1.356600e-01	1.108776e+05	-5.523992e-03	4.790362e-02	0.000000e+00	-2.919212e+03	1.137968e+05
1.368500e-01	1.099794e+05	-5.581091e-03	4.806002e-02	0.000000e+00	-4.723644e+03	1.147030e+05
1.380400e-01	1.119507e+05	-5.638375e-03	4.821719e-02	0.000000e+00	-5.131519e+03	1.170822e+05
1.392300e-01	1.132343e+05	-5.695848e-03	4.837665e-02	0.000000e+00	-4.038626e+03	1.172729e+05
1.404200e-01	1.180069e+05	-5.753512e-03	4.854041e-02	0.000000e+00	-5.245237e+03	1.232521e+05
1.416100e-01	1.267126e+05	-5.811374e-03	4.871371e-02	0.000000e+00	-6.173110e+03	1.328857e+05
1.428000e-01	1.199751e+05	-5.869450e-03	4.888841e-02	0.000000e+00	-6.737763e+03	1.267129e+05
1.439900e-01	1.272259e+05	-5.927729e-03	4.906347e-02	0.000000e+00	-6.762473e+03	1.339883e+05
1.451800e-01	1.296349e+05	-5.986221e-03	4.924537e-02	0.000000e+00	-3.988207e+03	1.336231e+05
1.463700e-01	1.234627e+05	-6.044933e-03	4.942460e-02	0.000000e+00	-9.389924e+03	1.328527e+05
1.475600e-01	1.215607e+05	-6.103852e-03	4.959812e-02	0.000000e+00	-6.206676e+03	1.277674e+05
1.487500e-01	1.266782e+05	-6.162976e-03	4.977391e-02	0.000000e+00	-4.918456e+03	1.315967e+05
1.499400e-01	1.256472e+05	-6.222314e-03	4.995260e-02	0.000000e+00	-6.186486e+03	1.318336e+05
1.511300e-01	1.254068e+05	-6.281863e-03	5.013039e-02	0.000000e+00	-6.531051e+03	1.319378e+05
1.523200e-01	1.313307e+05	-6.341624e-03	5.031220e-02	0.000000e+00	-5.629761e+03	1.369604e+05
1.535100e-01	1.341238e+05	-6.401606e-03	5.050019e-02	0.000000e+00	-3.538929e+03	1.376628e+05
1.547000e-01	1.373396e+05	-6.461815e-03	5.069243e-02	0.000000e+00	-3.016372e+03	1.403560e+05
1.558900e-01	1.372784e+05	-6.522254e-03	5.088690e-02	0.000000e+00	-4.965025e+03	1.422435e+05
1.570800e-01	1.198843e+05	-6.582926e-03	5.106902e-02	0.000000e+00	-4.115128e+03	1.239994e+05
1.582700e-01	1.113987e+05	-6.643799e-03	5.123280e-02	0.000000e+00	-2.334297e+03	1.137330e+05
1.594600e-01	1.184565e+05	-6.704860e-03	5.139558e-02	0.000000e+00	-3.892015e+03	1.223485e+05
1.606500e-01	1.276098e+05	-6.766120e-03	5.156983e-02	0.000000e+00	-6.535252e+03	1.341451e+05
1.618400e-01	1.271150e+05	-6.827596e-03	5.175022e-02	0.000000e+00	-7.307360e+03	1.344224e+05
1.630300e-01	1.344079e+05	-6.889286e-03	5.193542e-02	0.000000e+00	-6.401188e+03	1.408091e+05
1.642200e-01	1.222850e+05	-6.951202e-03	5.211720e-02	0.000000e+00	-4.291174e+03	1.265761e+05
1.654100e-01	1.296486e+05	-7.013325e-03	5.229561e-02	0.000000e+00	-3.989983e+03	1.336386e+05
1.666000e-01	1.180195e+05	-7.075666e-03	5.247100e-02	0.000000e+00	-1.701731e+03	1.197213e+05
1.677900e-01	1.332111e+05	-7.138206e-03	5.264892e-02	0.000000e+00	-4.556319e+03	1.377675e+05
1.689800e-01	1.240729e+05	-7.200970e-03	5.283111e-02	0.000000e+00	-3.762977e+03	1.278359e+05
1.701700e-01	1.341991e+05	-7.263944e-03	5.301401e-02	0.000000e+00	-4.307318e+03	1.385064e+05
1.713600e-01	1.267861e+05	-7.327143e-03	5.319883e-02	0.000000e+00	-3.510811e+03	1.302969e+05
1.725500e-01	1.132148e+05	-7.390557e-03	5.336879e-02	0.000000e+00	-2.220863e+03	1.154357e+05
1.737400e-01	1.310311e+05	-7.454161e-03	5.354176e-02	0.000000e+00	-5.344075e+03	1.363752e+05
1.749300e-01	1.393475e+05	-7.517986e-03	5.373323e-02	0.000000e+00	-7.661540e+03	1.470090e+05
1.761200e-01	1.241344e+05	-7.582046e-03	5.391982e-02	0.000000e+00	-7.373635e+03	1.315080e+05
1.773100e-01	1.246521e+05	-7.646315e-03	5.409600e-02	0.000000e+00	-6.382182e+03	1.310343e+05
1.785000e-01	1.342589e+05	-7.710795e-03	5.427936e-02	0.000000e+00	-6.730187e+03	1.409891e+05
1.796900e-01	1.448740e+05	-7.775500e-03	5.447703e-02	0.000000e+00	-3.019432e+03	1.478935e+05
1.808800e-01	1.383402e+05	-7.840450e-03	5.467759e-02	0.000000e+00	-3.369722e+03	1.417100e+05
1.820700e-01	1.178544e+05	-7.905633e-03	5.485902e-02	0.000000e+00	-5.088762e+03	1.229431e+05
1.832600e-01	1.403590e+05	-7.971015e-03	5.504188e-02	0.000000e+00	-4.416039e+03	1.447751e+05
1.844500e-01	1.448071e+05	-8.036633e-03	5.524382e-02	0.000000e+00	-4.667794e+03	1.494749e+05
1.856400e-01	1.294117e+05	-8.102495e-03	5.543801e-02	0.000000e+00	-3.814573e+03	1.332262e+05
1.868300e-01	1.423475e+05	-8.168575e-03	5.563046e-02	0.000000e+00	-4.709813e+03	1.470573e+05
1.880200e-01	1.277266e+05	-8.234895e-03	5.582172e-02	0.000000e+00	-3.595913e+03	1.313225e+05
1.892100e-01	1.362384e+05	-8.301431e-03	5.600865e-02	0.000000e+00	-3.087371e+03	1.393258e+05
1.904000e-01	1.310842e+05	-8.368196e-03	5.619796e-02	0.000000e+00	-2.398494e+03	1.334827e+05
1.915900e-01	1.375469e+05	-8.435182e-03	5.638819e-02	0.000000e+00	-5.057775e+03	1.426047e+05
1.927800e-01	1.523274e+05	-8.502400e-03	5.659347e-02	0.000000e+00	-3.943218e+03	1.562706e+05
1.939700e-01	1.435444e+05	-8.569874e-03	5.680300e-02	0.000000e+00	-6.075552e+03	1.496199e+05
1.951600e-01	1.369024e+05	-8.637591e-03	5.700160e-02	0.000000e+00	-5.091195e+03	1.419936e+05
1.963500e-01	1.469313e+05	-8.705538e-03	5.720260e-02	0.000000e+00	-5.223362e+03	1.521547e+05
1.975400e-01	1.548365e+05	-8.773733e-03	5.741630e-02	0.000000e+00	-4.062306e+03	1.588988e+05
1.987300e-01	1.462491e+05	-8.842189e-03	5.762952e-02	0.000000e+00	-7.285711e+03	1.535348e+05
1.999200e-01	1.245843e+05	-8.910891e-03	5.782132e-02	0.000000e+00	-5.774708e+03	1.303590e+05
2.011100e-01	1.214833e+05	-8.979804e-03	5.799557e-02	0.000000e+00	-7.318415e+03	1.288017e+05
2.023000e-01	1.427707e+05	-9.048921e-03	5.818271e-02	0.000000e+00	-5.332399e+03	1.481031e+05
2.034900e-01	1.376245e+05	-9.118279e-03	5.838127e-02	0.000000e+00	-2.678606e+03	1.403031e+05
2.046800e-01	1.459102e+05	-9.187868e-03	5.858206e-02	0.000000e+00	-3.441276e+03	1.493515e+05
2.058700e-01	1.451300e+05	-9.257704e-03	5.878817e-02	0.000000e+00	-6.367322e+03	1.514973e+05
2.070600e-01	1.453744e+05	-9.327784e-03	5.899389e-02	0.000000e+00	-5.245851e+03	1.506203e+05
2.082500e-01	1.601982e+05	-9.398109e-03	5.921029e-02	0.000000e+00	-3.379696e+03	1.635779e+05
2.094400e-01	1.551137e+05	-9.468705e-03	5.943358e-02	0.000000e+00	-2.808808e+03	1.579225e+05
2.106300e-01	1.599869e+05	-9.539561e-03	5.965672e-02	0.000000e+00	-3.278019e+03	1.632649e+05
2.118200e-01	1.512709e+05	-9.610688e-03	5.987715e-02	0.000000e+00	-5.059549e+03	1.563305e+05
2.130100e-01	1.499864e+05	-9.682069e-03	6.009049e-02	0.000000e+00	-7.017252e+03	1.570037e+05
2.142000e-01	1.440971e+05	-9.753703e-03	6.029874e-02	0.000000e+00	-5.401583e+03	1.494987e+05
2.153900e-01	1.289078e+05	-9.825580e-03	6.049208e-02	0.000000e+00	-5.174042e+03	1.340818e+05
2.165800e-01	1.399403e+05	-9.897674e-03	6.068247e-02	0.000000e+00	-6.340347e+03	1.462806e+05
2.177700e-01	1.609333e+05	-9.970004e-03	6.089553e-02	0.000000e+00	-2.067825e+03	1.630011e+05
2.189600e-01	1.414462e+05	-1.004261e-02	6.110967e-02	0.000000e+00	-2.207502e+03	1.436537e+05
2.201500e-01	1.510174e+05	-1.011545e-02	6.131678e-02	0.000000e+00	-4.266777e+03	1.552842e+05
2.213400e-01	1.741499e+05	-1.018854e-02	6.154705e-02	0.000000e+00	-6.140877e+03	1.802908e+05
2.225300e-01	1.480507e+05	-1.026193e-02	6.177522e-02	0.000000e+00	-3.450120e+03	1.515008e+05
2.237200e-01	1.504513e+05	-1.033556e-02	6.198661e-02	0.000000e+00	-3.254412e+03	1.537057e+05
2.249100e-01	1.361743e+05	-1.040946e-02	6.218959e-02	0.000000e+00	-4.174533e+03	1.403488e+05
2.261000e-01	1.409678e+05	-1.048358e-02	6.238585e-02	0.000000e+00	-4.674872e+03	1.456427e+05
2.272900e-01	1.540848e+05	-1.055793e-02	6.259480e-02	0.000000e+00	-3.550527e+03	1.576353e+05
2.284800e-01	1.546830e+05	-1.063255e-02	6.281346e-02	0.000000e+00	-2.644421e+03	1.573274e+05
2.296700e-01	1.500600e+05	-1.070743e-02	6.302927e-02	0.000000e+00	-4.616263e+03	1.546762e+05
2.308600e-01	1.471917e+05	-1.078256e-02	6.323977e-02	0.000000e+00	-7.618702e+03	1.548104e+05
2.320500e-01	1.513683e+05	-1.085794e-02	6.345120e-02	0.000000e+00	-5.300595e+03	1.566689e+05
2.332400e-01	1.672370e+05	-1.093357e-02	6.367682e-02	0.000000e+00	-2.531326e+03	1.697683e+05
2.344300e-01	1.548784e+05	-1.100949e-02	6.390493e-02	0.000000e+00	-5.017744e+03	1.598961e+05
2.356200e-01	1.554005e+05	-1.108567e-02	6.412466e-02	0.000000e+00	-2.812271e+03	1.582127e+05
2.368100e-01	1.385870e+05	-1.116211e-02	6.433285e-02	0.000000e+00	-2.595920e+03	1.411829e+05
2.380000e-01	1.541088e+05	-1.123878e-02	6.454013e-02	0.000000e+00	-3.599037e+03	1.577079e+05
2.391900e-01	1.367522e+05	-1.131571e-02	6.474611e-02	0.000000e+00	-8.377476e+03	1.451296e+05
2.403800e-01	1.548980e+05	-1.139288e-02	6.495264e-02	0.000000e+00	-6.757372e+03	1.616554e+05
2.415700e-01	1.627789e+05	-1.147030e-02	6.517761e-02	0.000000e+00	-3.533704e+03	1.663126e+05
2.427600e-01	1.562631e+05	-1.154800e-02	6.540355e-02	0.000000e+00	-3.465790e+03	1.597289e+05
2.439500e-01	1.495333e+05	-1.162596e-02	6.562010e-02	0.000000e+00	-4.143199e+03	1.536765e+05
2.451400e-01	1.681561e+05	-1.170418e-02	6.584508e-02	0.000000e+00	-5.313674e+03	1.734697e+05
2.463300e-01	1.689008e+05	-1.178267e-02	6.608377e-02	0.000000e+00	-4.236595e+03	1.731374e+05
2.475200e-01	1.589208e+05	-1.186145e-02	6.631592e-02	0.000000e+00	-3.732989e+03	1.626537e+05
2.487100e-01	1.427961e+05	-1.194050e-02	6.652959e-02	0.000000e+00	-3.187551e+03	1.459837e+05
2.499000e-01	1.574663e+05	-1.201979e-02	6.674222e-02	0.000000e+00	-4.363394e+03	1.618297e+05
2.510900e-01	1.589964e+05	-1.209935e-02	6.696633e-02	0.000000e+00	-3.010691e+03	1.620071e+05
2.522800e-01	1.589206e+05	-1.217917e-02	6.719147e-02	0.000000e+00	-3.117226e+03	1.620379e+05
2.534700e-01	1.710758e+05	-1.225927e-02	6.742516e-02	0.000000e+00	-2.256465e+03	1.733323e+05
2.546600e-01	1.483889e+05	-1.233965e-02	6.765139e-02	0.000000e+00	-2.996439e+03	1.513854e+05
2.558500e-01	1.528850e+05	-1.242028e-02	6.786474e-02	0.000000e+00	-3.892696e+03	1.567777e+05
2.570400e-01	1.586847e+05	-1.250116e-02	6.808539e-02	0.000000e+00	-3.456124e+03	1.621408e+05
2.582300e-01	1.651151e+05	-1.258232e-02	6.831469e-02	0.000000e+00	-4.531717e+03	1.696468e+05
2.594200e-01	1.481171e+05	-1.266375e-02	6.853651e-02	0.000000e+00	-7.022003e+03	1.551391e+05
2.606100e-01	1.582433e+05	-1.274544e-02	6.875346e-02	0.000000e+00	-7.423562e+03	1.656668e+05
2.618000e-01	1.513537e+05	-1.282739e-02	6.897271e-02	0.000000e+00	-5.802571e+03	1.571563e+05
2.629900e-01	1.730430e+05	-1.290959e-02	6.920244e-02	0.000000e+00	-1.080152e+03	1.741232e+05
2.641800e-01	1.694193e+05	-1.299209e-02	6.944496e-02	0.000000e+00	-3.015938e+03	1.724352e+05
2.653700e-01	1.570476e+05	-1.307487e-02	6.967615e-02	0.000000e+00	-5.983542e+03	1.630311e+05
2.665600e-01	1.556062e+05	-1.315792e-02	6.989756e-02	0.000000e+00	-4.496921e+03	1.601031e+05
2.677500e-01	1.453938e+05	-1.324123e-02	7.011072e-02	0.000000e+00	-2.166626e+03	1.475604e+05
2.689400e-01	1.775307e+05	-1.332478e-02	7.033940e-02	0.000000e+00	-2.020658e+03	1.795514e+05
2.701300e-01	1.614150e+05	-1.340863e-02	7.057943e-02	0.000000e+00	-4.940664e+03	1.663557e+05
2.713200e-01	1.738063e+05	-1.349276e-02	7.081682e-02	0.000000e+00	-4.779580e+03	1.785859e+05
2.725100e-01	1.666922e+05	-1.357718e-02	7.105795e-02	0.000000e+00	-2.388844e+03	1.690811e+05
2.737000e-01	1.691579e+05	-1.366188e-02	7.129579e-02	0.000000e+00	-4.817577e+03	1.739755e+05
2.748900e-01	1.595065e+05	-1.374686e-02	7.152854e-02	0.000000e+00	-4.155072e+03	1.636615e+05
2.760800e-01	1.429988e+05	-1.383212e-02	7.174276e-02	0.000000e+00	-2.450059e+03	1.454489e+05
2.772700e-01	1.451063e+05	-1.391761e-02	7.194678e-02	0.000000e+00	-3.357933e+03	1.484642e+05
2.784600e-01	1.672579e+05	-1.400335e-02	7.216799e-02	0.000000e+00	-3.747326e+03	1.710052e+05
2.796500e-01	1.539310e+05	-1.408937e-02	7.239544e-02	0.000000e+00	-2.742362e+03	1.566733e+05
2.808400e-01	1.609655e+05	-1.417565e-02	7.261844e-02	0.000000e+00	-3.116762e+03	1.640823e+05
2.820300e-01	1.633353e+05	-1.426220e-02	7.284810e-02	0.000000e+00	-3.932432e+03	1.672678e+05
2.832200e-01	1.524218e+05	-1.434903e-02	7.307171e-02	0.000000e+00	-1.683474e+03	1.541053e+05
2.844100e-01	1.555404e+05	-1.443611e-02	7.328980e-02	0.000000e+00	-2.954173e+03	1.584946e+05
2.856000e-01	1.616477e+05	-1.452346e-02	7.351442e-02	0.000000e+00	-5.111377e+03	1.667591e+05
2.867900e-01	1.715926e+05	-1.461108e-02	7.375041e-02	0.000000e+00	-2.989103e+03	1.745817e+05
2.879800e-01	1.663405e+05	-1.469898e-02	7.398972e-02	0.000000e+00	-3.652145e+03	1.699926e+05
2.891700e-01	1.710612e+05	-1.478717e-02	7.422866e-02	0.000000e+00	-4.310529e+03	1.753717e+05
2.903600e-01	1.646088e+05	-1.487565e-02	7.446637e-02	0.000000e+00	-4.106523e+03	1.687153e+05
2.915500e-01	1.617500e+05	-1.496440e-02	7.469748e-02	0.000000e+00	-5.518835e+03	1.672688e+05
2.927400e-01	1.650001e+05	-1.505343e-02	7.492887e-02	0.000000e+00	-4.380329e+03	1.693804e+05
2.939300e-01	1.637643e+05	-1.514273e-02	7.516169e-02	0.000000e+00	-4.074287e+03	1.678385e+05
2.951200e-01	1.661520e+05	-1.523231e-02	7.539533e-02	0.000000e+00	-4.713725e+03	1.708657e+05
2.963100e-01	1.729589e+05	-1.532217e-02	7.563548e-02	0.000000e+00	-3.657911e+03	1.766168e+05
2.975000e-01	1.760246e+05	-1.541233e-02	7.588261e-02	0.000000e+00	-3.756763e+03	1.797813e+05
2.986900e-01	1.786414e+05	-1.550278e-02	7.613378e-02	0.000000e+00	-2.417146e+03	1.810586e+05
2.998800e-01	1.898338e+05	-1.559352e-02	7.639472e-02	0.000000e+00	-2.999734e+03	1.928336e+05
3.010700e-01	1.635495e+05	-1.568459e-02	7.664497e-02	0.000000e+00	-4.528889e+03	1.680784e+05
3.022600e-01	1.721906e+05	-1.577594e-02	7.688273e-02	0.000000e+00	-6.275107e+03	1.784657e+05
3.034500e-01	1.634737e+05	-1.586758e-02	7.712044e-02	0.000000e+00	-4.863442e+03	1.683372e+05
3.046400e-01	1.555115e+05	-1.595949e-02	7.734633e-02	0.000000e+00	-2.856562e+03	1.583681e+05
3.058300e-01	1.625491e+05	-1.605166e-02	7.757157e-02	0.000000e+00	-4.166280e+03	1.667154e+05
3.070200e-01	1.657063e+05	-1.614411e-02	7.780403e-02	0.000000e+00	-4.751672e+03	1.704580e+05
3.082100e-01	1.708856e+05	-1.623683e-02	7.804239e-02	0.000000e+00	-5.642876e+03	1.765285e+05
3.094000e-01	1.468809e+05	-1.632985e-02	7.826742e-02	0.000000e+00	-5.008168e+03	1.518891e+05
3.105900e-01	1.559490e+05	-1.642311e-02	7.848187e-02	0.000000e+00	-3.053029e+03	1.590021e+05
3.117800e-01	1.671238e+05	-1.651663e-02	7.871066e-02	0.000000e+00	-5.469678e+03	1.725935e+05
3.129700e-01	1.801769e+05	-1.661044e-02	7.895661e-02	0.000000e+00	-5.303464e+03	1.854804e+05
3.141600e-01	1.834297e+05	-1.670455e-02	7.921410e-02	0.000000e+00	-4.110901e+03	1.875406e+05
3.153500e-01	1.643418e+05	-1.679897e-02	7.946038e-02	0.000000e+00	-4.971944e+03	1.693137e+05
3.165400e-01	1.644569e+05	-1.689367e-02	7.969323e-02	0.000000e+00	-5.437271e+03	1.698942e+05
3.177300e-01	1.798177e+05	-1.698864e-02	7.993703e-02	0.000000e+00	-2.702977e+03	1.825207e+05
3.189200e-01	1.932299e+05	-1.708392e-02	8.020121e-02	0.000000e+00	-1.825674e+03	1.950556e+05
3.201100e-01	1.780011e+05	-1.717952e-02	8.046410e-02	0.000000e+00	-4.934684e+03	1.829358e+05
3.213000e-01	1.714705e+05	-1.727542e-02	8.071158e-02	0.000000e+00	-5.592881e+03	1.770634e+05
3.224900e-01	1.717715e+05	-1.737161e-02	8.095466e-02	0.000000e+00	-3.915080e+03	1.756866e+05
3.236800e-01	1.604890e+05	-1.746809e-02	8.118995e-02	0.000000e+00	-3.337300e+03	1.638263e+05
3.248700e-01	1.793076e+05	-1.756485e-02	8.143058e-02	0.000000e+00	-2.706399e+03	1.820140e+05
3.260600e-01	1.792583e+05	-1.766190e-02	8.168451e-02	0.000000e+00	-3.358712e+03	1.826171e+05
3.272500e-01	1.731737e+05	-1.775925e-02	8.193409e-02	0.000000e+00	-4.535478e+03	1.777091e+05
3.284400e-01	1.641623e+05	-1.785690e-02	8.217298e-02	0.000000e+00	-6.994129e+03	1.711564e+05
3.296300e-01	1.780688e+05	-1.795483e-02	8.241533e-02	0.000000e+00	-3.795732e+03	1.818645e+05
3.308200e-01	1.838409e+05	-1.805305e-02	8.267162e-02	0.000000e+00	-3.584402e+03	1.874253e+05
3.320100e-01	1.736343e+05	-1.815158e-02	8.292478e-02	0.000000e+00	-3.485405e+03	1.771197e+05
3.332000e-01	1.785588e+05	-1.825041e-02	8.317419e-02	0.000000e+00	-4.563252e+03	1.831220e+05
3.343900e-01	1.664167e+05	-1.834954e-02	8.341849e-02	0.000000e+00	-2.780546e+03	1.691972e+05
3.355800e-01	1.916919e+05	-1.844895e-02	8.367209e-02	0.000000e+00	-4.782581e+03	1.964745e+05
3.367700e-01	1.699740e+05	-1.854868e-02	8.392820e-02	0.000000e+00	-2.914414e+03	1.728884e+05
3.379600e-01	1.728006e+05	-1.864870e-02	8.417095e-02	0.000000e+00	-4.235331e+03	1.770360e+05
3.391500e-01	1.709199e+05	-1.874901e-02	8.441436e-02	0.000000e+00	-2.979926e+03	1.738998e+05
3.403400e-01	1.591383e+05	-1.884960e-02	8.464809e-02	0.000000e+00	-6.567743e+03	1.657061e+05
3.415300e-01	1.771064e+05	-1.895047e-02	8.488621e-02	0.000000e+00	-2.788263e+03	1.798947e+05
3.427200e-01	1.630175e+05	-1.905163e-02	8.512707e-02	0.000000e+00	-3.910018e+03	1.669275e+05
3.439100e-01	1.573218e+05	-1.915307e-02	8.535393e-02	0.000000e+00	-4.252509e+03	1.615743e+05
3.451000e-01	1.763994e+05	-1.925477e-02	8.559025e-02	0.000000e+00	-3.559585e+03	1.799590e+05
3.462900e-01	1.734856e+05	-1.935677e-02	8.583803e-02	0.000000e+00	-2.483356e+03	1.759690e+05
3.474800e-01	1.854152e+05	-1.945907e-02	8.609219e-02	0.000000e+00	-3.796274e+03	1.892115e+05
3.486700e-01	1.881085e+05	-1.956167e-02	8.635671e-02	0.000000e+00	-2.766339e+03	1.908748e+05
3.498600e-01	1.676103e+05	-1.966460e-02	8.660862e-02	0.000000e+00	-5.710393e+03	1.733207e+05
3.510500e-01	1.595318e+05	-1.976780e-02	8.684029e-02	0.000000e+00	-8.577790e+03	1.681096e+05
3.522400e-01	1.637270e+05	-1.987128e-02	8.706921e-02	0.000000e+00	-3.322754e+03	1.670497e+05
3.534300e-01	1.808291e+05	-1.997503e-02	8.731321e-02	0.000000e+00	-1.993711e+03	1.828228e+05
3.546200e-01	1.756871e+05	-2.007908e-02	8.756568e-02	0.000000e+00	-3.588969e+03	1.792761e+05
3.558100e-01	1.813922e+05	-2.018343e-02	8.781855e-02	0.000000e+00	-4.291800e+03	1.856840e+05
3.570000e-01	1.783064e+05	-2.028809e-02	8.807328e-02	0.000000e+00	-4.432843e+03	1.827393e+05
3.581900e-01	1.786171e+05	-2.039305e-02	8.832604e-02	0.000000e+00	-2.845310e+03	1.814624e+05
3.593800e-01	1.871372e+05	-2.049831e-02	8.858505e-02	0.000000e+00	-8.695402e+02	1.880068e+05
3.605700e-01	1.760989e+05	-2.060388e-02	8.884228e-02	0.000000e+00	-3.329269e+03	1.794281e+05
3.617600e-01	1.613366e+05	-2.070975e-02	8.908124e-02	0.000000e+00	-3.706023e+03	1.650426e+05
3.629500e-01	1.639487e+05	-2.081589e-02	8.931160e-02	0.000000e+00	-3.517453e+03	1.674662e+05
3.641400e-01	1.839467e+05	-2.092231e-02	8.955797e-02	0.000000e+00	-1.717245e+03	1.856640e+05
3.653300e-01	1.842595e+05	-2.102904e-02	8.981872e-02	0.000000e+00	-3.922287e+03	1.881817e+05
3.665200e-01	1.659742e+05	-2.113608e-02	9.006674e-02	0.000000e+00	-4.251295e+03	1.702255e+05
3.677100e-01	1.827374e+05	-2.124340e-02	9.031369e-02	0.000000e+00	-2.991459e+03	1.857289e+05
3.689000e-01	1.839664e+05	-2.135103e-02	9.057337e-02	0.000000e+00	-3.421589e+03	1.873879e+05
3.700900e-01	1.905815e+05	-2.145897e-02	9.083861e-02	0.000000e+00	-3.020818e+03	1.936023e+05
3.712800e-01	1.729351e+05	-2.156722e-02	9.109604e-02	0.000000e+00	-3.996840e+03	1.769320e+05
3.724700e-01	1.702509e+05	-2.167577e-02	9.133908e-02	0.000000e+00	-4.784509e+03	1.750354e+05
3.736600e-01	1.630450e+05	-2.178461e-02	9.157510e-02	0.000000e+00	-4.433551e+03	1.674785e+05
3.748500e-01	1.824420e+05	-2.189372e-02	9.181977e-02	0.000000e+00	-4.674552e+03	1.871166e+05
3.760400e-01	1.513824e+05	-2.200314e-02	9.205617e-02	0.000000e+00	-4.953979e+03	1.563364e+05
3.772300e-01	1.676400e+05	-2.211282e-02	9.228209e-02	0.000000e+00	-6.186290e+03	1.738263e+05
3.784200e-01	1.689131e+05	-2.222277e-02	9.252042e-02	0.000000e+00	-4.945070e+03	1.738582e+05
3.796100e-01	1.820982e+05	-2.233302e-02	9.276900e-02	0.000000e+00	-4.999408e+03	1.870976e+05
3.808000e-01	1.928068e+05	-2.244356e-02	9.303449e-02	0.000000e+00	-5.420962e+03	1.982278e+05
3.819900e-01	1.781054e+05	-2.255444e-02	9.329716e-02	0.000000e+00	-3.542212e+03	1.816476e+05
3.831800e-01	1.661859e+05	-2.266561e-02	9.354097e-02	0.000000e+00	-3.537472e+03	1.697234e+05
3.843700e-01	1.711192e+05	-2.277706e-02	9.377984e-02	0.000000e+00	-3.429578e+03	1.745487e+05
3.855600e-01	1.780900e+05	-2.288881e-02	9.402714e-02	0.000000e+00	-2.238749e+03	1.803287e+05
3.867500e-01	1.702170e+05	-2.300085e-02	9.427380e-02	0.000000e+00	-3.813519e+03	1.740305e+05
3.879400e-01	1.945564e+05	-2.311318e-02	9.453212e-02	0.000000e+00	-2.086963e+03	1.966434e+05
3.891300e-01	2.006381e+05	-2.322584e-02	9.481198e-02	0.000000e+00	-2.555617e+03	2.031938e+05
3.903200e-01	1.895631e+05	-2.333883e-02	9.508831e-02	0.000000e+00	-4.132776e+03	1.936958e+05
3.915100e-01	1.781449e+05	-2.345215e-02	9.534870e-02	0.000000e+00	-3.999929e+03	1.821448e+05
3.927000e-01	1.949082e+05	-2.356576e-02	9.561289e-02	0.000000e+00	-3.721196e+03	1.986294e+05
3.938900e-01	1.835621e+05	-2.367970e-02	9.588091e-02	0.000000e+00	-2.196950e+03	1.857591e+05
3.950800e-01	1.877279e+05	-2.379396e-02	9.614384e-02	0.000000e+00	-2.017045e+03	1.897449e+05
3.962700e-01	1.670419e+05	-2.390853e-02	9.639508e-02	0.000000e+00	-4.657605e+03	1.716995e+05
3.974600e-01	1.779520e+05	-2.402338e-02	9.663939e-02	0.000000e+00	-4.524393e+03	1.824764e+05
3.986500e-01	1.798565e+05	-2.413853e-02	9.689278e-02	0.000000e+00	-2.582624e+03	1.824391e+05
3.998400e-01	1.816541e+05	-2.425398e-02	9.714879e-02	0.000000e+00	-3.293276e+03	1.849474e+05
4.010300e-01	1.796247e+05	-2.436974e-02	9.740463e-02	0.000000e+00	-3.126170e+03	1.827509e+05
4.022200e-01	2.028825e+05	-2.448581e-02	9.767551e-02	0.000000e+00	-5.579003e+03	2.084615e+05
4.034100e-01	1.879772e+05	-2.460221e-02	9.795230e-02	0.000000e+00	-7.413491e+03	1.953907e+05
4.046000e-01	1.894849e+05	-2.471893e-02	9.821961e-02	0.000000e+00	-6.119866e+03	1.956048e+05
4.057900e-01	1.873005e+05	-2.483597e-02	9.848643e-02	0.000000e+00	-2.893448e+03	1.901940e+05
4.069800e-01	1.828194e+05	-2.495333e-02	9.874854e-02	0.000000e+00	-3.585496e+03	1.864049e+05
4.081700e-01	1.836772e+05	-2.507099e-02	9.900808e-02	0.000000e+00	-1.964284e+03	1.856415e+05
4.093600e-01	1.771590e+05	-2.518897e-02	9.926361e-02	0.000000e+00	-1.744780e+03	1.789038e+05
4.105500e-01	1.721848e+05	-2.530724e-02	9.951100e-02	0.000000e+00	-4.145570e+03	1.763304e+05
4.117400e-01	1.844070e+05	-2.542581e-02	9.976353e-02	0.000000e+00	-3.288035e+03	1.876950e+05
4.129300e-01	1.938219e+05	-2.554468e-02	1.000314e-01	0.000000e+00	-1.463516e+03	1.952854e+05
4.141200e-01	1.728293e+05	-2.566388e-02	1.002910e-01	0.000000e+00	-2.793565e+03	1.756229e+05
4.153100e-01	1.721708e+05	-2.578337e-02	1.005353e-01	0.000000e+00	-3.006181e+03	1.751769e+05
4.165000e-01	1.915053e+05	-2.590315e-02	1.007929e-01	0.000000e+00	-4.918544e+03	1.964238e+05
4.176900e-01	1.895992e+05	-2.602326e-02	1.010628e-01	0.000000e+00	-4.953954e+03	1.945531e+05
4.188800e-01	1.831827e+05	-2.614368e-02	1.013268e-01	0.000000e+00	-2.108456e+03	1.852911e+05
4.200700e-01	1.896367e+05	-2.626442e-02	1.015908e-01	0.000000e+00	-2.295081e+03	1.919318e+05
4.212600e-01	2.064119e+05	-2.638547e-02	1.018712e-01	0.000000e+00	-3.938950e+03	2.103508e+05
4.224500e-01	1.947654e+05	-2.650687e-02	1.021553e-01	0.000000e+00	-3.333411e+03	1.980988e+05
4.236400e-01	1.821727e+05	-2.662860e-02	1.024223e-01	0.000000e+00	-2.627545e+03	1.848003e+05
4.248300e-01	1.821445e+05	-2.675064e-02	1.026803e-01	0.000000e+00	-9.164363e+02	1.830610e+05
4.260200e-01	1.702539e+05	-2.687298e-02	1.029298e-01	0.000000e+00	-2.659153e+03	1.729130e+05
4.272100e-01	1.846596e+05	-2.699561e-02	1.031812e-01	0.000000e+00	-3.338463e+03	1.879980e+05
4.284000e-01	1.771757e+05	-2.711855e-02	1.034374e-01	0.000000e+00	-2.100266e+03	1.792760e+05
4.295900e-01	1.743679e+05	-2.724179e-02	1.036864e-01	0.000000e+00	-2.658645e+03	1.770265e+05
4.307800e-01	1.994159e+05	-2.736532e-02	1.039511e-01	0.000000e+00	-3.713150e+03	2.031291e+05
4.319700e-01	1.895104e+05	-2.748919e-02	1.042265e-01	0.000000e+00	-1.410207e+03	1.909206e+05
4.331600e-01	1.900329e+05	-2.761338e-02	1.044953e-01	0.000000e+00	-1.447721e+03	1.914807e+05
4.343500e-01	1.889294e+05	-2.773789e-02	1.047636e-01	0.000000e+00	-2.471589e+03	1.914010e+05
4.355400e-01	1.917009e+05	-2.786272e-02	1.050332e-01	0.000000e+00	0.000000e+00	1.917009e+05
4.367300e-01	1.781589e+05	-2.798787e-02	1.052951e-01	0.000000e+00	-3.016793e+03	1.811757e+05
4.379200e-01	1.902637e+05	-2.811332e-02	1.055560e-01	0.000000e+00	-3.161804e+03	1.934255e+05
4.391100e-01	1.643903e+05	-2.823909e-02	1.058072e-01	0.000000e+00	-3.553930e+03	1.679442e+05
4.403000e-01	1.911757e+05	-2.836514e-02	1.060590e-01	0.000000e+00	-3.598226e+03	1.947739e+05
4.414900e-01	1.837806e+05	-2.849151e-02	1.063245e-01	0.000000e+00	-3.557452e+03	1.873380e+05
4.426800e-01	1.914098e+05	-2.861820e-02	1.065902e-01	0.000000e+00	-3.535252e+03	1.949451e+05
4.438700e-01	1.991240e+05	-2.874520e-02	1.068667e-01	0.000000e+00	-1.110051e+03	2.002340e+05
4.450600e-01	2.103135e+05	-2.887254e-02	1.071567e-01	0.000000e+00	-1.567192e+03	2.118807e+05
4.462500e-01	1.798696e+05	-2.900023e-02	1.074330e-01	0.000000e+00	-2.782909e+03	1.826525e+05
4.474400e-01	1.657417e+05	-2.912823e-02	1.076778e-01	0.000000e+00	-3.799262e+03	1.695409e+05
4.486300e-01	1.941281e+05	-2.925650e-02	1.079326e-01	0.000000e+00	-2.793940e+03	1.969221e+05
4.498200e-01	1.778249e+05	-2.938511e-02	1.081960e-01	0.000000e+00	-7.664873e+03	1.854897e+05
4.510100e-01	1.676012e+05	-2.951401e-02	1.084406e-01	0.000000e+00	-7.189780e+03	1.747910e+05
4.522000e-01	1.883929e+05	-2.964320e-02	1.086927e-01	0.000000e+00	-4.423442e+03	1.928164e+05
4.533900e-01	1.893951e+05	-2.977270e-02	1.089603e-01	0.000000e+00	-3.730294e+03	1.931254e+05
4.545800e-01	1.876879e+05	-2.990252e-02	1.092273e-01	0.000000e+00	-3.269127e+03	1.909570e+05
4.557700e-01	1.885550e+05	-3.003266e-02	1.094937e-01	0.000000e+00	-1.863799e+03	1.904188e+05
4.569600e-01	1.947818e+05	-3.016312e-02	1.097652e-01	0.000000e+00	-3.842651e+03	1.986244e+05
4.581500e-01	1.849509e+05	-3.029390e-02	1.100341e-01	0.000000e+00	-4.444559e+03	1.893954e+05
4.593400e-01	1.877089e+05	-3.042500e-02	1.102980e-01	0.000000e+00	-5.501661e+03	1.932106e+05
4.605300e-01	1.992923e+05	-3.055641e-02	1.105721e-01	0.000000e+00	-3.850353e+03	2.031427e+05
4.617200e-01	2.065073e+05	-3.068816e-02	1.108595e-01	0.000000e+00	-1.350730e+03	2.078581e+05
4.629100e-01	1.888793e+05	-3.082026e-02	1.111395e-01	0.000000e+00	-2.119289e+03	1.909986e+05
4.641000e-01	1.923059e+05	-3.095267e-02	1.114094e-01	0.000000e+00	-2.414478e+03	1.947203e+05
4.652900e-01	1.942469e+05	-3.108541e-02	1.116832e-01	0.000000e+00	-4.098729e+03	1.983457e+05
4.664800e-01	1.839823e+05	-3.121848e-02	1.119510e-01	0.000000e+00	-6.067712e+03	1.900500e+05
4.676700e-01	1.946060e+05	-3.135185e-02	1.122191e-01	0.000000e+00	-2.775496e+03	1.973815e+05
4.688600e-01	1.895798e+05	-3.148556e-02	1.124912e-01	0.000000e+00	-1.609407e+03	1.911892e+05
4.700500e-01	1.970299e+05	-3.161958e-02	1.127650e-01	0.000000e+00	-3.716425e+03	2.007464e+05
4.712400e-01	1.912325e+05	-3.175394e-02	1.130399e-01	0.000000e+00	-4.587481e+03	1.958200e+05
4.724300e-01	1.875822e+05	-3.188862e-02	1.133082e-01	0.000000e+00	-3.437465e+03	1.910197e+05
4.736200e-01	1.821626e+05	-3.202361e-02	1.135700e-01	0.000000e+00	-1.931497e+03	1.840941e+05
4.748100e-01	1.856498e+05	-3.215892e-02	1.138305e-01	0.000000e+00	-3.363088e+03	1.890129e+05
4.760000e-01	1.897885e+05	-3.229453e-02	1.140964e-01	0.000000e+00	-5.057035e+03	1.948455e+05
4.771900e-01	1.958651e+05	-3.243046e-02	1.143695e-01	0.000000e+00	-3.296792e+03	1.991619e+05
4.783800e-01	1.816186e+05	-3.256673e-02	1.146368e-01	0.000000e+00	-3.876128e+03	1.854948e+05
4.795700e-01	1.810439e+05	-3.270330e-02	1.148936e-01	0.000000e+00	-1.878786e+03	1.829227e+05
4.807600e-01	1.916292e+05	-3.284018e-02	1.151575e-01	0.000000e+00	-1.784923e+03	1.934141e+05
4.819500e-01	1.953127e+05	-3.297738e-02	1.154315e-01	0.000000e+00	-2.800037e+03	1.981128e+05
4.831400e-01	2.012577e+05	-3.311490e-02	1.157124e-01	0.000000e+00	-4.221595e+03	2.054793e+05
4.843300e-01	1.937820e+05	-3.325277e-02	1.159921e-01	0.000000e+00	-5.152280e+03	1.989343e+05
4.855200e-01	1.824475e+05	-3.339096e-02	1.162586e-01	0.000000e+00	-1.362335e+03	1.838099e+05
4.867100e-01	1.965591e+05	-3.352947e-02	1.165270e-01	0.000000e+00	-6.602695e+02	1.972194e+05
4.879000e-01	1.875379e+05	-3.366830e-02	1.167990e-01	0.000000e+00	-1.008738e+03	1.885467e+05
4.890900e-01	1.919467e+05	-3.380745e-02	1.170677e-01	0.000000e+00	-3.543463e+03	1.954902e+05
4.902800e-01	1.764667e+05	-3.394692e-02	1.173286e-01	0.000000e+00	-3.801243e+03	1.802679e+05
4.914700e-01	1.980033e+05	-3.408669e-02	1.175938e-01	0.000000e+00	-1.631100e+03	1.996344e+05
4.926600e-01	2.028215e+05	-3.422679e-02	1.178776e-01	0.000000e+00	-2.562188e+03	2.053837e+05
4.938500e-01	2.082108e+05	-3.436724e-02	1.181687e-01	0.000000e+00	-2.898294e+03	2.111091e+05
4.950400e-01	1.975766e+05	-3.450803e-02	1.184561e-01	0.000000e+00	-1.033129e+03	1.986097e+05
4.962300e-01	1.971763e+05	-3.464916e-02	1.187356e-01	0.000000e+00	-2.869093e+03	2.000454e+05
4.974200e-01	1.986661e+05	-3.479063e-02	1.190159e-01	0.000000e+00	-1.966913e+03	2.006330e+05
4.986100e-01	1.931795e+05	-3.493242e-02	1.192934e-01	0.000000e+00	-3.884839e+03	1.970643e+05
4.998000e-01	1.960220e+05	-3.507454e-02	1.195691e-01	0.000000e+00	-1.357100e+03	1.973791e+05
5.009900e-01	2.074758e+05	-3.521700e-02	1.198548e-01	0.000000e+00	-2.414485e+03	2.098903e+05
5.021800e-01	1.722507e+05	-3.535980e-02	1.201237e-01	0.000000e+00	-1.502198e+03	1.737529e+05
5.033700e-01	1.950273e+05	-3.550289e-02	1.203838e-01	0.000000e+00	-2.578220e+03	1.976056e+05
5.045600e-01	2.126110e+05	-3.564631e-02	1.206725e-01	0.000000e+00	-1.966163e+03	2.145772e+05
5.057500e-01	2.028830e+05	-3.579009e-02	1.209667e-01	0.000000e+00	-1.922074e+03	2.048051e+05
5.069400e-01	2.048363e+05	-3.593421e-02	1.212555e-01	0.000000e+00	-3.010090e+03	2.078464e+05
5.081300e-01	1.728333e+05	-3.607868e-02	1.215229e-01	0.000000e+00	-1.865077e+03	1.746984e+05
5.093200e-01	1.748374e+05	-3.622344e-02	1.217691e-01	0.000000e+00	-4.141162e+03	1.789786e+05
5.105100e-01	1.810004e+05	-3.636849e-02	1.220211e-01	0.000000e+00	-1.529104e+03	1.825295e+05
5.117000e-01	1.675115e+05	-3.651385e-02	1.222679e-01	0.000000e+00	-1.184838e+03	1.686963e+05
5.128900e-01	1.820360e+05	-3.665949e-02	1.225154e-01	0.000000e+00	-4.278803e+03	1.863148e+05
5.140800e-01	2.003455e+05	-3.680543e-02	1.227862e-01	0.000000e+00	-8.831459e+03	2.091770e+05
5.152700e-01	1.763441e+05	-3.695172e-02	1.230530e-01	0.000000e+00	-4.051404e+03	1.803955e+05
5.164600e-01	2.003873e+05	-3.709830e-02	1.233198e-01	0.000000e+00	-1.632926e+03	2.020202e+05
5.176500e-01	2.118777e+05	-3.724522e-02	1.236117e-01	0.000000e+00	-1.432034e+03	2.133097e+05
5.188400e-01	1.911848e+05	-3.739250e-02	1.238972e-01	0.000000e+00	-1.721990e+03	1.929068e+05
5.200300e-01	2.064623e+05	-3.754009e-02	1.241788e-01	0.000000e+00	-2.987567e+03	2.094499e+05
5.212200e-01	1.963593e+05	-3.768804e-02	1.244640e-01	0.000000e+00	-1.920723e+03	1.982800e+05
5.224100e-01	1.932272e+05	-3.783632e-02	1.247399e-01	0.000000e+00	-2.057160e+03	1.952843e+05
5.236000e-01	2.038550e+05	-3.798492e-02	1.250211e-01	0.000000e+00	-3.735376e+03	2.075904e+05
5.247900e-01	2.024892e+05	-3.813387e-02	1.253089e-01	0.000000e+00	-9.951564e+02	2.034843e+05
5.259800e-01	1.972984e+05	-3.828316e-02	1.255920e-01	0.000000e+00	-4.683624e+03	2.019820e+05
5.271700e-01	1.986108e+05	-3.843278e-02	1.258724e-01	0.000000e+00	-4.547805e+03	2.031586e+05
5.283600e-01	1.892975e+05	-3.858273e-02	1.261471e-01	0.000000e+00	-2.084822e+03	1.913823e+05
5.295500e-01	1.979192e+05	-3.873301e-02	1.264213e-01	0.000000e+00	-2.576858e+03	2.004960e+05
5.307400e-01	2.142433e+05	-3.888362e-02	1.267132e-01	0.000000e+00	-2.010915e+03	2.162542e+05
5.319300e-01	1.989476e+05	-3.903459e-02	1.270058e-01	0.000000e+00	-3.832003e+03	2.027796e+05
5.331200e-01	2.030331e+05	-3.918589e-02	1.272904e-01	0.000000e+00	-4.575229e+03	2.076083e+05
5.343100e-01	2.138094e+05	-3.933754e-02	1.275856e-01	0.000000e+00	-3.848757e+03	2.176581e+05
5.355000e-01	2.009102e+05	-3.948954e-02	1.278793e-01	0.000000e+00	-2.178047e+03	2.030882e+05
5.366900e-01	1.942820e+05	-3.964189e-02	1.281592e-01	0.000000e+00	-1.899778e+03	1.961818e+05
5.378800e-01	1.965410e+05	-3.979456e-02	1.284359e-01	0.000000e+00	-3.321555e+03	1.998625e+05
5.390700e-01	1.964157e+05	-3.994757e-02	1.287142e-01	0.000000e+00	-4.245314e+03	2.006611e+05
5.402600e-01	2.109645e+05	-4.010090e-02	1.290027e-01	0.000000e+00	-6.602879e+02	2.116248e+05
5.414500e-01	2.152544e+05	-4.025459e-02	1.293045e-01	0.000000e+00	-1.685008e+03	2.169394e+05
5.426400e-01	2.016033e+05	-4.040865e-02	1.295998e-01	0.000000e+00	-3.125725e+03	2.047290e+05
5.438300e-01	1.870376e+05	-4.056304e-02	1.298750e-01	0.000000e+00	-2.989251e+03	1.900268e+05
5.450200e-01	1.935997e+05	-4.071775e-02	1.301445e-01	0.000000e+00	-4.396552e+03	1.979963e+05
5.462100e-01	1.904082e+05	-4.087279e-02	1.304165e-01	0.000000e+00	-1.125793e+03	1.915340e+05
5.474000e-01	1.877751e+05	-4.102814e-02	1.306843e-01	0.000000e+00	-1.125035e+03	1.889001e+05
5.485900e-01	1.854048e+05	-4.118381e-02	1.309486e-01	0.000000e+00	-9.878158e+02	1.863926e+05
5.497800e-01	1.925962e+05	-4.133980e-02	1.312162e-01	0.000000e+00	-7.147398e+02	1.933110e+05
5.509700e-01	1.889730e+05	-4.149611e-02	1.314865e-01	0.000000e+00	-6.823238e+02	1.896554e+05
5.521600e-01	1.875781e+05	-4.165274e-02	1.317531e-01	0.000000e+00	-8.908732e+02	1.884689e+05
5.533500e-01	2.014839e+05	-4.180968e-02	1.320286e-01	0.000000e+00	-3.433949e+03	2.049179e+05
5.545400e-01	1.941006e+05	-4.196696e-02	1.323088e-01	0.000000e+00	-2.306359e+03	1.964069e+05
5.557300e-01	1.923386e+05	-4.212458e-02	1.325824e-01	0.000000e+00	-1.787119e+03	1.941257e+05
5.569200e-01	2.007905e+05	-4.228251e-02	1.328608e-01	0.000000e+00	-2.710471e+03	2.035010e+05
5.581100e-01	2.043572e+05	-4.244078e-02	1.331478e-01	0.000000e+00	-6.541570e+02	2.050113e+05
5.593000e-01	1.917149e+05	-4.259940e-02	1.334282e-01	0.000000e+00	-8.675236e+02	1.925824e+05
5.604900e-01	1.953308e+05	-4.275834e-02	1.337023e-01	0.000000e+00	-1.543236e+03	1.968740e+05
5.616800e-01	2.063225e+05	-4.291761e-02	1.339868e-01	0.000000e+00	-2.861765e+03	2.091843e+05
5.628700e-01	1.786905e+05	-4.307723e-02	1.342594e-01	0.000000e+00	-1.958860e+03	1.806494e+05
5.640600e-01	1.879996e+05	-4.323715e-02	1.345191e-01	0.000000e+00	-2.007592e+03	1.900072e+05
5.652500e-01	2.032829e+05	-4.339739e-02	1.347962e-01	0.000000e+00	-1.897366e+03	2.051803e+05
5.664400e-01	1.951300e+05	-4.355797e-02	1.350783e-01	0.000000e+00	-2.216901e+03	1.973469e+05
5.676300e-01	2.027348e+05	-4.371887e-02	1.353601e-01	0.000000e+00	-3.575215e+02	2.030923e+05
5.688200e-01	2.084032e+05	-4.388012e-02	1.356512e-01	0.000000e+00	-1.047078e+03	2.094503e+05
5.700100e-01	2.150117e+05	-4.404172e-02	1.359511e-01	0.000000e+00	-2.426226e+03	2.174379e+05
5.712000e-01	2.163259e+05	-4.420369e-02	1.362565e-01	0.000000e+00	-1.340300e+03	2.176662e+05
5.723900e-01	1.945388e+05	-4.436601e-02	1.365475e-01	0.000000e+00	-1.435134e+03	1.959740e+05
5.735800e-01	1.976907e+05	-4.452867e-02	1.368253e-01	0.000000e+00	-2.149716e+03	1.998404e+05
5.747700e-01	1.853220e+05	-4.469166e-02	1.370965e-01	0.000000e+00	-2.832373e+03	1.881543e+05
5.759600e-01	1.958791e+05	-4.485496e-02	1.373665e-01	0.000000e+00	-4.601297e+03	2.004804e+05
5.771500e-01	1.967517e+05	-4.501859e-02	1.376445e-01	0.000000e+00	-2.569575e+03	1.993213e+05
5.783400e-01	1.895869e+05	-4.518255e-02	1.379181e-01	0.000000e+00	-6.537504e+03	1.961244e+05
5.795300e-01	1.944349e+05	-4.534684e-02	1.381900e-01	0.000000e+00	-3.365582e+03	1.978005e+05
5.807200e-01	1.795108e+05	-4.551145e-02	1.384549e-01	0.000000e+00	-2.423189e+03	1.819340e+05
5.819100e-01	1.883999e+05	-4.567636e-02	1.387154e-01	0.000000e+00	-4.109892e+03	1.925098e+05
5.831000e-01	2.016401e+05	-4.584159e-02	1.389916e-01	0.000000e+00	-1.987371e+03	2.036275e+05
5.842900e-01	2.061814e+05	-4.600716e-02	1.392804e-01	0.000000e+00	-1.495517e+02	2.063310e+05
5.854800e-01	2.100145e+05	-4.617308e-02	1.395752e-01	0.000000e+00	-6.873636e+02	2.107019e+05
5.866700e-01	2.087996e+05	-4.633935e-02	1.398717e-01	0.000000e+00	-2.102622e+03	2.109023e+05
5.878600e-01	1.726728e+05	-4.650597e-02	1.401419e-01	0.000000e+00	-2.421904e+03	1.750947e+05
5.890500e-01	1.965271e+05	-4.667289e-02	1.404033e-01	0.000000e+00	-2.585392e+03	1.991125e+05
5.902400e-01	1.920540e+05	-4.684013e-02	1.406785e-01	0.000000e+00	-1.446417e+03	1.935004e+05
5.914300e-01	2.035968e+05	-4.700770e-02	1.409587e-01	0.000000e+00	-2.317806e+02	2.038286e+05
5.926200e-01	2.191050e+05	-4.717561e-02	1.412580e-01	0.000000e+00	-1.566797e+03	2.206718e+05
5.938100e-01	1.912369e+05	-4.734389e-02	1.415486e-01	0.000000e+00	-4.962012e+03	1.961989e+05
5.950000e-01	1.910328e+05	-4.751250e-02	1.418193e-01	0.000000e+00	-3.342914e+03	1.943757e+05
5.961900e-01	2.054782e+05	-4.768142e-02	1.421001e-01	0.000000e+00	-8.208665e+02	2.062991e+05
5.973800e-01	2.166017e+05	-4.785070e-02	1.423990e-01	0.000000e+00	-2.977718e+03	2.195794e+05
5.985700e-01	2.181668e+05	-4.802033e-02	1.427069e-01	0.000000e+00	-1.576554e+03	2.197433e+05
5.997600e-01	2.040263e+05	-4.819034e-02	1.430059e-01	0.000000e+00	-3.797892e+03	2.078242e+05
6.009500e-01	2.086624e+05	-4.836069e-02	1.432982e-01	0.000000e+00	-2.766131e+03	2.114285e+05
6.021400e-01	1.863176e+05	-4.853139e-02	1.435779e-01	0.000000e+00	-1.486748e+03	1.878044e+05
6.033300e-01	1.905235e+05	-4.870240e-02	1.438447e-01	0.000000e+00	-2.076870e+03	1.926004e+05
6.045200e-01	2.127876e+05	-4.887374e-02	1.441304e-01	0.000000e+00	-4.083575e+03	2.168712e+05
6.057100e-01	1.943094e+05	-4.904543e-02	1.444186e-01	0.000000e+00	-3.947528e+03	1.982569e+05
6.069000e-01	1.816303e+05	-4.921746e-02	1.446849e-01	0.000000e+00	-4.572789e+03	1.862031e+05
6.080900e-01	1.941471e+05	-4.938978e-02	1.449510e-01	0.000000e+00	-1.499131e+03	1.956463e+05
6.092800e-01	2.021949e+05	-4.956244e-02	1.452317e-01	0.000000e+00	-1.528841e+03	2.037237e+05
6.104700e-01	2.012149e+05	-4.973543e-02	1.455173e-01	0.000000e+00	-1.236304e+03	2.024512e+05
6.116600e-01	2.098775e+05	-4.990877e-02	1.458085e-01	0.000000e+00	-2.053744e+03	2.119312e+05
6.128500e-01	1.988757e+05	-5.008246e-02	1.460979e-01	0.000000e+00	-1.680182e+03	2.005559e+05
6.140400e-01	2.049870e+05	-5.025648e-02	1.463839e-01	0.000000e+00	-1.046269e+03	2.060333e+05
6.152300e-01	1.896135e+05	-5.043085e-02	1.466634e-01	0.000000e+00	-3.664292e+03	1.932778e+05
6.164200e-01	1.875068e+05	-5.060554e-02	1.469304e-01	0.000000e+00	-1.447316e+03	1.889541e+05
6.176100e-01	1.978295e+05	-5.078055e-02	1.472033e-01	0.000000e+00	-1.247965e+03	1.990774e+05
6.188000e-01	2.174389e+05	-5.095589e-02	1.474974e-01	0.000000e+00	-2.168134e+03	2.196070e+05
6.199900e-01	1.953154e+05	-5.113159e-02	1.477897e-01	0.000000e+00	-2.418758e+03	1.977342e+05
6.211800e-01	2.060407e+05	-5.130763e-02	1.480739e-01	0.000000e+00	-3.103354e+03	2.091440e+05
6.223700e-01	2.059475e+05	-5.148401e-02	1.483657e-01	0.000000e+00	-1.877656e+03	2.078252e+05
6.235600e-01	2.267090e+05	-5.166074e-02	1.486721e-01	0.000000e+00	-1.417261e+03	2.281263e+05
6.247500e-01	2.233930e+05	-5.183785e-02	1.489908e-01	0.000000e+00	-1.111886e+03	2.245048e+05
6.259400e-01	2.155829e+05	-5.201533e-02	1.493017e-01	0.000000e+00	-9.746543e+02	2.165575e+05
6.271300e-01	1.976839e+05	-5.219318e-02	1.495943e-01	0.000000e+00	-2.684482e+03	2.003684e+05
6.283200e-01	1.981173e+05	-5.237137e-02	1.498746e-01	0.000000e+00	-3.303854e+03	2.014211e+05
6.295100e-01	1.989072e+05	-5.254989e-02	1.501558e-01	0.000000e+00	-3.412541e+03	2.023197e+05
6.307000e-01	1.921799e+05	-5.272874e-02	1.504327e-01	0.000000e+00	-1.224128e+03	1.934041e+05
6.318900e-01	2.081196e+05	-5.290792e-02	1.507162e-01	0.000000e+00	-2.012326e+02	2.083209e+05
6.330800e-01	2.106933e+05	-5.308744e-02	1.510128e-01	0.000000e+00	-2.509915e+03	2.132032e+05
6.342700e-01	2.066593e+05	-5.326733e-02	1.513084e-01	0.000000e+00	-3.577498e+03	2.102368e+05
6.354600e-01	2.045327e+05	-5.344756e-02	1.515996e-01	0.000000e+00	-1.654836e+03	2.061876e+05
6.366500e-01	1.975807e+05	-5.362813e-02	1.518843e-01	0.000000e+00	-2.140552e+03	1.997213e+05
6.378400e-01	1.870873e+05	-5.380904e-02	1.521567e-01	0.000000e+00	-1.149329e+03	1.882367e+05
6.390300e-01	2.054168e+05	-5.399027e-02	1.524347e-01	0.000000e+00	-1.710696e+03	2.071275e+05
6.402200e-01	1.975796e+05	-5.417184e-02	1.527201e-01	0.000000e+00	-3.651198e+03	2.012308e+05
6.414100e-01	1.933507e+05	-5.435374e-02	1.529969e-01	0.000000e+00	-1.735759e+03	1.950865e+05
6.426000e-01	2.089594e+05	-5.453597e-02	1.532818e-01	0.000000e+00	-1.967882e+03	2.109273e+05
6.437900e-01	2.104720e+05	-5.471855e-02	1.535788e-01	0.000000e+00	-3.728075e+03	2.142001e+05
6.449800e-01	2.100692e+05	-5.490149e-02	1.538767e-01	0.000000e+00	-1.768089e+03	2.118373e+05
6.461700e-01	2.093662e+05	-5.508478e-02	1.541737e-01	0.000000e+00	-1.225296e+03	2.105915e+05
6.473600e-01	2.038377e+05	-5.526842e-02	1.544663e-01	0.000000e+00	-4.717336e+03	2.085551e+05
6.485500e-01	1.922149e+05	-5.545241e-02	1.547468e-01	0.000000e+00	-3.004594e+03	1.952195e+05
6.497400e-01	2.010659e+05	-5.563672e-02	1.550253e-01	0.000000e+00	-2.651838e+03	2.037177e+05
6.509300e-01	2.082868e+05	-5.582137e-02	1.553152e-01	0.000000e+00	-4.210005e+02	2.087078e+05
6.521200e-01	2.005215e+05	-5.600637e-02	1.556047e-01	0.000000e+00	-6.129398e+02	2.011344e+05
6.533100e-01	2.109394e+05	-5.619171e-02	1.558961e-01	0.000000e+00	-1.744671e+03	2.126841e+05
6.545000e-01	2.046360e+05	-5.637740e-02	1.561904e-01	0.000000e+00	-3.106474e+03	2.077425e+05
6.556900e-01	2.064076e+05	-5.656344e-02	1.564814e-01	0.000000e+00	-1.897413e+03	2.083050e+05
6.568800e-01	2.045825e+05	-5.674983e-02	1.567725e-01	0.000000e+00	-4.500736e+03	2.090832e+05
6.580700e-01	1.881445e+05	-5.693656e-02	1.570506e-01	0.000000e+00	-3.428087e+03	1.915726e+05
6.592600e-01	1.830660e+05	-5.712361e-02	1.573135e-01	0.000000e+00	-3.688670e+03	1.867547e+05
6.604500e-01	1.949604e+05	-5.731096e-02	1.575812e-01	0.000000e+00	-2.418875e+03	1.973792e+05
6.616400e-01	1.971770e+05	-5.749865e-02	1.578589e-01	0.000000e+00	-2.118272e+03	1.992953e+05
6.628300e-01	2.017620e+05	-5.768667e-02	1.581414e-01	0.000000e+00	-2.534284e+03	2.042963e+05
6.640200e-01	1.958888e+05	-5.787503e-02	1.584230e-01	0.000000e+00	-1.505297e+03	1.973941e+05
6.652100e-01	1.790352e+05	-5.806372e-02	1.586885e-01	0.000000e+00	-3.681592e+03	1.827168e+05
6.664000e-01	2.100109e+05	-5.825271e-02	1.589640e-01	0.000000e+00	-1.877648e+03	2.118885e+05
6.675900e-01	1.958171e+05	-5.844205e-02	1.592514e-01	0.000000e+00	-2.296702e+03	1.981138e+05
6.687800e-01	2.103019e+05	-5.863172e-02	1.595390e-01	0.000000e+00	-2.047998e+03	2.123499e+05
6.699700e-01	1.925410e+05	-5.882175e-02	1.598243e-01	0.000000e+00	-2.085997e+03	1.946270e+05
6.711600e-01	2.081596e+05	-5.901211e-02	1.601081e-01	0.000000e+00	-2.517253e+03	2.106769e+05
6.723500e-01	2.074180e+05	-5.920281e-02	1.604023e-01	0.000000e+00	-1.490636e+03	2.089086e+05
6.735400e-01	2.108973e+05	-5.939386e-02	1.606986e-01	0.000000e+00	-1.240752e+03	2.121380e+05
6.747300e-01	2.101275e+05	-5.958527e-02	1.609967e-01	0.000000e+00	-3.969563e+03	2.140970e+05
6.759200e-01	1.936477e+05	-5.977704e-02	1.612827e-01	0.000000e+00	-3.677630e+03	1.973254e+05
6.771100e-01	1.832720e+05	-5.996912e-02	1.615496e-01	0.000000e+00	-1.490248e+03	1.847622e+05
6.783000e-01	2.096106e+05	-6.016152e-02	1.618278e-01	0.000000e+00	-1.384526e+03	2.109951e+05
6.794900e-01	1.919611e+05	-6.035428e-02	1.621122e-01	0.000000e+00	-9.637256e+02	1.929248e+05
6.806800e-01	1.868756e+05	-6.054735e-02	1.623805e-01	0.000000e+00	-1.166075e+03	1.880417e+05
6.818700e-01	2.214608e+05	-6.074074e-02	1.626697e-01	0.000000e+00	-2.601882e+03	2.240627e+05
6.830600e-01	2.184818e+05	-6.093450e-02	1.629812e-01	0.000000e+00	-1.296592e+03	2.197783e+05
6.842500e-01	1.940319e+05	-6.112864e-02	1.632733e-01	0.000000e+00	-3.124459e+02	1.943444e+05
6.854400e-01	1.931810e+05	-6.132309e-02	1.635475e-01	0.000000e+00	-3.243125e+03	1.964241e+05
6.866300e-01	2.166520e+05	-6.151788e-02	1.638378e-01	0.000000e+00	-2.370135e+03	2.190222e+05
6.878200e-01	2.009258e+05	-6.171303e-02	1.641335e-01	0.000000e+00	-2.208342e+03	2.031341e+05
6.890100e-01	2.217826e+05	-6.190852e-02	1.644328e-01	0.000000e+00	-2.340401e+03	2.241230e+05
6.902000e-01	2.014173e+05	-6.210438e-02	1.647325e-01	0.000000e+00	-4.499212e+02	2.018673e+05
6.913900e-01	2.019421e+05	-6.230058e-02	1.650182e-01	0.000000e+00	0.000000e+00	2.019421e+05
6.925800e-01	2.048932e+05	-6.249712e-02	1.653063e-01	0.000000e+00	-2.050821e+03	2.069441e+05
6.937700e-01	2.071066e+05	-6.269401e-02	1.655980e-01	0.000000e+00	-2.826189e+03	2.099327e+05
6.949600e-01	2.100759e+05	-6.289125e-02	1.658935e-01	0.000000e+00	-2.696353e+03	2.127723e+05
6.961500e-01	2.122133e+05	-6.308884e-02	1.661925e-01	0.000000e+00	-2.317442e+03	2.145307e+05
6.973400e-01	2.088212e+05	-6.328678e-02	1.664907e-01	0.000000e+00	-1.395134e+03	2.102164e+05
6.985300e-01	2.118840e+05	-6.348508e-02	1.667886e-01	0.000000e+00	-3.235206e+03	2.151192e+05
6.997200e-01	2.062044e+05	-6.368374e-02	1.670847e-01	0.000000e+00	-2.932836e+03	2.091373e+05
7.009100e-01	2.060739e+05	-6.388275e-02	1.673767e-01	0.000000e+00	-5.341298e+02	2.066080e+05
7.021000e-01	1.819654e+05	-6.408210e-02	1.676515e-01	0.000000e+00	-1.429032e+03	1.833945e+05
7.032900e-01	2.306058e+05	-6.428176e-02	1.679436e-01	0.000000e+00	-1.549351e+03	2.321552e+05
7.044800e-01	2.241355e+05	-6.448180e-02	1.682657e-01	0.000000e+00	-3.356266e+02	2.244711e+05
7.056700e-01	2.100974e+05	-6.468223e-02	1.685732e-01	0.000000e+00	-1.546624e+03	2.116440e+05
7.068600e-01	2.043648e+05	-6.488301e-02	1.688667e-01	0.000000e+00	-2.596980e+03	2.069618e+05
7.080500e-01	2.085089e+05	-6.508413e-02	1.691590e-01	0.000000e+00	-9.513108e+02	2.094602e+05
7.092400e-01	2.130428e+05	-6.528561e-02	1.694576e-01	0.000000e+00	-2.437202e+03	2.154800e+05
7.104300e-01	1.955240e+05	-6.548744e-02	1.697469e-01	0.000000e+00	-2.311011e+03	1.978350e+05
7.116200e-01	1.992714e+05	-6.568960e-02	1.700265e-01	0.000000e+00	-1.949418e+03	2.012208e+05
7.128100e-01	2.133989e+05	-6.589210e-02	1.703187e-01	0.000000e+00	-5.187779e+02	2.139177e+05
7.140000e-01	1.971874e+05	-6.609496e-02	1.706095e-01	0.000000e+00	-5.098092e+02	1.976972e+05
7.151900e-01	1.972206e+05	-6.629815e-02	1.708888e-01	0.000000e+00	-3.305269e+02	1.975511e+05
7.163800e-01	2.055760e+05	-6.650168e-02	1.711740e-01	0.000000e+00	-1.212401e+02	2.056972e+05
7.175700e-01	2.221085e+05	-6.670555e-02	1.714769e-01	0.000000e+00	-3.257275e+03	2.253658e+05
7.187600e-01	2.150031e+05	-6.690979e-02	1.717865e-01	0.000000e+00	-1.543453e+03	2.165465e+05
7.199500e-01	1.972948e+05	-6.711440e-02	1.720784e-01	0.000000e+00	-2.562681e+03	1.998575e+05
7.211400e-01	2.127741e+05	-6.731934e-02	1.723688e-01	0.000000e+00	-1.656636e+03	2.144308e+05
7.223300e-01	1.873829e+05	-6.752464e-02	1.726522e-01	0.000000e+00	-1.755794e+03	1.891387e+05
7.235200e-01	1.964672e+05	-6.773025e-02	1.729240e-01	0.000000e+00	-1.706088e+03	1.981733e+05
7.247100e-01	1.940857e+05	-6.793620e-02	1.732006e-01	0.000000e+00	-2.559290e+03	1.966450e+05
7.259000e-01	2.100568e+05	-6.814247e-02	1.734868e-01	0.000000e+00	-1.764683e+03	2.118215e+05
7.270900e-01	2.030841e+05	-6.834909e-02	1.737794e-01	0.000000e+00	-1.587924e+03	2.046720e+05
7.282800e-01	2.004125e+05	-6.855606e-02	1.740651e-01	0.000000e+00	-1.204411e+03	2.016169e+05
7.294700e-01	1.844301e+05	-6.876337e-02	1.743377e-01	0.000000e+00	-1.314518e+03	1.857446e+05
7.306600e-01	2.180218e+05	-6.897099e-02	1.746227e-01	0.000000e+00	-2.743021e+03	2.207648e+05
7.318500e-01	2.233457e+05	-6.917897e-02	1.749352e-01	0.000000e+00	-5.927333e+02	2.239384e+05
7.330400e-01	1.998630e+05	-6.938733e-02	1.752349e-01	0.000000e+00	-5.702590e+02	2.004332e+05
7.342300e-01	1.970488e+05	-6.959603e-02	1.755160e-01	0.000000e+00	-2.089568e+03	1.991384e+05
7.354200e-01	1.915258e+05	-6.980506e-02	1.757912e-01	0.000000e+00	-1.471379e+03	1.929972e+05
7.366100e-01	2.050697e+05	-7.001441e-02	1.760720e-01	0.000000e+00	-1.577202e+03	2.066469e+05
7.378000e-01	2.110560e+05	-7.022411e-02	1.763667e-01	0.000000e+00	-1.505256e+03	2.125612e+05
7.389900e-01	2.211411e+05	-7.043417e-02	1.766728e-01	0.000000e+00	-1.344970e+03	2.224861e+05
7.401800e-01	2.065323e+05	-7.064459e-02	1.769756e-01	0.000000e+00	-3.425010e+03	2.099573e+05
7.413700e-01	2.089517e+05	-7.085537e-02	1.772699e-01	0.000000e+00	-2.109123e+03	2.110609e+05
7.425600e-01	1.964854e+05	-7.106650e-02	1.775570e-01	0.000000e+00	-4.627941e+02	1.969482e+05
7.437500e-01	2.227751e+05	-7.127795e-02	1.778539e-01	0.000000e+00	-1.948478e+03	2.247235e+05
7.449400e-01	2.189207e+05	-7.148979e-02	1.781667e-01	0.000000e+00	-1.300777e+03	2.202215e+05
7.461300e-01	2.140311e+05	-7.170199e-02	1.784733e-01	0.000000e+00	-6.825780e+02	2.147137e+05
7.473200e-01	1.907042e+05	-7.191455e-02	1.787599e-01	0.000000e+00	-2.956787e+02	1.909999e+05
7.485100e-01	2.041475e+05	-7.212744e-02	1.790395e-01	0.000000e+00	-2.257957e+03	2.064054e+05
7.497000e-01	2.212113e+05	-7.234067e-02	1.793408e-01	0.000000e+00	-1.521164e+03	2.227324e+05
7.508900e-01	2.199288e+05	-7.255427e-02	1.796532e-01	0.000000e+00	-1.389390e+03	2.213181e+05
7.520800e-01	2.052870e+05	-7.276824e-02	1.799543e-01	0.000000e+00	-2.601872e+03	2.078889e+05
7.532700e-01	2.232705e+05	-7.298256e-02	1.802578e-01	0.000000e+00	-7.112648e+02	2.239818e+05
7.544600e-01	2.148772e+05	-7.319726e-02	1.805681e-01	0.000000e+00	-1.448061e+03	2.163252e+05
7.556500e-01	2.097006e+05	-7.341231e-02	1.808687e-01	0.000000e+00	-6.989818e+02	2.103996e+05
7.568400e-01	2.479448e+05	-7.362772e-02	1.811928e-01	0.000000e+00	-3.713426e+02	2.483162e+05
7.580300e-01	2.264769e+05	-7.384355e-02	1.815288e-01	0.000000e+00	-2.472102e+03	2.289490e+05
7.592200e-01	2.155423e+05	-7.405976e-02	1.818418e-01	0.000000e+00	-5.179000e+02	2.160602e+05
7.604100e-01	2.158511e+05	-7.427634e-02	1.821473e-01	0.000000e+00	-8.021860e+02	2.166533e+05
7.616000e-01	2.164515e+05	-7.449327e-02	1.824534e-01	0.000000e+00	-1.895524e+03	2.183471e+05
7.627900e-01	2.157114e+05	-7.471058e-02	1.827595e-01	0.000000e+00	-2.255933e+03	2.179674e+05
7.639800e-01	2.219932e+05	-7.492824e-02	1.830695e-01	0.000000e+00	-1.311045e+03	2.233043e+05
7.651700e-01	2.166361e+05	-7.514628e-02	1.833801e-01	0.000000e+00	-1.220588e+03	2.178567e+05
7.663600e-01	2.099495e+05	-7.536469e-02	1.836822e-01	0.000000e+00	-1.191050e+03	2.111405e+05
7.675500e-01	2.147566e+05	-7.558344e-02	1.839829e-01	0.000000e+00	-3.552500e+03	2.183091e+05
7.687400e-01	2.081825e+05	-7.580256e-02	1.842824e-01	0.000000e+00	-3.792571e+03	2.119751e+05
7.699300e-01	2.162844e+05	-7.602204e-02	1.845830e-01	0.000000e+00	-7.853273e+02	2.170697e+05
7.711200e-01	2.259025e+05	-7.624187e-02	1.848962e-01	0.000000e+00	-9.615087e+02	2.268640e+05
7.723100e-01	2.240604e+05	-7.646209e-02	1.852148e-01	0.000000e+00	-1.971983e+03	2.260324e+05
7.735000e-01	2.266643e+05	-7.668268e-02	1.855340e-01	0.000000e+00	-1.050178e+03	2.277145e+05
7.746900e-01	2.141260e+05	-7.690366e-02	1.858462e-01	0.000000e+00	-1.058347e+03	2.151844e+05
7.758800e-01	2.219913e+05	-7.712500e-02	1.861550e-01	0.000000e+00	-1.594377e+03	2.235856e+05
7.770700e-01	2.129157e+05	-7.734671e-02	1.864630e-01	0.000000e+00	-2.281633e+03	2.151973e+05
7.782600e-01	2.181025e+05	-7.756878e-02	1.867682e-01	0.000000e+00	-4.122251e+03	2.222247e+05
7.794500e-01	2.066805e+05	-7.779122e-02	1.870690e-01	0.000000e+00	-1.954882e+03	2.086354e+05
7.806400e-01	1.887932e+05	-7.801400e-02	1.873491e-01	0.000000e+00	-2.107106e+03	1.909003e+05
7.818300e-01	2.087953e+05	-7.823711e-02	1.876307e-01	0.000000e+00	-2.038270e+03	2.108336e+05
7.830200e-01	2.001031e+05	-7.846056e-02	1.879202e-01	0.000000e+00	-2.423384e+03	2.025265e+05
7.842100e-01	1.960898e+05	-7.868436e-02	1.882008e-01	0.000000e+00	-2.587509e+03	1.986773e+05
7.854000e-01	2.022451e+05	-7.890848e-02	1.884829e-01	0.000000e+00	-3.296216e+03	2.055413e+05
7.865900e-01	2.027737e+05	-7.913295e-02	1.887697e-01	0.000000e+00	-2.953310e+03	2.057270e+05
7.877800e-01	1.998886e+05	-7.935775e-02	1.890549e-01	0.000000e+00	-2.364638e+03	2.022532e+05
7.889700e-01	1.950720e+05	-7.958290e-02	1.893345e-01	0.000000e+00	-1.575628e+03	1.966477e+05
7.901600e-01	2.192604e+05	-7.980837e-02	1.896280e-01	0.000000e+00	-3.532918e+03	2.227933e+05
7.913500e-01	2.119329e+05	-8.003421e-02	1.899333e-01	0.000000e+00	-1.910003e+03	2.138429e+05
7.925400e-01	2.218672e+05	-8.026041e-02	1.902405e-01	0.000000e+00	-2.528338e+03	2.243955e+05
7.937300e-01	2.091715e+05	-8.048699e-02	1.905458e-01	0.000000e+00	-2.593228e+03	2.117647e+05
7.949200e-01	2.089454e+05	-8.071391e-02	1.908419e-01	0.000000e+00	-2.293964e+03	2.112394e+05
7.961100e-01	2.050442e+05	-8.094119e-02	1.911350e-01	0.000000e+00	-2.338031e+03	2.073822e+05
7.973000e-01	2.110510e+05	-8.116881e-02	1.914297e-01	0.000000e+00	-1.917413e+03	2.129684e+05
7.984900e-01	2.136987e+05	-8.139679e-02	1.917305e-01	0.000000e+00	-2.111108e+03	2.158098e+05
7.996800e-01	2.117687e+05	-8.162513e-02	1.920318e-01	0.000000e+00	-2.183663e+03	2.139524e+05
8.008700e-01	2.067815e+05	-8.185383e-02	1.923282e-01	0.000000e+00	-1.704685e+03	2.084862e+05
8.020600e-01	2.022238e+05	-8.208287e-02	1.926178e-01	0.000000e+00	-1.098970e+03	2.033228e+05
8.032500e-01	2.037278e+05	-8.231226e-02	1.929053e-01	0.000000e+00	-2.102097e+03	2.058299e+05
8.044400e-01	2.079296e+05	-8.254199e-02	1.931968e-01	0.000000e+00	-3.762039e+03	2.116916e+05
8.056300e-01	2.039463e+05	-8.277207e-02	1.934885e-01	0.000000e+00	-2.847588e+03	2.067939e+05
8.068200e-01	2.091980e+05	-8.300249e-02	1.937811e-01	0.000000e+00	-1.435024e+03	2.106330e+05
8.080100e-01	2.378851e+05	-8.323327e-02	1.940977e-01	0.000000e+00	-1.173872e+03	2.390590e+05
8.092000e-01	1.899627e+05	-8.346444e-02	1.944007e-01	0.000000e+00	-2.918557e+03	1.928813e+05
8.103900e-01	1.849497e+05	-8.369594e-02	1.946662e-01	0.000000e+00	-2.580111e+03	1.875298e+05
8.115800e-01	2.210668e+05	-8.392775e-02	1.949537e-01	0.000000e+00	-3.169246e+03	2.242361e+05
8.127700e-01	2.065561e+05	-8.415993e-02	1.952565e-01	0.000000e+00	-9.303175e+02	2.074864e+05
8.139600e-01	2.130457e+05	-8.439246e-02	1.955537e-01	0.000000e+00	-1.764661e+03	2.148103e+05
8.151500e-01	2.087977e+05	-8.462535e-02	1.958524e-01	0.000000e+00	-1.115887e+03	2.099135e+05
8.163400e-01	2.129423e+05	-8.485859e-02	1.961511e-01	0.000000e+00	-7.366681e+02	2.136789e+05
8.175300e-01	2.068708e+05	-8.509219e-02	1.964484e-01	0.000000e+00	-2.878132e+03	2.097489e+05
8.187200e-01	2.159784e+05	-8.532613e-02	1.967478e-01	0.000000e+00	-3.629137e+03	2.196075e+05
8.199100e-01	2.280857e+05	-8.556045e-02	1.970623e-01	0.000000e+00	-3.024381e+03	2.311101e+05
8.211000e-01	2.092635e+05	-8.579514e-02	1.973720e-01	0.000000e+00	-2.276478e+03	2.115400e+05
8.222900e-01	2.138308e+05	-8.603019e-02	1.976716e-01	0.000000e+00	-1.271234e+03	2.151020e+05
8.234800e-01	2.160855e+05	-8.626560e-02	1.979761e-01	0.000000e+00	-4.696844e+02	2.165552e+05
8.246700e-01	2.038509e+05	-8.650137e-02	1.982735e-01	0.000000e+00	-3.301371e+02	2.041811e+05
8.258600e-01	2.276817e+05	-8.673749e-02	1.985791e-01	0.000000e+00	-5.980364e+02	2.282797e+05
8.270500e-01	2.269439e+05	-8.697399e-02	1.989010e-01	0.000000e+00	-2.497429e+03	2.294413e+05
8.282400e-01	2.418438e+05	-8.721088e-02	1.992330e-01	0.000000e+00	-2.255633e+03	2.440995e+05
8.294300e-01	2.170920e+05	-8.744817e-02	1.995580e-01	0.000000e+00	-3.331593e+03	2.204236e+05
8.306200e-01	2.152154e+05	-8.768582e-02	1.998641e-01	0.000000e+00	-3.140466e+03	2.183559e+05
8.318100e-01	2.109530e+05	-8.792384e-02	2.001659e-01	0.000000e+00	-2.734006e+03	2.136870e+05
8.330000e-01	2.101648e+05	-8.816222e-02	2.004642e-01	0.000000e+00	-1.808886e+03	2.119737e+05
8.341900e-01	2.088799e+05	-8.840095e-02	2.007609e-01	0.000000e+00	-2.938704e+03	2.118187e+05
8.353800e-01	1.995880e+05	-8.864003e-02	2.010502e-01	0.000000e+00	-2.603768e+03	2.021917e+05
8.365700e-01	2.038212e+05	-8.887945e-02	2.013359e-01	0.000000e+00	-3.900203e+03	2.077214e+05
8.377600e-01	2.205592e+05	-8.911921e-02	2.016364e-01	0.000000e+00	-2.673926e+03	2.232331e+05
8.389500e-01	1.913232e+05	-8.935934e-02	2.019281e-01	0.000000e+00	-1.797227e+03	1.931204e+05
8.401400e-01	2.231973e+05	-8.959980e-02	2.022216e-01	0.000000e+00	-2.077285e+03	2.252746e+05
8.413300e-01	2.048263e+05	-8.984063e-02	2.025247e-01	0.000000e+00	-3.049604e+03	2.078759e+05
8.425200e-01	1.959456e+05	-9.008181e-02	2.028085e-01	0.000000e+00	-1.571526e+03	1.975171e+05
8.437100e-01	2.025043e+05	-9.032331e-02	2.030907e-01	0.000000e+00	-1.910452e+03	2.044147e+05
8.449000e-01	2.101200e+05	-9.056516e-02	2.033829e-01	0.000000e+00	-2.500284e+03	2.126203e+05
8.460900e-01	2.153937e+05	-9.080737e-02	2.036842e-01	0.000000e+00	-1.960186e+03	2.173538e+05
8.472800e-01	2.041553e+05	-9.104993e-02	2.039814e-01	0.000000e+00	-2.524095e+03	2.066794e+05
8.484700e-01	2.231294e+05	-9.129284e-02	2.042839e-01	0.000000e+00	-1.744331e+03	2.248737e+05
8.496600e-01	2.355787e+05	-9.153613e-02	2.046088e-01	0.000000e+00	-1.353380e+03	2.369321e+05
8.508500e-01	2.181065e+05	-9.177981e-02	2.049301e-01	0.000000e+00	-2.312001e+03	2.204185e+05
8.520400e-01	2.139542e+05	-9.202386e-02	2.052360e-01	0.000000e+00	-2.294248e+03	2.162485e+05
8.532300e-01	2.025046e+05	-9.226827e-02	2.055310e-01	0.000000e+00	-1.269671e+03	2.037743e+05
8.544200e-01	1.924135e+05	-9.251302e-02	2.058106e-01	0.000000e+00	-3.205390e+03	1.956189e+05
8.556100e-01	1.792923e+05	-9.275810e-02	2.060739e-01	0.000000e+00	-2.317035e+03	1.816093e+05
8.568000e-01	2.303485e+05	-9.300348e-02	2.063639e-01	0.000000e+00	-6.972802e+02	2.310457e+05
8.579900e-01	2.037339e+05	-9.324925e-02	2.066714e-01	0.000000e+00	-8.056864e+02	2.045396e+05
8.591800e-01	1.995962e+05	-9.349536e-02	2.069570e-01	0.000000e+00	-1.408817e+03	2.010051e+05
8.603700e-01	2.140320e+05	-9.374180e-02	2.072499e-01	0.000000e+00	-2.540599e+03	2.165726e+05
8.615600e-01	2.189161e+05	-9.398861e-02	2.075565e-01	0.000000e+00	-2.379092e+03	2.212952e+05
8.627500e-01	2.173816e+05	-9.423579e-02	2.078655e-01	0.000000e+00	-3.765834e+02	2.177582e+05
8.639400e-01	1.980486e+05	-9.448333e-02	2.081597e-01	0.000000e+00	-1.465105e+03	1.995137e+05
8.651300e-01	2.153103e+05	-9.473121e-02	2.084524e-01	0.000000e+00	-1.055904e+03	2.163662e+05
8.663200e-01	2.315580e+05	-9.497945e-02	2.087688e-01	0.000000e+00	-4.369692e+02	2.319949e+05
8.675100e-01	2.082592e+05	-9.522808e-02	2.090803e-01	0.000000e+00	-2.964552e+03	2.112237e+05
8.687000e-01	1.997427e+05	-9.547706e-02	2.093692e-01	0.000000e+00	-2.451532e+03	2.021942e+05
8.698900e-01	2.309668e+05	-9.572638e-02	2.096742e-01	0.000000e+00	-1.855302e+03	2.328222e+05
8.710800e-01	2.157701e+05	-9.597609e-02	2.099906e-01	0.000000e+00	-2.375678e+03	2.181458e+05
8.722700e-01	2.154823e+05	-9.622616e-02	2.102960e-01	0.000000e+00	0.000000e+00	2.154823e+05
8.734600e-01	2.324740e+05	-9.647659e-02	2.106132e-01	0.000000e+00	-8.755763e+02	2.333496e+05
8.746500e-01	2.277484e+05	-9.672742e-02	2.109391e-01	0.000000e+00	-2.650342e+03	2.303987e+05
8.758400e-01	1.826635e+05	-9.697862e-02	2.112298e-01	0.000000e+00	-2.793986e+03	1.854575e+05
8.770300e-01	2.019075e+05	-9.723014e-02	2.115021e-01	0.000000e+00	-2.080195e+03	2.039877e+05
8.782200e-01	2.212621e+05	-9.748200e-02	2.118018e-01	0.000000e+00	-3.262269e+00	2.212654e+05
8.794100e-01	2.186505e+05	-9.773423e-02	2.121133e-01	0.000000e+00	-1.316486e+02	2.187821e+05
8.806000e-01	2.116677e+05	-9.798683e-02	2.124181e-01	0.000000e+00	-2.554406e+03	2.142222e+05
8.817900e-01	2.175025e+05	-9.823979e-02	2.127220e-01	0.000000e+00	-2.355962e+03	2.198585e+05
8.829800e-01	2.138121e+05	-9.849311e-02	2.130274e-01	0.000000e+00	-8.740250e+02	2.146862e+05
8.841700e-01	2.139720e+05	-9.874679e-02	2.133304e-01	0.000000e+00	-1.199982e+03	2.151720e+05
8.853600e-01	2.080884e+05	-9.900083e-02	2.136293e-01	0.000000e+00	-1.407295e+03	2.094957e+05
8.865500e-01	2.258911e+05	-9.925523e-02	2.139366e-01	0.000000e+00	-1.850683e+03	2.277417e+05
8.877400e-01	2.266916e+05	-9.951000e-02	2.142571e-01	0.000000e+00	-9.113670e+02	2.276030e+05
8.889300e-01	2.109625e+05	-9.976516e-02	2.145670e-01	0.000000e+00	-1.123017e+03	2.120855e+05
8.901200e-01	2.037106e+05	-1.000207e-01	2.148607e-01	0.000000e+00	-1.064380e+03	2.047750e+05
8.913100e-01	2.044357e+05	-1.002765e-01	2.151497e-01	0.000000e+00	-1.697013e+03	2.061327e+05
8.925000e-01	2.092576e+05	-1.005327e-01	2.154427e-01	0.000000e+00	-1.636944e+03	2.108945e+05
8.936900e-01	2.201133e+05	-1.007893e-01	2.157467e-01	0.000000e+00	-7.719674e+02	2.208852e+05
8.948800e-01	2.165350e+05	-1.010462e-01	2.160560e-01	0.000000e+00	-1.827671e+03	2.183626e+05
8.960700e-01	2.171041e+05	-1.013035e-01	2.163631e-01	0.000000e+00	-1.081015e+03	2.181851e+05
8.972600e-01	2.146483e+05	-1.015612e-01	2.166688e-01	0.000000e+00	-1.713638e+03	2.163620e+05
8.984500e-01	2.090794e+05	-1.018192e-01	2.169689e-01	0.000000e+00	-4.880622e+02	2.095675e+05
8.996400e-01	2.161671e+05	-1.020775e-01	2.172700e-01	0.000000e+00	-6.736974e+02	2.168408e+05
9.008300e-01	2.231265e+05	-1.023363e-01	2.175811e-01	0.000000e+00	-1.540394e+03	2.246669e+05
9.020200e-01	2.227379e+05	-1.025954e-01	2.178969e-01	0.000000e+00	-1.247217e+03	2.239851e+05
9.032100e-01	2.211717e+05	-1.028549e-01	2.182112e-01	0.000000e+00	-1.069746e+03	2.222415e+05
9.044000e-01	2.158853e+05	-1.031147e-01	2.185207e-01	0.000000e+00	-2.191635e+03	2.180770e+05
9.055900e-01	2.174939e+05	-1.033749e-01	2.188276e-01	0.000000e+00	-1.273540e+03	2.187674e+05
9.067800e-01	2.084705e+05	-1.036355e-01	2.191293e-01	0.000000e+00	-1.294953e+03	2.097655e+05
9.079700e-01	2.114851e+05	-1.038965e-01	2.194267e-01	0.000000e+00	-1.479163e+03	2.129643e+05
9.091600e-01	2.027018e+05	-1.041578e-01	2.197200e-01	0.000000e+00	-5.221220e+02	2.032239e+05
9.103500e-01	1.907808e+05	-1.044194e-01	2.199986e-01	0.000000e+00	-2.385604e+03	1.931664e+05
9.115400e-01	2.010225e+05	-1.046814e-01	2.202761e-01	0.000000e+00	-2.187047e+03	2.032095e+05
9.127300e-01	1.957161e+05	-1.049437e-01	2.205571e-01	0.000000e+00	-1.664687e+03	1.973808e+05
9.139200e-01	1.978101e+05	-1.052063e-01	2.208357e-01	0.000000e+00	-8.256733e+02	1.986357e+05
9.151100e-01	2.226211e+05	-1.054693e-01	2.211335e-01	0.000000e+00	-3.285333e+02	2.229496e+05
9.163000e-01	2.209754e+05	-1.057326e-01	2.214476e-01	0.000000e+00	-7.705115e+02	2.217459e+05
9.174900e-01	2.285026e+05	-1.059963e-01	2.217659e-01	0.000000e+00	-1.893680e+03	2.303963e+05
9.186800e-01	2.345260e+05	-1.062604e-01	2.220938e-01	0.000000e+00	-7.435145e+02	2.352695e+05
9.198700e-01	2.232753e+05	-1.065249e-01	2.224180e-01	0.000000e+00	-8.682241e+02	2.241435e+05
9.210600e-01	2.204315e+05	-1.067897e-01	2.227322e-01	0.000000e+00	-2.073768e+03	2.225053e+05
9.222500e-01	2.126152e+05	-1.070550e-01	2.230389e-01	0.000000e+00	-2.175972e+03	2.147912e+05
9.234400e-01	2.048908e+05	-1.073206e-01	2.233346e-01	0.000000e+00	-5.214114e+02	2.054122e+05
9.246300e-01	2.058689e+05	-1.075865e-01	2.236255e-01	0.000000e+00	-6.981389e+02	2.065670e+05
9.258200e-01	2.142660e+05	-1.078528e-01	2.239230e-01	0.000000e+00	-1.770651e+03	2.160367e+05
9.270100e-01	2.338852e+05	-1.081195e-01	2.242403e-01	0.000000e+00	-1.234918e+03	2.351202e+05
9.282000e-01	2.214987e+05	-1.083865e-01	2.245628e-01	0.000000e+00	-1.275741e+03	2.227745e+05
9.293900e-01	2.243492e+05	-1.086539e-01	2.248786e-01	0.000000e+00	-1.035516e+03	2.253847e+05
9.305800e-01	2.081095e+05	-1.089217e-01	2.251848e-01	0.000000e+00	-2.956237e+03	2.110657e+05
9.317700e-01	2.138584e+05	-1.091899e-01	2.254836e-01	0.000000e+00	-1.541885e+03	2.154003e+05
9.329600e-01	2.221940e+05	-1.094584e-01	2.257924e-01	0.000000e+00	-1.724588e+03	2.239186e+05
9.341500e-01	2.266886e+05	-1.097272e-01	2.261103e-01	0.000000e+00	-3.673654e+02	2.270560e+05
9.353400e-01	2.072651e+05	-1.099965e-01	2.264176e-01	0.000000e+00	-1.062706e+03	2.083278e+05
9.365300e-01	2.150345e+05	-1.102661e-01	2.267167e-01	0.000000e+00	-1.165979e+03	2.162005e+05
9.377200e-01	2.178865e+05	-1.105361e-01	2.270233e-01	0.000000e+00	-7.320681e+02	2.186185e+05
9.389100e-01	2.000694e+05	-1.108064e-01	2.273192e-01	0.000000e+00	-2.054809e+03	2.021242e+05
9.401000e-01	2.172372e+05	-1.110771e-01	2.276148e-01	0.000000e+00	-8.667905e+02	2.181040e+05
9.412900e-01	2.338710e+05	-1.113482e-01	2.279342e-01	0.000000e+00	-7.116241e+02	2.345827e+05
9.424800e-01	2.255166e+05	-1.116196e-01	2.282595e-01	0.000000e+00	-2.280263e+03	2.277969e+05
9.436700e-01	2.399770e+05	-1.118914e-01	2.285892e-01	0.000000e+00	-9.825960e+02	2.409596e+05
9.448600e-01	2.364634e+05	-1.121636e-01	2.289266e-01	0.000000e+00	-1.067534e+03	2.375309e+05
9.460500e-01	2.106346e+05	-1.124363e-01	2.292432e-01	0.000000e+00	-3.339598e+02	2.109686e+05
9.472400e-01	2.115719e+05	-1.127092e-01	2.295422e-01	0.000000e+00	-7.774376e+02	2.123493e+05
9.484300e-01	2.126424e+05	-1.129826e-01	2.298426e-01	0.000000e+00	-1.009207e+03	2.136516e+05
9.496200e-01	2.024507e+05	-1.132563e-01	2.301366e-01	0.000000e+00	-2.579994e+03	2.050307e+05
9.508100e-01	2.175837e+05	-1.135303e-01	2.304340e-01	0.000000e+00	-2.185060e+03	2.197687e+05
9.520000e-01	2.171047e+05	-1.138047e-01	2.307419e-01	0.000000e+00	-3.451607e+03	2.205563e+05
9.531900e-01	2.174118e+05	-1.140795e-01	2.310496e-01	0.000000e+00	-3.443376e+03	2.208552e+05
9.543800e-01	2.194899e+05	-1.143546e-01	2.313590e-01	0.000000e+00	-1.345409e+03	2.208353e+05
9.555700e-01	2.265706e+05	-1.146301e-01	2.316748e-01	0.000000e+00	-6.799557e+02	2.272506e+05
9.567600e-01	2.146664e+05	-1.149060e-01	2.319873e-01	0.000000e+00	-1.465066e+03	2.161315e+05
9.579500e-01	2.055690e+05	-1.151822e-01	2.322849e-01	0.000000e+00	-1.672598e+03	2.072416e+05
9.591400e-01	2.343179e+05	-1.154588e-01	2.325964e-01	0.000000e+00	-7.885493e+02	2.351064e+05
9.603300e-01	2.337334e+05	-1.157358e-01	2.329279e-01	0.000000e+00	-7.010760e+02	2.344345e+05
9.615200e-01	2.161105e+05	-1.160132e-01	2.332464e-01	0.000000e+00	-5.751074e+02	2.166856e+05
9.627100e-01	2.202509e+05	-1.162909e-01	2.335555e-01	0.000000e+00	-5.992898e+02	2.208502e+05
9.639000e-01	2.333109e+05	-1.165690e-01	2.338767e-01	0.000000e+00	-1.367175e+03	2.346780e+05
9.650900e-01	2.132876e+05	-1.168476e-01	2.341929e-01	0.000000e+00	-1.143792e+03	2.144314e+05
9.662800e-01	2.309179e+05	-1.171264e-01	2.345075e-01	0.000000e+00	-1.267033e+03	2.321849e+05
9.674700e-01	2.202444e+05	-1.174057e-01	2.348270e-01	0.000000e+00	-2.701281e+03	2.229457e+05
9.686600e-01	2.081818e+05	-1.176853e-01	2.351304e-01	0.000000e+00	-2.510212e+03	2.106920e+05
9.698500e-01	2.152716e+05	-1.179653e-01	2.354303e-01	0.000000e+00	-2.007836e+03	2.172794e+05
9.710400e-01	2.203506e+05	-1.182456e-01	2.357388e-01	0.000000e+00	-1.704947e+03	2.220556e+05
9.722300e-01	2.098246e+05	-1.185264e-01	2.360434e-01	0.000000e+00	-9.841485e+02	2.108087e+05
9.734200e-01	2.122025e+05	-1.188074e-01	2.363423e-01	0.000000e+00	0.000000e+00	2.122025e+05
9.746100e-01	2.127049e+05	-1.190888e-01	2.366432e-01	0.000000e+00	0.000000e+00	2.127049e+05
9.758000e-01	2.073510e+05	-1.193706e-01	2.369406e-01	0.000000e+00	-1.771202e+03	2.091223e+05
9.769900e-01	2.114423e+05	-1.196528e-01	2.372372e-01	0.000000e+00	-1.624643e+03	2.130669e+05
9.781800e-01	2.401642e+05	-1.199353e-01	2.375570e-01	0.000000e+00	-8.211275e+02	2.409853e+05
9.793700e-01	2.284841e+05	-1.202181e-01	2.378889e-01	0.000000e+00	-1.518911e+03	2.300030e+05
9.805600e-01	2.083862e+05	-1.205014e-01	2.381983e-01	0.000000e+00	-1.822327e+03	2.102085e+05
9.817500e-01	2.382209e+05	-1.207851e-01	2.385145e-01	0.000000e+00	-8.451503e+02	2.390660e+05
9.829400e-01	2.306754e+05	-1.210691e-01	2.388466e-01	0.000000e+00	-7.137593e+02	2.313891e+05
9.841300e-01	2.205529e+05	-1.213535e-01	2.391661e-01	0.000000e+00	-3.542744e+02	2.209071e+05
9.853200e-01	2.186299e+05	-1.216383e-01	2.394772e-01	0.000000e+00	-7.923929e+02	2.194223e+05
9.865100e-01	2.277396e+05	-1.219235e-01	2.397933e-01	0.000000e+00	-1.308901e+03	2.290485e+05
9.877000e-01	2.336436e+05	-1.222090e-01	2.401200e-01	0.000000e+00	-2.585478e+03	2.362291e+05
9.888900e-01	2.168697e+05	-1.224950e-01	2.404390e-01	0.000000e+00	-2.044072e+02	2.170741e+05
9.900800e-01	2.073895e+05	-1.227813e-01	2.407395e-01	0.000000e+00	-7.634766e+02	2.081530e+05
9.912700e-01	2.121698e+05	-1.230679e-01	2.410366e-01	0.000000e+00	-1.995775e+02	2.123693e+05
9.924600e-01	2.139597e+05	-1.233549e-01	2.413384e-01	0.000000e+00	-1.249272e+03	2.152089e+05
9.936500e-01	2.040849e+05	-1.236423e-01	2.416344e-01	0.000000e+00	-3.431809e+02	2.044281e+05
9.948400e-01	2.305660e+05	-1.239300e-01	2.419422e-01	0.000000e+00	-7.289778e+02	2.312950e+05
9.960300e-01	2.382798e+05	-1.242181e-01	2.422742e-01	0.000000e+00	-1.210220e+03	2.394900e+05
9.972200e-01	2.348764e+05	-1.245066e-01	2.426093e-01	0.000000e+00	-4.704520e+02	2.353468e+05
9.984100e-01	2.273761e+05	-1.247955e-01	2.429367e-01	0.000000e+00	-1.682099e+02	2.275443e+05
9.996000e-01	2.236540e+05	-1.250848e-01	2.432561e-01	0.000000e+00	-1.519090e+03	2.251731e+05
1.000790e+00	1.978213e+05	-1.253745e-01	2.435545e-01	0.000000e+00	-9.784982e+02	1.987998e+05
1.001980e+00	2.097861e+05	-1.256645e-01	2.438432e-01	0.000000e+00	-1.630484e+03	2.114165e+05
1.003170e+00	2.099548e+05	-1.259548e-01	2.441404e-01	0.000000e+00	-9.188697e+02	2.108737e+05
1.004360e+00	2.069176e+05	-1.262455e-01	2.444356e-01	0.000000e+00	-1.481603e+03	2.083992e+05
1.005550e+00	1.910683e+05	-1.265366e-01	2.447175e-01	0.000000e+00	-5.175957e+02	1.915859e+05
1.006740e+00	2.187523e+05	-1.268280e-01	2.450077e-01	0.000000e+00	-3.486735e+02	2.191010e+05
1.007930e+00	2.225215e+05	-1.271197e-01	2.453202e-01	0.000000e+00	-5.617867e+02	2.230833e+05
1.009120e+00	2.070759e+05	-1.274118e-01	2.456244e-01	0.000000e+00	-1.118886e+03	2.081947e+05
1.010310e+00	2.133801e+05	-1.277043e-01	2.459222e-01	0.000000e+00	-7.642379e+02	2.141444e+05
1.011500e+00	2.233081e+05	-1.279971e-01	2.462314e-01	0.000000e+00	-7.609827e+01	2.233842e+05
1.012690e+00	2.211589e+05	-1.282903e-01	2.465462e-01	0.000000e+00	-6.268455e+02	2.217858e+05
1.013880e+00	2.288725e+05	-1.285839e-01	2.468649e-01	0.000000e+00	-2.173215e+03	2.310457e+05
1.015070e+00	2.299615e+05	-1.288779e-01	2.471898e-01	0.000000e+00	-1.190548e+03	2.311520e+05
1.016260e+00	2.033272e+05	-1.291722e-01	2.474966e-01	0.000000e+00	-6.361833e+02	2.039634e+05
1.017450e+00	2.148795e+05	-1.294669e-01	2.477928e-01	0.000000e+00	-1.644921e+03	2.165245e+05
1.018640e+00	2.182637e+05	-1.297620e-01	2.480995e-01	0.000000e+00	-2.135895e+03	2.203996e+05
1.019830e+00	2.233220e+05	-1.300574e-01	2.484123e-01	0.000000e+00	-1.459970e+03	2.247819e+05
1.021020e+00	2.238884e+05	-1.303532e-01	2.487290e-01	0.000000e+00	-1.056792e+03	2.249452e+05
1.022210e+00	2.226291e+05	-1.306494e-01	2.490452e-01	0.000000e+00	-4.265234e+02	2.230557e+05
1.023400e+00	2.256869e+05	-1.309459e-01	2.493626e-01	0.000000e+00	-2.456915e+03	2.281439e+05
1.024590e+00	2.073812e+05	-1.312428e-01	2.496693e-01	0.000000e+00	-2.158579e+03	2.095398e+05
1.025780e+00	2.022279e+05	-1.315401e-01	2.499594e-01	0.000000e+00	-2.048748e+03	2.042766e+05
1.026970e+00	2.087802e+05	-1.318377e-01	2.502505e-01	0.000000e+00	-1.945758e+03	2.107260e+05
1.028160e+00	2.318662e+05	-1.321357e-01	2.505625e-01	0.000000e+00	-1.047511e+03	2.329138e+05
1.029350e+00	2.132984e+05	-1.324341e-01	2.508778e-01	0.000000e+00	-5.431068e+02	2.138415e+05
1.030540e+00	2.342236e+05	-1.327328e-01	2.511947e-01	0.000000e+00	-1.896723e+03	2.361204e+05
1.031730e+00	2.176499e+05	-1.330319e-01	2.515147e-01	0.000000e+00	-2.602187e+03	2.202521e+05
1.032920e+00	1.977575e+05	-1.333314e-01	2.518089e-01	0.000000e+00	-2.793302e+02	1.980369e+05
1.034110e+00	2.147034e+05	-1.336312e-01	2.521010e-01	0.000000e+00	-3.039847e+03	2.177433e+05
1.035300e+00	2.026556e+05	-1.339314e-01	2.523965e-01	0.000000e+00	-1.152239e+03	2.038078e+05
1.036490e+00	2.038315e+05	-1.342319e-01	2.526844e-01	0.000000e+00	-2.119672e+03	2.059511e+05
1.037680e+00	2.142715e+05	-1.345328e-01	2.529805e-01	0.000000e+00	-1.269301e+03	2.155408e+05
1.038870e+00	2.097350e+05	-1.348340e-01	2.532807e-01	0.000000e+00	-9.301089e+02	2.106651e+05
1.040060e+00	2.119822e+05	-1.351356e-01	2.535794e-01	0.000000e+00	-1.523230e+03	2.135054e+05
1.041250e+00	2.186539e+05	-1.354375e-01	2.538843e-01	0.000000e+00	-1.915319e+03	2.205692e+05
1.042440e+00	2.161365e+05	-1.357399e-01	2.541922e-01	0.000000e+00	-4.360695e+02	2.165725e+05
1.043630e+00	2.132168e+05	-1.360425e-01	2.544963e-01	0.000000e+00	-8.466412e+02	2.140634e+05
1.044820e+00	2.368055e+05	-1.363456e-01	2.548150e-01	0.000000e+00	-7.739572e+02	2.375794e+05
1.046010e+00	2.316895e+05	-1.366490e-01	2.551467e-01	0.000000e+00	-1.242764e+02	2.318137e+05
1.047200e+00	2.061934e+05	-1.369528e-01	2.554568e-01	0.000000e+00	-7.160597e+02	2.069095e+05
1.048390e+00	2.233048e+05	-1.372570e-01	2.557610e-01	0.000000e+00	-9.225493e+02	2.242273e+05
1.049580e+00	2.197458e+05	-1.375615e-01	2.560747e-01	0.000000e+00	-2.438795e+03	2.221846e+05
1.050770e+00	2.157603e+05	-1.378664e-01	2.563832e-01	0.000000e+00	-1.263017e+03	2.170233e+05
1.051960e+00	2.112299e+05	-1.381717e-01	2.566855e-01	0.000000e+00	-1.178767e+03	2.124086e+05
1.053150e+00	2.100779e+05	-1.384773e-01	2.569839e-01	0.000000e+00	-7.922478e+01	2.101571e+05
1.054340e+00	2.157102e+05	-1.387833e-01	2.572854e-01	0.000000e+00	0.000000e+00	2.157102e+05
1.055530e+00	2.157650e+05	-1.390897e-01	2.575910e-01	0.000000e+00	-4.285157e+02	2.161935e+05
1.056720e+00	2.153353e+05	-1.393964e-01	2.578963e-01	0.000000e+00	-1.079387e+03	2.164147e+05
1.057910e+00	2.150139e+05	-1.397035e-01	2.582010e-01	0.000000e+00	-5.273064e+02	2.155412e+05
1.059100e+00	2.190269e+05	-1.400109e-01	2.585084e-01	0.000000e+00	-2.430682e+03	2.214576e+05
1.060290e+00	2.187426e+05	-1.403187e-01	2.588184e-01	0.000000e+00	-1.416461e+03	2.201591e+05
1.061480e+00	2.043955e+05	-1.406269e-01	2.591181e-01	0.000000e+00	-2.149007e+02	2.046104e+05
1.062670e+00	2.177235e+05	-1.409354e-01	2.594170e-01	0.000000e+00	-2.088683e+03	2.198121e+05
1.063860e+00	2.120157e+05	-1.412443e-01	2.597213e-01	0.000000e+00	-2.174250e+02	2.122331e+05
1.065050e+00	2.060956e+05	-1.415536e-01	2.600174e-01	0.000000e+00	-9.746814e+02	2.070703e+05
1.066240e+00	2.250867e+05	-1.418632e-01	2.603228e-01	0.000000e+00	-1.181025e+03	2.262677e+05
1.067430e+00	2.336700e+05	-1.421731e-01	2.606476e-01	0.000000e+00	-2.442231e+03	2.361123e+05
1.068620e+00	2.307191e+05	-1.424835e-01	2.609765e-01	0.000000e+00	-1.026394e+03	2.317455e+05
1.069810e+00	2.066955e+05	-1.427943e-01	2.612863e-01	0.000000e+00	-7.916772e+02	2.074872e+05
1.071000e+00	2.013099e+05	-1.431054e-01	2.615752e-01	0.000000e+00	-1.147017e+03	2.024569e+05
1.072190e+00	2.265885e+05	-1.434168e-01	2.618782e-01	0.000000e+00	-6.659125e+02	2.272544e+05
1.073380e+00	2.381678e+05	-1.437286e-01	2.622073e-01	0.000000e+00	-1.744237e+02	2.383423e+05
1.074570e+00	2.261386e+05	-1.440409e-01	2.625361e-01	0.000000e+00	-2.292144e+02	2.263678e+05
1.075760e+00	2.312397e+05	-1.443535e-01	2.628600e-01	0.000000e+00	-1.803295e+03	2.330430e+05
1.076950e+00	2.354780e+05	-1.446665e-01	2.631906e-01	0.000000e+00	-1.352721e+03	2.368307e+05
1.078140e+00	2.322929e+05	-1.449799e-01	2.635218e-01	0.000000e+00	-8.164505e+02	2.331093e+05
1.079330e+00	2.079739e+05	-1.452936e-01	2.638336e-01	0.000000e+00	-4.575131e+02	2.084314e+05
1.080520e+00	2.267265e+05	-1.456078e-01	2.641414e-01	0.000000e+00	-1.456986e+03	2.281835e+05
1.081710e+00	2.282250e+05	-1.459223e-01	2.644636e-01	0.000000e+00	-1.640856e+03	2.298658e+05
1.082900e+00	2.216784e+05	-1.462372e-01	2.647822e-01	0.000000e+00	-1.100165e+03	2.227786e+05
1.084090e+00	2.039939e+05	-1.465525e-01	2.650837e-01	0.000000e+00	-9.597963e+02	2.049537e+05
1.085280e+00	1.992427e+05	-1.468681e-01	2.653692e-01	0.000000e+00	-1.107372e+03	2.003501e+05
1.086470e+00	2.217517e+05	-1.471841e-01	2.656674e-01	0.000000e+00	0.000000e+00	2.217517e+05
1.087660e+00	2.318038e+05	-1.475004e-01	2.659886e-01	0.000000e+00	0.000000e+00	2.318038e+05
1.088850e+00	2.173636e+05	-1.478171e-01	2.663066e-01	0.000000e+00	-6.350198e+02	2.179986e+05
1.090040e+00	2.066992e+05	-1.481342e-01	2.666069e-01	0.000000e+00	-3.720672e+02	2.070712e+05
1.091230e+00	2.114522e+05	-1.484516e-01	2.669031e-01	0.000000e+00	-1.163626e+03	2.126158e+05
1.092420e+00	2.035504e+05	-1.487694e-01	2.671970e-01	0.000000e+00	-1.011830e+03	2.045622e+05
1.093610e+00	2.028160e+05	-1.490876e-01	2.674847e-01	0.000000e+00	-1.714583e+03	2.045306e+05
1.094800e+00	2.127149e+05	-1.494060e-01	2.677790e-01	0.000000e+00	-1.552139e+02	2.128701e+05
1.095990e+00	2.205510e+05	-1.497249e-01	2.680858e-01	0.000000e+00	-8.300130e+02	2.213810e+05
1.097180e+00	2.073779e+05	-1.500441e-01	2.683889e-01	0.000000e+00	-8.248431e+02	2.082027e+05
1.098370e+00	2.224770e+05	-1.503636e-01	2.686933e-01	0.000000e+00	-1.952624e+03	2.244296e+05
1.099560e+00	2.319901e+05	-1.506836e-01	2.690151e-01	0.000000e+00	-1.462083e+03	2.334522e+05
1.100750e+00	2.328005e+05	-1.510039e-01	2.693443e-01	0.000000e+00	-8.024664e+02	2.336029e+05
1.101940e+00	2.353948e+05	-1.513246e-01	2.696758e-01	0.000000e+00	0.000000e+00	2.353948e+05
1.103130e+00	2.052977e+05	-1.516457e-01	2.699879e-01	0.000000e+00	-5.673495e+02	2.058651e+05
1.104320e+00	2.065409e+05	-1.519672e-01	2.702795e-01	0.000000e+00	-2.729866e+02	2.068139e+05
1.105510e+00	2.427392e+05	-1.522890e-01	2.705977e-01	0.000000e+00	0.000000e+00	2.427392e+05
1.106700e+00	2.391497e+05	-1.526112e-01	2.709390e-01	0.000000e+00	-2.770658e+02	2.394267e+05
1.107890e+00	2.243109e+05	-1.529338e-01	2.712672e-01	0.000000e+00	-2.483738e+03	2.267946e+05
1.109080e+00	2.139852e+05	-1.532568e-01	2.715776e-01	0.000000e+00	-6.005405e+02	2.145857e+05
1.110270e+00	2.174582e+05	-1.535802e-01	2.718831e-01	0.000000e+00	0.000000e+00	2.174582e+05
1.111460e+00	2.198759e+05	-1.539039e-01	2.721928e-01	0.000000e+00	-7.811855e+02	2.206571e+05
1.112650e+00	2.531899e+05	-1.542280e-01	2.725278e-01	0.000000e+00	-5.915068e+01	2.532491e+05
1.113840e+00	2.127727e+05	-1.545525e-01	2.728578e-01	0.000000e+00	-8.685176e+02	2.136412e+05
1.115030e+00	2.066338e+05	-1.548774e-01	2.731548e-01	0.000000e+00	-8.121547e+02	2.074459e+05
1.116220e+00	1.973006e+05	-1.552026e-01	2.734408e-01	0.000000e+00	-6.608653e+02	1.979615e+05
1.117410e+00	2.322199e+05	-1.555282e-01	2.737450e-01	0.000000e+00	-1.690222e+03	2.339101e+05
1.118600e+00	2.484426e+05	-1.558541e-01	2.740854e-01	0.000000e+00	-8.576609e+02	2.493003e+05
1.119790e+00	2.421255e+05	-1.561805e-01	2.744328e-01	0.000000e+00	-4.537920e+02	2.425793e+05
1.120980e+00	2.373697e+05	-1.565073e-01	2.747724e-01	0.000000e+00	-1.368044e+03	2.387378e+05
1.122170e+00	2.319175e+05	-1.568345e-01	2.751047e-01	0.000000e+00	-1.143217e+01	2.319289e+05
1.123360e+00	2.207791e+05	-1.571620e-01	2.754253e-01	0.000000e+00	-2.933606e+02	2.210725e+05
1.124550e+00	2.133371e+05	-1.574900e-01	2.757327e-01	0.000000e+00	-2.054647e+03	2.153917e+05
1.125740e+00	2.142143e+05	-1.578183e-01	2.760355e-01	0.000000e+00	-1.853673e+03	2.160680e+05
1.126930e+00	2.115233e+05	-1.581470e-01	2.763370e-01	0.000000e+00	0.000000e+00	2.115233e+05
1.128120e+00	2.347818e+05	-1.584760e-01	2.766530e-01	0.000000e+00	-9.339505e+02	2.357158e+05
1.129310e+00	2.250690e+05	-1.588054e-01	2.769787e-01	0.000000e+00	-7.467217e+02	2.258157e+05
1.130500e+00	2.179872e+05	-1.591352e-01	2.772924e-01	0.000000e+00	-5.743685e+02	2.185616e+05
1.131690e+00	2.268631e+05	-1.594653e-01	2.776075e-01	0.000000e+00	-1.088817e+03	2.279520e+05
1.132880e+00	2.314107e+05	-1.597959e-01	2.779320e-01	0.000000e+00	-5.285141e+02	2.319393e+05
1.134070e+00	2.174632e+05	-1.601268e-01	2.782499e-01	0.000000e+00	-9.365635e+02	2.183998e+05
1.135260e+00	2.135568e+05	-1.604581e-01	2.785551e-01	0.000000e+00	-2.330810e+02	2.137899e+05
1.136450e+00	2.121276e+05	-1.607898e-01	2.788566e-01	0.000000e+00	-7.349686e+02	2.128626e+05
1.137640e+00	2.143054e+05	-1.611218e-01	2.791586e-01	0.000000e+00	-5.158350e+02	2.148213e+05
1.138830e+00	2.027048e+05	-1.614542e-01	2.794539e-01	0.000000e+00	-7.031313e+02	2.034079e+05
1.140020e+00	2.238646e+05	-1.617869e-01	2.797559e-01	0.000000e+00	-5.670735e+02	2.244316e+05
1.141210e+00	2.240145e+05	-1.621200e-01	2.800731e-01	0.000000e+00	0.000000e+00	2.240145e+05
1.142400e+00	2.318897e+05	-1.624535e-01	2.803960e-01	0.000000e+00	-7.215903e+02	2.326112e+05
1.143590e+00	2.123976e+05	-1.627873e-01	2.807106e-01	0.000000e+00	-2.768884e+02	2.126745e+05
1.144780e+00	1.968986e+05	-1.631216e-01	2.810005e-01	0.000000e+00	-1.522530e+03	1.984211e+05
1.145970e+00	2.374022e+05	-1.634561e-01	2.813080e-01	0.000000e+00	0.000000e+00	2.374022e+05
1.147160e+00	2.257413e+05	-1.637911e-01	2.816360e-01	0.000000e+00	0.000000e+00	2.257413e+05
1.148350e+00	2.240975e+05	-1.641264e-01	2.819546e-01	0.000000e+00	0.000000e+00	2.240975e+05
1.149540e+00	2.234054e+05	-1.644621e-01	2.822715e-01	0.000000e+00	-8.699736e+02	2.242754e+05
1.150730e+00	2.220984e+05	-1.647982e-01	2.825869e-01	0.000000e+00	-8.106987e+02	2.229091e+05
1.151920e+00	2.118428e+05	-1.651347e-01	2.828943e-01	0.000000e+00	0.000000e+00	2.118428e+05
1.153110e+00	2.073189e+05	-1.654715e-01	2.831911e-01	0.000000e+00	0.000000e+00	2.073189e+05
1.154300e+00	2.240002e+05	-1.658087e-01	2.834965e-01	0.000000e+00	-3.525147e+02	2.243527e+05
1.155490e+00	2.261081e+05	-1.661462e-01	2.838153e-01	0.000000e+00	-4.878214e+02	2.265960e+05
1.156680e+00	2.311440e+05	-1.664842e-01	2.841391e-01	0.000000e+00	0.000000e+00	2.311440e+05
1.157870e+00	2.052961e+05	-1.668225e-01	2.844482e-01	0.000000e+00	0.000000e+00	2.052961e+05
1.159060e+00	2.078889e+05	-1.671611e-01	2.847408e-01	0.000000e+00	-4.346281e+02	2.083235e+05
1.160250e+00	2.192621e+05	-1.675002e-01	2.850433e-01	0.000000e+00	-1.225875e+03	2.204880e+05
1.161440e+00	2.313948e+05	-1.678396e-01	2.853624e-01	0.000000e+00	-2.016945e+01	2.314150e+05
1.162630e+00	2.240938e+05	-1.681793e-01	2.856850e-01	0.000000e+00	-2.053291e+02	2.242991e+05
1.163820e+00	2.281218e+05	-1.685195e-01	2.860052e-01	0.000000e+00	-6.350071e+02	2.287568e+05
1.165010e+00	2.338702e+05	-1.688600e-01	2.863324e-01	0.000000e+00	-1.648069e+02	2.340350e+05
1.166200e+00	2.470837e+05	-1.692010e-01	2.866730e-01	0.000000e+00	-6.755293e+02	2.477593e+05
1.167390e+00	2.112978e+05	-1.695423e-01	2.869976e-01	0.000000e+00	-9.876301e+01	2.113965e+05
1.168580e+00	2.319267e+05	-1.698840e-01	2.873114e-01	0.000000e+00	-7.415731e+02	2.326683e+05
1.169770e+00	2.451546e+05	-1.702261e-01	2.876493e-01	0.000000e+00	0.000000e+00	2.451546e+05
1.170960e+00	2.317773e+05	-1.705686e-01	2.879870e-01	0.000000e+00	0.000000e+00	2.317773e+05
1.172150e+00	2.398888e+05	-1.709115e-01	2.883211e-01	0.000000e+00	-4.193206e+02	2.403081e+05
1.173340e+00	2.116142e+05	-1.712548e-01	2.886408e-01	0.000000e+00	-6.076165e+02	2.122219e+05
1.174530e+00	2.228932e+05	-1.715985e-01	2.889485e-01	0.000000e+00	-6.537352e+02	2.235469e+05
1.175720e+00	2.140464e+05	-1.719425e-01	2.892579e-01	0.000000e+00	0.000000e+00	2.140464e+05
1.176910e+00	2.219058e+05	-1.722869e-01	2.895667e-01	0.000000e+00	0.000000e+00	2.219058e+05
1.178100e+00	2.023400e+05	-1.726317e-01	2.898671e-01	0.000000e+00	0.000000e+00	2.023400e+05
1.179290e+00	2.294199e+05	-1.729768e-01	2.901729e-01	0.000000e+00	0.000000e+00	2.294199e+05
1.180480e+00	2.333558e+05	-1.733223e-01	2.905006e-01	0.000000e+00	0.000000e+00	2.333558e+05
1.181670e+00	2.184521e+05	-1.736682e-01	2.908205e-01	0.000000e+00	-2.660551e+02	2.187182e+05
1.182860e+00	2.347565e+05	-1.740144e-01	2.911415e-01	0.000000e+00	-8.306861e+02	2.355872e+05
1.184050e+00	2.253918e+05	-1.743611e-01	2.914673e-01	0.000000e+00	-5.839311e+02	2.259757e+05
1.185240e+00	2.165482e+05	-1.747081e-01	2.917803e-01	0.000000e+00	0.000000e+00	2.165482e+05
1.186430e+00	2.177049e+05	-1.750555e-01	2.920878e-01	0.000000e+00	0.000000e+00	2.177049e+05
1.187620e+00	2.370022e+05	-1.754033e-01	2.924098e-01	0.000000e+00	0.000000e+00	2.370022e+05
1.188810e+00	2.113767e+05	-1.757515e-01	2.927274e-01	0.000000e+00	0.000000e+00	2.113767e+05
1.190000e+00	9.573700e+04	-1.761000e-01	2.929448e-01	0.000000e+00	0.000000e+00	9.573700e+04
