#x	rho	phi	ex	bz	rhok[0]	rhok[1]
0.000000e+00	-1.882292e+03	0.000000e+00	1.246326e-01	0.000000e+00	-2.722173e+03	8.398811e+02
1.190000e-03	-3.248238e+02	-1.483113e-04	1.246311e-01	0.000000e+00	-3.499876e+03	3.175052e+03
2.380000e-03	1.662419e+03	-2.966220e-04	1.246320e-01	0.000000e+00	-5.119734e+03	6.782153e+03
3.570000e-03	1.092443e+03	-4.449355e-04	1.246340e-01	0.000000e+00	-3.923680e+03	5.016123e+03
4.760000e-03	6.044846e+03	-5.932508e-04	1.246390e-01	0.000000e+00	-3.941701e+03	9.986547e+03
5.950000e-03	1.116238e+04	-7.415764e-04	1.246512e-01	0.000000e+00	-1.833711e+03	1.299609e+04
7.140000e-03	8.057375e+03	-8.899207e-04	1.246648e-01	0.000000e+00	-3.800150e+03	1.185753e+04
8.330000e-03	1.032075e+04	-1.038279e-03	1.246778e-01	0.000000e+00	-4.168044e+03	1.448879e+04
9.520000e-03	1.298065e+04	-1.186654e-03	1.246943e-01	0.000000e+00	-4.941316e+03	1.792197e+04
1.071000e-02	9.404109e+03	-1.335051e-03	1.247102e-01	0.000000e+00	-3.983119e+03	1.338723e+04
1.190000e-02	8.030832e+03	-1.483464e-03	1.247225e-01	0.000000e+00	-4.797213e+03	1.282804e+04
1.309000e-02	1.579979e+04	-1.631891e-03	1.247394e-01	0.000000e+00	-2.156960e+03	1.795675e+04
1.428000e-02	1.613604e+04	-1.780344e-03	1.247620e-01	0.000000e+00	-3.955063e+03	2.009110e+04
1.547000e-02	1.767256e+04	-1.928824e-03	1.247860e-01	0.000000e+00	-3.465330e+03	2.113789e+04
1.666000e-02	1.409122e+04	-2.077335e-03	1.248085e-01	0.000000e+00	-4.793484e+03	1.888471e+04
1.785000e-02	2.551251e+04	-2.225869e-03	1.248365e-01	0.000000e+00	-3.449833e+03	2.896234e+04
1.904000e-02	1.898691e+04	-2.374446e-03	1.248680e-01	0.000000e+00	-2.979763e+03	2.196667e+04
2.023000e-02	1.645006e+04	-2.523055e-03	1.248931e-01	0.000000e+00	-4.768989e+03	2.121905e+04
2.142000e-02	1.794461e+04	-2.671691e-03	1.249175e-01	0.000000e+00	-4.042794e+03	2.198740e+04
2.261000e-02	1.621163e+04	-2.820358e-03	1.249417e-01	0.000000e+00	-8.201353e+03	2.441298e+04
2.380000e-02	1.941909e+04	-2.969052e-03	1.249669e-01	0.000000e+00	-5.319833e+03	2.473892e+04
2.499000e-02	2.707201e+04	-3.117779e-03	1.249998e-01	0.000000e+00	-2.016717e+03	2.908873e+04
2.618000e-02	2.233296e+04	-3.266552e-03	1.250348e-01	0.000000e+00	-2.174245e+03	2.450721e+04
2.737000e-02	2.756446e+04	-3.415362e-03	1.250701e-01	0.000000e+00	-2.003869e+03	2.956833e+04
2.856000e-02	2.761688e+04	-3.564219e-03	1.251092e-01	0.000000e+00	-1.940421e+03	2.955730e+04
2.975000e-02	2.976471e+04	-3.713122e-03	1.251499e-01	0.000000e+00	-8.864688e+02	3.065118e+04
3.094000e-02	2.353528e+04	-3.862076e-03	1.251876e-01	0.000000e+00	-1.214006e+03	2.474928e+04
3.213000e-02	2.768477e+04	-4.011069e-03	1.252239e-01	0.000000e+00	-5.064066e+03	3.274883e+04
3.332000e-02	2.598666e+04	-4.160108e-03	1.252619e-01	0.000000e+00	-4.151863e+03	3.013852e+04
3.451000e-02	2.471391e+04	-4.309192e-03	1.252978e-01	0.000000e+00	-4.259527e+03	2.897344e+04
3.570000e-02	2.569845e+04	-4.458317e-03	1.253335e-01	0.000000e+00	-5.124013e+03	3.082246e+04
3.689000e-02	2.611349e+04	-4.607486e-03	1.253702e-01	0.000000e+00	-3.130304e+03	2.924380e+04
3.808000e-02	2.943830e+04	-4.756698e-03	1.254095e-01	0.000000e+00	-2.658687e+03	3.209699e+04
3.927000e-02	2.946802e+04	-4.905960e-03	1.254512e-01	0.000000e+00	-2.837269e+03	3.230529e+04
4.046000e-02	2.865996e+04	-5.055272e-03	1.254924e-01	0.000000e+00	-2.714122e+03	3.137408e+04
4.165000e-02	2.582702e+04	-5.204632e-03	1.255310e-01	0.000000e+00	-4.208507e+03	3.003553e+04
4.284000e-02	2.700786e+04	-5.354036e-03	1.255684e-01	0.000000e+00	-3.820480e+03	3.082834e+04
4.403000e-02	3.573429e+04	-5.503485e-03	1.256128e-01	0.000000e+00	-4.188794e+03	3.992308e+04
4.522000e-02	2.905948e+04	-5.652994e-03	1.256587e-01	0.000000e+00	-2.951811e+03	3.201129e+04
4.641000e-02	2.356244e+04	-5.802553e-03	1.256960e-01	0.000000e+00	-3.606713e+03	2.716915e+04
4.760000e-02	2.858823e+04	-5.952151e-03	1.257329e-01	0.000000e+00	-2.828829e+03	3.141706e+04
4.879000e-02	2.867319e+04	-6.101797e-03	1.257735e-01	0.000000e+00	-2.283572e+03	3.095676e+04
4.998000e-02	2.939875e+04	-6.251492e-03	1.258146e-01	0.000000e+00	-2.800822e+03	3.219957e+04
5.117000e-02	3.563041e+04	-6.401236e-03	1.258606e-01	0.000000e+00	-3.457168e+03	3.908758e+04
5.236000e-02	2.970588e+04	-6.551040e-03	1.259069e-01	0.000000e+00	-5.442838e+03	3.514872e+04
5.355000e-02	3.389436e+04	-6.700894e-03	1.259519e-01	0.000000e+00	-3.662422e+03	3.755679e+04
5.474000e-02	3.254333e+04	-6.850806e-03	1.259990e-01	0.000000e+00	-2.662081e+03	3.520542e+04
5.593000e-02	4.185757e+04	-7.000772e-03	1.260517e-01	0.000000e+00	-7.823279e+02	4.263989e+04
5.712000e-02	2.786822e+04	-7.150809e-03	1.261011e-01	0.000000e+00	-5.600139e+03	3.346836e+04
5.831000e-02	2.757105e+04	-7.300892e-03	1.261403e-01	0.000000e+00	-8.668315e+03	3.623936e+04
5.950000e-02	3.050646e+04	-7.451023e-03	1.261815e-01	0.000000e+00	-3.432102e+03	3.393856e+04
6.069000e-02	2.761206e+04	-7.601204e-03	1.262226e-01	0.000000e+00	-2.994756e+03	3.060681e+04
6.188000e-02	2.572573e+04	-7.751432e-03	1.262604e-01	0.000000e+00	-3.224617e+03	2.895035e+04
6.307000e-02	4.075020e+04	-7.901704e-03	1.263075e-01	0.000000e+00	-2.787990e+03	4.353819e+04
6.426000e-02	3.060517e+04	-8.052044e-03	1.263580e-01	0.000000e+00	-5.426476e+03	3.603165e+04
6.545000e-02	2.863263e+04	-8.202436e-03	1.263999e-01	0.000000e+00	-2.568724e+03	3.120135e+04
6.664000e-02	2.936143e+04	-8.352876e-03	1.264410e-01	0.000000e+00	-2.155214e+03	3.151665e+04
6.783000e-02	3.413200e+04	-8.503366e-03	1.264860e-01	0.000000e+00	-2.522076e+03	3.665408e+04
6.902000e-02	4.998155e+04	-8.653913e-03	1.265455e-01	0.000000e+00	-3.155926e+03	5.313748e+04
7.021000e-02	4.320919e+04	-8.804544e-03	1.266115e-01	0.000000e+00	-2.996052e+03	4.620525e+04
7.140000e-02	3.280050e+04	-8.955248e-03	1.266654e-01	0.000000e+00	-5.362290e+03	3.816279e+04
7.259000e-02	2.599514e+04	-9.106008e-03	1.267070e-01	0.000000e+00	-6.906133e+03	3.290127e+04
7.378000e-02	3.457725e+04	-9.256811e-03	1.267499e-01	0.000000e+00	-3.897548e+03	3.847480e+04
7.497000e-02	4.002846e+04	-9.407672e-03	1.268027e-01	0.000000e+00	-3.931777e+03	4.396024e+04
7.616000e-02	3.428914e+04	-9.558601e-03	1.268554e-01	0.000000e+00	-3.071191e+03	3.736034e+04
7.735000e-02	2.891854e+04	-9.709588e-03	1.269001e-01	0.000000e+00	-3.013841e+03	3.193238e+04
7.854000e-02	2.938016e+04	-9.860624e-03	1.269414e-01	0.000000e+00	-4.869239e+03	3.424940e+04
7.973000e-02	2.809457e+04	-1.001171e-02	1.269821e-01	0.000000e+00	-6.042720e+03	3.413729e+04
8.092000e-02	3.270010e+04	-1.016284e-02	1.270252e-01	0.000000e+00	-4.759862e+03	3.745996e+04
8.211000e-02	3.118322e+04	-1.031403e-02	1.270704e-01	0.000000e+00	-4.639537e+03	3.582276e+04
8.330000e-02	3.624895e+04	-1.046527e-02	1.271181e-01	0.000000e+00	-4.750286e+03	4.099923e+04
8.449000e-02	2.815902e+04	-1.061657e-02	1.271638e-01	0.000000e+00	-3.734571e+03	3.189359e+04
8.568000e-02	3.344936e+04	-1.076792e-02	1.272074e-01	0.000000e+00	-5.406300e+03	3.885566e+04
8.687000e-02	3.150980e+04	-1.091932e-02	1.272534e-01	0.000000e+00	-3.587434e+03	3.509723e+04
8.806000e-02	2.214145e+04	-1.107078e-02	1.272914e-01	0.000000e+00	-4.389399e+03	2.653085e+04
8.925000e-02	3.166545e+04	-1.122228e-02	1.273295e-01	0.000000e+00	-3.896913e+03	3.556236e+04
9.044000e-02	2.839434e+04	-1.137383e-02	1.273720e-01	0.000000e+00	-3.771201e+03	3.216554e+04
9.163000e-02	3.475562e+04	-1.152542e-02	1.274167e-01	0.000000e+00	-5.468907e+03	4.022453e+04
9.282000e-02	3.871024e+04	-1.167708e-02	1.274688e-01	0.000000e+00	-2.212563e+03	4.092280e+04
9.401000e-02	2.643732e+04	-1.182880e-02	1.275149e-01	0.000000e+00	-2.716991e+03	2.915431e+04
9.520000e-02	2.977280e+04	-1.198056e-02	1.275547e-01	0.000000e+00	-2.242177e+03	3.201498e+04
9.639000e-02	3.331440e+04	-1.213238e-02	1.275994e-01	0.000000e+00	-2.025296e+03	3.533969e+04
9.758000e-02	2.824099e+04	-1.228425e-02	1.276430e-01	0.000000e+00	-3.139586e+03	3.138057e+04
9.877000e-02	3.329430e+04	-1.243617e-02	1.276866e-01	0.000000e+00	-2.552863e+03	3.584716e+04
9.996000e-02	3.054173e+04	-1.258814e-02	1.277318e-01	0.000000e+00	-5.198842e+03	3.574057e+04
1.011500e-01	2.655239e+04	-1.274017e-02	1.277722e-01	0.000000e+00	-5.926410e+03	3.247880e+04
1.023400e-01	3.104344e+04	-1.289224e-02	1.278130e-01	0.000000e+00	-5.333223e+03	3.637666e+04
1.035300e-01	2.653290e+04	-1.304436e-02	1.278538e-01	0.000000e+00	-5.141066e+03	3.167397e+04
1.047200e-01	3.426097e+04	-1.319653e-02	1.278968e-01	0.000000e+00	-4.419007e+03	3.867998e+04
1.059100e-01	3.664405e+04	-1.334876e-02	1.279470e-01	0.000000e+00	-2.197654e+03	3.884170e+04
1.071000e-01	3.919686e+04	-1.350105e-02	1.280007e-01	0.000000e+00	-3.894845e+03	4.309170e+04
1.082900e-01	2.852778e+04	-1.365340e-02	1.280487e-01	0.000000e+00	-3.610914e+03	3.213869e+04
1.094800e-01	3.096194e+04	-1.380580e-02	1.280908e-01	0.000000e+00	-3.301177e+03	3.426311e+04
1.106700e-01	3.492335e+04	-1.395826e-02	1.281375e-01	0.000000e+00	-4.650577e+03	3.957393e+04
1.118600e-01	3.656021e+04	-1.411077e-02	1.281881e-01	0.000000e+00	-4.183127e+03	4.074334e+04
1.130500e-01	3.628189e+04	-1.426334e-02	1.282397e-01	0.000000e+00	-4.773319e+03	4.105521e+04
1.142400e-01	3.045896e+04	-1.441598e-02	1.282869e-01	0.000000e+00	-5.176569e+03	3.563553e+04
1.154300e-01	3.255784e+04	-1.456867e-02	1.283316e-01	0.000000e+00	-2.990570e+03	3.554841e+04
1.166200e-01	3.294850e+04	-1.472141e-02	1.283780e-01	0.000000e+00	-3.750761e+03	3.669926e+04
1.178100e-01	3.431977e+04	-1.487421e-02	1.284256e-01	0.000000e+00	-4.907450e+03	3.922722e+04
1.190000e-01	2.913853e+04	-1.502706e-02	1.284705e-01	0.000000e+00	-3.764980e+03	3.290351e+04
1.201900e-01	4.093811e+04	-1.517997e-02	1.285202e-01	0.000000e+00	-1.836724e+03	4.277483e+04
1.213800e-01	2.981334e+04	-1.533294e-02	1.285703e-01	0.000000e+00	-2.436848e+03	3.225019e+04
1.225700e-01	2.092692e+04	-1.548596e-02	1.286062e-01	0.000000e+00	-5.782804e+03	2.670972e+04
1.237600e-01	4.278872e+04	-1.563902e-02	1.286513e-01	0.000000e+00	-3.548836e+03	4.633755e+04
1.249500e-01	3.695316e+04	-1.579215e-02	1.287078e-01	0.000000e+00	-2.403539e+03	3.935670e+04
1.261400e-01	3.180367e+04	-1.594535e-02	1.287565e-01	0.000000e+00	-2.837682e+03	3.464136e+04
1.273300e-01	3.486411e+04	-1.609859e-02	1.288037e-01	0.000000e+00	-4.036911e+03	3.890102e+04
1.285200e-01	3.965722e+04	-1.625190e-02	1.288565e-01	0.000000e+00	-4.059724e+03	4.371694e+04
1.297100e-01	4.495351e+04	-1.640527e-02	1.289164e-01	0.000000e+00	-3.301854e+03	4.825536e+04
1.309000e-01	3.057538e+04	-1.655872e-02	1.289699e-01	0.000000e+00	-4.477214e+03	3.505259e+04
1.320900e-01	3.206709e+04	-1.671222e-02	1.290142e-01	0.000000e+00	-3.276466e+03	3.534356e+04
1.332800e-01	3.344688e+04	-1.686578e-02	1.290606e-01	0.000000e+00	-7.582573e+03	4.102946e+04
1.344700e-01	2.799925e+04	-1.701939e-02	1.291041e-01	0.000000e+00	-3.775767e+03	3.177502e+04
1.356600e-01	3.134500e+04	-1.717304e-02	1.291462e-01	0.000000e+00	-4.807487e+03	3.615249e+04
1.368500e-01	3.121878e+04	-1.732675e-02	1.291905e-01	0.000000e+00	-6.387103e+03	3.760588e+04
1.380400e-01	3.555348e+04	-1.748052e-02	1.292378e-01	0.000000e+00	-4.258410e+03	3.981189e+04
1.392300e-01	4.188704e+04	-1.763434e-02	1.292926e-01	0.000000e+00	-1.732666e+03	4.361970e+04
1.404200e-01	3.769053e+04	-1.778823e-02	1.293489e-01	0.000000e+00	-7.492198e+02	3.843975e+04
1.416100e-01	3.799398e+04	-1.794219e-02	1.294025e-01	0.000000e+00	-3.540440e+03	4.153442e+04
1.428000e-01	3.776503e+04	-1.809621e-02	1.294562e-01	0.000000e+00	-2.394687e+03	4.015972e+04
1.439900e-01	1.840747e+04	-1.825030e-02	1.294960e-01	0.000000e+00	-4.874747e+03	2.328222e+04
1.451800e-01	2.071563e+04	-1.840441e-02	1.295237e-01	0.000000e+00	-4.522438e+03	2.523807e+04
1.463700e-01	2.257209e+04	-1.855856e-02	1.295543e-01	0.000000e+00	-3.061116e+03	2.563321e+04
1.475600e-01	3.205534e+04	-1.871275e-02	1.295930e-01	0.000000e+00	-9.466906e+02	3.300203e+04
1.487500e-01	2.882410e+04	-1.886699e-02	1.296361e-01	0.000000e+00	-4.126336e+03	3.295044e+04
1.499400e-01	3.531953e+04	-1.902128e-02	1.296816e-01	0.000000e+00	-4.255833e+03	3.957536e+04
1.511300e-01	2.310280e+04	-1.917564e-02	1.297229e-01	0.000000e+00	-3.640727e+03	2.674353e+04
1.523200e-01	3.846057e+04	-1.933003e-02	1.297665e-01	0.000000e+00	-2.208985e+03	4.066956e+04
1.535100e-01	4.564039e+04	-1.948448e-02	1.298261e-01	0.000000e+00	-3.496033e+03	4.913643e+04
1.547000e-01	2.805880e+04	-1.963901e-02	1.298783e-01	0.000000e+00	-4.222611e+03	3.228141e+04
1.558900e-01	4.429393e+04	-1.979359e-02	1.299295e-01	0.000000e+00	-2.015277e+03	4.630920e+04
1.570800e-01	3.093828e+04	-1.994824e-02	1.299828e-01	0.000000e+00	-2.518579e+03	3.345686e+04
1.582700e-01	3.330810e+04	-2.010295e-02	1.300283e-01	0.000000e+00	-3.430443e+03	3.673855e+04
1.594600e-01	3.255061e+04	-2.025771e-02	1.300749e-01	0.000000e+00	-4.109416e+03	3.666002e+04
1.606500e-01	2.877174e+04	-2.041253e-02	1.301184e-01	0.000000e+00	-5.881616e+03	3.465336e+04
1.618400e-01	3.121990e+04	-2.056739e-02	1.301608e-01	0.000000e+00	-3.807457e+03	3.502735e+04
1.630300e-01	3.399090e+04	-2.072231e-02	1.302070e-01	0.000000e+00	-2.438193e+03	3.642909e+04
1.642200e-01	3.338157e+04	-2.087729e-02	1.302547e-01	0.000000e+00	-4.107329e+03	3.748889e+04
1.654100e-01	3.198988e+04	-2.103232e-02	1.303010e-01	0.000000e+00	-3.087998e+03	3.507788e+04
1.666000e-01	2.721533e+04	-2.118740e-02	1.303429e-01	0.000000e+00	-6.059986e+03	3.327532e+04
1.677900e-01	2.522620e+04	-2.134253e-02	1.303801e-01	0.000000e+00	-6.636646e+03	3.186284e+04
1.689800e-01	3.076692e+04	-2.149771e-02	1.304197e-01	0.000000e+00	-4.706549e+03	3.547347e+04
1.701700e-01	3.799349e+04	-2.165293e-02	1.304684e-01	0.000000e+00	-2.615268e+03	4.060875e+04
1.713600e-01	3.598346e+04	-2.180822e-02	1.305208e-01	0.000000e+00	-4.675877e+03	4.065933e+04
1.725500e-01	3.828442e+04	-2.196357e-02	1.305734e-01	0.000000e+00	-3.551055e+03	4.183548e+04
1.737400e-01	4.674718e+04	-2.211899e-02	1.306336e-01	0.000000e+00	-2.547041e+03	4.929422e+04
1.749300e-01	3.744123e+04	-2.227448e-02	1.306932e-01	0.000000e+00	-2.171509e+03	3.961274e+04
1.761200e-01	3.449417e+04	-2.243004e-02	1.307442e-01	0.000000e+00	-2.560078e+03	3.705425e+04
1.773100e-01	3.397608e+04	-2.258565e-02	1.307927e-01	0.000000e+00	-3.293073e+03	3.726915e+04
1.785000e-01	2.867412e+04	-2.274132e-02	1.308370e-01	0.000000e+00	-4.614736e+03	3.328886e+04
1.796900e-01	2.339903e+04	-2.289704e-02	1.308739e-01	0.000000e+00	-2.126505e+03	2.552554e+04
1.808800e-01	3.850263e+04	-2.305280e-02	1.309178e-01	0.000000e+00	-2.013908e+03	4.051654e+04
1.820700e-01	3.205231e+04	-2.320863e-02	1.309677e-01	0.000000e+00	-2.063144e+03	3.411546e+04
1.832600e-01	3.953654e+04	-2.336451e-02	1.310184e-01	0.000000e+00	-2.329893e+03	4.186643e+04
1.844500e-01	3.212681e+04	-2.352045e-02	1.310692e-01	0.000000e+00	-3.397537e+03	3.552435e+04
1.856400e-01	3.471584e+04	-2.367645e-02	1.311165e-01	0.000000e+00	-3.195168e+03	3.791101e+04
1.868300e-01	3.505529e+04	-2.383251e-02	1.311659e-01	0.000000e+00	-3.644236e+03	3.869953e+04
1.880200e-01	3.962398e+04	-2.398863e-02	1.312188e-01	0.000000e+00	-3.840178e+03	4.346416e+04
1.892100e-01	3.581871e+04	-2.414481e-02	1.312722e-01	0.000000e+00	-3.241740e+03	3.906045e+04
1.904000e-01	3.310531e+04	-2.430105e-02	1.313210e-01	0.000000e+00	-5.155060e+03	3.826037e+04
1.915900e-01	3.996145e+04	-2.445735e-02	1.313728e-01	0.000000e+00	-6.827382e+03	4.678884e+04
1.927800e-01	3.944071e+04	-2.461372e-02	1.314290e-01	0.000000e+00	-7.047562e+03	4.648827e+04
1.939700e-01	3.450453e+04	-2.477015e-02	1.314814e-01	0.000000e+00	-3.968044e+03	3.847257e+04
1.951600e-01	3.454140e+04	-2.492665e-02	1.315303e-01	0.000000e+00	-4.783550e+03	3.932495e+04
1.963500e-01	3.524228e+04	-2.508320e-02	1.315797e-01	0.000000e+00	-3.310468e+03	3.855275e+04
1.975400e-01	3.209701e+04	-2.523981e-02	1.316274e-01	0.000000e+00	-1.594055e+03	3.369106e+04
1.987300e-01	3.669657e+04	-2.539647e-02	1.316761e-01	0.000000e+00	-2.149713e+03	3.884628e+04
1.999200e-01	3.429800e+04	-2.555319e-02	1.317264e-01	0.000000e+00	-1.951211e+03	3.624922e+04
2.011100e-01	3.347044e+04	-2.570998e-02	1.317744e-01	0.000000e+00	-2.518986e+03	3.598942e+04
2.023000e-01	3.240130e+04	-2.586682e-02	1.318210e-01	0.000000e+00	-2.190144e+03	3.459144e+04
2.034900e-01	3.376078e+04	-2.602371e-02	1.318679e-01	0.000000e+00	-2.628933e+03	3.638971e+04
2.046800e-01	2.670938e+04	-2.618066e-02	1.319107e-01	0.000000e+00	-3.130517e+03	2.983990e+04
2.058700e-01	2.750119e+04	-2.633766e-02	1.319491e-01	0.000000e+00	-3.990795e+03	3.149198e+04
2.070600e-01	3.327410e+04	-2.649470e-02	1.319921e-01	0.000000e+00	-4.395127e+03	3.766923e+04
2.082500e-01	3.663488e+04	-2.665180e-02	1.320416e-01	0.000000e+00	-3.702514e+03	4.033739e+04
2.094400e-01	2.964567e+04	-2.680896e-02	1.320886e-01	0.000000e+00	-4.330032e+03	3.397570e+04
2.106300e-01	3.237298e+04	-2.696617e-02	1.321325e-01	0.000000e+00	-3.210352e+03	3.558333e+04
2.118200e-01	2.944375e+04	-2.712344e-02	1.321763e-01	0.000000e+00	-2.931681e+03	3.237543e+04
2.130100e-01	3.391812e+04	-2.728075e-02	1.322211e-01	0.000000e+00	-2.134754e+03	3.605288e+04
2.142000e-01	2.979939e+04	-2.743812e-02	1.322662e-01	0.000000e+00	-4.173961e+03	3.397335e+04
2.153900e-01	3.047625e+04	-2.759554e-02	1.323089e-01	0.000000e+00	-1.887306e+03	3.236356e+04
2.165800e-01	3.961764e+04	-2.775302e-02	1.323586e-01	0.000000e+00	-3.425030e+03	4.304267e+04
2.177700e-01	3.130143e+04	-2.791056e-02	1.324088e-01	0.000000e+00	-5.943614e+03	3.724504e+04
2.189600e-01	2.984911e+04	-2.806815e-02	1.324521e-01	0.000000e+00	-7.740181e+03	3.758929e+04
2.201500e-01	3.480543e+04	-2.822579e-02	1.324979e-01	0.000000e+00	-3.819348e+03	3.862478e+04
2.213400e-01	3.318322e+04	-2.838350e-02	1.325460e-01	0.000000e+00	-2.036861e+03	3.522008e+04
2.225300e-01	3.745352e+04	-2.854125e-02	1.325961e-01	0.000000e+00	-5.366080e+02	3.799013e+04
2.237200e-01	3.263157e+04	-2.869907e-02	1.326457e-01	0.000000e+00	-5.518368e+03	3.814994e+04
2.249100e-01	2.628752e+04	-2.885695e-02	1.326874e-01	0.000000e+00	-2.797909e+03	2.908543e+04
2.261000e-01	3.325760e+04	-2.901487e-02	1.327296e-01	0.000000e+00	-3.821103e+03	3.707870e+04
2.272900e-01	3.814711e+04	-2.917285e-02	1.327801e-01	0.000000e+00	-1.343842e+03	3.949095e+04
2.284800e-01	3.200758e+04	-2.933089e-02	1.328298e-01	0.000000e+00	-2.098002e+03	3.410558e+04
2.296700e-01	2.963477e+04	-2.948898e-02	1.328735e-01	0.000000e+00	-4.898352e+03	3.453312e+04
2.308600e-01	3.110289e+04	-2.964713e-02	1.329165e-01	0.000000e+00	-4.986680e+03	3.608957e+04
2.320500e-01	3.463999e+04	-2.980532e-02	1.329630e-01	0.000000e+00	-3.287484e+03	3.792747e+04
2.332400e-01	2.967356e+04	-2.996358e-02	1.330086e-01	0.000000e+00	-1.578731e+03	3.125229e+04
2.344300e-01	2.331073e+04	-3.012188e-02	1.330461e-01	0.000000e+00	-2.812798e+03	2.612353e+04
2.356200e-01	3.347969e+04	-3.028023e-02	1.330863e-01	0.000000e+00	-3.333032e+03	3.681272e+04
2.368100e-01	4.179711e+04	-3.043863e-02	1.331396e-01	0.000000e+00	-4.222340e+03	4.601945e+04
2.380000e-01	3.141825e+04	-3.059710e-02	1.331915e-01	0.000000e+00	-4.876067e+03	3.629432e+04
2.391900e-01	3.203015e+04	-3.075562e-02	1.332364e-01	0.000000e+00	-3.796119e+03	3.582627e+04
2.403800e-01	3.271537e+04	-3.091420e-02	1.332823e-01	0.000000e+00	-5.333161e+03	3.804853e+04
2.415700e-01	3.486805e+04	-3.107284e-02	1.333301e-01	0.000000e+00	-2.686102e+03	3.755415e+04
2.427600e-01	3.603091e+04	-3.123153e-02	1.333803e-01	0.000000e+00	-2.863796e+03	3.889470e+04
2.439500e-01	3.756338e+04	-3.139028e-02	1.334325e-01	0.000000e+00	-3.133023e+03	4.069640e+04
2.451400e-01	3.457027e+04	-3.154910e-02	1.334835e-01	0.000000e+00	-2.910796e+03	3.748107e+04
2.463300e-01	4.126208e+04	-3.170797e-02	1.335372e-01	0.000000e+00	-1.028975e+03	4.229106e+04
2.475200e-01	3.151191e+04	-3.186692e-02	1.335888e-01	0.000000e+00	-2.131219e+03	3.364312e+04
2.487100e-01	3.366103e+04	-3.202591e-02	1.336349e-01	0.000000e+00	-3.690343e+03	3.735137e+04
2.499000e-01	2.954078e+04	-3.218497e-02	1.336797e-01	0.000000e+00	-4.813688e+03	3.435447e+04
2.510900e-01	2.950859e+04	-3.234407e-02	1.337215e-01	0.000000e+00	-2.709685e+03	3.221828e+04
2.522800e-01	3.126009e+04	-3.250322e-02	1.337645e-01	0.000000e+00	-2.358359e+03	3.361845e+04
2.534700e-01	2.996792e+04	-3.266243e-02	1.338079e-01	0.000000e+00	-6.836180e+03	3.680410e+04
2.546600e-01	3.680711e+04	-3.282169e-02	1.338552e-01	0.000000e+00	-1.737479e+03	3.854459e+04
2.558500e-01	3.948640e+04	-3.298101e-02	1.339092e-01	0.000000e+00	-2.201511e+03	4.168791e+04
2.570400e-01	3.643640e+04	-3.314039e-02	1.339630e-01	0.000000e+00	-2.574002e+03	3.901041e+04
2.582300e-01	3.530519e+04	-3.329984e-02	1.340138e-01	0.000000e+00	-4.651475e+03	3.995667e+04
2.594200e-01	3.400833e+04	-3.345934e-02	1.340629e-01	0.000000e+00	-3.097630e+03	3.710596e+04
2.606100e-01	3.791999e+04	-3.361891e-02	1.341138e-01	0.000000e+00	-1.099899e+03	3.901989e+04
2.618000e-01	3.033142e+04	-3.377853e-02	1.341621e-01	0.000000e+00	-4.158450e+03	3.448987e+04
2.629900e-01	4.256429e+04	-3.393821e-02	1.342138e-01	0.000000e+00	-2.459189e+03	4.502348e+04
2.641800e-01	4.514049e+04	-3.409796e-02	1.342759e-01	0.000000e+00	-3.039947e+03	4.818044e+04
2.653700e-01	3.360149e+04	-3.425779e-02	1.343316e-01	0.000000e+00	-3.830051e+03	3.743154e+04
2.665600e-01	2.995253e+04	-3.441767e-02	1.343766e-01	0.000000e+00	-2.968945e+03	3.292147e+04
2.677500e-01	3.264127e+04	-3.457761e-02	1.344210e-01	0.000000e+00	-1.649661e+03	3.429093e+04
2.689400e-01	3.614164e+04	-3.473759e-02	1.344697e-01	0.000000e+00	-3.243284e+03	3.938493e+04
2.701300e-01	2.673047e+04	-3.489764e-02	1.345142e-01	0.000000e+00	-6.250676e+03	3.298115e+04
2.713200e-01	3.815400e+04	-3.505774e-02	1.345601e-01	0.000000e+00	-3.883449e+03	4.203745e+04
2.725100e-01	3.287791e+04	-3.521790e-02	1.346104e-01	0.000000e+00	-4.334338e+03	3.721225e+04
2.737000e-01	4.505401e+04	-3.537811e-02	1.346656e-01	0.000000e+00	-2.187442e+03	4.724146e+04
2.748900e-01	3.422119e+04	-3.553840e-02	1.347218e-01	0.000000e+00	-2.808244e+03	3.702943e+04
2.760800e-01	3.353618e+04	-3.569875e-02	1.347698e-01	0.000000e+00	-3.644833e+03	3.718102e+04
2.772700e-01	3.401753e+04	-3.585915e-02	1.348176e-01	0.000000e+00	-1.522963e+03	3.554050e+04
2.784600e-01	3.612550e+04	-3.601962e-02	1.348673e-01	0.000000e+00	-3.826264e+03	3.995177e+04
2.796500e-01	3.496109e+04	-3.618014e-02	1.349176e-01	0.000000e+00	-5.656272e+03	4.061736e+04
2.808400e-01	3.752196e+04	-3.634072e-02	1.349689e-01	0.000000e+00	-3.578794e+03	4.110075e+04
2.820300e-01	3.467189e+04	-3.650136e-02	1.350201e-01	0.000000e+00	-4.113281e+03	3.878517e+04
2.832200e-01	3.704862e+04	-3.666207e-02	1.350709e-01	0.000000e+00	-2.815166e+03	3.986379e+04
2.844100e-01	4.497979e+04	-3.682283e-02	1.351289e-01	0.000000e+00	-5.328981e+02	4.551269e+04
2.856000e-01	3.338550e+04	-3.698367e-02	1.351844e-01	0.000000e+00	-2.587444e+03	3.597294e+04
2.867900e-01	4.113821e+04	-3.714457e-02	1.352372e-01	0.000000e+00	-3.354827e+03	4.449303e+04
2.879800e-01	3.219285e+04	-3.730554e-02	1.352891e-01	0.000000e+00	-2.837124e+03	3.502997e+04
2.891700e-01	3.948499e+04	-3.746656e-02	1.353399e-01	0.000000e+00	-3.069783e+03	4.255477e+04
2.903600e-01	3.172262e+04	-3.762765e-02	1.353903e-01	0.000000e+00	-4.180593e+03	3.590321e+04
2.915500e-01	3.500642e+04	-3.778879e-02	1.354376e-01	0.000000e+00	-6.107640e+03	4.111406e+04
2.927400e-01	3.005987e+04	-3.794999e-02	1.354837e-01	0.000000e+00	-6.231882e+03	3.629176e+04
2.939300e-01	2.778619e+04	-3.811124e-02	1.355246e-01	0.000000e+00	-4.117036e+03	3.190323e+04
2.951200e-01	3.636995e+04	-3.827254e-02	1.355701e-01	0.000000e+00	-5.370215e+03	4.174016e+04
2.963100e-01	4.341494e+04	-3.843390e-02	1.356266e-01	0.000000e+00	-4.146600e+03	4.756154e+04
2.975000e-01	3.764396e+04	-3.859533e-02	1.356840e-01	0.000000e+00	-3.460226e+03	4.110419e+04
2.986900e-01	3.054968e+04	-3.875682e-02	1.357323e-01	0.000000e+00	-1.294442e+03	3.184412e+04
2.998800e-01	3.181727e+04	-3.891837e-02	1.357764e-01	0.000000e+00	-2.976233e+03	3.479350e+04
3.010700e-01	2.275418e+04	-3.907997e-02	1.358151e-01	0.000000e+00	-4.410424e+03	2.716460e+04
3.022600e-01	2.539685e+04	-3.924161e-02	1.358492e-01	0.000000e+00	-5.071773e+03	3.046862e+04
3.034500e-01	3.541303e+04	-3.940329e-02	1.358922e-01	0.000000e+00	-5.652066e+03	4.106510e+04
3.046400e-01	3.711174e+04	-3.956503e-02	1.359436e-01	0.000000e+00	-6.112876e+03	4.322461e+04
3.058300e-01	2.797442e+04	-3.972684e-02	1.359897e-01	0.000000e+00	-3.530418e+03	3.150484e+04
3.070200e-01	2.436499e+04	-3.988869e-02	1.360268e-01	0.000000e+00	-5.757539e+03	3.012253e+04
3.082100e-01	2.748528e+04	-4.005058e-02	1.360635e-01	0.000000e+00	-3.437282e+03	3.092256e+04
3.094000e-01	2.513836e+04	-4.021252e-02	1.361007e-01	0.000000e+00	-4.318127e+03	2.945648e+04
3.105900e-01	3.183634e+04	-4.037450e-02	1.361411e-01	0.000000e+00	-4.375033e+03	3.621137e+04
3.117800e-01	4.008815e+04	-4.053654e-02	1.361920e-01	0.000000e+00	-4.178672e+03	4.426682e+04
3.129700e-01	3.712833e+04	-4.069864e-02	1.362467e-01	0.000000e+00	-2.717679e+03	3.984601e+04
3.141600e-01	3.155932e+04	-4.086080e-02	1.362953e-01	0.000000e+00	-2.939114e+03	3.449843e+04
3.153500e-01	3.168769e+04	-4.102302e-02	1.363401e-01	0.000000e+00	-1.824703e+03	3.351239e+04
3.165400e-01	3.941475e+04	-4.118529e-02	1.363905e-01	0.000000e+00	-3.142102e+03	4.255685e+04
3.177300e-01	3.619823e+04	-4.134763e-02	1.364440e-01	0.000000e+00	-4.961216e+03	4.115945e+04
3.189200e-01	4.039031e+04	-4.151003e-02	1.364983e-01	0.000000e+00	-3.502919e+03	4.389323e+04
3.201100e-01	3.298675e+04	-4.167250e-02	1.365502e-01	0.000000e+00	-1.960289e+03	3.494704e+04
3.213000e-01	3.444817e+04	-4.183502e-02	1.365980e-01	0.000000e+00	-3.227500e+03	3.767567e+04
3.224900e-01	3.553405e+04	-4.199760e-02	1.366475e-01	0.000000e+00	-5.548840e+03	4.108289e+04
3.236800e-01	2.736965e+04	-4.216024e-02	1.366921e-01	0.000000e+00	-4.318999e+03	3.168865e+04
3.248700e-01	3.275735e+04	-4.232293e-02	1.367347e-01	0.000000e+00	-2.875717e+03	3.563307e+04
3.260600e-01	2.872553e+04	-4.248567e-02	1.367782e-01	0.000000e+00	-2.662015e+03	3.138755e+04
3.272500e-01	2.996095e+04	-4.264846e-02	1.368198e-01	0.000000e+00	-5.470410e+03	3.543136e+04
3.284400e-01	4.054267e+04	-4.281130e-02	1.368697e-01	0.000000e+00	-4.061930e+03	4.460460e+04
3.296300e-01	2.944902e+04	-4.297421e-02	1.369193e-01	0.000000e+00	-3.309781e+03	3.275881e+04
3.308200e-01	3.773154e+04	-4.313717e-02	1.369668e-01	0.000000e+00	-2.577121e+03	4.030866e+04
3.320100e-01	4.009419e+04	-4.330019e-02	1.370220e-01	0.000000e+00	-1.866787e+03	4.196098e+04
3.332000e-01	3.247770e+04	-4.346328e-02	1.370733e-01	0.000000e+00	-1.800815e+03	3.427852e+04
3.343900e-01	3.196218e+04	-4.362643e-02	1.371190e-01	0.000000e+00	-2.415999e+03	3.437818e+04
3.355800e-01	3.808371e+04	-4.378962e-02	1.371686e-01	0.000000e+00	-2.210007e+02	3.830472e+04
3.367700e-01	3.930318e+04	-4.395289e-02	1.372234e-01	0.000000e+00	-7.395502e+02	4.004273e+04
3.379600e-01	3.854303e+04	-4.411622e-02	1.372785e-01	0.000000e+00	-5.054542e+03	4.359757e+04
3.391500e-01	3.325614e+04	-4.427961e-02	1.373294e-01	0.000000e+00	-4.409149e+03	3.766529e+04
3.403400e-01	2.853195e+04	-4.444306e-02	1.373731e-01	0.000000e+00	-3.327043e+03	3.185899e+04
3.415300e-01	3.489042e+04	-4.460656e-02	1.374180e-01	0.000000e+00	-4.132528e+03	3.902294e+04
3.427200e-01	2.747854e+04	-4.477011e-02	1.374622e-01	0.000000e+00	-4.116486e+03	3.159503e+04
3.439100e-01	3.178508e+04	-4.493372e-02	1.375042e-01	0.000000e+00	-1.614134e+03	3.339921e+04
3.451000e-01	2.777790e+04	-4.509737e-02	1.375463e-01	0.000000e+00	-1.268024e+03	2.904592e+04
3.462900e-01	2.538145e+04	-4.526108e-02	1.375840e-01	0.000000e+00	-1.693117e+03	2.707456e+04
3.474800e-01	3.410851e+04	-4.542482e-02	1.376261e-01	0.000000e+00	-1.661057e+03	3.576957e+04
3.486700e-01	3.393909e+04	-4.558863e-02	1.376743e-01	0.000000e+00	-3.244414e+03	3.718351e+04
3.498600e-01	4.117923e+04	-4.575249e-02	1.377275e-01	0.000000e+00	-1.630880e+03	4.281011e+04
3.510500e-01	3.941159e+04	-4.591642e-02	1.377846e-01	0.000000e+00	-3.002360e+03	4.241395e+04
3.522400e-01	3.708345e+04	-4.608042e-02	1.378387e-01	0.000000e+00	-4.003569e+03	4.108702e+04
3.534300e-01	3.303155e+04	-4.624448e-02	1.378884e-01	0.000000e+00	-1.846795e+03	3.487834e+04
3.546200e-01	3.055642e+04	-4.640859e-02	1.379334e-01	0.000000e+00	-1.481880e+03	3.203830e+04
3.558100e-01	3.763963e+04	-4.657276e-02	1.379817e-01	0.000000e+00	-3.378677e+03	4.101830e+04
3.570000e-01	3.622816e+04	-4.673699e-02	1.380340e-01	0.000000e+00	-4.842123e+03	4.107029e+04
3.581900e-01	3.649354e+04	-4.690128e-02	1.380855e-01	0.000000e+00	-1.950716e+03	3.844425e+04
3.593800e-01	3.924585e+04	-4.706563e-02	1.381392e-01	0.000000e+00	-3.777384e+03	4.302323e+04
3.605700e-01	3.255123e+04	-4.723005e-02	1.381900e-01	0.000000e+00	-3.388302e+03	3.593954e+04
3.617600e-01	3.770643e+04	-4.739452e-02	1.382398e-01	0.000000e+00	-4.415772e+03	4.212220e+04
3.629500e-01	3.410213e+04	-4.755906e-02	1.382906e-01	0.000000e+00	-3.879932e+03	3.798206e+04
3.641400e-01	3.606451e+04	-4.772365e-02	1.383403e-01	0.000000e+00	-1.961257e+03	3.802576e+04
3.653300e-01	2.285322e+04	-4.788831e-02	1.383820e-01	0.000000e+00	-4.112166e+03	2.696538e+04
3.665200e-01	3.241246e+04	-4.805300e-02	1.384212e-01	0.000000e+00	-2.705181e+03	3.511764e+04
3.677100e-01	2.891466e+04	-4.821775e-02	1.384646e-01	0.000000e+00	-3.061851e+03	3.197651e+04
3.689000e-01	2.622179e+04	-4.838255e-02	1.385036e-01	0.000000e+00	-4.330016e+03	3.055180e+04
3.700900e-01	2.914038e+04	-4.854739e-02	1.385429e-01	0.000000e+00	-3.522829e+03	3.266321e+04
3.712800e-01	3.003903e+04	-4.871228e-02	1.385848e-01	0.000000e+00	-2.035630e+03	3.207466e+04
3.724700e-01	2.896626e+04	-4.887722e-02	1.386265e-01	0.000000e+00	-3.586172e+03	3.255243e+04
3.736600e-01	3.761224e+04	-4.904221e-02	1.386737e-01	0.000000e+00	-2.310361e+03	3.992260e+04
3.748500e-01	3.443501e+04	-4.920727e-02	1.387247e-01	0.000000e+00	-2.878922e+03	3.731393e+04
3.760400e-01	3.368247e+04	-4.937238e-02	1.387730e-01	0.000000e+00	-3.996686e+03	3.767916e+04
3.772300e-01	3.781219e+04	-4.953755e-02	1.388236e-01	0.000000e+00	-3.071064e+03	4.088326e+04
3.784200e-01	2.889022e+04	-4.970278e-02	1.388708e-01	0.000000e+00	-4.176157e+03	3.306638e+04
3.796100e-01	2.667887e+04	-4.986806e-02	1.389102e-01	0.000000e+00	-4.766129e+03	3.144500e+04
3.808000e-01	3.300698e+04	-5.003338e-02	1.389524e-01	0.000000e+00	-4.020016e+03	3.702700e+04
3.819900e-01	2.287035e+04	-5.019877e-02	1.389920e-01	0.000000e+00	-2.173608e+03	2.504395e+04
3.831800e-01	3.117180e+04	-5.036419e-02	1.390303e-01	0.000000e+00	-1.836820e+03	3.300862e+04
3.843700e-01	3.079857e+04	-5.052966e-02	1.390742e-01	0.000000e+00	-4.525733e+03	3.532430e+04
3.855600e-01	3.979829e+04	-5.069518e-02	1.391242e-01	0.000000e+00	-1.895763e+03	4.169406e+04
3.867500e-01	3.599731e+04	-5.086077e-02	1.391778e-01	0.000000e+00	-1.906599e+03	3.790391e+04
3.879400e-01	3.239729e+04	-5.102643e-02	1.392263e-01	0.000000e+00	-5.718640e+03	3.811593e+04
3.891300e-01	3.744826e+04	-5.119213e-02	1.392757e-01	0.000000e+00	-4.503378e+03	4.195164e+04
3.903200e-01	4.633138e+04	-5.135790e-02	1.393351e-01	0.000000e+00	-3.120727e+03	4.945211e+04
3.915100e-01	3.530130e+04	-5.152375e-02	1.393929e-01	0.000000e+00	-1.462052e+03	3.676335e+04
3.927000e-01	4.007729e+04	-5.168966e-02	1.394463e-01	0.000000e+00	-3.081365e+03	4.315866e+04
3.938900e-01	3.133796e+04	-5.185563e-02	1.394968e-01	0.000000e+00	-2.746591e+03	3.408455e+04
3.950800e-01	3.609181e+04	-5.202166e-02	1.395446e-01	0.000000e+00	-7.695495e+02	3.686136e+04
3.962700e-01	3.350134e+04	-5.218775e-02	1.395939e-01	0.000000e+00	-6.478167e+02	3.414916e+04
3.974600e-01	3.619538e+04	-5.235389e-02	1.396432e-01	0.000000e+00	-1.600278e+03	3.779566e+04
3.986500e-01	4.002541e+04	-5.252010e-02	1.396972e-01	0.000000e+00	-4.630814e+03	4.465623e+04
3.998400e-01	2.901660e+04	-5.268637e-02	1.397461e-01	0.000000e+00	-4.326907e+03	3.334350e+04
4.010300e-01	2.737992e+04	-5.285269e-02	1.397860e-01	0.000000e+00	-4.416165e+03	3.179609e+04
4.022200e-01	3.073647e+04	-5.301906e-02	1.398272e-01	0.000000e+00	-5.020800e+03	3.575727e+04
4.034100e-01	3.117775e+04	-5.318548e-02	1.398710e-01	0.000000e+00	-3.255810e+03	3.443356e+04
4.046000e-01	3.112293e+04	-5.335196e-02	1.399151e-01	0.000000e+00	-3.426669e+03	3.454960e+04
4.057900e-01	3.448739e+04	-5.351848e-02	1.399616e-01	0.000000e+00	-1.958822e+03	3.644622e+04
4.069800e-01	3.863340e+04	-5.368506e-02	1.400134e-01	0.000000e+00	-4.422611e+03	4.305601e+04
4.081700e-01	2.524775e+04	-5.385171e-02	1.400586e-01	0.000000e+00	-6.280244e+03	3.152800e+04
4.093600e-01	3.930585e+04	-5.401840e-02	1.401043e-01	0.000000e+00	-2.697473e+03	4.200333e+04
4.105500e-01	3.850739e+04	-5.418516e-02	1.401595e-01	0.000000e+00	-1.706632e+03	4.021402e+04
4.117400e-01	3.435914e+04	-5.435198e-02	1.402111e-01	0.000000e+00	-3.078294e+03	3.743743e+04
4.129300e-01	4.062833e+04	-5.451886e-02	1.402642e-01	0.000000e+00	-4.199014e+03	4.482734e+04
4.141200e-01	3.318417e+04	-5.468581e-02	1.403164e-01	0.000000e+00	-2.727476e+03	3.591165e+04
4.153100e-01	3.090620e+04	-5.485282e-02	1.403618e-01	0.000000e+00	-3.397060e+03	3.430326e+04
4.165000e-01	2.529509e+04	-5.501987e-02	1.404016e-01	0.000000e+00	-5.026615e+03	3.032170e+04
4.176900e-01	2.541711e+04	-5.518697e-02	1.404375e-01	0.000000e+00	-6.785548e+03	3.220266e+04
4.188800e-01	2.987592e+04	-5.535411e-02	1.404767e-01	0.000000e+00	-5.329306e+03	3.520523e+04
4.200700e-01	3.055446e+04	-5.552131e-02	1.405195e-01	0.000000e+00	-3.108740e+03	3.366320e+04
4.212600e-01	3.510320e+04	-5.568855e-02	1.405660e-01	0.000000e+00	-1.768123e+03	3.687132e+04
4.224500e-01	3.377673e+04	-5.585585e-02	1.406148e-01	0.000000e+00	-3.367450e+03	3.714418e+04
4.236400e-01	3.915878e+04	-5.602321e-02	1.406664e-01	0.000000e+00	-2.929593e+03	4.208837e+04
4.248300e-01	4.368184e+04	-5.619064e-02	1.407251e-01	0.000000e+00	-9.348704e+02	4.461671e+04
4.260200e-01	3.476893e+04	-5.635814e-02	1.407806e-01	0.000000e+00	-4.327441e+02	3.520167e+04
4.272100e-01	4.463768e+04	-5.652570e-02	1.408369e-01	0.000000e+00	-7.603298e+02	4.539801e+04
4.284000e-01	3.128741e+04	-5.669333e-02	1.408906e-01	0.000000e+00	-2.471501e+03	3.375891e+04
4.295900e-01	2.811573e+04	-5.686102e-02	1.409327e-01	0.000000e+00	-1.313610e+03	2.942934e+04
4.307800e-01	4.990930e+04	-5.702875e-02	1.409879e-01	0.000000e+00	-2.452278e+03	5.236158e+04
4.319700e-01	4.057348e+04	-5.719657e-02	1.410520e-01	0.000000e+00	-4.000379e+02	4.097351e+04
4.331600e-01	3.298475e+04	-5.736445e-02	1.411041e-01	0.000000e+00	-1.845229e+03	3.482998e+04
4.343500e-01	3.459842e+04	-5.753240e-02	1.411520e-01	0.000000e+00	-2.691220e+03	3.728964e+04
4.355400e-01	3.147585e+04	-5.770040e-02	1.411988e-01	0.000000e+00	-4.155257e+03	3.563110e+04
4.367300e-01	3.109264e+04	-5.786845e-02	1.412431e-01	0.000000e+00	-3.290234e+03	3.438287e+04
4.379200e-01	3.471547e+04	-5.803655e-02	1.412897e-01	0.000000e+00	-4.102579e+03	3.881805e+04
4.391100e-01	3.423674e+04	-5.820472e-02	1.413385e-01	0.000000e+00	-1.485536e+03	3.572228e+04
4.403000e-01	3.128019e+04	-5.837294e-02	1.413849e-01	0.000000e+00	-2.740888e+03	3.402108e+04
4.414900e-01	3.143590e+04	-5.854121e-02	1.414293e-01	0.000000e+00	-3.524958e+03	3.496086e+04
4.426800e-01	2.767779e+04	-5.870954e-02	1.414712e-01	0.000000e+00	-4.229497e+03	3.190729e+04
4.438700e-01	3.720031e+04	-5.887792e-02	1.415171e-01	0.000000e+00	-4.721881e+03	4.192219e+04
4.450600e-01	3.259825e+04	-5.904635e-02	1.415666e-01	0.000000e+00	-2.568427e+03	3.516668e+04
4.462500e-01	3.525476e+04	-5.921484e-02	1.416146e-01	0.000000e+00	-1.609409e+03	3.686417e+04
4.474400e-01	3.484435e+04	-5.938340e-02	1.416642e-01	0.000000e+00	-1.533833e+03	3.637818e+04
4.486300e-01	3.316917e+04	-5.955201e-02	1.417124e-01	0.000000e+00	-3.453909e+03	3.662308e+04
4.498200e-01	3.386394e+04	-5.972067e-02	1.417599e-01	0.000000e+00	-2.003828e+03	3.586776e+04
4.510100e-01	3.846926e+04	-5.988939e-02	1.418111e-01	0.000000e+00	-4.729616e+02	3.894222e+04
4.522000e-01	3.444584e+04	-6.005818e-02	1.418627e-01	0.000000e+00	-4.023887e+03	3.846972e+04
4.533900e-01	3.155256e+04	-6.022703e-02	1.419095e-01	0.000000e+00	-3.620502e+03	3.517306e+04
4.545800e-01	2.917204e+04	-6.039593e-02	1.419525e-01	0.000000e+00	-2.662027e+03	3.183407e+04
4.557700e-01	3.017968e+04	-6.056487e-02	1.419945e-01	0.000000e+00	-3.850890e+03	3.403057e+04
4.569600e-01	3.312494e+04	-6.073387e-02	1.420393e-01	0.000000e+00	-3.211502e+03	3.633645e+04
4.581500e-01	3.841845e+04	-6.090293e-02	1.420900e-01	0.000000e+00	-2.943785e+03	4.136224e+04
4.593400e-01	3.183629e+04	-6.107205e-02	1.421398e-01	0.000000e+00	-1.746963e+03	3.358325e+04
4.605300e-01	4.611431e+04	-6.124122e-02	1.421950e-01	0.000000e+00	-1.096016e+03	4.721033e+04
4.617200e-01	3.445428e+04	-6.141047e-02	1.422520e-01	0.000000e+00	-2.726454e+03	3.718074e+04
4.629100e-01	2.953311e+04	-6.157978e-02	1.422973e-01	0.000000e+00	-4.455247e+03	3.398836e+04
4.641000e-01	3.461819e+04	-6.174914e-02	1.423428e-01	0.000000e+00	-2.742865e+03	3.736105e+04
4.652900e-01	3.996153e+04	-6.191856e-02	1.423956e-01	0.000000e+00	-3.083626e+03	4.304516e+04
4.664800e-01	4.166577e+04	-6.208804e-02	1.424534e-01	0.000000e+00	-4.631372e+03	4.629715e+04
4.676700e-01	4.235068e+04	-6.225760e-02	1.425129e-01	0.000000e+00	-3.090714e+03	4.544139e+04
4.688600e-01	3.675008e+04	-6.242722e-02	1.425689e-01	0.000000e+00	-1.717401e+03	3.846748e+04
4.700500e-01	3.356477e+04	-6.259691e-02	1.426187e-01	0.000000e+00	-4.577280e+03	3.814205e+04
4.712400e-01	3.570193e+04	-6.276665e-02	1.426677e-01	0.000000e+00	-2.709304e+03	3.841123e+04
4.724300e-01	3.198152e+04	-6.293646e-02	1.427157e-01	0.000000e+00	-6.602520e+03	3.858404e+04
4.736200e-01	3.452548e+04	-6.310632e-02	1.427628e-01	0.000000e+00	-4.253635e+03	3.877911e+04
4.748100e-01	3.773558e+04	-6.327623e-02	1.428139e-01	0.000000e+00	-2.413158e+03	4.014874e+04
4.760000e-01	3.766646e+04	-6.344621e-02	1.428673e-01	0.000000e+00	-2.511850e+03	4.017831e+04
4.771900e-01	3.302961e+04	-6.361626e-02	1.429174e-01	0.000000e+00	-2.131418e+03	3.516103e+04
4.783800e-01	3.143381e+04	-6.378636e-02	1.429631e-01	0.000000e+00	-4.240156e+03	3.567397e+04
4.795700e-01	3.161951e+04	-6.395651e-02	1.430077e-01	0.000000e+00	-3.156333e+03	3.477584e+04
4.807600e-01	3.149171e+04	-6.412672e-02	1.430524e-01	0.000000e+00	-7.926918e+02	3.228440e+04
4.819500e-01	4.306318e+04	-6.429697e-02	1.431052e-01	0.000000e+00	-2.256712e+03	4.531990e+04
4.831400e-01	3.960517e+04	-6.446731e-02	1.431637e-01	0.000000e+00	-3.076493e+03	4.268167e+04
4.843300e-01	3.230266e+04	-6.463770e-02	1.432147e-01	0.000000e+00	-3.554924e+03	3.585759e+04
4.855200e-01	2.358129e+04	-6.480816e-02	1.432542e-01	0.000000e+00	-3.097604e+03	2.667889e+04
4.867100e-01	3.205010e+04	-6.497865e-02	1.432936e-01	0.000000e+00	-3.933552e+03	3.598365e+04
4.879000e-01	3.061246e+04	-6.514920e-02	1.433380e-01	0.000000e+00	-4.604220e+03	3.521668e+04
4.890900e-01	3.358901e+04	-6.531979e-02	1.433835e-01	0.000000e+00	-5.716255e+03	3.930526e+04
4.902800e-01	3.943096e+04	-6.549045e-02	1.434352e-01	0.000000e+00	-2.913626e+03	4.234459e+04
4.914700e-01	4.132927e+04	-6.566117e-02	1.434924e-01	0.000000e+00	-2.025641e+03	4.335491e+04
4.926600e-01	3.978676e+04	-6.583196e-02	1.435498e-01	0.000000e+00	-3.175886e+03	4.296265e+04
4.938500e-01	3.013379e+04	-6.600282e-02	1.435993e-01	0.000000e+00	-3.016048e+03	3.314984e+04
4.950400e-01	3.113770e+04	-6.617373e-02	1.436427e-01	0.000000e+00	-2.837719e+03	3.397542e+04
4.962300e-01	3.053505e+04	-6.634469e-02	1.436864e-01	0.000000e+00	-2.984336e+03	3.351939e+04
4.974200e-01	3.850310e+04	-6.651570e-02	1.437353e-01	0.000000e+00	-2.927264e+03	4.143037e+04
4.986100e-01	3.354298e+04	-6.668678e-02	1.437863e-01	0.000000e+00	-3.435404e+03	3.697838e+04
4.998000e-01	3.224822e+04	-6.685791e-02	1.438329e-01	0.000000e+00	-9.962194e+02	3.324444e+04
5.009900e-01	2.916800e+04	-6.702910e-02	1.438764e-01	0.000000e+00	-1.285183e+03	3.045318e+04
5.021800e-01	3.933593e+04	-6.720034e-02	1.439249e-01	0.000000e+00	-1.459684e+03	4.079561e+04
5.033700e-01	4.085032e+04	-6.737164e-02	1.439817e-01	0.000000e+00	-1.488249e+03	4.233857e+04
5.045600e-01	3.292686e+04	-6.754301e-02	1.440339e-01	0.000000e+00	-2.257781e+03	3.518464e+04
5.057500e-01	4.325654e+04	-6.771444e-02	1.440879e-01	0.000000e+00	-2.955302e+03	4.621184e+04
5.069400e-01	3.737482e+04	-6.788594e-02	1.441450e-01	0.000000e+00	-3.049155e+03	4.042397e+04
5.081300e-01	2.624747e+04	-6.805751e-02	1.441900e-01	0.000000e+00	-3.672164e+03	2.991964e+04
5.093200e-01	3.801017e+04	-6.822912e-02	1.442355e-01	0.000000e+00	-5.249481e+03	4.325965e+04
5.105100e-01	3.447050e+04	-6.840079e-02	1.442869e-01	0.000000e+00	-2.126826e+03	3.659732e+04
5.117000e-01	3.153041e+04	-6.857252e-02	1.443336e-01	0.000000e+00	-1.878299e+03	3.340871e+04
5.128900e-01	3.906115e+04	-6.874430e-02	1.443836e-01	0.000000e+00	-1.926412e+03	4.098757e+04
5.140800e-01	2.867566e+04	-6.891615e-02	1.444316e-01	0.000000e+00	-1.807450e+03	3.048311e+04
5.152700e-01	3.056424e+04	-6.908805e-02	1.444735e-01	0.000000e+00	-3.001151e+03	3.356539e+04
5.164600e-01	3.505466e+04	-6.926000e-02	1.445200e-01	0.000000e+00	-4.213858e+03	3.926852e+04
5.176500e-01	3.611081e+04	-6.943201e-02	1.445704e-01	0.000000e+00	-3.203399e+03	3.931421e+04
5.188400e-01	2.715434e+04	-6.960408e-02	1.446152e-01	0.000000e+00	-3.901578e+03	3.105592e+04
5.200300e-01	3.060414e+04	-6.977619e-02	1.446561e-01	0.000000e+00	-2.909803e+03	3.351394e+04
5.212200e-01	2.943622e+04	-6.994836e-02	1.446986e-01	0.000000e+00	-4.411693e+03	3.384792e+04
5.224100e-01	2.832300e+04	-7.012057e-02	1.447395e-01	0.000000e+00	-3.998905e+03	3.232191e+04
5.236000e-01	3.333894e+04	-7.029284e-02	1.447832e-01	0.000000e+00	-2.214747e+03	3.555368e+04
5.247900e-01	3.490824e+04	-7.046516e-02	1.448315e-01	0.000000e+00	-2.881250e+03	3.778949e+04
5.259800e-01	3.570175e+04	-7.063754e-02	1.448815e-01	0.000000e+00	-3.822142e+03	3.952389e+04
5.271700e-01	4.055420e+04	-7.080998e-02	1.449355e-01	0.000000e+00	-2.225476e+03	4.277967e+04
5.283600e-01	3.512373e+04	-7.098248e-02	1.449891e-01	0.000000e+00	-1.960628e+03	3.708436e+04
5.295500e-01	3.562337e+04	-7.115505e-02	1.450392e-01	0.000000e+00	-1.867048e+03	3.749042e+04
5.307400e-01	3.399158e+04	-7.132768e-02	1.450885e-01	0.000000e+00	-1.015097e+03	3.500668e+04
5.319300e-01	2.337506e+04	-7.150036e-02	1.451291e-01	0.000000e+00	-2.500330e+03	2.587539e+04
5.331200e-01	2.764985e+04	-7.167308e-02	1.451653e-01	0.000000e+00	-2.799705e+03	3.044956e+04
5.343100e-01	3.782235e+04	-7.184585e-02	1.452116e-01	0.000000e+00	-1.401152e+03	3.922350e+04
5.355000e-01	2.867621e+04	-7.201869e-02	1.452587e-01	0.000000e+00	-2.257107e+03	3.093332e+04
5.366900e-01	2.491943e+04	-7.219157e-02	1.452967e-01	0.000000e+00	-4.203004e+03	2.912244e+04
5.378800e-01	2.925618e+04	-7.236449e-02	1.453350e-01	0.000000e+00	-1.402782e+03	3.065896e+04
5.390700e-01	3.914171e+04	-7.253747e-02	1.453835e-01	0.000000e+00	-2.632692e+03	4.177440e+04
5.402600e-01	3.668959e+04	-7.271051e-02	1.454372e-01	0.000000e+00	-2.016267e+03	3.870586e+04
5.414500e-01	4.193400e+04	-7.288361e-02	1.454929e-01	0.000000e+00	-8.591812e+02	4.279318e+04
5.426400e-01	3.918326e+04	-7.305678e-02	1.455503e-01	0.000000e+00	-1.875249e+03	4.105851e+04
5.438300e-01	3.378518e+04	-7.323002e-02	1.456020e-01	0.000000e+00	-2.186078e+03	3.597126e+04
5.450200e-01	4.085362e+04	-7.340331e-02	1.456548e-01	0.000000e+00	-8.787539e+02	4.173237e+04
5.462100e-01	3.754470e+04	-7.357668e-02	1.457104e-01	0.000000e+00	-1.424631e+03	3.896934e+04
5.474000e-01	3.605497e+04	-7.375010e-02	1.457625e-01	0.000000e+00	-2.728070e+03	3.878304e+04
5.485900e-01	3.949259e+04	-7.392359e-02	1.458160e-01	0.000000e+00	-3.529446e+03	4.302203e+04
5.497800e-01	3.164501e+04	-7.409714e-02	1.458664e-01	0.000000e+00	-4.674267e+03	3.631928e+04
5.509700e-01	3.148554e+04	-7.427075e-02	1.459111e-01	0.000000e+00	-2.132660e+03	3.361820e+04
5.521600e-01	3.625561e+04	-7.444441e-02	1.459590e-01	0.000000e+00	-4.605215e+03	4.086083e+04
5.533500e-01	3.231874e+04	-7.461813e-02	1.460076e-01	0.000000e+00	-2.964009e+03	3.528275e+04
5.545400e-01	3.292675e+04	-7.479191e-02	1.460538e-01	0.000000e+00	-2.406620e+03	3.533337e+04
5.557300e-01	3.543738e+04	-7.496574e-02	1.461022e-01	0.000000e+00	-1.699893e+03	3.713727e+04
5.569200e-01	3.703211e+04	-7.513963e-02	1.461535e-01	0.000000e+00	-2.217401e+03	3.924951e+04
5.581100e-01	3.435696e+04	-7.531359e-02	1.462041e-01	0.000000e+00	-2.683203e+03	3.704016e+04
5.593000e-01	3.690703e+04	-7.548760e-02	1.462546e-01	0.000000e+00	-5.575804e+03	4.248283e+04
5.604900e-01	3.356507e+04	-7.566167e-02	1.463045e-01	0.000000e+00	-4.153757e+03	3.771883e+04
5.616800e-01	3.275594e+04	-7.583580e-02	1.463514e-01	0.000000e+00	-3.059868e+03	3.581581e+04
5.628700e-01	3.438154e+04	-7.600999e-02	1.463990e-01	0.000000e+00	-1.712985e+03	3.609453e+04
5.640600e-01	3.910689e+04	-7.618423e-02	1.464510e-01	0.000000e+00	-1.042832e+03	4.014972e+04
5.652500e-01	3.119469e+04	-7.635854e-02	1.465008e-01	0.000000e+00	-3.844419e+03	3.503911e+04
5.664400e-01	3.590592e+04	-7.653291e-02	1.465483e-01	0.000000e+00	-2.521061e+03	3.842698e+04
5.676300e-01	3.305498e+04	-7.670733e-02	1.465972e-01	0.000000e+00	-3.558850e+03	3.661383e+04
5.688200e-01	3.013794e+04	-7.688181e-02	1.466419e-01	0.000000e+00	-3.667909e+03	3.380585e+04
5.700100e-01	3.979474e+04	-7.705634e-02	1.466914e-01	0.000000e+00	-4.192472e+03	4.398721e+04
5.712000e-01	3.428366e+04	-7.723093e-02	1.467439e-01	0.000000e+00	-2.430742e+03	3.671440e+04
5.723900e-01	4.064229e+04	-7.740559e-02	1.467969e-01	0.000000e+00	-3.330514e+03	4.397280e+04
5.735800e-01	3.907711e+04	-7.758031e-02	1.468534e-01	0.000000e+00	-3.680326e+03	4.275744e+04
5.747700e-01	3.359856e+04	-7.775510e-02	1.469049e-01	0.000000e+00	-2.668874e+03	3.626744e+04
5.759600e-01	3.289990e+04	-7.792994e-02	1.469520e-01	0.000000e+00	-2.188682e+03	3.508858e+04
5.771500e-01	3.605107e+04	-7.810484e-02	1.470008e-01	0.000000e+00	-1.273045e+03	3.732412e+04
5.783400e-01	3.058725e+04	-7.827981e-02	1.470480e-01	0.000000e+00	-3.078051e+03	3.366530e+04
5.795300e-01	3.739691e+04	-7.845482e-02	1.470961e-01	0.000000e+00	-2.798523e+03	4.019544e+04
5.807200e-01	3.478974e+04	-7.862989e-02	1.471472e-01	0.000000e+00	-3.216707e+03	3.800645e+04
5.819100e-01	2.901603e+04	-7.880503e-02	1.471924e-01	0.000000e+00	-3.633732e+03	3.264976e+04
5.831000e-01	3.145916e+04	-7.898021e-02	1.472353e-01	0.000000e+00	-2.446800e+03	3.390596e+04
5.842900e-01	2.848551e+04	-7.915545e-02	1.472777e-01	0.000000e+00	-1.521455e+03	3.000697e+04
5.854800e-01	3.318807e+04	-7.933073e-02	1.473214e-01	0.000000e+00	-2.866021e+03	3.605409e+04
5.866700e-01	3.230568e+04	-7.950607e-02	1.473678e-01	0.000000e+00	-1.689482e+03	3.399517e+04
5.878600e-01	4.216666e+04	-7.968147e-02	1.474205e-01	0.000000e+00	-1.174203e+03	4.334086e+04
5.890500e-01	3.411289e+04	-7.985693e-02	1.474745e-01	0.000000e+00	-2.418457e+03	3.653135e+04
5.902400e-01	4.230103e+04	-8.003246e-02	1.475286e-01	0.000000e+00	-1.895671e+03	4.419670e+04
5.914300e-01	3.628043e+04	-8.020805e-02	1.475843e-01	0.000000e+00	-4.067114e+03	4.034754e+04
5.926200e-01	3.919921e+04	-8.038371e-02	1.476377e-01	0.000000e+00	-2.718721e+03	4.191793e+04
5.938100e-01	3.410858e+04	-8.055943e-02	1.476896e-01	0.000000e+00	-2.920160e+03	3.702874e+04
5.950000e-01	3.520150e+04	-8.073521e-02	1.477387e-01	0.000000e+00	-2.493876e+03	3.769538e+04
5.961900e-01	3.493741e+04	-8.091105e-02	1.477884e-01	0.000000e+00	-4.627054e+03	3.956446e+04
5.973800e-01	2.956774e+04	-8.108695e-02	1.478341e-01	0.000000e+00	-3.981928e+03	3.354967e+04
5.985700e-01	2.325232e+04	-8.126289e-02	1.478715e-01	0.000000e+00	-4.109563e+03	2.736189e+04
5.997600e-01	3.056271e+04	-8.143888e-02	1.479096e-01	0.000000e+00	-3.494663e+03	3.405737e+04
6.009500e-01	4.028702e+04	-8.161492e-02	1.479598e-01	0.000000e+00	-2.685217e+03	4.297224e+04
6.021400e-01	4.263130e+04	-8.179102e-02	1.480185e-01	0.000000e+00	-1.590150e+03	4.422145e+04
6.033300e-01	3.503924e+04	-8.196720e-02	1.480735e-01	0.000000e+00	-1.721065e+03	3.676031e+04
6.045200e-01	3.046035e+04	-8.214344e-02	1.481199e-01	0.000000e+00	-1.301103e+03	3.176145e+04
6.057100e-01	3.016447e+04	-8.231973e-02	1.481628e-01	0.000000e+00	-2.818048e+03	3.298252e+04
6.069000e-01	3.657546e+04	-8.249607e-02	1.482101e-01	0.000000e+00	-4.011771e+03	4.058723e+04
6.080900e-01	3.389807e+04	-8.267247e-02	1.482600e-01	0.000000e+00	-3.461491e+03	3.735956e+04
6.092800e-01	2.908789e+04	-8.284893e-02	1.483046e-01	0.000000e+00	-1.574784e+03	3.066268e+04
6.104700e-01	3.980643e+04	-8.302543e-02	1.483534e-01	0.000000e+00	-9.319819e+02	4.073841e+04
6.116600e-01	3.060489e+04	-8.320201e-02	1.484032e-01	0.000000e+00	-3.747546e+03	3.435244e+04
6.128500e-01	3.778003e+04	-8.337863e-02	1.484517e-01	0.000000e+00	-2.253165e+03	4.003319e+04
6.140400e-01	3.478360e+04	-8.355532e-02	1.485030e-01	0.000000e+00	-2.607883e+03	3.739149e+04
6.152300e-01	2.849737e+04	-8.373207e-02	1.485479e-01	0.000000e+00	-3.085059e+03	3.158243e+04
6.164200e-01	3.814225e+04	-8.390887e-02	1.485951e-01	0.000000e+00	-1.029747e+03	3.917199e+04
6.176100e-01	3.770384e+04	-8.408573e-02	1.486488e-01	0.000000e+00	-1.465804e+03	3.916965e+04
6.188000e-01	2.783406e+04	-8.426265e-02	1.486952e-01	0.000000e+00	-2.396858e+03	3.023091e+04
6.199900e-01	2.794631e+04	-8.443962e-02	1.487347e-01	0.000000e+00	-2.077299e+03	3.002361e+04
6.211800e-01	4.114502e+04	-8.461664e-02	1.487836e-01	0.000000e+00	-2.105486e+03	4.325051e+04
6.223700e-01	3.881370e+04	-8.479372e-02	1.488402e-01	0.000000e+00	-1.466358e+03	4.028005e+04
6.235600e-01	3.224396e+04	-8.497088e-02	1.488906e-01	0.000000e+00	-1.627905e+03	3.387187e+04
6.247500e-01	3.453234e+04	-8.514808e-02	1.489378e-01	0.000000e+00	-2.477299e+03	3.700964e+04
6.259400e-01	3.196433e+04	-8.532535e-02	1.489849e-01	0.000000e+00	-9.106400e+02	3.287497e+04
6.271300e-01	3.615158e+04	-8.550267e-02	1.490332e-01	0.000000e+00	-2.851299e+03	3.900288e+04
6.283200e-01	4.376836e+04	-8.568005e-02	1.490898e-01	0.000000e+00	-5.279696e+03	4.904806e+04
6.295100e-01	3.185607e+04	-8.585750e-02	1.491433e-01	0.000000e+00	-4.632995e+03	3.648907e+04
6.307000e-01	2.662497e+04	-8.603501e-02	1.491847e-01	0.000000e+00	-1.669862e+03	2.829483e+04
6.318900e-01	3.618960e+04	-8.621256e-02	1.492292e-01	0.000000e+00	-1.052405e+03	3.724200e+04
6.330800e-01	4.582617e+04	-8.639018e-02	1.492873e-01	0.000000e+00	-1.300272e+03	4.712644e+04
6.342700e-01	4.345593e+04	-8.656787e-02	1.493505e-01	0.000000e+00	-1.402527e+03	4.485846e+04
6.354600e-01	2.899912e+04	-8.674563e-02	1.494018e-01	0.000000e+00	-1.732376e+03	3.073150e+04
6.366500e-01	3.894452e+04	-8.692344e-02	1.494499e-01	0.000000e+00	-1.248607e+03	4.019313e+04
6.378400e-01	3.400009e+04	-8.710132e-02	1.495016e-01	0.000000e+00	-2.099601e+03	3.609969e+04
6.390300e-01	3.791509e+04	-8.727926e-02	1.495525e-01	0.000000e+00	-1.783764e+01	3.793293e+04
6.402200e-01	3.940989e+04	-8.745726e-02	1.496073e-01	0.000000e+00	-7.407488e+02	4.015064e+04
6.414100e-01	3.223242e+04	-8.763532e-02	1.496580e-01	0.000000e+00	-1.140424e+03	3.337284e+04
6.426000e-01	3.229678e+04	-8.781344e-02	1.497037e-01	0.000000e+00	-6.398357e+02	3.293662e+04
6.437900e-01	3.150907e+04	-8.799162e-02	1.497489e-01	0.000000e+00	-1.407148e+03	3.291622e+04
6.449800e-01	4.111201e+04	-8.816984e-02	1.498003e-01	0.000000e+00	-3.196118e+03	4.430813e+04
6.461700e-01	4.267255e+04	-8.834814e-02	1.498597e-01	0.000000e+00	-2.093205e+03	4.476575e+04
6.473600e-01	3.090392e+04	-8.852651e-02	1.499118e-01	0.000000e+00	-4.760981e+03	3.566490e+04
6.485500e-01	3.424983e+04	-8.870493e-02	1.499579e-01	0.000000e+00	-1.147590e+03	3.539742e+04
6.497400e-01	3.618397e+04	-8.888341e-02	1.500078e-01	0.000000e+00	-2.489979e+03	3.867395e+04
6.509300e-01	3.854376e+04	-8.906195e-02	1.500607e-01	0.000000e+00	-1.599546e+03	4.014331e+04
6.521200e-01	4.149747e+04	-8.924055e-02	1.501174e-01	0.000000e+00	-2.045855e+03	4.354332e+04
6.533100e-01	3.766173e+04	-8.941923e-02	1.501735e-01	0.000000e+00	-3.202329e+03	4.086406e+04
6.545000e-01	4.549836e+04	-8.959797e-02	1.502323e-01	0.000000e+00	-1.573207e+03	4.707156e+04
6.556900e-01	3.687520e+04	-8.977678e-02	1.502907e-01	0.000000e+00	-2.046687e+03	3.892188e+04
6.568800e-01	2.953955e+04	-8.995566e-02	1.503377e-01	0.000000e+00	-1.932555e+03	3.147211e+04
6.580700e-01	3.852489e+04	-9.013459e-02	1.503859e-01	0.000000e+00	-1.221527e+03	3.974642e+04
6.592600e-01	3.456541e+04	-9.031358e-02	1.504377e-01	0.000000e+00	-3.055481e+03	3.762089e+04
6.604500e-01	3.889084e+04	-9.049263e-02	1.504897e-01	0.000000e+00	-1.521189e+03	4.041203e+04
6.616400e-01	3.119662e+04	-9.067174e-02	1.505393e-01	0.000000e+00	-2.586817e+03	3.378344e+04
6.628300e-01	3.879750e+04	-9.085091e-02	1.505889e-01	0.000000e+00	-1.528902e+03	4.032640e+04
6.640200e-01	3.707680e+04	-9.103014e-02	1.506426e-01	0.000000e+00	-3.351336e+03	4.042813e+04
6.652100e-01	3.064187e+04	-9.120944e-02	1.506906e-01	0.000000e+00	-2.894377e+03	3.353625e+04
6.664000e-01	4.013033e+04	-9.138879e-02	1.507407e-01	0.000000e+00	-3.121021e+03	4.325135e+04
6.675900e-01	3.247862e+04	-9.156820e-02	1.507921e-01	0.000000e+00	-2.099188e+03	3.457781e+04
6.687800e-01	3.280825e+04	-9.174767e-02	1.508384e-01	0.000000e+00	-2.570484e+03	3.537873e+04
6.699700e-01	3.277420e+04	-9.192720e-02	1.508848e-01	0.000000e+00	-2.779322e+03	3.555352e+04
6.711600e-01	3.712715e+04	-9.210678e-02	1.509343e-01	0.000000e+00	-3.445712e+03	4.057286e+04
6.723500e-01	3.551234e+04	-9.228642e-02	1.509857e-01	0.000000e+00	-2.748091e+03	3.826043e+04
6.735400e-01	3.725640e+04	-9.246612e-02	1.510373e-01	0.000000e+00	-9.855577e+02	3.824196e+04
6.747300e-01	3.964406e+04	-9.264589e-02	1.510917e-01	0.000000e+00	-8.338832e+02	4.047795e+04
6.759200e-01	3.291360e+04	-9.282572e-02	1.511431e-01	0.000000e+00	-3.168812e+03	3.608241e+04
6.771100e-01	3.270271e+04	-9.300561e-02	1.511896e-01	0.000000e+00	-2.168363e+03	3.487107e+04
6.783000e-01	4.375651e+04	-9.318555e-02	1.512437e-01	0.000000e+00	-2.061708e+03	4.581822e+04
6.794900e-01	3.651604e+04	-9.336557e-02	1.513006e-01	0.000000e+00	-3.366347e+03	3.988239e+04
6.806800e-01	2.897761e+04	-9.354565e-02	1.513469e-01	0.000000e+00	-1.339571e+03	3.031719e+04
6.818700e-01	3.539811e+04	-9.372578e-02	1.513925e-01	0.000000e+00	-2.196999e+03	3.759511e+04
6.830600e-01	3.178487e+04	-9.390596e-02	1.514401e-01	0.000000e+00	-2.558715e+03	3.434358e+04
6.842500e-01	3.199144e+04	-9.408620e-02	1.514853e-01	0.000000e+00	-2.071786e+03	3.406323e+04
6.854400e-01	3.060368e+04	-9.426650e-02	1.515296e-01	0.000000e+00	-3.108985e+03	3.371266e+04
6.866300e-01	3.238502e+04	-9.444685e-02	1.515742e-01	0.000000e+00	-1.209136e+03	3.359416e+04
6.878200e-01	3.819438e+04	-9.462725e-02	1.516242e-01	0.000000e+00	-1.809047e+03	4.000342e+04
6.890100e-01	2.501637e+04	-9.480771e-02	1.516690e-01	0.000000e+00	-3.244043e+03	2.826041e+04
6.902000e-01	2.814357e+04	-9.498822e-02	1.517066e-01	0.000000e+00	-4.231225e+03	3.237480e+04
6.913900e-01	3.465570e+04	-9.516877e-02	1.517511e-01	0.000000e+00	-3.412133e+03	3.806783e+04
6.925800e-01	3.030101e+04	-9.534939e-02	1.517971e-01	0.000000e+00	-1.815043e+03	3.211606e+04
6.937700e-01	4.342820e+04	-9.553005e-02	1.518493e-01	0.000000e+00	-1.526289e+03	4.495449e+04
6.949600e-01	3.001769e+04	-9.571079e-02	1.519013e-01	0.000000e+00	-1.332898e+03	3.135059e+04
6.961500e-01	2.921703e+04	-9.589157e-02	1.519432e-01	0.000000e+00	-2.524409e+03	3.174144e+04
6.973400e-01	3.342753e+04	-9.607241e-02	1.519876e-01	0.000000e+00	-1.297628e+03	3.472516e+04
6.985300e-01	3.548044e+04	-9.625330e-02	1.520364e-01	0.000000e+00	-2.026085e+03	3.750652e+04
6.997200e-01	3.015307e+04	-9.643426e-02	1.520829e-01	0.000000e+00	-4.347692e+03	3.450076e+04
7.009100e-01	2.891753e+04	-9.661526e-02	1.521247e-01	0.000000e+00	-2.028861e+03	3.094639e+04
7.021000e-01	4.058901e+04	-9.679632e-02	1.521739e-01	0.000000e+00	-1.297919e+03	4.188693e+04
7.032900e-01	4.637807e+04	-9.697744e-02	1.522355e-01	0.000000e+00	-2.695719e+03	4.907379e+04
7.044800e-01	4.634379e+04	-9.715864e-02	1.523012e-01	0.000000e+00	-2.790655e+03	4.913445e+04
7.056700e-01	3.584545e+04	-9.733991e-02	1.523594e-01	0.000000e+00	-2.440100e+03	3.828555e+04
7.068600e-01	2.936225e+04	-9.752125e-02	1.524056e-01	0.000000e+00	-4.564094e+03	3.392634e+04
7.080500e-01	2.678702e+04	-9.770264e-02	1.524453e-01	0.000000e+00	-4.782363e+03	3.156938e+04
7.092400e-01	2.772249e+04	-9.788407e-02	1.524839e-01	0.000000e+00	-1.741037e+03	2.946353e+04
7.104300e-01	2.851382e+04	-9.806555e-02	1.525238e-01	0.000000e+00	-2.389248e+03	3.090307e+04
7.116200e-01	2.994066e+04	-9.824708e-02	1.525652e-01	0.000000e+00	-7.390068e+02	3.067967e+04
7.128100e-01	3.829465e+04	-9.842866e-02	1.526135e-01	0.000000e+00	-1.997474e+03	4.029212e+04
7.140000e-01	3.064848e+04	-9.861030e-02	1.526623e-01	0.000000e+00	-3.555984e+03	3.420447e+04
7.151900e-01	3.584543e+04	-9.879199e-02	1.527094e-01	0.000000e+00	-4.112841e+03	3.995827e+04
7.163800e-01	4.026851e+04	-9.897375e-02	1.527633e-01	0.000000e+00	-2.522057e+03	4.279057e+04
7.175700e-01	3.731408e+04	-9.915557e-02	1.528182e-01	0.000000e+00	-2.111735e+03	3.942581e+04
7.187600e-01	3.250889e+04	-9.933745e-02	1.528677e-01	0.000000e+00	-3.972361e+03	3.648125e+04
7.199500e-01	3.442096e+04	-9.951939e-02	1.529151e-01	0.000000e+00	-3.230275e+03	3.765123e+04
7.211400e-01	3.316116e+04	-9.970139e-02	1.529629e-01	0.000000e+00	-2.429390e+03	3.559055e+04
7.223300e-01	3.708515e+04	-9.988344e-02	1.530127e-01	0.000000e+00	-2.249764e+03	3.933491e+04
7.235200e-01	3.286873e+04	-1.000656e-01	1.530622e-01	0.000000e+00	-1.728825e+03	3.459755e+04
7.247100e-01	3.090435e+04	-1.002477e-01	1.531074e-01	0.000000e+00	-5.689058e+03	3.659341e+04
7.259000e-01	3.441951e+04	-1.004300e-01	1.531536e-01	0.000000e+00	-4.018503e+03	3.843801e+04
7.270900e-01	3.721191e+04	-1.006122e-01	1.532044e-01	0.000000e+00	-2.985690e+03	4.019760e+04
7.282800e-01	3.582414e+04	-1.007946e-01	1.532561e-01	0.000000e+00	-2.261935e+03	3.808607e+04
7.294700e-01	4.354245e+04	-1.009770e-01	1.533123e-01	0.000000e+00	-3.557295e+03	4.709974e+04
7.306600e-01	4.272802e+04	-1.011595e-01	1.533734e-01	0.000000e+00	-3.446306e+03	4.617433e+04
7.318500e-01	3.303164e+04	-1.013420e-01	1.534270e-01	0.000000e+00	-4.200725e+03	3.723236e+04
7.330400e-01	3.100510e+04	-1.015246e-01	1.534724e-01	0.000000e+00	-3.898288e+03	3.490339e+04
7.342300e-01	2.892203e+04	-1.017073e-01	1.535148e-01	0.000000e+00	-3.352816e+03	3.227485e+04
7.354200e-01	2.853466e+04	-1.018900e-01	1.535555e-01	0.000000e+00	-3.844531e+03	3.237919e+04
7.366100e-01	2.839277e+04	-1.020727e-01	1.535958e-01	0.000000e+00	-3.740883e+03	3.213366e+04
7.378000e-01	3.757651e+04	-1.022555e-01	1.536425e-01	0.000000e+00	-2.970698e+03	4.054721e+04
7.389900e-01	3.788721e+04	-1.024384e-01	1.536960e-01	0.000000e+00	-2.158499e+03	4.004571e+04
7.401800e-01	3.482112e+04	-1.026213e-01	1.537475e-01	0.000000e+00	-8.854440e+02	3.570656e+04
7.413700e-01	4.161398e+04	-1.028043e-01	1.538016e-01	0.000000e+00	-5.433613e+02	4.215734e+04
7.425600e-01	3.854371e+04	-1.029874e-01	1.538584e-01	0.000000e+00	-1.726503e+03	4.027022e+04
7.437500e-01	2.514453e+04	-1.031705e-01	1.539035e-01	0.000000e+00	-3.350556e+03	2.849509e+04
7.449400e-01	2.999404e+04	-1.033537e-01	1.539425e-01	0.000000e+00	-2.602099e+03	3.259614e+04
7.461300e-01	3.409430e+04	-1.035369e-01	1.539879e-01	0.000000e+00	-1.858544e+03	3.595285e+04
7.473200e-01	2.879174e+04	-1.037202e-01	1.540324e-01	0.000000e+00	-2.196781e+03	3.098853e+04
7.485100e-01	3.571149e+04	-1.039035e-01	1.540781e-01	0.000000e+00	-1.726593e+03	3.743808e+04
7.497000e-01	3.524986e+04	-1.040869e-01	1.541284e-01	0.000000e+00	-3.919748e+03	3.916961e+04
7.508900e-01	3.864403e+04	-1.042703e-01	1.541807e-01	0.000000e+00	-3.028320e+03	4.167235e+04
7.520800e-01	4.516662e+04	-1.044538e-01	1.542400e-01	0.000000e+00	-8.962338e+02	4.606285e+04
7.532700e-01	2.930157e+04	-1.046374e-01	1.542928e-01	0.000000e+00	-1.666514e+03	3.096809e+04
7.544600e-01	3.269080e+04	-1.048210e-01	1.543367e-01	0.000000e+00	-3.772011e+03	3.646282e+04
7.556500e-01	3.312363e+04	-1.050047e-01	1.543833e-01	0.000000e+00	-1.676241e+03	3.479987e+04
7.568400e-01	3.513169e+04	-1.051885e-01	1.544316e-01	0.000000e+00	-2.897440e+03	3.802913e+04
7.580300e-01	3.640033e+04	-1.053723e-01	1.544823e-01	0.000000e+00	-2.487192e+03	3.888752e+04
7.592200e-01	3.564795e+04	-1.055561e-01	1.545333e-01	0.000000e+00	-2.763801e+03	3.841175e+04
7.604100e-01	3.805349e+04	-1.057401e-01	1.545855e-01	0.000000e+00	-5.387068e+03	4.344056e+04
7.616000e-01	3.287854e+04	-1.059241e-01	1.546357e-01	0.000000e+00	-5.091963e+03	3.797050e+04
7.627900e-01	3.537768e+04	-1.061081e-01	1.546841e-01	0.000000e+00	-1.988862e+03	3.736654e+04
7.639800e-01	3.331775e+04	-1.062922e-01	1.547327e-01	0.000000e+00	-1.908474e+03	3.522623e+04
7.651700e-01	3.034146e+04	-1.064764e-01	1.547778e-01	0.000000e+00	-2.645484e+03	3.298695e+04
7.663600e-01	3.536679e+04	-1.066606e-01	1.548243e-01	0.000000e+00	-2.901061e+03	3.826786e+04
7.675500e-01	4.230547e+04	-1.068448e-01	1.548793e-01	0.000000e+00	-3.222000e+03	4.552747e+04
7.687400e-01	4.067999e+04	-1.070292e-01	1.549381e-01	0.000000e+00	-1.484338e+03	4.216433e+04
7.699300e-01	3.256511e+04	-1.072136e-01	1.549900e-01	0.000000e+00	-2.124357e+03	3.468947e+04
7.711200e-01	3.537356e+04	-1.073981e-01	1.550381e-01	0.000000e+00	-1.149768e+03	3.652333e+04
7.723100e-01	3.596155e+04	-1.075826e-01	1.550886e-01	0.000000e+00	-2.272869e+03	3.823442e+04
7.735000e-01	4.351876e+04	-1.077672e-01	1.551449e-01	0.000000e+00	-2.879527e+03	4.639828e+04
7.746900e-01	3.796236e+04	-1.079518e-01	1.552026e-01	0.000000e+00	-2.941534e+03	4.090389e+04
7.758800e-01	2.994117e+04	-1.081366e-01	1.552507e-01	0.000000e+00	-1.886823e+03	3.182799e+04
7.770700e-01	3.461734e+04	-1.083213e-01	1.552964e-01	0.000000e+00	-2.466008e+03	3.708335e+04
7.782600e-01	3.205893e+04	-1.085062e-01	1.553436e-01	0.000000e+00	-2.396874e+03	3.445580e+04
7.794500e-01	3.506239e+04	-1.086911e-01	1.553911e-01	0.000000e+00	-2.656962e+03	3.771935e+04
7.806400e-01	2.811017e+04	-1.088760e-01	1.554359e-01	0.000000e+00	-4.492130e+03	3.260230e+04
7.818300e-01	3.419629e+04	-1.090610e-01	1.554800e-01	0.000000e+00	-6.550372e+02	3.485133e+04
7.830200e-01	3.077652e+04	-1.092460e-01	1.555260e-01	0.000000e+00	-9.375358e+02	3.171406e+04
7.842100e-01	3.518332e+04	-1.094311e-01	1.555727e-01	0.000000e+00	-2.007324e+03	3.719064e+04
7.854000e-01	3.442546e+04	-1.096163e-01	1.556220e-01	0.000000e+00	-2.247040e+03	3.667250e+04
7.865900e-01	3.455836e+04	-1.098015e-01	1.556709e-01	0.000000e+00	-2.625223e+03	3.718358e+04
7.877800e-01	3.299088e+04	-1.099868e-01	1.557187e-01	0.000000e+00	-1.998792e+03	3.498968e+04
7.889700e-01	4.128680e+04	-1.101721e-01	1.557713e-01	0.000000e+00	-7.903674e+02	4.207717e+04
7.901600e-01	4.606057e+04	-1.103575e-01	1.558332e-01	0.000000e+00	-1.687186e+03	4.774775e+04
7.913500e-01	3.851417e+04	-1.105430e-01	1.558931e-01	0.000000e+00	-2.530078e+03	4.104425e+04
7.925400e-01	4.234620e+04	-1.107286e-01	1.559503e-01	0.000000e+00	-1.504045e+03	4.385024e+04
7.937300e-01	3.775283e+04	-1.109142e-01	1.560070e-01	0.000000e+00	-2.571372e+03	4.032420e+04
7.949200e-01	4.140112e+04	-1.110999e-01	1.560631e-01	0.000000e+00	-1.913889e+03	4.331501e+04
7.961100e-01	3.234909e+04	-1.112856e-01	1.561153e-01	0.000000e+00	-1.072810e+03	3.342190e+04
7.973000e-01	3.190037e+04	-1.114714e-01	1.561608e-01	0.000000e+00	-2.193399e+03	3.409377e+04
7.984900e-01	3.381473e+04	-1.116573e-01	1.562074e-01	0.000000e+00	-1.748483e+02	3.398958e+04
7.996800e-01	3.143305e+04	-1.118432e-01	1.562536e-01	0.000000e+00	-6.880570e+02	3.212111e+04
8.008700e-01	3.874324e+04	-1.120292e-01	1.563033e-01	0.000000e+00	-1.852859e+03	4.059610e+04
8.020600e-01	2.983939e+04	-1.122152e-01	1.563518e-01	0.000000e+00	-1.817433e+03	3.165683e+04
8.032500e-01	3.323872e+04	-1.124013e-01	1.563965e-01	0.000000e+00	-8.351591e+02	3.407388e+04
8.044400e-01	3.139226e+04	-1.125874e-01	1.564423e-01	0.000000e+00	-1.032867e+03	3.242513e+04
8.056300e-01	3.852653e+04	-1.127736e-01	1.564918e-01	0.000000e+00	-3.440342e+02	3.887056e+04
8.068200e-01	4.168791e+04	-1.129599e-01	1.565486e-01	0.000000e+00	-2.582525e+03	4.427044e+04
8.080100e-01	3.973611e+04	-1.131462e-01	1.566063e-01	0.000000e+00	-3.177912e+03	4.291402e+04
8.092000e-01	4.258779e+04	-1.133326e-01	1.566646e-01	0.000000e+00	-2.464221e+03	4.505202e+04
8.103900e-01	4.232178e+04	-1.135190e-01	1.567247e-01	0.000000e+00	-2.642013e+03	4.496379e+04
8.115800e-01	4.185619e+04	-1.137056e-01	1.567843e-01	0.000000e+00	-1.381260e+03	4.323745e+04
8.127700e-01	4.256093e+04	-1.138922e-01	1.568441e-01	0.000000e+00	-2.266230e+03	4.482716e+04
8.139600e-01	4.078433e+04	-1.140789e-01	1.569031e-01	0.000000e+00	-1.659275e+03	4.244361e+04
8.151500e-01	3.845763e+04	-1.142656e-01	1.569592e-01	0.000000e+00	-2.731572e+03	4.118921e+04
8.163400e-01	4.481725e+04	-1.144524e-01	1.570182e-01	0.000000e+00	-1.746161e+03	4.656342e+04
8.175300e-01	4.247971e+04	-1.146393e-01	1.570800e-01	0.000000e+00	-9.336986e+02	4.341341e+04
8.187200e-01	3.601405e+04	-1.148263e-01	1.571356e-01	0.000000e+00	-2.638710e+02	3.627792e+04
8.199100e-01	3.847655e+04	-1.150133e-01	1.571883e-01	0.000000e+00	-4.294425e+02	3.890600e+04
8.211000e-01	3.870367e+04	-1.152004e-01	1.572430e-01	0.000000e+00	-1.209917e+03	3.991358e+04
8.222900e-01	3.716462e+04	-1.153875e-01	1.572967e-01	0.000000e+00	-2.049648e+03	3.921426e+04
8.234800e-01	3.808070e+04	-1.155748e-01	1.573500e-01	0.000000e+00	-2.256556e+03	4.033726e+04
8.246700e-01	3.582579e+04	-1.157620e-01	1.574024e-01	0.000000e+00	-4.049577e+03	3.987537e+04
8.258600e-01	3.988898e+04	-1.159494e-01	1.574560e-01	0.000000e+00	-9.292292e+02	4.081821e+04
8.270500e-01	3.292208e+04	-1.161368e-01	1.575075e-01	0.000000e+00	-2.269180e+03	3.519126e+04
8.282400e-01	3.172312e+04	-1.163242e-01	1.575533e-01	0.000000e+00	-3.459221e+03	3.518234e+04
8.294300e-01	4.023017e+04	-1.165118e-01	1.576043e-01	0.000000e+00	-2.582049e+03	4.281222e+04
8.306200e-01	3.200859e+04	-1.166993e-01	1.576554e-01	0.000000e+00	-3.220229e+03	3.522882e+04
8.318100e-01	3.556009e+04	-1.168870e-01	1.577033e-01	0.000000e+00	-1.643437e+03	3.720352e+04
8.330000e-01	4.000504e+04	-1.170747e-01	1.577568e-01	0.000000e+00	-2.525772e+03	4.253081e+04
8.341900e-01	3.510034e+04	-1.172624e-01	1.578100e-01	0.000000e+00	-1.273055e+03	3.637340e+04
8.353800e-01	3.698465e+04	-1.174503e-01	1.578610e-01	0.000000e+00	-1.782890e+03	3.876754e+04
8.365700e-01	4.030014e+04	-1.176382e-01	1.579158e-01	0.000000e+00	-2.819935e+03	4.312007e+04
8.377600e-01	4.322767e+04	-1.178261e-01	1.579749e-01	0.000000e+00	-6.953966e+02	4.392307e+04
8.389500e-01	4.151444e+04	-1.180141e-01	1.580349e-01	0.000000e+00	-1.599028e+03	4.311346e+04
8.401400e-01	3.949523e+04	-1.182022e-01	1.580923e-01	0.000000e+00	-2.730076e+03	4.222531e+04
8.413300e-01	4.148252e+04	-1.183904e-01	1.581496e-01	0.000000e+00	-2.286046e+03	4.376857e+04
8.425200e-01	3.362017e+04	-1.185786e-01	1.582028e-01	0.000000e+00	-3.803930e+03	3.742410e+04
8.437100e-01	3.456674e+04	-1.187669e-01	1.582511e-01	0.000000e+00	-2.012691e+03	3.657943e+04
8.449000e-01	3.978907e+04	-1.189553e-01	1.583038e-01	0.000000e+00	-1.847130e+03	4.163620e+04
8.460900e-01	3.953079e+04	-1.191437e-01	1.583599e-01	0.000000e+00	-7.334146e+02	4.026420e+04
8.472800e-01	3.321532e+04	-1.193322e-01	1.584114e-01	0.000000e+00	-1.620613e+03	3.483593e+04
8.484700e-01	3.740722e+04	-1.195207e-01	1.584615e-01	0.000000e+00	-6.884112e+02	3.809563e+04
8.496600e-01	3.934825e+04	-1.197093e-01	1.585158e-01	0.000000e+00	-2.623671e+03	4.197192e+04
8.508500e-01	4.049224e+04	-1.198980e-01	1.585724e-01	0.000000e+00	-1.805155e+03	4.229740e+04
8.520400e-01	3.990255e+04	-1.200867e-01	1.586293e-01	0.000000e+00	-2.511715e+03	4.241426e+04
8.532300e-01	3.887683e+04	-1.202755e-01	1.586851e-01	0.000000e+00	-2.555671e+03	4.143250e+04
8.544200e-01	2.914796e+04	-1.204644e-01	1.587332e-01	0.000000e+00	-2.938281e+03	3.208624e+04
8.556100e-01	3.319822e+04	-1.206533e-01	1.587774e-01	0.000000e+00	-2.252375e+03	3.545060e+04
8.568000e-01	3.380037e+04	-1.208423e-01	1.588248e-01	0.000000e+00	-8.482027e+02	3.464857e+04
8.579900e-01	3.622577e+04	-1.210313e-01	1.588744e-01	0.000000e+00	-1.973900e+03	3.819967e+04
8.591800e-01	4.015377e+04	-1.212204e-01	1.589285e-01	0.000000e+00	-1.171635e+03	4.132540e+04
8.603700e-01	3.683048e+04	-1.214095e-01	1.589830e-01	0.000000e+00	-1.961142e+03	3.879162e+04
8.615600e-01	3.450983e+04	-1.215988e-01	1.590336e-01	0.000000e+00	-1.275056e+03	3.578488e+04
8.627500e-01	4.793111e+04	-1.217880e-01	1.590919e-01	0.000000e+00	-2.560042e+03	5.049115e+04
8.639400e-01	4.665131e+04	-1.219774e-01	1.591589e-01	0.000000e+00	-2.025964e+03	4.867727e+04
8.651300e-01	4.312166e+04	-1.221668e-01	1.592225e-01	0.000000e+00	-1.169981e+03	4.429164e+04
8.663200e-01	3.846010e+04	-1.223564e-01	1.592803e-01	0.000000e+00	-1.783008e+03	4.024310e+04
8.675100e-01	3.096241e+04	-1.225459e-01	1.593294e-01	0.000000e+00	-3.769148e+03	3.473156e+04
8.687000e-01	3.533458e+04	-1.227356e-01	1.593764e-01	0.000000e+00	-2.917943e+02	3.562638e+04
8.698900e-01	4.407696e+04	-1.229252e-01	1.594326e-01	0.000000e+00	-1.081735e+03	4.515870e+04
8.710800e-01	4.228154e+04	-1.231150e-01	1.594938e-01	0.000000e+00	-1.455434e+03	4.373697e+04
8.722700e-01	4.388673e+04	-1.233048e-01	1.595548e-01	0.000000e+00	-4.956414e+03	4.884314e+04
8.734600e-01	2.311743e+04	-1.234947e-01	1.596022e-01	0.000000e+00	-5.318507e+03	2.843594e+04
8.746500e-01	2.149028e+04	-1.236847e-01	1.596338e-01	0.000000e+00	-3.616275e+03	2.510655e+04
8.758400e-01	3.458582e+04	-1.238747e-01	1.596735e-01	0.000000e+00	-9.236901e+02	3.550952e+04
8.770300e-01	3.632532e+04	-1.240647e-01	1.597238e-01	0.000000e+00	-8.868772e+02	3.721220e+04
8.782200e-01	2.938658e+04	-1.242548e-01	1.597703e-01	0.000000e+00	-8.369128e+02	3.022349e+04
8.794100e-01	3.457827e+04	-1.244450e-01	1.598156e-01	0.000000e+00	-1.610504e+03	3.618877e+04
8.806000e-01	3.082098e+04	-1.246352e-01	1.598619e-01	0.000000e+00	-3.074758e+03	3.389574e+04
8.817900e-01	3.458283e+04	-1.248254e-01	1.599082e-01	0.000000e+00	-2.403950e+03	3.698678e+04
8.829800e-01	3.529734e+04	-1.250158e-01	1.599577e-01	0.000000e+00	-7.256980e+02	3.602304e+04
8.841700e-01	2.899168e+04	-1.252061e-01	1.600032e-01	0.000000e+00	-3.191135e+02	2.931080e+04
8.853600e-01	3.581349e+04	-1.253966e-01	1.600491e-01	0.000000e+00	-1.041048e+03	3.685454e+04
8.865500e-01	3.376392e+04	-1.255871e-01	1.600984e-01	0.000000e+00	-3.559420e+03	3.732334e+04
8.877400e-01	3.796814e+04	-1.257776e-01	1.601492e-01	0.000000e+00	-9.627716e+02	3.893091e+04
8.889300e-01	3.980898e+04	-1.259682e-01	1.602043e-01	0.000000e+00	-1.343543e+03	4.115252e+04
8.901200e-01	3.472702e+04	-1.261589e-01	1.602571e-01	0.000000e+00	-1.682715e+03	3.640973e+04
8.913100e-01	2.892973e+04	-1.263496e-01	1.603021e-01	0.000000e+00	-2.904448e+03	3.183418e+04
8.925000e-01	3.347682e+04	-1.265404e-01	1.603463e-01	0.000000e+00	-2.211641e+03	3.568846e+04
8.936900e-01	3.854269e+04	-1.267312e-01	1.603973e-01	0.000000e+00	-1.319199e+03	3.986189e+04
8.948800e-01	3.311289e+04	-1.269222e-01	1.604481e-01	0.000000e+00	-1.950947e+03	3.506384e+04
8.960700e-01	3.347635e+04	-1.271131e-01	1.604952e-01	0.000000e+00	-1.049463e+03	3.452581e+04
8.972600e-01	3.327450e+04	-1.273041e-01	1.605425e-01	0.000000e+00	-1.430861e+02	3.341758e+04
8.984500e-01	2.880642e+04	-1.274952e-01	1.605865e-01	0.000000e+00	-6.611626e+01	2.887253e+04
8.996400e-01	2.935895e+04	-1.276863e-01	1.606277e-01	0.000000e+00	-1.648407e+03	3.100735e+04
9.008300e-01	3.701341e+04	-1.278775e-01	1.606747e-01	0.000000e+00	-2.326455e+03	3.933987e+04
9.020200e-01	4.068030e+04	-1.280687e-01	1.607297e-01	0.000000e+00	-3.408768e+03	4.408906e+04
9.032100e-01	3.813709e+04	-1.282600e-01	1.607855e-01	0.000000e+00	-2.305093e+03	4.044218e+04
9.044000e-01	4.012540e+04	-1.284514e-01	1.608409e-01	0.000000e+00	-1.437304e+03	4.156271e+04
9.055900e-01	4.095508e+04	-1.286428e-01	1.608983e-01	0.000000e+00	-1.504749e+03	4.245983e+04
9.067800e-01	3.127621e+04	-1.288343e-01	1.609495e-01	0.000000e+00	-1.588823e+03	3.286503e+04
9.079700e-01	3.442368e+04	-1.290259e-01	1.609960e-01	0.000000e+00	-6.759958e+02	3.509968e+04
9.091600e-01	3.090109e+04	-1.292175e-01	1.610423e-01	0.000000e+00	-1.965432e+03	3.286652e+04
9.103500e-01	2.907130e+04	-1.294092e-01	1.610848e-01	0.000000e+00	-4.455579e+03	3.352688e+04
9.115400e-01	3.375362e+04	-1.296009e-01	1.611292e-01	0.000000e+00	-2.761866e+03	3.651549e+04
9.127300e-01	2.821427e+04	-1.297927e-01	1.611731e-01	0.000000e+00	-1.688144e+03	2.990242e+04
9.139200e-01	3.156373e+04	-1.299845e-01	1.612155e-01	0.000000e+00	-3.140320e+02	3.187776e+04
9.151100e-01	3.103485e+04	-1.301764e-01	1.612598e-01	0.000000e+00	-1.225217e+03	3.226006e+04
9.163000e-01	3.396833e+04	-1.303683e-01	1.613058e-01	0.000000e+00	-2.752009e+03	3.672033e+04
9.174900e-01	3.325984e+04	-1.305603e-01	1.613534e-01	0.000000e+00	-1.942409e+03	3.520225e+04
9.186800e-01	3.913263e+04	-1.307523e-01	1.614047e-01	0.000000e+00	-2.160655e+03	4.129328e+04
9.198700e-01	2.880447e+04	-1.309444e-01	1.614528e-01	0.000000e+00	-2.168733e+03	3.097321e+04
9.210600e-01	3.818122e+04	-1.311366e-01	1.615002e-01	0.000000e+00	-2.739939e+03	4.092116e+04
9.222500e-01	3.693272e+04	-1.313288e-01	1.615534e-01	0.000000e+00	-2.386763e+03	3.931948e+04
9.234400e-01	3.305174e+04	-1.315211e-01	1.616030e-01	0.000000e+00	-1.532320e+03	3.458406e+04
9.246300e-01	3.388501e+04	-1.317134e-01	1.616504e-01	0.000000e+00	-3.404603e+03	3.728962e+04
9.258200e-01	4.120789e+04	-1.319058e-01	1.617036e-01	0.000000e+00	-7.897745e+02	4.199766e+04
9.270100e-01	3.226998e+04	-1.320982e-01	1.617556e-01	0.000000e+00	-1.224466e+03	3.349444e+04
9.282000e-01	3.086093e+04	-1.322908e-01	1.618003e-01	0.000000e+00	-1.564831e+03	3.242576e+04
9.293900e-01	3.435263e+04	-1.324833e-01	1.618465e-01	0.000000e+00	-2.703683e+03	3.705631e+04
9.305800e-01	3.807631e+04	-1.326760e-01	1.618978e-01	0.000000e+00	-3.361344e+02	3.841244e+04
9.317700e-01	2.847655e+04	-1.328687e-01	1.619449e-01	0.000000e+00	-2.294875e+03	3.077143e+04
9.329600e-01	3.077143e+04	-1.330614e-01	1.619869e-01	0.000000e+00	-1.135260e+03	3.190669e+04
9.341500e-01	3.704783e+04	-1.332542e-01	1.620349e-01	0.000000e+00	-2.081270e+03	3.912910e+04
9.353400e-01	3.517861e+04	-1.334470e-01	1.620861e-01	0.000000e+00	-2.600248e+03	3.777886e+04
9.365300e-01	3.828396e+04	-1.336399e-01	1.621381e-01	0.000000e+00	-1.545856e+02	3.843854e+04
9.377200e-01	3.389728e+04	-1.338329e-01	1.621892e-01	0.000000e+00	-5.410974e+02	3.443838e+04
9.389100e-01	3.357987e+04	-1.340260e-01	1.622370e-01	0.000000e+00	-8.700654e+02	3.444994e+04
9.401000e-01	4.641545e+04	-1.342190e-01	1.622936e-01	0.000000e+00	-7.560007e+02	4.717145e+04
9.412900e-01	4.737951e+04	-1.344122e-01	1.623601e-01	0.000000e+00	-1.819530e+03	4.919904e+04
9.424800e-01	3.401875e+04	-1.346055e-01	1.624177e-01	0.000000e+00	-8.895572e+02	3.490831e+04
9.436700e-01	4.056089e+04	-1.347988e-01	1.624705e-01	0.000000e+00	-1.657657e+02	4.072665e+04
9.448600e-01	3.739863e+04	-1.349921e-01	1.625257e-01	0.000000e+00	-2.138924e+02	3.761252e+04
9.460500e-01	3.841768e+04	-1.351856e-01	1.625794e-01	0.000000e+00	-2.309427e+03	4.072711e+04
9.472400e-01	3.095419e+04	-1.353791e-01	1.626285e-01	0.000000e+00	-2.391262e+03	3.334545e+04
9.484300e-01	3.665740e+04	-1.355726e-01	1.626764e-01	0.000000e+00	-1.274353e+02	3.678484e+04
9.496200e-01	3.899444e+04	-1.357663e-01	1.627300e-01	0.000000e+00	0.000000e+00	3.899444e+04
9.508100e-01	4.030116e+04	-1.359599e-01	1.627861e-01	0.000000e+00	-2.310121e+03	4.261129e+04
9.520000e-01	4.123027e+04	-1.361537e-01	1.628439e-01	0.000000e+00	-2.134378e+03	4.336465e+04
9.531900e-01	3.000695e+04	-1.363475e-01	1.628943e-01	0.000000e+00	-1.333583e+03	3.134054e+04
9.543800e-01	3.334343e+04	-1.365414e-01	1.629392e-01	0.000000e+00	-2.429257e+03	3.577269e+04
9.555700e-01	3.972269e+04	-1.367353e-01	1.629909e-01	0.000000e+00	-7.082299e+02	4.043092e+04
9.567600e-01	4.085543e+04	-1.369293e-01	1.630480e-01	0.000000e+00	-2.139072e+03	4.299450e+04
9.579500e-01	4.291204e+04	-1.371234e-01	1.631073e-01	0.000000e+00	-1.518093e+03	4.443013e+04
9.591400e-01	3.513431e+04	-1.373175e-01	1.631626e-01	0.000000e+00	-2.103957e+03	3.723827e+04
9.603300e-01	3.400475e+04	-1.375117e-01	1.632116e-01	0.000000e+00	-1.988555e+03	3.599331e+04
9.615200e-01	3.270894e+04	-1.377059e-01	1.632588e-01	0.000000e+00	-2.058739e+03	3.476768e+04
9.627100e-01	3.742939e+04	-1.379002e-01	1.633085e-01	0.000000e+00	-9.513238e+02	3.838072e+04
9.639000e-01	2.777645e+04	-1.380946e-01	1.633546e-01	0.000000e+00	-1.084355e+03	2.886081e+04
9.650900e-01	3.414122e+04	-1.382890e-01	1.633985e-01	0.000000e+00	-1.096837e+03	3.523806e+04
9.662800e-01	3.955207e+04	-1.384835e-01	1.634507e-01	0.000000e+00	-1.923483e+03	4.147555e+04
9.674700e-01	3.806123e+04	-1.386780e-01	1.635056e-01	0.000000e+00	-1.850454e+03	3.991168e+04
9.686600e-01	3.629151e+04	-1.388726e-01	1.635583e-01	0.000000e+00	-2.624252e+03	3.891577e+04
9.698500e-01	3.781729e+04	-1.390673e-01	1.636108e-01	0.000000e+00	-3.167398e+02	3.813403e+04
9.710400e-01	3.490303e+04	-1.392620e-01	1.636623e-01	0.000000e+00	-2.303437e+03	3.720647e+04
9.722300e-01	3.026674e+04	-1.394568e-01	1.637084e-01	0.000000e+00	-2.147830e+03	3.241457e+04
9.734200e-01	2.769492e+04	-1.396517e-01	1.637495e-01	0.000000e+00	-2.913391e+03	3.060831e+04
9.746100e-01	3.587605e+04	-1.398465e-01	1.637945e-01	0.000000e+00	-2.096550e+03	3.797260e+04
9.758000e-01	3.758972e+04	-1.400415e-01	1.638465e-01	0.000000e+00	-6.228250e+02	3.821255e+04
9.769900e-01	3.683026e+04	-1.402365e-01	1.638992e-01	0.000000e+00	-1.526998e+03	3.835726e+04
9.781800e-01	3.507343e+04	-1.404316e-01	1.639501e-01	0.000000e+00	-1.546410e+03	3.661984e+04
9.793700e-01	3.257020e+04	-1.406267e-01	1.639980e-01	0.000000e+00	-2.879374e+02	3.285813e+04
9.805600e-01	4.250977e+04	-1.408219e-01	1.640512e-01	0.000000e+00	-9.489668e+02	4.345873e+04
9.817500e-01	3.419412e+04	-1.410171e-01	1.641055e-01	0.000000e+00	-2.334052e+03	3.652817e+04
9.829400e-01	3.073773e+04	-1.412125e-01	1.641515e-01	0.000000e+00	-7.832578e+01	3.081605e+04
9.841300e-01	3.474958e+04	-1.414078e-01	1.641979e-01	0.000000e+00	-1.646497e+03	3.639608e+04
9.853200e-01	2.711745e+04	-1.416032e-01	1.642417e-01	0.000000e+00	-2.716733e+03	2.983419e+04
9.865100e-01	3.431757e+04	-1.417987e-01	1.642852e-01	0.000000e+00	-6.787866e+02	3.499636e+04
9.877000e-01	3.415308e+04	-1.419942e-01	1.643337e-01	0.000000e+00	-9.758529e+02	3.512894e+04
9.888900e-01	4.007568e+04	-1.421898e-01	1.643863e-01	0.000000e+00	-7.782797e+02	4.085396e+04
9.900800e-01	3.442690e+04	-1.423855e-01	1.644390e-01	0.000000e+00	-2.605844e+03	3.703274e+04
9.912700e-01	3.590246e+04	-1.425812e-01	1.644888e-01	0.000000e+00	-1.901190e+03	3.780365e+04
9.924600e-01	3.681578e+04	-1.427770e-01	1.645403e-01	0.000000e+00	-1.744129e+03	3.855991e+04
9.936500e-01	3.849116e+04	-1.429728e-01	1.645936e-01	0.000000e+00	-1.807060e+03	4.029822e+04
9.948400e-01	4.183346e+04	-1.431687e-01	1.646505e-01	0.000000e+00	-1.952350e+03	4.378581e+04
9.960300e-01	3.403353e+04	-1.433647e-01	1.647043e-01	0.000000e+00	-9.942678e+02	3.502780e+04
9.972200e-01	3.004726e+04	-1.435607e-01	1.647496e-01	0.000000e+00	-6.864045e+02	3.073367e+04
9.984100e-01	3.254444e+04	-1.437568e-01	1.647940e-01	0.000000e+00	-1.147002e+02	3.265914e+04
9.996000e-01	3.524417e+04	-1.439529e-01	1.648420e-01	0.000000e+00	-1.489648e+03	3.673382e+04
1.000790e+00	2.957201e+04	-1.441491e-01	1.648879e-01	0.000000e+00	-1.489235e+03	3.106124e+04
1.001980e+00	3.007223e+04	-1.443453e-01	1.649301e-01	0.000000e+00	-4.429093e+02	3.051514e+04
1.003170e+00	3.169547e+04	-1.445416e-01	1.649738e-01	0.000000e+00	-7.919485e+02	3.248742e+04
1.004360e+00	3.383778e+04	-1.447380e-01	1.650203e-01	0.000000e+00	-7.135761e+02	3.455135e+04
1.005550e+00	2.917277e+04	-1.449344e-01	1.650649e-01	0.000000e+00	-3.229160e+02	2.949568e+04
1.006740e+00	3.196084e+04	-1.451308e-01	1.651082e-01	0.000000e+00	-2.088006e+03	3.404885e+04
1.007930e+00	3.938768e+04	-1.453273e-01	1.651587e-01	0.000000e+00	-1.719545e+03	4.110722e+04
1.009120e+00	3.309319e+04	-1.455239e-01	1.652100e-01	0.000000e+00	-2.377846e+03	3.547103e+04
1.010310e+00	3.923268e+04	-1.457205e-01	1.652612e-01	0.000000e+00	-2.758745e+03	4.199143e+04
1.011500e+00	3.568843e+04	-1.459172e-01	1.653143e-01	0.000000e+00	-8.169745e+02	3.650541e+04
1.012690e+00	3.084927e+04	-1.461140e-01	1.653614e-01	0.000000e+00	-2.243366e+02	3.107361e+04
1.013880e+00	3.465315e+04	-1.463108e-01	1.654078e-01	0.000000e+00	-1.413519e+03	3.606667e+04
1.015070e+00	2.882215e+04	-1.465077e-01	1.654528e-01	0.000000e+00	-2.441949e+03	3.126410e+04
1.016260e+00	3.484334e+04	-1.467046e-01	1.654978e-01	0.000000e+00	-1.802548e+03	3.664589e+04
1.017450e+00	4.081529e+04	-1.469015e-01	1.655514e-01	0.000000e+00	-1.783520e+02	4.099364e+04
1.018640e+00	3.194269e+04	-1.470986e-01	1.656029e-01	0.000000e+00	-2.971962e+03	3.491465e+04
1.019830e+00	3.796010e+04	-1.472957e-01	1.656525e-01	0.000000e+00	-1.808000e+03	3.976810e+04
1.021020e+00	3.225841e+04	-1.474928e-01	1.657022e-01	0.000000e+00	-1.753098e+03	3.401151e+04
1.022210e+00	3.990354e+04	-1.476900e-01	1.657533e-01	0.000000e+00	-2.109448e+03	4.201299e+04
1.023400e+00	3.629611e+04	-1.478873e-01	1.658072e-01	0.000000e+00	-1.295499e+03	3.759161e+04
1.024590e+00	3.514639e+04	-1.480847e-01	1.658578e-01	0.000000e+00	-8.080109e+02	3.595440e+04
1.025780e+00	4.142739e+04	-1.482821e-01	1.659121e-01	0.000000e+00	0.000000e+00	4.142739e+04
1.026970e+00	3.040847e+04	-1.484795e-01	1.659629e-01	0.000000e+00	-1.324346e+03	3.173282e+04
1.028160e+00	3.081083e+04	-1.486771e-01	1.660063e-01	0.000000e+00	-1.280532e+03	3.209137e+04
1.029350e+00	3.812571e+04	-1.488746e-01	1.660551e-01	0.000000e+00	-7.564657e+02	3.888217e+04
1.030540e+00	3.282526e+04	-1.490723e-01	1.661054e-01	0.000000e+00	-8.067830e+02	3.363204e+04
1.031730e+00	2.937722e+04	-1.492700e-01	1.661494e-01	0.000000e+00	-4.161460e+03	3.353868e+04
1.032920e+00	3.397654e+04	-1.494677e-01	1.661943e-01	0.000000e+00	-2.257791e+03	3.623433e+04
1.034110e+00	3.466553e+04	-1.496655e-01	1.662429e-01	0.000000e+00	-2.194198e+03	3.685972e+04
1.035300e+00	4.005737e+04	-1.498634e-01	1.662958e-01	0.000000e+00	-1.711833e+03	4.176920e+04
1.036490e+00	4.056651e+04	-1.500613e-01	1.663529e-01	0.000000e+00	-1.885351e+03	4.245186e+04
1.037680e+00	3.832515e+04	-1.502593e-01	1.664088e-01	0.000000e+00	-9.618704e+02	3.928702e+04
1.038870e+00	3.653989e+04	-1.504573e-01	1.664618e-01	0.000000e+00	-1.530638e+03	3.807053e+04
1.040060e+00	3.442238e+04	-1.506555e-01	1.665120e-01	0.000000e+00	-2.755706e+03	3.717809e+04
1.041250e+00	3.489479e+04	-1.508536e-01	1.665611e-01	0.000000e+00	-1.790570e+03	3.668536e+04
1.042440e+00	4.772174e+04	-1.510519e-01	1.666196e-01	0.000000e+00	-9.522025e+02	4.867394e+04
1.043630e+00	4.209235e+04	-1.512502e-01	1.666832e-01	0.000000e+00	-4.587426e+01	4.213823e+04
1.044820e+00	3.280164e+04	-1.514486e-01	1.667363e-01	0.000000e+00	-1.514736e+03	3.431637e+04
1.046010e+00	2.225984e+04	-1.516470e-01	1.667753e-01	0.000000e+00	-1.282376e+03	2.354222e+04
1.047200e+00	3.423971e+04	-1.518455e-01	1.668153e-01	0.000000e+00	-6.820108e+02	3.492172e+04
1.048390e+00	2.464503e+04	-1.520440e-01	1.668570e-01	0.000000e+00	-1.383869e+03	2.602890e+04
1.049580e+00	3.145624e+04	-1.522426e-01	1.668967e-01	0.000000e+00	-1.785576e+03	3.324181e+04
1.050770e+00	3.445105e+04	-1.524413e-01	1.669434e-01	0.000000e+00	-2.824623e+01	3.447930e+04
1.051960e+00	3.940591e+04	-1.526400e-01	1.669957e-01	0.000000e+00	-7.055213e+02	4.011143e+04
1.053150e+00	4.052765e+04	-1.528387e-01	1.670523e-01	0.000000e+00	-5.572716e+02	4.108492e+04
1.054340e+00	4.102992e+04	-1.530375e-01	1.671100e-01	0.000000e+00	-5.438489e+02	4.157377e+04
1.055530e+00	3.792984e+04	-1.532364e-01	1.671659e-01	0.000000e+00	-8.449730e+02	3.877481e+04
1.056720e+00	3.671017e+04	-1.534354e-01	1.672188e-01	0.000000e+00	-1.990997e+03	3.870117e+04
1.057910e+00	3.217637e+04	-1.536344e-01	1.672676e-01	0.000000e+00	-2.519405e+03	3.469577e+04
1.059100e+00	3.377660e+04	-1.538335e-01	1.673143e-01	0.000000e+00	-6.441356e+02	3.442074e+04
1.060290e+00	2.851396e+04	-1.540326e-01	1.673584e-01	0.000000e+00	-2.642316e+03	3.115628e+04
1.061480e+00	3.066675e+04	-1.542318e-01	1.674003e-01	0.000000e+00	-2.215715e+03	3.288246e+04
1.062670e+00	2.455438e+04	-1.544310e-01	1.674394e-01	0.000000e+00	-4.287922e+03	2.884230e+04
1.063860e+00	2.712194e+04	-1.546303e-01	1.674760e-01	0.000000e+00	-6.949531e+02	2.781690e+04
1.065050e+00	3.790094e+04	-1.548296e-01	1.675221e-01	0.000000e+00	-2.922801e+02	3.819322e+04
1.066240e+00	3.524978e+04	-1.550290e-01	1.675739e-01	0.000000e+00	-5.480560e+02	3.579784e+04
1.067430e+00	3.352562e+04	-1.552285e-01	1.676226e-01	0.000000e+00	0.000000e+00	3.352562e+04
1.068620e+00	2.147450e+04	-1.554280e-01	1.676615e-01	0.000000e+00	0.000000e+00	2.147450e+04
1.069810e+00	3.551236e+04	-1.556275e-01	1.677019e-01	0.000000e+00	-5.666126e+02	3.607897e+04
1.071000e+00	4.013889e+04	-1.558271e-01	1.677554e-01	0.000000e+00	-2.737235e+02	4.041262e+04
1.072190e+00	3.145317e+04	-1.560267e-01	1.678061e-01	0.000000e+00	-1.918360e+03	3.337154e+04
1.073380e+00	4.230263e+04	-1.562265e-01	1.678584e-01	0.000000e+00	-1.427368e+03	4.373000e+04
1.074570e+00	3.980304e+04	-1.564262e-01	1.679165e-01	0.000000e+00	-1.561687e+01	3.981866e+04
1.075760e+00	4.039567e+04	-1.566261e-01	1.679733e-01	0.000000e+00	-1.823672e+03	4.221934e+04
1.076950e+00	3.367213e+04	-1.568260e-01	1.680258e-01	0.000000e+00	-1.106518e+03	3.477865e+04
1.078140e+00	2.723041e+04	-1.570260e-01	1.680689e-01	0.000000e+00	-1.349973e+03	2.858038e+04
1.079330e+00	3.130394e+04	-1.572260e-01	1.681103e-01	0.000000e+00	-1.154208e+03	3.245815e+04
1.080520e+00	3.673737e+04	-1.574261e-01	1.681585e-01	0.000000e+00	-8.373036e+02	3.757467e+04
1.081710e+00	4.207097e+04	-1.576262e-01	1.682143e-01	0.000000e+00	-4.510139e+02	4.252199e+04
1.082900e+00	4.296829e+04	-1.578265e-01	1.682746e-01	0.000000e+00	-1.357665e+03	4.432595e+04
1.084090e+00	3.712625e+04	-1.580267e-01	1.683313e-01	0.000000e+00	-5.177183e+02	3.764397e+04
1.085280e+00	3.531778e+04	-1.582271e-01	1.683826e-01	0.000000e+00	-2.136391e+03	3.745417e+04
1.086470e+00	2.844575e+04	-1.584275e-01	1.684277e-01	0.000000e+00	-3.126667e+03	3.157242e+04
1.087660e+00	2.839145e+04	-1.586279e-01	1.684680e-01	0.000000e+00	-2.792777e+03	3.118423e+04
1.088850e+00	4.137050e+04	-1.588284e-01	1.685174e-01	0.000000e+00	-9.931517e+02	4.236366e+04
1.090040e+00	3.569282e+04	-1.590290e-01	1.685720e-01	0.000000e+00	0.000000e+00	3.569282e+04
1.091230e+00	4.081737e+04	-1.592296e-01	1.686262e-01	0.000000e+00	0.000000e+00	4.081737e+04
1.092420e+00	3.672170e+04	-1.594303e-01	1.686811e-01	0.000000e+00	0.000000e+00	3.672170e+04
1.093610e+00	3.750096e+04	-1.596311e-01	1.687336e-01	0.000000e+00	-1.162346e+03	3.866330e+04
1.094800e+00	3.181438e+04	-1.598319e-01	1.687827e-01	0.000000e+00	-1.574925e+03	3.338930e+04
1.095990e+00	3.394900e+04	-1.600328e-01	1.688293e-01	0.000000e+00	-6.240731e+02	3.457308e+04
1.097180e+00	3.796231e+04	-1.602337e-01	1.688802e-01	0.000000e+00	-1.120446e+03	3.908276e+04
1.098370e+00	2.967912e+04	-1.604347e-01	1.689281e-01	0.000000e+00	-3.226878e+03	3.290600e+04
1.099560e+00	3.464954e+04	-1.606358e-01	1.689737e-01	0.000000e+00	-1.409206e+03	3.605875e+04
1.100750e+00	3.969382e+04	-1.608369e-01	1.690263e-01	0.000000e+00	-1.525038e+03	4.121886e+04
1.101940e+00	4.408347e+04	-1.610381e-01	1.690856e-01	0.000000e+00	-1.262822e+03	4.534629e+04
1.103130e+00	3.364141e+04	-1.612393e-01	1.691407e-01	0.000000e+00	-1.629920e+03	3.527133e+04
1.104320e+00	3.526215e+04	-1.614406e-01	1.691895e-01	0.000000e+00	-8.753286e+02	3.613748e+04
1.105510e+00	3.350317e+04	-1.616420e-01	1.692382e-01	0.000000e+00	-1.272245e+03	3.477541e+04
1.106700e+00	4.084537e+04	-1.618434e-01	1.692908e-01	0.000000e+00	-1.338319e+03	4.218369e+04
1.107890e+00	4.146013e+04	-1.620449e-01	1.693491e-01	0.000000e+00	-8.446549e+02	4.230478e+04
1.109080e+00	3.791300e+04	-1.622465e-01	1.694053e-01	0.000000e+00	-1.945649e+03	3.985865e+04
1.110270e+00	4.011096e+04	-1.624481e-01	1.694606e-01	0.000000e+00	-1.029533e+03	4.114050e+04
1.111460e+00	4.211695e+04	-1.626498e-01	1.695188e-01	0.000000e+00	-2.108462e+03	4.422541e+04
1.112650e+00	3.774735e+04	-1.628515e-01	1.695754e-01	0.000000e+00	-1.419902e+03	3.916725e+04
1.113840e+00	3.918852e+04	-1.630534e-01	1.696298e-01	0.000000e+00	0.000000e+00	3.918852e+04
1.115030e+00	5.038825e+04	-1.632553e-01	1.696933e-01	0.000000e+00	-1.687275e+03	5.207552e+04
1.116220e+00	3.294606e+04	-1.634572e-01	1.697523e-01	0.000000e+00	-1.674070e+03	3.462013e+04
1.117410e+00	3.288358e+04	-1.636593e-01	1.697989e-01	0.000000e+00	0.000000e+00	3.288358e+04
1.118600e+00	3.538730e+04	-1.638614e-01	1.698473e-01	0.000000e+00	0.000000e+00	3.538730e+04
1.119790e+00	3.980937e+04	-1.640635e-01	1.699005e-01	0.000000e+00	-1.948928e+02	4.000427e+04
1.120980e+00	3.580281e+04	-1.642657e-01	1.699541e-01	0.000000e+00	-1.580764e+03	3.738358e+04
1.122170e+00	3.213533e+04	-1.644680e-01	1.700022e-01	0.000000e+00	-7.453516e+02	3.288068e+04
1.123360e+00	3.298104e+04	-1.646703e-01	1.700483e-01	0.000000e+00	-1.516581e+03	3.449762e+04
1.124550e+00	3.966697e+04	-1.648727e-01	1.700997e-01	0.000000e+00	-9.791584e+02	4.064613e+04
1.125740e+00	3.638873e+04	-1.650752e-01	1.701536e-01	0.000000e+00	-6.716059e+02	3.706033e+04
1.126930e+00	4.514786e+04	-1.652777e-01	1.702113e-01	0.000000e+00	-3.452191e+02	4.549308e+04
1.128120e+00	3.733394e+04	-1.654803e-01	1.702697e-01	0.000000e+00	-6.891158e+02	3.802306e+04
1.129310e+00	3.573311e+04	-1.656829e-01	1.703215e-01	0.000000e+00	0.000000e+00	3.573311e+04
1.130500e+00	3.759093e+04	-1.658856e-01	1.703734e-01	0.000000e+00	0.000000e+00	3.759093e+04
1.131690e+00	3.655206e+04	-1.660884e-01	1.704259e-01	0.000000e+00	-2.599163e+02	3.681197e+04
1.132880e+00	3.546234e+04	-1.662913e-01	1.704769e-01	0.000000e+00	-1.815387e+03	3.727772e+04
1.134070e+00	3.730754e+04	-1.664941e-01	1.705284e-01	0.000000e+00	-2.777722e+03	4.008526e+04
1.135260e+00	4.299292e+04	-1.666971e-01	1.705853e-01	0.000000e+00	-1.889915e+02	4.318191e+04
1.136450e+00	3.915453e+04	-1.669001e-01	1.706435e-01	0.000000e+00	-1.305422e+03	4.045995e+04
1.137640e+00	3.201264e+04	-1.671032e-01	1.706939e-01	0.000000e+00	-2.419067e+03	3.443171e+04
1.138830e+00	4.555471e+04	-1.673064e-01	1.707488e-01	0.000000e+00	-6.089154e+02	4.616362e+04
1.140020e+00	3.671895e+04	-1.675096e-01	1.708071e-01	0.000000e+00	-7.086123e+02	3.742756e+04
1.141210e+00	3.754437e+04	-1.677129e-01	1.708597e-01	0.000000e+00	-7.598410e+02	3.830421e+04
1.142400e+00	3.767182e+04	-1.679163e-01	1.709129e-01	0.000000e+00	-8.049512e+01	3.775232e+04
1.143590e+00	3.966676e+04	-1.681197e-01	1.709677e-01	0.000000e+00	0.000000e+00	3.966676e+04
1.144780e+00	3.752216e+04	-1.683232e-01	1.710224e-01	0.000000e+00	0.000000e+00	3.752216e+04
1.145970e+00	2.859651e+04	-1.685267e-01	1.710692e-01	0.000000e+00	0.000000e+00	2.859651e+04
1.147160e+00	3.838556e+04	-1.687303e-01	1.711166e-01	0.000000e+00	0.000000e+00	3.838556e+04
1.148350e+00	4.175081e+04	-1.689340e-01	1.711734e-01	0.000000e+00	-2.295474e+02	4.198036e+04
1.149540e+00	3.352599e+04	-1.691377e-01	1.712267e-01	0.000000e+00	-1.149179e+03	3.467517e+04
1.150730e+00	3.189752e+04	-1.693415e-01	1.712730e-01	0.000000e+00	-8.160378e+02	3.271355e+04
1.151920e+00	3.568542e+04	-1.695453e-01	1.713209e-01	0.000000e+00	-3.262443e+02	3.601167e+04
1.153110e+00	3.304483e+04	-1.697492e-01	1.713695e-01	0.000000e+00	0.000000e+00	3.304483e+04
1.154300e+00	3.561008e+04	-1.699532e-01	1.714182e-01	0.000000e+00	0.000000e+00	3.561008e+04
1.155490e+00	4.032888e+04	-1.701572e-01	1.714719e-01	0.000000e+00	0.000000e+00	4.032888e+04
1.156680e+00	4.189185e+04	-1.703613e-01	1.715302e-01	0.000000e+00	-4.839744e+02	4.237582e+04
1.157870e+00	3.838533e+04	-1.705655e-01	1.715870e-01	0.000000e+00	-3.563617e+02	3.874169e+04
1.159060e+00	3.622526e+04	-1.707697e-01	1.716398e-01	0.000000e+00	0.000000e+00	3.622526e+04
1.160250e+00	3.296539e+04	-1.709740e-01	1.716888e-01	0.000000e+00	0.000000e+00	3.296539e+04
1.161440e+00	3.434821e+04	-1.711783e-01	1.717365e-01	0.000000e+00	0.000000e+00	3.434821e+04
1.162630e+00	4.677905e+04	-1.713827e-01	1.717940e-01	0.000000e+00	0.000000e+00	4.677905e+04
1.163820e+00	3.478759e+04	-1.715872e-01	1.718517e-01	0.000000e+00	0.000000e+00	3.478759e+04
1.165010e+00	2.885533e+04	-1.717917e-01	1.718968e-01	0.000000e+00	-1.298041e+03	3.015338e+04
1.166200e+00	2.901584e+04	-1.719963e-01	1.719378e-01	0.000000e+00	-2.673115e+03	3.168895e+04
1.167390e+00	4.088598e+04	-1.722009e-01	1.719873e-01	0.000000e+00	-1.070860e+03	4.195684e+04
1.168580e+00	3.982520e+04	-1.724056e-01	1.720444e-01	0.000000e+00	-7.525320e+02	4.057773e+04
1.169770e+00	3.518074e+04	-1.726104e-01	1.720976e-01	0.000000e+00	-8.780414e+01	3.526854e+04
1.170960e+00	2.368470e+04	-1.728152e-01	1.721392e-01	0.000000e+00	0.000000e+00	2.368470e+04
1.172150e+00	3.339336e+04	-1.730201e-01	1.721797e-01	0.000000e+00	-2.155524e+02	3.360891e+04
1.173340e+00	3.116149e+04	-1.732250e-01	1.722254e-01	0.000000e+00	-6.247837e+02	3.178628e+04
1.174530e+00	2.823418e+04	-1.734300e-01	1.722674e-01	0.000000e+00	-1.205533e+03	2.943972e+04
1.175720e+00	3.338914e+04	-1.736350e-01	1.723111e-01	0.000000e+00	-1.024019e+03	3.441316e+04
1.176910e+00	3.537292e+04	-1.738401e-01	1.723598e-01	0.000000e+00	-2.914564e+02	3.566437e+04
1.178100e+00	3.390062e+04	-1.740452e-01	1.724088e-01	0.000000e+00	0.000000e+00	3.390062e+04
1.179290e+00	3.551732e+04	-1.742504e-01	1.724580e-01	0.000000e+00	-5.923697e+02	3.610969e+04
1.180480e+00	3.529339e+04	-1.744557e-01	1.725081e-01	0.000000e+00	-4.220185e+02	3.571541e+04
1.181670e+00	3.550402e+04	-1.746610e-01	1.725583e-01	0.000000e+00	-6.662841e+02	3.617030e+04
1.182860e+00	3.703747e+04	-1.748663e-01	1.726096e-01	0.000000e+00	0.000000e+00	3.703747e+04
1.184050e+00	4.278995e+04	-1.750718e-01	1.726662e-01	0.000000e+00	-4.409136e+01	4.283404e+04
1.185240e+00	4.165681e+04	-1.752773e-01	1.727260e-01	0.000000e+00	-1.158341e+03	4.281515e+04
1.186430e+00	4.306624e+04	-1.754829e-01	1.727860e-01	0.000000e+00	-1.314425e+03	4.438067e+04
1.187620e+00	3.531027e+04	-1.756885e-01	1.728415e-01	0.000000e+00	-4.151732e+00	3.531443e+04
1.188810e+00	3.462318e+04	-1.758942e-01	1.728910e-01	0.000000e+00	0.000000e+00	3.462318e+04
1.190000e+00	1.751246e+04	-1.761000e-01	1.729279e-01	0.000000e+00	0.000000e+00	1.751246e+04
