#x	rho	phi	ex	bz	rhok[0]	rhok[1]
0.000000e+00	-4.738811e+03	0.000000e+00	3.524241e-02	0.000000e+00	-5.077493e+03	3.386825e+02
1.190000e-03	-2.488452e+03	-4.193447e-05	3.523729e-02	0.000000e+00	-8.187519e+03	5.699067e+03
2.380000e-03	3.562697e+03	-8.386476e-05	3.523805e-02	0.000000e+00	-8.050221e+03	1.161292e+04
3.570000e-03	4.563961e+03	-1.258010e-04	3.524381e-02	0.000000e+00	-2.748971e+03	7.312932e+03
4.760000e-03	4.139704e+03	-1.677450e-04	3.524997e-02	0.000000e+00	-5.469564e+03	9.609268e+03
5.950000e-03	7.955802e+03	-2.096960e-04	3.525854e-02	0.000000e+00	-6.163395e+03	1.411920e+04
7.140000e-03	9.069051e+03	-2.516603e-04	3.527059e-02	0.000000e+00	-7.750888e+03	1.681994e+04
8.330000e-03	1.096593e+04	-2.936400e-04	3.528478e-02	0.000000e+00	-9.989772e+03	2.095570e+04
9.520000e-03	9.687390e+03	-3.356381e-04	3.529941e-02	0.000000e+00	-7.179325e+03	1.686671e+04
1.071000e-02	1.413239e+04	-3.776526e-04	3.531628e-02	0.000000e+00	-8.559261e+03	2.269165e+04
1.190000e-02	1.763839e+04	-4.196909e-04	3.533877e-02	0.000000e+00	-9.850056e+03	2.748844e+04
1.309000e-02	2.348576e+04	-4.617589e-04	3.536790e-02	0.000000e+00	-8.344168e+03	3.182993e+04
1.428000e-02	2.607589e+04	-5.038665e-04	3.540300e-02	0.000000e+00	-6.193580e+03	3.226947e+04
1.547000e-02	3.082417e+04	-5.460180e-04	3.544329e-02	0.000000e+00	-3.527041e+03	3.435121e+04
1.666000e-02	3.799879e+04	-5.882215e-04	3.549203e-02	0.000000e+00	-6.783649e+03	4.478244e+04
1.785000e-02	3.068365e+04	-6.304890e-04	3.554067e-02	0.000000e+00	-3.398773e+03	3.408242e+04
1.904000e-02	3.146752e+04	-6.728083e-04	3.558468e-02	0.000000e+00	-3.627089e+03	3.509461e+04
2.023000e-02	2.920054e+04	-7.151806e-04	3.562764e-02	0.000000e+00	-3.372762e+03	3.257330e+04
2.142000e-02	2.458720e+04	-7.576021e-04	3.566573e-02	0.000000e+00	-7.507829e+03	3.209502e+04
2.261000e-02	2.919096e+04	-8.000650e-04	3.570382e-02	0.000000e+00	-7.058542e+03	3.624950e+04
2.380000e-02	3.515102e+04	-8.425771e-04	3.574938e-02	0.000000e+00	-8.410090e+03	4.356111e+04
2.499000e-02	3.707698e+04	-8.851485e-04	3.580053e-02	0.000000e+00	-4.889119e+03	4.196610e+04
2.618000e-02	4.177292e+04	-9.277824e-04	3.585637e-02	0.000000e+00	-6.835200e+03	4.860812e+04
2.737000e-02	4.140455e+04	-9.704867e-04	3.591527e-02	0.000000e+00	-1.000888e+04	5.141343e+04
2.856000e-02	4.128788e+04	-1.013261e-03	3.597383e-02	0.000000e+00	-9.752228e+03	5.104010e+04
2.975000e-02	4.859592e+04	-1.056104e-03	3.603749e-02	0.000000e+00	-5.881671e+03	5.447759e+04
3.094000e-02	4.988368e+04	-1.099030e-03	3.610723e-02	0.000000e+00	-4.924426e+03	5.480810e+04
3.213000e-02	4.933549e+04	-1.142040e-03	3.617749e-02	0.000000e+00	-5.974874e+03	5.531037e+04
3.332000e-02	3.736355e+04	-1.185132e-03	3.623889e-02	0.000000e+00	-4.704801e+03	4.206835e+04
3.451000e-02	4.193523e+04	-1.228288e-03	3.629504e-02	0.000000e+00	-5.219410e+03	4.715464e+04
3.570000e-02	4.907790e+04	-1.271515e-03	3.635950e-02	0.000000e+00	-4.379462e+03	5.345736e+04
3.689000e-02	4.830848e+04	-1.314824e-03	3.642846e-02	0.000000e+00	-4.589062e+03	5.289754e+04
3.808000e-02	5.302077e+04	-1.358214e-03	3.650022e-02	0.000000e+00	-2.901005e+03	5.592177e+04
3.927000e-02	6.253086e+04	-1.401694e-03	3.658205e-02	0.000000e+00	-4.265255e+03	6.679611e+04
4.046000e-02	5.543176e+04	-1.445280e-03	3.666558e-02	0.000000e+00	-6.323604e+03	6.175536e+04
4.165000e-02	5.956315e+04	-1.488958e-03	3.674702e-02	0.000000e+00	-7.063289e+03	6.662644e+04
4.284000e-02	6.290401e+04	-1.532738e-03	3.683375e-02	0.000000e+00	-8.516522e+03	7.142053e+04
4.403000e-02	5.470293e+04	-1.576623e-03	3.691703e-02	0.000000e+00	-6.652086e+03	6.135502e+04
4.522000e-02	5.664371e+04	-1.620600e-03	3.699588e-02	0.000000e+00	-6.458315e+03	6.310202e+04
4.641000e-02	6.749820e+04	-1.664673e-03	3.708380e-02	0.000000e+00	-3.868252e+03	7.136645e+04
4.760000e-02	6.128132e+04	-1.708859e-03	3.717499e-02	0.000000e+00	-8.636949e+03	6.991827e+04
4.879000e-02	5.784363e+04	-1.753149e-03	3.725935e-02	0.000000e+00	-6.187010e+03	6.403064e+04
4.998000e-02	5.844216e+04	-1.797537e-03	3.734170e-02	0.000000e+00	-3.832893e+03	6.227505e+04
5.117000e-02	5.566938e+04	-1.842023e-03	3.742251e-02	0.000000e+00	-6.471576e+03	6.214095e+04
5.236000e-02	5.932511e+04	-1.886602e-03	3.750395e-02	0.000000e+00	-9.995835e+03	6.932094e+04
5.355000e-02	5.943856e+04	-1.931282e-03	3.758805e-02	0.000000e+00	-8.099876e+03	6.753844e+04
5.474000e-02	6.564801e+04	-1.976062e-03	3.767663e-02	0.000000e+00	-7.444085e+03	7.309209e+04
5.593000e-02	7.785703e+04	-2.020952e-03	3.777826e-02	0.000000e+00	-2.741003e+03	8.059803e+04
5.712000e-02	6.691182e+04	-2.065974e-03	3.788078e-02	0.000000e+00	-8.350365e+03	7.526219e+04
5.831000e-02	7.153980e+04	-2.111109e-03	3.797883e-02	0.000000e+00	-4.850469e+03	7.639027e+04
5.950000e-02	7.060562e+04	-2.156364e-03	3.807949e-02	0.000000e+00	-4.280332e+03	7.488595e+04
6.069000e-02	6.787720e+04	-2.201738e-03	3.817756e-02	0.000000e+00	-1.032498e+04	7.820218e+04
6.188000e-02	8.381051e+04	-2.247226e-03	3.828498e-02	0.000000e+00	-6.730180e+03	9.054069e+04
6.307000e-02	7.474452e+04	-2.292856e-03	3.839726e-02	0.000000e+00	-9.975052e+03	8.471957e+04
6.426000e-02	6.661142e+04	-2.338612e-03	3.849736e-02	0.000000e+00	-5.028638e+03	7.164006e+04
6.545000e-02	7.633516e+04	-2.384480e-03	3.859859e-02	0.000000e+00	-5.718965e+03	8.205412e+04
6.664000e-02	7.635349e+04	-2.430476e-03	3.870672e-02	0.000000e+00	-5.026908e+03	8.138040e+04
6.783000e-02	8.445893e+04	-2.476602e-03	3.882060e-02	0.000000e+00	-4.512172e+03	8.897110e+04
6.902000e-02	9.039529e+04	-2.522870e-03	3.894443e-02	0.000000e+00	-2.678733e+03	9.307402e+04
7.021000e-02	7.721226e+04	-2.569290e-03	3.906312e-02	0.000000e+00	-6.456277e+03	8.366854e+04
7.140000e-02	7.672643e+04	-2.615840e-03	3.917214e-02	0.000000e+00	-6.428207e+03	8.315463e+04
7.259000e-02	8.082221e+04	-2.662519e-03	3.928371e-02	0.000000e+00	-6.086755e+03	8.690897e+04
7.378000e-02	8.859803e+04	-2.709335e-03	3.940369e-02	0.000000e+00	-7.468167e+03	9.606619e+04
7.497000e-02	9.568581e+04	-2.756300e-03	3.953419e-02	0.000000e+00	-4.597402e+03	1.002832e+05
7.616000e-02	8.153358e+04	-2.803426e-03	3.965969e-02	0.000000e+00	-6.152616e+03	8.768620e+04
7.735000e-02	7.023975e+04	-2.850690e-03	3.976717e-02	0.000000e+00	-8.110956e+03	7.835071e+04
7.854000e-02	8.053980e+04	-2.898072e-03	3.987395e-02	0.000000e+00	-5.517999e+03	8.605780e+04
7.973000e-02	9.524336e+04	-2.945590e-03	3.999843e-02	0.000000e+00	-7.786857e+03	1.030302e+05
8.092000e-02	9.457845e+04	-2.993268e-03	4.013285e-02	0.000000e+00	-3.875948e+03	9.845439e+04
8.211000e-02	1.020782e+05	-3.041106e-03	4.027212e-02	0.000000e+00	-5.542476e+03	1.076207e+05
8.330000e-02	8.408197e+04	-3.089116e-03	4.040395e-02	0.000000e+00	-7.459669e+03	9.154164e+04
8.449000e-02	8.868010e+04	-3.137268e-03	4.052630e-02	0.000000e+00	-5.521225e+03	9.420132e+04
8.568000e-02	9.479669e+04	-3.185569e-03	4.065623e-02	0.000000e+00	-2.703258e+03	9.749995e+04
8.687000e-02	8.909038e+04	-3.234030e-03	4.078645e-02	0.000000e+00	-4.515906e+03	9.360629e+04
8.806000e-02	9.860989e+04	-3.282640e-03	4.091937e-02	0.000000e+00	-3.452605e+03	1.020625e+05
8.925000e-02	9.847868e+04	-3.331418e-03	4.105894e-02	0.000000e+00	-3.809458e+03	1.022881e+05
9.044000e-02	1.011104e+05	-3.380361e-03	4.120029e-02	0.000000e+00	-8.096935e+03	1.092073e+05
9.163000e-02	1.007169e+05	-3.429474e-03	4.134321e-02	0.000000e+00	-7.235397e+03	1.079523e+05
9.282000e-02	1.076935e+05	-3.478758e-03	4.149080e-02	0.000000e+00	-5.753314e+03	1.134468e+05
9.401000e-02	9.052377e+04	-3.528222e-03	4.163117e-02	0.000000e+00	-6.222879e+03	9.674664e+04
9.520000e-02	9.447314e+04	-3.577840e-03	4.176218e-02	0.000000e+00	-5.065334e+03	9.953848e+04
9.639000e-02	8.650943e+04	-3.627616e-03	4.189035e-02	0.000000e+00	-5.835914e+03	9.234535e+04
9.758000e-02	9.119416e+04	-3.677539e-03	4.201619e-02	0.000000e+00	-7.459837e+03	9.865400e+04
9.877000e-02	9.061365e+04	-3.727615e-03	4.214494e-02	0.000000e+00	-7.638179e+03	9.825183e+04
9.996000e-02	9.986289e+04	-3.777844e-03	4.227983e-02	0.000000e+00	-1.056233e+04	1.104252e+05
1.011500e-01	9.744632e+04	-3.828241e-03	4.241956e-02	0.000000e+00	-5.187633e+03	1.026339e+05
1.023400e-01	7.606787e+04	-3.878802e-03	4.254243e-02	0.000000e+00	-5.626842e+03	8.169471e+04
1.035300e-01	1.085590e+05	-3.929492e-03	4.267318e-02	0.000000e+00	-5.020534e+03	1.135796e+05
1.047200e-01	1.063580e+05	-3.980364e-03	4.282538e-02	0.000000e+00	-3.234677e+03	1.095927e+05
1.059100e-01	8.582155e+04	-4.031416e-03	4.296147e-02	0.000000e+00	-4.383106e+03	9.020466e+04
1.071000e-01	1.035643e+05	-4.082613e-03	4.309559e-02	0.000000e+00	-3.591018e+03	1.071553e+05
1.082900e-01	1.036538e+05	-4.133984e-03	4.324233e-02	0.000000e+00	-3.945849e+03	1.075996e+05
1.094800e-01	9.706346e+04	-4.185530e-03	4.338447e-02	0.000000e+00	-4.211393e+03	1.012748e+05
1.106700e-01	9.873122e+04	-4.237239e-03	4.352313e-02	0.000000e+00	-7.694044e+03	1.064253e+05
1.118600e-01	1.106580e+05	-4.289115e-03	4.367141e-02	0.000000e+00	-9.367867e+03	1.200259e+05
1.130500e-01	1.259348e+05	-4.341177e-03	4.383896e-02	0.000000e+00	-8.907175e+03	1.348420e+05
1.142400e-01	1.045171e+05	-4.393451e-03	4.400215e-02	0.000000e+00	-6.479469e+03	1.109966e+05
1.154300e-01	1.060422e+05	-4.445902e-03	4.415126e-02	0.000000e+00	-6.815101e+03	1.128573e+05
1.166200e-01	1.151957e+05	-4.498531e-03	4.430794e-02	0.000000e+00	-7.068743e+03	1.222644e+05
1.178100e-01	9.816963e+04	-4.551355e-03	4.445903e-02	0.000000e+00	-3.176091e+03	1.013457e+05
1.190000e-01	1.067759e+05	-4.604344e-03	4.460417e-02	0.000000e+00	-4.746519e+03	1.115224e+05
1.201900e-01	1.096616e+05	-4.657513e-03	4.475744e-02	0.000000e+00	-4.198314e+03	1.138599e+05
1.213800e-01	1.104502e+05	-4.710867e-03	4.491332e-02	0.000000e+00	-3.391378e+03	1.138415e+05
1.225700e-01	1.104191e+05	-4.764406e-03	4.506973e-02	0.000000e+00	-7.953811e+03	1.183729e+05
1.237600e-01	1.148720e+05	-4.818132e-03	4.522927e-02	0.000000e+00	-5.732326e+03	1.206043e+05
1.249500e-01	1.228994e+05	-4.872052e-03	4.539765e-02	0.000000e+00	-3.833251e+03	1.267327e+05
1.261400e-01	1.079864e+05	-4.926179e-03	4.556116e-02	0.000000e+00	-4.202955e+03	1.121893e+05
1.273300e-01	1.143874e+05	-4.980488e-03	4.571864e-02	0.000000e+00	-3.900443e+03	1.182878e+05
1.285200e-01	1.086690e+05	-5.034989e-03	4.587660e-02	0.000000e+00	-3.338889e+03	1.120079e+05
1.297100e-01	1.173148e+05	-5.089674e-03	4.603663e-02	0.000000e+00	-3.303281e+03	1.206181e+05
1.309000e-01	1.304730e+05	-5.144556e-03	4.621211e-02	0.000000e+00	-5.065305e+03	1.355383e+05
1.320900e-01	1.126738e+05	-5.199659e-03	4.638429e-02	0.000000e+00	-3.087162e+03	1.157610e+05
1.332800e-01	1.066810e+05	-5.254951e-03	4.653963e-02	0.000000e+00	-4.084910e+03	1.107659e+05
1.344700e-01	1.115501e+05	-5.310423e-03	4.669418e-02	0.000000e+00	-6.155306e+03	1.177054e+05
1.356600e-01	1.082623e+05	-5.366083e-03	4.684984e-02	0.000000e+00	-3.948416e+03	1.122107e+05
1.368500e-01	1.112734e+05	-5.421926e-03	4.700531e-02	0.000000e+00	-3.896598e+03	1.151700e+05
1.380400e-01	1.249432e+05	-5.477956e-03	4.717259e-02	0.000000e+00	-4.748631e+03	1.296919e+05
1.392300e-01	1.106224e+05	-5.534196e-03	4.733941e-02	0.000000e+00	-5.201125e+03	1.158235e+05
1.404200e-01	1.190412e+05	-5.590624e-03	4.750205e-02	0.000000e+00	-6.331275e+03	1.253725e+05
1.416100e-01	1.211377e+05	-5.647251e-03	4.767213e-02	0.000000e+00	-4.372504e+03	1.255102e+05
1.428000e-01	1.348380e+05	-5.704083e-03	4.785341e-02	0.000000e+00	-4.099290e+03	1.389373e+05
1.439900e-01	1.213317e+05	-5.761142e-03	4.803482e-02	0.000000e+00	-2.334485e+03	1.236662e+05
1.451800e-01	1.341573e+05	-5.818406e-03	4.821575e-02	0.000000e+00	-4.369752e+03	1.385271e+05
1.463700e-01	1.234282e+05	-5.875896e-03	4.839816e-02	0.000000e+00	-6.748089e+03	1.301763e+05
1.475600e-01	1.271015e+05	-5.933594e-03	4.857557e-02	0.000000e+00	-3.901865e+03	1.310033e+05
1.487500e-01	1.183212e+05	-5.991506e-03	4.874937e-02	0.000000e+00	-4.821064e+03	1.231423e+05
1.499400e-01	1.184432e+05	-6.049617e-03	4.891704e-02	0.000000e+00	-2.862185e+03	1.213054e+05
1.511300e-01	1.258457e+05	-6.107928e-03	4.909004e-02	0.000000e+00	-2.718263e+03	1.285640e+05
1.523200e-01	1.227101e+05	-6.166452e-03	4.926606e-02	0.000000e+00	-4.812235e+03	1.275223e+05
1.535100e-01	1.405233e+05	-6.225182e-03	4.945247e-02	0.000000e+00	-4.450449e+03	1.449738e+05
1.547000e-01	1.297283e+05	-6.284148e-03	4.964385e-02	0.000000e+00	-2.878677e+03	1.326070e+05
1.558900e-01	1.257704e+05	-6.343334e-03	4.982479e-02	0.000000e+00	-3.036779e+03	1.288072e+05
1.570800e-01	1.229849e+05	-6.402731e-03	5.000095e-02	0.000000e+00	-6.252817e+03	1.292377e+05
1.582700e-01	1.286370e+05	-6.462336e-03	5.017914e-02	0.000000e+00	-3.203431e+03	1.318404e+05
1.594600e-01	1.307693e+05	-6.522158e-03	5.036284e-02	0.000000e+00	-5.549380e+03	1.363187e+05
1.606500e-01	1.397843e+05	-6.582200e-03	5.055444e-02	0.000000e+00	-5.533443e+03	1.453177e+05
1.618400e-01	1.295571e+05	-6.642477e-03	5.074517e-02	0.000000e+00	-6.586445e+03	1.361436e+05
1.630300e-01	1.412783e+05	-6.702973e-03	5.093697e-02	0.000000e+00	-2.774903e+03	1.440532e+05
1.642200e-01	1.309851e+05	-6.763707e-03	5.112978e-02	0.000000e+00	-2.589673e+03	1.335748e+05
1.654100e-01	1.371903e+05	-6.824662e-03	5.131969e-02	0.000000e+00	-6.118141e+03	1.433084e+05
1.666000e-01	1.227887e+05	-6.885848e-03	5.150380e-02	0.000000e+00	-4.360539e+03	1.271492e+05
1.677900e-01	1.340230e+05	-6.947241e-03	5.168566e-02	0.000000e+00	-4.140741e+03	1.381638e+05
1.689800e-01	1.339409e+05	-7.008860e-03	5.187543e-02	0.000000e+00	-5.045449e+03	1.389864e+05
1.701700e-01	1.362078e+05	-7.070705e-03	5.206674e-02	0.000000e+00	-6.147837e+03	1.423556e+05
1.713600e-01	1.362148e+05	-7.132779e-03	5.225966e-02	0.000000e+00	-4.238673e+03	1.404535e+05
1.725500e-01	1.271941e+05	-7.195083e-03	5.244619e-02	0.000000e+00	-4.723572e+03	1.319177e+05
1.737400e-01	1.134084e+05	-7.257601e-03	5.261658e-02	0.000000e+00	-5.049821e+03	1.184582e+05
1.749300e-01	1.347793e+05	-7.320310e-03	5.279234e-02	0.000000e+00	-6.511288e+03	1.412905e+05
1.761200e-01	1.389092e+05	-7.383247e-03	5.298615e-02	0.000000e+00	-2.477916e+03	1.413871e+05
1.773100e-01	1.490878e+05	-7.446417e-03	5.319010e-02	0.000000e+00	-2.309124e+03	1.513970e+05
1.785000e-01	1.353993e+05	-7.509839e-03	5.339157e-02	0.000000e+00	-1.811425e+03	1.372107e+05
1.796900e-01	1.352423e+05	-7.573489e-03	5.358323e-02	0.000000e+00	-3.579463e+03	1.388218e+05
1.808800e-01	1.248526e+05	-7.637367e-03	5.376742e-02	0.000000e+00	-3.522616e+03	1.283752e+05
1.820700e-01	1.324789e+05	-7.701456e-03	5.394965e-02	0.000000e+00	-4.394214e+03	1.368731e+05
1.832600e-01	1.268413e+05	-7.765767e-03	5.413329e-02	0.000000e+00	-5.592785e+03	1.324341e+05
1.844500e-01	1.530550e+05	-7.830293e-03	5.433150e-02	0.000000e+00	-4.228453e+03	1.572835e+05
1.856400e-01	1.504496e+05	-7.895076e-03	5.454643e-02	0.000000e+00	-6.515873e+03	1.569655e+05
1.868300e-01	1.400794e+05	-7.960113e-03	5.475218e-02	0.000000e+00	-8.733365e+03	1.488127e+05
1.880200e-01	1.424594e+05	-8.025386e-03	5.495226e-02	0.000000e+00	-5.471215e+03	1.479306e+05
1.892100e-01	1.276382e+05	-8.090900e-03	5.514353e-02	0.000000e+00	-3.623600e+03	1.312618e+05
1.904000e-01	1.386376e+05	-8.156628e-03	5.533210e-02	0.000000e+00	-4.242777e+03	1.428804e+05
1.915900e-01	1.540099e+05	-8.222590e-03	5.553934e-02	0.000000e+00	-5.497823e+03	1.595077e+05
1.927800e-01	1.541624e+05	-8.288812e-03	5.575758e-02	0.000000e+00	-3.895001e+03	1.580574e+05
1.939700e-01	1.354024e+05	-8.355293e-03	5.596264e-02	0.000000e+00	-8.194693e+03	1.435971e+05
1.951600e-01	1.403523e+05	-8.422003e-03	5.615792e-02	0.000000e+00	-4.129468e+03	1.444817e+05
1.963500e-01	1.392438e+05	-8.488949e-03	5.635592e-02	0.000000e+00	-3.483811e+03	1.427276e+05
1.975400e-01	1.403830e+05	-8.556130e-03	5.655394e-02	0.000000e+00	-3.803953e+03	1.441869e+05
1.987300e-01	1.364388e+05	-8.623547e-03	5.674998e-02	0.000000e+00	-7.580469e+03	1.440193e+05
1.999200e-01	1.391989e+05	-8.691195e-03	5.694517e-02	0.000000e+00	-5.159716e+03	1.443586e+05
2.011100e-01	1.432214e+05	-8.759077e-03	5.714517e-02	0.000000e+00	-4.359336e+03	1.475808e+05
2.023000e-01	1.337481e+05	-8.827200e-03	5.734131e-02	0.000000e+00	-5.757692e+03	1.395058e+05
2.034900e-01	1.306404e+05	-8.895549e-03	5.752854e-02	0.000000e+00	-3.256104e+03	1.338965e+05
2.046800e-01	1.311051e+05	-8.964118e-03	5.771390e-02	0.000000e+00	-1.853150e+03	1.329582e+05
2.058700e-01	1.479115e+05	-9.032908e-03	5.791149e-02	0.000000e+00	-4.114421e+03	1.520259e+05
2.070600e-01	1.410104e+05	-9.101948e-03	5.811610e-02	0.000000e+00	-2.347737e+03	1.433581e+05
2.082500e-01	1.374231e+05	-9.171225e-03	5.831327e-02	0.000000e+00	-3.494267e+03	1.409173e+05
2.094400e-01	1.491328e+05	-9.240733e-03	5.851620e-02	0.000000e+00	-2.955127e+03	1.520880e+05
2.106300e-01	1.526172e+05	-9.310493e-03	5.872989e-02	0.000000e+00	-5.309626e+03	1.579269e+05
2.118200e-01	1.498197e+05	-9.380510e-03	5.894407e-02	0.000000e+00	-5.931984e+03	1.557517e+05
2.130100e-01	1.514259e+05	-9.450780e-03	5.915740e-02	0.000000e+00	-2.992153e+03	1.544180e+05
2.142000e-01	1.405367e+05	-9.521305e-03	5.936416e-02	0.000000e+00	-2.859805e+03	1.433965e+05
2.153900e-01	1.426187e+05	-9.592067e-03	5.956468e-02	0.000000e+00	-3.214731e+03	1.458335e+05
2.165800e-01	1.468797e+05	-9.663069e-03	5.976969e-02	0.000000e+00	-3.737959e+03	1.506177e+05
2.177700e-01	1.366158e+05	-9.734319e-03	5.997045e-02	0.000000e+00	-2.858918e+03	1.394747e+05
2.189600e-01	1.435403e+05	-9.805799e-03	6.016885e-02	0.000000e+00	-3.530397e+03	1.470707e+05
2.201500e-01	1.614368e+05	-9.877520e-03	6.038482e-02	0.000000e+00	-1.931326e+03	1.633681e+05
2.213400e-01	1.649922e+05	-9.949514e-03	6.061599e-02	0.000000e+00	-2.917855e+03	1.679101e+05
2.225300e-01	1.670075e+05	-1.002179e-02	6.085110e-02	0.000000e+00	-5.428906e+03	1.724365e+05
2.237200e-01	1.537667e+05	-1.009434e-02	6.107826e-02	0.000000e+00	-5.280951e+03	1.590477e+05
2.249100e-01	1.632575e+05	-1.016715e-02	6.130276e-02	0.000000e+00	-1.565715e+03	1.648233e+05
2.261000e-01	1.599930e+05	-1.024024e-02	6.153168e-02	0.000000e+00	-3.395452e+03	1.633885e+05
2.272900e-01	1.592485e+05	-1.031360e-02	6.175775e-02	0.000000e+00	-2.054467e+03	1.613029e+05
2.284800e-01	1.531264e+05	-1.038722e-02	6.197897e-02	0.000000e+00	-3.097386e+03	1.562238e+05
2.296700e-01	1.572968e+05	-1.046111e-02	6.219880e-02	0.000000e+00	-6.324698e+03	1.636215e+05
2.308600e-01	1.510821e+05	-1.053526e-02	6.241718e-02	0.000000e+00	-4.698977e+03	1.557811e+05
2.320500e-01	1.643639e+05	-1.060966e-02	6.264057e-02	0.000000e+00	-1.453592e+03	1.658174e+05
2.332400e-01	1.554340e+05	-1.068434e-02	6.286704e-02	0.000000e+00	-2.371205e+03	1.578052e+05
2.344300e-01	1.524759e+05	-1.075928e-02	6.308509e-02	0.000000e+00	-3.338270e+03	1.558141e+05
2.356200e-01	1.494794e+05	-1.083448e-02	6.329892e-02	0.000000e+00	-2.830589e+03	1.523099e+05
2.368100e-01	1.475006e+05	-1.090994e-02	6.350923e-02	0.000000e+00	-3.275522e+03	1.507761e+05
2.380000e-01	1.525855e+05	-1.098564e-02	6.372174e-02	0.000000e+00	-2.336198e+03	1.549217e+05
2.391900e-01	1.607504e+05	-1.106159e-02	6.394364e-02	0.000000e+00	-2.625452e+03	1.633758e+05
2.403800e-01	1.557354e+05	-1.113782e-02	6.416776e-02	0.000000e+00	-2.528538e+03	1.582640e+05
2.415700e-01	1.389677e+05	-1.121431e-02	6.437646e-02	0.000000e+00	-6.431107e+03	1.453988e+05
2.427600e-01	1.520018e+05	-1.129104e-02	6.458251e-02	0.000000e+00	-4.929355e+03	1.569312e+05
2.439500e-01	1.551676e+05	-1.136802e-02	6.480004e-02	0.000000e+00	-3.627128e+03	1.587947e+05
2.451400e-01	1.683335e+05	-1.144526e-02	6.502913e-02	0.000000e+00	-3.510172e+03	1.718437e+05
2.463300e-01	1.816508e+05	-1.152279e-02	6.527698e-02	0.000000e+00	-5.213360e+03	1.868642e+05
2.475200e-01	1.634087e+05	-1.160062e-02	6.552134e-02	0.000000e+00	-6.860574e+03	1.702692e+05
2.487100e-01	1.611084e+05	-1.167873e-02	6.575115e-02	0.000000e+00	-5.323124e+03	1.664315e+05
2.499000e-01	1.599752e+05	-1.175711e-02	6.597853e-02	0.000000e+00	-4.117219e+03	1.640924e+05
2.510900e-01	1.513339e+05	-1.183576e-02	6.619899e-02	0.000000e+00	-2.057649e+03	1.533916e+05
2.522800e-01	1.534430e+05	-1.191466e-02	6.641482e-02	0.000000e+00	-3.123181e+03	1.565661e+05
2.534700e-01	1.576785e+05	-1.199383e-02	6.663515e-02	0.000000e+00	-4.805869e+03	1.624844e+05
2.546600e-01	1.576650e+05	-1.207325e-02	6.685846e-02	0.000000e+00	-3.601282e+03	1.612662e+05
2.558500e-01	1.602322e+05	-1.215295e-02	6.708358e-02	0.000000e+00	-2.824941e+03	1.630571e+05
2.570400e-01	1.602028e+05	-1.223291e-02	6.731050e-02	0.000000e+00	-2.579328e+03	1.627821e+05
2.582300e-01	1.686730e+05	-1.231315e-02	6.754340e-02	0.000000e+00	-5.705029e+03	1.743781e+05
2.594200e-01	1.756757e+05	-1.239367e-02	6.778726e-02	0.000000e+00	-3.889933e+03	1.795656e+05
2.606100e-01	1.577346e+05	-1.247448e-02	6.802337e-02	0.000000e+00	-4.675934e+03	1.624106e+05
2.618000e-01	1.614522e+05	-1.255556e-02	6.824940e-02	0.000000e+00	-4.171561e+03	1.656238e+05
2.629900e-01	1.549126e+05	-1.263692e-02	6.847344e-02	0.000000e+00	-2.890382e+03	1.578030e+05
2.641800e-01	1.650900e+05	-1.271853e-02	6.870006e-02	0.000000e+00	-4.009295e+03	1.690993e+05
2.653700e-01	1.689998e+05	-1.280042e-02	6.893665e-02	0.000000e+00	-6.608916e+03	1.756087e+05
2.665600e-01	1.654394e+05	-1.288260e-02	6.917349e-02	0.000000e+00	-3.411043e+03	1.688505e+05
2.677500e-01	1.653645e+05	-1.296505e-02	6.940775e-02	0.000000e+00	-2.860095e+03	1.682246e+05
2.689400e-01	1.594285e+05	-1.304779e-02	6.963776e-02	0.000000e+00	-3.176626e+03	1.626051e+05
2.701300e-01	1.583646e+05	-1.313079e-02	6.986281e-02	0.000000e+00	-4.579213e+03	1.629438e+05
2.713200e-01	1.588325e+05	-1.321406e-02	7.008743e-02	0.000000e+00	-7.145945e+03	1.659785e+05
2.725100e-01	1.566576e+05	-1.329760e-02	7.031085e-02	0.000000e+00	-1.841999e+03	1.584996e+05
2.737000e-01	1.472911e+05	-1.338140e-02	7.052610e-02	0.000000e+00	-2.576458e+03	1.498676e+05
2.748900e-01	1.465150e+05	-1.346545e-02	7.073416e-02	0.000000e+00	-3.137639e+03	1.496527e+05
2.760800e-01	1.712696e+05	-1.354975e-02	7.095921e-02	0.000000e+00	-4.273463e+03	1.755430e+05
2.772700e-01	1.757233e+05	-1.363434e-02	7.120493e-02	0.000000e+00	-4.979055e+03	1.807024e+05
2.784600e-01	1.723021e+05	-1.371922e-02	7.145139e-02	0.000000e+00	-3.657621e+03	1.759597e+05
2.796500e-01	1.609678e+05	-1.380439e-02	7.168740e-02	0.000000e+00	-5.628587e+03	1.665964e+05
2.808400e-01	1.777696e+05	-1.388983e-02	7.192729e-02	0.000000e+00	-4.798447e+03	1.825681e+05
2.820300e-01	1.759234e+05	-1.397558e-02	7.217776e-02	0.000000e+00	-3.637275e+03	1.795607e+05
2.832200e-01	1.652437e+05	-1.406162e-02	7.241936e-02	0.000000e+00	-5.544483e+03	1.707882e+05
2.844100e-01	1.680413e+05	-1.414793e-02	7.265538e-02	0.000000e+00	-5.531109e+03	1.735724e+05
2.856000e-01	1.492439e+05	-1.423454e-02	7.288007e-02	0.000000e+00	-2.692280e+03	1.519362e+05
2.867900e-01	1.697386e+05	-1.432139e-02	7.310596e-02	0.000000e+00	-3.962784e+03	1.737014e+05
2.879800e-01	1.668148e+05	-1.440853e-02	7.334430e-02	0.000000e+00	-4.957083e+03	1.717719e+05
2.891700e-01	1.779766e+05	-1.449595e-02	7.358847e-02	0.000000e+00	-5.224869e+03	1.832014e+05
2.903600e-01	1.679544e+05	-1.458367e-02	7.383344e-02	0.000000e+00	-5.046185e+03	1.730005e+05
2.915500e-01	1.554399e+05	-1.467167e-02	7.406246e-02	0.000000e+00	-4.237672e+03	1.596776e+05
2.927400e-01	1.620045e+05	-1.475994e-02	7.428726e-02	0.000000e+00	-4.514903e+03	1.665194e+05
2.939300e-01	1.593774e+05	-1.484848e-02	7.451486e-02	0.000000e+00	-1.163110e+03	1.605405e+05
2.951200e-01	1.629189e+05	-1.493728e-02	7.474309e-02	0.000000e+00	-3.427788e+03	1.663467e+05
2.963100e-01	1.578587e+05	-1.502636e-02	7.497026e-02	0.000000e+00	-5.184483e+03	1.630432e+05
2.975000e-01	1.604131e+05	-1.511571e-02	7.519565e-02	0.000000e+00	-4.796099e+03	1.652092e+05
2.986900e-01	1.558559e+05	-1.520533e-02	7.541962e-02	0.000000e+00	-3.127898e+03	1.589838e+05
2.998800e-01	1.891685e+05	-1.529521e-02	7.566395e-02	0.000000e+00	-1.892165e+03	1.910607e+05
3.010700e-01	1.802344e+05	-1.538541e-02	7.592555e-02	0.000000e+00	-3.272859e+03	1.835073e+05
3.022600e-01	1.802256e+05	-1.547591e-02	7.618081e-02	0.000000e+00	-1.740281e+03	1.819659e+05
3.034500e-01	1.669658e+05	-1.556672e-02	7.642668e-02	0.000000e+00	-7.132201e+02	1.676790e+05
3.046400e-01	1.729283e+05	-1.565781e-02	7.666738e-02	0.000000e+00	-2.798259e+03	1.757265e+05
3.058300e-01	1.782396e+05	-1.574919e-02	7.691607e-02	0.000000e+00	-2.851052e+03	1.810907e+05
3.070200e-01	1.715810e+05	-1.584087e-02	7.716380e-02	0.000000e+00	-2.281776e+03	1.738628e+05
3.082100e-01	1.534560e+05	-1.593284e-02	7.739398e-02	0.000000e+00	-2.249646e+03	1.557057e+05
3.094000e-01	1.635126e+05	-1.602507e-02	7.761845e-02	0.000000e+00	-2.225809e+03	1.657384e+05
3.105900e-01	1.784323e+05	-1.611757e-02	7.786060e-02	0.000000e+00	-5.837005e+03	1.842693e+05
3.117800e-01	1.827763e+05	-1.621038e-02	7.811639e-02	0.000000e+00	-3.857744e+03	1.866341e+05
3.129700e-01	1.593842e+05	-1.630349e-02	7.835870e-02	0.000000e+00	-5.908864e+03	1.652931e+05
3.141600e-01	1.611519e+05	-1.639687e-02	7.858569e-02	0.000000e+00	-4.171810e+03	1.653237e+05
3.153500e-01	1.574379e+05	-1.649052e-02	7.881131e-02	0.000000e+00	-2.691286e+03	1.601292e+05
3.165400e-01	1.798380e+05	-1.658444e-02	7.905015e-02	0.000000e+00	-2.001282e+02	1.800381e+05
3.177300e-01	1.892574e+05	-1.667866e-02	7.931153e-02	0.000000e+00	-1.275650e+03	1.905330e+05
3.189200e-01	1.899513e+05	-1.677320e-02	7.958008e-02	0.000000e+00	-4.318033e+03	1.942694e+05
3.201100e-01	1.708602e+05	-1.686806e-02	7.983559e-02	0.000000e+00	-3.510533e+03	1.743707e+05
3.213000e-01	1.585003e+05	-1.696321e-02	8.006883e-02	0.000000e+00	-3.025626e+03	1.615259e+05
3.224900e-01	1.710868e+05	-1.705863e-02	8.030223e-02	0.000000e+00	-2.582740e+03	1.736696e+05
3.236800e-01	1.497337e+05	-1.715433e-02	8.052943e-02	0.000000e+00	-2.803902e+03	1.525376e+05
3.248700e-01	1.721269e+05	-1.725029e-02	8.075736e-02	0.000000e+00	-1.991637e+03	1.741185e+05
3.260600e-01	1.838716e+05	-1.734653e-02	8.100946e-02	0.000000e+00	-4.227282e+03	1.880988e+05
3.272500e-01	1.665488e+05	-1.744309e-02	8.125762e-02	0.000000e+00	-3.938753e+03	1.704876e+05
3.284400e-01	1.665553e+05	-1.753992e-02	8.149351e-02	0.000000e+00	-6.112044e+03	1.726674e+05
3.296300e-01	1.940065e+05	-1.763704e-02	8.174885e-02	0.000000e+00	-5.065897e+03	1.990724e+05
3.308200e-01	1.797054e+05	-1.773449e-02	8.201350e-02	0.000000e+00	-6.998624e+03	1.867040e+05
3.320100e-01	1.595576e+05	-1.783223e-02	8.225375e-02	0.000000e+00	-6.754561e+03	1.663122e+05
3.332000e-01	1.753355e+05	-1.793025e-02	8.249091e-02	0.000000e+00	-2.781408e+03	1.781169e+05
3.343900e-01	1.926345e+05	-1.802856e-02	8.275149e-02	0.000000e+00	-3.813773e+03	1.964483e+05
3.355800e-01	1.784955e+05	-1.812720e-02	8.301432e-02	0.000000e+00	-1.895313e+03	1.803908e+05
3.367700e-01	1.782487e+05	-1.822614e-02	8.326695e-02	0.000000e+00	-3.985197e+03	1.822339e+05
3.379600e-01	2.027338e+05	-1.832537e-02	8.353675e-02	0.000000e+00	-2.938015e+03	2.056719e+05
3.391500e-01	1.845748e+05	-1.842495e-02	8.381103e-02	0.000000e+00	-3.282333e+03	1.878571e+05
3.403400e-01	1.861127e+05	-1.852485e-02	8.407353e-02	0.000000e+00	-2.645440e+03	1.887582e+05
3.415300e-01	2.049338e+05	-1.862505e-02	8.435046e-02	0.000000e+00	-4.316875e+03	2.092507e+05
3.427200e-01	1.867457e+05	-1.872560e-02	8.462783e-02	0.000000e+00	-3.548107e+03	1.902938e+05
3.439100e-01	1.786990e+05	-1.882646e-02	8.488663e-02	0.000000e+00	-1.857878e+03	1.805569e+05
3.451000e-01	1.737657e+05	-1.892763e-02	8.513623e-02	0.000000e+00	-6.542443e+03	1.803082e+05
3.462900e-01	1.724143e+05	-1.902909e-02	8.538138e-02	0.000000e+00	-6.001568e+03	1.784158e+05
3.474800e-01	1.850220e+05	-1.913084e-02	8.563451e-02	0.000000e+00	-1.952088e+03	1.869741e+05
3.486700e-01	1.886669e+05	-1.923290e-02	8.589914e-02	0.000000e+00	-1.396298e+03	1.900632e+05
3.498600e-01	1.752940e+05	-1.933528e-02	8.615688e-02	0.000000e+00	-2.445516e+03	1.777395e+05
3.510500e-01	1.812793e+05	-1.943795e-02	8.640940e-02	0.000000e+00	-2.684888e+03	1.839642e+05
3.522400e-01	1.913836e+05	-1.954093e-02	8.667330e-02	0.000000e+00	-8.863467e+02	1.922700e+05
3.534300e-01	1.731848e+05	-1.964423e-02	8.693148e-02	0.000000e+00	-2.681676e+03	1.758665e+05
3.546200e-01	1.568970e+05	-1.974783e-02	8.716523e-02	0.000000e+00	-3.722955e+03	1.606199e+05
3.558100e-01	1.663254e+05	-1.985169e-02	8.739413e-02	0.000000e+00	-4.177164e+03	1.705026e+05
3.570000e-01	1.680380e+05	-1.995583e-02	8.763091e-02	0.000000e+00	-3.561601e+03	1.715996e+05
3.581900e-01	1.744012e+05	-2.006025e-02	8.787341e-02	0.000000e+00	-5.490560e+03	1.798918e+05
3.593800e-01	1.793149e+05	-2.016497e-02	8.812390e-02	0.000000e+00	-2.929909e+03	1.822448e+05
3.605700e-01	1.893172e+05	-2.026998e-02	8.838495e-02	0.000000e+00	-2.033397e+03	1.913506e+05
3.617600e-01	1.713893e+05	-2.037532e-02	8.864039e-02	0.000000e+00	-5.087501e+03	1.764768e+05
3.629500e-01	1.796197e+05	-2.048095e-02	8.888897e-02	0.000000e+00	-2.948634e+03	1.825683e+05
3.641400e-01	1.882764e+05	-2.058688e-02	8.914950e-02	0.000000e+00	-1.217892e+03	1.894943e+05
3.653300e-01	1.956574e+05	-2.069312e-02	8.942139e-02	0.000000e+00	-2.377680e+03	1.980351e+05
3.665200e-01	2.002273e+05	-2.079970e-02	8.970174e-02	0.000000e+00	-4.581962e+03	2.048092e+05
3.677100e-01	1.833525e+05	-2.090661e-02	8.997338e-02	0.000000e+00	-2.659216e+03	1.860117e+05
3.689000e-01	1.775980e+05	-2.101384e-02	9.022899e-02	0.000000e+00	-3.549101e+03	1.811471e+05
3.700900e-01	1.821571e+05	-2.112136e-02	9.048375e-02	0.000000e+00	-4.223514e+03	1.863806e+05
3.712800e-01	1.825247e+05	-2.122919e-02	9.074201e-02	0.000000e+00	-4.061729e+03	1.865864e+05
3.724700e-01	1.914591e+05	-2.133732e-02	9.100685e-02	0.000000e+00	-2.041304e+03	1.935004e+05
3.736600e-01	1.661913e+05	-2.144578e-02	9.126013e-02	0.000000e+00	-4.138787e+03	1.703301e+05
3.748500e-01	1.740214e+05	-2.155452e-02	9.150105e-02	0.000000e+00	-4.175592e+03	1.781970e+05
3.760400e-01	1.755893e+05	-2.166356e-02	9.174863e-02	0.000000e+00	-4.155661e+03	1.797450e+05
3.772300e-01	1.882387e+05	-2.177289e-02	9.200628e-02	0.000000e+00	-4.640820e+03	1.928795e+05
3.784200e-01	1.726333e+05	-2.188253e-02	9.226184e-02	0.000000e+00	-2.434599e+03	1.750679e+05
3.796100e-01	1.726853e+05	-2.199247e-02	9.250638e-02	0.000000e+00	-3.073660e+03	1.757590e+05
3.808000e-01	1.741519e+05	-2.210270e-02	9.275200e-02	0.000000e+00	-3.558281e+03	1.777102e+05
3.819900e-01	1.778694e+05	-2.221322e-02	9.300129e-02	0.000000e+00	-5.129585e+03	1.829990e+05
3.831800e-01	1.707762e+05	-2.232404e-02	9.324819e-02	0.000000e+00	-6.187526e+03	1.769637e+05
3.843700e-01	1.680306e+05	-2.243515e-02	9.348812e-02	0.000000e+00	-3.669227e+03	1.716998e+05
3.855600e-01	1.780482e+05	-2.254654e-02	9.373320e-02	0.000000e+00	-3.479768e+03	1.815279e+05
3.867500e-01	1.968959e+05	-2.265823e-02	9.399872e-02	0.000000e+00	-2.591852e+03	1.994877e+05
3.879400e-01	2.082021e+05	-2.277026e-02	9.428560e-02	0.000000e+00	-1.595694e+03	2.097978e+05
3.891300e-01	2.168612e+05	-2.288263e-02	9.458661e-02	0.000000e+00	-8.494272e+02	2.177106e+05
3.903200e-01	1.901699e+05	-2.299537e-02	9.487486e-02	0.000000e+00	-1.941599e+03	1.921115e+05
3.915100e-01	1.795050e+05	-2.310844e-02	9.513665e-02	0.000000e+00	-2.071288e+03	1.815763e+05
3.927000e-01	1.873895e+05	-2.322180e-02	9.539647e-02	0.000000e+00	-1.775595e+03	1.891651e+05
3.938900e-01	1.996171e+05	-2.333548e-02	9.567054e-02	0.000000e+00	-2.979273e+03	2.025964e+05
3.950800e-01	1.773858e+05	-2.344950e-02	9.593752e-02	0.000000e+00	-1.985734e+03	1.793715e+05
3.962700e-01	1.695141e+05	-2.356381e-02	9.618318e-02	0.000000e+00	-2.993634e+03	1.725077e+05
3.974600e-01	1.759870e+05	-2.367841e-02	9.642785e-02	0.000000e+00	-4.030216e+03	1.800173e+05
3.986500e-01	1.823767e+05	-2.379331e-02	9.668163e-02	0.000000e+00	-5.065766e+03	1.874425e+05
3.998400e-01	1.883379e+05	-2.390851e-02	9.694416e-02	0.000000e+00	-4.232823e+03	1.925708e+05
4.010300e-01	1.767249e+05	-2.402404e-02	9.720268e-02	0.000000e+00	-1.528064e+03	1.782529e+05
4.022200e-01	1.694998e+05	-2.413986e-02	9.744787e-02	0.000000e+00	-3.097946e+03	1.725978e+05
4.034100e-01	1.737022e+05	-2.425596e-02	9.769091e-02	0.000000e+00	-2.933146e+03	1.766353e+05
4.046000e-01	1.892843e+05	-2.437236e-02	9.794796e-02	0.000000e+00	-2.970224e+03	1.922545e+05
4.057900e-01	1.865951e+05	-2.448908e-02	9.821415e-02	0.000000e+00	-3.158657e+03	1.897537e+05
4.069800e-01	1.776902e+05	-2.460611e-02	9.847212e-02	0.000000e+00	-5.059869e+03	1.827501e+05
4.081700e-01	1.766081e+05	-2.472344e-02	9.872302e-02	0.000000e+00	-2.591817e+03	1.791999e+05
4.093600e-01	1.915604e+05	-2.484107e-02	9.898375e-02	0.000000e+00	-2.906938e+03	1.944674e+05
4.105500e-01	1.883605e+05	-2.495902e-02	9.925279e-02	0.000000e+00	-4.245513e+03	1.926061e+05
4.117400e-01	1.789369e+05	-2.507729e-02	9.951290e-02	0.000000e+00	-5.684666e+03	1.846216e+05
4.129300e-01	1.813584e+05	-2.519586e-02	9.976805e-02	0.000000e+00	-2.774496e+03	1.841329e+05
4.141200e-01	2.031874e+05	-2.531474e-02	1.000404e-01	0.000000e+00	-2.962394e+03	2.061498e+05
4.153100e-01	2.037909e+05	-2.543396e-02	1.003286e-01	0.000000e+00	-1.422174e+03	2.052130e+05
4.165000e-01	1.899367e+05	-2.555352e-02	1.006074e-01	0.000000e+00	-3.874653e+03	1.938114e+05
4.176900e-01	1.876800e+05	-2.567341e-02	1.008748e-01	0.000000e+00	-2.963999e+03	1.906440e+05
4.188800e-01	1.940074e+05	-2.579360e-02	1.011451e-01	0.000000e+00	-4.965788e+03	1.989732e+05
4.200700e-01	2.014788e+05	-2.591413e-02	1.014252e-01	0.000000e+00	-2.740701e+03	2.042195e+05
4.212600e-01	1.823605e+05	-2.603500e-02	1.016970e-01	0.000000e+00	-2.502629e+03	1.848631e+05
4.224500e-01	1.786248e+05	-2.615617e-02	1.019526e-01	0.000000e+00	-3.272674e+03	1.818975e+05
4.236400e-01	1.912217e+05	-2.627764e-02	1.022146e-01	0.000000e+00	-1.950955e+03	1.931726e+05
4.248300e-01	1.933029e+05	-2.639944e-02	1.024869e-01	0.000000e+00	-1.234365e+03	1.945373e+05
4.260200e-01	1.960316e+05	-2.652156e-02	1.027626e-01	0.000000e+00	-3.783862e+03	1.998155e+05
4.272100e-01	1.821537e+05	-2.664402e-02	1.030304e-01	0.000000e+00	-1.297941e+03	1.834517e+05
4.284000e-01	1.714873e+05	-2.676678e-02	1.032808e-01	0.000000e+00	-2.230206e+03	1.737175e+05
4.295900e-01	1.879563e+05	-2.688982e-02	1.035354e-01	0.000000e+00	-4.790595e+03	1.927468e+05
4.307800e-01	1.842494e+05	-2.701319e-02	1.037990e-01	0.000000e+00	-5.723174e+03	1.899726e+05
4.319700e-01	1.840630e+05	-2.713687e-02	1.040598e-01	0.000000e+00	-4.190891e+03	1.882539e+05
4.331600e-01	1.879204e+05	-2.726085e-02	1.043232e-01	0.000000e+00	-3.952224e+03	1.918726e+05
4.343500e-01	1.963959e+05	-2.738515e-02	1.045954e-01	0.000000e+00	-1.441244e+03	1.978371e+05
4.355400e-01	1.892013e+05	-2.750979e-02	1.048684e-01	0.000000e+00	-1.178016e+03	1.903793e+05
4.367300e-01	1.861805e+05	-2.763474e-02	1.051343e-01	0.000000e+00	-2.739070e+03	1.889196e+05
4.379200e-01	1.887280e+05	-2.776001e-02	1.053998e-01	0.000000e+00	-3.741823e+03	1.924698e+05
4.391100e-01	1.801141e+05	-2.788559e-02	1.056610e-01	0.000000e+00	-4.546498e+03	1.846606e+05
4.403000e-01	1.829851e+05	-2.801148e-02	1.059181e-01	0.000000e+00	-4.574342e+03	1.875594e+05
4.414900e-01	1.861381e+05	-2.813768e-02	1.061795e-01	0.000000e+00	-2.101806e+03	1.882399e+05
4.426800e-01	1.852140e+05	-2.826419e-02	1.064425e-01	0.000000e+00	-4.523808e+03	1.897378e+05
4.438700e-01	1.763480e+05	-2.839101e-02	1.066985e-01	0.000000e+00	-5.950972e+03	1.822989e+05
4.450600e-01	2.003731e+05	-2.851813e-02	1.069653e-01	0.000000e+00	-1.736102e+03	2.021092e+05
4.462500e-01	1.931723e+05	-2.864559e-02	1.072440e-01	0.000000e+00	-4.134132e+02	1.935857e+05
4.474400e-01	2.004066e+05	-2.877337e-02	1.075227e-01	0.000000e+00	-1.267259e+03	2.016738e+05
4.486300e-01	1.764730e+05	-2.890149e-02	1.077896e-01	0.000000e+00	-1.406124e+03	1.778791e+05
4.498200e-01	1.926699e+05	-2.902991e-02	1.080510e-01	0.000000e+00	-2.540357e+03	1.952102e+05
4.510100e-01	1.972007e+05	-2.915865e-02	1.083271e-01	0.000000e+00	-2.101526e+03	1.993022e+05
4.522000e-01	1.861485e+05	-2.928773e-02	1.085986e-01	0.000000e+00	-8.967308e+02	1.870452e+05
4.533900e-01	1.814943e+05	-2.941712e-02	1.088589e-01	0.000000e+00	-2.445515e+03	1.839398e+05
4.545800e-01	2.035603e+05	-2.954681e-02	1.091316e-01	0.000000e+00	-2.507672e+03	2.060679e+05
4.557700e-01	2.149175e+05	-2.967685e-02	1.094280e-01	0.000000e+00	-2.782829e+03	2.177004e+05
4.569600e-01	2.015715e+05	-2.980725e-02	1.097229e-01	0.000000e+00	-2.966305e+03	2.045378e+05
4.581500e-01	1.959794e+05	-2.993799e-02	1.100044e-01	0.000000e+00	-1.346580e+03	1.973260e+05
4.593400e-01	1.794234e+05	-3.006906e-02	1.102703e-01	0.000000e+00	-3.365166e+03	1.827886e+05
4.605300e-01	1.895777e+05	-3.020044e-02	1.105316e-01	0.000000e+00	-3.495580e+03	1.930733e+05
4.617200e-01	1.947389e+05	-3.033213e-02	1.108038e-01	0.000000e+00	-4.799284e+03	1.995382e+05
4.629100e-01	1.823306e+05	-3.046415e-02	1.110708e-01	0.000000e+00	-3.276774e+03	1.856074e+05
4.641000e-01	1.906998e+05	-3.059648e-02	1.113350e-01	0.000000e+00	-5.175746e+03	1.958756e+05
4.652900e-01	1.775859e+05	-3.072913e-02	1.115958e-01	0.000000e+00	-3.158115e+03	1.807440e+05
4.664800e-01	1.882606e+05	-3.086207e-02	1.118549e-01	0.000000e+00	-3.972041e+03	1.922326e+05
4.676700e-01	1.908585e+05	-3.099534e-02	1.121233e-01	0.000000e+00	-3.177404e+03	1.940359e+05
4.688600e-01	1.872855e+05	-3.112893e-02	1.123911e-01	0.000000e+00	-2.633101e+03	1.899186e+05
4.700500e-01	1.887814e+05	-3.126283e-02	1.126574e-01	0.000000e+00	-3.563006e+03	1.923444e+05
4.712400e-01	1.727509e+05	-3.139705e-02	1.129135e-01	0.000000e+00	-2.138333e+03	1.748893e+05
4.724300e-01	1.958379e+05	-3.153157e-02	1.131745e-01	0.000000e+00	-2.572128e+03	1.984101e+05
4.736200e-01	1.914982e+05	-3.166641e-02	1.134488e-01	0.000000e+00	-1.864557e+03	1.933627e+05
4.748100e-01	2.121832e+05	-3.180157e-02	1.137347e-01	0.000000e+00	-7.658427e+02	2.129490e+05
4.760000e-01	2.153300e+05	-3.193710e-02	1.140374e-01	0.000000e+00	-3.047218e+03	2.183772e+05
4.771900e-01	2.079602e+05	-3.207298e-02	1.143372e-01	0.000000e+00	-3.674294e+03	2.116345e+05
4.783800e-01	1.998585e+05	-3.220922e-02	1.146260e-01	0.000000e+00	-4.985488e+03	2.048440e+05
4.795700e-01	1.941040e+05	-3.234579e-02	1.149050e-01	0.000000e+00	-3.832030e+03	1.979361e+05
4.807600e-01	1.855811e+05	-3.248269e-02	1.151738e-01	0.000000e+00	-4.265545e+03	1.898467e+05
4.819500e-01	1.902167e+05	-3.261991e-02	1.154400e-01	0.000000e+00	-1.296996e+03	1.915137e+05
4.831400e-01	1.906931e+05	-3.275744e-02	1.157097e-01	0.000000e+00	-2.140083e+03	1.928332e+05
4.843300e-01	1.940439e+05	-3.289530e-02	1.159822e-01	0.000000e+00	-2.293998e+03	1.963379e+05
4.855200e-01	2.220799e+05	-3.303348e-02	1.162768e-01	0.000000e+00	-3.205130e+03	2.252850e+05
4.867100e-01	1.995049e+05	-3.317203e-02	1.165754e-01	0.000000e+00	-2.325436e+03	2.018304e+05
4.879000e-01	1.785130e+05	-3.331093e-02	1.168431e-01	0.000000e+00	-3.198936e+03	1.817119e+05
4.890900e-01	1.710559e+05	-3.345012e-02	1.170907e-01	0.000000e+00	-3.622927e+03	1.746788e+05
4.902800e-01	2.014379e+05	-3.358960e-02	1.173544e-01	0.000000e+00	-2.656092e+03	2.040940e+05
4.914700e-01	1.890758e+05	-3.372942e-02	1.176310e-01	0.000000e+00	-3.363896e+03	1.924397e+05
4.926600e-01	1.937155e+05	-3.386956e-02	1.179021e-01	0.000000e+00	-5.396567e+03	1.991121e+05
4.938500e-01	1.799241e+05	-3.401003e-02	1.181667e-01	0.000000e+00	-3.130572e+03	1.830547e+05
4.950400e-01	1.679382e+05	-3.415080e-02	1.184130e-01	0.000000e+00	-3.145672e+03	1.710838e+05
4.962300e-01	1.915225e+05	-3.429185e-02	1.186676e-01	0.000000e+00	-2.189398e+03	1.937119e+05
4.974200e-01	2.041771e+05	-3.443323e-02	1.189478e-01	0.000000e+00	-2.749723e+03	2.069268e+05
4.986100e-01	1.999310e+05	-3.457495e-02	1.192340e-01	0.000000e+00	-2.916834e+03	2.028478e+05
4.998000e-01	1.981657e+05	-3.471701e-02	1.195159e-01	0.000000e+00	-4.434797e+03	2.026005e+05
5.009900e-01	1.890602e+05	-3.485940e-02	1.197901e-01	0.000000e+00	-5.055399e+03	1.941156e+05
5.021800e-01	1.830227e+05	-3.500211e-02	1.200536e-01	0.000000e+00	-6.651253e+03	1.896739e+05
5.033700e-01	1.828289e+05	-3.514513e-02	1.203127e-01	0.000000e+00	-4.688417e+03	1.875173e+05
5.045600e-01	1.794219e+05	-3.528845e-02	1.205692e-01	0.000000e+00	-2.931119e+03	1.823530e+05
5.057500e-01	1.872182e+05	-3.543208e-02	1.208289e-01	0.000000e+00	-1.038113e+03	1.882563e+05
5.069400e-01	2.183627e+05	-3.557602e-02	1.211161e-01	0.000000e+00	-6.668883e+02	2.190296e+05
5.081300e-01	2.150633e+05	-3.572034e-02	1.214230e-01	0.000000e+00	-2.603973e+03	2.176673e+05
5.093200e-01	1.957109e+05	-3.586501e-02	1.217139e-01	0.000000e+00	-2.782668e+03	1.984936e+05
5.105100e-01	1.973216e+05	-3.601002e-02	1.219922e-01	0.000000e+00	-3.313021e+03	2.006346e+05
5.117000e-01	2.110389e+05	-3.615535e-02	1.222814e-01	0.000000e+00	-4.551218e+03	2.155902e+05
5.128900e-01	1.948577e+05	-3.630105e-02	1.225689e-01	0.000000e+00	-4.862007e+03	1.997197e+05
5.140800e-01	1.961141e+05	-3.644707e-02	1.228457e-01	0.000000e+00	-4.094236e+03	2.002083e+05
5.152700e-01	1.963221e+05	-3.659342e-02	1.231236e-01	0.000000e+00	-2.313500e+03	1.986356e+05
5.164600e-01	1.966517e+05	-3.674010e-02	1.234019e-01	0.000000e+00	-2.706143e+03	1.993579e+05
5.176500e-01	1.968638e+05	-3.688711e-02	1.236806e-01	0.000000e+00	-3.488296e+03	2.003520e+05
5.188400e-01	1.937553e+05	-3.703446e-02	1.239572e-01	0.000000e+00	-3.046195e+03	1.968015e+05
5.200300e-01	2.030539e+05	-3.718213e-02	1.242382e-01	0.000000e+00	-4.321494e+03	2.073754e+05
5.212200e-01	2.128106e+05	-3.733015e-02	1.245327e-01	0.000000e+00	-2.021205e+03	2.148318e+05
5.224100e-01	2.112850e+05	-3.747852e-02	1.248331e-01	0.000000e+00	-5.797864e+02	2.118648e+05
5.236000e-01	1.909135e+05	-3.762725e-02	1.251179e-01	0.000000e+00	-1.585195e+03	1.924987e+05
5.247900e-01	2.119629e+05	-3.777630e-02	1.254032e-01	0.000000e+00	-3.863884e+03	2.158268e+05
5.259800e-01	1.925469e+05	-3.792571e-02	1.256897e-01	0.000000e+00	-4.717760e+03	1.972647e+05
5.271700e-01	1.907295e+05	-3.807544e-02	1.259611e-01	0.000000e+00	-2.286898e+03	1.930164e+05
5.283600e-01	1.903445e+05	-3.822550e-02	1.262309e-01	0.000000e+00	-6.117324e+02	1.909562e+05
5.295500e-01	1.947280e+05	-3.837587e-02	1.265036e-01	0.000000e+00	-5.271621e+03	1.999996e+05
5.307400e-01	2.189866e+05	-3.852658e-02	1.267966e-01	0.000000e+00	-1.792364e+03	2.207790e+05
5.319300e-01	2.110222e+05	-3.867765e-02	1.271011e-01	0.000000e+00	-1.515298e+03	2.125375e+05
5.331200e-01	1.924649e+05	-3.882908e-02	1.273869e-01	0.000000e+00	-3.284001e+03	1.957489e+05
5.343100e-01	1.791504e+05	-3.898083e-02	1.276500e-01	0.000000e+00	-2.372778e+03	1.815231e+05
5.355000e-01	1.879982e+05	-3.913288e-02	1.279100e-01	0.000000e+00	-1.169591e+03	1.891678e+05
5.366900e-01	1.895884e+05	-3.928525e-02	1.281774e-01	0.000000e+00	-2.339128e+03	1.919275e+05
5.378800e-01	1.888123e+05	-3.943795e-02	1.284454e-01	0.000000e+00	-5.038621e+03	1.938509e+05
5.390700e-01	1.865116e+05	-3.959095e-02	1.287112e-01	0.000000e+00	-4.216846e+03	1.907284e+05
5.402600e-01	1.981436e+05	-3.974428e-02	1.289836e-01	0.000000e+00	-2.804799e+03	2.009484e+05
5.414500e-01	2.010870e+05	-3.989794e-02	1.292663e-01	0.000000e+00	-3.840278e+03	2.049273e+05
5.426400e-01	1.927401e+05	-4.005193e-02	1.295452e-01	0.000000e+00	-4.738744e+03	1.974788e+05
5.438300e-01	2.084006e+05	-4.020625e-02	1.298293e-01	0.000000e+00	-2.486793e+03	2.108874e+05
5.450200e-01	2.007817e+05	-4.036093e-02	1.301190e-01	0.000000e+00	-1.502051e+03	2.022838e+05
5.462100e-01	1.904761e+05	-4.051594e-02	1.303961e-01	0.000000e+00	-2.359622e+03	1.928357e+05
5.474000e-01	1.932196e+05	-4.067127e-02	1.306678e-01	0.000000e+00	-2.481865e+03	1.957015e+05
5.485900e-01	2.020292e+05	-4.082693e-02	1.309477e-01	0.000000e+00	-1.432399e+03	2.034616e+05
5.497800e-01	2.004404e+05	-4.098292e-02	1.312328e-01	0.000000e+00	-3.471531e+03	2.039119e+05
5.509700e-01	2.164760e+05	-4.113926e-02	1.315280e-01	0.000000e+00	-1.511155e+03	2.179871e+05
5.521600e-01	2.263571e+05	-4.129596e-02	1.318416e-01	0.000000e+00	-1.269136e+03	2.276262e+05
5.533500e-01	1.993807e+05	-4.145304e-02	1.321431e-01	0.000000e+00	-1.697035e+03	2.010777e+05
5.545400e-01	1.856153e+05	-4.161046e-02	1.324157e-01	0.000000e+00	-2.143464e+03	1.877587e+05
5.557300e-01	2.020014e+05	-4.176819e-02	1.326902e-01	0.000000e+00	-2.926903e+03	2.049283e+05
5.569200e-01	2.001129e+05	-4.192626e-02	1.329750e-01	0.000000e+00	-9.483250e+02	2.010613e+05
5.581100e-01	2.091407e+05	-4.208467e-02	1.332648e-01	0.000000e+00	-2.422667e+03	2.115634e+05
5.593000e-01	1.931228e+05	-4.224343e-02	1.335497e-01	0.000000e+00	-1.601945e+03	1.947248e+05
5.604900e-01	1.803259e+05	-4.240252e-02	1.338141e-01	0.000000e+00	-5.438525e+03	1.857644e+05
5.616800e-01	1.932224e+05	-4.256191e-02	1.340787e-01	0.000000e+00	-6.405022e+03	1.996274e+05
5.628700e-01	1.885414e+05	-4.272163e-02	1.343490e-01	0.000000e+00	-2.049173e+03	1.905905e+05
5.640600e-01	1.892655e+05	-4.288166e-02	1.346166e-01	0.000000e+00	-1.848603e+03	1.911141e+05
5.652500e-01	2.013656e+05	-4.304202e-02	1.348932e-01	0.000000e+00	-2.620066e+03	2.039856e+05
5.664400e-01	2.055318e+05	-4.320271e-02	1.351814e-01	0.000000e+00	-1.668866e+03	2.072007e+05
5.676300e-01	1.798368e+05	-4.336375e-02	1.354543e-01	0.000000e+00	-4.885236e+03	1.847220e+05
5.688200e-01	2.033676e+05	-4.352509e-02	1.357256e-01	0.000000e+00	-4.556549e+03	2.079241e+05
5.700100e-01	1.917833e+05	-4.368677e-02	1.360055e-01	0.000000e+00	-4.626813e+03	1.964102e+05
5.712000e-01	1.958911e+05	-4.384878e-02	1.362800e-01	0.000000e+00	-2.495993e+03	1.983870e+05
5.723900e-01	2.076352e+05	-4.401112e-02	1.365658e-01	0.000000e+00	-4.746925e+03	2.123822e+05
5.735800e-01	2.168372e+05	-4.417381e-02	1.368664e-01	0.000000e+00	-7.022338e+02	2.175394e+05
5.747700e-01	2.073028e+05	-4.433686e-02	1.371667e-01	0.000000e+00	-2.062541e+03	2.093653e+05
5.759600e-01	2.097955e+05	-4.450027e-02	1.374621e-01	0.000000e+00	-4.127058e+03	2.139226e+05
5.771500e-01	1.957833e+05	-4.466402e-02	1.377493e-01	0.000000e+00	-3.049311e+03	1.988326e+05
5.783400e-01	1.852300e+05	-4.482811e-02	1.380191e-01	0.000000e+00	-3.312076e+03	1.885420e+05
5.795300e-01	1.944435e+05	-4.499251e-02	1.382880e-01	0.000000e+00	-3.356806e+03	1.978003e+05
5.807200e-01	1.920636e+05	-4.515723e-02	1.385617e-01	0.000000e+00	-2.337204e+03	1.944008e+05
5.819100e-01	1.791124e+05	-4.532229e-02	1.388246e-01	0.000000e+00	-3.706733e+03	1.828191e+05
5.831000e-01	1.946362e+05	-4.548764e-02	1.390892e-01	0.000000e+00	-2.949330e+03	1.975855e+05
5.842900e-01	2.033139e+05	-4.565332e-02	1.393711e-01	0.000000e+00	-3.881839e+03	2.071957e+05
5.854800e-01	1.982811e+05	-4.581934e-02	1.396555e-01	0.000000e+00	-9.751116e+02	1.992562e+05
5.866700e-01	2.016198e+05	-4.598570e-02	1.399387e-01	0.000000e+00	-1.946778e+03	2.035666e+05
5.878600e-01	2.115253e+05	-4.615239e-02	1.402312e-01	0.000000e+00	-2.334080e+03	2.138594e+05
5.890500e-01	2.083540e+05	-4.631945e-02	1.405286e-01	0.000000e+00	-3.774311e+03	2.121283e+05
5.902400e-01	2.132453e+05	-4.648685e-02	1.408271e-01	0.000000e+00	-2.703212e+03	2.159485e+05
5.914300e-01	1.931762e+05	-4.665462e-02	1.411149e-01	0.000000e+00	-2.304351e+03	1.954805e+05
5.926200e-01	2.029378e+05	-4.682271e-02	1.413955e-01	0.000000e+00	-4.207319e+02	2.033586e+05
5.938100e-01	2.167275e+05	-4.699114e-02	1.416927e-01	0.000000e+00	-2.161769e+03	2.188893e+05
5.950000e-01	2.153096e+05	-4.715993e-02	1.419986e-01	0.000000e+00	-9.635530e+02	2.162731e+05
5.961900e-01	2.035558e+05	-4.732909e-02	1.422952e-01	0.000000e+00	-3.075763e+03	2.066316e+05
5.973800e-01	1.929981e+05	-4.749860e-02	1.425761e-01	0.000000e+00	-4.384522e+03	1.973826e+05
5.985700e-01	2.069404e+05	-4.766843e-02	1.428593e-01	0.000000e+00	-3.544683e+03	2.104851e+05
5.997600e-01	2.073623e+05	-4.783860e-02	1.431527e-01	0.000000e+00	-1.838131e+03	2.092005e+05
6.009500e-01	2.007936e+05	-4.800913e-02	1.434417e-01	0.000000e+00	-3.458763e+03	2.042523e+05
6.021400e-01	1.996658e+05	-4.817999e-02	1.437253e-01	0.000000e+00	-2.037924e+03	2.017037e+05
6.033300e-01	1.940164e+05	-4.835119e-02	1.440041e-01	0.000000e+00	-4.043001e+03	1.980594e+05
6.045200e-01	2.093071e+05	-4.852272e-02	1.442897e-01	0.000000e+00	-4.011468e+03	2.133186e+05
6.057100e-01	1.877388e+05	-4.869460e-02	1.445709e-01	0.000000e+00	-3.642517e+03	1.913813e+05
6.069000e-01	2.060884e+05	-4.886680e-02	1.448498e-01	0.000000e+00	-1.211897e+03	2.073003e+05
6.080900e-01	1.979039e+05	-4.903935e-02	1.451359e-01	0.000000e+00	-1.337426e+03	1.992413e+05
6.092800e-01	2.042885e+05	-4.921223e-02	1.454207e-01	0.000000e+00	-3.209859e+03	2.074983e+05
6.104700e-01	1.935394e+05	-4.938545e-02	1.457024e-01	0.000000e+00	-4.479928e+03	1.980193e+05
6.116600e-01	1.968288e+05	-4.955900e-02	1.459789e-01	0.000000e+00	-4.601194e+03	2.014300e+05
6.128500e-01	2.040067e+05	-4.973288e-02	1.462627e-01	0.000000e+00	-4.873542e+03	2.088802e+05
6.140400e-01	1.840371e+05	-4.990710e-02	1.465375e-01	0.000000e+00	-4.296091e+03	1.883332e+05
6.152300e-01	1.840122e+05	-5.008164e-02	1.467982e-01	0.000000e+00	-4.970972e+03	1.889832e+05
6.164200e-01	2.014728e+05	-5.025648e-02	1.470712e-01	0.000000e+00	-1.579916e+03	2.030528e+05
6.176100e-01	1.916150e+05	-5.043167e-02	1.473495e-01	0.000000e+00	-9.869964e+02	1.926020e+05
6.188000e-01	2.113257e+05	-5.060717e-02	1.476349e-01	0.000000e+00	-3.646703e+03	2.149724e+05
6.199900e-01	2.097070e+05	-5.078304e-02	1.479330e-01	0.000000e+00	-8.748067e+02	2.105819e+05
6.211800e-01	2.060566e+05	-5.095925e-02	1.482275e-01	0.000000e+00	-4.240524e+03	2.102971e+05
6.223700e-01	1.995544e+05	-5.113582e-02	1.485147e-01	0.000000e+00	-2.953461e+03	2.025079e+05
6.235600e-01	2.117018e+05	-5.131272e-02	1.488059e-01	0.000000e+00	-2.946141e+03	2.146479e+05
6.247500e-01	1.957447e+05	-5.148998e-02	1.490945e-01	0.000000e+00	-1.996324e+03	1.977411e+05
6.259400e-01	1.935494e+05	-5.166756e-02	1.493702e-01	0.000000e+00	-2.744945e+03	1.962944e+05
6.271300e-01	1.985118e+05	-5.184548e-02	1.496478e-01	0.000000e+00	-2.515608e+03	2.010274e+05
6.283200e-01	1.833475e+05	-5.202373e-02	1.499182e-01	0.000000e+00	-4.164548e+03	1.875120e+05
6.295100e-01	2.001580e+05	-5.220228e-02	1.501898e-01	0.000000e+00	-3.347998e+03	2.035060e+05
6.307000e-01	2.082490e+05	-5.238118e-02	1.504790e-01	0.000000e+00	-1.770741e+03	2.100197e+05
6.318900e-01	1.962998e+05	-5.256042e-02	1.507655e-01	0.000000e+00	-1.551229e+03	1.978511e+05
6.330800e-01	2.014255e+05	-5.274000e-02	1.510472e-01	0.000000e+00	-2.160520e+03	2.035860e+05
6.342700e-01	1.865753e+05	-5.291992e-02	1.513219e-01	0.000000e+00	-2.456651e+03	1.890319e+05
6.354600e-01	1.907190e+05	-5.310015e-02	1.515891e-01	0.000000e+00	-3.085823e+03	1.938048e+05
6.366500e-01	2.047798e+05	-5.328070e-02	1.518692e-01	0.000000e+00	-2.295889e+03	2.070757e+05
6.378400e-01	2.258510e+05	-5.346159e-02	1.521742e-01	0.000000e+00	-1.916883e+03	2.277679e+05
6.390300e-01	2.224231e+05	-5.364287e-02	1.524916e-01	0.000000e+00	-2.630661e+03	2.250538e+05
6.402200e-01	1.924665e+05	-5.382452e-02	1.527854e-01	0.000000e+00	-3.060454e+03	1.955269e+05
6.414100e-01	1.990711e+05	-5.400650e-02	1.530627e-01	0.000000e+00	-1.463345e+03	2.005344e+05
6.426000e-01	2.050039e+05	-5.418881e-02	1.533488e-01	0.000000e+00	-7.832035e+02	2.057872e+05
6.437900e-01	1.924041e+05	-5.437147e-02	1.536303e-01	0.000000e+00	-7.866904e+02	1.931908e+05
6.449800e-01	2.213257e+05	-5.455445e-02	1.539233e-01	0.000000e+00	-1.092595e+03	2.224183e+05
6.461700e-01	2.069790e+05	-5.473781e-02	1.542266e-01	0.000000e+00	-2.268750e+03	2.092478e+05
6.473600e-01	2.021895e+05	-5.492151e-02	1.545163e-01	0.000000e+00	-1.618876e+03	2.038084e+05
6.485500e-01	2.066670e+05	-5.510556e-02	1.548059e-01	0.000000e+00	-3.299885e+03	2.099668e+05
6.497400e-01	1.951215e+05	-5.528995e-02	1.550904e-01	0.000000e+00	-1.803929e+03	1.969254e+05
6.509300e-01	1.989820e+05	-5.547467e-02	1.553695e-01	0.000000e+00	-1.111136e+03	2.000931e+05
6.521200e-01	2.252977e+05	-5.565973e-02	1.556700e-01	0.000000e+00	-2.775751e+03	2.280735e+05
6.533100e-01	2.231241e+05	-5.584517e-02	1.559875e-01	0.000000e+00	-2.264278e+03	2.253884e+05
6.545000e-01	2.147931e+05	-5.603098e-02	1.562976e-01	0.000000e+00	-1.020156e+03	2.158132e+05
6.556900e-01	2.175382e+05	-5.621716e-02	1.566038e-01	0.000000e+00	-3.924553e+03	2.214628e+05
6.568800e-01	2.100817e+05	-5.640370e-02	1.569066e-01	0.000000e+00	-1.789364e+03	2.118711e+05
6.580700e-01	2.064492e+05	-5.659059e-02	1.572016e-01	0.000000e+00	-1.551846e+03	2.080011e+05
6.592600e-01	1.971084e+05	-5.677784e-02	1.574874e-01	0.000000e+00	-1.577469e+03	1.986859e+05
6.604500e-01	1.875037e+05	-5.696541e-02	1.577597e-01	0.000000e+00	-5.646634e+03	1.931503e+05
6.616400e-01	2.120749e+05	-5.715331e-02	1.580427e-01	0.000000e+00	-2.927470e+03	2.150024e+05
6.628300e-01	2.078205e+05	-5.734156e-02	1.583401e-01	0.000000e+00	-2.787836e+03	2.106083e+05
6.640200e-01	2.077347e+05	-5.753016e-02	1.586343e-01	0.000000e+00	-2.162719e+03	2.098974e+05
6.652100e-01	2.183478e+05	-5.771911e-02	1.589361e-01	0.000000e+00	-8.449618e+02	2.191928e+05
6.664000e-01	2.041621e+05	-5.790842e-02	1.592353e-01	0.000000e+00	-2.616169e+03	2.067782e+05
6.675900e-01	1.981929e+05	-5.809809e-02	1.595202e-01	0.000000e+00	-2.831747e+03	2.010246e+05
6.687800e-01	1.898453e+05	-5.828808e-02	1.597950e-01	0.000000e+00	-2.021013e+03	1.918663e+05
6.699700e-01	1.993921e+05	-5.847840e-02	1.600707e-01	0.000000e+00	-1.757532e+03	2.011497e+05
6.711600e-01	1.862095e+05	-5.866905e-02	1.603437e-01	0.000000e+00	-1.620704e+03	1.878302e+05
6.723500e-01	1.895148e+05	-5.886002e-02	1.606098e-01	0.000000e+00	-2.450192e+03	1.919650e+05
6.735400e-01	2.154658e+05	-5.905130e-02	1.608966e-01	0.000000e+00	-2.812165e+03	2.182779e+05
6.747300e-01	2.206561e+05	-5.924295e-02	1.612054e-01	0.000000e+00	-9.601242e+02	2.216162e+05
6.759200e-01	2.100213e+05	-5.943497e-02	1.615104e-01	0.000000e+00	-1.228341e+03	2.112496e+05
6.771100e-01	2.208330e+05	-5.962734e-02	1.618156e-01	0.000000e+00	-3.158830e+03	2.239918e+05
6.783000e-01	2.155624e+05	-5.982009e-02	1.621246e-01	0.000000e+00	-1.865085e+03	2.174275e+05
6.794900e-01	2.123989e+05	-6.001320e-02	1.624277e-01	0.000000e+00	-1.471248e+03	2.138701e+05
6.806800e-01	2.159897e+05	-6.020667e-02	1.627310e-01	0.000000e+00	-3.597538e+03	2.195873e+05
6.818700e-01	1.967246e+05	-6.040050e-02	1.630233e-01	0.000000e+00	-1.229683e+03	1.979542e+05
6.830600e-01	2.012227e+05	-6.059466e-02	1.633051e-01	0.000000e+00	-7.298561e+02	2.019525e+05
6.842500e-01	1.862465e+05	-6.078917e-02	1.635795e-01	0.000000e+00	-6.101358e+02	1.868566e+05
6.854400e-01	2.091517e+05	-6.098398e-02	1.638595e-01	0.000000e+00	-6.275555e+02	2.097793e+05
6.866300e-01	2.172199e+05	-6.117915e-02	1.641615e-01	0.000000e+00	-3.107625e+03	2.203275e+05
6.878200e-01	2.074610e+05	-6.137469e-02	1.644622e-01	0.000000e+00	-1.476623e+03	2.089376e+05
6.890100e-01	2.034659e+05	-6.157057e-02	1.647532e-01	0.000000e+00	-1.530061e+03	2.049959e+05
6.902000e-01	2.220825e+05	-6.176680e-02	1.650546e-01	0.000000e+00	-1.629843e+03	2.237123e+05
6.913900e-01	2.257083e+05	-6.196340e-02	1.653717e-01	0.000000e+00	-3.599011e+03	2.293073e+05
6.925800e-01	2.150773e+05	-6.216038e-02	1.656838e-01	0.000000e+00	-1.016156e+03	2.160935e+05
6.937700e-01	2.148603e+05	-6.235773e-02	1.659883e-01	0.000000e+00	-3.792858e+03	2.186532e+05
6.949600e-01	2.095450e+05	-6.255544e-02	1.662888e-01	0.000000e+00	-5.120290e+03	2.146653e+05
6.961500e-01	2.086031e+05	-6.275350e-02	1.665850e-01	0.000000e+00	-2.852587e+03	2.114557e+05
6.973400e-01	2.219569e+05	-6.295191e-02	1.668899e-01	0.000000e+00	-2.623934e+03	2.245808e+05
6.985300e-01	2.132148e+05	-6.315070e-02	1.671980e-01	0.000000e+00	-3.016667e+03	2.162315e+05
6.997200e-01	2.149691e+05	-6.334984e-02	1.675013e-01	0.000000e+00	-2.243132e+03	2.172122e+05
7.009100e-01	2.095798e+05	-6.354935e-02	1.678019e-01	0.000000e+00	-1.380113e+03	2.109599e+05
7.021000e-01	2.118891e+05	-6.374921e-02	1.681004e-01	0.000000e+00	-1.453895e+03	2.133430e+05
7.032900e-01	2.044786e+05	-6.394943e-02	1.683952e-01	0.000000e+00	-2.693886e+03	2.071725e+05
7.044800e-01	2.136776e+05	-6.414999e-02	1.686914e-01	0.000000e+00	-9.985430e+02	2.146761e+05
7.056700e-01	2.187666e+05	-6.435091e-02	1.689976e-01	0.000000e+00	-2.158706e+03	2.209253e+05
7.068600e-01	1.986413e+05	-6.455220e-02	1.692932e-01	0.000000e+00	-7.394397e+02	1.993807e+05
7.080500e-01	1.916215e+05	-6.475383e-02	1.695696e-01	0.000000e+00	-1.029227e+03	1.926508e+05
7.092400e-01	1.906811e+05	-6.495578e-02	1.698403e-01	0.000000e+00	-1.486499e+03	1.921676e+05
7.104300e-01	1.964062e+05	-6.515805e-02	1.701144e-01	0.000000e+00	-1.749534e+03	1.981558e+05
7.116200e-01	1.986421e+05	-6.536065e-02	1.703942e-01	0.000000e+00	-1.073195e+03	1.997153e+05
7.128100e-01	1.991304e+05	-6.556359e-02	1.706759e-01	0.000000e+00	-7.438579e+02	1.998742e+05
7.140000e-01	2.206022e+05	-6.576686e-02	1.709731e-01	0.000000e+00	-7.862253e+02	2.213884e+05
7.151900e-01	2.232563e+05	-6.597050e-02	1.712874e-01	0.000000e+00	-1.848384e+03	2.251047e+05
7.163800e-01	2.162317e+05	-6.617452e-02	1.715987e-01	0.000000e+00	-1.747817e+03	2.179795e+05
7.175700e-01	2.088995e+05	-6.637891e-02	1.718997e-01	0.000000e+00	-2.320812e+03	2.112203e+05
7.187600e-01	2.216619e+05	-6.658365e-02	1.722046e-01	0.000000e+00	-1.562829e+03	2.232248e+05
7.199500e-01	2.064915e+05	-6.678876e-02	1.725078e-01	0.000000e+00	-1.272062e+03	2.077635e+05
7.211400e-01	1.948184e+05	-6.699421e-02	1.727920e-01	0.000000e+00	-1.334386e+03	1.961528e+05
7.223300e-01	1.974101e+05	-6.720000e-02	1.730698e-01	0.000000e+00	-1.043783e+03	1.984539e+05
7.235200e-01	2.092694e+05	-6.740612e-02	1.733578e-01	0.000000e+00	-4.484432e+02	2.097178e+05
7.247100e-01	2.134298e+05	-6.761259e-02	1.736571e-01	0.000000e+00	-1.219167e+03	2.146490e+05
7.259000e-01	2.178902e+05	-6.781942e-02	1.739626e-01	0.000000e+00	-1.066226e+03	2.189564e+05
7.270900e-01	2.217496e+05	-6.802662e-02	1.742739e-01	0.000000e+00	-2.318397e+02	2.219814e+05
7.282800e-01	2.127806e+05	-6.823420e-02	1.745816e-01	0.000000e+00	-2.487532e+03	2.152682e+05
7.294700e-01	2.119590e+05	-6.844213e-02	1.748824e-01	0.000000e+00	-2.472536e+03	2.144315e+05
7.306600e-01	2.130840e+05	-6.865042e-02	1.751834e-01	0.000000e+00	-1.965726e+03	2.150497e+05
7.318500e-01	2.032413e+05	-6.885906e-02	1.754782e-01	0.000000e+00	-1.821900e+03	2.050632e+05
7.330400e-01	1.960437e+05	-6.906805e-02	1.757610e-01	0.000000e+00	-1.879019e+03	1.979227e+05
7.342300e-01	1.924315e+05	-6.927738e-02	1.760361e-01	0.000000e+00	-4.198216e+03	1.966297e+05
7.354200e-01	2.103047e+05	-6.948702e-02	1.763213e-01	0.000000e+00	-8.188294e+02	2.111236e+05
7.366100e-01	2.073547e+05	-6.969702e-02	1.766171e-01	0.000000e+00	-2.635550e+03	2.099903e+05
7.378000e-01	2.067203e+05	-6.990737e-02	1.769103e-01	0.000000e+00	-1.147298e+03	2.078676e+05
7.389900e-01	2.034931e+05	-7.011807e-02	1.772008e-01	0.000000e+00	-7.414604e+02	2.042346e+05
7.401800e-01	2.070066e+05	-7.032911e-02	1.774915e-01	0.000000e+00	-7.761313e+02	2.077827e+05
7.413700e-01	2.188658e+05	-7.054050e-02	1.777931e-01	0.000000e+00	-1.038773e+03	2.199046e+05
7.425600e-01	1.937367e+05	-7.075225e-02	1.780853e-01	0.000000e+00	-2.798723e+03	1.965354e+05
7.437500e-01	2.125265e+05	-7.096434e-02	1.783730e-01	0.000000e+00	-4.585015e+03	2.171115e+05
7.449400e-01	2.053980e+05	-7.117678e-02	1.786690e-01	0.000000e+00	-2.886029e+03	2.082840e+05
7.461300e-01	1.951345e+05	-7.138957e-02	1.789526e-01	0.000000e+00	-2.440386e+03	1.975749e+05
7.473200e-01	2.068010e+05	-7.160269e-02	1.792372e-01	0.000000e+00	-1.825964e+03	2.086270e+05
7.485100e-01	2.077038e+05	-7.181616e-02	1.795308e-01	0.000000e+00	-2.811196e+03	2.105149e+05
7.497000e-01	2.101680e+05	-7.202997e-02	1.798267e-01	0.000000e+00	-3.376576e+03	2.135446e+05
7.508900e-01	2.131803e+05	-7.224414e-02	1.801265e-01	0.000000e+00	-9.827024e+02	2.141630e+05
7.520800e-01	2.046619e+05	-7.245867e-02	1.804224e-01	0.000000e+00	-2.769363e+03	2.074312e+05
7.532700e-01	2.123387e+05	-7.267355e-02	1.807177e-01	0.000000e+00	-1.511460e+03	2.138502e+05
7.544600e-01	1.970565e+05	-7.288878e-02	1.810076e-01	0.000000e+00	-1.627636e+03	1.986841e+05
7.556500e-01	2.184243e+05	-7.310435e-02	1.813018e-01	0.000000e+00	-1.743127e+03	2.201674e+05
7.568400e-01	2.247327e+05	-7.332028e-02	1.816157e-01	0.000000e+00	-3.774406e+03	2.285071e+05
7.580300e-01	2.097825e+05	-7.353659e-02	1.819234e-01	0.000000e+00	-1.835828e+03	2.116183e+05
7.592200e-01	1.940672e+05	-7.375326e-02	1.822094e-01	0.000000e+00	-1.404917e+03	1.954722e+05
7.604100e-01	1.889500e+05	-7.397025e-02	1.824806e-01	0.000000e+00	-1.899348e+03	1.908494e+05
7.616000e-01	1.934178e+05	-7.418756e-02	1.827514e-01	0.000000e+00	-1.088889e+03	1.945067e+05
7.627900e-01	1.832615e+05	-7.440520e-02	1.830181e-01	0.000000e+00	-1.352649e+03	1.846142e+05
7.639800e-01	1.920508e+05	-7.462315e-02	1.832839e-01	0.000000e+00	-2.276259e+03	1.943271e+05
7.651700e-01	2.230366e+05	-7.484141e-02	1.835779e-01	0.000000e+00	-1.502136e+03	2.245387e+05
7.663600e-01	2.029169e+05	-7.506006e-02	1.838795e-01	0.000000e+00	-2.677487e+03	2.055944e+05
7.675500e-01	2.179175e+05	-7.527905e-02	1.841775e-01	0.000000e+00	-2.198015e+03	2.201156e+05
7.687400e-01	2.054170e+05	-7.549840e-02	1.844773e-01	0.000000e+00	-2.190417e+03	2.076074e+05
7.699300e-01	1.932863e+05	-7.571810e-02	1.847597e-01	0.000000e+00	-2.374531e+03	1.956609e+05
7.711200e-01	2.124621e+05	-7.593813e-02	1.850470e-01	0.000000e+00	-3.522829e+03	2.159849e+05
7.723100e-01	2.283258e+05	-7.615852e-02	1.853592e-01	0.000000e+00	-1.233408e+03	2.295592e+05
7.735000e-01	2.297452e+05	-7.637929e-02	1.856836e-01	0.000000e+00	-4.750490e+02	2.302202e+05
7.746900e-01	2.130550e+05	-7.660044e-02	1.859971e-01	0.000000e+00	-1.326331e+03	2.143813e+05
7.758800e-01	2.071948e+05	-7.682196e-02	1.862947e-01	0.000000e+00	-3.480823e+03	2.106756e+05
7.770700e-01	1.941513e+05	-7.704382e-02	1.865790e-01	0.000000e+00	-8.696132e+02	1.950209e+05
7.782600e-01	1.910000e+05	-7.726602e-02	1.868517e-01	0.000000e+00	-2.402303e+03	1.934023e+05
7.794500e-01	2.012410e+05	-7.748853e-02	1.871295e-01	0.000000e+00	-2.345180e+03	2.035862e+05
7.806400e-01	2.106507e+05	-7.771139e-02	1.874212e-01	0.000000e+00	-2.675549e+03	2.133262e+05
7.818300e-01	2.158723e+05	-7.793459e-02	1.877232e-01	0.000000e+00	-2.047410e+03	2.179197e+05
7.830200e-01	2.186066e+05	-7.815817e-02	1.880309e-01	0.000000e+00	-1.900746e+03	2.205074e+05
7.842100e-01	2.197510e+05	-7.838211e-02	1.883413e-01	0.000000e+00	-2.259646e+02	2.199770e+05
7.854000e-01	2.138930e+05	-7.860642e-02	1.886484e-01	0.000000e+00	-1.334089e+03	2.152271e+05
7.865900e-01	2.359353e+05	-7.883109e-02	1.889670e-01	0.000000e+00	-2.219523e+03	2.381548e+05
7.877800e-01	2.148049e+05	-7.905616e-02	1.892862e-01	0.000000e+00	-3.037930e+03	2.178429e+05
7.889700e-01	2.182311e+05	-7.928159e-02	1.895928e-01	0.000000e+00	-1.830005e+03	2.200611e+05
7.901600e-01	2.026276e+05	-7.950739e-02	1.898909e-01	0.000000e+00	-2.216287e+03	2.048439e+05
7.913500e-01	2.147294e+05	-7.973353e-02	1.901864e-01	0.000000e+00	-1.642932e+03	2.163723e+05
7.925400e-01	2.217799e+05	-7.996003e-02	1.904955e-01	0.000000e+00	-9.759303e+02	2.227558e+05
7.937300e-01	2.046661e+05	-8.018691e-02	1.907975e-01	0.000000e+00	-2.921521e+03	2.075876e+05
7.949200e-01	2.106872e+05	-8.041413e-02	1.910917e-01	0.000000e+00	-1.366931e+03	2.120542e+05
7.961100e-01	2.319773e+05	-8.064171e-02	1.914052e-01	0.000000e+00	-8.778371e+02	2.328551e+05
7.973000e-01	2.282677e+05	-8.086968e-02	1.917311e-01	0.000000e+00	-1.572856e+03	2.298405e+05
7.984900e-01	2.078532e+05	-8.109803e-02	1.920399e-01	0.000000e+00	-2.052632e+03	2.099058e+05
7.996800e-01	2.054443e+05	-8.132673e-02	1.923326e-01	0.000000e+00	-1.480822e+03	2.069251e+05
8.008700e-01	2.157469e+05	-8.155578e-02	1.926309e-01	0.000000e+00	-2.077653e+03	2.178245e+05
8.020600e-01	2.316410e+05	-8.178519e-02	1.929477e-01	0.000000e+00	-9.013116e+02	2.325423e+05
8.032500e-01	2.193336e+05	-8.201500e-02	1.932671e-01	0.000000e+00	-1.468103e+03	2.208017e+05
8.044400e-01	1.950430e+05	-8.224517e-02	1.935605e-01	0.000000e+00	-1.545269e+03	1.965883e+05
8.056300e-01	1.988956e+05	-8.247567e-02	1.938395e-01	0.000000e+00	-2.477048e+03	2.013726e+05
8.068200e-01	2.054922e+05	-8.270651e-02	1.941259e-01	0.000000e+00	-1.524737e+03	2.070170e+05
8.080100e-01	2.133411e+05	-8.293769e-02	1.944225e-01	0.000000e+00	-1.393188e+03	2.147342e+05
8.092000e-01	2.196520e+05	-8.316923e-02	1.947291e-01	0.000000e+00	-5.301944e+02	2.201822e+05
8.103900e-01	1.936463e+05	-8.340115e-02	1.950218e-01	0.000000e+00	-8.324188e+02	1.944787e+05
8.115800e-01	2.077948e+05	-8.363338e-02	1.953061e-01	0.000000e+00	-2.148877e+03	2.099437e+05
8.127700e-01	2.252852e+05	-8.386597e-02	1.956128e-01	0.000000e+00	-3.779237e+03	2.290645e+05
8.139600e-01	2.251513e+05	-8.409894e-02	1.959317e-01	0.000000e+00	-2.641089e+03	2.277924e+05
8.151500e-01	2.237139e+05	-8.433229e-02	1.962496e-01	0.000000e+00	-2.309660e+03	2.260236e+05
8.163400e-01	2.168941e+05	-8.456602e-02	1.965616e-01	0.000000e+00	-1.445619e+03	2.183397e+05
8.175300e-01	2.136349e+05	-8.480011e-02	1.968665e-01	0.000000e+00	-2.331698e+03	2.159666e+05
8.187200e-01	2.078495e+05	-8.503456e-02	1.971650e-01	0.000000e+00	-3.733060e+03	2.115825e+05
8.199100e-01	2.110195e+05	-8.526936e-02	1.974616e-01	0.000000e+00	-4.429308e+03	2.154488e+05
8.211000e-01	2.140369e+05	-8.550452e-02	1.977626e-01	0.000000e+00	-2.771289e+03	2.168082e+05
8.222900e-01	2.169038e+05	-8.574004e-02	1.980678e-01	0.000000e+00	-2.089157e+03	2.189929e+05
8.234800e-01	2.028328e+05	-8.597592e-02	1.983651e-01	0.000000e+00	-1.962085e+03	2.047948e+05
8.246700e-01	1.932998e+05	-8.621215e-02	1.986456e-01	0.000000e+00	-2.272641e+03	1.955724e+05
8.258600e-01	2.081722e+05	-8.644870e-02	1.989299e-01	0.000000e+00	-1.715073e+03	2.098873e+05
8.270500e-01	2.145199e+05	-8.668560e-02	1.992292e-01	0.000000e+00	-2.447554e+03	2.169674e+05
8.282400e-01	2.177718e+05	-8.692286e-02	1.995354e-01	0.000000e+00	-1.273944e+03	2.190457e+05
8.294300e-01	2.212894e+05	-8.716049e-02	1.998463e-01	0.000000e+00	-1.144983e+03	2.224344e+05
8.306200e-01	2.026280e+05	-8.739850e-02	2.001465e-01	0.000000e+00	-2.908407e+03	2.055364e+05
8.318100e-01	2.036545e+05	-8.763684e-02	2.004342e-01	0.000000e+00	-1.964225e+03	2.056187e+05
8.330000e-01	1.904240e+05	-8.787553e-02	2.007133e-01	0.000000e+00	-3.988946e+03	1.944129e+05
8.341900e-01	2.148520e+05	-8.811454e-02	2.010003e-01	0.000000e+00	-1.253157e+03	2.161052e+05
8.353800e-01	2.313518e+05	-8.835391e-02	2.013163e-01	0.000000e+00	-1.435068e+03	2.327869e+05
8.365700e-01	2.399020e+05	-8.859367e-02	2.016500e-01	0.000000e+00	-1.564170e+03	2.414661e+05
8.377600e-01	2.092425e+05	-8.883384e-02	2.019681e-01	0.000000e+00	-1.025048e+03	2.102675e+05
8.389500e-01	2.133669e+05	-8.907436e-02	2.022673e-01	0.000000e+00	-2.379624e+02	2.136049e+05
8.401400e-01	2.211920e+05	-8.931523e-02	2.025751e-01	0.000000e+00	-1.070059e+03	2.222620e+05
8.413300e-01	2.192628e+05	-8.955648e-02	2.028870e-01	0.000000e+00	-6.135339e+02	2.198764e+05
8.425200e-01	2.100267e+05	-8.979810e-02	2.031910e-01	0.000000e+00	-1.671862e+03	2.116986e+05
8.437100e-01	2.165441e+05	-9.004008e-02	2.034931e-01	0.000000e+00	-1.733812e+03	2.182779e+05
8.449000e-01	2.247843e+05	-9.028242e-02	2.038056e-01	0.000000e+00	-1.964242e+03	2.267485e+05
8.460900e-01	2.365345e+05	-9.052514e-02	2.041323e-01	0.000000e+00	-1.214335e+03	2.377488e+05
8.472800e-01	2.244658e+05	-9.076825e-02	2.044588e-01	0.000000e+00	-1.638433e+03	2.261042e+05
8.484700e-01	2.313336e+05	-9.101175e-02	2.047816e-01	0.000000e+00	-8.525163e+02	2.321862e+05
8.496600e-01	2.101548e+05	-9.125563e-02	2.050942e-01	0.000000e+00	-2.114796e+03	2.122696e+05
8.508500e-01	2.182254e+05	-9.149987e-02	2.053976e-01	0.000000e+00	-1.958585e+03	2.201840e+05
8.520400e-01	2.319257e+05	-9.174448e-02	2.057164e-01	0.000000e+00	-1.762939e+03	2.336886e+05
8.532300e-01	2.227717e+05	-9.198948e-02	2.060384e-01	0.000000e+00	-1.210696e+03	2.239824e+05
8.544200e-01	2.232690e+05	-9.223485e-02	2.063542e-01	0.000000e+00	-1.894151e+03	2.251631e+05
8.556100e-01	2.115464e+05	-9.248060e-02	2.066621e-01	0.000000e+00	-2.084953e+03	2.136313e+05
8.568000e-01	2.125293e+05	-9.272671e-02	2.069625e-01	0.000000e+00	-1.097325e+03	2.136266e+05
8.579900e-01	2.091126e+05	-9.297317e-02	2.072611e-01	0.000000e+00	-3.679706e+03	2.127923e+05
8.591800e-01	2.104714e+05	-9.321999e-02	2.075582e-01	0.000000e+00	-4.166990e+03	2.146383e+05
8.603700e-01	2.219516e+05	-9.346716e-02	2.078644e-01	0.000000e+00	-1.253760e+03	2.232053e+05
8.615600e-01	2.251297e+05	-9.371471e-02	2.081810e-01	0.000000e+00	-6.126579e+02	2.257424e+05
8.627500e-01	2.317193e+05	-9.396263e-02	2.085045e-01	0.000000e+00	-1.534424e+02	2.318728e+05
8.639400e-01	2.302456e+05	-9.421095e-02	2.088317e-01	0.000000e+00	-6.868938e+02	2.309325e+05
8.651300e-01	2.149218e+05	-9.445965e-02	2.091469e-01	0.000000e+00	-8.302738e+00	2.149301e+05
8.663200e-01	2.060807e+05	-9.470872e-02	2.094451e-01	0.000000e+00	-1.665215e+03	2.077459e+05
8.675100e-01	2.224647e+05	-9.495813e-02	2.097486e-01	0.000000e+00	-1.725866e+03	2.241905e+05
8.687000e-01	2.068033e+05	-9.520792e-02	2.100526e-01	0.000000e+00	-9.356481e+02	2.077390e+05
8.698900e-01	2.241358e+05	-9.545805e-02	2.103577e-01	0.000000e+00	-2.205902e+03	2.263417e+05
8.710800e-01	2.133169e+05	-9.570857e-02	2.106675e-01	0.000000e+00	-1.715629e+03	2.150325e+05
8.722700e-01	2.170000e+05	-9.595944e-02	2.109723e-01	0.000000e+00	-4.522898e+03	2.215229e+05
8.734600e-01	2.118919e+05	-9.621068e-02	2.112760e-01	0.000000e+00	-3.340828e+03	2.152328e+05
8.746500e-01	2.113659e+05	-9.646228e-02	2.115757e-01	0.000000e+00	-8.999809e+02	2.122658e+05
8.758400e-01	2.240956e+05	-9.671423e-02	2.118841e-01	0.000000e+00	-2.200908e+03	2.262965e+05
8.770300e-01	2.201459e+05	-9.696656e-02	2.121987e-01	0.000000e+00	-1.023404e+03	2.211693e+05
8.782200e-01	2.116818e+05	-9.721927e-02	2.125045e-01	0.000000e+00	-2.347465e+03	2.140293e+05
8.794100e-01	2.061480e+05	-9.747232e-02	2.128004e-01	0.000000e+00	-2.217107e+03	2.083652e+05
8.806000e-01	1.948973e+05	-9.772573e-02	2.130844e-01	0.000000e+00	-1.049923e+03	1.959472e+05
8.817900e-01	2.249330e+05	-9.797947e-02	2.133817e-01	0.000000e+00	-1.814984e+03	2.267480e+05
8.829800e-01	2.113089e+05	-9.823358e-02	2.136906e-01	0.000000e+00	-8.988308e+02	2.122078e+05
8.841700e-01	2.161037e+05	-9.848805e-02	2.139933e-01	0.000000e+00	-1.438785e+03	2.175425e+05
8.853600e-01	2.091780e+05	-9.874288e-02	2.142945e-01	0.000000e+00	-6.090427e+02	2.097870e+05
8.865500e-01	2.098874e+05	-9.899807e-02	2.145913e-01	0.000000e+00	-1.054937e+03	2.109424e+05
8.877400e-01	2.140017e+05	-9.925361e-02	2.148914e-01	0.000000e+00	-2.571178e+02	2.142588e+05
8.889300e-01	2.166710e+05	-9.950951e-02	2.151964e-01	0.000000e+00	-5.121448e+01	2.167222e+05
8.901200e-01	2.179381e+05	-9.976578e-02	2.155042e-01	0.000000e+00	-9.160648e+02	2.188542e+05
8.913100e-01	2.168022e+05	-1.000224e-01	2.158121e-01	0.000000e+00	-1.248976e+03	2.180512e+05
8.925000e-01	2.168306e+05	-1.002794e-01	2.161191e-01	0.000000e+00	-1.584990e+03	2.184156e+05
8.936900e-01	2.108816e+05	-1.005368e-01	2.164220e-01	0.000000e+00	-2.126115e+03	2.130078e+05
8.948800e-01	2.084847e+05	-1.007945e-01	2.167190e-01	0.000000e+00	-1.635665e+03	2.101204e+05
8.960700e-01	1.994158e+05	-1.010526e-01	2.170079e-01	0.000000e+00	0.000000e+00	1.994158e+05
8.972600e-01	2.158544e+05	-1.013110e-01	2.173020e-01	0.000000e+00	0.000000e+00	2.158544e+05
8.984500e-01	2.174020e+05	-1.015697e-01	2.176088e-01	0.000000e+00	-2.009061e+03	2.194111e+05
8.996400e-01	2.047047e+05	-1.018289e-01	2.179077e-01	0.000000e+00	-1.352283e+03	2.060570e+05
9.008300e-01	2.022675e+05	-1.020884e-01	2.181959e-01	0.000000e+00	-9.149800e+02	2.031825e+05
9.020200e-01	2.087341e+05	-1.023482e-01	2.184870e-01	0.000000e+00	-3.724362e+03	2.124585e+05
9.032100e-01	2.145413e+05	-1.026084e-01	2.187867e-01	0.000000e+00	-4.583648e+02	2.149997e+05
9.044000e-01	2.198495e+05	-1.028689e-01	2.190943e-01	0.000000e+00	-1.121148e+03	2.209707e+05
9.055900e-01	2.373067e+05	-1.031298e-01	2.194181e-01	0.000000e+00	-1.570572e+03	2.388773e+05
9.067800e-01	2.369425e+05	-1.033911e-01	2.197539e-01	0.000000e+00	-1.445090e+03	2.383876e+05
9.079700e-01	2.112562e+05	-1.036528e-01	2.200713e-01	0.000000e+00	-1.105690e+03	2.123619e+05
9.091600e-01	2.045755e+05	-1.039149e-01	2.203658e-01	0.000000e+00	-1.869749e+03	2.064452e+05
9.103500e-01	2.189959e+05	-1.041773e-01	2.206657e-01	0.000000e+00	-2.231716e+03	2.212276e+05
9.115400e-01	1.964651e+05	-1.044401e-01	2.209600e-01	0.000000e+00	-2.306738e+03	1.987718e+05
9.127300e-01	2.038411e+05	-1.047032e-01	2.212434e-01	0.000000e+00	-3.307879e+02	2.041719e+05
9.139200e-01	2.300495e+05	-1.049666e-01	2.215507e-01	0.000000e+00	-1.408197e+03	2.314577e+05
9.151100e-01	2.301331e+05	-1.052305e-01	2.218766e-01	0.000000e+00	-6.905445e+02	2.308236e+05
9.163000e-01	2.007647e+05	-1.054947e-01	2.221817e-01	0.000000e+00	-2.237563e+03	2.030023e+05
9.174900e-01	2.084349e+05	-1.057593e-01	2.224715e-01	0.000000e+00	-1.273573e+03	2.097085e+05
9.186800e-01	2.288887e+05	-1.060242e-01	2.227812e-01	0.000000e+00	-4.370599e+02	2.293257e+05
9.198700e-01	2.051187e+05	-1.062895e-01	2.230886e-01	0.000000e+00	-1.402204e+03	2.065209e+05
9.210600e-01	2.099277e+05	-1.065551e-01	2.233825e-01	0.000000e+00	-7.864015e+02	2.107141e+05
9.222500e-01	2.129040e+05	-1.068211e-01	2.236819e-01	0.000000e+00	-1.871003e+03	2.147750e+05
9.234400e-01	2.235610e+05	-1.070875e-01	2.239910e-01	0.000000e+00	-1.777787e+03	2.253388e+05
9.246300e-01	2.176390e+05	-1.073542e-01	2.243035e-01	0.000000e+00	-5.602679e+02	2.181993e+05
9.258200e-01	2.127085e+05	-1.076213e-01	2.246082e-01	0.000000e+00	-2.093029e+03	2.148015e+05
9.270100e-01	2.100868e+05	-1.078888e-01	2.249076e-01	0.000000e+00	-1.921783e+03	2.120086e+05
9.282000e-01	2.231269e+05	-1.081566e-01	2.252144e-01	0.000000e+00	-7.422785e+02	2.238692e+05
9.293900e-01	2.181681e+05	-1.084248e-01	2.255269e-01	0.000000e+00	-1.573824e+03	2.197419e+05
9.305800e-01	2.145083e+05	-1.086934e-01	2.258333e-01	0.000000e+00	-6.755311e+02	2.151839e+05
9.317700e-01	2.169476e+05	-1.089623e-01	2.261389e-01	0.000000e+00	-8.459158e+02	2.177935e+05
9.329600e-01	2.205565e+05	-1.092316e-01	2.264487e-01	0.000000e+00	-1.431625e+03	2.219881e+05
9.341500e-01	2.201540e+05	-1.095012e-01	2.267608e-01	0.000000e+00	-1.444903e+03	2.215989e+05
9.353400e-01	2.225646e+05	-1.097713e-01	2.270743e-01	0.000000e+00	-5.426154e+02	2.231072e+05
9.365300e-01	2.227349e+05	-1.100417e-01	2.273897e-01	0.000000e+00	-1.595997e+03	2.243309e+05
9.377200e-01	2.450987e+05	-1.103125e-01	2.277210e-01	0.000000e+00	-3.701700e+03	2.488004e+05
9.389100e-01	2.373688e+05	-1.105837e-01	2.280626e-01	0.000000e+00	-9.658235e+02	2.383346e+05
9.401000e-01	2.219806e+05	-1.108552e-01	2.283879e-01	0.000000e+00	-5.550905e+02	2.225357e+05
9.412900e-01	2.228072e+05	-1.111272e-01	2.287029e-01	0.000000e+00	-2.852456e+02	2.230924e+05
9.424800e-01	2.230048e+05	-1.113996e-01	2.290186e-01	0.000000e+00	0.000000e+00	2.230048e+05
9.436700e-01	2.081547e+05	-1.116723e-01	2.293239e-01	0.000000e+00	-1.828612e+02	2.083375e+05
9.448600e-01	2.131557e+05	-1.119454e-01	2.296223e-01	0.000000e+00	-2.820892e+03	2.159765e+05
9.460500e-01	2.106489e+05	-1.122188e-01	2.299224e-01	0.000000e+00	-1.858631e+03	2.125076e+05
9.472400e-01	2.493875e+05	-1.124926e-01	2.302482e-01	0.000000e+00	-6.431172e+02	2.500306e+05
9.484300e-01	2.228724e+05	-1.127668e-01	2.305826e-01	0.000000e+00	-2.513042e+03	2.253855e+05
9.496200e-01	2.196442e+05	-1.130414e-01	2.308960e-01	0.000000e+00	-1.948199e+03	2.215924e+05
9.508100e-01	2.127559e+05	-1.133163e-01	2.312022e-01	0.000000e+00	-2.389291e+02	2.129949e+05
9.520000e-01	1.950729e+05	-1.135916e-01	2.314910e-01	0.000000e+00	-2.889758e+03	1.979627e+05
9.531900e-01	2.072938e+05	-1.138673e-01	2.317760e-01	0.000000e+00	-3.499503e+02	2.076438e+05
9.543800e-01	2.090530e+05	-1.141432e-01	2.320708e-01	0.000000e+00	-1.080821e+03	2.101338e+05
9.555700e-01	2.334638e+05	-1.144196e-01	2.323842e-01	0.000000e+00	-5.998511e+02	2.340636e+05
9.567600e-01	2.259658e+05	-1.146963e-01	2.327095e-01	0.000000e+00	0.000000e+00	2.259658e+05
9.579500e-01	1.930065e+05	-1.149734e-01	2.330062e-01	0.000000e+00	0.000000e+00	1.930065e+05
9.591400e-01	2.090642e+05	-1.152509e-01	2.332910e-01	0.000000e+00	-4.637749e+02	2.095279e+05
9.603300e-01	2.158423e+05	-1.155287e-01	2.335919e-01	0.000000e+00	-2.187536e+03	2.180298e+05
9.615200e-01	2.202507e+05	-1.158068e-01	2.339007e-01	0.000000e+00	-9.418009e+02	2.211925e+05
9.627100e-01	2.306821e+05	-1.160853e-01	2.342200e-01	0.000000e+00	-1.219004e+03	2.319011e+05
9.639000e-01	2.199280e+05	-1.163643e-01	2.345391e-01	0.000000e+00	-2.299011e+02	2.201579e+05
9.650900e-01	2.104275e+05	-1.166435e-01	2.348439e-01	0.000000e+00	0.000000e+00	2.104275e+05
9.662800e-01	2.119220e+05	-1.169232e-01	2.351430e-01	0.000000e+00	-4.677445e+02	2.123898e+05
9.674700e-01	2.253888e+05	-1.172032e-01	2.354527e-01	0.000000e+00	-1.467257e+03	2.268561e+05
9.686600e-01	2.250047e+05	-1.174836e-01	2.357716e-01	0.000000e+00	-1.496771e+03	2.265015e+05
9.698500e-01	2.160891e+05	-1.177643e-01	2.360840e-01	0.000000e+00	-1.610245e+03	2.176994e+05
9.710400e-01	2.278254e+05	-1.180454e-01	2.363984e-01	0.000000e+00	-1.030867e+03	2.288562e+05
9.722300e-01	2.270261e+05	-1.183270e-01	2.367205e-01	0.000000e+00	-1.490141e+03	2.285162e+05
9.734200e-01	2.201207e+05	-1.186088e-01	2.370371e-01	0.000000e+00	-4.974613e+02	2.206182e+05
9.746100e-01	2.007459e+05	-1.188911e-01	2.373352e-01	0.000000e+00	-1.675123e+03	2.024210e+05
9.758000e-01	2.167991e+05	-1.191737e-01	2.376309e-01	0.000000e+00	-9.257008e+02	2.177248e+05
9.769900e-01	2.330113e+05	-1.194567e-01	2.379494e-01	0.000000e+00	-8.571462e+02	2.338684e+05
9.781800e-01	2.252550e+05	-1.197400e-01	2.382739e-01	0.000000e+00	-1.501520e+03	2.267565e+05
9.793700e-01	1.981318e+05	-1.200238e-01	2.385738e-01	0.000000e+00	-2.230015e+03	2.003619e+05
9.805600e-01	1.888255e+05	-1.203078e-01	2.388478e-01	0.000000e+00	-3.294245e+03	1.921197e+05
9.817500e-01	2.134169e+05	-1.205922e-01	2.391327e-01	0.000000e+00	-1.158925e+03	2.145758e+05
9.829400e-01	2.034765e+05	-1.208770e-01	2.394279e-01	0.000000e+00	-2.314402e+03	2.057909e+05
9.841300e-01	2.201055e+05	-1.211621e-01	2.397278e-01	0.000000e+00	-1.739328e+03	2.218448e+05
9.853200e-01	2.154431e+05	-1.214475e-01	2.400363e-01	0.000000e+00	-6.128580e+02	2.160559e+05
9.865100e-01	2.363922e+05	-1.217333e-01	2.403563e-01	0.000000e+00	0.000000e+00	2.363922e+05
9.877000e-01	2.214340e+05	-1.220196e-01	2.406805e-01	0.000000e+00	-5.087872e+02	2.219428e+05
9.888900e-01	2.229374e+05	-1.223062e-01	2.409952e-01	0.000000e+00	-2.452947e+03	2.253903e+05
9.900800e-01	2.142337e+05	-1.225931e-01	2.413048e-01	0.000000e+00	-1.312477e+03	2.155462e+05
9.912700e-01	2.191957e+05	-1.228805e-01	2.416117e-01	0.000000e+00	-1.603417e+03	2.207991e+05
9.924600e-01	2.005541e+05	-1.231682e-01	2.419089e-01	0.000000e+00	-1.294584e+02	2.006836e+05
9.936500e-01	2.468707e+05	-1.234562e-01	2.422258e-01	0.000000e+00	-1.514203e+03	2.483849e+05
9.948400e-01	2.264502e+05	-1.237447e-01	2.425610e-01	0.000000e+00	-5.297352e+02	2.269799e+05
9.960300e-01	2.199533e+05	-1.240335e-01	2.428771e-01	0.000000e+00	-2.737148e+03	2.226905e+05
9.972200e-01	2.166720e+05	-1.243227e-01	2.431863e-01	0.000000e+00	-1.313925e+03	2.179859e+05
9.984100e-01	2.108760e+05	-1.246123e-01	2.434891e-01	0.000000e+00	-2.994513e+03	2.138705e+05
9.996000e-01	2.298706e+05	-1.249022e-01	2.438012e-01	0.000000e+00	-1.279759e+03	2.311504e+05
1.000790e+00	2.192617e+05	-1.251925e-01	2.441193e-01	0.000000e+00	-4.303526e+02	2.196921e+05
1.001980e+00	2.364038e+05	-1.254832e-01	2.444420e-01	0.000000e+00	0.000000e+00	2.364038e+05
1.003170e+00	2.110056e+05	-1.257743e-01	2.447588e-01	0.000000e+00	-3.838829e+02	2.113895e+05
1.004360e+00	2.060648e+05	-1.260657e-01	2.450542e-01	0.000000e+00	-9.745601e+02	2.070394e+05
1.005550e+00	2.350167e+05	-1.263575e-01	2.453665e-01	0.000000e+00	-3.222293e+02	2.353389e+05
1.006740e+00	2.253183e+05	-1.266497e-01	2.456925e-01	0.000000e+00	0.000000e+00	2.253183e+05
1.007930e+00	2.182891e+05	-1.269423e-01	2.460067e-01	0.000000e+00	-8.161106e+02	2.191052e+05
1.009120e+00	2.251966e+05	-1.272352e-01	2.463207e-01	0.000000e+00	-1.613442e+03	2.268101e+05
1.010310e+00	2.436077e+05	-1.275285e-01	2.466527e-01	0.000000e+00	-7.280327e+02	2.443358e+05
1.011500e+00	2.281341e+05	-1.278222e-01	2.469868e-01	0.000000e+00	-5.226589e+02	2.286567e+05
1.012690e+00	2.257285e+05	-1.281164e-01	2.473082e-01	0.000000e+00	-5.214363e+02	2.262500e+05
1.013880e+00	2.297852e+05	-1.284108e-01	2.476308e-01	0.000000e+00	-6.638491e+02	2.304490e+05
1.015070e+00	2.197050e+05	-1.287057e-01	2.479491e-01	0.000000e+00	-1.764871e+02	2.198815e+05
1.016260e+00	2.097382e+05	-1.290010e-01	2.482532e-01	0.000000e+00	-1.537524e+03	2.112757e+05
1.017450e+00	2.073264e+05	-1.292966e-01	2.485485e-01	0.000000e+00	-1.431487e+02	2.074695e+05
1.018640e+00	2.265917e+05	-1.295925e-01	2.488558e-01	0.000000e+00	-6.267943e+02	2.272185e+05
1.019830e+00	2.251277e+05	-1.298888e-01	2.491757e-01	0.000000e+00	-1.096879e+03	2.262246e+05
1.021020e+00	2.189540e+05	-1.301855e-01	2.494902e-01	0.000000e+00	-9.279429e+02	2.198819e+05
1.022210e+00	2.153842e+05	-1.304826e-01	2.497978e-01	0.000000e+00	-7.097283e+02	2.160939e+05
1.023400e+00	2.099953e+05	-1.307801e-01	2.500990e-01	0.000000e+00	-7.936056e+02	2.107889e+05
1.024590e+00	2.250331e+05	-1.310779e-01	2.504071e-01	0.000000e+00	-1.110476e+03	2.261436e+05
1.025780e+00	2.354014e+05	-1.313760e-01	2.507332e-01	0.000000e+00	-6.169267e+02	2.360183e+05
1.026970e+00	2.268765e+05	-1.316746e-01	2.510605e-01	0.000000e+00	0.000000e+00	2.268765e+05
1.028160e+00	2.419192e+05	-1.319736e-01	2.513925e-01	0.000000e+00	0.000000e+00	2.419192e+05
1.029350e+00	2.311248e+05	-1.322729e-01	2.517275e-01	0.000000e+00	-6.217525e+01	2.311870e+05
1.030540e+00	2.224186e+05	-1.325727e-01	2.520487e-01	0.000000e+00	-1.586208e+03	2.240048e+05
1.031730e+00	2.147019e+05	-1.328728e-01	2.523582e-01	0.000000e+00	-1.267834e+03	2.159697e+05
1.032920e+00	2.023987e+05	-1.331733e-01	2.526536e-01	0.000000e+00	-6.243258e+02	2.030230e+05
1.034110e+00	2.425776e+05	-1.334741e-01	2.529687e-01	0.000000e+00	-1.979271e+03	2.445569e+05
1.035300e+00	2.112999e+05	-1.337753e-01	2.532902e-01	0.000000e+00	-2.048938e+03	2.133489e+05
1.036490e+00	2.202599e+05	-1.340769e-01	2.535958e-01	0.000000e+00	-8.346085e+02	2.210945e+05
1.037680e+00	2.302390e+05	-1.343789e-01	2.539148e-01	0.000000e+00	0.000000e+00	2.302390e+05
1.038870e+00	2.155474e+05	-1.346813e-01	2.542305e-01	0.000000e+00	-3.034579e+02	2.158508e+05
1.040060e+00	2.104587e+05	-1.349840e-01	2.545322e-01	0.000000e+00	-9.844286e+02	2.114431e+05
1.041250e+00	2.095251e+05	-1.352870e-01	2.548296e-01	0.000000e+00	-2.511102e+03	2.120362e+05
1.042440e+00	2.092285e+05	-1.355905e-01	2.551261e-01	0.000000e+00	-1.525674e+03	2.107541e+05
1.043630e+00	2.017669e+05	-1.358942e-01	2.554172e-01	0.000000e+00	-1.154491e+03	2.029213e+05
1.044820e+00	2.098137e+05	-1.361984e-01	2.557087e-01	0.000000e+00	-1.083871e+03	2.108975e+05
1.046010e+00	2.368490e+05	-1.365028e-01	2.560250e-01	0.000000e+00	0.000000e+00	2.368490e+05
1.047200e+00	2.152958e+05	-1.368077e-01	2.563452e-01	0.000000e+00	-1.776198e+02	2.154734e+05
1.048390e+00	1.985262e+05	-1.371129e-01	2.566382e-01	0.000000e+00	-2.173968e+03	2.007002e+05
1.049580e+00	2.148353e+05	-1.374185e-01	2.569309e-01	0.000000e+00	-1.173174e+03	2.160085e+05
1.050770e+00	2.182529e+05	-1.377244e-01	2.572376e-01	0.000000e+00	-6.769189e+02	2.189298e+05
1.051960e+00	2.117500e+05	-1.380307e-01	2.575422e-01	0.000000e+00	-1.152279e+03	2.129023e+05
1.053150e+00	2.108307e+05	-1.383374e-01	2.578414e-01	0.000000e+00	-5.283937e+02	2.113591e+05
1.054340e+00	2.330136e+05	-1.386444e-01	2.581557e-01	0.000000e+00	-9.224616e+02	2.339360e+05
1.055530e+00	2.223983e+05	-1.389518e-01	2.584782e-01	0.000000e+00	-2.362963e+03	2.247613e+05
1.056720e+00	2.230208e+05	-1.392596e-01	2.587937e-01	0.000000e+00	-1.756592e+03	2.247774e+05
1.057910e+00	2.214646e+05	-1.395677e-01	2.591084e-01	0.000000e+00	-1.063527e+03	2.225281e+05
1.059100e+00	2.214904e+05	-1.398762e-01	2.594221e-01	0.000000e+00	-1.629045e+03	2.231194e+05
1.060290e+00	2.119727e+05	-1.401851e-01	2.597291e-01	0.000000e+00	-7.240021e+02	2.126967e+05
1.061480e+00	2.244085e+05	-1.404944e-01	2.600381e-01	0.000000e+00	-2.545006e+03	2.269535e+05
1.062670e+00	2.186474e+05	-1.408040e-01	2.603519e-01	0.000000e+00	-2.171795e+03	2.208192e+05
1.063860e+00	2.349839e+05	-1.411140e-01	2.606731e-01	0.000000e+00	-1.110322e+03	2.360942e+05
1.065050e+00	2.181366e+05	-1.414244e-01	2.609940e-01	0.000000e+00	-3.623003e+02	2.184989e+05
1.066240e+00	2.231849e+05	-1.417352e-01	2.613065e-01	0.000000e+00	-1.318372e+03	2.245033e+05
1.067430e+00	2.266092e+05	-1.420463e-01	2.616250e-01	0.000000e+00	-4.086068e+02	2.270178e+05
1.068620e+00	2.235821e+05	-1.423579e-01	2.619439e-01	0.000000e+00	-9.004148e+02	2.244826e+05
1.069810e+00	2.197531e+05	-1.426698e-01	2.622578e-01	0.000000e+00	-3.716506e+02	2.201247e+05
1.071000e+00	2.329939e+05	-1.429820e-01	2.625784e-01	0.000000e+00	-1.200354e+03	2.341942e+05
1.072190e+00	2.122749e+05	-1.432947e-01	2.628938e-01	0.000000e+00	-4.803186e+02	2.127552e+05
1.073380e+00	2.243915e+05	-1.436077e-01	2.632030e-01	0.000000e+00	-8.738867e+02	2.252654e+05
1.074570e+00	2.259468e+05	-1.439211e-01	2.635219e-01	0.000000e+00	-2.170475e+03	2.281173e+05
1.075760e+00	2.257750e+05	-1.442349e-01	2.638418e-01	0.000000e+00	-1.558685e+03	2.273337e+05
1.076950e+00	2.098942e+05	-1.445491e-01	2.641503e-01	0.000000e+00	-1.087181e+03	2.109814e+05
1.078140e+00	2.206851e+05	-1.448636e-01	2.644552e-01	0.000000e+00	-1.582090e+03	2.222672e+05
1.079330e+00	2.244892e+05	-1.451785e-01	2.647705e-01	0.000000e+00	-1.547945e+03	2.260371e+05
1.080520e+00	2.319396e+05	-1.454937e-01	2.650937e-01	0.000000e+00	-3.316576e+03	2.352562e+05
1.081710e+00	2.201767e+05	-1.458094e-01	2.654139e-01	0.000000e+00	-1.605264e+03	2.217820e+05
1.082900e+00	2.346005e+05	-1.461254e-01	2.657360e-01	0.000000e+00	-1.020422e+03	2.356210e+05
1.084090e+00	2.276181e+05	-1.464418e-01	2.660633e-01	0.000000e+00	-1.128879e+03	2.287470e+05
1.085280e+00	2.259229e+05	-1.467587e-01	2.663845e-01	0.000000e+00	-5.922910e+02	2.265152e+05
1.086470e+00	1.994967e+05	-1.470758e-01	2.666857e-01	0.000000e+00	-4.829022e+02	1.999796e+05
1.087660e+00	2.183390e+05	-1.473934e-01	2.669816e-01	0.000000e+00	-6.955351e+02	2.190345e+05
1.088850e+00	2.329290e+05	-1.477113e-01	2.673012e-01	0.000000e+00	-8.252628e+02	2.337543e+05
1.090040e+00	2.402400e+05	-1.480295e-01	2.676363e-01	0.000000e+00	0.000000e+00	2.402400e+05
1.091230e+00	2.306122e+05	-1.483482e-01	2.679697e-01	0.000000e+00	0.000000e+00	2.306122e+05
1.092420e+00	2.189109e+05	-1.486673e-01	2.682881e-01	0.000000e+00	-4.357591e+01	2.189544e+05
1.093610e+00	2.414007e+05	-1.489868e-01	2.686140e-01	0.000000e+00	-2.294433e+03	2.436952e+05
1.094800e+00	2.428552e+05	-1.493066e-01	2.689570e-01	0.000000e+00	-1.023336e+03	2.438786e+05
1.095990e+00	2.316559e+05	-1.496269e-01	2.692930e-01	0.000000e+00	-9.654815e+02	2.326214e+05
1.097180e+00	2.214246e+05	-1.499475e-01	2.696139e-01	0.000000e+00	-7.151908e+02	2.221398e+05
1.098370e+00	2.069511e+05	-1.502686e-01	2.699172e-01	0.000000e+00	-1.007028e+03	2.079581e+05
1.099560e+00	2.060676e+05	-1.505899e-01	2.702097e-01	0.000000e+00	-6.959693e+02	2.067635e+05
1.100750e+00	2.153312e+05	-1.509117e-01	2.705081e-01	0.000000e+00	-9.398893e+02	2.162711e+05
1.101940e+00	2.146047e+05	-1.512337e-01	2.708126e-01	0.000000e+00	-7.184578e+02	2.153231e+05
1.103130e+00	2.328270e+05	-1.515562e-01	2.711294e-01	0.000000e+00	-5.739829e+02	2.334010e+05
1.104320e+00	2.145518e+05	-1.518790e-01	2.714463e-01	0.000000e+00	-2.663532e+02	2.148182e+05
1.105510e+00	2.125700e+05	-1.522022e-01	2.717487e-01	0.000000e+00	-3.357284e+02	2.129057e+05
1.106700e+00	2.076183e+05	-1.525258e-01	2.720463e-01	0.000000e+00	-2.825451e+03	2.104437e+05
1.107890e+00	2.082899e+05	-1.528497e-01	2.723408e-01	0.000000e+00	-1.880838e+03	2.101707e+05
1.109080e+00	2.142954e+05	-1.531740e-01	2.726401e-01	0.000000e+00	0.000000e+00	2.142954e+05
1.110270e+00	2.316148e+05	-1.534986e-01	2.729559e-01	0.000000e+00	0.000000e+00	2.316148e+05
1.111460e+00	2.300453e+05	-1.538236e-01	2.732828e-01	0.000000e+00	0.000000e+00	2.300453e+05
1.112650e+00	2.375794e+05	-1.541490e-01	2.736140e-01	0.000000e+00	-7.535984e+02	2.383330e+05
1.113840e+00	2.273549e+05	-1.544748e-01	2.739432e-01	0.000000e+00	-5.962125e+02	2.279511e+05
1.115030e+00	2.308416e+05	-1.548010e-01	2.742677e-01	0.000000e+00	-1.177816e+03	2.320194e+05
1.116220e+00	2.283791e+05	-1.551276e-01	2.745929e-01	0.000000e+00	-1.253527e+03	2.296326e+05
1.117410e+00	2.157236e+05	-1.554545e-01	2.749074e-01	0.000000e+00	-4.205277e+02	2.161441e+05
1.118600e+00	2.110714e+05	-1.557818e-01	2.752096e-01	0.000000e+00	-6.735676e+02	2.117449e+05
1.119790e+00	2.170400e+05	-1.561095e-01	2.755128e-01	0.000000e+00	-1.667686e+02	2.172068e+05
1.120980e+00	2.137685e+05	-1.564376e-01	2.758179e-01	0.000000e+00	-1.532269e+02	2.139217e+05
1.122170e+00	2.176433e+05	-1.567660e-01	2.761234e-01	0.000000e+00	-1.199638e+03	2.188429e+05
1.123360e+00	2.190234e+05	-1.570947e-01	2.764326e-01	0.000000e+00	-1.168143e+03	2.201916e+05
1.124550e+00	2.391051e+05	-1.574239e-01	2.767571e-01	0.000000e+00	-6.734134e+02	2.397785e+05
1.125740e+00	2.274875e+05	-1.577534e-01	2.770875e-01	0.000000e+00	-1.669228e+02	2.276545e+05
1.126930e+00	2.319222e+05	-1.580833e-01	2.774128e-01	0.000000e+00	0.000000e+00	2.319222e+05
1.128120e+00	2.367907e+05	-1.584137e-01	2.777447e-01	0.000000e+00	0.000000e+00	2.367907e+05
1.129310e+00	2.047501e+05	-1.587444e-01	2.780574e-01	0.000000e+00	0.000000e+00	2.047501e+05
1.130500e+00	2.095747e+05	-1.590754e-01	2.783508e-01	0.000000e+00	0.000000e+00	2.095747e+05
1.131690e+00	2.373731e+05	-1.594068e-01	2.786673e-01	0.000000e+00	-7.969439e+02	2.381700e+05
1.132880e+00	2.234907e+05	-1.597387e-01	2.789937e-01	0.000000e+00	-7.752026e+02	2.242659e+05
1.134070e+00	2.043339e+05	-1.600709e-01	2.792967e-01	0.000000e+00	-5.594184e+02	2.048933e+05
1.135260e+00	2.172108e+05	-1.604034e-01	2.795952e-01	0.000000e+00	-4.363507e+02	2.176472e+05
1.136450e+00	2.001530e+05	-1.607363e-01	2.798908e-01	0.000000e+00	-1.291482e+03	2.014445e+05
1.137640e+00	2.207282e+05	-1.610695e-01	2.801888e-01	0.000000e+00	-8.613109e+02	2.215895e+05
1.138830e+00	2.293909e+05	-1.614031e-01	2.805076e-01	0.000000e+00	-3.213088e+02	2.297122e+05
1.140020e+00	2.275105e+05	-1.617371e-01	2.808311e-01	0.000000e+00	-1.431080e+03	2.289415e+05
1.141210e+00	2.375874e+05	-1.620715e-01	2.811605e-01	0.000000e+00	-2.495918e+02	2.378370e+05
1.142400e+00	2.120694e+05	-1.624063e-01	2.814789e-01	0.000000e+00	0.000000e+00	2.120694e+05
1.143590e+00	2.172694e+05	-1.627414e-01	2.817830e-01	0.000000e+00	-6.680097e+02	2.179374e+05
1.144780e+00	2.331599e+05	-1.630769e-01	2.821020e-01	0.000000e+00	-1.012663e+03	2.341726e+05
1.145970e+00	2.142776e+05	-1.634128e-01	2.824188e-01	0.000000e+00	0.000000e+00	2.142776e+05
1.147160e+00	2.081501e+05	-1.637491e-01	2.827180e-01	0.000000e+00	-2.272292e+03	2.104224e+05
1.148350e+00	2.219805e+05	-1.640857e-01	2.830226e-01	0.000000e+00	-2.487169e+02	2.222292e+05
1.149540e+00	2.476843e+05	-1.644227e-01	2.833552e-01	0.000000e+00	-5.584653e+02	2.482428e+05
1.150730e+00	1.932831e+05	-1.647601e-01	2.836674e-01	0.000000e+00	-2.818709e+02	1.935649e+05
1.151920e+00	2.310479e+05	-1.650978e-01	2.839679e-01	0.000000e+00	-9.601947e+02	2.320081e+05
1.153110e+00	2.126494e+05	-1.654359e-01	2.842822e-01	0.000000e+00	-7.204776e+02	2.133699e+05
1.154300e+00	2.231333e+05	-1.657744e-01	2.845908e-01	0.000000e+00	0.000000e+00	2.231333e+05
1.155490e+00	2.181056e+05	-1.661133e-01	2.849032e-01	0.000000e+00	-2.632376e+02	2.183688e+05
1.156680e+00	2.190109e+05	-1.664525e-01	2.852128e-01	0.000000e+00	-5.770985e+02	2.195880e+05
1.157870e+00	2.165013e+05	-1.667921e-01	2.855212e-01	0.000000e+00	0.000000e+00	2.165013e+05
1.159060e+00	2.123437e+05	-1.671320e-01	2.858249e-01	0.000000e+00	0.000000e+00	2.123437e+05
1.160250e+00	2.065646e+05	-1.674723e-01	2.861215e-01	0.000000e+00	-1.273856e+03	2.078385e+05
1.161440e+00	2.102212e+05	-1.678130e-01	2.864167e-01	0.000000e+00	-4.739296e+02	2.106951e+05
1.162630e+00	2.189309e+05	-1.681540e-01	2.867206e-01	0.000000e+00	-7.732225e+02	2.197041e+05
1.163820e+00	2.285455e+05	-1.684954e-01	2.870375e-01	0.000000e+00	0.000000e+00	2.285455e+05
1.165010e+00	2.118042e+05	-1.688372e-01	2.873493e-01	0.000000e+00	0.000000e+00	2.118042e+05
1.166200e+00	1.969666e+05	-1.691793e-01	2.876388e-01	0.000000e+00	-5.829449e+01	1.970249e+05
1.167390e+00	2.121773e+05	-1.695217e-01	2.879286e-01	0.000000e+00	-7.820416e+02	2.129593e+05
1.168580e+00	2.376449e+05	-1.698645e-01	2.882471e-01	0.000000e+00	0.000000e+00	2.376449e+05
1.169770e+00	2.157887e+05	-1.702078e-01	2.885682e-01	0.000000e+00	0.000000e+00	2.157887e+05
1.170960e+00	2.248464e+05	-1.705513e-01	2.888803e-01	0.000000e+00	0.000000e+00	2.248464e+05
1.172150e+00	2.140874e+05	-1.708953e-01	2.891911e-01	0.000000e+00	0.000000e+00	2.140874e+05
1.173340e+00	2.150826e+05	-1.712396e-01	2.894950e-01	0.000000e+00	0.000000e+00	2.150826e+05
1.174530e+00	2.177502e+05	-1.715843e-01	2.898015e-01	0.000000e+00	0.000000e+00	2.177502e+05
1.175720e+00	2.148113e+05	-1.719293e-01	2.901079e-01	0.000000e+00	0.000000e+00	2.148113e+05
1.176910e+00	2.326324e+05	-1.722748e-01	2.904247e-01	0.000000e+00	0.000000e+00	2.326324e+05
1.178100e+00	2.222880e+05	-1.726206e-01	2.907469e-01	0.000000e+00	-6.703061e+02	2.229583e+05
1.179290e+00	2.378866e+05	-1.729667e-01	2.910728e-01	0.000000e+00	-4.954463e+02	2.383820e+05
1.180480e+00	2.481491e+05	-1.733133e-01	2.914169e-01	0.000000e+00	-1.550327e+03	2.496994e+05
1.181670e+00	2.256667e+05	-1.736603e-01	2.917525e-01	0.000000e+00	-6.452648e+02	2.263120e+05
1.182860e+00	2.317350e+05	-1.740077e-01	2.920764e-01	0.000000e+00	-1.205842e+03	2.329408e+05
1.184050e+00	2.350769e+05	-1.743554e-01	2.924070e-01	0.000000e+00	-4.748306e+02	2.355517e+05
1.185240e+00	2.220276e+05	-1.747036e-01	2.927307e-01	0.000000e+00	-6.914510e+02	2.227190e+05
1.186430e+00	2.132467e+05	-1.750521e-01	2.930389e-01	0.000000e+00	-1.488851e+02	2.133956e+05
1.187620e+00	2.335844e+05	-1.754010e-01	2.933554e-01	0.000000e+00	0.000000e+00	2.335844e+05
1.188810e+00	2.267846e+05	-1.757503e-01	2.936814e-01	0.000000e+00	0.000000e+00	2.267846e+05
1.190000e+00	1.155121e+05	-1.761000e-01	2.939238e-01	0.000000e+00	0.000000e+00	1.155121e+05
