#x	rho	phi	ex	bz	rhok[0]	rhok[1]
0.000000e+00	-3.036238e+03	0.000000e+00	4.851105e-02	0.000000e+00	-3.550305e+03	5.140672e+02
1.190000e-03	-2.672645e+03	-5.772559e-05	4.850701e-02	0.000000e+00	-4.923300e+03	2.250655e+03
2.380000e-03	2.247081e+03	-1.154467e-04	4.850670e-02	0.000000e+00	-4.641541e+03	6.888622e+03
3.570000e-03	2.794265e+03	-1.731715e-04	4.851027e-02	0.000000e+00	-4.093622e+03	6.887886e+03
4.760000e-03	6.416160e+03	-2.309011e-04	4.851680e-02	0.000000e+00	-3.837716e+03	1.025388e+04
5.950000e-03	6.433363e+03	-2.886415e-04	4.852590e-02	0.000000e+00	-7.901553e+03	1.433492e+04
7.140000e-03	4.695598e+03	-3.463928e-04	4.853378e-02	0.000000e+00	-8.555520e+03	1.325112e+04
8.330000e-03	9.076619e+03	-4.041519e-04	4.854353e-02	0.000000e+00	-1.064311e+04	1.971973e+04
9.520000e-03	1.460817e+04	-4.619264e-04	4.856030e-02	0.000000e+00	-9.599487e+03	2.420766e+04
1.071000e-02	2.662689e+04	-5.197254e-04	4.858950e-02	0.000000e+00	-4.393126e+03	3.102001e+04
1.190000e-02	1.329385e+04	-5.775694e-04	4.861778e-02	0.000000e+00	-5.082723e+03	1.837657e+04
1.309000e-02	1.409973e+04	-6.354357e-04	4.863717e-02	0.000000e+00	-4.988677e+03	1.908840e+04
1.428000e-02	1.784119e+04	-6.933259e-04	4.865979e-02	0.000000e+00	-5.455781e+03	2.329697e+04
1.547000e-02	2.264405e+04	-7.512461e-04	4.868846e-02	0.000000e+00	-2.569709e+03	2.521376e+04
1.666000e-02	2.131085e+04	-8.092044e-04	4.871959e-02	0.000000e+00	-4.558176e+03	2.586903e+04
1.785000e-02	2.476387e+04	-8.671987e-04	4.875222e-02	0.000000e+00	-5.547173e+03	3.031104e+04
1.904000e-02	2.452313e+04	-9.252347e-04	4.878712e-02	0.000000e+00	-3.085551e+03	2.760869e+04
2.023000e-02	3.194419e+04	-9.833120e-04	4.882711e-02	0.000000e+00	-2.939004e+03	3.488319e+04
2.142000e-02	2.556200e+04	-1.041443e-03	4.886784e-02	0.000000e+00	-6.021640e+03	3.158364e+04
2.261000e-02	2.639984e+04	-1.099617e-03	4.890463e-02	0.000000e+00	-7.065318e+03	3.346516e+04
2.380000e-02	3.722698e+04	-1.157836e-03	4.894969e-02	0.000000e+00	-6.364806e+03	4.359179e+04
2.499000e-02	3.702797e+04	-1.216118e-03	4.900228e-02	0.000000e+00	-2.740115e+03	3.976809e+04
2.618000e-02	3.850285e+04	-1.274462e-03	4.905576e-02	0.000000e+00	-6.540767e+03	4.504362e+04
2.737000e-02	3.416716e+04	-1.332870e-03	4.910723e-02	0.000000e+00	-6.725342e+03	4.089250e+04
2.856000e-02	2.960599e+04	-1.391337e-03	4.915239e-02	0.000000e+00	-5.773467e+03	3.537946e+04
2.975000e-02	3.508108e+04	-1.449853e-03	4.919820e-02	0.000000e+00	-6.932788e+03	4.201387e+04
3.094000e-02	4.118995e+04	-1.508429e-03	4.925221e-02	0.000000e+00	-1.688172e+03	4.287812e+04
3.213000e-02	4.644416e+04	-1.567073e-03	4.931427e-02	0.000000e+00	-1.992419e+03	4.843657e+04
3.332000e-02	4.384652e+04	-1.625797e-03	4.937821e-02	0.000000e+00	-3.955457e+03	4.780198e+04
3.451000e-02	4.485625e+04	-1.684594e-03	4.944103e-02	0.000000e+00	-7.195375e+03	5.205162e+04
3.570000e-02	4.459960e+04	-1.743466e-03	4.950438e-02	0.000000e+00	-8.608259e+03	5.320786e+04
3.689000e-02	3.470025e+04	-1.802414e-03	4.956053e-02	0.000000e+00	-7.471165e+03	4.217142e+04
3.808000e-02	3.581323e+04	-1.861420e-03	4.961047e-02	0.000000e+00	-3.346221e+03	3.915945e+04
3.927000e-02	5.041453e+04	-1.920487e-03	4.967153e-02	0.000000e+00	-6.942216e+03	5.735675e+04
4.046000e-02	4.201837e+04	-1.979638e-03	4.973699e-02	0.000000e+00	-7.434328e+03	4.945269e+04
4.165000e-02	5.710861e+04	-2.038861e-03	4.980719e-02	0.000000e+00	-3.701083e+03	6.080969e+04
4.284000e-02	4.768409e+04	-2.098180e-03	4.988140e-02	0.000000e+00	-7.402902e+03	5.508699e+04
4.403000e-02	4.828908e+04	-2.157579e-03	4.994936e-02	0.000000e+00	-4.929622e+03	5.321870e+04
4.522000e-02	5.348746e+04	-2.217059e-03	5.002144e-02	0.000000e+00	-6.431742e+03	5.991920e+04
4.641000e-02	5.922312e+04	-2.276630e-03	5.010125e-02	0.000000e+00	-3.639450e+03	6.286257e+04
4.760000e-02	5.403613e+04	-2.336300e-03	5.018146e-02	0.000000e+00	-4.693152e+03	5.872928e+04
4.879000e-02	5.311661e+04	-2.396062e-03	5.025734e-02	0.000000e+00	-9.191360e+03	6.230797e+04
4.998000e-02	5.906457e+04	-2.455913e-03	5.033679e-02	0.000000e+00	-5.876147e+03	6.494072e+04
5.117000e-02	5.943083e+04	-2.515863e-03	5.042070e-02	0.000000e+00	-6.053846e+03	6.548468e+04
5.236000e-02	6.225140e+04	-2.575914e-03	5.050687e-02	0.000000e+00	-2.759317e+03	6.501072e+04
5.355000e-02	5.874303e+04	-2.636069e-03	5.059256e-02	0.000000e+00	-5.342136e+03	6.408517e+04
5.474000e-02	5.970128e+04	-2.696324e-03	5.067643e-02	0.000000e+00	-4.768127e+03	6.446941e+04
5.593000e-02	5.975987e+04	-2.756679e-03	5.076103e-02	0.000000e+00	-5.082365e+03	6.484224e+04
5.712000e-02	5.815932e+04	-2.817135e-03	5.084454e-02	0.000000e+00	-5.413218e+03	6.357254e+04
5.831000e-02	6.433982e+04	-2.877689e-03	5.093129e-02	0.000000e+00	-4.425533e+03	6.876536e+04
5.950000e-02	6.033196e+04	-2.938352e-03	5.101958e-02	0.000000e+00	-5.329513e+03	6.566147e+04
6.069000e-02	6.120964e+04	-2.999116e-03	5.110565e-02	0.000000e+00	-5.734828e+03	6.694447e+04
6.188000e-02	6.496868e+04	-3.059983e-03	5.119500e-02	0.000000e+00	-4.341542e+03	6.931023e+04
6.307000e-02	6.778019e+04	-3.120960e-03	5.128901e-02	0.000000e+00	-4.425292e+03	7.220548e+04
6.426000e-02	5.426261e+04	-3.182051e-03	5.137544e-02	0.000000e+00	-5.986994e+03	6.024961e+04
6.545000e-02	6.772662e+04	-3.243234e-03	5.146182e-02	0.000000e+00	-5.012280e+03	7.273890e+04
6.664000e-02	6.941728e+04	-3.304530e-03	5.155895e-02	0.000000e+00	-3.942484e+03	7.335976e+04
6.783000e-02	6.646973e+04	-3.365944e-03	5.165518e-02	0.000000e+00	-4.058675e+03	7.052841e+04
6.902000e-02	5.726948e+04	-3.427470e-03	5.174280e-02	0.000000e+00	-9.442360e+03	6.671184e+04
7.021000e-02	6.864478e+04	-3.489092e-03	5.183197e-02	0.000000e+00	-3.630739e+03	7.227552e+04
7.140000e-02	7.561640e+04	-3.550830e-03	5.193413e-02	0.000000e+00	-5.445084e+03	8.106149e+04
7.259000e-02	7.032342e+04	-3.612695e-03	5.203748e-02	0.000000e+00	-8.524003e+03	7.884742e+04
7.378000e-02	6.991875e+04	-3.674679e-03	5.213680e-02	0.000000e+00	-4.527626e+03	7.444637e+04
7.497000e-02	6.925116e+04	-3.736781e-03	5.223535e-02	0.000000e+00	-2.833175e+03	7.208434e+04
7.616000e-02	6.530140e+04	-3.798999e-03	5.233064e-02	0.000000e+00	-6.462447e+03	7.176384e+04
7.735000e-02	6.908548e+04	-3.861327e-03	5.242580e-02	0.000000e+00	-8.549925e+03	7.763540e+04
7.854000e-02	7.239550e+04	-3.923772e-03	5.252600e-02	0.000000e+00	-8.840610e+03	8.123611e+04
7.973000e-02	6.500177e+04	-3.986339e-03	5.262330e-02	0.000000e+00	-9.057720e+03	7.405949e+04
8.092000e-02	7.569263e+04	-4.049016e-03	5.272293e-02	0.000000e+00	-4.045892e+03	7.973852e+04
8.211000e-02	7.112906e+04	-4.111820e-03	5.282691e-02	0.000000e+00	-5.722943e+03	7.685200e+04
8.330000e-02	7.733580e+04	-4.174744e-03	5.293204e-02	0.000000e+00	-3.624511e+03	8.096032e+04
8.449000e-02	7.942515e+04	-4.237798e-03	5.304306e-02	0.000000e+00	-3.380761e+03	8.280591e+04
8.568000e-02	7.978817e+04	-4.300986e-03	5.315580e-02	0.000000e+00	-4.141111e+03	8.392928e+04
8.687000e-02	7.833147e+04	-4.364309e-03	5.326778e-02	0.000000e+00	-4.270682e+03	8.260215e+04
8.806000e-02	8.623879e+04	-4.427764e-03	5.338432e-02	0.000000e+00	-3.613400e+03	8.985219e+04
8.925000e-02	9.283903e+04	-4.491364e-03	5.351114e-02	0.000000e+00	-3.313475e+03	9.615251e+04
9.044000e-02	8.197701e+04	-4.555120e-03	5.363494e-02	0.000000e+00	-5.429166e+03	8.740618e+04
9.163000e-02	7.361233e+04	-4.619015e-03	5.374512e-02	0.000000e+00	-3.436098e+03	7.704843e+04
9.282000e-02	7.752963e+04	-4.683034e-03	5.385215e-02	0.000000e+00	-1.496473e+03	7.902610e+04
9.401000e-02	8.039934e+04	-4.747183e-03	5.396399e-02	0.000000e+00	-4.798511e+03	8.519785e+04
9.520000e-02	7.628290e+04	-4.811468e-03	5.407495e-02	0.000000e+00	-2.271548e+03	7.855445e+04
9.639000e-02	9.395332e+04	-4.875881e-03	5.419551e-02	0.000000e+00	-3.158557e+03	9.711187e+04
9.758000e-02	8.592688e+04	-4.940453e-03	5.432289e-02	0.000000e+00	-7.650140e+03	9.357702e+04
9.877000e-02	8.427430e+04	-5.005170e-03	5.444342e-02	0.000000e+00	-4.505373e+03	8.877968e+04
9.996000e-02	8.622058e+04	-5.070029e-03	5.456416e-02	0.000000e+00	-5.629044e+03	9.184962e+04
1.011500e-01	9.717730e+04	-5.135033e-03	5.469404e-02	0.000000e+00	-2.758332e+03	9.993564e+04
1.023400e-01	9.238508e+04	-5.200200e-03	5.482828e-02	0.000000e+00	-4.637696e+03	9.702278e+04
1.035300e-01	9.294750e+04	-5.265524e-03	5.495952e-02	0.000000e+00	-5.619124e+03	9.856662e+04
1.047200e-01	8.568692e+04	-5.331004e-03	5.508603e-02	0.000000e+00	-7.154054e+03	9.284098e+04
1.059100e-01	9.619496e+04	-5.396629e-03	5.521483e-02	0.000000e+00	-2.916946e+03	9.911190e+04
1.071000e-01	7.760338e+04	-5.462415e-03	5.533791e-02	0.000000e+00	-5.123048e+03	8.272643e+04
1.082900e-01	9.125695e+04	-5.528333e-03	5.545749e-02	0.000000e+00	-2.631361e+03	9.388831e+04
1.094800e-01	1.056068e+05	-5.594404e-03	5.559690e-02	0.000000e+00	-3.242152e+03	1.088489e+05
1.106700e-01	1.057532e+05	-5.660653e-03	5.574658e-02	0.000000e+00	-2.371718e+03	1.081249e+05
1.118600e-01	9.880236e+04	-5.727081e-03	5.589143e-02	0.000000e+00	-3.474658e+03	1.022770e+05
1.130500e-01	8.440533e+04	-5.793675e-03	5.602118e-02	0.000000e+00	-3.403042e+03	8.780837e+04
1.142400e-01	8.779532e+04	-5.860411e-03	5.614312e-02	0.000000e+00	-5.730310e+03	9.352563e+04
1.154300e-01	1.070027e+05	-5.927296e-03	5.628107e-02	0.000000e+00	-6.725692e+03	1.137284e+05
1.166200e-01	8.204736e+04	-5.994360e-03	5.641495e-02	0.000000e+00	-5.367611e+03	8.741497e+04
1.178100e-01	7.803336e+04	-6.061563e-03	5.652831e-02	0.000000e+00	-5.559075e+03	8.359243e+04
1.190000e-01	8.777881e+04	-6.128898e-03	5.664574e-02	0.000000e+00	-3.969958e+03	9.174876e+04
1.201900e-01	1.090117e+05	-6.196380e-03	5.678510e-02	0.000000e+00	-2.692159e+03	1.117039e+05
1.213800e-01	9.810536e+04	-6.264046e-03	5.693177e-02	0.000000e+00	-5.331608e+03	1.034370e+05
1.225700e-01	8.818880e+04	-6.331878e-03	5.706370e-02	0.000000e+00	-4.145241e+03	9.233404e+04
1.237600e-01	9.372799e+04	-6.399858e-03	5.719252e-02	0.000000e+00	-3.618564e+03	9.734655e+04
1.249500e-01	9.476154e+04	-6.467996e-03	5.732600e-02	0.000000e+00	-5.079807e+03	9.984135e+04
1.261400e-01	1.045986e+05	-6.536294e-03	5.746718e-02	0.000000e+00	-4.808426e+03	1.094070e+05
1.273300e-01	9.163726e+04	-6.604768e-03	5.760615e-02	0.000000e+00	-5.698171e+03	9.733543e+04
1.285200e-01	1.093969e+05	-6.673396e-03	5.774852e-02	0.000000e+00	-4.811503e+03	1.142084e+05
1.297100e-01	1.070420e+05	-6.742209e-03	5.790179e-02	0.000000e+00	-3.294764e+03	1.103367e+05
1.309000e-01	1.074600e+05	-6.811203e-03	5.805369e-02	0.000000e+00	-4.497744e+03	1.119577e+05
1.320900e-01	9.659161e+04	-6.880377e-03	5.819820e-02	0.000000e+00	-4.023070e+03	1.006147e+05
1.332800e-01	9.745362e+04	-6.949714e-03	5.833561e-02	0.000000e+00	-6.272253e+03	1.037259e+05
1.344700e-01	1.132739e+05	-7.019216e-03	5.848484e-02	0.000000e+00	-3.352951e+03	1.166268e+05
1.356600e-01	1.081070e+05	-7.088908e-03	5.864162e-02	0.000000e+00	-5.220738e+03	1.133277e+05
1.368500e-01	1.138849e+05	-7.158783e-03	5.879882e-02	0.000000e+00	-4.988476e+03	1.188734e+05
1.380400e-01	1.120555e+05	-7.228849e-03	5.895883e-02	0.000000e+00	-2.519038e+03	1.145746e+05
1.392300e-01	1.094297e+05	-7.299105e-03	5.911567e-02	0.000000e+00	-3.797053e+03	1.132267e+05
1.404200e-01	9.921386e+04	-7.369545e-03	5.926343e-02	0.000000e+00	-5.383303e+03	1.045972e+05
1.416100e-01	1.028289e+05	-7.440152e-03	5.940651e-02	0.000000e+00	-4.632389e+03	1.074613e+05
1.428000e-01	1.161924e+05	-7.510932e-03	5.956161e-02	0.000000e+00	-2.629007e+03	1.188214e+05
1.439900e-01	1.109284e+05	-7.581908e-03	5.972245e-02	0.000000e+00	-3.259731e+03	1.141881e+05
1.451800e-01	1.233537e+05	-7.653072e-03	5.988836e-02	0.000000e+00	-2.261469e+03	1.256151e+05
1.463700e-01	1.106694e+05	-7.724443e-03	6.005409e-02	0.000000e+00	-4.167656e+03	1.148370e+05
1.475600e-01	9.752515e+04	-7.796000e-03	6.020152e-02	0.000000e+00	-2.777043e+03	1.003022e+05
1.487500e-01	9.964137e+04	-7.867722e-03	6.034115e-02	0.000000e+00	-6.043780e+03	1.056851e+05
1.499400e-01	1.043858e+05	-7.939612e-03	6.048563e-02	0.000000e+00	-5.511983e+03	1.098978e+05
1.511300e-01	1.147943e+05	-8.011678e-03	6.064085e-02	0.000000e+00	-5.577325e+03	1.203716e+05
1.523200e-01	1.028708e+05	-8.083938e-03	6.079499e-02	0.000000e+00	-6.589046e+03	1.094599e+05
1.535100e-01	9.012590e+04	-8.156370e-03	6.093167e-02	0.000000e+00	-4.484829e+03	9.461073e+04
1.547000e-01	1.135077e+05	-8.228955e-03	6.107587e-02	0.000000e+00	-4.220252e+03	1.177279e+05
1.558900e-01	1.113644e+05	-8.301731e-03	6.123512e-02	0.000000e+00	-5.189012e+03	1.165534e+05
1.570800e-01	1.080266e+05	-8.374694e-03	6.139048e-02	0.000000e+00	-3.776237e+03	1.118028e+05
1.582700e-01	1.186786e+05	-8.447840e-03	6.155103e-02	0.000000e+00	-4.651829e+03	1.233305e+05
1.594600e-01	9.969451e+04	-8.521186e-03	6.170567e-02	0.000000e+00	-4.041619e+03	1.037361e+05
1.606500e-01	1.049362e+05	-8.594700e-03	6.185058e-02	0.000000e+00	-7.007110e+03	1.119433e+05
1.618400e-01	1.184137e+05	-8.668390e-03	6.200875e-02	0.000000e+00	-5.120118e+03	1.235338e+05
1.630300e-01	1.190008e+05	-8.742281e-03	6.217688e-02	0.000000e+00	-2.838008e+03	1.218388e+05
1.642200e-01	1.199129e+05	-8.816371e-03	6.234607e-02	0.000000e+00	-2.887384e+03	1.228003e+05
1.654100e-01	1.162115e+05	-8.890664e-03	6.251329e-02	0.000000e+00	-4.186007e+03	1.203975e+05
1.666000e-01	1.068370e+05	-8.965153e-03	6.267124e-02	0.000000e+00	-5.263587e+03	1.121006e+05
1.677900e-01	1.164458e+05	-9.039822e-03	6.282936e-02	0.000000e+00	-5.606482e+03	1.220523e+05
1.689800e-01	1.095951e+05	-9.114687e-03	6.298944e-02	0.000000e+00	-3.256629e+03	1.128518e+05
1.701700e-01	1.156000e+05	-9.189737e-03	6.314891e-02	0.000000e+00	-4.138651e+03	1.197386e+05
1.713600e-01	1.033555e+05	-9.264981e-03	6.330397e-02	0.000000e+00	-5.246253e+03	1.086018e+05
1.725500e-01	1.161455e+05	-9.340400e-03	6.345941e-02	0.000000e+00	-3.827439e+03	1.199729e+05
1.737400e-01	1.065310e+05	-9.416015e-03	6.361710e-02	0.000000e+00	-4.966034e+03	1.114971e+05
1.749300e-01	1.033056e+05	-9.491809e-03	6.376570e-02	0.000000e+00	-3.662329e+03	1.069680e+05
1.761200e-01	1.115534e+05	-9.567777e-03	6.391786e-02	0.000000e+00	-5.382663e+03	1.169361e+05
1.773100e-01	1.352394e+05	-9.643933e-03	6.409263e-02	0.000000e+00	-5.445111e+03	1.406845e+05
1.785000e-01	1.146180e+05	-9.720317e-03	6.426957e-02	0.000000e+00	-7.154656e+03	1.217727e+05
1.796900e-01	1.287271e+05	-9.796895e-03	6.444190e-02	0.000000e+00	-4.804321e+03	1.335315e+05
1.808800e-01	1.138397e+05	-9.873689e-03	6.461367e-02	0.000000e+00	-7.379891e+03	1.212196e+05
1.820700e-01	1.245722e+05	-9.950675e-03	6.478251e-02	0.000000e+00	-4.115322e+03	1.286875e+05
1.832600e-01	1.303260e+05	-1.002787e-02	6.496302e-02	0.000000e+00	-4.543486e+03	1.348695e+05
1.844500e-01	1.312131e+05	-1.010529e-02	6.514823e-02	0.000000e+00	-5.238642e+03	1.364517e+05
1.856400e-01	1.132133e+05	-1.018292e-02	6.532133e-02	0.000000e+00	-4.815959e+03	1.180293e+05
1.868300e-01	1.197536e+05	-1.026075e-02	6.548630e-02	0.000000e+00	-3.744775e+03	1.234983e+05
1.880200e-01	1.097773e+05	-1.033878e-02	6.564885e-02	0.000000e+00	-3.729900e+03	1.135072e+05
1.892100e-01	1.202770e+05	-1.041700e-02	6.581177e-02	0.000000e+00	-1.310427e+03	1.215875e+05
1.904000e-01	1.264781e+05	-1.049541e-02	6.598651e-02	0.000000e+00	-1.975364e+03	1.284535e+05
1.915900e-01	1.354978e+05	-1.057404e-02	6.617203e-02	0.000000e+00	-2.359572e+03	1.378573e+05
1.927800e-01	1.146077e+05	-1.065290e-02	6.634915e-02	0.000000e+00	-4.739457e+03	1.193472e+05
1.939700e-01	1.070894e+05	-1.073196e-02	6.650615e-02	0.000000e+00	-8.019016e+03	1.151084e+05
1.951600e-01	1.053201e+05	-1.081119e-02	6.665657e-02	0.000000e+00	-5.861163e+03	1.111812e+05
1.963500e-01	1.165817e+05	-1.089060e-02	6.681371e-02	0.000000e+00	-4.551870e+03	1.211336e+05
1.975400e-01	1.252627e+05	-1.097020e-02	6.698498e-02	0.000000e+00	-1.689306e+03	1.269520e+05
1.987300e-01	1.118904e+05	-1.105002e-02	6.715292e-02	0.000000e+00	-4.422072e+03	1.163124e+05
1.999200e-01	1.294152e+05	-1.113003e-02	6.732380e-02	0.000000e+00	-5.121567e+03	1.345367e+05
2.011100e-01	1.313557e+05	-1.121025e-02	6.750847e-02	0.000000e+00	-4.440782e+03	1.357965e+05
2.023000e-01	1.278190e+05	-1.129070e-02	6.769201e-02	0.000000e+00	-5.081228e+03	1.329002e+05
2.034900e-01	1.272499e+05	-1.137136e-02	6.787264e-02	0.000000e+00	-3.513925e+03	1.307638e+05
2.046800e-01	1.338217e+05	-1.145224e-02	6.805752e-02	0.000000e+00	-2.709870e+03	1.365316e+05
2.058700e-01	1.253008e+05	-1.153334e-02	6.824102e-02	0.000000e+00	-3.600391e+03	1.289012e+05
2.070600e-01	1.256869e+05	-1.161465e-02	6.841876e-02	0.000000e+00	-4.048073e+03	1.297350e+05
2.082500e-01	1.272708e+05	-1.169617e-02	6.859790e-02	0.000000e+00	-2.683751e+03	1.299546e+05
2.094400e-01	1.203369e+05	-1.177791e-02	6.877325e-02	0.000000e+00	-3.226551e+03	1.235634e+05
2.106300e-01	1.463600e+05	-1.185985e-02	6.896211e-02	0.000000e+00	-4.919923e+03	1.512800e+05
2.118200e-01	1.246673e+05	-1.194204e-02	6.915404e-02	0.000000e+00	-3.044942e+03	1.277123e+05
2.130100e-01	1.268026e+05	-1.202444e-02	6.933213e-02	0.000000e+00	-2.548695e+03	1.293513e+05
2.142000e-01	1.375813e+05	-1.210705e-02	6.951935e-02	0.000000e+00	-2.597626e+03	1.401790e+05
2.153900e-01	1.329877e+05	-1.218990e-02	6.971096e-02	0.000000e+00	-2.859824e+03	1.358476e+05
2.165800e-01	1.398103e+05	-1.227296e-02	6.990415e-02	0.000000e+00	-4.819045e+03	1.446294e+05
2.177700e-01	1.222729e+05	-1.235627e-02	7.008975e-02	0.000000e+00	-5.827083e+03	1.281000e+05
2.189600e-01	1.379419e+05	-1.243978e-02	7.027402e-02	0.000000e+00	-5.714149e+03	1.436560e+05
2.201500e-01	1.358218e+05	-1.252352e-02	7.046789e-02	0.000000e+00	-4.724823e+03	1.405467e+05
2.213400e-01	1.470232e+05	-1.260749e-02	7.066819e-02	0.000000e+00	-6.358866e+03	1.533821e+05
2.225300e-01	1.406814e+05	-1.269171e-02	7.087193e-02	0.000000e+00	-3.134364e+03	1.438158e+05
2.237200e-01	1.420326e+05	-1.277617e-02	7.107214e-02	0.000000e+00	-3.431949e+03	1.454645e+05
2.249100e-01	1.293031e+05	-1.286086e-02	7.126429e-02	0.000000e+00	-3.430252e+03	1.327333e+05
2.261000e-01	1.302365e+05	-1.294578e-02	7.144809e-02	0.000000e+00	-4.218488e+03	1.344550e+05
2.272900e-01	1.358981e+05	-1.303091e-02	7.163656e-02	0.000000e+00	-3.088039e+03	1.389861e+05
2.284800e-01	1.249119e+05	-1.311627e-02	7.182125e-02	0.000000e+00	-3.703781e+03	1.286157e+05
2.296700e-01	1.225530e+05	-1.320184e-02	7.199650e-02	0.000000e+00	-3.137647e+03	1.256907e+05
2.308600e-01	1.163285e+05	-1.328762e-02	7.216567e-02	0.000000e+00	-5.619162e+03	1.219477e+05
2.320500e-01	1.365241e+05	-1.337360e-02	7.234473e-02	0.000000e+00	-4.545317e+03	1.410694e+05
2.332400e-01	1.155007e+05	-1.345980e-02	7.252320e-02	0.000000e+00	-2.902100e+03	1.184028e+05
2.344300e-01	1.470183e+05	-1.354620e-02	7.270911e-02	0.000000e+00	-5.934530e+03	1.529528e+05
2.356200e-01	1.405118e+05	-1.363285e-02	7.291273e-02	0.000000e+00	-3.069673e+03	1.435814e+05
2.368100e-01	1.428312e+05	-1.371974e-02	7.311338e-02	0.000000e+00	-2.018616e+03	1.448498e+05
2.380000e-01	1.254101e+05	-1.380686e-02	7.330334e-02	0.000000e+00	-4.045066e+03	1.294552e+05
2.391900e-01	1.189482e+05	-1.389420e-02	7.347639e-02	0.000000e+00	-2.914244e+03	1.218625e+05
2.403800e-01	1.376074e+05	-1.398173e-02	7.365807e-02	0.000000e+00	-4.846537e+03	1.424539e+05
2.415700e-01	1.280404e+05	-1.406950e-02	7.384619e-02	0.000000e+00	-4.803081e+03	1.328435e+05
2.427600e-01	1.223493e+05	-1.415749e-02	7.402351e-02	0.000000e+00	-2.685326e+03	1.250347e+05
2.439500e-01	1.358590e+05	-1.424568e-02	7.420636e-02	0.000000e+00	-2.734916e+03	1.385939e+05
2.451400e-01	1.360189e+05	-1.433410e-02	7.439890e-02	0.000000e+00	-4.761293e+03	1.407802e+05
2.463300e-01	1.320598e+05	-1.442275e-02	7.458874e-02	0.000000e+00	-2.364662e+03	1.344245e+05
2.475200e-01	1.443649e+05	-1.451162e-02	7.478450e-02	0.000000e+00	-2.946654e+03	1.473115e+05
2.487100e-01	1.337236e+05	-1.460074e-02	7.498143e-02	0.000000e+00	-4.297436e+03	1.380211e+05
2.499000e-01	1.420053e+05	-1.469008e-02	7.517669e-02	0.000000e+00	-3.665684e+03	1.456709e+05
2.510900e-01	1.423145e+05	-1.477966e-02	7.537803e-02	0.000000e+00	-3.121951e+03	1.454364e+05
2.522800e-01	1.372766e+05	-1.486948e-02	7.557603e-02	0.000000e+00	-4.091010e+03	1.413676e+05
2.534700e-01	1.416637e+05	-1.495953e-02	7.577357e-02	0.000000e+00	-1.824698e+03	1.434884e+05
2.546600e-01	1.251187e+05	-1.504982e-02	7.596249e-02	0.000000e+00	-2.293764e+03	1.274124e+05
2.558500e-01	1.319826e+05	-1.514032e-02	7.614456e-02	0.000000e+00	-4.198962e+03	1.361816e+05
2.570400e-01	1.371126e+05	-1.523104e-02	7.633513e-02	0.000000e+00	-5.162633e+03	1.422753e+05
2.582300e-01	1.450559e+05	-1.532200e-02	7.653495e-02	0.000000e+00	-3.675960e+03	1.487319e+05
2.594200e-01	1.512285e+05	-1.541319e-02	7.674477e-02	0.000000e+00	-4.251362e+03	1.554798e+05
2.606100e-01	1.496758e+05	-1.550465e-02	7.695786e-02	0.000000e+00	-3.809367e+03	1.534852e+05
2.618000e-01	1.446659e+05	-1.559635e-02	7.716630e-02	0.000000e+00	-3.191097e+03	1.478570e+05
2.629900e-01	1.351560e+05	-1.568830e-02	7.736446e-02	0.000000e+00	-4.836038e+03	1.399921e+05
2.641800e-01	1.250603e+05	-1.578048e-02	7.754873e-02	0.000000e+00	-3.255962e+03	1.283163e+05
2.653700e-01	1.363197e+05	-1.587287e-02	7.773384e-02	0.000000e+00	-4.417222e+03	1.407369e+05
2.665600e-01	1.472376e+05	-1.596549e-02	7.793464e-02	0.000000e+00	-3.835037e+03	1.510726e+05
2.677500e-01	1.380894e+05	-1.605835e-02	7.813670e-02	0.000000e+00	-6.193901e+03	1.442833e+05
2.689400e-01	1.431316e+05	-1.615145e-02	7.833585e-02	0.000000e+00	-3.456244e+03	1.465878e+05
2.701300e-01	1.375647e+05	-1.624479e-02	7.853463e-02	0.000000e+00	-5.533118e+03	1.430978e+05
2.713200e-01	1.518504e+05	-1.633837e-02	7.873958e-02	0.000000e+00	-6.574585e+03	1.584250e+05
2.725100e-01	1.579077e+05	-1.643219e-02	7.895894e-02	0.000000e+00	-3.653432e+03	1.615612e+05
2.737000e-01	1.467761e+05	-1.652629e-02	7.917471e-02	0.000000e+00	-6.884344e+03	1.536604e+05
2.748900e-01	1.338704e+05	-1.662063e-02	7.937345e-02	0.000000e+00	-7.056865e+03	1.409273e+05
2.760800e-01	1.416735e+05	-1.671520e-02	7.956858e-02	0.000000e+00	-4.351544e+03	1.460250e+05
2.772700e-01	1.437712e+05	-1.681000e-02	7.977072e-02	0.000000e+00	-3.071867e+03	1.468431e+05
2.784600e-01	1.341600e+05	-1.690505e-02	7.996755e-02	0.000000e+00	-3.029125e+03	1.371891e+05
2.796500e-01	1.416279e+05	-1.700033e-02	8.016285e-02	0.000000e+00	-2.796171e+03	1.444241e+05
2.808400e-01	1.389379e+05	-1.709584e-02	8.036154e-02	0.000000e+00	-3.519409e+03	1.424573e+05
2.820300e-01	1.364638e+05	-1.719159e-02	8.055657e-02	0.000000e+00	-4.629732e+03	1.410936e+05
2.832200e-01	1.416440e+05	-1.728756e-02	8.075351e-02	0.000000e+00	-3.132110e+03	1.447761e+05
2.844100e-01	1.429009e+05	-1.738378e-02	8.095502e-02	0.000000e+00	-2.593503e+03	1.454944e+05
2.856000e-01	1.382123e+05	-1.748024e-02	8.115409e-02	0.000000e+00	-4.059381e+03	1.422717e+05
2.867900e-01	1.375553e+05	-1.757693e-02	8.134938e-02	0.000000e+00	-5.013811e+03	1.425691e+05
2.879800e-01	1.357754e+05	-1.767385e-02	8.154294e-02	0.000000e+00	-3.846478e+03	1.396218e+05
2.891700e-01	1.309257e+05	-1.777100e-02	8.173181e-02	0.000000e+00	-6.790933e+03	1.377166e+05
2.903600e-01	1.483594e+05	-1.786837e-02	8.192959e-02	0.000000e+00	-2.425781e+03	1.507852e+05
2.915500e-01	1.513963e+05	-1.796599e-02	8.214187e-02	0.000000e+00	-3.759792e+03	1.551561e+05
2.927400e-01	1.466655e+05	-1.806387e-02	8.235294e-02	0.000000e+00	-2.626891e+03	1.492924e+05
2.939300e-01	1.305155e+05	-1.816199e-02	8.254923e-02	0.000000e+00	-6.137768e+02	1.311293e+05
2.951200e-01	1.382084e+05	-1.826033e-02	8.273954e-02	0.000000e+00	-2.265593e+02	1.384350e+05
2.963100e-01	1.331308e+05	-1.835891e-02	8.293169e-02	0.000000e+00	-3.734584e+03	1.368654e+05
2.975000e-01	1.462255e+05	-1.845771e-02	8.312952e-02	0.000000e+00	-6.012129e+03	1.522377e+05
2.986900e-01	1.590031e+05	-1.855676e-02	8.334567e-02	0.000000e+00	-2.836129e+03	1.618393e+05
2.998800e-01	1.425405e+05	-1.865607e-02	8.355921e-02	0.000000e+00	-5.553395e+03	1.480939e+05
3.010700e-01	1.522042e+05	-1.875563e-02	8.376794e-02	0.000000e+00	-6.655156e+03	1.588593e+05
3.022600e-01	1.525048e+05	-1.885544e-02	8.398372e-02	0.000000e+00	-6.240236e+03	1.587451e+05
3.034500e-01	1.287213e+05	-1.895551e-02	8.418288e-02	0.000000e+00	-5.642455e+03	1.343637e+05
3.046400e-01	1.466063e+05	-1.905580e-02	8.437786e-02	0.000000e+00	-4.067914e+03	1.506742e+05
3.058300e-01	1.472164e+05	-1.915633e-02	8.458593e-02	0.000000e+00	-3.936133e+03	1.511526e+05
3.070200e-01	1.591230e+05	-1.925711e-02	8.480287e-02	0.000000e+00	-4.801836e+03	1.639249e+05
3.082100e-01	1.448155e+05	-1.935816e-02	8.501811e-02	0.000000e+00	-2.638645e+03	1.474542e+05
3.094000e-01	1.572107e+05	-1.945946e-02	8.523199e-02	0.000000e+00	-3.664199e+03	1.608749e+05
3.105900e-01	1.552068e+05	-1.956101e-02	8.545324e-02	0.000000e+00	-5.896716e+03	1.611035e+05
3.117800e-01	1.515937e+05	-1.966283e-02	8.567050e-02	0.000000e+00	-2.384461e+03	1.539782e+05
3.129700e-01	1.452384e+05	-1.976491e-02	8.588071e-02	0.000000e+00	-2.158784e+03	1.473972e+05
3.141600e-01	1.453556e+05	-1.986723e-02	8.608650e-02	0.000000e+00	-2.695366e+03	1.480510e+05
3.153500e-01	1.624003e+05	-1.996980e-02	8.630444e-02	0.000000e+00	-5.478486e+03	1.678788e+05
3.165400e-01	1.480057e+05	-2.007263e-02	8.652426e-02	0.000000e+00	-4.640707e+03	1.526465e+05
3.177300e-01	1.474216e+05	-2.017572e-02	8.673347e-02	0.000000e+00	-3.238624e+03	1.506602e+05
3.189200e-01	1.350756e+05	-2.027906e-02	8.693352e-02	0.000000e+00	-2.750262e+03	1.378259e+05
3.201100e-01	1.378274e+05	-2.038262e-02	8.712678e-02	0.000000e+00	-3.027688e+03	1.408551e+05
3.213000e-01	1.564253e+05	-2.048642e-02	8.733516e-02	0.000000e+00	-2.780941e+03	1.592062e+05
3.224900e-01	1.635968e+05	-2.059048e-02	8.756179e-02	0.000000e+00	-2.598897e+03	1.661957e+05
3.236800e-01	1.445437e+05	-2.069482e-02	8.778000e-02	0.000000e+00	-3.591478e+03	1.481351e+05
3.248700e-01	1.450661e+05	-2.079940e-02	8.798510e-02	0.000000e+00	-3.488797e+03	1.485549e+05
3.260600e-01	1.559496e+05	-2.090422e-02	8.819826e-02	0.000000e+00	-2.502238e+03	1.584518e+05
3.272500e-01	1.585394e+05	-2.100931e-02	8.842097e-02	0.000000e+00	-2.954454e+03	1.614938e+05
3.284400e-01	1.559730e+05	-2.111467e-02	8.864370e-02	0.000000e+00	-2.774085e+03	1.587471e+05
3.296300e-01	1.412690e+05	-2.122028e-02	8.885420e-02	0.000000e+00	-6.107494e+03	1.473765e+05
3.308200e-01	1.516524e+05	-2.132614e-02	8.906163e-02	0.000000e+00	-3.231707e+03	1.548842e+05
3.320100e-01	1.462386e+05	-2.143225e-02	8.927259e-02	0.000000e+00	-4.367660e+03	1.506062e+05
3.332000e-01	1.517511e+05	-2.153861e-02	8.948362e-02	0.000000e+00	-3.976137e+03	1.557272e+05
3.343900e-01	1.553916e+05	-2.164522e-02	8.970112e-02	0.000000e+00	-3.241547e+03	1.586332e+05
3.355800e-01	1.491237e+05	-2.175210e-02	8.991677e-02	0.000000e+00	-5.018948e+03	1.541427e+05
3.367700e-01	1.525519e+05	-2.185922e-02	9.013041e-02	0.000000e+00	-3.911448e+03	1.564634e+05
3.379600e-01	1.456162e+05	-2.196661e-02	9.034156e-02	0.000000e+00	-3.830128e+03	1.494463e+05
3.391500e-01	1.540137e+05	-2.207424e-02	9.055375e-02	0.000000e+00	-3.698483e+03	1.577122e+05
3.403400e-01	1.632433e+05	-2.218212e-02	9.077842e-02	0.000000e+00	-2.899078e+03	1.661423e+05
3.415300e-01	1.517305e+05	-2.229029e-02	9.100147e-02	0.000000e+00	-3.815279e+03	1.555458e+05
3.427200e-01	1.497885e+05	-2.239871e-02	9.121499e-02	0.000000e+00	-9.388088e+02	1.507274e+05
3.439100e-01	1.461924e+05	-2.250738e-02	9.142460e-02	0.000000e+00	-2.648276e+03	1.488407e+05
3.451000e-01	1.372531e+05	-2.261630e-02	9.162532e-02	0.000000e+00	-3.123936e+03	1.403770e+05
3.462900e-01	1.534947e+05	-2.272545e-02	9.183122e-02	0.000000e+00	-3.813087e+03	1.573078e+05
3.474800e-01	1.659974e+05	-2.283486e-02	9.205747e-02	0.000000e+00	-3.458081e+03	1.694555e+05
3.486700e-01	1.549036e+05	-2.294454e-02	9.228473e-02	0.000000e+00	-4.692758e+03	1.595964e+05
3.498600e-01	1.532545e+05	-2.305449e-02	9.250295e-02	0.000000e+00	-5.885994e+03	1.591405e+05
3.510500e-01	1.368687e+05	-2.316470e-02	9.270841e-02	0.000000e+00	-2.507606e+03	1.393763e+05
3.522400e-01	1.518840e+05	-2.327514e-02	9.291289e-02	0.000000e+00	-2.252346e+03	1.541363e+05
3.534300e-01	1.729503e+05	-2.338583e-02	9.314293e-02	0.000000e+00	-4.027179e+03	1.769775e+05
3.546200e-01	1.405843e+05	-2.349682e-02	9.336496e-02	0.000000e+00	-5.921077e+03	1.465053e+05
3.558100e-01	1.396982e+05	-2.360804e-02	9.356345e-02	0.000000e+00	-4.907629e+03	1.446058e+05
3.570000e-01	1.670621e+05	-2.371950e-02	9.378068e-02	0.000000e+00	-3.070392e+03	1.701325e+05
3.581900e-01	1.933718e+05	-2.383124e-02	9.403593e-02	0.000000e+00	-3.498014e+03	1.968698e+05
3.593800e-01	1.758742e+05	-2.394331e-02	9.429742e-02	0.000000e+00	-2.238510e+03	1.781127e+05
3.605700e-01	1.653727e+05	-2.405567e-02	9.453908e-02	0.000000e+00	-2.822054e+03	1.681947e+05
3.617600e-01	1.473714e+05	-2.416831e-02	9.476055e-02	0.000000e+00	-1.919671e+03	1.492911e+05
3.629500e-01	1.507133e+05	-2.428120e-02	9.497164e-02	0.000000e+00	-4.146180e+03	1.548595e+05
3.641400e-01	1.583683e+05	-2.439434e-02	9.519053e-02	0.000000e+00	-2.712007e+03	1.610803e+05
3.653300e-01	1.762845e+05	-2.450775e-02	9.542751e-02	0.000000e+00	-1.958071e+03	1.782426e+05
3.665200e-01	1.560588e+05	-2.462146e-02	9.566287e-02	0.000000e+00	-5.527025e+03	1.615859e+05
3.677100e-01	1.585356e+05	-2.473543e-02	9.588565e-02	0.000000e+00	-4.041418e+03	1.625770e+05
3.689000e-01	1.554824e+05	-2.484967e-02	9.610803e-02	0.000000e+00	-3.328335e+03	1.588107e+05
3.700900e-01	1.554976e+05	-2.496417e-02	9.632825e-02	0.000000e+00	-3.157171e+03	1.586548e+05
3.712800e-01	1.599596e+05	-2.507893e-02	9.655165e-02	0.000000e+00	-4.214636e+03	1.641742e+05
3.724700e-01	1.561403e+05	-2.519396e-02	9.677550e-02	0.000000e+00	-2.665035e+03	1.588054e+05
3.736600e-01	1.618116e+05	-2.530925e-02	9.700066e-02	0.000000e+00	-4.138336e+03	1.659500e+05
3.748500e-01	1.641871e+05	-2.542482e-02	9.723152e-02	0.000000e+00	-5.968936e+03	1.701560e+05
3.760400e-01	1.757279e+05	-2.554067e-02	9.747224e-02	0.000000e+00	-3.028427e+03	1.787563e+05
3.772300e-01	1.643258e+05	-2.565681e-02	9.771305e-02	0.000000e+00	-3.232282e+03	1.675581e+05
3.784200e-01	1.699870e+05	-2.577322e-02	9.794980e-02	0.000000e+00	-3.266047e+03	1.732530e+05
3.796100e-01	1.662567e+05	-2.588993e-02	9.818792e-02	0.000000e+00	-5.141123e+03	1.713978e+05
3.808000e-01	1.511448e+05	-2.600691e-02	9.841269e-02	0.000000e+00	-3.691096e+03	1.548359e+05
3.819900e-01	1.673693e+05	-2.612415e-02	9.863825e-02	0.000000e+00	-3.910254e+03	1.712795e+05
3.831800e-01	1.573784e+05	-2.624167e-02	9.886823e-02	0.000000e+00	-5.519128e+03	1.628975e+05
3.843700e-01	1.664401e+05	-2.635945e-02	9.909754e-02	0.000000e+00	-5.480996e+03	1.719211e+05
3.855600e-01	1.451733e+05	-2.647752e-02	9.931822e-02	0.000000e+00	-3.104558e+03	1.482778e+05
3.867500e-01	1.594481e+05	-2.659583e-02	9.953394e-02	0.000000e+00	-3.005459e+03	1.624535e+05
3.879400e-01	1.617449e+05	-2.671441e-02	9.976140e-02	0.000000e+00	-4.700443e+03	1.664454e+05
3.891300e-01	1.645443e+05	-2.683326e-02	9.999246e-02	0.000000e+00	-3.574062e+03	1.681183e+05
3.903200e-01	1.664314e+05	-2.695239e-02	1.002268e-01	0.000000e+00	-3.748190e+03	1.701796e+05
3.915100e-01	1.589623e+05	-2.707180e-02	1.004573e-01	0.000000e+00	-1.344597e+03	1.603069e+05
3.927000e-01	1.637477e+05	-2.719148e-02	1.006858e-01	0.000000e+00	-2.595175e+03	1.663429e+05
3.938900e-01	1.674580e+05	-2.731144e-02	1.009204e-01	0.000000e+00	-2.293923e+03	1.697519e+05
3.950800e-01	1.495009e+05	-2.743167e-02	1.011448e-01	0.000000e+00	-1.940446e+03	1.514414e+05
3.962700e-01	1.774222e+05	-2.755216e-02	1.013763e-01	0.000000e+00	-2.583930e+03	1.800062e+05
3.974600e-01	1.609590e+05	-2.767295e-02	1.016160e-01	0.000000e+00	-1.969097e+03	1.629281e+05
3.986500e-01	1.550250e+05	-2.779401e-02	1.018397e-01	0.000000e+00	-1.387821e+03	1.564128e+05
3.998400e-01	1.839352e+05	-2.791533e-02	1.020798e-01	0.000000e+00	-2.668118e+03	1.866033e+05
4.010300e-01	1.737488e+05	-2.803696e-02	1.023331e-01	0.000000e+00	-1.917741e+03	1.756666e+05
4.022200e-01	1.783061e+05	-2.815888e-02	1.025824e-01	0.000000e+00	-4.306498e+03	1.826126e+05
4.034100e-01	1.448546e+05	-2.828110e-02	1.028112e-01	0.000000e+00	-1.667164e+03	1.465218e+05
4.046000e-01	1.414982e+05	-2.840357e-02	1.030140e-01	0.000000e+00	-3.514676e+03	1.450129e+05
4.057900e-01	1.536045e+05	-2.852628e-02	1.032230e-01	0.000000e+00	-3.015082e+03	1.566196e+05
4.069800e-01	1.614076e+05	-2.864924e-02	1.034461e-01	0.000000e+00	-1.663726e+03	1.630713e+05
4.081700e-01	1.510473e+05	-2.877248e-02	1.036674e-01	0.000000e+00	-2.224482e+03	1.532718e+05
4.093600e-01	1.745829e+05	-2.889597e-02	1.038980e-01	0.000000e+00	-2.489262e+03	1.770722e+05
4.105500e-01	1.657826e+05	-2.901976e-02	1.041390e-01	0.000000e+00	-4.139306e+03	1.699219e+05
4.117400e-01	1.520559e+05	-2.914382e-02	1.043641e-01	0.000000e+00	-2.405241e+03	1.544612e+05
4.129300e-01	1.578262e+05	-2.926814e-02	1.045835e-01	0.000000e+00	-4.302818e+03	1.621290e+05
4.141200e-01	1.456600e+05	-2.939273e-02	1.047984e-01	0.000000e+00	-4.821156e+03	1.504812e+05
4.153100e-01	1.572635e+05	-2.951756e-02	1.050130e-01	0.000000e+00	-4.067651e+03	1.613312e+05
4.165000e-01	1.526750e+05	-2.964266e-02	1.052324e-01	0.000000e+00	-4.266198e+03	1.569412e+05
4.176900e-01	1.635818e+05	-2.976802e-02	1.054564e-01	0.000000e+00	-5.579705e+03	1.691615e+05
4.188800e-01	1.589547e+05	-2.989365e-02	1.056848e-01	0.000000e+00	-4.603761e+03	1.635584e+05
4.200700e-01	1.595445e+05	-3.001954e-02	1.059104e-01	0.000000e+00	-2.297031e+03	1.618415e+05
4.212600e-01	1.707948e+05	-3.014571e-02	1.061443e-01	0.000000e+00	-3.949871e+03	1.747446e+05
4.224500e-01	1.754648e+05	-3.027217e-02	1.063895e-01	0.000000e+00	-2.608643e+03	1.780734e+05
4.236400e-01	1.733998e+05	-3.039892e-02	1.066366e-01	0.000000e+00	-3.885701e+03	1.772855e+05
4.248300e-01	1.775656e+05	-3.052596e-02	1.068851e-01	0.000000e+00	-3.836055e+03	1.814017e+05
4.260200e-01	1.793456e+05	-3.065331e-02	1.071379e-01	0.000000e+00	-3.906983e+03	1.832526e+05
4.272100e-01	1.829867e+05	-3.078095e-02	1.073944e-01	0.000000e+00	-1.428029e+03	1.844147e+05
4.284000e-01	1.850664e+05	-3.090891e-02	1.076551e-01	0.000000e+00	-2.826534e+03	1.878930e+05
4.295900e-01	1.714392e+05	-3.103717e-02	1.079076e-01	0.000000e+00	-2.976895e+03	1.744161e+05
4.307800e-01	1.709583e+05	-3.116573e-02	1.081500e-01	0.000000e+00	-2.983110e+03	1.739414e+05
4.319700e-01	1.734397e+05	-3.129457e-02	1.083939e-01	0.000000e+00	-2.651727e+03	1.760914e+05
4.331600e-01	1.756465e+05	-3.142370e-02	1.086411e-01	0.000000e+00	-5.681193e+03	1.813277e+05
4.343500e-01	1.658712e+05	-3.155313e-02	1.088830e-01	0.000000e+00	-4.308172e+03	1.701794e+05
4.355400e-01	1.746338e+05	-3.168284e-02	1.091241e-01	0.000000e+00	-5.508977e+03	1.801427e+05
4.367300e-01	1.747337e+05	-3.181285e-02	1.093715e-01	0.000000e+00	-3.111235e+03	1.778449e+05
4.379200e-01	1.699473e+05	-3.194315e-02	1.096156e-01	0.000000e+00	-2.122760e+03	1.720700e+05
4.391100e-01	1.764489e+05	-3.207373e-02	1.098609e-01	0.000000e+00	-2.050659e+03	1.784995e+05
4.403000e-01	1.785525e+05	-3.220462e-02	1.101123e-01	0.000000e+00	-1.200208e+03	1.797527e+05
4.414900e-01	1.615355e+05	-3.233580e-02	1.103532e-01	0.000000e+00	-3.961549e+03	1.654971e+05
4.426800e-01	1.510311e+05	-3.246726e-02	1.105745e-01	0.000000e+00	-5.690140e+03	1.567213e+05
4.438700e-01	1.575472e+05	-3.259897e-02	1.107930e-01	0.000000e+00	-3.972686e+03	1.615199e+05
4.450600e-01	1.744130e+05	-3.273095e-02	1.110281e-01	0.000000e+00	-5.940645e+03	1.803537e+05
4.462500e-01	1.679565e+05	-3.286322e-02	1.112706e-01	0.000000e+00	-3.460969e+03	1.714175e+05
4.474400e-01	1.693390e+05	-3.299577e-02	1.115094e-01	0.000000e+00	-2.699769e+03	1.720387e+05
4.486300e-01	1.671886e+05	-3.312861e-02	1.117477e-01	0.000000e+00	-5.950809e+03	1.731394e+05
4.498200e-01	1.707350e+05	-3.326173e-02	1.119870e-01	0.000000e+00	-4.755559e+03	1.754905e+05
4.510100e-01	1.617930e+05	-3.339514e-02	1.122225e-01	0.000000e+00	-2.553986e+03	1.643470e+05
4.522000e-01	1.673388e+05	-3.352882e-02	1.124556e-01	0.000000e+00	-2.767952e+03	1.701067e+05
4.533900e-01	1.740600e+05	-3.366278e-02	1.126974e-01	0.000000e+00	-2.006286e+03	1.760663e+05
4.545800e-01	1.649259e+05	-3.379704e-02	1.129374e-01	0.000000e+00	-4.641800e+03	1.695677e+05
4.557700e-01	1.672787e+05	-3.393157e-02	1.131727e-01	0.000000e+00	-4.562573e+03	1.718413e+05
4.569600e-01	1.579764e+05	-3.406639e-02	1.134030e-01	0.000000e+00	-1.975732e+03	1.599521e+05
4.581500e-01	1.525933e+05	-3.420147e-02	1.136230e-01	0.000000e+00	-4.571511e+03	1.571648e+05
4.593400e-01	1.782344e+05	-3.433681e-02	1.138572e-01	0.000000e+00	-3.235583e+03	1.814700e+05
4.605300e-01	1.740193e+05	-3.447245e-02	1.141067e-01	0.000000e+00	-2.364196e+03	1.763834e+05
4.617200e-01	1.617476e+05	-3.460839e-02	1.143445e-01	0.000000e+00	-4.061901e+03	1.658095e+05
4.629100e-01	1.659801e+05	-3.474459e-02	1.145766e-01	0.000000e+00	-4.724008e+03	1.707041e+05
4.641000e-01	1.550581e+05	-3.488108e-02	1.148039e-01	0.000000e+00	-4.464708e+03	1.595228e+05
4.652900e-01	1.641206e+05	-3.501783e-02	1.150299e-01	0.000000e+00	-7.333549e+03	1.714542e+05
4.664800e-01	1.922648e+05	-3.515485e-02	1.152823e-01	0.000000e+00	-5.357386e+03	1.976222e+05
4.676700e-01	1.879901e+05	-3.529220e-02	1.155516e-01	0.000000e+00	-2.427112e+03	1.904172e+05
4.688600e-01	1.703413e+05	-3.542986e-02	1.158054e-01	0.000000e+00	-4.286050e+03	1.746274e+05
4.700500e-01	1.692101e+05	-3.556781e-02	1.160458e-01	0.000000e+00	-1.661035e+03	1.708711e+05
4.712400e-01	1.511722e+05	-3.570605e-02	1.162727e-01	0.000000e+00	-4.436402e+03	1.556086e+05
4.724300e-01	1.705179e+05	-3.584454e-02	1.165005e-01	0.000000e+00	-2.951647e+03	1.734695e+05
4.736200e-01	1.628760e+05	-3.598332e-02	1.167366e-01	0.000000e+00	-2.442209e+03	1.653182e+05
4.748100e-01	1.943145e+05	-3.612238e-02	1.169896e-01	0.000000e+00	-3.908622e+03	1.982231e+05
4.760000e-01	1.862611e+05	-3.626176e-02	1.172591e-01	0.000000e+00	-3.317327e+03	1.895785e+05
4.771900e-01	1.725952e+05	-3.640145e-02	1.175132e-01	0.000000e+00	-2.529140e+03	1.751244e+05
4.783800e-01	1.716488e+05	-3.654144e-02	1.177570e-01	0.000000e+00	-3.080672e+03	1.747294e+05
4.795700e-01	1.713141e+05	-3.668171e-02	1.179999e-01	0.000000e+00	-1.651824e+03	1.729660e+05
4.807600e-01	1.849861e+05	-3.682228e-02	1.182522e-01	0.000000e+00	-3.333515e+03	1.883197e+05
4.819500e-01	1.772656e+05	-3.696315e-02	1.185087e-01	0.000000e+00	-4.045829e+03	1.813114e+05
4.831400e-01	1.579804e+05	-3.710433e-02	1.187461e-01	0.000000e+00	-2.966200e+03	1.609466e+05
4.843300e-01	1.915298e+05	-3.724577e-02	1.189936e-01	0.000000e+00	-4.435699e+03	1.959655e+05
4.855200e-01	1.736201e+05	-3.738753e-02	1.192522e-01	0.000000e+00	-3.877323e+03	1.774974e+05
4.867100e-01	1.648008e+05	-3.752959e-02	1.194919e-01	0.000000e+00	-1.902900e+03	1.667037e+05
4.879000e-01	1.703293e+05	-3.767192e-02	1.197292e-01	0.000000e+00	-2.679809e+03	1.730091e+05
4.890900e-01	1.881654e+05	-3.781455e-02	1.199831e-01	0.000000e+00	-3.029453e+03	1.911949e+05
4.902800e-01	1.935865e+05	-3.795748e-02	1.202534e-01	0.000000e+00	-3.499565e+03	1.970861e+05
4.914700e-01	2.005783e+05	-3.810075e-02	1.205325e-01	0.000000e+00	-1.024925e+03	2.016033e+05
4.926600e-01	1.680798e+05	-3.824435e-02	1.207936e-01	0.000000e+00	-3.600093e+03	1.716799e+05
4.938500e-01	1.911337e+05	-3.838824e-02	1.210480e-01	0.000000e+00	-2.152389e+03	1.932861e+05
4.950400e-01	1.867980e+05	-3.853245e-02	1.213156e-01	0.000000e+00	-1.480170e+03	1.882782e+05
4.962300e-01	1.890270e+05	-3.867697e-02	1.215818e-01	0.000000e+00	-2.693140e+03	1.917201e+05
4.974200e-01	1.747226e+05	-3.882181e-02	1.218394e-01	0.000000e+00	-4.895620e+03	1.796182e+05
4.986100e-01	1.817956e+05	-3.896695e-02	1.220919e-01	0.000000e+00	-3.804933e+03	1.856006e+05
4.998000e-01	1.737640e+05	-3.911239e-02	1.223436e-01	0.000000e+00	-1.250562e+03	1.750145e+05
5.009900e-01	1.645781e+05	-3.925812e-02	1.225832e-01	0.000000e+00	-3.141691e+03	1.677198e+05
5.021800e-01	1.799998e+05	-3.940414e-02	1.228273e-01	0.000000e+00	-1.267143e+03	1.812670e+05
5.033700e-01	1.794266e+05	-3.955045e-02	1.230818e-01	0.000000e+00	-2.784620e+03	1.822112e+05
5.045600e-01	1.861191e+05	-3.969707e-02	1.233407e-01	0.000000e+00	-6.991752e+02	1.868183e+05
5.057500e-01	1.938416e+05	-3.984400e-02	1.236097e-01	0.000000e+00	-1.114656e+03	1.949562e+05
5.069400e-01	1.619294e+05	-3.999126e-02	1.238617e-01	0.000000e+00	-3.909859e+03	1.658393e+05
5.081300e-01	1.656135e+05	-4.013880e-02	1.240936e-01	0.000000e+00	-1.227436e+03	1.668409e+05
5.093200e-01	1.863718e+05	-4.028661e-02	1.243429e-01	0.000000e+00	-3.125241e+03	1.894970e+05
5.105100e-01	1.810165e+05	-4.043473e-02	1.246031e-01	0.000000e+00	-3.267038e+03	1.842835e+05
5.117000e-01	1.732969e+05	-4.058316e-02	1.248540e-01	0.000000e+00	-1.730781e+03	1.750277e+05
5.128900e-01	1.867421e+05	-4.073188e-02	1.251090e-01	0.000000e+00	-1.956300e+03	1.886984e+05
5.140800e-01	1.882051e+05	-4.088092e-02	1.253745e-01	0.000000e+00	-1.112477e+03	1.893176e+05
5.152700e-01	1.776354e+05	-4.103027e-02	1.256336e-01	0.000000e+00	-2.906040e+03	1.805415e+05
5.164600e-01	1.645350e+05	-4.117993e-02	1.258759e-01	0.000000e+00	-4.111641e+03	1.686466e+05
5.176500e-01	1.745697e+05	-4.132986e-02	1.261160e-01	0.000000e+00	-5.604566e+03	1.801743e+05
5.188400e-01	1.830701e+05	-4.148008e-02	1.263693e-01	0.000000e+00	-1.818676e+03	1.848888e+05
5.200300e-01	1.653845e+05	-4.163062e-02	1.266160e-01	0.000000e+00	-1.954686e+03	1.673392e+05
5.212200e-01	1.564781e+05	-4.178143e-02	1.268440e-01	0.000000e+00	-1.094393e+03	1.575724e+05
5.224100e-01	1.692397e+05	-4.193251e-02	1.270746e-01	0.000000e+00	-2.596745e+02	1.694994e+05
5.236000e-01	1.542448e+05	-4.208387e-02	1.273037e-01	0.000000e+00	-3.484915e+03	1.577297e+05
5.247900e-01	1.661260e+05	-4.223549e-02	1.275306e-01	0.000000e+00	-5.607194e+03	1.717332e+05
5.259800e-01	1.761660e+05	-4.238739e-02	1.277730e-01	0.000000e+00	-4.623344e+03	1.807893e+05
5.271700e-01	1.625658e+05	-4.253959e-02	1.280129e-01	0.000000e+00	-2.378367e+03	1.649441e+05
5.283600e-01	1.875499e+05	-4.269206e-02	1.282608e-01	0.000000e+00	-1.850424e+03	1.894003e+05
5.295500e-01	1.766375e+05	-4.284485e-02	1.285187e-01	0.000000e+00	-7.390147e+02	1.773766e+05
5.307400e-01	1.791022e+05	-4.299794e-02	1.287706e-01	0.000000e+00	-1.313123e+03	1.804153e+05
5.319300e-01	1.749941e+05	-4.315132e-02	1.290214e-01	0.000000e+00	-1.162210e+03	1.761563e+05
5.331200e-01	1.809479e+05	-4.330501e-02	1.292735e-01	0.000000e+00	-3.973998e+03	1.849219e+05
5.343100e-01	1.935644e+05	-4.345900e-02	1.295387e-01	0.000000e+00	-1.591506e+03	1.951559e+05
5.355000e-01	1.841790e+05	-4.361331e-02	1.298062e-01	0.000000e+00	-4.243110e+03	1.884221e+05
5.366900e-01	1.864769e+05	-4.376793e-02	1.300687e-01	0.000000e+00	-1.130308e+03	1.876072e+05
5.378800e-01	1.711530e+05	-4.392287e-02	1.303219e-01	0.000000e+00	-2.691996e+03	1.738450e+05
5.390700e-01	1.951140e+05	-4.407810e-02	1.305813e-01	0.000000e+00	-2.231402e+03	1.973454e+05
5.402600e-01	1.808274e+05	-4.423366e-02	1.308475e-01	0.000000e+00	-2.429955e+03	1.832573e+05
5.414500e-01	1.783287e+05	-4.438952e-02	1.311019e-01	0.000000e+00	-1.100333e+03	1.794290e+05
5.426400e-01	1.794780e+05	-4.454568e-02	1.313553e-01	0.000000e+00	-3.268378e+03	1.827464e+05
5.438300e-01	1.874475e+05	-4.470214e-02	1.316151e-01	0.000000e+00	-2.235864e+03	1.896834e+05
5.450200e-01	1.698513e+05	-4.485892e-02	1.318681e-01	0.000000e+00	-3.344061e+03	1.731954e+05
5.462100e-01	1.590395e+05	-4.501599e-02	1.321010e-01	0.000000e+00	-2.373233e+03	1.614128e+05
5.474000e-01	1.835176e+05	-4.517332e-02	1.323436e-01	0.000000e+00	-8.365888e+02	1.843542e+05
5.485900e-01	1.827430e+05	-4.533097e-02	1.326030e-01	0.000000e+00	-3.887302e+03	1.866303e+05
5.497800e-01	1.751916e+05	-4.548892e-02	1.328565e-01	0.000000e+00	-3.919525e+03	1.791112e+05
5.509700e-01	1.853750e+05	-4.564717e-02	1.331118e-01	0.000000e+00	-2.005081e+03	1.873801e+05
5.521600e-01	1.866383e+05	-4.580572e-02	1.333753e-01	0.000000e+00	-3.021744e+03	1.896600e+05
5.533500e-01	1.843930e+05	-4.596460e-02	1.336380e-01	0.000000e+00	-3.717940e+03	1.881110e+05
5.545400e-01	1.809712e+05	-4.612378e-02	1.338967e-01	0.000000e+00	-1.415236e+03	1.823864e+05
5.557300e-01	1.887274e+05	-4.628327e-02	1.341586e-01	0.000000e+00	-1.774106e+03	1.905015e+05
5.569200e-01	2.016883e+05	-4.644308e-02	1.344350e-01	0.000000e+00	-1.935569e+03	2.036238e+05
5.581100e-01	1.945166e+05	-4.660323e-02	1.347156e-01	0.000000e+00	-2.247468e+03	1.967641e+05
5.593000e-01	1.939902e+05	-4.676370e-02	1.349907e-01	0.000000e+00	-3.734064e+03	1.977243e+05
5.604900e-01	1.666733e+05	-4.692451e-02	1.352461e-01	0.000000e+00	-2.022873e+03	1.686962e+05
5.616800e-01	1.717855e+05	-4.708559e-02	1.354858e-01	0.000000e+00	-8.612804e+02	1.726468e+05
5.628700e-01	1.849580e+05	-4.724696e-02	1.357385e-01	0.000000e+00	-1.426233e+03	1.863843e+05
5.640600e-01	1.745386e+05	-4.740865e-02	1.359930e-01	0.000000e+00	-1.325612e+03	1.758642e+05
5.652500e-01	1.669468e+05	-4.757063e-02	1.362349e-01	0.000000e+00	-1.668884e+03	1.686157e+05
5.664400e-01	1.750868e+05	-4.773289e-02	1.364771e-01	0.000000e+00	-2.822155e+03	1.779089e+05
5.676300e-01	1.781683e+05	-4.789544e-02	1.367273e-01	0.000000e+00	-3.054786e+03	1.812231e+05
5.688200e-01	1.927123e+05	-4.805830e-02	1.369899e-01	0.000000e+00	-1.016809e+03	1.937292e+05
5.700100e-01	1.545317e+05	-4.822148e-02	1.372358e-01	0.000000e+00	-4.200596e+03	1.587323e+05
5.712000e-01	1.838686e+05	-4.838492e-02	1.374754e-01	0.000000e+00	-2.329728e+03	1.861983e+05
5.723900e-01	1.809252e+05	-4.854867e-02	1.377338e-01	0.000000e+00	-2.858737e+03	1.837839e+05
5.735800e-01	1.886013e+05	-4.871272e-02	1.379955e-01	0.000000e+00	-5.076927e+03	1.936782e+05
5.747700e-01	1.900078e+05	-4.887710e-02	1.382636e-01	0.000000e+00	-1.507862e+03	1.915156e+05
5.759600e-01	1.891924e+05	-4.904179e-02	1.385321e-01	0.000000e+00	-3.000411e+03	1.921928e+05
5.771500e-01	1.966908e+05	-4.920680e-02	1.388054e-01	0.000000e+00	-2.184589e+03	1.988754e+05
5.783400e-01	2.002187e+05	-4.937215e-02	1.390865e-01	0.000000e+00	-3.295063e+03	2.035138e+05
5.795300e-01	1.992047e+05	-4.953783e-02	1.393693e-01	0.000000e+00	-1.826928e+03	2.010316e+05
5.807200e-01	1.832238e+05	-4.970385e-02	1.396401e-01	0.000000e+00	-4.378037e+03	1.876018e+05
5.819100e-01	1.862580e+05	-4.987017e-02	1.399018e-01	0.000000e+00	-2.707438e+03	1.889654e+05
5.831000e-01	1.671694e+05	-5.003681e-02	1.401521e-01	0.000000e+00	-7.270381e+02	1.678964e+05
5.842900e-01	1.649803e+05	-5.020374e-02	1.403873e-01	0.000000e+00	-6.414456e+02	1.656218e+05
5.854800e-01	1.783289e+05	-5.037094e-02	1.406304e-01	0.000000e+00	-1.248541e+03	1.795775e+05
5.866700e-01	1.729189e+05	-5.053844e-02	1.408792e-01	0.000000e+00	-2.728040e+03	1.756469e+05
5.878600e-01	1.944193e+05	-5.070623e-02	1.411393e-01	0.000000e+00	-1.426807e+03	1.958462e+05
5.890500e-01	2.030591e+05	-5.087435e-02	1.414208e-01	0.000000e+00	-3.515559e+03	2.065746e+05
5.902400e-01	1.850854e+05	-5.104281e-02	1.416957e-01	0.000000e+00	-1.935409e+03	1.870208e+05
5.914300e-01	1.887984e+05	-5.121158e-02	1.419604e-01	0.000000e+00	-1.901339e+03	1.906997e+05
5.926200e-01	1.736477e+05	-5.138068e-02	1.422171e-01	0.000000e+00	-1.739860e+03	1.753876e+05
5.938100e-01	1.834902e+05	-5.155006e-02	1.424700e-01	0.000000e+00	-2.157986e+03	1.856481e+05
5.950000e-01	1.850395e+05	-5.171975e-02	1.427310e-01	0.000000e+00	-3.847494e+03	1.888870e+05
5.961900e-01	1.883418e+05	-5.188976e-02	1.429954e-01	0.000000e+00	-4.792208e+03	1.931340e+05
5.973800e-01	1.748854e+05	-5.206008e-02	1.432526e-01	0.000000e+00	-2.243520e+03	1.771289e+05
5.985700e-01	1.768117e+05	-5.223070e-02	1.435017e-01	0.000000e+00	-2.274697e+03	1.790864e+05
5.997600e-01	1.973285e+05	-5.240162e-02	1.437666e-01	0.000000e+00	-4.355223e+03	2.016837e+05
6.009500e-01	1.909282e+05	-5.257287e-02	1.440416e-01	0.000000e+00	-1.514120e+03	1.924423e+05
6.021400e-01	1.807966e+05	-5.274444e-02	1.443048e-01	0.000000e+00	-1.965426e+03	1.827620e+05
6.033300e-01	1.846383e+05	-5.291631e-02	1.445636e-01	0.000000e+00	-1.580296e+03	1.862186e+05
6.045200e-01	1.800617e+05	-5.308850e-02	1.448219e-01	0.000000e+00	-2.084420e+03	1.821461e+05
6.057100e-01	1.734163e+05	-5.326099e-02	1.450722e-01	0.000000e+00	-1.745088e+03	1.751614e+05
6.069000e-01	1.911263e+05	-5.343377e-02	1.453304e-01	0.000000e+00	-1.186283e+03	1.923126e+05
6.080900e-01	1.878510e+05	-5.360687e-02	1.455987e-01	0.000000e+00	-2.385943e+03	1.902369e+05
6.092800e-01	2.087229e+05	-5.378029e-02	1.458796e-01	0.000000e+00	-3.653868e+03	2.123768e+05
6.104700e-01	1.925569e+05	-5.395407e-02	1.461638e-01	0.000000e+00	-1.925692e+03	1.944826e+05
6.116600e-01	1.762609e+05	-5.412816e-02	1.464249e-01	0.000000e+00	-5.078035e+02	1.767687e+05
6.128500e-01	1.734984e+05	-5.430256e-02	1.466726e-01	0.000000e+00	-4.806353e+03	1.783047e+05
6.140400e-01	1.813343e+05	-5.447724e-02	1.469239e-01	0.000000e+00	-1.147684e+03	1.824820e+05
6.152300e-01	1.608501e+05	-5.465224e-02	1.471662e-01	0.000000e+00	-2.595536e+03	1.634457e+05
6.164200e-01	1.594679e+05	-5.482750e-02	1.473931e-01	0.000000e+00	-2.140546e+03	1.616085e+05
6.176100e-01	1.726178e+05	-5.500303e-02	1.476282e-01	0.000000e+00	-3.167262e+03	1.757851e+05
6.188000e-01	1.996982e+05	-5.517886e-02	1.478919e-01	0.000000e+00	-1.295521e+03	2.009937e+05
6.199900e-01	1.774792e+05	-5.535502e-02	1.481590e-01	0.000000e+00	-1.988807e+03	1.794680e+05
6.211800e-01	1.873718e+05	-5.553147e-02	1.484174e-01	0.000000e+00	-3.365515e+02	1.877083e+05
6.223700e-01	1.705441e+05	-5.570825e-02	1.486708e-01	0.000000e+00	-3.922486e+03	1.744666e+05
6.235600e-01	1.830682e+05	-5.588531e-02	1.489213e-01	0.000000e+00	-3.024675e+03	1.860929e+05
6.247500e-01	1.818618e+05	-5.606268e-02	1.491797e-01	0.000000e+00	-1.848261e+03	1.837101e+05
6.259400e-01	1.958220e+05	-5.624036e-02	1.494471e-01	0.000000e+00	-4.383207e+03	2.002052e+05
6.271300e-01	1.760057e+05	-5.641837e-02	1.497105e-01	0.000000e+00	-1.746719e+03	1.777524e+05
6.283200e-01	1.929663e+05	-5.659667e-02	1.499718e-01	0.000000e+00	-2.257981e+03	1.952243e+05
6.295100e-01	1.775585e+05	-5.677530e-02	1.502341e-01	0.000000e+00	-3.864744e+03	1.814232e+05
6.307000e-01	1.680357e+05	-5.695423e-02	1.504789e-01	0.000000e+00	-5.887618e+03	1.739233e+05
6.318900e-01	1.778646e+05	-5.713344e-02	1.507238e-01	0.000000e+00	-1.165409e+03	1.790300e+05
6.330800e-01	1.898654e+05	-5.731295e-02	1.509843e-01	0.000000e+00	-2.216724e+03	1.920821e+05
6.342700e-01	1.710628e+05	-5.749278e-02	1.512399e-01	0.000000e+00	-2.550993e+03	1.736138e+05
6.354600e-01	1.771257e+05	-5.767290e-02	1.514864e-01	0.000000e+00	-2.479778e+03	1.796055e+05
6.366500e-01	1.750763e+05	-5.785332e-02	1.517358e-01	0.000000e+00	-2.953735e+03	1.780300e+05
6.378400e-01	1.872922e+05	-5.803403e-02	1.519925e-01	0.000000e+00	-4.801311e+03	1.920935e+05
6.390300e-01	1.961789e+05	-5.821506e-02	1.522640e-01	0.000000e+00	-1.747162e+03	1.979260e+05
6.402200e-01	1.926180e+05	-5.839642e-02	1.525394e-01	0.000000e+00	-3.830476e+03	1.964485e+05
6.414100e-01	1.884895e+05	-5.857810e-02	1.528092e-01	0.000000e+00	-2.652744e+03	1.911423e+05
6.426000e-01	1.770168e+05	-5.876011e-02	1.530681e-01	0.000000e+00	-2.203069e+03	1.792199e+05
6.437900e-01	1.881060e+05	-5.894241e-02	1.533266e-01	0.000000e+00	-3.307979e+03	1.914140e+05
6.449800e-01	1.947608e+05	-5.912502e-02	1.535978e-01	0.000000e+00	-3.880482e+03	1.986413e+05
6.461700e-01	1.925098e+05	-5.930797e-02	1.538720e-01	0.000000e+00	-2.733081e+03	1.952429e+05
6.473600e-01	1.782227e+05	-5.949124e-02	1.541346e-01	0.000000e+00	-2.809572e+03	1.810323e+05
6.485500e-01	1.881299e+05	-5.967481e-02	1.543940e-01	0.000000e+00	-2.842835e+03	1.909727e+05
6.497400e-01	1.689107e+05	-5.985870e-02	1.546469e-01	0.000000e+00	-1.531719e+03	1.704424e+05
6.509300e-01	1.861375e+05	-6.004287e-02	1.548983e-01	0.000000e+00	-1.982380e+03	1.881198e+05
6.521200e-01	1.674455e+05	-6.022735e-02	1.551487e-01	0.000000e+00	-4.253362e+03	1.716989e+05
6.533100e-01	1.783766e+05	-6.041212e-02	1.553936e-01	0.000000e+00	-1.388481e+03	1.797651e+05
6.545000e-01	1.729422e+05	-6.059719e-02	1.556424e-01	0.000000e+00	-2.192258e+03	1.751344e+05
6.556900e-01	1.724690e+05	-6.078255e-02	1.558870e-01	0.000000e+00	-2.434002e+03	1.749030e+05
6.568800e-01	1.772032e+05	-6.096820e-02	1.561346e-01	0.000000e+00	-1.807185e+03	1.790104e+05
6.580700e-01	1.825547e+05	-6.115415e-02	1.563894e-01	0.000000e+00	-2.131672e+03	1.846864e+05
6.592600e-01	2.034663e+05	-6.134041e-02	1.566627e-01	0.000000e+00	-1.728505e+03	2.051948e+05
6.604500e-01	1.957611e+05	-6.152701e-02	1.569455e-01	0.000000e+00	-1.108265e+03	1.968693e+05
6.616400e-01	1.888979e+05	-6.171394e-02	1.572179e-01	0.000000e+00	-3.542927e+03	1.924408e+05
6.628300e-01	1.763019e+05	-6.190119e-02	1.574765e-01	0.000000e+00	-3.365686e+03	1.796676e+05
6.640200e-01	1.940970e+05	-6.208873e-02	1.577388e-01	0.000000e+00	-5.675917e+03	1.997729e+05
6.652100e-01	1.878100e+05	-6.227661e-02	1.580092e-01	0.000000e+00	-4.183380e+03	1.919934e+05
6.664000e-01	1.650032e+05	-6.246479e-02	1.582591e-01	0.000000e+00	-1.818709e+03	1.668219e+05
6.675900e-01	1.851593e+05	-6.265326e-02	1.585071e-01	0.000000e+00	-2.601187e+03	1.877605e+05
6.687800e-01	1.915377e+05	-6.284204e-02	1.587738e-01	0.000000e+00	-2.734726e+03	1.942724e+05
6.699700e-01	1.934386e+05	-6.303114e-02	1.590464e-01	0.000000e+00	-1.419119e+03	1.948577e+05
6.711600e-01	1.924435e+05	-6.322057e-02	1.593197e-01	0.000000e+00	-7.087708e+02	1.931522e+05
6.723500e-01	1.810886e+05	-6.341032e-02	1.595842e-01	0.000000e+00	-1.699452e+03	1.827881e+05
6.735400e-01	1.584473e+05	-6.360038e-02	1.598247e-01	0.000000e+00	-1.272576e+03	1.597199e+05
6.747300e-01	1.842847e+05	-6.379071e-02	1.600674e-01	0.000000e+00	-1.640040e+03	1.859248e+05
6.759200e-01	1.965479e+05	-6.398134e-02	1.603371e-01	0.000000e+00	-2.045011e+03	1.985929e+05
6.771100e-01	1.896735e+05	-6.417231e-02	1.606106e-01	0.000000e+00	-1.041556e+03	1.907150e+05
6.783000e-01	1.939312e+05	-6.436360e-02	1.608823e-01	0.000000e+00	-3.720164e+03	1.976514e+05
6.794900e-01	1.830386e+05	-6.455521e-02	1.611492e-01	0.000000e+00	-2.442970e+03	1.854815e+05
6.806800e-01	1.768861e+05	-6.474713e-02	1.614041e-01	0.000000e+00	-3.809714e+03	1.806958e+05
6.818700e-01	1.907711e+05	-6.493935e-02	1.616645e-01	0.000000e+00	-2.135075e+03	1.929062e+05
6.830600e-01	1.871730e+05	-6.513189e-02	1.619321e-01	0.000000e+00	-2.042182e+03	1.892152e+05
6.842500e-01	1.883843e+05	-6.532475e-02	1.621981e-01	0.000000e+00	-2.563563e+02	1.886406e+05
6.854400e-01	2.115472e+05	-6.551792e-02	1.624813e-01	0.000000e+00	-1.455949e+03	2.130032e+05
6.866300e-01	1.816200e+05	-6.571146e-02	1.627597e-01	0.000000e+00	-1.120171e+03	1.827402e+05
6.878200e-01	1.835107e+05	-6.590529e-02	1.630183e-01	0.000000e+00	-2.661007e+03	1.861717e+05
6.890100e-01	1.831926e+05	-6.609944e-02	1.632780e-01	0.000000e+00	-1.007603e+03	1.842002e+05
6.902000e-01	1.985036e+05	-6.629389e-02	1.635483e-01	0.000000e+00	-1.090750e+03	1.995943e+05
6.913900e-01	1.867721e+05	-6.648868e-02	1.638211e-01	0.000000e+00	-1.252504e+03	1.880246e+05
6.925800e-01	1.868243e+05	-6.668379e-02	1.640857e-01	0.000000e+00	-3.395280e+03	1.902196e+05
6.937700e-01	1.866274e+05	-6.687921e-02	1.643501e-01	0.000000e+00	-2.438486e+03	1.890659e+05
6.949600e-01	1.763686e+05	-6.707494e-02	1.646072e-01	0.000000e+00	-4.506570e+03	1.808752e+05
6.961500e-01	1.760396e+05	-6.727097e-02	1.648568e-01	0.000000e+00	-3.703720e+03	1.797433e+05
6.973400e-01	1.826136e+05	-6.746730e-02	1.651107e-01	0.000000e+00	-1.964520e+03	1.845781e+05
6.985300e-01	2.082722e+05	-6.766394e-02	1.653876e-01	0.000000e+00	-2.226058e+03	2.104983e+05
6.997200e-01	2.056759e+05	-6.786092e-02	1.656807e-01	0.000000e+00	-1.888313e+03	2.075642e+05
7.009100e-01	1.816297e+05	-6.805826e-02	1.659550e-01	0.000000e+00	-8.856920e+02	1.825154e+05
7.021000e-01	1.702416e+05	-6.825590e-02	1.662042e-01	0.000000e+00	-1.985764e+03	1.722273e+05
7.032900e-01	1.818751e+05	-6.845382e-02	1.664535e-01	0.000000e+00	-4.597322e+03	1.864724e+05
7.044800e-01	1.864868e+05	-6.865206e-02	1.667144e-01	0.000000e+00	-6.100632e+03	1.925874e+05
7.056700e-01	1.938760e+05	-6.885060e-02	1.669837e-01	0.000000e+00	-4.312448e+03	1.981885e+05
7.068600e-01	1.922394e+05	-6.904948e-02	1.672572e-01	0.000000e+00	-1.342974e+03	1.935824e+05
7.080500e-01	1.835568e+05	-6.924867e-02	1.675233e-01	0.000000e+00	-1.434087e+03	1.849909e+05
7.092400e-01	1.736516e+05	-6.944818e-02	1.677763e-01	0.000000e+00	-4.034602e+03	1.776862e+05
7.104300e-01	1.586005e+05	-6.964798e-02	1.680116e-01	0.000000e+00	-4.075628e+03	1.626761e+05
7.116200e-01	1.700537e+05	-6.984805e-02	1.682443e-01	0.000000e+00	-3.554427e+03	1.736081e+05
7.128100e-01	1.583888e+05	-7.004840e-02	1.684769e-01	0.000000e+00	-5.656340e+03	1.640451e+05
7.140000e-01	1.609037e+05	-7.024902e-02	1.687030e-01	0.000000e+00	-3.424422e+03	1.643282e+05
7.151900e-01	1.813488e+05	-7.044992e-02	1.689454e-01	0.000000e+00	-8.647809e+02	1.822136e+05
7.163800e-01	1.902403e+05	-7.065111e-02	1.692085e-01	0.000000e+00	-1.077919e+03	1.913183e+05
7.175700e-01	1.861841e+05	-7.085263e-02	1.694751e-01	0.000000e+00	-3.665898e+03	1.898500e+05
7.187600e-01	1.772588e+05	-7.105446e-02	1.697325e-01	0.000000e+00	-3.761262e+03	1.810201e+05
7.199500e-01	1.812542e+05	-7.125660e-02	1.699863e-01	0.000000e+00	-1.818564e+03	1.830728e+05
7.211400e-01	2.030306e+05	-7.145903e-02	1.702585e-01	0.000000e+00	-1.269952e+03	2.043006e+05
7.223300e-01	1.990281e+05	-7.166181e-02	1.705432e-01	0.000000e+00	-3.255035e+03	2.022831e+05
7.235200e-01	1.770186e+05	-7.186493e-02	1.708095e-01	0.000000e+00	-3.520360e+03	1.805389e+05
7.247100e-01	1.923087e+05	-7.206834e-02	1.710711e-01	0.000000e+00	-2.018660e+03	1.943273e+05
7.259000e-01	1.773855e+05	-7.227207e-02	1.713329e-01	0.000000e+00	-2.164167e+03	1.795496e+05
7.270900e-01	1.747166e+05	-7.247611e-02	1.715822e-01	0.000000e+00	-6.372862e+02	1.753539e+05
7.282800e-01	1.862872e+05	-7.268044e-02	1.718379e-01	0.000000e+00	-2.944034e+03	1.892312e+05
7.294700e-01	1.884807e+05	-7.288508e-02	1.721033e-01	0.000000e+00	-4.761025e+03	1.932417e+05
7.306600e-01	1.740259e+05	-7.309005e-02	1.723600e-01	0.000000e+00	-1.683636e+03	1.757095e+05
7.318500e-01	1.806494e+05	-7.329530e-02	1.726111e-01	0.000000e+00	-1.590948e+03	1.822403e+05
7.330400e-01	1.907097e+05	-7.350086e-02	1.728741e-01	0.000000e+00	-1.575191e+03	1.922849e+05
7.342300e-01	2.002081e+05	-7.370674e-02	1.731510e-01	0.000000e+00	-1.711025e+03	2.019191e+05
7.354200e-01	1.904765e+05	-7.391296e-02	1.734276e-01	0.000000e+00	-1.212873e+03	1.916894e+05
7.366100e-01	1.788280e+05	-7.411950e-02	1.736892e-01	0.000000e+00	-1.797958e+02	1.790078e+05
7.378000e-01	1.720406e+05	-7.432634e-02	1.739376e-01	0.000000e+00	-6.901374e+02	1.727308e+05
7.389900e-01	1.993808e+05	-7.453347e-02	1.742007e-01	0.000000e+00	-1.684244e+03	2.010651e+05
7.401800e-01	1.951334e+05	-7.474094e-02	1.744800e-01	0.000000e+00	-2.560390e+03	1.976938e+05
7.413700e-01	1.860937e+05	-7.494873e-02	1.747500e-01	0.000000e+00	-4.118623e+03	1.902123e+05
7.425600e-01	1.824198e+05	-7.515684e-02	1.750110e-01	0.000000e+00	-1.579490e+03	1.839993e+05
7.437500e-01	2.070473e+05	-7.536526e-02	1.752868e-01	0.000000e+00	-1.486565e+03	2.085339e+05
7.449400e-01	1.956939e+05	-7.557402e-02	1.755720e-01	0.000000e+00	-1.716959e+03	1.974109e+05
7.461300e-01	1.768936e+05	-7.578312e-02	1.758358e-01	0.000000e+00	-2.699527e+03	1.795932e+05
7.473200e-01	1.964326e+05	-7.599251e-02	1.761002e-01	0.000000e+00	-4.828233e+03	2.012608e+05
7.485100e-01	1.997800e+05	-7.620224e-02	1.763808e-01	0.000000e+00	-4.064336e+03	2.038444e+05
7.497000e-01	1.834919e+05	-7.641230e-02	1.766522e-01	0.000000e+00	-3.667061e+03	1.871590e+05
7.508900e-01	1.956039e+05	-7.662267e-02	1.769207e-01	0.000000e+00	-3.811798e+03	1.994157e+05
7.520800e-01	2.055681e+05	-7.683337e-02	1.772048e-01	0.000000e+00	-3.695569e+03	2.092637e+05
7.532700e-01	1.891532e+05	-7.704442e-02	1.774843e-01	0.000000e+00	-3.535005e+03	1.926882e+05
7.544600e-01	1.926081e+05	-7.725578e-02	1.777547e-01	0.000000e+00	-2.247604e+03	1.948557e+05
7.556500e-01	1.811653e+05	-7.746747e-02	1.780193e-01	0.000000e+00	-1.518711e+03	1.826840e+05
7.568400e-01	1.864757e+05	-7.767947e-02	1.782797e-01	0.000000e+00	-2.289915e+03	1.887657e+05
7.580300e-01	1.872466e+05	-7.789178e-02	1.785444e-01	0.000000e+00	-1.362495e+03	1.886091e+05
7.592200e-01	1.998303e+05	-7.810441e-02	1.788185e-01	0.000000e+00	-1.783084e+03	2.016134e+05
7.604100e-01	1.932884e+05	-7.831737e-02	1.790969e-01	0.000000e+00	-2.521198e+03	1.958096e+05
7.616000e-01	1.846479e+05	-7.853066e-02	1.793645e-01	0.000000e+00	-9.491937e+02	1.855971e+05
7.627900e-01	1.797136e+05	-7.874426e-02	1.796225e-01	0.000000e+00	-1.930096e+03	1.816437e+05
7.639800e-01	1.847887e+05	-7.895816e-02	1.798807e-01	0.000000e+00	-9.702599e+02	1.857590e+05
7.651700e-01	1.823779e+05	-7.917237e-02	1.801407e-01	0.000000e+00	-6.863758e+02	1.830643e+05
7.663600e-01	1.928647e+05	-7.938689e-02	1.804064e-01	0.000000e+00	-1.308395e+03	1.941731e+05
7.675500e-01	1.836014e+05	-7.960174e-02	1.806730e-01	0.000000e+00	-9.182035e+02	1.845196e+05
7.687400e-01	1.763375e+05	-7.981689e-02	1.809279e-01	0.000000e+00	-1.709261e+03	1.780468e+05
7.699300e-01	1.840942e+05	-8.003235e-02	1.811831e-01	0.000000e+00	-2.570244e+03	1.866644e+05
7.711200e-01	1.744153e+05	-8.024811e-02	1.814370e-01	0.000000e+00	-1.760608e+03	1.761759e+05
7.723100e-01	1.705059e+05	-8.046417e-02	1.816813e-01	0.000000e+00	-2.655919e+03	1.731618e+05
7.735000e-01	1.857309e+05	-8.068051e-02	1.819336e-01	0.000000e+00	-1.917691e+03	1.876486e+05
7.746900e-01	1.958344e+05	-8.089717e-02	1.822038e-01	0.000000e+00	-2.146532e+03	1.979809e+05
7.758800e-01	1.838761e+05	-8.111416e-02	1.824727e-01	0.000000e+00	-2.030333e+03	1.859065e+05
7.770700e-01	1.898013e+05	-8.133145e-02	1.827373e-01	0.000000e+00	-7.678161e+02	1.905691e+05
7.782600e-01	1.984781e+05	-8.154907e-02	1.830123e-01	0.000000e+00	-2.138454e+03	2.006165e+05
7.794500e-01	1.850022e+05	-8.176702e-02	1.832838e-01	0.000000e+00	-2.397598e+03	1.873998e+05
7.806400e-01	1.875977e+05	-8.198529e-02	1.835477e-01	0.000000e+00	-4.113698e+03	1.917114e+05
7.818300e-01	1.925556e+05	-8.220387e-02	1.838169e-01	0.000000e+00	-2.069025e+03	1.946246e+05
7.830200e-01	1.991551e+05	-8.242277e-02	1.840943e-01	0.000000e+00	-1.713648e+03	2.008687e+05
7.842100e-01	1.906452e+05	-8.264201e-02	1.843703e-01	0.000000e+00	-1.462583e+03	1.921078e+05
7.854000e-01	1.953451e+05	-8.286157e-02	1.846437e-01	0.000000e+00	-2.388364e+03	1.977334e+05
7.865900e-01	1.829160e+05	-8.308146e-02	1.849116e-01	0.000000e+00	-2.638104e+03	1.855541e+05
7.877800e-01	1.810157e+05	-8.330166e-02	1.851693e-01	0.000000e+00	-3.859031e+03	1.848747e+05
7.889700e-01	1.888113e+05	-8.352217e-02	1.854312e-01	0.000000e+00	-1.021723e+03	1.898330e+05
7.901600e-01	1.672506e+05	-8.374299e-02	1.856833e-01	0.000000e+00	-3.232276e+03	1.704828e+05
7.913500e-01	1.772501e+05	-8.396409e-02	1.859273e-01	0.000000e+00	-1.397537e+03	1.786476e+05
7.925400e-01	1.729304e+05	-8.418550e-02	1.861753e-01	0.000000e+00	-1.998262e+03	1.749287e+05
7.937300e-01	1.744319e+05	-8.440719e-02	1.864213e-01	0.000000e+00	-3.883018e+03	1.783149e+05
7.949200e-01	1.918152e+05	-8.462918e-02	1.866806e-01	0.000000e+00	-1.048107e+03	1.928633e+05
7.961100e-01	1.901418e+05	-8.485149e-02	1.869511e-01	0.000000e+00	-1.350242e+03	1.914920e+05
7.973000e-01	2.045520e+05	-8.507412e-02	1.872306e-01	0.000000e+00	-3.082519e+01	2.045828e+05
7.984900e-01	1.837545e+05	-8.529710e-02	1.875056e-01	0.000000e+00	-2.225272e+03	1.859798e+05
7.996800e-01	1.935771e+05	-8.552039e-02	1.877728e-01	0.000000e+00	-3.018859e+03	1.965959e+05
8.008700e-01	2.072626e+05	-8.574400e-02	1.880567e-01	0.000000e+00	-3.251205e+03	2.105138e+05
8.020600e-01	1.826029e+05	-8.596796e-02	1.883328e-01	0.000000e+00	-1.905179e+03	1.845080e+05
8.032500e-01	1.847660e+05	-8.619223e-02	1.885929e-01	0.000000e+00	-1.719699e+03	1.864857e+05
8.044400e-01	1.859832e+05	-8.641681e-02	1.888555e-01	0.000000e+00	-1.616677e+03	1.875999e+05
8.056300e-01	1.891493e+05	-8.664171e-02	1.891211e-01	0.000000e+00	-1.014744e+03	1.901641e+05
8.068200e-01	1.771627e+05	-8.686692e-02	1.893806e-01	0.000000e+00	-2.007914e+03	1.791706e+05
8.080100e-01	2.031968e+05	-8.709243e-02	1.896499e-01	0.000000e+00	-1.459753e+03	2.046565e+05
8.092000e-01	1.928294e+05	-8.731829e-02	1.899304e-01	0.000000e+00	-8.560893e+02	1.936855e+05
8.103900e-01	1.730534e+05	-8.754447e-02	1.901895e-01	0.000000e+00	-1.019972e+03	1.740734e+05
8.115800e-01	1.837509e+05	-8.777094e-02	1.904421e-01	0.000000e+00	-1.385171e+03	1.851361e+05
8.127700e-01	1.905342e+05	-8.799772e-02	1.907072e-01	0.000000e+00	-2.136780e+03	1.926710e+05
8.139600e-01	1.972366e+05	-8.822482e-02	1.909818e-01	0.000000e+00	-1.592769e+03	1.988294e+05
8.151500e-01	1.984519e+05	-8.845226e-02	1.912620e-01	0.000000e+00	-3.077118e+02	1.987597e+05
8.163400e-01	1.977524e+05	-8.868002e-02	1.915426e-01	0.000000e+00	-2.624218e+03	2.003766e+05
8.175300e-01	1.828236e+05	-8.890813e-02	1.918121e-01	0.000000e+00	-1.269751e+03	1.840934e+05
8.187200e-01	2.010355e+05	-8.913654e-02	1.920839e-01	0.000000e+00	-1.428452e+02	2.011783e+05
8.199100e-01	1.957987e+05	-8.936529e-02	1.923650e-01	0.000000e+00	-6.974909e+02	1.964962e+05
8.211000e-01	1.838157e+05	-8.959437e-02	1.926338e-01	0.000000e+00	-2.040096e+02	1.840197e+05
8.222900e-01	1.854213e+05	-8.982375e-02	1.928953e-01	0.000000e+00	-1.476663e+03	1.868979e+05
8.234800e-01	1.883630e+05	-9.005346e-02	1.931600e-01	0.000000e+00	-4.374029e+02	1.888004e+05
8.246700e-01	1.887979e+05	-9.028348e-02	1.934271e-01	0.000000e+00	-4.029332e+02	1.892009e+05
8.258600e-01	1.972847e+05	-9.051381e-02	1.937005e-01	0.000000e+00	-1.974230e+03	1.992589e+05
8.270500e-01	1.969933e+05	-9.074448e-02	1.939797e-01	0.000000e+00	-1.899951e+03	1.988933e+05
8.282400e-01	1.813778e+05	-9.097548e-02	1.942476e-01	0.000000e+00	-1.229437e+03	1.826073e+05
8.294300e-01	1.819913e+05	-9.120679e-02	1.945050e-01	0.000000e+00	-2.522628e+03	1.845139e+05
8.306200e-01	1.946281e+05	-9.143841e-02	1.947717e-01	0.000000e+00	-3.521528e+03	1.981496e+05
8.318100e-01	1.991248e+05	-9.167035e-02	1.950505e-01	0.000000e+00	-2.483401e+03	2.016082e+05
8.330000e-01	2.053863e+05	-9.190263e-02	1.953370e-01	0.000000e+00	-2.653371e+03	2.080397e+05
8.341900e-01	2.048924e+05	-9.213525e-02	1.956275e-01	0.000000e+00	-1.362513e+03	2.062549e+05
8.353800e-01	2.029259e+05	-9.236822e-02	1.959163e-01	0.000000e+00	-8.174974e+02	2.037434e+05
8.365700e-01	2.034034e+05	-9.260153e-02	1.962041e-01	0.000000e+00	-2.080419e+03	2.054838e+05
8.377600e-01	1.855410e+05	-9.283519e-02	1.964795e-01	0.000000e+00	-2.545239e+03	1.880863e+05
8.389500e-01	1.987978e+05	-9.306915e-02	1.967517e-01	0.000000e+00	-3.420670e+03	2.022185e+05
8.401400e-01	1.848339e+05	-9.330345e-02	1.970234e-01	0.000000e+00	-3.222631e+03	1.880565e+05
8.413300e-01	1.963140e+05	-9.353807e-02	1.972933e-01	0.000000e+00	-2.313612e+03	1.986277e+05
8.425200e-01	1.936785e+05	-9.377301e-02	1.975695e-01	0.000000e+00	-2.606120e+03	1.962846e+05
8.437100e-01	1.941542e+05	-9.400828e-02	1.978441e-01	0.000000e+00	-2.739476e+03	1.968937e+05
8.449000e-01	1.820792e+05	-9.424388e-02	1.981105e-01	0.000000e+00	-2.031473e+03	1.841107e+05
8.460900e-01	1.947480e+05	-9.447979e-02	1.983774e-01	0.000000e+00	-3.011384e+03	1.977594e+05
8.472800e-01	2.023524e+05	-9.471602e-02	1.986586e-01	0.000000e+00	-1.718818e+03	2.040713e+05
8.484700e-01	1.790807e+05	-9.495259e-02	1.989287e-01	0.000000e+00	-1.988076e+03	1.810688e+05
8.496600e-01	1.758166e+05	-9.518947e-02	1.991801e-01	0.000000e+00	-6.615315e+02	1.764781e+05
8.508500e-01	1.702310e+05	-9.542664e-02	1.994251e-01	0.000000e+00	-2.043893e+03	1.722749e+05
8.520400e-01	1.872662e+05	-9.566410e-02	1.996783e-01	0.000000e+00	-1.553610e+03	1.888198e+05
8.532300e-01	2.039029e+05	-9.590188e-02	1.999553e-01	0.000000e+00	-6.563906e+02	2.045593e+05
8.544200e-01	1.877753e+05	-9.614000e-02	2.002327e-01	0.000000e+00	-8.686464e+02	1.886439e+05
8.556100e-01	1.926546e+05	-9.637843e-02	2.005021e-01	0.000000e+00	-1.854968e+03	1.945095e+05
8.568000e-01	1.878097e+05	-9.661719e-02	2.007715e-01	0.000000e+00	-5.868530e+02	1.883966e+05
8.579900e-01	1.903599e+05	-9.685627e-02	2.010393e-01	0.000000e+00	-2.534832e+02	1.906134e+05
8.591800e-01	1.900510e+05	-9.709566e-02	2.013087e-01	0.000000e+00	-7.559150e+02	1.908069e+05
8.603700e-01	1.849938e+05	-9.733538e-02	2.015743e-01	0.000000e+00	-2.325295e+03	1.873191e+05
8.615600e-01	1.834695e+05	-9.757541e-02	2.018352e-01	0.000000e+00	-1.669244e+03	1.851388e+05
8.627500e-01	1.777102e+05	-9.781575e-02	2.020910e-01	0.000000e+00	-9.226833e+02	1.786329e+05
8.639400e-01	1.934231e+05	-9.805639e-02	2.023538e-01	0.000000e+00	-2.246641e+03	1.956698e+05
8.651300e-01	2.020491e+05	-9.829735e-02	2.026339e-01	0.000000e+00	-1.768504e+03	2.038176e+05
8.663200e-01	1.891177e+05	-9.853866e-02	2.029109e-01	0.000000e+00	-3.626164e+03	1.927439e+05
8.675100e-01	1.851510e+05	-9.878028e-02	2.031759e-01	0.000000e+00	-1.053609e+03	1.862046e+05
8.687000e-01	2.009382e+05	-9.902221e-02	2.034494e-01	0.000000e+00	-1.033326e+03	2.019715e+05
8.698900e-01	1.846833e+05	-9.926449e-02	2.037224e-01	0.000000e+00	-1.480295e+03	1.861636e+05
8.710800e-01	1.740848e+05	-9.950707e-02	2.039765e-01	0.000000e+00	-7.653834e+02	1.748502e+05
8.722700e-01	1.827187e+05	-9.974995e-02	2.042292e-01	0.000000e+00	-1.948560e+02	1.829135e+05
8.734600e-01	1.735891e+05	-9.999314e-02	2.044815e-01	0.000000e+00	-2.548983e+03	1.761381e+05
8.746500e-01	1.977461e+05	-1.002366e-01	2.047445e-01	0.000000e+00	-2.962067e+03	2.007082e+05
8.758400e-01	1.825775e+05	-1.004804e-01	2.050138e-01	0.000000e+00	-2.756332e+03	1.853338e+05
8.770300e-01	1.684619e+05	-1.007246e-01	2.052624e-01	0.000000e+00	-2.074240e+03	1.705361e+05
8.782200e-01	1.839409e+05	-1.009690e-01	2.055120e-01	0.000000e+00	-1.033377e+03	1.849743e+05
8.794100e-01	1.920146e+05	-1.012137e-01	2.057782e-01	0.000000e+00	-1.035188e+03	1.930498e+05
8.806000e-01	1.957849e+05	-1.014587e-01	2.060528e-01	0.000000e+00	-1.630262e+03	1.974152e+05
8.817900e-01	1.922839e+05	-1.017041e-01	2.063276e-01	0.000000e+00	-3.912422e+03	1.961964e+05
8.829800e-01	2.077023e+05	-1.019498e-01	2.066109e-01	0.000000e+00	-1.637941e+03	2.093402e+05
8.841700e-01	2.050482e+05	-1.021958e-01	2.069032e-01	0.000000e+00	-1.222736e+03	2.062709e+05
8.853600e-01	1.959269e+05	-1.024422e-01	2.071871e-01	0.000000e+00	-1.794231e+03	1.977211e+05
8.865500e-01	1.874890e+05	-1.026889e-01	2.074587e-01	0.000000e+00	-7.267774e+02	1.882158e+05
8.877400e-01	2.044785e+05	-1.029359e-01	2.077362e-01	0.000000e+00	-1.425950e+03	2.059044e+05
8.889300e-01	1.993807e+05	-1.031833e-01	2.080222e-01	0.000000e+00	-1.128081e+03	2.005088e+05
8.901200e-01	2.112062e+05	-1.034310e-01	2.083130e-01	0.000000e+00	-8.073131e+02	2.120135e+05
8.913100e-01	2.035294e+05	-1.036791e-01	2.086067e-01	0.000000e+00	0.000000e+00	2.035294e+05
8.925000e-01	1.934015e+05	-1.039275e-01	2.088878e-01	0.000000e+00	-1.166853e+03	1.945683e+05
8.936900e-01	1.815408e+05	-1.041763e-01	2.091533e-01	0.000000e+00	-1.508004e+03	1.830488e+05
8.948800e-01	1.787770e+05	-1.044253e-01	2.094085e-01	0.000000e+00	-2.935687e+03	1.817127e+05
8.960700e-01	1.876199e+05	-1.046747e-01	2.096680e-01	0.000000e+00	-1.850263e+03	1.894702e+05
8.972600e-01	1.959334e+05	-1.049243e-01	2.099396e-01	0.000000e+00	-2.102272e+03	1.980357e+05
8.984500e-01	1.988789e+05	-1.051743e-01	2.102192e-01	0.000000e+00	-1.457881e+03	2.003368e+05
8.996400e-01	1.908309e+05	-1.054246e-01	2.104951e-01	0.000000e+00	-2.224966e+03	1.930559e+05
9.008300e-01	2.011027e+05	-1.056753e-01	2.107727e-01	0.000000e+00	-2.402492e+02	2.013429e+05
9.020200e-01	1.842689e+05	-1.059263e-01	2.110456e-01	0.000000e+00	-7.995391e+02	1.850685e+05
9.032100e-01	1.994916e+05	-1.061776e-01	2.113174e-01	0.000000e+00	-1.655712e+03	2.011473e+05
9.044000e-01	1.938024e+05	-1.064292e-01	2.115959e-01	0.000000e+00	-2.138615e+03	1.959410e+05
9.055900e-01	1.881186e+05	-1.066812e-01	2.118663e-01	0.000000e+00	-3.285530e+03	1.914041e+05
9.067800e-01	1.942406e+05	-1.069335e-01	2.121371e-01	0.000000e+00	-2.072657e+03	1.963133e+05
9.079700e-01	2.025363e+05	-1.071861e-01	2.124181e-01	0.000000e+00	-9.118394e+01	2.026275e+05
9.091600e-01	1.881930e+05	-1.074390e-01	2.126948e-01	0.000000e+00	0.000000e+00	1.881930e+05
9.103500e-01	1.887965e+05	-1.076923e-01	2.129618e-01	0.000000e+00	0.000000e+00	1.887965e+05
9.115400e-01	1.818017e+05	-1.079459e-01	2.132242e-01	0.000000e+00	-3.743724e+02	1.821761e+05
9.127300e-01	2.039241e+05	-1.081998e-01	2.134974e-01	0.000000e+00	-2.059126e+03	2.059833e+05
9.139200e-01	1.776554e+05	-1.084540e-01	2.137676e-01	0.000000e+00	-8.751005e+01	1.777429e+05
9.151100e-01	1.807407e+05	-1.087085e-01	2.140214e-01	0.000000e+00	-1.656207e+03	1.823969e+05
9.163000e-01	1.996633e+05	-1.089634e-01	2.142908e-01	0.000000e+00	-8.648016e+02	2.005281e+05
9.174900e-01	1.849257e+05	-1.092185e-01	2.145631e-01	0.000000e+00	-2.959428e+02	1.852216e+05
9.186800e-01	1.911566e+05	-1.094740e-01	2.148295e-01	0.000000e+00	-2.269842e+03	1.934264e+05
9.198700e-01	1.919965e+05	-1.097298e-01	2.151008e-01	0.000000e+00	-8.339662e+02	1.928304e+05
9.210600e-01	1.924913e+05	-1.099860e-01	2.153731e-01	0.000000e+00	-1.657660e+03	1.941489e+05
9.222500e-01	1.927566e+05	-1.102424e-01	2.156459e-01	0.000000e+00	-1.228255e+03	1.939848e+05
9.234400e-01	1.892386e+05	-1.104992e-01	2.159164e-01	0.000000e+00	-1.277360e+03	1.905159e+05
9.246300e-01	2.051325e+05	-1.107563e-01	2.161957e-01	0.000000e+00	-5.702681e+02	2.057028e+05
9.258200e-01	1.737413e+05	-1.110137e-01	2.164640e-01	0.000000e+00	-2.803720e+03	1.765450e+05
9.270100e-01	1.721141e+05	-1.112715e-01	2.167089e-01	0.000000e+00	-3.194854e+03	1.753089e+05
9.282000e-01	1.829729e+05	-1.115295e-01	2.169604e-01	0.000000e+00	-9.941838e+02	1.839671e+05
9.293900e-01	2.115128e+05	-1.117878e-01	2.172398e-01	0.000000e+00	0.000000e+00	2.115128e+05
9.305800e-01	1.950678e+05	-1.120465e-01	2.175277e-01	0.000000e+00	-3.395882e+02	1.954074e+05
9.317700e-01	1.800846e+05	-1.123056e-01	2.177933e-01	0.000000e+00	-2.042292e+03	1.821269e+05
9.329600e-01	1.977520e+05	-1.125649e-01	2.180609e-01	0.000000e+00	-2.609027e+03	2.003610e+05
9.341500e-01	1.805516e+05	-1.128245e-01	2.183288e-01	0.000000e+00	-3.179510e+02	1.808695e+05
9.353400e-01	1.753660e+05	-1.130845e-01	2.185809e-01	0.000000e+00	-2.506485e+03	1.778725e+05
9.365300e-01	1.814590e+05	-1.133448e-01	2.188336e-01	0.000000e+00	-2.858166e+03	1.843172e+05
9.377200e-01	1.991760e+05	-1.136053e-01	2.191031e-01	0.000000e+00	-1.297440e+03	2.004734e+05
9.389100e-01	1.902833e+05	-1.138662e-01	2.193789e-01	0.000000e+00	-1.298554e+03	1.915819e+05
9.401000e-01	1.843809e+05	-1.141275e-01	2.196442e-01	0.000000e+00	-9.716377e+02	1.853525e+05
9.412900e-01	1.810601e+05	-1.143890e-01	2.199030e-01	0.000000e+00	-1.768532e+03	1.828286e+05
9.424800e-01	1.878215e+05	-1.146508e-01	2.201643e-01	0.000000e+00	-1.163630e+03	1.889852e+05
9.436700e-01	1.833515e+05	-1.149130e-01	2.204271e-01	0.000000e+00	-2.577903e+03	1.859294e+05
9.448600e-01	2.068261e+05	-1.151754e-01	2.207034e-01	0.000000e+00	-4.168606e+02	2.072430e+05
9.460500e-01	1.832290e+05	-1.154383e-01	2.209796e-01	0.000000e+00	-2.669299e+02	1.834959e+05
9.472400e-01	1.798322e+05	-1.157014e-01	2.212367e-01	0.000000e+00	-1.985050e+03	1.818173e+05
9.484300e-01	1.723839e+05	-1.159648e-01	2.214862e-01	0.000000e+00	-2.700867e+03	1.750848e+05
9.496200e-01	1.972305e+05	-1.162285e-01	2.217479e-01	0.000000e+00	-7.447901e+02	1.979752e+05
9.508100e-01	1.911523e+05	-1.164926e-01	2.220230e-01	0.000000e+00	-3.141457e+02	1.914664e+05
9.520000e-01	1.891537e+05	-1.167569e-01	2.222923e-01	0.000000e+00	-1.063563e+03	1.902172e+05
9.531900e-01	2.119346e+05	-1.170216e-01	2.225763e-01	0.000000e+00	-4.876804e+02	2.124223e+05
9.543800e-01	2.001616e+05	-1.172867e-01	2.228682e-01	0.000000e+00	-1.048750e+03	2.012104e+05
9.555700e-01	1.882504e+05	-1.175520e-01	2.231432e-01	0.000000e+00	-8.052142e+02	1.890556e+05
9.567600e-01	1.929451e+05	-1.178177e-01	2.234132e-01	0.000000e+00	-1.922716e+03	1.948678e+05
9.579500e-01	2.054956e+05	-1.180838e-01	2.236953e-01	0.000000e+00	-1.288302e+03	2.067839e+05
9.591400e-01	1.867880e+05	-1.183501e-01	2.239731e-01	0.000000e+00	-1.136008e+03	1.879240e+05
9.603300e-01	1.827420e+05	-1.186168e-01	2.242348e-01	0.000000e+00	-1.458337e+03	1.842003e+05
9.615200e-01	1.866672e+05	-1.188838e-01	2.244964e-01	0.000000e+00	-2.107286e+03	1.887745e+05
9.627100e-01	1.856817e+05	-1.191511e-01	2.247601e-01	0.000000e+00	-2.023469e+03	1.877052e+05
9.639000e-01	1.769573e+05	-1.194187e-01	2.250169e-01	0.000000e+00	-2.293869e+03	1.792512e+05
9.650900e-01	1.732077e+05	-1.196867e-01	2.252649e-01	0.000000e+00	-2.245107e+03	1.754528e+05
9.662800e-01	2.095209e+05	-1.199549e-01	2.255359e-01	0.000000e+00	-7.773258e+02	2.102983e+05
9.674700e-01	1.958351e+05	-1.202234e-01	2.258230e-01	0.000000e+00	-1.407871e+03	1.972430e+05
9.686600e-01	1.867009e+05	-1.204923e-01	2.260939e-01	0.000000e+00	-8.134775e+02	1.875144e+05
9.698500e-01	1.890996e+05	-1.207615e-01	2.263600e-01	0.000000e+00	0.000000e+00	1.890996e+05
9.710400e-01	1.952304e+05	-1.210311e-01	2.266322e-01	0.000000e+00	-1.123357e+03	1.963538e+05
9.722300e-01	2.011649e+05	-1.213009e-01	2.269129e-01	0.000000e+00	-2.389029e+03	2.035539e+05
9.734200e-01	1.775067e+05	-1.215711e-01	2.271810e-01	0.000000e+00	-2.119039e+03	1.796258e+05
9.746100e-01	1.819536e+05	-1.218416e-01	2.274356e-01	0.000000e+00	-1.781212e+03	1.837348e+05
9.758000e-01	1.922555e+05	-1.221124e-01	2.277006e-01	0.000000e+00	-1.831061e+03	1.940865e+05
9.769900e-01	1.854967e+05	-1.223835e-01	2.279681e-01	0.000000e+00	-7.071463e+02	1.862038e+05
9.781800e-01	2.022744e+05	-1.226550e-01	2.282427e-01	0.000000e+00	-1.454780e+03	2.037291e+05
9.793700e-01	1.973918e+05	-1.229268e-01	2.285258e-01	0.000000e+00	-2.409846e+03	1.998017e+05
9.805600e-01	1.760208e+05	-1.231989e-01	2.287902e-01	0.000000e+00	-4.702439e+02	1.764910e+05
9.817500e-01	1.867637e+05	-1.234713e-01	2.290471e-01	0.000000e+00	-5.212403e+02	1.872849e+05
9.829400e-01	1.882930e+05	-1.237440e-01	2.293127e-01	0.000000e+00	-2.709541e+03	1.910026e+05
9.841300e-01	1.953582e+05	-1.240170e-01	2.295844e-01	0.000000e+00	-9.708990e+02	1.963291e+05
9.853200e-01	1.851114e+05	-1.242904e-01	2.298538e-01	0.000000e+00	-7.386041e+02	1.858500e+05
9.865100e-01	1.862847e+05	-1.245641e-01	2.301168e-01	0.000000e+00	-1.017320e+02	1.863864e+05
9.877000e-01	1.858524e+05	-1.248381e-01	2.303804e-01	0.000000e+00	-6.060723e+02	1.864585e+05
9.888900e-01	2.066591e+05	-1.251124e-01	2.306583e-01	0.000000e+00	-2.342638e+02	2.068934e+05
9.900800e-01	1.934237e+05	-1.253871e-01	2.309417e-01	0.000000e+00	-1.127262e+03	1.945510e+05
9.912700e-01	1.915482e+05	-1.256620e-01	2.312143e-01	0.000000e+00	-1.393746e+03	1.929419e+05
9.924600e-01	2.140114e+05	-1.259373e-01	2.315015e-01	0.000000e+00	-1.463075e+03	2.154744e+05
9.936500e-01	2.156859e+05	-1.262130e-01	2.318058e-01	0.000000e+00	-9.866994e+02	2.166726e+05
9.948400e-01	1.671645e+05	-1.264890e-01	2.320769e-01	0.000000e+00	-2.292947e+03	1.694574e+05
9.960300e-01	1.901055e+05	-1.267654e-01	2.323299e-01	0.000000e+00	-2.992952e+02	1.904048e+05
9.972200e-01	2.040064e+05	-1.270420e-01	2.326090e-01	0.000000e+00	0.000000e+00	2.040064e+05
9.984100e-01	2.124529e+05	-1.273190e-01	2.329039e-01	0.000000e+00	0.000000e+00	2.124529e+05
9.996000e-01	2.014501e+05	-1.275963e-01	2.331970e-01	0.000000e+00	0.000000e+00	2.014501e+05
1.000790e+00	1.883953e+05	-1.278740e-01	2.334731e-01	0.000000e+00	-1.194086e+02	1.885147e+05
1.001980e+00	2.036797e+05	-1.281520e-01	2.337508e-01	0.000000e+00	-7.209275e+02	2.044007e+05
1.003170e+00	1.861879e+05	-1.284303e-01	2.340269e-01	0.000000e+00	0.000000e+00	1.861879e+05
1.004360e+00	1.879262e+05	-1.287090e-01	2.342918e-01	0.000000e+00	-6.245395e+02	1.885507e+05
1.005550e+00	1.841235e+05	-1.289879e-01	2.345553e-01	0.000000e+00	-1.224506e+03	1.853480e+05
1.006740e+00	1.964185e+05	-1.292672e-01	2.348247e-01	0.000000e+00	-6.719628e+02	1.970904e+05
1.007930e+00	1.723776e+05	-1.295468e-01	2.350859e-01	0.000000e+00	-9.494089e+02	1.733270e+05
1.009120e+00	1.770081e+05	-1.298267e-01	2.353333e-01	0.000000e+00	-1.534524e+03	1.785426e+05
1.010310e+00	1.857659e+05	-1.301069e-01	2.355902e-01	0.000000e+00	-2.079549e+03	1.878455e+05
1.011500e+00	1.717955e+05	-1.303874e-01	2.358435e-01	0.000000e+00	-2.901781e+03	1.746972e+05
1.012690e+00	1.939883e+05	-1.306682e-01	2.361025e-01	0.000000e+00	-1.778435e+03	1.957667e+05
1.013880e+00	2.004784e+05	-1.309493e-01	2.363818e-01	0.000000e+00	0.000000e+00	2.004784e+05
1.015070e+00	1.769291e+05	-1.312308e-01	2.366491e-01	0.000000e+00	0.000000e+00	1.769291e+05
1.016260e+00	1.718841e+05	-1.315126e-01	2.368961e-01	0.000000e+00	-1.784319e+02	1.720625e+05
1.017450e+00	1.855887e+05	-1.317946e-01	2.371493e-01	0.000000e+00	-3.378715e+03	1.889674e+05
1.018640e+00	1.952110e+05	-1.320770e-01	2.374189e-01	0.000000e+00	-3.193142e+03	1.984042e+05
1.019830e+00	1.789594e+05	-1.323597e-01	2.376839e-01	0.000000e+00	-1.145054e+03	1.801044e+05
1.021020e+00	1.760163e+05	-1.326427e-01	2.379353e-01	0.000000e+00	-2.365077e+03	1.783813e+05
1.022210e+00	1.794890e+05	-1.329259e-01	2.381871e-01	0.000000e+00	-1.911037e+03	1.814001e+05
1.023400e+00	1.953631e+05	-1.332095e-01	2.384525e-01	0.000000e+00	-1.273920e+03	1.966370e+05
1.024590e+00	1.809738e+05	-1.334935e-01	2.387190e-01	0.000000e+00	-6.334156e+02	1.816072e+05
1.025780e+00	1.950804e+05	-1.337777e-01	2.389853e-01	0.000000e+00	-7.853652e+02	1.958657e+05
1.026970e+00	1.915808e+05	-1.340622e-01	2.392591e-01	0.000000e+00	-2.618914e+02	1.918427e+05
1.028160e+00	1.985315e+05	-1.343471e-01	2.395354e-01	0.000000e+00	0.000000e+00	1.985315e+05
1.029350e+00	1.842294e+05	-1.346323e-01	2.398065e-01	0.000000e+00	-2.424691e+02	1.844719e+05
1.030540e+00	1.943659e+05	-1.349179e-01	2.400746e-01	0.000000e+00	-5.978671e+02	1.949638e+05
1.031730e+00	1.849451e+05	-1.352037e-01	2.403432e-01	0.000000e+00	0.000000e+00	1.849451e+05
1.032920e+00	1.934595e+05	-1.354899e-01	2.406112e-01	0.000000e+00	0.000000e+00	1.934595e+05
1.034110e+00	1.817767e+05	-1.357764e-01	2.408769e-01	0.000000e+00	-3.984302e+02	1.821751e+05
1.035300e+00	1.685772e+05	-1.360632e-01	2.411250e-01	0.000000e+00	-8.428888e+02	1.694201e+05
1.036490e+00	2.028158e+05	-1.363503e-01	2.413880e-01	0.000000e+00	-4.396430e+02	2.032554e+05
1.037680e+00	1.971530e+05	-1.366377e-01	2.416713e-01	0.000000e+00	-8.400464e+02	1.979931e+05
1.038870e+00	1.836734e+05	-1.369254e-01	2.419409e-01	0.000000e+00	-9.997354e+01	1.837733e+05
1.040060e+00	2.018450e+05	-1.372135e-01	2.422139e-01	0.000000e+00	-1.155065e+03	2.030001e+05
1.041250e+00	1.930192e+05	-1.375019e-01	2.424936e-01	0.000000e+00	-4.256333e+02	1.934449e+05
1.042440e+00	1.890477e+05	-1.377906e-01	2.427641e-01	0.000000e+00	-6.385215e+02	1.896862e+05
1.043630e+00	1.859997e+05	-1.380797e-01	2.430297e-01	0.000000e+00	-2.018146e+02	1.862015e+05
1.044820e+00	1.981092e+05	-1.383690e-01	2.433018e-01	0.000000e+00	0.000000e+00	1.981092e+05
1.046010e+00	1.877105e+05	-1.386587e-01	2.435750e-01	0.000000e+00	0.000000e+00	1.877105e+05
1.047200e+00	2.003450e+05	-1.389487e-01	2.438498e-01	0.000000e+00	-5.096664e+02	2.008547e+05
1.048390e+00	2.021059e+05	-1.392391e-01	2.441348e-01	0.000000e+00	-4.992159e+02	2.026051e+05
1.049580e+00	1.982119e+05	-1.395298e-01	2.444183e-01	0.000000e+00	-6.717899e+02	1.988837e+05
1.050770e+00	2.019947e+05	-1.398208e-01	2.447017e-01	0.000000e+00	-5.155546e+02	2.025103e+05
1.051960e+00	2.008555e+05	-1.401122e-01	2.449870e-01	0.000000e+00	-1.609121e+03	2.024646e+05
1.053150e+00	2.113731e+05	-1.404039e-01	2.452789e-01	0.000000e+00	-8.420627e+02	2.122151e+05
1.054340e+00	2.070261e+05	-1.406959e-01	2.455752e-01	0.000000e+00	-1.854074e+03	2.088802e+05
1.055530e+00	1.984887e+05	-1.409884e-01	2.458624e-01	0.000000e+00	-2.212053e+02	1.987099e+05
1.056720e+00	1.999124e+05	-1.412811e-01	2.461445e-01	0.000000e+00	-8.538382e+02	2.007663e+05
1.057910e+00	1.799639e+05	-1.415742e-01	2.464135e-01	0.000000e+00	-9.797985e+02	1.809437e+05
1.059100e+00	1.886843e+05	-1.418676e-01	2.466746e-01	0.000000e+00	-1.264598e+03	1.899489e+05
1.060290e+00	1.720690e+05	-1.421613e-01	2.469300e-01	0.000000e+00	-1.103446e+03	1.731724e+05
1.061480e+00	1.851931e+05	-1.424553e-01	2.471830e-01	0.000000e+00	-9.459913e+02	1.861391e+05
1.062670e+00	2.019381e+05	-1.427496e-01	2.474572e-01	0.000000e+00	-2.231275e+03	2.041694e+05
1.063860e+00	2.070964e+05	-1.430442e-01	2.477469e-01	0.000000e+00	-1.840781e+02	2.072805e+05
1.065050e+00	1.979451e+05	-1.433392e-01	2.480337e-01	0.000000e+00	0.000000e+00	1.979451e+05
1.066240e+00	1.978570e+05	-1.436345e-01	2.483140e-01	0.000000e+00	-3.316083e+02	1.981886e+05
1.067430e+00	1.953089e+05	-1.439302e-01	2.485924e-01	0.000000e+00	-9.967947e+02	1.963057e+05
1.068620e+00	1.938250e+05	-1.442262e-01	2.488680e-01	0.000000e+00	-3.522693e+02	1.941772e+05
1.069810e+00	1.734692e+05	-1.445225e-01	2.491281e-01	0.000000e+00	0.000000e+00	1.734692e+05
1.071000e+00	1.752580e+05	-1.448191e-01	2.493751e-01	0.000000e+00	0.000000e+00	1.752580e+05
1.072190e+00	1.727208e+05	-1.451160e-01	2.496215e-01	0.000000e+00	-2.891908e+02	1.730100e+05
1.073380e+00	1.978436e+05	-1.454132e-01	2.498839e-01	0.000000e+00	-9.878082e+02	1.988314e+05
1.074570e+00	1.847683e+05	-1.457107e-01	2.501549e-01	0.000000e+00	-1.725442e+03	1.864938e+05
1.075760e+00	1.934996e+05	-1.460086e-01	2.504227e-01	0.000000e+00	-1.029923e+03	1.945295e+05
1.076950e+00	1.880883e+05	-1.463067e-01	2.506930e-01	0.000000e+00	-1.693167e+02	1.882576e+05
1.078140e+00	1.881785e+05	-1.466052e-01	2.509594e-01	0.000000e+00	-6.397813e+02	1.888183e+05
1.079330e+00	1.789550e+05	-1.469040e-01	2.512194e-01	0.000000e+00	-2.380292e+03	1.813353e+05
1.080520e+00	1.865386e+05	-1.472031e-01	2.514782e-01	0.000000e+00	-5.820752e+02	1.871206e+05
1.081710e+00	2.094038e+05	-1.475025e-01	2.517586e-01	0.000000e+00	-9.439877e+02	2.103478e+05
1.082900e+00	1.859633e+05	-1.478023e-01	2.520386e-01	0.000000e+00	-8.955149e+02	1.868588e+05
1.084090e+00	1.914085e+05	-1.481024e-01	2.523059e-01	0.000000e+00	-1.274938e+03	1.926835e+05
1.085280e+00	2.000206e+05	-1.484028e-01	2.525831e-01	0.000000e+00	-1.852240e+03	2.018728e+05
1.086470e+00	1.872827e+05	-1.487035e-01	2.528573e-01	0.000000e+00	-6.748682e+02	1.879576e+05
1.087660e+00	1.775648e+05	-1.490046e-01	2.531157e-01	0.000000e+00	-6.895632e+02	1.782543e+05
1.088850e+00	1.870256e+05	-1.493059e-01	2.533739e-01	0.000000e+00	-1.523986e+03	1.885496e+05
1.090040e+00	1.959397e+05	-1.496076e-01	2.536451e-01	0.000000e+00	-1.783020e+03	1.977227e+05
1.091230e+00	1.824111e+05	-1.499096e-01	2.539130e-01	0.000000e+00	-1.885784e+03	1.842969e+05
1.092420e+00	1.953773e+05	-1.502119e-01	2.541806e-01	0.000000e+00	0.000000e+00	1.953773e+05
1.093610e+00	1.831526e+05	-1.505146e-01	2.544486e-01	0.000000e+00	0.000000e+00	1.831526e+05
1.094800e+00	1.874724e+05	-1.508175e-01	2.547111e-01	0.000000e+00	0.000000e+00	1.874724e+05
1.095990e+00	1.887874e+05	-1.511208e-01	2.549775e-01	0.000000e+00	-3.183899e+02	1.891058e+05
1.097180e+00	1.996493e+05	-1.514244e-01	2.552526e-01	0.000000e+00	-5.219463e+02	2.001712e+05
1.098370e+00	1.910271e+05	-1.517283e-01	2.555293e-01	0.000000e+00	0.000000e+00	1.910271e+05
1.099560e+00	1.921511e+05	-1.520325e-01	2.558006e-01	0.000000e+00	0.000000e+00	1.921511e+05
1.100750e+00	1.989107e+05	-1.523371e-01	2.560776e-01	0.000000e+00	0.000000e+00	1.989107e+05
1.101940e+00	1.899173e+05	-1.526420e-01	2.563529e-01	0.000000e+00	0.000000e+00	1.899173e+05
1.103130e+00	1.723964e+05	-1.529472e-01	2.566095e-01	0.000000e+00	-6.935660e+02	1.730900e+05
1.104320e+00	2.001655e+05	-1.532527e-01	2.568733e-01	0.000000e+00	-1.467702e+02	2.003123e+05
1.105510e+00	1.784245e+05	-1.535586e-01	2.571414e-01	0.000000e+00	-4.709225e+02	1.788954e+05
1.106700e+00	1.863613e+05	-1.538647e-01	2.573998e-01	0.000000e+00	-8.424336e+02	1.872037e+05
1.107890e+00	1.778985e+05	-1.541712e-01	2.576577e-01	0.000000e+00	-1.207652e+03	1.791062e+05
1.109080e+00	1.970273e+05	-1.544779e-01	2.579232e-01	0.000000e+00	0.000000e+00	1.970273e+05
1.110270e+00	1.895017e+05	-1.547850e-01	2.581970e-01	0.000000e+00	0.000000e+00	1.895017e+05
1.111460e+00	1.978027e+05	-1.550925e-01	2.584712e-01	0.000000e+00	-7.956768e+02	1.985984e+05
1.112650e+00	1.766862e+05	-1.554002e-01	2.587364e-01	0.000000e+00	-4.465938e+01	1.767309e+05
1.113840e+00	1.737361e+05	-1.557082e-01	2.589846e-01	0.000000e+00	-7.826012e+01	1.738144e+05
1.115030e+00	1.819961e+05	-1.560166e-01	2.592365e-01	0.000000e+00	-7.620760e+02	1.827582e+05
1.116220e+00	1.953982e+05	-1.563252e-01	2.595038e-01	0.000000e+00	-2.683158e+02	1.956665e+05
1.117410e+00	2.103434e+05	-1.566342e-01	2.597911e-01	0.000000e+00	-1.175057e+03	2.115185e+05
1.118600e+00	1.876762e+05	-1.569435e-01	2.600730e-01	0.000000e+00	-7.552107e+02	1.884314e+05
1.119790e+00	1.859609e+05	-1.572532e-01	2.603376e-01	0.000000e+00	-1.148013e+03	1.871089e+05
1.120980e+00	2.001345e+05	-1.575631e-01	2.606110e-01	0.000000e+00	-7.308328e+02	2.008654e+05
1.122170e+00	1.848564e+05	-1.578734e-01	2.608836e-01	0.000000e+00	-1.733296e+03	1.865897e+05
1.123360e+00	1.973651e+05	-1.581840e-01	2.611543e-01	0.000000e+00	-1.087220e+03	1.984523e+05
1.124550e+00	1.964499e+05	-1.584950e-01	2.614332e-01	0.000000e+00	-1.637564e+03	1.980875e+05
1.125740e+00	1.968689e+05	-1.588062e-01	2.617117e-01	0.000000e+00	-7.081873e+02	1.975771e+05
1.126930e+00	1.967127e+05	-1.591178e-01	2.619904e-01	0.000000e+00	-4.594382e+02	1.971721e+05
1.128120e+00	1.927289e+05	-1.594298e-01	2.622662e-01	0.000000e+00	-3.808979e+02	1.931098e+05
1.129310e+00	2.120472e+05	-1.597420e-01	2.625529e-01	0.000000e+00	-1.363383e+02	2.121835e+05
1.130500e+00	1.988192e+05	-1.600547e-01	2.628438e-01	0.000000e+00	-7.976244e+02	1.996168e+05
1.131690e+00	1.879589e+05	-1.603676e-01	2.631177e-01	0.000000e+00	-7.467096e+02	1.887056e+05
1.132880e+00	2.018262e+05	-1.606809e-01	2.633938e-01	0.000000e+00	-2.858984e+02	2.021121e+05
1.134070e+00	1.971003e+05	-1.609945e-01	2.636763e-01	0.000000e+00	-9.343590e+02	1.980347e+05
1.135260e+00	1.891094e+05	-1.613084e-01	2.639498e-01	0.000000e+00	-1.166795e+03	1.902762e+05
1.136450e+00	1.780870e+05	-1.616227e-01	2.642098e-01	0.000000e+00	-1.508009e+03	1.795950e+05
1.137640e+00	1.827124e+05	-1.619372e-01	2.644653e-01	0.000000e+00	-3.066196e+02	1.830190e+05
1.138830e+00	1.857242e+05	-1.622521e-01	2.647262e-01	0.000000e+00	0.000000e+00	1.857242e+05
1.140020e+00	2.082965e+05	-1.625673e-01	2.650053e-01	0.000000e+00	0.000000e+00	2.082965e+05
1.141210e+00	2.133098e+05	-1.628828e-01	2.653038e-01	0.000000e+00	-2.262993e+01	2.133324e+05
1.142400e+00	1.931198e+05	-1.631987e-01	2.655916e-01	0.000000e+00	-1.191382e+03	1.943112e+05
1.143590e+00	1.939449e+05	-1.635149e-01	2.658657e-01	0.000000e+00	-1.233833e+03	1.951788e+05
1.144780e+00	1.869659e+05	-1.638315e-01	2.661355e-01	0.000000e+00	-7.316318e+01	1.870390e+05
1.145970e+00	1.928545e+05	-1.641483e-01	2.664045e-01	0.000000e+00	0.000000e+00	1.928545e+05
1.147160e+00	2.031750e+05	-1.644655e-01	2.666849e-01	0.000000e+00	-6.664101e+02	2.038414e+05
1.148350e+00	1.819708e+05	-1.647831e-01	2.669577e-01	0.000000e+00	-3.907525e+02	1.823616e+05
1.149540e+00	1.753929e+05	-1.651009e-01	2.672107e-01	0.000000e+00	-9.284945e+02	1.763214e+05
1.150730e+00	1.846191e+05	-1.654190e-01	2.674657e-01	0.000000e+00	-1.180723e+03	1.857999e+05
1.151920e+00	1.878885e+05	-1.657375e-01	2.677295e-01	0.000000e+00	-1.949641e+02	1.880834e+05
1.153110e+00	1.846559e+05	-1.660562e-01	2.679933e-01	0.000000e+00	-7.134041e+02	1.853693e+05
1.154300e+00	1.977877e+05	-1.663753e-01	2.682641e-01	0.000000e+00	-1.026599e+03	1.988143e+05
1.155490e+00	1.837654e+05	-1.666947e-01	2.685343e-01	0.000000e+00	-7.810052e+02	1.845464e+05
1.156680e+00	1.841175e+05	-1.670144e-01	2.687949e-01	0.000000e+00	0.000000e+00	1.841175e+05
1.157870e+00	2.052583e+05	-1.673344e-01	2.690706e-01	0.000000e+00	0.000000e+00	2.052583e+05
1.159060e+00	1.867321e+05	-1.676548e-01	2.693482e-01	0.000000e+00	0.000000e+00	1.867321e+05
1.160250e+00	1.893146e+05	-1.679755e-01	2.696145e-01	0.000000e+00	0.000000e+00	1.893146e+05
1.161440e+00	1.948443e+05	-1.682965e-01	2.698866e-01	0.000000e+00	-8.230937e+02	1.956674e+05
1.162630e+00	2.065730e+05	-1.686178e-01	2.701708e-01	0.000000e+00	-6.617962e+01	2.066392e+05
1.163820e+00	1.824163e+05	-1.689395e-01	2.704463e-01	0.000000e+00	-1.251017e+03	1.836674e+05
1.165010e+00	1.819608e+05	-1.692614e-01	2.707043e-01	0.000000e+00	-3.807181e+02	1.823416e+05
1.166200e+00	2.088874e+05	-1.695837e-01	2.709811e-01	0.000000e+00	0.000000e+00	2.088874e+05
1.167390e+00	1.926724e+05	-1.699064e-01	2.712655e-01	0.000000e+00	0.000000e+00	1.926724e+05
1.168580e+00	2.045762e+05	-1.702294e-01	2.715468e-01	0.000000e+00	-8.388773e+02	2.054150e+05
1.169770e+00	2.117055e+05	-1.705527e-01	2.718416e-01	0.000000e+00	-1.458868e+00	2.117069e+05
1.170960e+00	1.929390e+05	-1.708763e-01	2.721282e-01	0.000000e+00	-1.743492e+02	1.931134e+05
1.172150e+00	2.017504e+05	-1.712003e-01	2.724077e-01	0.000000e+00	-6.659870e+02	2.024164e+05
1.173340e+00	2.012955e+05	-1.715247e-01	2.726931e-01	0.000000e+00	0.000000e+00	2.012955e+05
1.174530e+00	1.915852e+05	-1.718493e-01	2.729713e-01	0.000000e+00	0.000000e+00	1.915852e+05
1.175720e+00	2.034938e+05	-1.721743e-01	2.732511e-01	0.000000e+00	0.000000e+00	2.034938e+05
1.176910e+00	1.989689e+05	-1.724997e-01	2.735361e-01	0.000000e+00	0.000000e+00	1.989689e+05
1.178100e+00	1.852853e+05	-1.728254e-01	2.738082e-01	0.000000e+00	0.000000e+00	1.852853e+05
1.179290e+00	1.944210e+05	-1.731513e-01	2.740771e-01	0.000000e+00	0.000000e+00	1.944210e+05
1.180480e+00	1.899646e+05	-1.734777e-01	2.743493e-01	0.000000e+00	0.000000e+00	1.899646e+05
1.181670e+00	1.886402e+05	-1.738043e-01	2.746174e-01	0.000000e+00	0.000000e+00	1.886402e+05
1.182860e+00	2.054235e+05	-1.741312e-01	2.748965e-01	0.000000e+00	0.000000e+00	2.054235e+05
1.184050e+00	1.977687e+05	-1.744585e-01	2.751820e-01	0.000000e+00	0.000000e+00	1.977687e+05
1.185240e+00	2.140586e+05	-1.747862e-01	2.754737e-01	0.000000e+00	0.000000e+00	2.140586e+05
1.186430e+00	1.762974e+05	-1.751142e-01	2.757501e-01	0.000000e+00	0.000000e+00	1.762974e+05
1.187620e+00	1.853453e+05	-1.754425e-01	2.760062e-01	0.000000e+00	-1.669943e+02	1.855123e+05
1.188810e+00	1.945263e+05	-1.757711e-01	2.762752e-01	0.000000e+00	-6.733418e+02	1.951996e+05
1.190000e+00	9.463217e+04	-1.761000e-01	2.764800e-01	0.000000e+00	0.000000e+00	9.463217e+04
