#x	rho	phi	ex	bz	rhok[0]	rhok[1]
0.000000e+00	-2.178072e+03	0.000000e+00	2.399472e-02	0.000000e+00	-2.752836e+03	5.747638e+02
1.190000e-03	-4.358871e+03	-2.855188e-05	2.399009e-02	0.000000e+00	-6.647352e+03	2.288481e+03
2.380000e-03	-4.688136e+03	-5.709642e-05	2.398368e-02	0.000000e+00	-8.033879e+03	3.345742e+03
3.570000e-03	2.912424e+03	-8.563305e-05	2.398243e-02	0.000000e+00	-6.520625e+03	9.433049e+03
4.760000e-03	1.284872e+04	-1.141746e-04	2.399359e-02	0.000000e+00	-4.903909e+03	1.775263e+04
5.950000e-03	1.261408e+04	-1.427378e-04	2.401162e-02	0.000000e+00	-5.059888e+03	1.767397e+04
7.140000e-03	1.218059e+04	-1.713222e-04	2.402918e-02	0.000000e+00	-5.211681e+03	1.739227e+04
8.330000e-03	1.272938e+04	-1.999272e-04	2.404682e-02	0.000000e+00	-5.696854e+03	1.842623e+04
9.520000e-03	1.904430e+04	-2.285537e-04	2.406932e-02	0.000000e+00	-3.644236e+03	2.268853e+04
1.071000e-02	2.506266e+04	-2.572122e-04	2.410055e-02	0.000000e+00	-7.321887e+03	3.238454e+04
1.190000e-02	2.380972e+04	-2.859130e-04	2.413516e-02	0.000000e+00	-7.666199e+03	3.147592e+04
1.309000e-02	2.229913e+04	-3.146539e-04	2.416782e-02	0.000000e+00	-1.020922e+04	3.250835e+04
1.428000e-02	2.678529e+04	-3.434324e-04	2.420258e-02	0.000000e+00	-7.941424e+03	3.472671e+04
1.547000e-02	3.735658e+04	-3.722560e-04	2.424800e-02	0.000000e+00	-6.669461e+03	4.402604e+04
1.666000e-02	3.489085e+04	-4.011426e-04	2.429916e-02	0.000000e+00	-7.125124e+03	4.201597e+04
1.785000e-02	3.178626e+04	-4.300880e-04	2.434638e-02	0.000000e+00	-8.254284e+03	4.004054e+04
1.904000e-02	3.528817e+04	-4.590870e-04	2.439388e-02	0.000000e+00	-4.691653e+03	3.997983e+04
2.023000e-02	3.151761e+04	-4.881455e-04	2.444119e-02	0.000000e+00	-8.007870e+03	3.952548e+04
2.142000e-02	2.980998e+04	-5.172571e-04	2.448462e-02	0.000000e+00	-8.154609e+03	3.796459e+04
2.261000e-02	3.704528e+04	-5.464189e-04	2.453197e-02	0.000000e+00	-7.821148e+03	4.486643e+04
2.380000e-02	4.134447e+04	-5.756431e-04	2.458748e-02	0.000000e+00	-7.239090e+03	4.858356e+04
2.499000e-02	3.785400e+04	-6.049371e-04	2.464356e-02	0.000000e+00	-5.921192e+03	4.377519e+04
2.618000e-02	3.650908e+04	-6.342948e-04	2.469622e-02	0.000000e+00	-7.826005e+03	4.433508e+04
2.737000e-02	4.058622e+04	-6.637141e-04	2.475082e-02	0.000000e+00	-7.779897e+03	4.836611e+04
2.856000e-02	4.278321e+04	-6.932018e-04	2.480986e-02	0.000000e+00	-8.877009e+03	5.166021e+04
2.975000e-02	6.029108e+04	-7.227616e-04	2.488285e-02	0.000000e+00	-5.707584e+03	6.599866e+04
3.094000e-02	5.050103e+04	-7.524230e-04	2.496131e-02	0.000000e+00	-5.807875e+03	5.630890e+04
3.213000e-02	4.919094e+04	-7.821695e-04	2.503191e-02	0.000000e+00	-7.753471e+03	5.694441e+04
3.332000e-02	4.260368e+04	-8.119989e-04	2.509692e-02	0.000000e+00	-6.008857e+03	4.861253e+04
3.451000e-02	5.499812e+04	-8.419001e-04	2.516604e-02	0.000000e+00	-4.629101e+03	5.962722e+04
3.570000e-02	5.244758e+04	-8.718941e-04	2.524212e-02	0.000000e+00	-6.924786e+03	5.937237e+04
3.689000e-02	5.804097e+04	-9.019764e-04	2.532037e-02	0.000000e+00	-6.171061e+03	6.421203e+04
3.808000e-02	5.735510e+04	-9.321566e-04	2.540209e-02	0.000000e+00	-4.878238e+03	6.223334e+04
3.927000e-02	6.565969e+04	-9.624334e-04	2.548920e-02	0.000000e+00	-3.955259e+03	6.961495e+04
4.046000e-02	6.705631e+04	-9.928209e-04	2.558319e-02	0.000000e+00	-6.078881e+03	7.313519e+04
4.165000e-02	6.204910e+04	-1.023321e-03	2.567462e-02	0.000000e+00	-5.247152e+03	6.729625e+04
4.284000e-02	6.272442e+04	-1.053926e-03	2.576298e-02	0.000000e+00	-3.359680e+03	6.608410e+04
4.403000e-02	5.635209e+04	-1.084637e-03	2.584730e-02	0.000000e+00	-8.184282e+03	6.453637e+04
4.522000e-02	5.986475e+04	-1.115443e-03	2.592960e-02	0.000000e+00	-8.856531e+03	6.872128e+04
4.641000e-02	6.835619e+04	-1.146350e-03	2.602040e-02	0.000000e+00	-7.421334e+03	7.577752e+04
4.760000e-02	5.888526e+04	-1.177372e-03	2.611051e-02	0.000000e+00	-1.121796e+04	7.010322e+04
4.879000e-02	6.699538e+04	-1.208493e-03	2.619966e-02	0.000000e+00	-1.191990e+04	7.891528e+04
4.998000e-02	7.073064e+04	-1.239727e-03	2.629719e-02	0.000000e+00	-6.443120e+03	7.717376e+04
5.117000e-02	8.267792e+04	-1.271080e-03	2.640583e-02	0.000000e+00	-4.902660e+03	8.758058e+04
5.236000e-02	7.824552e+04	-1.302573e-03	2.651979e-02	0.000000e+00	-4.701152e+03	8.294668e+04
5.355000e-02	8.303511e+04	-1.334197e-03	2.663400e-02	0.000000e+00	-5.457544e+03	8.849266e+04
5.474000e-02	9.109180e+04	-1.365962e-03	2.675731e-02	0.000000e+00	-6.019984e+03	9.711178e+04
5.593000e-02	8.430253e+04	-1.397880e-03	2.688152e-02	0.000000e+00	-4.195757e+03	8.849829e+04
5.712000e-02	7.989623e+04	-1.429940e-03	2.699780e-02	0.000000e+00	-7.432398e+03	8.732863e+04
5.831000e-02	7.075337e+04	-1.462134e-03	2.710448e-02	0.000000e+00	-9.649605e+03	8.040298e+04
5.950000e-02	7.788635e+04	-1.494448e-03	2.720974e-02	0.000000e+00	-5.386951e+03	8.327330e+04
6.069000e-02	6.294622e+04	-1.526893e-03	2.730948e-02	0.000000e+00	-8.181746e+03	7.112796e+04
6.188000e-02	7.356038e+04	-1.559445e-03	2.740615e-02	0.000000e+00	-6.414691e+03	7.997507e+04
6.307000e-02	7.004404e+04	-1.592120e-03	2.750784e-02	0.000000e+00	-6.409987e+03	7.645403e+04
6.426000e-02	9.180922e+04	-1.624913e-03	2.762246e-02	0.000000e+00	-4.154673e+03	9.596389e+04
6.545000e-02	9.486505e+04	-1.657862e-03	2.775466e-02	0.000000e+00	-6.059044e+03	1.009241e+05
6.664000e-02	9.373635e+04	-1.690970e-03	2.788822e-02	0.000000e+00	-3.204283e+03	9.694063e+04
6.783000e-02	8.948343e+04	-1.724236e-03	2.801797e-02	0.000000e+00	-5.482807e+03	9.496623e+04
6.902000e-02	8.604266e+04	-1.757652e-03	2.814227e-02	0.000000e+00	-4.454358e+03	9.049702e+04
7.021000e-02	9.708256e+04	-1.791214e-03	2.827195e-02	0.000000e+00	-5.307082e+03	1.023896e+05
7.140000e-02	1.098012e+05	-1.824940e-03	2.841846e-02	0.000000e+00	-5.578360e+03	1.153796e+05
7.259000e-02	9.526055e+04	-1.858850e-03	2.856368e-02	0.000000e+00	-5.723125e+03	1.009837e+05
7.378000e-02	1.057982e+05	-1.892921e-03	2.870606e-02	0.000000e+00	-4.883879e+03	1.106821e+05
7.497000e-02	1.043102e+05	-1.927170e-03	2.885485e-02	0.000000e+00	-7.937664e+03	1.122478e+05
7.616000e-02	9.423833e+04	-1.961596e-03	2.899546e-02	0.000000e+00	-6.684166e+03	1.009225e+05
7.735000e-02	9.389192e+04	-1.996180e-03	2.912868e-02	0.000000e+00	-3.069384e+03	9.696131e+04
7.854000e-02	1.155250e+05	-2.030922e-03	2.927699e-02	0.000000e+00	-5.425558e+03	1.209505e+05
7.973000e-02	9.590330e+04	-2.065859e-03	2.942671e-02	0.000000e+00	-7.746505e+03	1.036498e+05
8.092000e-02	9.125420e+04	-2.100957e-03	2.955925e-02	0.000000e+00	-6.530198e+03	9.778439e+04
8.211000e-02	1.042275e+05	-2.136210e-03	2.969768e-02	0.000000e+00	-7.131455e+03	1.113590e+05
8.330000e-02	1.025114e+05	-2.171638e-03	2.984409e-02	0.000000e+00	-7.648257e+03	1.101597e+05
8.449000e-02	1.201596e+05	-2.207239e-03	3.000178e-02	0.000000e+00	-5.255420e+03	1.254150e+05
8.568000e-02	1.122993e+05	-2.243042e-03	3.016640e-02	0.000000e+00	-5.646231e+03	1.179456e+05
8.687000e-02	1.165266e+05	-2.279035e-03	3.032844e-02	0.000000e+00	-4.931206e+03	1.214578e+05
8.806000e-02	1.154286e+05	-2.315224e-03	3.049270e-02	0.000000e+00	-4.823230e+03	1.202518e+05
8.925000e-02	1.080431e+05	-2.351607e-03	3.065096e-02	0.000000e+00	-5.373632e+03	1.134168e+05
9.044000e-02	1.074715e+05	-2.388173e-03	3.080358e-02	0.000000e+00	-4.684944e+03	1.121565e+05
9.163000e-02	1.153764e+05	-2.424920e-03	3.096139e-02	0.000000e+00	-3.122776e+03	1.184992e+05
9.282000e-02	1.047328e+05	-2.461861e-03	3.111727e-02	0.000000e+00	-9.745079e+03	1.144779e+05
9.401000e-02	1.106418e+05	-2.498979e-03	3.126979e-02	0.000000e+00	-3.965228e+03	1.146070e+05
9.520000e-02	1.050999e+05	-2.536283e-03	3.142257e-02	0.000000e+00	-2.880259e+03	1.079801e+05
9.639000e-02	9.790466e+04	-2.573765e-03	3.156633e-02	0.000000e+00	-5.682704e+03	1.035874e+05
9.758000e-02	1.011609e+05	-2.611411e-03	3.170730e-02	0.000000e+00	-6.483561e+03	1.076444e+05
9.877000e-02	1.204566e+05	-2.649228e-03	3.186424e-02	0.000000e+00	-6.766660e+03	1.272232e+05
9.996000e-02	1.190197e+05	-2.687248e-03	3.203383e-02	0.000000e+00	-4.593412e+03	1.236132e+05
1.011500e-01	1.202091e+05	-2.725469e-03	3.220324e-02	0.000000e+00	-4.007751e+03	1.242169e+05
1.023400e-01	1.177506e+05	-2.763892e-03	3.237176e-02	0.000000e+00	-3.163505e+03	1.209141e+05
1.035300e-01	1.258328e+05	-2.802513e-03	3.254425e-02	0.000000e+00	-6.106867e+03	1.319397e+05
1.047200e-01	1.111308e+05	-2.841347e-03	3.271206e-02	0.000000e+00	-4.691192e+03	1.158220e+05
1.059100e-01	1.191890e+05	-2.880368e-03	3.287517e-02	0.000000e+00	-4.615350e+03	1.238043e+05
1.071000e-01	1.255953e+05	-2.919590e-03	3.304852e-02	0.000000e+00	-8.033603e+03	1.336289e+05
1.082900e-01	1.264913e+05	-2.959024e-03	3.322703e-02	0.000000e+00	-7.562412e+03	1.340537e+05
1.094800e-01	1.243376e+05	-2.998670e-03	3.340466e-02	0.000000e+00	-7.932573e+03	1.322702e+05
1.106700e-01	1.334340e+05	-3.038527e-03	3.358721e-02	0.000000e+00	-7.452601e+03	1.408866e+05
1.118600e-01	1.362085e+05	-3.078608e-03	3.377816e-02	0.000000e+00	-6.232334e+03	1.424408e+05
1.130500e-01	1.175919e+05	-3.118919e-03	3.395789e-02	0.000000e+00	-9.277704e+03	1.268696e+05
1.142400e-01	1.024530e+05	-3.159428e-03	3.411372e-02	0.000000e+00	-7.982209e+03	1.104352e+05
1.154300e-01	1.273436e+05	-3.200109e-03	3.427645e-02	0.000000e+00	-3.542567e+03	1.308862e+05
1.166200e-01	1.256045e+05	-3.241006e-03	3.445558e-02	0.000000e+00	-2.513781e+03	1.281183e+05
1.178100e-01	1.163645e+05	-3.282114e-03	3.462694e-02	0.000000e+00	-5.685014e+03	1.220495e+05
1.190000e-01	9.451911e+04	-3.323418e-03	3.477628e-02	0.000000e+00	-7.873753e+03	1.023929e+05
1.201900e-01	1.146747e+05	-3.364881e-03	3.492442e-02	0.000000e+00	-9.939142e+03	1.246139e+05
1.213800e-01	1.305371e+05	-3.406538e-03	3.509807e-02	0.000000e+00	-4.106454e+03	1.346435e+05
1.225700e-01	1.357212e+05	-3.448415e-03	3.528662e-02	0.000000e+00	-4.055993e+03	1.397772e+05
1.237600e-01	1.471839e+05	-3.490520e-03	3.548697e-02	0.000000e+00	-5.458571e+03	1.526425e+05
1.249500e-01	1.256504e+05	-3.532874e-03	3.568018e-02	0.000000e+00	-5.124091e+03	1.307744e+05
1.261400e-01	1.285467e+05	-3.575439e-03	3.586019e-02	0.000000e+00	-4.207563e+03	1.327543e+05
1.273300e-01	1.300659e+05	-3.618221e-03	3.604333e-02	0.000000e+00	-4.687607e+03	1.347535e+05
1.285200e-01	1.338015e+05	-3.661222e-03	3.623020e-02	0.000000e+00	-5.445660e+03	1.392471e+05
1.297100e-01	1.337953e+05	-3.704449e-03	3.641970e-02	0.000000e+00	-3.825684e+03	1.376210e+05
1.309000e-01	1.257445e+05	-3.747901e-03	3.660349e-02	0.000000e+00	-6.304729e+03	1.320492e+05
1.320900e-01	1.284977e+05	-3.791565e-03	3.678354e-02	0.000000e+00	-4.205392e+03	1.327031e+05
1.332800e-01	1.289030e+05	-3.835446e-03	3.696582e-02	0.000000e+00	-6.343510e+03	1.352465e+05
1.344700e-01	1.161227e+05	-3.879544e-03	3.713934e-02	0.000000e+00	-7.464315e+03	1.235870e+05
1.356600e-01	1.212272e+05	-3.923837e-03	3.730742e-02	0.000000e+00	-4.741505e+03	1.259687e+05
1.368500e-01	1.322392e+05	-3.968335e-03	3.748692e-02	0.000000e+00	-5.741142e+03	1.379803e+05
1.380400e-01	1.312729e+05	-4.013056e-03	3.767353e-02	0.000000e+00	-4.785977e+03	1.360588e+05
1.392300e-01	1.458420e+05	-4.057998e-03	3.786977e-02	0.000000e+00	-6.321847e+03	1.521638e+05
1.404200e-01	1.418254e+05	-4.103186e-03	3.807349e-02	0.000000e+00	-1.003743e+04	1.518629e+05
1.416100e-01	1.295430e+05	-4.148613e-03	3.826566e-02	0.000000e+00	-6.795048e+03	1.363380e+05
1.428000e-01	1.264140e+05	-4.194259e-03	3.844692e-02	0.000000e+00	-5.979193e+03	1.323932e+05
1.439900e-01	1.480425e+05	-4.240117e-03	3.864128e-02	0.000000e+00	-4.894383e+03	1.529369e+05
1.451800e-01	1.460890e+05	-4.286225e-03	3.884958e-02	0.000000e+00	-8.911688e+03	1.550007e+05
1.463700e-01	1.482053e+05	-4.332579e-03	3.905798e-02	0.000000e+00	-5.802823e+03	1.540081e+05
1.475600e-01	1.393277e+05	-4.379183e-03	3.926160e-02	0.000000e+00	-3.546162e+03	1.428738e+05
1.487500e-01	1.392943e+05	-4.426022e-03	3.945892e-02	0.000000e+00	-5.729386e+03	1.450237e+05
1.499400e-01	1.300658e+05	-4.473095e-03	3.964967e-02	0.000000e+00	-6.048579e+03	1.361144e+05
1.511300e-01	1.541345e+05	-4.520388e-03	3.985093e-02	0.000000e+00	-4.527848e+03	1.586624e+05
1.523200e-01	1.525973e+05	-4.567940e-03	4.006814e-02	0.000000e+00	-4.634877e+03	1.572322e+05
1.535100e-01	1.539299e+05	-4.615750e-03	4.028522e-02	0.000000e+00	-4.415568e+03	1.583455e+05
1.547000e-01	1.257686e+05	-4.663819e-03	4.048329e-02	0.000000e+00	-7.129624e+03	1.328982e+05
1.558900e-01	1.422267e+05	-4.712100e-03	4.067307e-02	0.000000e+00	-3.258319e+03	1.454850e+05
1.570800e-01	1.471666e+05	-4.760621e-03	4.087801e-02	0.000000e+00	-1.281101e+03	1.484477e+05
1.582700e-01	1.524795e+05	-4.809390e-03	4.109021e-02	0.000000e+00	-6.449552e+03	1.589290e+05
1.594600e-01	1.556976e+05	-4.858416e-03	4.130845e-02	0.000000e+00	-6.346184e+03	1.620438e+05
1.606500e-01	1.664912e+05	-4.907704e-03	4.153661e-02	0.000000e+00	-4.952138e+03	1.714434e+05
1.618400e-01	1.640403e+05	-4.957273e-03	4.177068e-02	0.000000e+00	-4.642203e+03	1.686825e+05
1.630300e-01	1.515873e+05	-5.007118e-03	4.199420e-02	0.000000e+00	-5.920448e+03	1.575077e+05
1.642200e-01	1.661674e+05	-5.057219e-03	4.221922e-02	0.000000e+00	-4.848259e+03	1.710157e+05
1.654100e-01	1.739101e+05	-5.107600e-03	4.246005e-02	0.000000e+00	-5.208376e+03	1.791185e+05
1.666000e-01	1.510123e+05	-5.158274e-03	4.269015e-02	0.000000e+00	-3.025316e+03	1.540376e+05
1.677900e-01	1.501003e+05	-5.209203e-03	4.290339e-02	0.000000e+00	-4.891896e+03	1.549922e+05
1.689800e-01	1.414595e+05	-5.260384e-03	4.310986e-02	0.000000e+00	-6.501508e+03	1.479610e+05
1.701700e-01	1.483962e+05	-5.311804e-03	4.331513e-02	0.000000e+00	-7.429809e+03	1.558260e+05
1.713600e-01	1.516082e+05	-5.363474e-03	4.352758e-02	0.000000e+00	-3.697440e+03	1.553056e+05
1.725500e-01	1.611259e+05	-5.415400e-03	4.374905e-02	0.000000e+00	-3.595559e+03	1.647214e+05
1.737400e-01	1.613960e+05	-5.467597e-03	4.397745e-02	0.000000e+00	-3.753880e+03	1.651499e+05
1.749300e-01	1.602132e+05	-5.520066e-03	4.420520e-02	0.000000e+00	-3.951207e+03	1.641644e+05
1.761200e-01	1.664939e+05	-5.572805e-03	4.443656e-02	0.000000e+00	-3.520721e+03	1.700147e+05
1.773100e-01	1.731644e+05	-5.625825e-03	4.467709e-02	0.000000e+00	-6.939799e+03	1.801042e+05
1.785000e-01	1.574511e+05	-5.679137e-03	4.491122e-02	0.000000e+00	-5.620116e+03	1.630712e+05
1.796900e-01	1.634044e+05	-5.732714e-03	4.513844e-02	0.000000e+00	-6.084768e+03	1.694892e+05
1.808800e-01	1.554064e+05	-5.786566e-03	4.536421e-02	0.000000e+00	-5.597841e+03	1.610043e+05
1.820700e-01	1.602376e+05	-5.840680e-03	4.558774e-02	0.000000e+00	-5.140271e+03	1.653778e+05
1.832600e-01	1.601347e+05	-5.895065e-03	4.581462e-02	0.000000e+00	-3.496166e+03	1.636308e+05
1.844500e-01	1.546578e+05	-5.949719e-03	4.603754e-02	0.000000e+00	-7.132248e+03	1.617901e+05
1.856400e-01	1.689700e+05	-6.004634e-03	4.626672e-02	0.000000e+00	-7.387450e+03	1.763574e+05
1.868300e-01	1.615470e+05	-6.059834e-03	4.650079e-02	0.000000e+00	-6.459604e+03	1.680066e+05
1.880200e-01	1.537374e+05	-6.115306e-03	4.672406e-02	0.000000e+00	-6.400677e+03	1.601380e+05
1.892100e-01	1.619143e+05	-6.171037e-03	4.694759e-02	0.000000e+00	-5.567905e+03	1.674822e+05
1.904000e-01	1.647659e+05	-6.227041e-03	4.717894e-02	0.000000e+00	-5.681523e+03	1.704475e+05
1.915900e-01	1.599330e+05	-6.283323e-03	4.740888e-02	0.000000e+00	-4.674768e+03	1.646077e+05
1.927800e-01	1.686930e+05	-6.339875e-03	4.764160e-02	0.000000e+00	-2.736482e+03	1.714294e+05
1.939700e-01	1.763230e+05	-6.396710e-03	4.788593e-02	0.000000e+00	-4.360952e+03	1.806840e+05
1.951600e-01	1.673021e+05	-6.453843e-03	4.812927e-02	0.000000e+00	-7.165728e+03	1.744678e+05
1.963500e-01	1.615794e+05	-6.511258e-03	4.836217e-02	0.000000e+00	-5.248334e+03	1.668277e+05
1.975400e-01	1.775449e+05	-6.568945e-03	4.860233e-02	0.000000e+00	-5.813588e+03	1.833585e+05
1.987300e-01	1.570465e+05	-6.626931e-03	4.883927e-02	0.000000e+00	-8.546211e+03	1.655927e+05
1.999200e-01	1.719808e+05	-6.685182e-03	4.907228e-02	0.000000e+00	-5.395360e+03	1.773762e+05
2.011100e-01	1.569457e+05	-6.743723e-03	4.930521e-02	0.000000e+00	-3.562789e+03	1.605085e+05
2.023000e-01	1.588129e+05	-6.802529e-03	4.952882e-02	0.000000e+00	-1.905970e+03	1.607188e+05
2.034900e-01	1.615186e+05	-6.861602e-03	4.975567e-02	0.000000e+00	-5.995061e+03	1.675136e+05
2.046800e-01	1.644145e+05	-6.920947e-03	4.998648e-02	0.000000e+00	-4.485912e+03	1.689004e+05
2.058700e-01	1.604159e+05	-6.980570e-03	5.021652e-02	0.000000e+00	-4.847641e+03	1.652635e+05
2.070600e-01	1.456989e+05	-7.040463e-03	5.043330e-02	0.000000e+00	-9.485598e+03	1.551845e+05
2.082500e-01	1.719372e+05	-7.100601e-03	5.065823e-02	0.000000e+00	-1.021117e+04	1.821483e+05
2.094400e-01	1.926616e+05	-7.161029e-03	5.091643e-02	0.000000e+00	-6.747956e+03	1.994096e+05
2.106300e-01	1.824583e+05	-7.221782e-03	5.118208e-02	0.000000e+00	-2.937990e+03	1.853963e+05
2.118200e-01	1.559635e+05	-7.282843e-03	5.142174e-02	0.000000e+00	-2.845508e+03	1.588090e+05
2.130100e-01	1.641014e+05	-7.344166e-03	5.164839e-02	0.000000e+00	-5.445053e+03	1.695464e+05
2.142000e-01	1.430114e+05	-7.405766e-03	5.186588e-02	0.000000e+00	-6.107597e+03	1.491190e+05
2.153900e-01	1.512705e+05	-7.467607e-03	5.207428e-02	0.000000e+00	-4.423937e+03	1.556944e+05
2.165800e-01	1.709850e+05	-7.529703e-03	5.230249e-02	0.000000e+00	-3.052920e+03	1.740380e+05
2.177700e-01	1.685015e+05	-7.592087e-03	5.254290e-02	0.000000e+00	-1.082785e+03	1.695843e+05
2.189600e-01	1.640387e+05	-7.654755e-03	5.277840e-02	0.000000e+00	-4.265785e+03	1.683045e+05
2.201500e-01	1.610856e+05	-7.717699e-03	5.300864e-02	0.000000e+00	-5.994258e+03	1.670799e+05
2.213400e-01	1.730499e+05	-7.780915e-03	5.324526e-02	0.000000e+00	-3.703772e+03	1.767537e+05
2.225300e-01	1.717185e+05	-7.844423e-03	5.348941e-02	0.000000e+00	-4.431564e+03	1.761501e+05
2.237200e-01	1.685005e+05	-7.908220e-03	5.373034e-02	0.000000e+00	-3.898940e+03	1.723994e+05
2.249100e-01	1.678182e+05	-7.972301e-03	5.396851e-02	0.000000e+00	-4.729145e+03	1.725473e+05
2.261000e-01	1.776499e+05	-8.036665e-03	5.421316e-02	0.000000e+00	-3.422407e+03	1.810723e+05
2.272900e-01	1.691587e+05	-8.101329e-03	5.445876e-02	0.000000e+00	-2.054981e+03	1.712137e+05
2.284800e-01	1.784262e+05	-8.166277e-03	5.470491e-02	0.000000e+00	-3.308544e+03	1.817347e+05
2.296700e-01	1.897899e+05	-8.231526e-03	5.496566e-02	0.000000e+00	-4.641673e+03	1.944316e+05
2.308600e-01	2.014618e+05	-8.297095e-03	5.524274e-02	0.000000e+00	-7.705869e+03	2.091677e+05
2.320500e-01	1.765320e+05	-8.363004e-03	5.551042e-02	0.000000e+00	-4.625783e+03	1.811578e+05
2.332400e-01	1.729935e+05	-8.429210e-03	5.575794e-02	0.000000e+00	-5.824959e+03	1.788184e+05
2.344300e-01	1.842470e+05	-8.495708e-03	5.601092e-02	0.000000e+00	-4.097063e+03	1.883440e+05
2.356200e-01	1.862373e+05	-8.562516e-03	5.627329e-02	0.000000e+00	-3.221738e+03	1.894591e+05
2.368100e-01	1.892081e+05	-8.629638e-03	5.653917e-02	0.000000e+00	-5.256123e+03	1.944642e+05
2.380000e-01	1.787748e+05	-8.697079e-03	5.679976e-02	0.000000e+00	-8.641549e+03	1.874163e+05
2.391900e-01	1.868712e+05	-8.764822e-03	5.705870e-02	0.000000e+00	-5.236553e+03	1.921077e+05
2.403800e-01	1.710009e+05	-8.832879e-03	5.731213e-02	0.000000e+00	-2.418356e+03	1.734192e+05
2.415700e-01	1.745853e+05	-8.901225e-03	5.755686e-02	0.000000e+00	-3.844731e+03	1.784300e+05
2.427600e-01	1.731725e+05	-8.969864e-03	5.780313e-02	0.000000e+00	-4.603580e+03	1.777760e+05
2.439500e-01	1.823220e+05	-9.038796e-03	5.805488e-02	0.000000e+00	-6.403292e+03	1.887253e+05
2.451400e-01	1.828876e+05	-9.108035e-03	5.831351e-02	0.000000e+00	-1.468294e+03	1.843559e+05
2.463300e-01	1.623060e+05	-9.177582e-03	5.855796e-02	0.000000e+00	-4.028460e+03	1.663345e+05
2.475200e-01	1.790130e+05	-9.247403e-03	5.879967e-02	0.000000e+00	-4.216849e+03	1.832299e+05
2.487100e-01	1.901755e+05	-9.317525e-03	5.906112e-02	0.000000e+00	-6.770585e+03	1.969461e+05
2.499000e-01	1.910663e+05	-9.387968e-03	5.933110e-02	0.000000e+00	-6.254170e+03	1.973205e+05
2.510900e-01	1.907110e+05	-9.458733e-03	5.960146e-02	0.000000e+00	-3.619533e+03	1.943306e+05
2.522800e-01	1.633702e+05	-9.529820e-03	5.985221e-02	0.000000e+00	-4.438047e+03	1.678082e+05
2.534700e-01	1.607338e+05	-9.601182e-03	6.008173e-02	0.000000e+00	-3.989594e+03	1.647234e+05
2.546600e-01	1.799675e+05	-9.672814e-03	6.032300e-02	0.000000e+00	-1.708237e+03	1.816757e+05
2.558500e-01	1.988083e+05	-9.744750e-03	6.059124e-02	0.000000e+00	-2.861183e+03	2.016695e+05
2.570400e-01	1.763672e+05	-9.817021e-03	6.085692e-02	0.000000e+00	-3.852461e+03	1.802197e+05
2.582300e-01	1.791834e+05	-9.889590e-03	6.110871e-02	0.000000e+00	-5.309868e+03	1.844933e+05
2.594200e-01	1.791849e+05	-9.962460e-03	6.136249e-02	0.000000e+00	-4.590209e+03	1.837751e+05
2.606100e-01	1.896964e+05	-1.003563e-02	6.162372e-02	0.000000e+00	-3.580880e+03	1.932773e+05
2.618000e-01	1.875456e+05	-1.010912e-02	6.189087e-02	0.000000e+00	-2.518110e+03	1.900637e+05
2.629900e-01	1.800795e+05	-1.018293e-02	6.215121e-02	0.000000e+00	-2.917728e+03	1.829972e+05
2.641800e-01	1.718105e+05	-1.025704e-02	6.240041e-02	0.000000e+00	-5.635579e+03	1.774461e+05
2.653700e-01	1.728496e+05	-1.033145e-02	6.264448e-02	0.000000e+00	-1.647442e+03	1.744970e+05
2.665600e-01	1.684706e+05	-1.040614e-02	6.288619e-02	0.000000e+00	-4.295983e+03	1.727666e+05
2.677500e-01	1.704810e+05	-1.048111e-02	6.312623e-02	0.000000e+00	-9.368714e+03	1.798497e+05
2.689400e-01	1.931529e+05	-1.055638e-02	6.338374e-02	0.000000e+00	-8.729181e+03	2.018821e+05
2.701300e-01	1.884383e+05	-1.063197e-02	6.365397e-02	0.000000e+00	-5.028142e+03	1.934664e+05
2.713200e-01	1.941026e+05	-1.070788e-02	6.392487e-02	0.000000e+00	-5.148145e+03	1.992508e+05
2.725100e-01	1.725123e+05	-1.078411e-02	6.418450e-02	0.000000e+00	-5.740566e+03	1.782528e+05
2.737000e-01	1.860656e+05	-1.086063e-02	6.443843e-02	0.000000e+00	-1.737615e+03	1.878032e+05
2.748900e-01	1.946542e+05	-1.093747e-02	6.470804e-02	0.000000e+00	-4.786487e+03	1.994407e+05
2.760800e-01	1.867994e+05	-1.101464e-02	6.497817e-02	0.000000e+00	-6.219105e+03	1.930185e+05
2.772700e-01	1.777843e+05	-1.109212e-02	6.523636e-02	0.000000e+00	-1.846272e+03	1.796306e+05
2.784600e-01	1.879690e+05	-1.116990e-02	6.549537e-02	0.000000e+00	-3.878318e+03	1.918474e+05
2.796500e-01	2.107929e+05	-1.124800e-02	6.577776e-02	0.000000e+00	-3.648000e+03	2.144409e+05
2.808400e-01	2.043063e+05	-1.132645e-02	6.607172e-02	0.000000e+00	-3.196063e+03	2.075023e+05
2.820300e-01	1.828259e+05	-1.140525e-02	6.634587e-02	0.000000e+00	-2.931005e+03	1.857569e+05
2.832200e-01	1.814955e+05	-1.148436e-02	6.660387e-02	0.000000e+00	-2.057346e+03	1.835529e+05
2.844100e-01	1.620386e+05	-1.156377e-02	6.684715e-02	0.000000e+00	-3.931852e+03	1.659704e+05
2.856000e-01	1.752972e+05	-1.164345e-02	6.708604e-02	0.000000e+00	-3.837722e+03	1.791349e+05
2.867900e-01	1.959933e+05	-1.172343e-02	6.734897e-02	0.000000e+00	-2.546728e+03	1.985401e+05
2.879800e-01	1.845764e+05	-1.180374e-02	6.761848e-02	0.000000e+00	-5.273666e+03	1.898501e+05
2.891700e-01	1.669131e+05	-1.188436e-02	6.786739e-02	0.000000e+00	-5.760253e+03	1.726734e+05
2.903600e-01	1.685891e+05	-1.196527e-02	6.810498e-02	0.000000e+00	-7.038464e+03	1.756275e+05
2.915500e-01	2.003430e+05	-1.204645e-02	6.836625e-02	0.000000e+00	-4.224482e+03	2.045675e+05
2.927400e-01	1.902162e+05	-1.212798e-02	6.864283e-02	0.000000e+00	-3.859079e+03	1.940753e+05
2.939300e-01	2.051429e+05	-1.220982e-02	6.892281e-02	0.000000e+00	-2.633935e+03	2.077768e+05
2.951200e-01	1.671536e+05	-1.229202e-02	6.918646e-02	0.000000e+00	-4.269060e+03	1.714227e+05
2.963100e-01	1.879228e+05	-1.237449e-02	6.943791e-02	0.000000e+00	-5.149509e+03	1.930723e+05
2.975000e-01	1.932749e+05	-1.245728e-02	6.970786e-02	0.000000e+00	-4.936606e+03	1.982115e+05
2.986900e-01	1.919057e+05	-1.254039e-02	6.998063e-02	0.000000e+00	-2.606336e+03	1.945121e+05
2.998800e-01	1.959649e+05	-1.262383e-02	7.025531e-02	0.000000e+00	-2.306985e+03	1.982719e+05
3.010700e-01	1.877895e+05	-1.270760e-02	7.052707e-02	0.000000e+00	-3.841567e+03	1.916311e+05
3.022600e-01	1.832721e+05	-1.279169e-02	7.078984e-02	0.000000e+00	-3.745008e+03	1.870171e+05
3.034500e-01	1.804247e+05	-1.287608e-02	7.104740e-02	0.000000e+00	-2.824974e+03	1.832497e+05
3.046400e-01	1.856343e+05	-1.296078e-02	7.130663e-02	0.000000e+00	-3.445896e+03	1.890801e+05
3.058300e-01	1.781049e+05	-1.304579e-02	7.156422e-02	0.000000e+00	-5.325515e+03	1.834304e+05
3.070200e-01	1.833389e+05	-1.313110e-02	7.182018e-02	0.000000e+00	-3.847529e+03	1.871864e+05
3.082100e-01	1.746538e+05	-1.321672e-02	7.207369e-02	0.000000e+00	-6.901077e+03	1.815548e+05
3.094000e-01	1.717925e+05	-1.330264e-02	7.231904e-02	0.000000e+00	-5.738332e+03	1.775308e+05
3.105900e-01	1.725639e+05	-1.338884e-02	7.256290e-02	0.000000e+00	-4.961136e+03	1.775250e+05
3.117800e-01	1.894521e+05	-1.347534e-02	7.281926e-02	0.000000e+00	-4.279543e+03	1.937317e+05
3.129700e-01	1.944219e+05	-1.356215e-02	7.309111e-02	0.000000e+00	-3.937112e+03	1.983590e+05
3.141600e-01	1.855468e+05	-1.364929e-02	7.336019e-02	0.000000e+00	-3.074896e+03	1.886217e+05
3.153500e-01	1.905450e+05	-1.373675e-02	7.362653e-02	0.000000e+00	-2.416673e+03	1.929616e+05
3.165400e-01	2.102359e+05	-1.382452e-02	7.391034e-02	0.000000e+00	-4.409654e+03	2.146456e+05
3.177300e-01	2.141249e+05	-1.391266e-02	7.421086e-02	0.000000e+00	-3.127909e+03	2.172528e+05
3.189200e-01	2.095056e+05	-1.400115e-02	7.451086e-02	0.000000e+00	-2.082477e+03	2.115880e+05
3.201100e-01	2.044694e+05	-1.408999e-02	7.480402e-02	0.000000e+00	-1.768641e+03	2.062381e+05
3.213000e-01	1.989504e+05	-1.417918e-02	7.508971e-02	0.000000e+00	-3.041930e+03	2.019923e+05
3.224900e-01	1.892377e+05	-1.426870e-02	7.536461e-02	0.000000e+00	-3.103320e+03	1.923410e+05
3.236800e-01	1.850911e+05	-1.435855e-02	7.562970e-02	0.000000e+00	-3.372438e+03	1.884635e+05
3.248700e-01	1.917862e+05	-1.444870e-02	7.589659e-02	0.000000e+00	-3.751231e+03	1.955375e+05
3.260600e-01	1.719965e+05	-1.453918e-02	7.615421e-02	0.000000e+00	-2.214949e+03	1.742115e+05
3.272500e-01	1.924816e+05	-1.462995e-02	7.641232e-02	0.000000e+00	-5.012104e+03	1.974937e+05
3.284400e-01	1.934549e+05	-1.472104e-02	7.668563e-02	0.000000e+00	-3.323942e+03	1.967789e+05
3.296300e-01	1.961127e+05	-1.481246e-02	7.696150e-02	0.000000e+00	-2.229191e+03	1.983419e+05
3.308200e-01	1.767591e+05	-1.490421e-02	7.722556e-02	0.000000e+00	-7.128034e+03	1.838871e+05
3.320100e-01	1.903633e+05	-1.499626e-02	7.748554e-02	0.000000e+00	-3.472129e+03	1.938355e+05
3.332000e-01	2.005841e+05	-1.508863e-02	7.776240e-02	0.000000e+00	-4.375941e+03	2.049600e+05
3.343900e-01	2.014434e+05	-1.518133e-02	7.804710e-02	0.000000e+00	-7.092354e+03	2.085357e+05
3.355800e-01	1.962510e+05	-1.527438e-02	7.832873e-02	0.000000e+00	-3.450605e+03	1.997016e+05
3.367700e-01	2.028375e+05	-1.536776e-02	7.861135e-02	0.000000e+00	-2.406823e+03	2.052443e+05
3.379600e-01	2.056649e+05	-1.546147e-02	7.890064e-02	0.000000e+00	-4.580258e+03	2.102452e+05
3.391500e-01	2.159441e+05	-1.555554e-02	7.919921e-02	0.000000e+00	-2.870346e+03	2.188145e+05
3.403400e-01	1.838335e+05	-1.564997e-02	7.948232e-02	0.000000e+00	-4.535973e+03	1.883695e+05
3.415300e-01	1.763456e+05	-1.574471e-02	7.973738e-02	0.000000e+00	-4.175052e+03	1.805207e+05
3.427200e-01	1.987472e+05	-1.583974e-02	8.000301e-02	0.000000e+00	-3.504140e+03	2.022513e+05
3.439100e-01	2.165974e+05	-1.593511e-02	8.029714e-02	0.000000e+00	-2.977900e+03	2.195753e+05
3.451000e-01	2.032301e+05	-1.603085e-02	8.059445e-02	0.000000e+00	-2.437462e+03	2.056675e+05
3.462900e-01	1.870709e+05	-1.612693e-02	8.087085e-02	0.000000e+00	-2.920123e+03	1.899911e+05
3.474800e-01	1.951071e+05	-1.622332e-02	8.114149e-02	0.000000e+00	-3.856018e+03	1.989631e+05
3.486700e-01	1.999953e+05	-1.632005e-02	8.142129e-02	0.000000e+00	-3.728884e+03	2.037242e+05
3.498600e-01	1.812303e+05	-1.641711e-02	8.169126e-02	0.000000e+00	-3.076338e+03	1.843067e+05
3.510500e-01	1.891712e+05	-1.651447e-02	8.195356e-02	0.000000e+00	-3.260260e+03	1.924314e+05
3.522400e-01	1.903990e+05	-1.661216e-02	8.222236e-02	0.000000e+00	-3.784385e+03	1.941834e+05
3.534300e-01	2.129512e+05	-1.671016e-02	8.250800e-02	0.000000e+00	-1.760957e+03	2.147122e+05
3.546200e-01	1.942010e+05	-1.680852e-02	8.279633e-02	0.000000e+00	-1.597762e+03	1.957988e+05
3.558100e-01	2.021006e+05	-1.690722e-02	8.307698e-02	0.000000e+00	-4.313611e+03	2.064142e+05
3.570000e-01	2.048242e+05	-1.700625e-02	8.336515e-02	0.000000e+00	-4.070429e+03	2.088946e+05
3.581900e-01	2.105828e+05	-1.710562e-02	8.365933e-02	0.000000e+00	-4.222710e+03	2.148055e+05
3.593800e-01	2.055596e+05	-1.720536e-02	8.395402e-02	0.000000e+00	-5.451902e+03	2.110115e+05
3.605700e-01	1.974581e+05	-1.730544e-02	8.423943e-02	0.000000e+00	-3.671331e+03	2.011295e+05
3.617600e-01	1.891780e+05	-1.740585e-02	8.451323e-02	0.000000e+00	-2.105630e+03	1.912836e+05
3.629500e-01	2.042033e+05	-1.750658e-02	8.479181e-02	0.000000e+00	-3.200398e+03	2.074037e+05
3.641400e-01	2.104086e+05	-1.760765e-02	8.508542e-02	0.000000e+00	-2.489865e+03	2.128984e+05
3.653300e-01	2.019735e+05	-1.770908e-02	8.537745e-02	0.000000e+00	-3.493449e+03	2.054669e+05
3.665200e-01	2.115262e+05	-1.781085e-02	8.567028e-02	0.000000e+00	-2.867701e+03	2.143939e+05
3.677100e-01	2.066120e+05	-1.791298e-02	8.596639e-02	0.000000e+00	-3.476974e+03	2.100890e+05
3.689000e-01	2.004538e+05	-1.801545e-02	8.625466e-02	0.000000e+00	-3.131959e+03	2.035858e+05
3.700900e-01	1.978160e+05	-1.811826e-02	8.653670e-02	0.000000e+00	-3.412437e+03	2.012284e+05
3.712800e-01	2.006003e+05	-1.822141e-02	8.681885e-02	0.000000e+00	-3.914536e+03	2.045149e+05
3.724700e-01	2.047376e+05	-1.832489e-02	8.710589e-02	0.000000e+00	-6.310200e+01	2.048007e+05
3.736600e-01	2.141678e+05	-1.842872e-02	8.740255e-02	0.000000e+00	-1.152086e+03	2.153199e+05
3.748500e-01	2.104214e+05	-1.853291e-02	8.770322e-02	0.000000e+00	-4.014417e+03	2.144358e+05
3.760400e-01	2.108964e+05	-1.863745e-02	8.800159e-02	0.000000e+00	-2.051439e+03	2.129479e+05
3.772300e-01	1.960468e+05	-1.874235e-02	8.828977e-02	0.000000e+00	-1.175092e+03	1.972219e+05
3.784200e-01	1.833869e+05	-1.884758e-02	8.855847e-02	0.000000e+00	-4.082243e+03	1.874691e+05
3.796100e-01	2.064217e+05	-1.895312e-02	8.883452e-02	0.000000e+00	-4.437744e+03	2.108594e+05
3.808000e-01	2.183919e+05	-1.905901e-02	8.913536e-02	0.000000e+00	-5.174528e+03	2.235664e+05
3.819900e-01	1.990046e+05	-1.916526e-02	8.943094e-02	0.000000e+00	-2.327152e+03	2.013318e+05
3.831800e-01	1.898676e+05	-1.927185e-02	8.970633e-02	0.000000e+00	-2.597851e+03	1.924655e+05
3.843700e-01	2.046299e+05	-1.937876e-02	8.998570e-02	0.000000e+00	-1.558877e+03	2.061888e+05
3.855600e-01	2.008785e+05	-1.948602e-02	9.027287e-02	0.000000e+00	0.000000e+00	2.008785e+05
3.867500e-01	2.084178e+05	-1.959361e-02	9.056271e-02	0.000000e+00	-7.055520e+02	2.091234e+05
3.879400e-01	2.013633e+05	-1.970156e-02	9.085291e-02	0.000000e+00	-3.732788e+03	2.050961e+05
3.891300e-01	1.863103e+05	-1.980984e-02	9.112744e-02	0.000000e+00	-5.503831e+03	1.918141e+05
3.903200e-01	1.818049e+05	-1.991844e-02	9.138813e-02	0.000000e+00	-3.998245e+03	1.858031e+05
3.915100e-01	1.856194e+05	-2.002735e-02	9.164833e-02	0.000000e+00	-3.198987e+03	1.888184e+05
3.927000e-01	1.906288e+05	-2.013657e-02	9.191477e-02	0.000000e+00	-2.763445e+03	1.933922e+05
3.938900e-01	2.019195e+05	-2.024610e-02	9.219276e-02	0.000000e+00	-2.769024e+03	2.046886e+05
3.950800e-01	2.165069e+05	-2.035598e-02	9.248908e-02	0.000000e+00	-2.444010e+03	2.189509e+05
3.962700e-01	2.215598e+05	-2.046623e-02	9.279930e-02	0.000000e+00	-2.719482e+03	2.242793e+05
3.974600e-01	1.870235e+05	-2.057685e-02	9.308864e-02	0.000000e+00	-2.655806e+03	1.896793e+05
3.986500e-01	1.909623e+05	-2.068778e-02	9.335632e-02	0.000000e+00	-2.526305e+03	1.934886e+05
3.998400e-01	1.900238e+05	-2.079903e-02	9.362612e-02	0.000000e+00	-5.375354e+03	1.953992e+05
4.010300e-01	1.988719e+05	-2.091061e-02	9.390152e-02	0.000000e+00	-2.507212e+03	2.013791e+05
4.022200e-01	2.033696e+05	-2.102252e-02	9.418638e-02	0.000000e+00	-2.370462e+03	2.057401e+05
4.034100e-01	1.947512e+05	-2.113477e-02	9.446831e-02	0.000000e+00	-5.193345e+03	1.999446e+05
4.046000e-01	1.924975e+05	-2.124735e-02	9.474255e-02	0.000000e+00	-6.835525e+03	1.993331e+05
4.057900e-01	1.925581e+05	-2.136026e-02	9.501523e-02	0.000000e+00	-5.795763e+03	1.983539e+05
4.069800e-01	2.012076e+05	-2.147349e-02	9.529408e-02	0.000000e+00	-2.799005e+03	2.040066e+05
4.081700e-01	2.007277e+05	-2.158706e-02	9.557872e-02	0.000000e+00	-2.954462e+03	2.036821e+05
4.093600e-01	2.032563e+05	-2.170097e-02	9.586480e-02	0.000000e+00	-4.632149e+03	2.078885e+05
4.105500e-01	1.996744e+05	-2.181522e-02	9.615015e-02	0.000000e+00	-5.804499e+03	2.054789e+05
4.117400e-01	2.137190e+05	-2.192981e-02	9.644290e-02	0.000000e+00	-3.237939e+03	2.169570e+05
4.129300e-01	1.988654e+05	-2.204475e-02	9.673507e-02	0.000000e+00	-9.894156e+02	1.998548e+05
4.141200e-01	2.099771e+05	-2.216004e-02	9.702460e-02	0.000000e+00	-1.792806e+03	2.117699e+05
4.153100e-01	2.072058e+05	-2.227567e-02	9.732004e-02	0.000000e+00	-6.103438e+03	2.133092e+05
4.165000e-01	2.243284e+05	-2.239166e-02	9.762563e-02	0.000000e+00	-6.854445e+03	2.311828e+05
4.176900e-01	1.884030e+05	-2.250802e-02	9.791792e-02	0.000000e+00	-6.576061e+03	1.949791e+05
4.188800e-01	1.915677e+05	-2.262470e-02	9.818700e-02	0.000000e+00	-4.264910e+03	1.958326e+05
4.200700e-01	1.789213e+05	-2.274171e-02	9.844936e-02	0.000000e+00	-3.213276e+03	1.821346e+05
4.212600e-01	1.906057e+05	-2.285901e-02	9.871105e-02	0.000000e+00	-2.548737e+03	1.931544e+05
4.224500e-01	2.038306e+05	-2.297664e-02	9.899038e-02	0.000000e+00	-2.298949e+03	2.061296e+05
4.236400e-01	2.021509e+05	-2.309461e-02	9.927788e-02	0.000000e+00	-3.208913e+03	2.053599e+05
4.248300e-01	1.807119e+05	-2.321292e-02	9.954901e-02	0.000000e+00	-5.868454e+03	1.865804e+05
4.260200e-01	2.199862e+05	-2.333153e-02	9.983277e-02	0.000000e+00	-2.516707e+03	2.225030e+05
4.272100e-01	1.931917e+05	-2.345052e-02	1.001254e-01	0.000000e+00	-2.721540e+03	1.959133e+05
4.284000e-01	1.979331e+05	-2.356983e-02	1.004023e-01	0.000000e+00	-2.852349e+03	2.007854e+05
4.295900e-01	1.914229e+05	-2.368948e-02	1.006781e-01	0.000000e+00	-2.319918e+03	1.937428e+05
4.307800e-01	2.015045e+05	-2.380945e-02	1.009563e-01	0.000000e+00	-2.459315e+03	2.039638e+05
4.319700e-01	2.110709e+05	-2.392975e-02	1.012485e-01	0.000000e+00	-4.286514e+03	2.153574e+05
4.331600e-01	2.232447e+05	-2.405042e-02	1.015561e-01	0.000000e+00	-4.778936e+03	2.280237e+05
4.343500e-01	2.274423e+05	-2.417146e-02	1.018752e-01	0.000000e+00	-4.868474e+03	2.323108e+05
4.355400e-01	2.219467e+05	-2.429288e-02	1.021935e-01	0.000000e+00	-3.311424e+03	2.252581e+05
4.367300e-01	2.115779e+05	-2.441468e-02	1.025005e-01	0.000000e+00	-4.940528e+03	2.165184e+05
4.379200e-01	2.047011e+05	-2.453683e-02	1.027953e-01	0.000000e+00	-5.536255e+03	2.102374e+05
4.391100e-01	2.108662e+05	-2.465933e-02	1.030896e-01	0.000000e+00	-3.119481e+03	2.139857e+05
4.403000e-01	2.191661e+05	-2.478219e-02	1.033941e-01	0.000000e+00	-3.488965e+03	2.226550e+05
4.414900e-01	2.171566e+05	-2.490541e-02	1.037031e-01	0.000000e+00	-4.658104e+03	2.218147e+05
4.426800e-01	2.123358e+05	-2.502900e-02	1.040072e-01	0.000000e+00	-4.004070e+03	2.163399e+05
4.438700e-01	2.001845e+05	-2.515295e-02	1.042994e-01	0.000000e+00	-3.502684e+03	2.036872e+05
4.450600e-01	1.863839e+05	-2.527723e-02	1.045731e-01	0.000000e+00	-3.545683e+03	1.899296e+05
4.462500e-01	2.032617e+05	-2.540183e-02	1.048491e-01	0.000000e+00	-1.954728e+03	2.052164e+05
4.474400e-01	2.008045e+05	-2.552677e-02	1.051352e-01	0.000000e+00	-2.408892e+03	2.032133e+05
4.486300e-01	2.137623e+05	-2.565205e-02	1.054288e-01	0.000000e+00	-2.740030e+03	2.165023e+05
4.498200e-01	2.269066e+05	-2.577769e-02	1.057409e-01	0.000000e+00	-2.925983e+03	2.298326e+05
4.510100e-01	1.991077e+05	-2.590372e-02	1.060425e-01	0.000000e+00	-3.025810e+03	2.021335e+05
4.522000e-01	2.061809e+05	-2.603007e-02	1.063296e-01	0.000000e+00	-4.133818e+03	2.103147e+05
4.533900e-01	2.054072e+05	-2.615678e-02	1.066210e-01	0.000000e+00	-4.660165e+03	2.100674e+05
4.545800e-01	2.205177e+05	-2.628383e-02	1.069226e-01	0.000000e+00	-6.160157e+03	2.266778e+05
4.557700e-01	2.298470e+05	-2.641126e-02	1.072416e-01	0.000000e+00	-4.389535e+03	2.342365e+05
4.569600e-01	2.109580e+05	-2.653907e-02	1.075537e-01	0.000000e+00	-4.202403e+03	2.151604e+05
4.581500e-01	2.057747e+05	-2.666723e-02	1.078489e-01	0.000000e+00	-4.291895e+03	2.100666e+05
4.593400e-01	2.026560e+05	-2.679575e-02	1.081381e-01	0.000000e+00	-3.895735e+03	2.065517e+05
4.605300e-01	2.097762e+05	-2.692460e-02	1.084302e-01	0.000000e+00	-2.117569e+03	2.118938e+05
4.617200e-01	1.997552e+05	-2.705381e-02	1.087202e-01	0.000000e+00	-3.317612e+03	2.030728e+05
4.629100e-01	1.925033e+05	-2.718336e-02	1.089980e-01	0.000000e+00	-2.985308e+03	1.954887e+05
4.641000e-01	2.153185e+05	-2.731323e-02	1.092868e-01	0.000000e+00	-3.429319e+03	2.187478e+05
4.652900e-01	2.345971e+05	-2.744346e-02	1.096054e-01	0.000000e+00	-1.853478e+03	2.364506e+05
4.664800e-01	2.191577e+05	-2.757409e-02	1.099267e-01	0.000000e+00	-1.283535e+03	2.204412e+05
4.676700e-01	2.120534e+05	-2.770508e-02	1.102321e-01	0.000000e+00	-3.363847e+03	2.154172e+05
4.688600e-01	2.258448e+05	-2.783644e-02	1.105422e-01	0.000000e+00	-5.187450e+03	2.310323e+05
4.700500e-01	2.196507e+05	-2.796817e-02	1.108577e-01	0.000000e+00	-2.430914e+03	2.220816e+05
4.712400e-01	2.010046e+05	-2.810028e-02	1.111556e-01	0.000000e+00	-1.184007e+03	2.021887e+05
4.724300e-01	2.187318e+05	-2.823273e-02	1.114528e-01	0.000000e+00	-4.223306e+03	2.229551e+05
4.736200e-01	2.187552e+05	-2.836554e-02	1.117626e-01	0.000000e+00	-2.725270e+03	2.214805e+05
4.748100e-01	2.294824e+05	-2.849872e-02	1.120800e-01	0.000000e+00	-3.460268e+03	2.329426e+05
4.760000e-01	2.035200e+05	-2.863229e-02	1.123867e-01	0.000000e+00	-3.532591e+03	2.070526e+05
4.771900e-01	2.054935e+05	-2.876620e-02	1.126763e-01	0.000000e+00	-3.609838e+03	2.091034e+05
4.783800e-01	2.280670e+05	-2.890046e-02	1.129834e-01	0.000000e+00	-3.723200e+03	2.317902e+05
4.795700e-01	2.230313e+05	-2.903510e-02	1.133028e-01	0.000000e+00	-4.052749e+03	2.270840e+05
4.807600e-01	2.112718e+05	-2.917012e-02	1.136104e-01	0.000000e+00	-2.837811e+03	2.141096e+05
4.819500e-01	2.067074e+05	-2.930549e-02	1.139064e-01	0.000000e+00	-3.547028e+03	2.102544e+05
4.831400e-01	2.261584e+05	-2.944122e-02	1.142129e-01	0.000000e+00	-4.030327e+03	2.301887e+05
4.843300e-01	2.021374e+05	-2.957732e-02	1.145162e-01	0.000000e+00	-3.125489e+03	2.052629e+05
4.855200e-01	1.994037e+05	-2.971377e-02	1.148006e-01	0.000000e+00	-2.713451e+03	2.021172e+05
4.867100e-01	2.151820e+05	-2.985055e-02	1.150942e-01	0.000000e+00	-1.527612e+03	2.167096e+05
4.879000e-01	1.968795e+05	-2.998769e-02	1.153860e-01	0.000000e+00	-6.596695e+03	2.034762e+05
4.890900e-01	2.092260e+05	-3.012516e-02	1.156736e-01	0.000000e+00	-2.199228e+03	2.114252e+05
4.902800e-01	1.984399e+05	-3.026299e-02	1.159623e-01	0.000000e+00	-3.087662e+03	2.015275e+05
4.914700e-01	2.209024e+05	-3.040115e-02	1.162592e-01	0.000000e+00	-4.433093e+03	2.253355e+05
4.926600e-01	2.154080e+05	-3.053969e-02	1.165682e-01	0.000000e+00	-3.327389e+03	2.187353e+05
4.938500e-01	1.963363e+05	-3.067859e-02	1.168598e-01	0.000000e+00	-1.798403e+03	1.981347e+05
4.950400e-01	1.918307e+05	-3.081782e-02	1.171347e-01	0.000000e+00	-3.408054e+03	1.952387e+05
4.962300e-01	2.314691e+05	-3.095737e-02	1.174344e-01	0.000000e+00	-2.874514e+03	2.343436e+05
4.974200e-01	2.162012e+05	-3.109731e-02	1.177515e-01	0.000000e+00	-2.440418e+03	2.186416e+05
4.986100e-01	2.231277e+05	-3.123762e-02	1.180626e-01	0.000000e+00	-2.687842e+03	2.258156e+05
4.998000e-01	2.246371e+05	-3.137830e-02	1.183797e-01	0.000000e+00	-2.741180e+03	2.273783e+05
5.009900e-01	2.128184e+05	-3.151936e-02	1.186895e-01	0.000000e+00	-1.597536e+01	2.128344e+05
5.021800e-01	2.215877e+05	-3.166078e-02	1.189971e-01	0.000000e+00	-6.523781e+01	2.216529e+05
5.033700e-01	2.182883e+05	-3.180257e-02	1.193086e-01	0.000000e+00	-2.399073e+03	2.206874e+05
5.045600e-01	2.293603e+05	-3.194473e-02	1.196256e-01	0.000000e+00	-2.872453e+03	2.322328e+05
5.057500e-01	2.346420e+05	-3.208728e-02	1.199542e-01	0.000000e+00	-1.902391e+03	2.365444e+05
5.069400e-01	2.304170e+05	-3.223022e-02	1.202835e-01	0.000000e+00	-1.414247e+03	2.318313e+05
5.081300e-01	2.012697e+05	-3.237356e-02	1.205892e-01	0.000000e+00	-5.893067e+03	2.071628e+05
5.093200e-01	2.083508e+05	-3.251723e-02	1.208793e-01	0.000000e+00	-4.277922e+03	2.126287e+05
5.105100e-01	2.290351e+05	-3.266125e-02	1.211891e-01	0.000000e+00	-1.744603e+03	2.307797e+05
5.117000e-01	2.347863e+05	-3.280566e-02	1.215175e-01	0.000000e+00	-2.983414e+03	2.377697e+05
5.128900e-01	2.109774e+05	-3.295046e-02	1.218332e-01	0.000000e+00	-3.119625e+03	2.140970e+05
5.140800e-01	2.158755e+05	-3.309562e-02	1.221355e-01	0.000000e+00	-5.442433e+03	2.213180e+05
5.152700e-01	2.295072e+05	-3.324114e-02	1.224509e-01	0.000000e+00	-4.082089e+03	2.335893e+05
5.164600e-01	2.070924e+05	-3.338705e-02	1.227601e-01	0.000000e+00	-2.363720e+03	2.094561e+05
5.176500e-01	2.103285e+05	-3.353331e-02	1.230557e-01	0.000000e+00	-2.453496e+03	2.127820e+05
5.188400e-01	2.243670e+05	-3.367993e-02	1.233635e-01	0.000000e+00	-2.404139e+03	2.267712e+05
5.200300e-01	2.052907e+05	-3.382692e-02	1.236678e-01	0.000000e+00	-2.443682e+03	2.077344e+05
5.212200e-01	2.061998e+05	-3.397426e-02	1.239592e-01	0.000000e+00	-2.989673e+03	2.091895e+05
5.224100e-01	2.022408e+05	-3.412194e-02	1.242484e-01	0.000000e+00	-2.236042e+03	2.044768e+05
5.236000e-01	1.949475e+05	-3.426997e-02	1.245297e-01	0.000000e+00	-3.089313e+03	1.980368e+05
5.247900e-01	2.143291e+05	-3.441832e-02	1.248195e-01	0.000000e+00	-3.188397e+03	2.175175e+05
5.259800e-01	1.931202e+05	-3.456704e-02	1.251081e-01	0.000000e+00	-2.660718e+03	1.957809e+05
5.271700e-01	2.204641e+05	-3.471608e-02	1.254010e-01	0.000000e+00	-3.801327e+03	2.242654e+05
5.283600e-01	2.498595e+05	-3.486549e-02	1.257340e-01	0.000000e+00	-3.620761e+03	2.534802e+05
5.295500e-01	2.262252e+05	-3.501533e-02	1.260712e-01	0.000000e+00	-2.961116e+03	2.291863e+05
5.307400e-01	2.097168e+05	-3.516554e-02	1.263799e-01	0.000000e+00	-1.371284e+03	2.110881e+05
5.319300e-01	2.034149e+05	-3.531611e-02	1.266725e-01	0.000000e+00	-2.766502e+03	2.061814e+05
5.331200e-01	2.130149e+05	-3.546702e-02	1.269674e-01	0.000000e+00	-2.719066e+03	2.157340e+05
5.343100e-01	2.079588e+05	-3.561829e-02	1.272655e-01	0.000000e+00	-5.056817e+02	2.084645e+05
5.355000e-01	1.991801e+05	-3.576991e-02	1.275538e-01	0.000000e+00	-1.737313e+03	2.009174e+05
5.366900e-01	2.256329e+05	-3.592187e-02	1.278546e-01	0.000000e+00	-3.043709e+03	2.286766e+05
5.378800e-01	2.403103e+05	-3.607421e-02	1.281846e-01	0.000000e+00	-2.160157e+03	2.424705e+05
5.390700e-01	2.005781e+05	-3.622695e-02	1.284968e-01	0.000000e+00	-1.841967e+03	2.024201e+05
5.402600e-01	2.085915e+05	-3.638003e-02	1.287866e-01	0.000000e+00	-1.474482e+03	2.100660e+05
5.414500e-01	2.269362e+05	-3.653346e-02	1.290950e-01	0.000000e+00	-5.184252e+03	2.321204e+05
5.426400e-01	2.244357e+05	-3.668728e-02	1.294147e-01	0.000000e+00	-2.087408e+03	2.265231e+05
5.438300e-01	2.015464e+05	-3.684147e-02	1.297163e-01	0.000000e+00	-1.468212e+03	2.030146e+05
5.450200e-01	1.959388e+05	-3.699600e-02	1.299978e-01	0.000000e+00	-1.836825e+03	1.977756e+05
5.462100e-01	1.989131e+05	-3.715086e-02	1.302774e-01	0.000000e+00	-2.908155e+03	2.018212e+05
5.474000e-01	2.213967e+05	-3.730606e-02	1.305751e-01	0.000000e+00	-5.128484e+03	2.265252e+05
5.485900e-01	2.355587e+05	-3.746163e-02	1.308987e-01	0.000000e+00	-3.822659e+03	2.393813e+05
5.497800e-01	2.089501e+05	-3.761760e-02	1.312135e-01	0.000000e+00	-5.171166e+03	2.141212e+05
5.509700e-01	2.112562e+05	-3.777392e-02	1.315110e-01	0.000000e+00	-1.760377e+03	2.130165e+05
5.521600e-01	2.020870e+05	-3.793060e-02	1.318037e-01	0.000000e+00	-1.586345e+03	2.036734e+05
5.533500e-01	1.998174e+05	-3.808761e-02	1.320884e-01	0.000000e+00	-4.273042e+03	2.040905e+05
5.545400e-01	2.020476e+05	-3.824497e-02	1.323729e-01	0.000000e+00	-1.954056e+03	2.040016e+05
5.557300e-01	1.986748e+05	-3.840266e-02	1.326567e-01	0.000000e+00	-2.017408e+02	1.988765e+05
5.569200e-01	2.171753e+05	-3.856069e-02	1.329512e-01	0.000000e+00	-2.470852e+03	2.196461e+05
5.581100e-01	2.124193e+05	-3.871908e-02	1.332554e-01	0.000000e+00	-2.694774e+03	2.151141e+05
5.593000e-01	2.192494e+05	-3.887784e-02	1.335611e-01	0.000000e+00	-1.942726e+03	2.211921e+05
5.604900e-01	2.275495e+05	-3.903696e-02	1.338775e-01	0.000000e+00	-1.226252e+03	2.287758e+05
5.616800e-01	2.129539e+05	-3.919647e-02	1.341895e-01	0.000000e+00	-1.923335e+03	2.148772e+05
5.628700e-01	2.227311e+05	-3.935633e-02	1.344980e-01	0.000000e+00	-1.305027e+03	2.240361e+05
5.640600e-01	2.083025e+05	-3.951657e-02	1.348033e-01	0.000000e+00	-2.283286e+03	2.105857e+05
5.652500e-01	2.104002e+05	-3.967716e-02	1.350998e-01	0.000000e+00	-1.788919e+03	2.121891e+05
5.664400e-01	2.135679e+05	-3.983811e-02	1.354000e-01	0.000000e+00	-3.197745e+03	2.167656e+05
5.676300e-01	2.082846e+05	-3.999941e-02	1.356988e-01	0.000000e+00	-3.523431e+03	2.118080e+05
5.688200e-01	2.145618e+05	-4.016107e-02	1.359982e-01	0.000000e+00	-3.877173e+03	2.184390e+05
5.700100e-01	2.211175e+05	-4.032309e-02	1.363067e-01	0.000000e+00	-1.239198e+03	2.223567e+05
5.712000e-01	2.315619e+05	-4.048548e-02	1.366273e-01	0.000000e+00	-3.538952e+03	2.351008e+05
5.723900e-01	2.191004e+05	-4.064826e-02	1.369464e-01	0.000000e+00	-4.952038e+03	2.240524e+05
5.735800e-01	2.164967e+05	-4.081141e-02	1.372549e-01	0.000000e+00	-1.628292e+03	2.181250e+05
5.747700e-01	2.170279e+05	-4.097493e-02	1.375619e-01	0.000000e+00	-2.912914e+02	2.173192e+05
5.759600e-01	2.113106e+05	-4.113881e-02	1.378653e-01	0.000000e+00	-2.385272e+03	2.136959e+05
5.771500e-01	2.131334e+05	-4.130305e-02	1.381658e-01	0.000000e+00	-1.871497e+03	2.150049e+05
5.783400e-01	2.079215e+05	-4.146765e-02	1.384640e-01	0.000000e+00	-2.107224e+03	2.100287e+05
5.795300e-01	2.114618e+05	-4.163259e-02	1.387610e-01	0.000000e+00	-2.200184e+03	2.136620e+05
5.807200e-01	2.143761e+05	-4.179790e-02	1.390626e-01	0.000000e+00	-2.965239e+03	2.173413e+05
5.819100e-01	2.084441e+05	-4.196356e-02	1.393620e-01	0.000000e+00	-3.076478e+03	2.115206e+05
5.831000e-01	2.111532e+05	-4.212958e-02	1.396591e-01	0.000000e+00	-2.063701e+03	2.132169e+05
5.842900e-01	2.072066e+05	-4.229595e-02	1.399554e-01	0.000000e+00	-3.201469e+03	2.104081e+05
5.854800e-01	2.054391e+05	-4.246267e-02	1.402476e-01	0.000000e+00	-3.100930e+03	2.085401e+05
5.866700e-01	2.105866e+05	-4.262974e-02	1.405422e-01	0.000000e+00	-9.405006e+02	2.115271e+05
5.878600e-01	2.308760e+05	-4.279716e-02	1.408549e-01	0.000000e+00	-3.925115e+03	2.348011e+05
5.890500e-01	2.121684e+05	-4.296497e-02	1.411686e-01	0.000000e+00	-5.124731e+03	2.172931e+05
5.902400e-01	2.173970e+05	-4.313314e-02	1.414728e-01	0.000000e+00	-3.978514e+03	2.213755e+05
5.914300e-01	2.003857e+05	-4.330168e-02	1.417687e-01	0.000000e+00	-2.301058e+03	2.026868e+05
5.926200e-01	1.999914e+05	-4.347055e-02	1.420522e-01	0.000000e+00	-3.550229e+03	2.035416e+05
5.938100e-01	2.124501e+05	-4.363976e-02	1.423443e-01	0.000000e+00	-1.694948e+03	2.141450e+05
5.950000e-01	2.170080e+05	-4.380933e-02	1.426484e-01	0.000000e+00	-8.991154e+02	2.179072e+05
5.961900e-01	2.174877e+05	-4.397927e-02	1.429561e-01	0.000000e+00	-2.436215e+03	2.199239e+05
5.973800e-01	2.152739e+05	-4.414957e-02	1.432626e-01	0.000000e+00	-1.942791e+03	2.172167e+05
5.985700e-01	2.171299e+05	-4.432023e-02	1.435688e-01	0.000000e+00	-2.293183e+03	2.194231e+05
5.997600e-01	2.274225e+05	-4.449126e-02	1.438836e-01	0.000000e+00	-1.381494e+03	2.288040e+05
6.009500e-01	2.007718e+05	-4.466268e-02	1.441868e-01	0.000000e+00	-1.364417e+03	2.021362e+05
6.021400e-01	2.156194e+05	-4.483443e-02	1.444817e-01	0.000000e+00	-2.268457e+03	2.178878e+05
6.033300e-01	2.190118e+05	-4.500654e-02	1.447895e-01	0.000000e+00	-3.042372e+03	2.220542e+05
6.045200e-01	2.264828e+05	-4.517903e-02	1.451050e-01	0.000000e+00	-2.206073e+03	2.286889e+05
6.057100e-01	2.330124e+05	-4.535189e-02	1.454304e-01	0.000000e+00	-2.630874e+03	2.356433e+05
6.069000e-01	2.242937e+05	-4.552515e-02	1.457542e-01	0.000000e+00	-4.166083e+02	2.247103e+05
6.080900e-01	2.192249e+05	-4.569879e-02	1.460683e-01	0.000000e+00	-1.898958e+03	2.211239e+05
6.092800e-01	2.190703e+05	-4.587279e-02	1.463787e-01	0.000000e+00	-5.296738e+02	2.195999e+05
6.104700e-01	2.470587e+05	-4.604717e-02	1.467088e-01	0.000000e+00	-2.231506e+03	2.492902e+05
6.116600e-01	2.120298e+05	-4.622196e-02	1.470339e-01	0.000000e+00	-3.314780e+03	2.153445e+05
6.128500e-01	2.080117e+05	-4.639711e-02	1.473314e-01	0.000000e+00	-3.865303e+03	2.118770e+05
6.140400e-01	2.253936e+05	-4.657261e-02	1.476383e-01	0.000000e+00	-2.992453e+03	2.283861e+05
6.152300e-01	2.122584e+05	-4.674849e-02	1.479482e-01	0.000000e+00	-1.668940e+03	2.139273e+05
6.164200e-01	2.244813e+05	-4.692473e-02	1.482575e-01	0.000000e+00	-1.053068e+03	2.255343e+05
6.176100e-01	2.179976e+05	-4.710134e-02	1.485709e-01	0.000000e+00	-2.317306e+03	2.203149e+05
6.188000e-01	2.136386e+05	-4.727832e-02	1.488765e-01	0.000000e+00	-1.969097e+03	2.156077e+05
6.199900e-01	2.339435e+05	-4.745567e-02	1.491935e-01	0.000000e+00	-3.506769e+03	2.374503e+05
6.211800e-01	2.397090e+05	-4.763340e-02	1.495289e-01	0.000000e+00	-2.874022e+03	2.425830e+05
6.223700e-01	2.278364e+05	-4.781155e-02	1.498600e-01	0.000000e+00	-3.510895e+03	2.313473e+05
6.235600e-01	2.204361e+05	-4.799007e-02	1.501775e-01	0.000000e+00	-2.628634e+03	2.230648e+05
6.247500e-01	2.166048e+05	-4.816897e-02	1.504870e-01	0.000000e+00	-7.020372e+02	2.173069e+05
6.259400e-01	2.101207e+05	-4.834823e-02	1.507892e-01	0.000000e+00	-1.631568e+03	2.117523e+05
6.271300e-01	2.212899e+05	-4.852785e-02	1.510947e-01	0.000000e+00	-2.146855e+03	2.234368e+05
6.283200e-01	2.235351e+05	-4.870784e-02	1.514097e-01	0.000000e+00	-2.991908e+03	2.265271e+05
6.295100e-01	2.174883e+05	-4.888820e-02	1.517220e-01	0.000000e+00	-2.024376e+03	2.195127e+05
6.307000e-01	2.282434e+05	-4.906893e-02	1.520376e-01	0.000000e+00	-2.990816e+03	2.312342e+05
6.318900e-01	2.236867e+05	-4.925005e-02	1.523577e-01	0.000000e+00	-2.643844e+03	2.263305e+05
6.330800e-01	2.175946e+05	-4.943155e-02	1.526702e-01	0.000000e+00	-2.930110e+03	2.205247e+05
6.342700e-01	2.243854e+05	-4.961341e-02	1.529832e-01	0.000000e+00	-9.200723e+02	2.253054e+05
6.354600e-01	2.096388e+05	-4.979565e-02	1.532905e-01	0.000000e+00	-8.216018e+02	2.104604e+05
6.366500e-01	2.221930e+05	-4.997824e-02	1.535963e-01	0.000000e+00	-2.972606e+03	2.251656e+05
6.378400e-01	2.358206e+05	-5.016120e-02	1.539207e-01	0.000000e+00	-1.738082e+03	2.375587e+05
6.390300e-01	2.136528e+05	-5.034457e-02	1.542390e-01	0.000000e+00	-3.480408e+03	2.171332e+05
6.402200e-01	2.158588e+05	-5.052829e-02	1.545432e-01	0.000000e+00	-3.355236e+03	2.192140e+05
6.414100e-01	2.197252e+05	-5.071238e-02	1.548516e-01	0.000000e+00	-1.613631e+03	2.213389e+05
6.426000e-01	2.169724e+05	-5.089684e-02	1.551609e-01	0.000000e+00	-2.120431e+03	2.190928e+05
6.437900e-01	2.176359e+05	-5.108166e-02	1.554687e-01	0.000000e+00	-1.827912e+03	2.194638e+05
6.449800e-01	2.331976e+05	-5.126686e-02	1.557879e-01	0.000000e+00	-1.991734e+03	2.351893e+05
6.461700e-01	2.161951e+05	-5.145244e-02	1.561062e-01	0.000000e+00	-5.925704e+02	2.167877e+05
6.473600e-01	2.143564e+05	-5.163839e-02	1.564111e-01	0.000000e+00	-2.517996e+03	2.168744e+05
6.485500e-01	2.295729e+05	-5.182470e-02	1.567254e-01	0.000000e+00	-3.364357e+03	2.329372e+05
6.497400e-01	2.369352e+05	-5.201139e-02	1.570558e-01	0.000000e+00	-4.410843e+02	2.373762e+05
6.509300e-01	2.260728e+05	-5.219849e-02	1.573837e-01	0.000000e+00	-1.786556e+03	2.278593e+05
6.521200e-01	2.271805e+05	-5.238597e-02	1.577047e-01	0.000000e+00	-2.663862e+03	2.298443e+05
6.533100e-01	2.148897e+05	-5.257383e-02	1.580177e-01	0.000000e+00	-3.476201e+03	2.183659e+05
6.545000e-01	2.425293e+05	-5.276205e-02	1.583417e-01	0.000000e+00	-8.759934e+02	2.434053e+05
6.556900e-01	2.131290e+05	-5.295068e-02	1.586643e-01	0.000000e+00	-7.526527e+02	2.138816e+05
6.568800e-01	2.253940e+05	-5.313967e-02	1.589749e-01	0.000000e+00	-1.092448e+03	2.264864e+05
6.580700e-01	2.195372e+05	-5.332904e-02	1.592900e-01	0.000000e+00	-2.907534e+03	2.224447e+05
6.592600e-01	1.941268e+05	-5.351878e-02	1.595829e-01	0.000000e+00	-2.792135e+03	1.969189e+05
6.604500e-01	2.128098e+05	-5.370885e-02	1.598711e-01	0.000000e+00	-8.585917e+02	2.136684e+05
6.616400e-01	2.066354e+05	-5.389927e-02	1.601681e-01	0.000000e+00	-8.704972e+01	2.067225e+05
6.628300e-01	2.093163e+05	-5.409005e-02	1.604627e-01	0.000000e+00	-3.329250e+03	2.126455e+05
6.640200e-01	2.232595e+05	-5.428118e-02	1.607690e-01	0.000000e+00	-1.743278e+03	2.250028e+05
6.652100e-01	2.333578e+05	-5.447268e-02	1.610924e-01	0.000000e+00	-7.883921e+02	2.341462e+05
6.664000e-01	2.112129e+05	-5.466458e-02	1.614072e-01	0.000000e+00	-2.071727e+03	2.132847e+05
6.675900e-01	2.032721e+05	-5.485683e-02	1.617007e-01	0.000000e+00	-3.032085e+03	2.063042e+05
6.687800e-01	2.136205e+05	-5.504942e-02	1.619960e-01	0.000000e+00	-1.887596e+03	2.155081e+05
6.699700e-01	2.168024e+05	-5.524238e-02	1.623008e-01	0.000000e+00	-2.102657e+03	2.189051e+05
6.711600e-01	2.282339e+05	-5.543570e-02	1.626159e-01	0.000000e+00	-8.401716e+01	2.283179e+05
6.723500e-01	2.181270e+05	-5.562940e-02	1.629320e-01	0.000000e+00	-1.874752e+03	2.200018e+05
6.735400e-01	2.121532e+05	-5.582348e-02	1.632367e-01	0.000000e+00	-1.899031e+03	2.140522e+05
6.747300e-01	2.131723e+05	-5.601791e-02	1.635379e-01	0.000000e+00	-8.632154e+02	2.140355e+05
6.759200e-01	2.142711e+05	-5.621270e-02	1.638406e-01	0.000000e+00	-9.634761e+02	2.152346e+05
6.771100e-01	2.175993e+05	-5.640785e-02	1.641465e-01	0.000000e+00	-3.217227e+02	2.179210e+05
6.783000e-01	2.264158e+05	-5.660337e-02	1.644609e-01	0.000000e+00	-8.004917e+02	2.272163e+05
6.794900e-01	2.127578e+05	-5.679927e-02	1.647719e-01	0.000000e+00	-1.711976e+03	2.144698e+05
6.806800e-01	2.340063e+05	-5.699552e-02	1.650883e-01	0.000000e+00	-3.439238e+03	2.374455e+05
6.818700e-01	2.329704e+05	-5.719218e-02	1.654190e-01	0.000000e+00	-3.205949e+03	2.361763e+05
6.830600e-01	2.420869e+05	-5.738922e-02	1.657554e-01	0.000000e+00	-1.535918e+03	2.436228e+05
6.842500e-01	2.245338e+05	-5.758667e-02	1.660859e-01	0.000000e+00	-6.743641e+02	2.252081e+05
6.854400e-01	2.243195e+05	-5.778451e-02	1.664037e-01	0.000000e+00	-1.003660e+03	2.253232e+05
6.866300e-01	2.438965e+05	-5.798271e-02	1.667353e-01	0.000000e+00	-2.774807e+03	2.466713e+05
6.878200e-01	2.263657e+05	-5.818134e-02	1.670683e-01	0.000000e+00	-1.984711e+03	2.283504e+05
6.890100e-01	2.194389e+05	-5.838034e-02	1.673840e-01	0.000000e+00	-2.194407e+03	2.216333e+05
6.902000e-01	2.230841e+05	-5.857971e-02	1.676974e-01	0.000000e+00	-2.346257e+03	2.254304e+05
6.913900e-01	2.300907e+05	-5.877946e-02	1.680183e-01	0.000000e+00	-3.656598e+03	2.337473e+05
6.925800e-01	2.245503e+05	-5.897959e-02	1.683403e-01	0.000000e+00	-1.818406e+03	2.263687e+05
6.937700e-01	2.063371e+05	-5.918011e-02	1.686454e-01	0.000000e+00	-1.740947e+03	2.080780e+05
6.949600e-01	2.127341e+05	-5.938097e-02	1.689422e-01	0.000000e+00	-3.630790e+03	2.163649e+05
6.961500e-01	2.244562e+05	-5.958219e-02	1.692518e-01	0.000000e+00	-1.502927e+03	2.259591e+05
6.973400e-01	2.197136e+05	-5.978379e-02	1.695663e-01	0.000000e+00	-7.472500e+02	2.204609e+05
6.985300e-01	2.260167e+05	-5.998576e-02	1.698820e-01	0.000000e+00	-9.862176e+02	2.270029e+05
6.997200e-01	2.190109e+05	-6.018811e-02	1.701971e-01	0.000000e+00	-2.036415e+03	2.210473e+05
7.009100e-01	2.265984e+05	-6.039083e-02	1.705127e-01	0.000000e+00	-2.278301e+03	2.288767e+05
7.021000e-01	2.268727e+05	-6.059393e-02	1.708338e-01	0.000000e+00	-1.771033e+03	2.286438e+05
7.032900e-01	2.130154e+05	-6.079741e-02	1.711454e-01	0.000000e+00	-2.351519e+03	2.153669e+05
7.044800e-01	2.219348e+05	-6.100125e-02	1.714534e-01	0.000000e+00	-1.562779e+03	2.234976e+05
7.056700e-01	2.413277e+05	-6.120547e-02	1.717814e-01	0.000000e+00	-7.517452e+02	2.420795e+05
7.068600e-01	2.130178e+05	-6.141009e-02	1.721032e-01	0.000000e+00	-1.021725e+03	2.140396e+05
7.080500e-01	2.215696e+05	-6.161508e-02	1.724109e-01	0.000000e+00	-1.927628e+03	2.234973e+05
7.092400e-01	2.298282e+05	-6.182043e-02	1.727306e-01	0.000000e+00	-1.304267e+03	2.311325e+05
7.104300e-01	2.292048e+05	-6.202617e-02	1.730557e-01	0.000000e+00	-1.367329e+03	2.305721e+05
7.116200e-01	2.205781e+05	-6.223230e-02	1.733742e-01	0.000000e+00	-1.249797e+03	2.218279e+05
7.128100e-01	2.241928e+05	-6.243880e-02	1.736892e-01	0.000000e+00	-2.169393e+03	2.263622e+05
7.140000e-01	2.237678e+05	-6.264568e-02	1.740064e-01	0.000000e+00	-2.396995e+03	2.261648e+05
7.151900e-01	2.401041e+05	-6.285294e-02	1.743349e-01	0.000000e+00	-3.477240e+03	2.435813e+05
7.163800e-01	2.103167e+05	-6.306060e-02	1.746539e-01	0.000000e+00	-1.732022e+03	2.120488e+05
7.175700e-01	2.113900e+05	-6.326862e-02	1.749525e-01	0.000000e+00	-2.205912e+03	2.135959e+05
7.187600e-01	2.176402e+05	-6.347699e-02	1.752563e-01	0.000000e+00	-1.331956e+03	2.189722e+05
7.199500e-01	2.211562e+05	-6.368573e-02	1.755671e-01	0.000000e+00	-2.373994e+03	2.235302e+05
7.211400e-01	2.350985e+05	-6.389484e-02	1.758902e-01	0.000000e+00	-1.639321e+03	2.367378e+05
7.223300e-01	2.184662e+05	-6.410435e-02	1.762114e-01	0.000000e+00	-4.351175e+03	2.228174e+05
7.235200e-01	2.357309e+05	-6.431422e-02	1.765330e-01	0.000000e+00	-2.948142e+03	2.386791e+05
7.247100e-01	2.382196e+05	-6.452449e-02	1.768687e-01	0.000000e+00	-1.551462e+03	2.397711e+05
7.259000e-01	2.291657e+05	-6.473517e-02	1.771996e-01	0.000000e+00	-1.583969e+03	2.307497e+05
7.270900e-01	2.136495e+05	-6.494623e-02	1.775132e-01	0.000000e+00	-2.882295e+03	2.165318e+05
7.282800e-01	2.105745e+05	-6.515765e-02	1.778137e-01	0.000000e+00	-1.033864e+03	2.116084e+05
7.294700e-01	2.282478e+05	-6.536943e-02	1.781244e-01	0.000000e+00	-3.938888e+03	2.321867e+05
7.306600e-01	2.358327e+05	-6.558159e-02	1.784531e-01	0.000000e+00	-2.538860e+03	2.383716e+05
7.318500e-01	2.373180e+05	-6.579414e-02	1.787881e-01	0.000000e+00	-3.101405e+03	2.404194e+05
7.330400e-01	2.063776e+05	-6.600710e-02	1.791023e-01	0.000000e+00	-2.859367e+03	2.092370e+05
7.342300e-01	2.270580e+05	-6.622041e-02	1.794093e-01	0.000000e+00	-2.020673e+03	2.290787e+05
7.354200e-01	2.221165e+05	-6.643410e-02	1.797274e-01	0.000000e+00	-1.606192e+03	2.237227e+05
7.366100e-01	1.930186e+05	-6.664816e-02	1.800214e-01	0.000000e+00	-1.088751e+03	1.941073e+05
7.378000e-01	2.266264e+05	-6.686255e-02	1.803185e-01	0.000000e+00	-2.718343e+02	2.268982e+05
7.389900e-01	2.501347e+05	-6.707732e-02	1.806562e-01	0.000000e+00	-8.037814e+02	2.509385e+05
7.401800e-01	2.417511e+05	-6.729251e-02	1.810045e-01	0.000000e+00	-2.648378e+03	2.443995e+05
7.413700e-01	2.134577e+05	-6.750811e-02	1.813269e-01	0.000000e+00	-3.004539e+03	2.164622e+05
7.425600e-01	2.004545e+05	-6.772407e-02	1.816200e-01	0.000000e+00	-5.406386e+03	2.058609e+05
7.437500e-01	2.187885e+05	-6.794036e-02	1.819169e-01	0.000000e+00	-2.284978e+03	2.210735e+05
7.449400e-01	2.053584e+05	-6.815703e-02	1.822172e-01	0.000000e+00	-2.061690e+03	2.074200e+05
7.461300e-01	2.270623e+05	-6.837404e-02	1.825235e-01	0.000000e+00	-1.537348e+03	2.285997e+05
7.473200e-01	2.378359e+05	-6.859143e-02	1.828527e-01	0.000000e+00	-1.861523e+03	2.396974e+05
7.485100e-01	2.197218e+05	-6.880923e-02	1.831767e-01	0.000000e+00	-2.583706e+03	2.223055e+05
7.497000e-01	2.322696e+05	-6.902739e-02	1.834968e-01	0.000000e+00	-1.361349e+03	2.336310e+05
7.508900e-01	2.479730e+05	-6.924595e-02	1.838369e-01	0.000000e+00	-1.319616e+03	2.492926e+05
7.520800e-01	2.355589e+05	-6.946493e-02	1.841793e-01	0.000000e+00	-4.047570e+02	2.359636e+05
7.532700e-01	2.338260e+05	-6.968430e-02	1.845117e-01	0.000000e+00	-1.146628e+03	2.349726e+05
7.544600e-01	2.225380e+05	-6.990406e-02	1.848349e-01	0.000000e+00	-1.027739e+03	2.235658e+05
7.556500e-01	2.163857e+05	-7.012421e-02	1.851457e-01	0.000000e+00	-9.744086e+02	2.173601e+05
7.568400e-01	2.153052e+05	-7.034471e-02	1.854514e-01	0.000000e+00	-1.778945e+03	2.170842e+05
7.580300e-01	2.119760e+05	-7.056558e-02	1.857540e-01	0.000000e+00	-3.038882e+03	2.150149e+05
7.592200e-01	2.368279e+05	-7.078681e-02	1.860718e-01	0.000000e+00	-1.438567e+03	2.382664e+05
7.604100e-01	2.284409e+05	-7.100843e-02	1.864013e-01	0.000000e+00	-9.294835e+02	2.293703e+05
7.616000e-01	2.375827e+05	-7.123044e-02	1.867313e-01	0.000000e+00	-5.644569e+02	2.381471e+05
7.627900e-01	2.145546e+05	-7.145285e-02	1.870515e-01	0.000000e+00	-1.016381e+03	2.155709e+05
7.639800e-01	2.087925e+05	-7.167562e-02	1.873513e-01	0.000000e+00	-1.752629e+03	2.105451e+05
7.651700e-01	2.279203e+05	-7.189875e-02	1.876606e-01	0.000000e+00	-1.797609e+03	2.297179e+05
7.663600e-01	2.225026e+05	-7.212226e-02	1.879796e-01	0.000000e+00	-1.707941e+03	2.242105e+05
7.675500e-01	2.402157e+05	-7.234614e-02	1.883072e-01	0.000000e+00	-6.783692e+02	2.408941e+05
7.687400e-01	2.251867e+05	-7.257043e-02	1.886368e-01	0.000000e+00	-9.414504e+02	2.261282e+05
7.699300e-01	2.362577e+05	-7.279509e-02	1.889636e-01	0.000000e+00	-1.308518e+03	2.375662e+05
7.711200e-01	2.293465e+05	-7.302016e-02	1.892933e-01	0.000000e+00	-1.958516e+03	2.313050e+05
7.723100e-01	2.365150e+05	-7.324561e-02	1.896232e-01	0.000000e+00	-1.380508e+03	2.378955e+05
7.735000e-01	2.165090e+05	-7.347146e-02	1.899441e-01	0.000000e+00	-1.643829e+03	2.181529e+05
7.746900e-01	2.346657e+05	-7.369768e-02	1.902636e-01	0.000000e+00	-8.975924e+02	2.355633e+05
7.758800e-01	2.202354e+05	-7.392429e-02	1.905857e-01	0.000000e+00	-1.371394e+03	2.216068e+05
7.770700e-01	2.261923e+05	-7.415127e-02	1.909019e-01	0.000000e+00	-1.159526e+03	2.273518e+05
7.782600e-01	2.208786e+05	-7.437864e-02	1.912185e-01	0.000000e+00	-2.229225e+03	2.231079e+05
7.794500e-01	2.081735e+05	-7.460637e-02	1.915223e-01	0.000000e+00	-2.851633e+03	2.110252e+05
7.806400e-01	2.140652e+05	-7.483446e-02	1.918213e-01	0.000000e+00	-1.627029e+03	2.156922e+05
7.818300e-01	2.108210e+05	-7.506291e-02	1.921222e-01	0.000000e+00	-1.921574e+03	2.127425e+05
7.830200e-01	2.276349e+05	-7.529171e-02	1.924327e-01	0.000000e+00	-1.536035e+03	2.291709e+05
7.842100e-01	2.137289e+05	-7.552090e-02	1.927453e-01	0.000000e+00	-1.615960e+03	2.153449e+05
7.854000e-01	1.893491e+05	-7.575044e-02	1.930307e-01	0.000000e+00	-3.191916e+03	1.925411e+05
7.865900e-01	2.213934e+05	-7.598031e-02	1.933216e-01	0.000000e+00	-4.278428e+03	2.256718e+05
7.877800e-01	2.291536e+05	-7.621055e-02	1.936406e-01	0.000000e+00	-1.253278e+03	2.304068e+05
7.889700e-01	2.183699e+05	-7.644118e-02	1.939576e-01	0.000000e+00	-1.506462e+03	2.198763e+05
7.901600e-01	2.082813e+05	-7.667217e-02	1.942597e-01	0.000000e+00	-1.668473e+03	2.099498e+05
7.913500e-01	2.176991e+05	-7.690351e-02	1.945614e-01	0.000000e+00	-3.248370e+03	2.209474e+05
7.925400e-01	2.075702e+05	-7.713523e-02	1.948625e-01	0.000000e+00	-1.068372e+03	2.086386e+05
7.937300e-01	2.103054e+05	-7.736729e-02	1.951584e-01	0.000000e+00	-1.017403e+03	2.113228e+05
7.949200e-01	2.260306e+05	-7.759970e-02	1.954674e-01	0.000000e+00	-2.502935e+03	2.285336e+05
7.961100e-01	2.210201e+05	-7.783250e-02	1.957840e-01	0.000000e+00	-2.186457e+03	2.232066e+05
7.973000e-01	2.286224e+05	-7.806567e-02	1.961024e-01	0.000000e+00	-8.988567e+02	2.295213e+05
7.984900e-01	2.106083e+05	-7.829922e-02	1.964135e-01	0.000000e+00	-1.778703e+03	2.123870e+05
7.996800e-01	2.215450e+05	-7.853313e-02	1.967195e-01	0.000000e+00	-3.409054e+03	2.249540e+05
8.008700e-01	2.501772e+05	-7.876742e-02	1.970536e-01	0.000000e+00	-2.734598e+03	2.529118e+05
8.020600e-01	2.179735e+05	-7.900212e-02	1.973851e-01	0.000000e+00	-2.214402e+03	2.201879e+05
8.032500e-01	2.120237e+05	-7.923719e-02	1.976896e-01	0.000000e+00	-2.304313e+03	2.143280e+05
8.044400e-01	2.237533e+05	-7.947262e-02	1.979982e-01	0.000000e+00	-3.430133e+03	2.271834e+05
8.056300e-01	2.244781e+05	-7.970843e-02	1.983156e-01	0.000000e+00	-1.825449e+03	2.263035e+05
8.068200e-01	2.247131e+05	-7.994461e-02	1.986337e-01	0.000000e+00	-1.785724e+03	2.264988e+05
8.080100e-01	2.528593e+05	-8.018118e-02	1.989719e-01	0.000000e+00	-8.883474e+02	2.537476e+05
8.092000e-01	2.520280e+05	-8.041817e-02	1.993295e-01	0.000000e+00	-2.279115e+03	2.543071e+05
8.103900e-01	2.218357e+05	-8.065558e-02	1.996651e-01	0.000000e+00	-1.561375e+03	2.233971e+05
8.115800e-01	2.335715e+05	-8.089337e-02	1.999876e-01	0.000000e+00	-2.405484e+03	2.359770e+05
8.127700e-01	2.218132e+05	-8.113155e-02	2.003101e-01	0.000000e+00	-1.892895e+03	2.237061e+05
8.139600e-01	2.247518e+05	-8.137011e-02	2.006263e-01	0.000000e+00	-7.574538e+02	2.255092e+05
8.151500e-01	2.370397e+05	-8.160904e-02	2.009533e-01	0.000000e+00	-8.265199e+02	2.378662e+05
8.163400e-01	2.268897e+05	-8.184838e-02	2.012819e-01	0.000000e+00	-8.032982e+02	2.276930e+05
8.175300e-01	2.360266e+05	-8.208809e-02	2.016097e-01	0.000000e+00	-1.020319e+03	2.370469e+05
8.187200e-01	2.215880e+05	-8.232821e-02	2.019337e-01	0.000000e+00	-6.973913e+02	2.222853e+05
8.199100e-01	2.036703e+05	-8.256869e-02	2.022349e-01	0.000000e+00	-6.761848e+02	2.043465e+05
8.211000e-01	2.179799e+05	-8.280953e-02	2.025335e-01	0.000000e+00	-2.383720e+03	2.203636e+05
8.222900e-01	2.221939e+05	-8.305072e-02	2.028452e-01	0.000000e+00	-1.935934e+03	2.241299e+05
8.234800e-01	2.184579e+05	-8.329230e-02	2.031573e-01	0.000000e+00	-1.796717e+03	2.202546e+05
8.246700e-01	2.212169e+05	-8.353424e-02	2.034686e-01	0.000000e+00	-7.704691e+02	2.219874e+05
8.258600e-01	2.248306e+05	-8.377655e-02	2.037845e-01	0.000000e+00	-6.497775e+02	2.254804e+05
8.270500e-01	2.227285e+05	-8.401925e-02	2.041015e-01	0.000000e+00	-3.280097e+03	2.260086e+05
8.282400e-01	2.279190e+05	-8.426231e-02	2.044206e-01	0.000000e+00	-1.881789e+03	2.298008e+05
8.294300e-01	2.288260e+05	-8.450577e-02	2.047440e-01	0.000000e+00	-2.596534e+03	2.314226e+05
8.306200e-01	2.359573e+05	-8.474960e-02	2.050732e-01	0.000000e+00	-3.172721e+03	2.391301e+05
8.318100e-01	2.101314e+05	-8.499384e-02	2.053891e-01	0.000000e+00	-1.509445e+03	2.116408e+05
8.330000e-01	2.381000e+05	-8.523843e-02	2.057065e-01	0.000000e+00	-2.563658e+03	2.406637e+05
8.341900e-01	2.345255e+05	-8.548342e-02	2.060412e-01	0.000000e+00	-3.328035e+03	2.378536e+05
8.353800e-01	2.204371e+05	-8.572881e-02	2.063634e-01	0.000000e+00	-3.456747e+02	2.207828e+05
8.365700e-01	2.091676e+05	-8.597457e-02	2.066676e-01	0.000000e+00	-3.676433e+03	2.128440e+05
8.377600e-01	2.185972e+05	-8.622068e-02	2.069705e-01	0.000000e+00	-5.522724e+03	2.241199e+05
8.389500e-01	2.188622e+05	-8.646716e-02	2.072803e-01	0.000000e+00	-3.233406e+03	2.220956e+05
8.401400e-01	2.238161e+05	-8.671400e-02	2.075938e-01	0.000000e+00	-4.614860e+02	2.242776e+05
8.413300e-01	2.283808e+05	-8.696123e-02	2.079141e-01	0.000000e+00	-1.593178e+03	2.299739e+05
8.425200e-01	2.210997e+05	-8.720884e-02	2.082324e-01	0.000000e+00	-8.656426e+02	2.219653e+05
8.437100e-01	2.094782e+05	-8.745682e-02	2.085373e-01	0.000000e+00	-2.190352e+03	2.116686e+05
8.449000e-01	2.053258e+05	-8.770516e-02	2.088310e-01	0.000000e+00	-3.041749e+03	2.083675e+05
8.460900e-01	2.413179e+05	-8.795384e-02	2.091473e-01	0.000000e+00	-2.415556e+03	2.437334e+05
8.472800e-01	2.265166e+05	-8.820293e-02	2.094786e-01	0.000000e+00	-2.237379e+03	2.287539e+05
8.484700e-01	2.081544e+05	-8.845240e-02	2.097865e-01	0.000000e+00	-1.272670e+03	2.094271e+05
8.496600e-01	2.167145e+05	-8.870222e-02	2.100873e-01	0.000000e+00	-9.493099e+02	2.176638e+05
8.508500e-01	2.323867e+05	-8.895241e-02	2.104054e-01	0.000000e+00	-2.712067e+02	2.326579e+05
8.520400e-01	2.300921e+05	-8.920299e-02	2.107329e-01	0.000000e+00	-1.051763e+03	2.311439e+05
8.532300e-01	2.563955e+05	-8.945395e-02	2.110774e-01	0.000000e+00	-2.657877e+03	2.590534e+05
8.544200e-01	2.318839e+05	-8.970535e-02	2.114232e-01	0.000000e+00	-3.736363e+03	2.356202e+05
8.556100e-01	2.160407e+05	-8.995714e-02	2.117404e-01	0.000000e+00	-2.992997e+02	2.163400e+05
8.568000e-01	2.091055e+05	-9.020929e-02	2.120415e-01	0.000000e+00	-1.235180e+03	2.103407e+05
8.579900e-01	2.333954e+05	-9.046180e-02	2.123548e-01	0.000000e+00	-8.439890e+02	2.342394e+05
8.591800e-01	2.300050e+05	-9.071470e-02	2.126830e-01	0.000000e+00	-9.335645e+02	2.309385e+05
8.603700e-01	2.301617e+05	-9.096798e-02	2.130089e-01	0.000000e+00	-1.497533e+03	2.316592e+05
8.615600e-01	2.213691e+05	-9.122166e-02	2.133286e-01	0.000000e+00	-2.519142e+03	2.238882e+05
8.627500e-01	2.340927e+05	-9.147571e-02	2.136512e-01	0.000000e+00	-2.169328e+03	2.362621e+05
8.639400e-01	2.272665e+05	-9.173015e-02	2.139779e-01	0.000000e+00	-2.304473e+03	2.295710e+05
8.651300e-01	2.450198e+05	-9.198497e-02	2.143123e-01	0.000000e+00	-1.759889e+03	2.467797e+05
8.663200e-01	2.307214e+05	-9.224021e-02	2.146492e-01	0.000000e+00	-6.203109e+02	2.313417e+05
8.675100e-01	2.346741e+05	-9.249584e-02	2.149788e-01	0.000000e+00	-1.727279e+03	2.364014e+05
8.687000e-01	2.251614e+05	-9.275186e-02	2.153045e-01	0.000000e+00	-2.567808e+03	2.277292e+05
8.698900e-01	2.347199e+05	-9.300826e-02	2.156301e-01	0.000000e+00	-3.444565e+03	2.381645e+05
8.710800e-01	2.292000e+05	-9.326506e-02	2.159587e-01	0.000000e+00	-2.017599e+03	2.312176e+05
8.722700e-01	2.430060e+05	-9.352224e-02	2.162931e-01	0.000000e+00	-1.656384e+03	2.446624e+05
8.734600e-01	2.305171e+05	-9.377984e-02	2.166284e-01	0.000000e+00	-7.729475e+02	2.312900e+05
8.746500e-01	2.394858e+05	-9.403782e-02	2.169612e-01	0.000000e+00	-2.401803e+03	2.418876e+05
8.758400e-01	2.384958e+05	-9.429621e-02	2.172997e-01	0.000000e+00	-1.964437e+03	2.404603e+05
8.770300e-01	2.324942e+05	-9.455499e-02	2.176333e-01	0.000000e+00	-1.441514e+03	2.339357e+05
8.782200e-01	2.247519e+05	-9.481417e-02	2.179571e-01	0.000000e+00	-3.212632e+03	2.279645e+05
8.794100e-01	2.233894e+05	-9.507373e-02	2.182744e-01	0.000000e+00	-2.145977e+01	2.234108e+05
8.806000e-01	2.270423e+05	-9.533367e-02	2.185934e-01	0.000000e+00	0.000000e+00	2.270423e+05
8.817900e-01	2.329529e+05	-9.559398e-02	2.189191e-01	0.000000e+00	-1.206658e+03	2.341595e+05
8.829800e-01	2.250081e+05	-9.585469e-02	2.192435e-01	0.000000e+00	-1.314351e+03	2.263225e+05
8.841700e-01	2.228416e+05	-9.611578e-02	2.195606e-01	0.000000e+00	-1.872114e+03	2.247137e+05
8.853600e-01	2.266610e+05	-9.637725e-02	2.198789e-01	0.000000e+00	-1.489231e+03	2.281502e+05
8.865500e-01	2.286720e+05	-9.663909e-02	2.202014e-01	0.000000e+00	-4.596834e+02	2.291317e+05
8.877400e-01	2.436537e+05	-9.690133e-02	2.205359e-01	0.000000e+00	-8.287247e+02	2.444825e+05
8.889300e-01	2.421745e+05	-9.716397e-02	2.208799e-01	0.000000e+00	-1.105244e+03	2.432798e+05
8.901200e-01	2.288358e+05	-9.742702e-02	2.212135e-01	0.000000e+00	-1.587004e+03	2.304228e+05
8.913100e-01	2.143794e+05	-9.769046e-02	2.215273e-01	0.000000e+00	-1.058888e+03	2.154383e+05
8.925000e-01	2.300426e+05	-9.795426e-02	2.218421e-01	0.000000e+00	-2.014770e+03	2.320573e+05
8.936900e-01	2.354036e+05	-9.821844e-02	2.221717e-01	0.000000e+00	-7.351357e+02	2.361387e+05
8.948800e-01	2.328034e+05	-9.848302e-02	2.225032e-01	0.000000e+00	-1.141474e+03	2.339449e+05
8.960700e-01	2.207366e+05	-9.874800e-02	2.228244e-01	0.000000e+00	-1.215612e+03	2.219522e+05
8.972600e-01	2.182094e+05	-9.901335e-02	2.231353e-01	0.000000e+00	-1.630275e+03	2.198397e+05
8.984500e-01	2.276213e+05	-9.927906e-02	2.234510e-01	0.000000e+00	-8.282316e+02	2.284495e+05
8.996400e-01	2.319492e+05	-9.954516e-02	2.237764e-01	0.000000e+00	-2.070373e+03	2.340196e+05
9.008300e-01	2.259772e+05	-9.981165e-02	2.241007e-01	0.000000e+00	-3.222494e+03	2.291996e+05
9.020200e-01	2.335579e+05	-1.000785e-01	2.244262e-01	0.000000e+00	-6.530262e+02	2.342110e+05
9.032100e-01	2.294978e+05	-1.003458e-01	2.247541e-01	0.000000e+00	-2.164404e+03	2.316622e+05
9.044000e-01	2.241317e+05	-1.006134e-01	2.250753e-01	0.000000e+00	-2.384953e+03	2.265166e+05
9.055900e-01	2.260680e+05	-1.008815e-01	2.253941e-01	0.000000e+00	-3.284195e+03	2.293522e+05
9.067800e-01	2.343034e+05	-1.011499e-01	2.257202e-01	0.000000e+00	-2.101545e+03	2.364049e+05
9.079700e-01	2.482743e+05	-1.014187e-01	2.260619e-01	0.000000e+00	-1.940174e+03	2.502145e+05
9.091600e-01	2.550263e+05	-1.016879e-01	2.264183e-01	0.000000e+00	-1.184987e+03	2.562113e+05
9.103500e-01	2.320859e+05	-1.019576e-01	2.267633e-01	0.000000e+00	-9.288081e+02	2.330147e+05
9.115400e-01	2.223081e+05	-1.022276e-01	2.270851e-01	0.000000e+00	-3.363413e+03	2.256715e+05
9.127300e-01	2.276100e+05	-1.024980e-01	2.274037e-01	0.000000e+00	-6.470222e+02	2.282571e+05
9.139200e-01	2.109944e+05	-1.027688e-01	2.277143e-01	0.000000e+00	-1.945801e+03	2.129402e+05
9.151100e-01	2.279278e+05	-1.030400e-01	2.280251e-01	0.000000e+00	-1.714802e+03	2.296426e+05
9.163000e-01	2.190457e+05	-1.033115e-01	2.283416e-01	0.000000e+00	-5.817347e+02	2.196274e+05
9.174900e-01	2.379831e+05	-1.035834e-01	2.286653e-01	0.000000e+00	-1.625723e+03	2.396088e+05
9.186800e-01	2.149968e+05	-1.038557e-01	2.289861e-01	0.000000e+00	-2.087874e+03	2.170847e+05
9.198700e-01	2.310616e+05	-1.041284e-01	2.293020e-01	0.000000e+00	-2.453839e+03	2.335154e+05
9.210600e-01	2.259683e+05	-1.044015e-01	2.296256e-01	0.000000e+00	-1.093899e+02	2.260777e+05
9.222500e-01	2.275060e+05	-1.046749e-01	2.299467e-01	0.000000e+00	-9.962397e+02	2.285023e+05
9.234400e-01	2.255871e+05	-1.049488e-01	2.302676e-01	0.000000e+00	-1.659990e+03	2.272471e+05
9.246300e-01	2.209682e+05	-1.052230e-01	2.305838e-01	0.000000e+00	-2.905953e+03	2.238741e+05
9.258200e-01	2.201412e+05	-1.054975e-01	2.308962e-01	0.000000e+00	-1.910864e+03	2.220520e+05
9.270100e-01	2.431249e+05	-1.057725e-01	2.312243e-01	0.000000e+00	-2.653378e+03	2.457783e+05
9.282000e-01	2.500625e+05	-1.060479e-01	2.315736e-01	0.000000e+00	-7.871698e+02	2.508497e+05
9.293900e-01	2.335221e+05	-1.063236e-01	2.319160e-01	0.000000e+00	0.000000e+00	2.335221e+05
9.305800e-01	2.435031e+05	-1.065998e-01	2.322538e-01	0.000000e+00	0.000000e+00	2.435031e+05
9.317700e-01	2.376106e+05	-1.068764e-01	2.325945e-01	0.000000e+00	-2.146118e+02	2.378252e+05
9.329600e-01	2.332186e+05	-1.071534e-01	2.329280e-01	0.000000e+00	-2.042060e+03	2.352607e+05
9.341500e-01	2.341408e+05	-1.074308e-01	2.332589e-01	0.000000e+00	-2.643361e+02	2.344052e+05
9.353400e-01	2.349715e+05	-1.077085e-01	2.335911e-01	0.000000e+00	0.000000e+00	2.349715e+05
9.365300e-01	2.287765e+05	-1.079867e-01	2.339195e-01	0.000000e+00	-8.027131e+02	2.295792e+05
9.377200e-01	2.151252e+05	-1.082653e-01	2.342339e-01	0.000000e+00	-7.414470e+02	2.158667e+05
9.389100e-01	2.206283e+05	-1.085442e-01	2.345425e-01	0.000000e+00	-6.882615e+02	2.213165e+05
9.401000e-01	2.287028e+05	-1.088235e-01	2.348607e-01	0.000000e+00	-3.521993e+02	2.290550e+05
9.412900e-01	2.285833e+05	-1.091032e-01	2.351845e-01	0.000000e+00	-8.787845e+02	2.294620e+05
9.424800e-01	2.629675e+05	-1.093832e-01	2.355326e-01	0.000000e+00	-3.441037e+03	2.664086e+05
9.436700e-01	2.708629e+05	-1.096637e-01	2.359107e-01	0.000000e+00	-1.849670e+03	2.727126e+05
9.448600e-01	2.322755e+05	-1.099447e-01	2.362670e-01	0.000000e+00	-1.310865e+03	2.335863e+05
9.460500e-01	2.299463e+05	-1.102260e-01	2.365943e-01	0.000000e+00	-8.593929e+02	2.308057e+05
9.472400e-01	2.364435e+05	-1.105078e-01	2.369246e-01	0.000000e+00	-7.986321e+01	2.365234e+05
9.484300e-01	2.397238e+05	-1.107899e-01	2.372618e-01	0.000000e+00	-1.617187e+03	2.413410e+05
9.496200e-01	2.293056e+05	-1.110725e-01	2.375939e-01	0.000000e+00	-1.571996e+03	2.308776e+05
9.508100e-01	2.456230e+05	-1.113554e-01	2.379303e-01	0.000000e+00	-2.659337e+02	2.458889e+05
9.520000e-01	2.095425e+05	-1.116387e-01	2.382526e-01	0.000000e+00	-1.473022e+03	2.110155e+05
9.531900e-01	2.152655e+05	-1.119224e-01	2.385534e-01	0.000000e+00	-7.594983e+02	2.160250e+05
9.543800e-01	2.287592e+05	-1.122065e-01	2.388679e-01	0.000000e+00	-4.805565e+02	2.292398e+05
9.555700e-01	2.286284e+05	-1.124909e-01	2.391918e-01	0.000000e+00	-3.656142e+03	2.322846e+05
9.567600e-01	2.279918e+05	-1.127758e-01	2.395151e-01	0.000000e+00	-2.358598e+03	2.303504e+05
9.579500e-01	2.283946e+05	-1.130610e-01	2.398383e-01	0.000000e+00	-1.472850e+03	2.298675e+05
9.591400e-01	2.205152e+05	-1.133466e-01	2.401562e-01	0.000000e+00	-1.613862e+03	2.221290e+05
9.603300e-01	2.245921e+05	-1.136326e-01	2.404714e-01	0.000000e+00	-8.871963e+02	2.254793e+05
9.615200e-01	2.200945e+05	-1.139189e-01	2.407863e-01	0.000000e+00	-1.334313e+03	2.214289e+05
9.627100e-01	2.197777e+05	-1.142056e-01	2.410978e-01	0.000000e+00	-7.222445e+02	2.204999e+05
9.639000e-01	2.343005e+05	-1.144927e-01	2.414194e-01	0.000000e+00	-1.213391e+03	2.355139e+05
9.650900e-01	2.230955e+05	-1.147802e-01	2.417433e-01	0.000000e+00	-2.342086e+03	2.254376e+05
9.662800e-01	2.089650e+05	-1.150681e-01	2.420493e-01	0.000000e+00	-1.715193e+03	2.106802e+05
9.674700e-01	2.399334e+05	-1.153563e-01	2.423672e-01	0.000000e+00	-2.076945e+03	2.420103e+05
9.686600e-01	2.565004e+05	-1.156449e-01	2.427187e-01	0.000000e+00	-1.831465e+03	2.583318e+05
9.698500e-01	2.251065e+05	-1.159340e-01	2.430598e-01	0.000000e+00	-1.739645e+03	2.268461e+05
9.710400e-01	2.273628e+05	-1.162234e-01	2.433802e-01	0.000000e+00	-7.992515e+02	2.281621e+05
9.722300e-01	2.410931e+05	-1.165132e-01	2.437120e-01	0.000000e+00	-2.408602e+02	2.413339e+05
9.734200e-01	2.225373e+05	-1.168034e-01	2.440403e-01	0.000000e+00	0.000000e+00	2.225373e+05
9.746100e-01	2.312864e+05	-1.170940e-01	2.443617e-01	0.000000e+00	-2.313475e+01	2.313095e+05
9.758000e-01	2.287860e+05	-1.173850e-01	2.446875e-01	0.000000e+00	-2.643636e+03	2.314296e+05
9.769900e-01	2.244009e+05	-1.176764e-01	2.450084e-01	0.000000e+00	-3.453840e+03	2.278548e+05
9.781800e-01	2.269670e+05	-1.179681e-01	2.453281e-01	0.000000e+00	-6.252369e+02	2.275922e+05
9.793700e-01	2.273422e+05	-1.182603e-01	2.456498e-01	0.000000e+00	-9.112713e+02	2.282534e+05
9.805600e-01	2.237246e+05	-1.185528e-01	2.459692e-01	0.000000e+00	-2.657171e+03	2.263818e+05
9.817500e-01	2.272988e+05	-1.188457e-01	2.462886e-01	0.000000e+00	-4.446140e+03	2.317449e+05
9.829400e-01	2.358626e+05	-1.191389e-01	2.466166e-01	0.000000e+00	-1.205957e+03	2.370686e+05
9.841300e-01	2.333858e+05	-1.194326e-01	2.469489e-01	0.000000e+00	-1.588019e+03	2.349738e+05
9.853200e-01	2.183150e+05	-1.197267e-01	2.472688e-01	0.000000e+00	-1.966697e+03	2.202817e+05
9.865100e-01	2.221007e+05	-1.200211e-01	2.475807e-01	0.000000e+00	-1.732789e+03	2.238335e+05
9.877000e-01	2.250414e+05	-1.203159e-01	2.478973e-01	0.000000e+00	-1.327189e+03	2.263686e+05
9.888900e-01	2.155222e+05	-1.206111e-01	2.482093e-01	0.000000e+00	-1.079957e+02	2.156302e+05
9.900800e-01	2.132781e+05	-1.209067e-01	2.485130e-01	0.000000e+00	-5.837877e+02	2.138619e+05
9.912700e-01	2.324665e+05	-1.212026e-01	2.488286e-01	0.000000e+00	-2.565485e+02	2.327231e+05
9.924600e-01	2.469304e+05	-1.214989e-01	2.491681e-01	0.000000e+00	-6.701996e+02	2.476006e+05
9.936500e-01	2.327505e+05	-1.217956e-01	2.495078e-01	0.000000e+00	-1.701365e+02	2.329207e+05
9.948400e-01	2.267426e+05	-1.220927e-01	2.498332e-01	0.000000e+00	-9.687058e+02	2.277113e+05
9.960300e-01	2.367809e+05	-1.223902e-01	2.501615e-01	0.000000e+00	-1.307446e+03	2.380884e+05
9.972200e-01	2.276146e+05	-1.226881e-01	2.504903e-01	0.000000e+00	-8.754432e+02	2.284901e+05
9.984100e-01	2.349447e+05	-1.229864e-01	2.508179e-01	0.000000e+00	-1.108723e+03	2.360534e+05
9.996000e-01	2.344035e+05	-1.232850e-01	2.511503e-01	0.000000e+00	-1.360933e+03	2.357645e+05
1.000790e+00	2.285198e+05	-1.235841e-01	2.514781e-01	0.000000e+00	-2.611011e+02	2.287809e+05
1.001980e+00	2.274441e+05	-1.238836e-01	2.518010e-01	0.000000e+00	-1.423090e+03	2.288672e+05
1.003170e+00	2.426800e+05	-1.241834e-01	2.521339e-01	0.000000e+00	-1.097919e+03	2.437779e+05
1.004360e+00	2.403785e+05	-1.244836e-01	2.524760e-01	0.000000e+00	-1.592822e+02	2.405378e+05
1.005550e+00	2.323367e+05	-1.247843e-01	2.528108e-01	0.000000e+00	-2.026515e+03	2.343632e+05
1.006740e+00	2.255030e+05	-1.250853e-01	2.531350e-01	0.000000e+00	-1.207955e+03	2.267109e+05
1.007930e+00	2.302895e+05	-1.253867e-01	2.534578e-01	0.000000e+00	-9.161158e+02	2.312056e+05
1.009120e+00	2.301178e+05	-1.256885e-01	2.537838e-01	0.000000e+00	-1.813944e+03	2.319318e+05
1.010310e+00	2.276460e+05	-1.259907e-01	2.541080e-01	0.000000e+00	-1.623478e+03	2.292694e+05
1.011500e+00	2.490931e+05	-1.262933e-01	2.544456e-01	0.000000e+00	-6.560720e+02	2.497491e+05
1.012690e+00	2.252476e+05	-1.265963e-01	2.547815e-01	0.000000e+00	-4.985932e+02	2.257462e+05
1.013880e+00	2.115830e+05	-1.268997e-01	2.550909e-01	0.000000e+00	-3.417429e+02	2.119247e+05
1.015070e+00	2.253508e+05	-1.272034e-01	2.554003e-01	0.000000e+00	-3.630075e+02	2.257138e+05
1.016260e+00	2.250067e+05	-1.275076e-01	2.557192e-01	0.000000e+00	-2.892499e+03	2.278991e+05
1.017450e+00	2.379399e+05	-1.278121e-01	2.560471e-01	0.000000e+00	-1.703563e+03	2.396435e+05
1.018640e+00	2.301406e+05	-1.281170e-01	2.563785e-01	0.000000e+00	-8.294739e+01	2.302235e+05
1.019830e+00	2.259823e+05	-1.284222e-01	2.567015e-01	0.000000e+00	-2.455924e+02	2.262279e+05
1.021020e+00	2.412792e+05	-1.287279e-01	2.570324e-01	0.000000e+00	-8.188295e+02	2.420980e+05
1.022210e+00	2.273537e+05	-1.290340e-01	2.573643e-01	0.000000e+00	-2.769405e+03	2.301231e+05
1.023400e+00	2.333690e+05	-1.293404e-01	2.576906e-01	0.000000e+00	-1.208190e+03	2.345772e+05
1.024590e+00	2.476005e+05	-1.296473e-01	2.580312e-01	0.000000e+00	0.000000e+00	2.476005e+05
1.025780e+00	2.334158e+05	-1.299545e-01	2.583718e-01	0.000000e+00	0.000000e+00	2.334158e+05
1.026970e+00	2.432257e+05	-1.302622e-01	2.587094e-01	0.000000e+00	-6.918257e+02	2.439175e+05
1.028160e+00	2.622769e+05	-1.305703e-01	2.590673e-01	0.000000e+00	-1.378547e+03	2.636554e+05
1.029350e+00	2.417942e+05	-1.308788e-01	2.594243e-01	0.000000e+00	-1.290972e+03	2.430851e+05
1.030540e+00	2.220821e+05	-1.311877e-01	2.597528e-01	0.000000e+00	0.000000e+00	2.220821e+05
1.031730e+00	2.180098e+05	-1.314970e-01	2.600645e-01	0.000000e+00	0.000000e+00	2.180098e+05
1.032920e+00	2.234026e+05	-1.318067e-01	2.603771e-01	0.000000e+00	-9.835493e+02	2.243861e+05
1.034110e+00	2.185452e+05	-1.321167e-01	2.606900e-01	0.000000e+00	-6.971229e+02	2.192423e+05
1.035300e+00	2.340118e+05	-1.324271e-01	2.610105e-01	0.000000e+00	-2.090448e+02	2.342208e+05
1.036490e+00	2.275755e+05	-1.327379e-01	2.613374e-01	0.000000e+00	-1.285338e+03	2.288609e+05
1.037680e+00	2.428498e+05	-1.330491e-01	2.616705e-01	0.000000e+00	-1.026626e+03	2.438764e+05
1.038870e+00	2.367984e+05	-1.333607e-01	2.620102e-01	0.000000e+00	0.000000e+00	2.367984e+05
1.040060e+00	2.399343e+05	-1.336727e-01	2.623478e-01	0.000000e+00	-1.160283e+02	2.400504e+05
1.041250e+00	2.335720e+05	-1.339851e-01	2.626831e-01	0.000000e+00	-1.398094e+03	2.349701e+05
1.042440e+00	2.232584e+05	-1.342978e-01	2.630066e-01	0.000000e+00	-9.861747e+02	2.242446e+05
1.043630e+00	2.322830e+05	-1.346110e-01	2.633292e-01	0.000000e+00	-9.035740e+02	2.331865e+05
1.044820e+00	2.305159e+05	-1.349246e-01	2.636570e-01	0.000000e+00	-1.110870e+03	2.316267e+05
1.046010e+00	2.331478e+05	-1.352385e-01	2.639853e-01	0.000000e+00	-1.401284e+03	2.345491e+05
1.047200e+00	2.504643e+05	-1.355529e-01	2.643278e-01	0.000000e+00	-9.936048e+02	2.514579e+05
1.048390e+00	2.268690e+05	-1.358676e-01	2.646658e-01	0.000000e+00	-3.222795e+03	2.300918e+05
1.049580e+00	2.200427e+05	-1.361828e-01	2.649823e-01	0.000000e+00	-1.475247e+03	2.215179e+05
1.050770e+00	2.459003e+05	-1.364983e-01	2.653123e-01	0.000000e+00	-1.570333e+02	2.460574e+05
1.051960e+00	2.474982e+05	-1.368142e-01	2.656617e-01	0.000000e+00	-6.756589e+02	2.481738e+05
1.053150e+00	2.404289e+05	-1.371306e-01	2.660072e-01	0.000000e+00	-1.646773e+02	2.405936e+05
1.054340e+00	2.304877e+05	-1.374473e-01	2.663407e-01	0.000000e+00	-8.136716e+02	2.313014e+05
1.055530e+00	2.221483e+05	-1.377644e-01	2.666613e-01	0.000000e+00	-7.277219e+02	2.228760e+05
1.056720e+00	2.278300e+05	-1.380820e-01	2.669799e-01	0.000000e+00	-1.392787e+02	2.279693e+05
1.057910e+00	2.312472e+05	-1.383999e-01	2.673050e-01	0.000000e+00	-2.305835e+02	2.314778e+05
1.059100e+00	2.455712e+05	-1.387181e-01	2.676427e-01	0.000000e+00	-8.578172e+02	2.464291e+05
1.060290e+00	2.338369e+05	-1.390368e-01	2.679822e-01	0.000000e+00	-1.297466e+03	2.351344e+05
1.061480e+00	2.386336e+05	-1.393559e-01	2.683168e-01	0.000000e+00	-1.115643e+03	2.397492e+05
1.062670e+00	2.251959e+05	-1.396754e-01	2.686452e-01	0.000000e+00	-1.311385e+03	2.265073e+05
1.063860e+00	2.170173e+05	-1.399953e-01	2.689584e-01	0.000000e+00	-4.258134e+02	2.174431e+05
1.065050e+00	2.150473e+05	-1.403156e-01	2.692644e-01	0.000000e+00	-1.385791e+03	2.164331e+05
1.066240e+00	2.559624e+05	-1.406362e-01	2.695979e-01	0.000000e+00	-1.525972e+03	2.574884e+05
1.067430e+00	2.470065e+05	-1.409572e-01	2.699541e-01	0.000000e+00	-9.441105e+02	2.479506e+05
1.068620e+00	2.198227e+05	-1.412787e-01	2.702847e-01	0.000000e+00	-1.491155e+02	2.199718e+05
1.069810e+00	2.203166e+05	-1.416005e-01	2.705964e-01	0.000000e+00	-3.847300e+01	2.203550e+05
1.071000e+00	2.119801e+05	-1.419227e-01	2.709025e-01	0.000000e+00	-8.018631e+02	2.127819e+05
1.072190e+00	2.377903e+05	-1.422452e-01	2.712210e-01	0.000000e+00	-3.326450e+01	2.378235e+05
1.073380e+00	2.398729e+05	-1.425682e-01	2.715593e-01	0.000000e+00	-8.070716e+02	2.406800e+05
1.074570e+00	2.225483e+05	-1.428915e-01	2.718868e-01	0.000000e+00	0.000000e+00	2.225483e+05
1.075760e+00	2.148899e+05	-1.432153e-01	2.721966e-01	0.000000e+00	0.000000e+00	2.148899e+05
1.076950e+00	2.204397e+05	-1.435394e-01	2.725048e-01	0.000000e+00	0.000000e+00	2.204397e+05
1.078140e+00	2.573649e+05	-1.438638e-01	2.728432e-01	0.000000e+00	0.000000e+00	2.573649e+05
1.079330e+00	2.504577e+05	-1.441887e-01	2.732028e-01	0.000000e+00	-5.599402e+02	2.510177e+05
1.080520e+00	2.213496e+05	-1.445141e-01	2.735369e-01	0.000000e+00	-2.803959e+02	2.216300e+05
1.081710e+00	2.334954e+05	-1.448398e-01	2.738590e-01	0.000000e+00	0.000000e+00	2.334954e+05
1.082900e+00	2.367892e+05	-1.451658e-01	2.741921e-01	0.000000e+00	0.000000e+00	2.367892e+05
1.084090e+00	2.192274e+05	-1.454923e-01	2.745150e-01	0.000000e+00	-1.919556e+02	2.194193e+05
1.085280e+00	2.342059e+05	-1.458192e-01	2.748361e-01	0.000000e+00	-1.521946e+03	2.357279e+05
1.086470e+00	2.454212e+05	-1.461464e-01	2.751758e-01	0.000000e+00	-8.071065e+02	2.462283e+05
1.087660e+00	2.253807e+05	-1.464741e-01	2.755092e-01	0.000000e+00	0.000000e+00	2.253807e+05
1.088850e+00	2.331189e+05	-1.468021e-01	2.758339e-01	0.000000e+00	-1.012337e+03	2.341312e+05
1.090040e+00	2.383140e+05	-1.471306e-01	2.761677e-01	0.000000e+00	-1.893090e+03	2.402070e+05
1.091230e+00	2.345579e+05	-1.474594e-01	2.765026e-01	0.000000e+00	-1.405322e+03	2.359632e+05
1.092420e+00	2.315485e+05	-1.477887e-01	2.768327e-01	0.000000e+00	-1.325587e+03	2.328741e+05
1.093610e+00	2.237930e+05	-1.481183e-01	2.771551e-01	0.000000e+00	-7.608648e+02	2.245538e+05
1.094800e+00	2.336670e+05	-1.484483e-01	2.774791e-01	0.000000e+00	-2.226641e+03	2.358936e+05
1.095990e+00	2.468767e+05	-1.487787e-01	2.778194e-01	0.000000e+00	-9.048414e+02	2.477816e+05
1.097180e+00	2.176100e+05	-1.491095e-01	2.781483e-01	0.000000e+00	-1.096686e+03	2.187067e+05
1.098370e+00	2.270179e+05	-1.494407e-01	2.784632e-01	0.000000e+00	-2.990006e+02	2.273169e+05
1.099560e+00	2.282587e+05	-1.497722e-01	2.787856e-01	0.000000e+00	-2.827846e+02	2.285414e+05
1.100750e+00	2.369735e+05	-1.501042e-01	2.791151e-01	0.000000e+00	-6.630595e+02	2.376365e+05
1.101940e+00	2.313673e+05	-1.504365e-01	2.794467e-01	0.000000e+00	-1.189156e+03	2.325564e+05
1.103130e+00	2.131546e+05	-1.507693e-01	2.797615e-01	0.000000e+00	-3.860084e+02	2.135406e+05
1.104320e+00	2.305280e+05	-1.511024e-01	2.800757e-01	0.000000e+00	-4.289493e+02	2.309569e+05
1.105510e+00	2.324629e+05	-1.514359e-01	2.804036e-01	0.000000e+00	-4.113868e+02	2.328742e+05
1.106700e+00	2.122633e+05	-1.517697e-01	2.807185e-01	0.000000e+00	-2.446089e+02	2.125079e+05
1.107890e+00	2.128102e+05	-1.521040e-01	2.810196e-01	0.000000e+00	-1.101359e+03	2.139115e+05
1.109080e+00	2.302806e+05	-1.524386e-01	2.813334e-01	0.000000e+00	-4.513707e+02	2.307320e+05
1.110270e+00	2.322542e+05	-1.527735e-01	2.816609e-01	0.000000e+00	-1.367319e+03	2.336215e+05
1.111460e+00	2.297970e+05	-1.531089e-01	2.819881e-01	0.000000e+00	-1.425014e+03	2.312220e+05
1.112650e+00	2.333619e+05	-1.534447e-01	2.823161e-01	0.000000e+00	-4.523441e+02	2.338142e+05
1.113840e+00	2.255077e+05	-1.537808e-01	2.826411e-01	0.000000e+00	0.000000e+00	2.255077e+05
1.115030e+00	2.247307e+05	-1.541174e-01	2.829599e-01	0.000000e+00	0.000000e+00	2.247307e+05
1.116220e+00	2.429611e+05	-1.544543e-01	2.832911e-01	0.000000e+00	-2.698678e+02	2.432310e+05
1.117410e+00	2.245369e+05	-1.547916e-01	2.836222e-01	0.000000e+00	-5.704683e+02	2.251074e+05
1.118600e+00	2.352191e+05	-1.551293e-01	2.839478e-01	0.000000e+00	-7.512129e+02	2.359703e+05
1.119790e+00	2.303498e+05	-1.554674e-01	2.842775e-01	0.000000e+00	-8.912320e+01	2.304389e+05
1.120980e+00	2.088943e+05	-1.558059e-01	2.845885e-01	0.000000e+00	0.000000e+00	2.088943e+05
1.122170e+00	2.072604e+05	-1.561447e-01	2.848832e-01	0.000000e+00	-6.590068e+02	2.079194e+05
1.123360e+00	2.234182e+05	-1.564839e-01	2.851882e-01	0.000000e+00	-6.502414e+02	2.240684e+05
1.124550e+00	2.369032e+05	-1.568235e-01	2.855142e-01	0.000000e+00	-1.211760e+03	2.381149e+05
1.125740e+00	2.443861e+05	-1.571634e-01	2.858550e-01	0.000000e+00	-2.819465e+02	2.446681e+05
1.126930e+00	2.370144e+05	-1.575038e-01	2.861959e-01	0.000000e+00	-2.216963e+03	2.392313e+05
1.128120e+00	2.278083e+05	-1.578446e-01	2.865251e-01	0.000000e+00	-8.624354e+02	2.286707e+05
1.129310e+00	2.424934e+05	-1.581857e-01	2.868582e-01	0.000000e+00	0.000000e+00	2.424934e+05
1.130500e+00	2.162746e+05	-1.585273e-01	2.871830e-01	0.000000e+00	0.000000e+00	2.162746e+05
1.131690e+00	2.284882e+05	-1.588692e-01	2.874980e-01	0.000000e+00	0.000000e+00	2.284882e+05
1.132880e+00	2.251976e+05	-1.592115e-01	2.878193e-01	0.000000e+00	-9.822720e+02	2.261798e+05
1.134070e+00	2.280080e+05	-1.595542e-01	2.881402e-01	0.000000e+00	-6.984003e+02	2.287064e+05
1.135260e+00	2.168037e+05	-1.598973e-01	2.884552e-01	0.000000e+00	0.000000e+00	2.168037e+05
1.136450e+00	2.475469e+05	-1.602407e-01	2.887841e-01	0.000000e+00	0.000000e+00	2.475469e+05
1.137640e+00	2.517296e+05	-1.605846e-01	2.891376e-01	0.000000e+00	0.000000e+00	2.517296e+05
1.138830e+00	2.414965e+05	-1.609289e-01	2.894869e-01	0.000000e+00	-3.968085e+02	2.418933e+05
1.140020e+00	2.389753e+05	-1.612736e-01	2.898272e-01	0.000000e+00	-6.110486e+02	2.395863e+05
1.141210e+00	2.378092e+05	-1.616187e-01	2.901648e-01	0.000000e+00	-6.728152e+02	2.384820e+05
1.142400e+00	2.266842e+05	-1.619642e-01	2.904938e-01	0.000000e+00	0.000000e+00	2.266842e+05
1.143590e+00	2.255470e+05	-1.623101e-01	2.908140e-01	0.000000e+00	0.000000e+00	2.255470e+05
1.144780e+00	2.482352e+05	-1.626563e-01	2.911495e-01	0.000000e+00	0.000000e+00	2.482352e+05
1.145970e+00	2.290953e+05	-1.630030e-01	2.914876e-01	0.000000e+00	0.000000e+00	2.290953e+05
1.147160e+00	2.222077e+05	-1.633501e-01	2.918072e-01	0.000000e+00	0.000000e+00	2.222077e+05
1.148350e+00	2.431262e+05	-1.636975e-01	2.921367e-01	0.000000e+00	0.000000e+00	2.431262e+05
1.149540e+00	2.112470e+05	-1.640453e-01	2.924585e-01	0.000000e+00	-3.391699e+01	2.112810e+05
1.150730e+00	2.357681e+05	-1.643935e-01	2.927750e-01	0.000000e+00	-8.064191e+02	2.365745e+05
1.151920e+00	2.227827e+05	-1.647421e-01	2.930997e-01	0.000000e+00	0.000000e+00	2.227827e+05
1.153110e+00	2.233634e+05	-1.650911e-01	2.934157e-01	0.000000e+00	-2.119803e+02	2.235753e+05
1.154300e+00	2.192531e+05	-1.654405e-01	2.937291e-01	0.000000e+00	-6.283558e+02	2.198814e+05
1.155490e+00	2.299500e+05	-1.657902e-01	2.940472e-01	0.000000e+00	-5.892321e+02	2.305392e+05
1.156680e+00	2.258979e+05	-1.661403e-01	2.943701e-01	0.000000e+00	-5.405780e+02	2.264385e+05
1.157870e+00	2.509232e+05	-1.664908e-01	2.947077e-01	0.000000e+00	-5.508622e+02	2.514741e+05
1.159060e+00	2.379864e+05	-1.668417e-01	2.950540e-01	0.000000e+00	-7.572206e+02	2.387437e+05
1.160250e+00	2.265345e+05	-1.671930e-01	2.953829e-01	0.000000e+00	-1.361731e+03	2.278962e+05
1.161440e+00	2.198262e+05	-1.675447e-01	2.956990e-01	0.000000e+00	-4.020566e+02	2.202282e+05
1.162630e+00	2.327878e+05	-1.678968e-01	2.960195e-01	0.000000e+00	-2.494796e+02	2.330373e+05
1.163820e+00	2.414972e+05	-1.682493e-01	2.963554e-01	0.000000e+00	-9.108409e+02	2.424080e+05
1.165010e+00	2.245666e+05	-1.686021e-01	2.966855e-01	0.000000e+00	-5.203518e+02	2.250869e+05
1.166200e+00	2.103286e+05	-1.689554e-01	2.969934e-01	0.000000e+00	0.000000e+00	2.103286e+05
1.167390e+00	2.263639e+05	-1.693090e-01	2.973027e-01	0.000000e+00	0.000000e+00	2.263639e+05
1.168580e+00	2.500401e+05	-1.696629e-01	2.976401e-01	0.000000e+00	-3.778381e+02	2.504179e+05
1.169770e+00	2.273566e+05	-1.700173e-01	2.979781e-01	0.000000e+00	-9.728882e+02	2.283295e+05
1.170960e+00	2.164843e+05	-1.703721e-01	2.982924e-01	0.000000e+00	-3.299460e+02	2.168142e+05
1.172150e+00	2.085781e+05	-1.707273e-01	2.985935e-01	0.000000e+00	0.000000e+00	2.085781e+05
1.173340e+00	2.352080e+05	-1.710828e-01	2.989077e-01	0.000000e+00	0.000000e+00	2.352080e+05
1.174530e+00	2.223278e+05	-1.714387e-01	2.992317e-01	0.000000e+00	0.000000e+00	2.223278e+05
1.175720e+00	2.311207e+05	-1.717950e-01	2.995529e-01	0.000000e+00	0.000000e+00	2.311207e+05
1.176910e+00	2.218051e+05	-1.721516e-01	2.998736e-01	0.000000e+00	-4.234514e+02	2.222286e+05
1.178100e+00	2.220297e+05	-1.725087e-01	3.001879e-01	0.000000e+00	-4.168848e+02	2.224465e+05
1.179290e+00	2.127106e+05	-1.728661e-01	3.004958e-01	0.000000e+00	0.000000e+00	2.127106e+05
1.180480e+00	2.331598e+05	-1.732238e-01	3.008115e-01	0.000000e+00	-1.638512e+02	2.333237e+05
1.181670e+00	2.144733e+05	-1.735820e-01	3.011285e-01	0.000000e+00	-6.764849e+02	2.151498e+05
1.182860e+00	2.310133e+05	-1.739405e-01	3.014440e-01	0.000000e+00	-1.391260e+02	2.311524e+05
1.184050e+00	2.430354e+05	-1.742994e-01	3.017797e-01	0.000000e+00	-7.012102e+02	2.437366e+05
1.185240e+00	2.478942e+05	-1.746588e-01	3.021274e-01	0.000000e+00	0.000000e+00	2.478942e+05
1.186430e+00	2.240088e+05	-1.750185e-01	3.024616e-01	0.000000e+00	0.000000e+00	2.240088e+05
1.187620e+00	2.283140e+05	-1.753786e-01	3.027819e-01	0.000000e+00	0.000000e+00	2.283140e+05
1.188810e+00	2.241418e+05	-1.757391e-01	3.031023e-01	0.000000e+00	0.000000e+00	2.241418e+05
1.190000e+00	1.090341e+05	-1.761000e-01	3.033382e-01	0.000000e+00	0.000000e+00	1.090341e+05
