#x	rho	phi	ex	bz	rhok[0]	rhok[1]
0.000000e+00	-1.823334e+03	0.000000e+00	3.147213e-02	0.000000e+00	-2.621793e+03	7.984594e+02
1.190000e-03	-1.568557e+03	-3.745029e-05	3.146972e-02	0.000000e+00	-9.073299e+03	7.504742e+03
2.380000e-03	-1.420275e+03	-7.489794e-05	3.146761e-02	0.000000e+00	-8.144664e+03	6.724389e+03
3.570000e-03	1.657361e+03	-1.123432e-04	3.146777e-02	0.000000e+00	-6.259966e+03	7.917327e+03
4.760000e-03	7.327006e+03	-1.497912e-04	3.147414e-02	0.000000e+00	-5.650172e+03	1.297718e+04
5.950000e-03	8.466402e+03	-1.872516e-04	3.148532e-02	0.000000e+00	-5.582519e+03	1.404892e+04
7.140000e-03	1.526197e+04	-2.247263e-04	3.150213e-02	0.000000e+00	-2.962123e+03	1.822409e+04
8.330000e-03	6.448603e+03	-2.622267e-04	3.151750e-02	0.000000e+00	-5.081673e+03	1.153028e+04
9.520000e-03	1.038984e+04	-2.997380e-04	3.152942e-02	0.000000e+00	-6.859769e+03	1.724961e+04
1.071000e-02	1.561995e+04	-3.372667e-04	3.154784e-02	0.000000e+00	-7.987903e+03	2.360785e+04
1.190000e-02	1.839842e+04	-3.748218e-04	3.157193e-02	0.000000e+00	-7.836103e+03	2.623453e+04
1.309000e-02	1.707921e+04	-4.124079e-04	3.159706e-02	0.000000e+00	-7.640032e+03	2.471924e+04
1.428000e-02	2.209373e+04	-4.500228e-04	3.162480e-02	0.000000e+00	-3.152989e+03	2.524672e+04
1.547000e-02	2.403670e+04	-4.876750e-04	3.165747e-02	0.000000e+00	-6.122576e+03	3.015927e+04
1.666000e-02	2.849463e+04	-5.253676e-04	3.169467e-02	0.000000e+00	-7.850523e+03	3.634515e+04
1.785000e-02	3.150435e+04	-5.631083e-04	3.173716e-02	0.000000e+00	-6.396225e+03	3.790057e+04
1.904000e-02	3.158286e+04	-6.009020e-04	3.178183e-02	0.000000e+00	-4.551639e+03	3.613449e+04
2.023000e-02	2.289292e+04	-6.387490e-04	3.182041e-02	0.000000e+00	-6.799137e+03	2.969205e+04
2.142000e-02	3.148156e+04	-6.766346e-04	3.185892e-02	0.000000e+00	-5.393525e+03	3.687509e+04
2.261000e-02	3.154965e+04	-7.145733e-04	3.190355e-02	0.000000e+00	-8.548889e+03	4.009854e+04
2.380000e-02	3.571948e+04	-7.525651e-04	3.195119e-02	0.000000e+00	-5.699558e+03	4.141904e+04
2.499000e-02	4.430867e+04	-7.906171e-04	3.200786e-02	0.000000e+00	-5.782583e+03	5.009126e+04
2.618000e-02	3.747881e+04	-8.287438e-04	3.206578e-02	0.000000e+00	-4.596093e+03	4.207490e+04
2.737000e-02	3.721223e+04	-8.669337e-04	3.211868e-02	0.000000e+00	-4.479145e+03	4.169138e+04
2.856000e-02	3.957170e+04	-9.051862e-04	3.217305e-02	0.000000e+00	-5.990549e+03	4.556225e+04
2.975000e-02	4.071058e+04	-9.435055e-04	3.222991e-02	0.000000e+00	-6.632115e+03	4.734269e+04
3.094000e-02	4.568484e+04	-9.818934e-04	3.229109e-02	0.000000e+00	-5.720209e+03	5.140505e+04
3.213000e-02	5.647909e+04	-1.020358e-03	3.236344e-02	0.000000e+00	-5.157452e+03	6.163654e+04
3.332000e-02	5.698518e+04	-1.058918e-03	3.244379e-02	0.000000e+00	-1.336795e+03	5.832197e+04
3.451000e-02	5.139289e+04	-1.097575e-03	3.252054e-02	0.000000e+00	-2.352166e+03	5.374506e+04
3.570000e-02	5.122181e+04	-1.136317e-03	3.259321e-02	0.000000e+00	-2.398967e+03	5.362078e+04
3.689000e-02	4.989484e+04	-1.175146e-03	3.266481e-02	0.000000e+00	-3.837800e+03	5.373264e+04
3.808000e-02	6.250944e+04	-1.214060e-03	3.274441e-02	0.000000e+00	-3.053735e+03	6.556317e+04
3.927000e-02	5.565983e+04	-1.253078e-03	3.282810e-02	0.000000e+00	-1.515512e+03	5.717534e+04
4.046000e-02	5.508186e+04	-1.292190e-03	3.290652e-02	0.000000e+00	-2.116498e+03	5.719836e+04
4.165000e-02	6.505759e+04	-1.331396e-03	3.299160e-02	0.000000e+00	-5.624501e+03	7.068209e+04
4.284000e-02	5.675363e+04	-1.370710e-03	3.307786e-02	0.000000e+00	-4.791860e+03	6.154549e+04
4.403000e-02	5.792819e+04	-1.410121e-03	3.315907e-02	0.000000e+00	-7.457065e+03	6.538526e+04
4.522000e-02	6.823630e+04	-1.449629e-03	3.324842e-02	0.000000e+00	-3.487116e+03	7.172341e+04
4.641000e-02	6.565103e+04	-1.489252e-03	3.334323e-02	0.000000e+00	-3.836121e+03	6.948715e+04
4.760000e-02	6.951055e+04	-1.528986e-03	3.343895e-02	0.000000e+00	-1.059937e+04	8.010991e+04
4.879000e-02	6.743848e+04	-1.568837e-03	3.353593e-02	0.000000e+00	-5.460936e+03	7.289942e+04
4.998000e-02	5.755297e+04	-1.608801e-03	3.362445e-02	0.000000e+00	-7.655018e+03	6.520799e+04
5.117000e-02	7.689459e+04	-1.648863e-03	3.371966e-02	0.000000e+00	-7.322005e+03	8.421660e+04
5.236000e-02	6.710863e+04	-1.689054e-03	3.382164e-02	0.000000e+00	-5.220792e+03	7.232942e+04
5.355000e-02	6.997849e+04	-1.729359e-03	3.391872e-02	0.000000e+00	-7.736712e+03	7.771521e+04
5.474000e-02	7.832016e+04	-1.769781e-03	3.402374e-02	0.000000e+00	-5.322614e+03	8.364277e+04
5.593000e-02	7.128233e+04	-1.810335e-03	3.412968e-02	0.000000e+00	-4.653190e+03	7.593552e+04
5.712000e-02	7.815228e+04	-1.851009e-03	3.423550e-02	0.000000e+00	-6.147945e+03	8.430023e+04
5.831000e-02	6.469971e+04	-1.891816e-03	3.433667e-02	0.000000e+00	-4.146826e+03	6.884653e+04
5.950000e-02	7.686407e+04	-1.932731e-03	3.443692e-02	0.000000e+00	-4.129050e+03	8.099312e+04
6.069000e-02	8.113367e+04	-1.973775e-03	3.454881e-02	0.000000e+00	-9.153892e+03	9.028756e+04
6.188000e-02	7.332952e+04	-2.014957e-03	3.465819e-02	0.000000e+00	-9.480879e+03	8.281040e+04
6.307000e-02	7.507414e+04	-2.056262e-03	3.476329e-02	0.000000e+00	-5.553505e+03	8.062764e+04
6.426000e-02	8.008237e+04	-2.097693e-03	3.487316e-02	0.000000e+00	-6.730408e+03	8.681278e+04
6.545000e-02	9.253707e+04	-2.139260e-03	3.499541e-02	0.000000e+00	-6.670224e+03	9.920729e+04
6.664000e-02	8.371272e+04	-2.180983e-03	3.512022e-02	0.000000e+00	-1.084608e+04	9.455881e+04
6.783000e-02	7.867949e+04	-2.222846e-03	3.523522e-02	0.000000e+00	-8.703375e+03	8.738287e+04
6.902000e-02	8.285841e+04	-2.264842e-03	3.534962e-02	0.000000e+00	-6.796035e+03	8.965444e+04
7.021000e-02	8.061042e+04	-2.306978e-03	3.546538e-02	0.000000e+00	-5.813817e+03	8.642424e+04
7.140000e-02	8.405848e+04	-2.349250e-03	3.558199e-02	0.000000e+00	-4.101139e+03	8.815962e+04
7.259000e-02	8.197843e+04	-2.391663e-03	3.569957e-02	0.000000e+00	-7.685962e+03	8.966439e+04
7.378000e-02	8.516847e+04	-2.434215e-03	3.581794e-02	0.000000e+00	-7.080611e+03	9.224908e+04
7.497000e-02	9.139029e+04	-2.476910e-03	3.594297e-02	0.000000e+00	-4.496340e+03	9.588663e+04
7.616000e-02	8.838177e+04	-2.519759e-03	3.607028e-02	0.000000e+00	-5.748061e+03	9.412983e+04
7.735000e-02	8.147793e+04	-2.562757e-03	3.619057e-02	0.000000e+00	-8.845724e+03	9.032366e+04
7.854000e-02	9.128131e+04	-2.605893e-03	3.631291e-02	0.000000e+00	-6.300796e+03	9.758211e+04
7.973000e-02	8.586615e+04	-2.649182e-03	3.643836e-02	0.000000e+00	-6.946820e+03	9.281297e+04
8.092000e-02	9.102939e+04	-2.692616e-03	3.656363e-02	0.000000e+00	-3.231899e+03	9.426129e+04
8.211000e-02	8.114748e+04	-2.736203e-03	3.668556e-02	0.000000e+00	-6.239398e+03	8.738688e+04
8.330000e-02	8.066900e+04	-2.779928e-03	3.680015e-02	0.000000e+00	-5.333974e+03	8.600298e+04
8.449000e-02	8.819449e+04	-2.823788e-03	3.691974e-02	0.000000e+00	-5.917197e+03	9.411169e+04
8.568000e-02	8.882319e+04	-2.867797e-03	3.704510e-02	0.000000e+00	-6.025334e+03	9.484853e+04
8.687000e-02	1.042349e+05	-2.911955e-03	3.718181e-02	0.000000e+00	-4.865244e+03	1.091001e+05
8.806000e-02	1.052549e+05	-2.956289e-03	3.733017e-02	0.000000e+00	-5.934125e+03	1.111891e+05
8.925000e-02	7.384527e+04	-3.000801e-03	3.745700e-02	0.000000e+00	-8.039809e+03	8.188508e+04
9.044000e-02	8.016695e+04	-3.045437e-03	3.756606e-02	0.000000e+00	-5.542608e+03	8.570955e+04
9.163000e-02	7.972303e+04	-3.090208e-03	3.767929e-02	0.000000e+00	-6.295087e+03	8.601812e+04
9.282000e-02	1.063783e+05	-3.135114e-03	3.781108e-02	0.000000e+00	-8.041250e+03	1.144195e+05
9.401000e-02	1.276018e+05	-3.180199e-03	3.797678e-02	0.000000e+00	-5.408634e+03	1.330105e+05
9.520000e-02	9.400158e+04	-3.225498e-03	3.813371e-02	0.000000e+00	-5.502361e+03	9.950394e+04
9.639000e-02	1.190019e+05	-3.270957e-03	3.828455e-02	0.000000e+00	-4.141889e+03	1.231438e+05
9.758000e-02	1.203254e+05	-3.316616e-03	3.845404e-02	0.000000e+00	-2.172015e+03	1.224974e+05
9.877000e-02	1.012251e+05	-3.362477e-03	3.861093e-02	0.000000e+00	-4.277691e+03	1.055028e+05
9.996000e-02	1.132045e+05	-3.408510e-03	3.876278e-02	0.000000e+00	-5.307445e+03	1.185119e+05
1.011500e-01	1.046477e+05	-3.454733e-03	3.891706e-02	0.000000e+00	-6.164655e+03	1.108123e+05
1.023400e-01	1.011650e+05	-3.501132e-03	3.906281e-02	0.000000e+00	-2.782645e+03	1.039476e+05
1.035300e-01	1.143375e+05	-3.547702e-03	3.921542e-02	0.000000e+00	-2.172587e+03	1.165101e+05
1.047200e-01	1.099965e+05	-3.594465e-03	3.937428e-02	0.000000e+00	-4.286830e+03	1.142833e+05
1.059100e-01	1.007053e+05	-3.641413e-03	3.952349e-02	0.000000e+00	-8.305223e+03	1.090106e+05
1.071000e-01	9.728261e+04	-3.688531e-03	3.966370e-02	0.000000e+00	-5.563507e+03	1.028461e+05
1.082900e-01	1.002772e+05	-3.735813e-03	3.980361e-02	0.000000e+00	-5.209962e+03	1.054872e+05
1.094800e-01	9.036657e+04	-3.783264e-03	3.993861e-02	0.000000e+00	-6.758568e+03	9.712514e+04
1.106700e-01	1.024957e+05	-3.830867e-03	4.007519e-02	0.000000e+00	-9.740668e+03	1.122363e+05
1.118600e-01	1.136935e+05	-3.878642e-03	4.022829e-02	0.000000e+00	-9.011156e+03	1.227047e+05
1.130500e-01	1.168115e+05	-3.926610e-03	4.039153e-02	0.000000e+00	-2.985455e+03	1.197970e+05
1.142400e-01	1.248313e+05	-3.974774e-03	4.056265e-02	0.000000e+00	-2.201512e+03	1.270329e+05
1.154300e-01	1.082588e+05	-4.023149e-03	4.072771e-02	0.000000e+00	-9.608184e+03	1.178669e+05
1.166200e-01	1.097073e+05	-4.071706e-03	4.088207e-02	0.000000e+00	-5.108789e+03	1.148161e+05
1.178100e-01	1.007774e+05	-4.120448e-03	4.103113e-02	0.000000e+00	-5.583736e+03	1.063611e+05
1.190000e-01	1.136428e+05	-4.169360e-03	4.118297e-02	0.000000e+00	-7.930838e+03	1.215736e+05
1.201900e-01	1.117394e+05	-4.218464e-03	4.134258e-02	0.000000e+00	-2.264607e+03	1.140040e+05
1.213800e-01	1.201029e+05	-4.267756e-03	4.150676e-02	0.000000e+00	-9.881273e+03	1.299841e+05
1.225700e-01	1.060243e+05	-4.317250e-03	4.166690e-02	0.000000e+00	-6.452984e+03	1.124773e+05
1.237600e-01	1.023333e+05	-4.366923e-03	4.181445e-02	0.000000e+00	-5.242046e+03	1.075754e+05
1.249500e-01	1.179852e+05	-4.416768e-03	4.197047e-02	0.000000e+00	-3.645041e+03	1.216303e+05
1.261400e-01	1.213058e+05	-4.466813e-03	4.213993e-02	0.000000e+00	-4.487563e+03	1.257934e+05
1.273300e-01	1.338187e+05	-4.517061e-03	4.232060e-02	0.000000e+00	-4.913519e+03	1.387322e+05
1.285200e-01	1.259301e+05	-4.567536e-03	4.250454e-02	0.000000e+00	-3.393159e+03	1.293233e+05
1.297100e-01	1.184397e+05	-4.618222e-03	4.267760e-02	0.000000e+00	-4.059121e+03	1.224988e+05
1.309000e-01	1.161200e+05	-4.669108e-03	4.284371e-02	0.000000e+00	-6.540781e+03	1.226608e+05
1.320900e-01	1.247780e+05	-4.720190e-03	4.301430e-02	0.000000e+00	-5.849462e+03	1.306275e+05
1.332800e-01	1.252358e+05	-4.771482e-03	4.319135e-02	0.000000e+00	-6.349160e+03	1.315849e+05
1.344700e-01	1.140554e+05	-4.822986e-03	4.336081e-02	0.000000e+00	-8.693020e+03	1.227484e+05
1.356600e-01	1.212542e+05	-4.874681e-03	4.352745e-02	0.000000e+00	-4.928050e+03	1.261823e+05
1.368500e-01	1.201679e+05	-4.926581e-03	4.369841e-02	0.000000e+00	-4.434778e+03	1.246027e+05
1.380400e-01	1.246011e+05	-4.978683e-03	4.387175e-02	0.000000e+00	-4.702323e+03	1.293034e+05
1.392300e-01	1.118856e+05	-5.030996e-03	4.403922e-02	0.000000e+00	-6.567941e+03	1.184535e+05
1.404200e-01	1.128439e+05	-5.083497e-03	4.419837e-02	0.000000e+00	-8.212121e+03	1.210560e+05
1.416100e-01	1.147020e+05	-5.136188e-03	4.435951e-02	0.000000e+00	-5.070765e+03	1.197728e+05
1.428000e-01	1.172849e+05	-5.189072e-03	4.452379e-02	0.000000e+00	-6.987242e+03	1.242722e+05
1.439900e-01	1.189457e+05	-5.242154e-03	4.469108e-02	0.000000e+00	-9.140771e+03	1.280864e+05
1.451800e-01	1.227146e+05	-5.295437e-03	4.486222e-02	0.000000e+00	-7.327571e+03	1.300422e+05
1.463700e-01	1.369275e+05	-5.348927e-03	4.504609e-02	0.000000e+00	-8.473977e+03	1.454015e+05
1.475600e-01	1.277327e+05	-5.402647e-03	4.523351e-02	0.000000e+00	-7.046894e+03	1.347796e+05
1.487500e-01	1.274862e+05	-5.456582e-03	4.541425e-02	0.000000e+00	-5.030010e+03	1.325162e+05
1.499400e-01	1.136090e+05	-5.510733e-03	4.558498e-02	0.000000e+00	-8.428864e+03	1.220379e+05
1.511300e-01	1.447476e+05	-5.565075e-03	4.576794e-02	0.000000e+00	-5.919929e+03	1.506675e+05
1.523200e-01	1.349133e+05	-5.619660e-03	4.596599e-02	0.000000e+00	-5.685730e+03	1.405990e+05
1.535100e-01	1.305056e+05	-5.674474e-03	4.615395e-02	0.000000e+00	-7.477845e+03	1.379834e+05
1.547000e-01	1.308294e+05	-5.729507e-03	4.633902e-02	0.000000e+00	-5.313875e+03	1.361432e+05
1.558900e-01	1.210802e+05	-5.784760e-03	4.651741e-02	0.000000e+00	-3.579835e+03	1.246600e+05
1.570800e-01	1.323680e+05	-5.840218e-03	4.669689e-02	0.000000e+00	-6.232894e+03	1.386009e+05
1.582700e-01	1.292854e+05	-5.895899e-03	4.688219e-02	0.000000e+00	-6.903048e+03	1.361885e+05
1.594600e-01	1.331360e+05	-5.951798e-03	4.706802e-02	0.000000e+00	-6.035239e+03	1.391712e+05
1.606500e-01	1.178508e+05	-6.007921e-03	4.724576e-02	0.000000e+00	-3.220977e+03	1.210718e+05
1.618400e-01	1.302758e+05	-6.064243e-03	4.742148e-02	0.000000e+00	-5.387744e+03	1.356635e+05
1.630300e-01	1.274756e+05	-6.120784e-03	4.760401e-02	0.000000e+00	-3.399712e+03	1.308753e+05
1.642200e-01	1.251783e+05	-6.177540e-03	4.778293e-02	0.000000e+00	-4.822157e+03	1.300004e+05
1.654100e-01	1.350601e+05	-6.234507e-03	4.796722e-02	0.000000e+00	-6.044944e+03	1.411051e+05
1.666000e-01	1.473829e+05	-6.291702e-03	4.816724e-02	0.000000e+00	-3.550305e+03	1.509332e+05
1.677900e-01	1.425369e+05	-6.349145e-03	4.837255e-02	0.000000e+00	-6.902066e+03	1.494390e+05
1.689800e-01	1.418695e+05	-6.406829e-03	4.857396e-02	0.000000e+00	-5.704220e+03	1.475737e+05
1.701700e-01	1.507601e+05	-6.464752e-03	4.878119e-02	0.000000e+00	-5.137206e+03	1.558973e+05
1.713600e-01	1.453924e+05	-6.522928e-03	4.899091e-02	0.000000e+00	-5.848329e+03	1.512407e+05
1.725500e-01	1.402688e+05	-6.581350e-03	4.919321e-02	0.000000e+00	-5.234128e+03	1.455029e+05
1.737400e-01	1.279651e+05	-6.640008e-03	4.938316e-02	0.000000e+00	-4.420234e+03	1.323853e+05
1.749300e-01	1.367877e+05	-6.698882e-03	4.957065e-02	0.000000e+00	-4.706779e+03	1.414945e+05
1.761200e-01	1.631228e+05	-6.757986e-03	4.978303e-02	0.000000e+00	-4.392776e+03	1.675156e+05
1.773100e-01	1.334410e+05	-6.817365e-03	4.999305e-02	0.000000e+00	-7.503791e+03	1.409448e+05
1.785000e-01	1.314921e+05	-6.876970e-03	5.018067e-02	0.000000e+00	-5.191182e+03	1.366833e+05
1.796900e-01	1.615904e+05	-6.936795e-03	5.038822e-02	0.000000e+00	-3.884855e+03	1.654753e+05
1.808800e-01	1.498084e+05	-6.996894e-03	5.060874e-02	0.000000e+00	-4.564687e+03	1.543731e+05
1.820700e-01	1.494332e+05	-7.057244e-03	5.082065e-02	0.000000e+00	-4.092598e+03	1.535258e+05
1.832600e-01	1.366130e+05	-7.117847e-03	5.102322e-02	0.000000e+00	-2.644841e+03	1.392579e+05
1.844500e-01	1.375746e+05	-7.178679e-03	5.121739e-02	0.000000e+00	-3.914971e+03	1.414896e+05
1.856400e-01	1.396372e+05	-7.239744e-03	5.141370e-02	0.000000e+00	-6.964059e+03	1.466013e+05
1.868300e-01	1.234228e+05	-7.301044e-03	5.159999e-02	0.000000e+00	-4.452765e+03	1.278756e+05
1.880200e-01	1.367365e+05	-7.362552e-03	5.178423e-02	0.000000e+00	-4.388479e+03	1.411250e+05
1.892100e-01	1.591548e+05	-7.424291e-03	5.199377e-02	0.000000e+00	-5.468593e+03	1.646234e+05
1.904000e-01	1.421537e+05	-7.486297e-03	5.220714e-02	0.000000e+00	-4.332138e+03	1.464858e+05
1.915900e-01	1.357203e+05	-7.548544e-03	5.240392e-02	0.000000e+00	-4.724326e+03	1.404446e+05
1.927800e-01	1.391162e+05	-7.611019e-03	5.259855e-02	0.000000e+00	-4.706269e+03	1.438224e+05
1.939700e-01	1.416522e+05	-7.673728e-03	5.279738e-02	0.000000e+00	-4.331064e+03	1.459833e+05
1.951600e-01	1.501715e+05	-7.736676e-03	5.300404e-02	0.000000e+00	-3.860319e+03	1.540318e+05
1.963500e-01	1.553053e+05	-7.799878e-03	5.322037e-02	0.000000e+00	-3.806413e+03	1.591117e+05
1.975400e-01	1.533917e+05	-7.863341e-03	5.343898e-02	0.000000e+00	-2.843710e+03	1.562354e+05
1.987300e-01	1.501677e+05	-7.927062e-03	5.365395e-02	0.000000e+00	-5.105398e+03	1.552731e+05
1.999200e-01	1.610417e+05	-7.991037e-03	5.387433e-02	0.000000e+00	-3.697754e+03	1.647394e+05
2.011100e-01	1.527924e+05	-8.055283e-03	5.409658e-02	0.000000e+00	-4.694832e+03	1.574872e+05
2.023000e-01	1.530593e+05	-8.119787e-03	5.431317e-02	0.000000e+00	-8.880270e+03	1.619396e+05
2.034900e-01	1.452833e+05	-8.184549e-03	5.452445e-02	0.000000e+00	-5.313025e+03	1.505963e+05
2.046800e-01	1.367620e+05	-8.249555e-03	5.472418e-02	0.000000e+00	-6.599816e+03	1.433618e+05
2.058700e-01	1.535137e+05	-8.314792e-03	5.492975e-02	0.000000e+00	-2.331322e+03	1.558450e+05
2.070600e-01	1.558517e+05	-8.380288e-03	5.514883e-02	0.000000e+00	-3.918383e+03	1.597700e+05
2.082500e-01	1.489784e+05	-8.446046e-03	5.536470e-02	0.000000e+00	-3.256770e+03	1.522351e+05
2.094400e-01	1.499360e+05	-8.512056e-03	5.557638e-02	0.000000e+00	-3.881845e+03	1.538179e+05
2.106300e-01	1.634211e+05	-8.578318e-03	5.579829e-02	0.000000e+00	-4.785801e+03	1.682069e+05
2.118200e-01	1.548867e+05	-8.644856e-03	5.602370e-02	0.000000e+00	-5.397706e+03	1.602844e+05
2.130100e-01	1.512192e+05	-8.711655e-03	5.624048e-02	0.000000e+00	-3.163006e+03	1.543822e+05
2.142000e-01	1.518939e+05	-8.778708e-03	5.645513e-02	0.000000e+00	-4.720108e+03	1.566140e+05
2.153900e-01	1.641650e+05	-8.846018e-03	5.667895e-02	0.000000e+00	-3.320949e+03	1.674860e+05
2.165800e-01	1.543169e+05	-8.913604e-03	5.690449e-02	0.000000e+00	-5.970986e+03	1.602878e+05
2.177700e-01	1.409546e+05	-8.981451e-03	5.711359e-02	0.000000e+00	-8.673382e+03	1.496280e+05
2.189600e-01	1.563187e+05	-9.049535e-03	5.732411e-02	0.000000e+00	-2.720512e+03	1.590392e+05
2.201500e-01	1.630149e+05	-9.117882e-03	5.755025e-02	0.000000e+00	-2.469252e+03	1.654841e+05
2.213400e-01	1.668467e+05	-9.186504e-03	5.778385e-02	0.000000e+00	-2.711850e+03	1.695585e+05
2.225300e-01	1.624132e+05	-9.255408e-03	5.801702e-02	0.000000e+00	-2.950260e+03	1.653635e+05
2.237200e-01	1.638144e+05	-9.324585e-03	5.824804e-02	0.000000e+00	-2.817713e+03	1.666321e+05
2.249100e-01	1.522267e+05	-9.394038e-03	5.847185e-02	0.000000e+00	-4.518623e+03	1.567453e+05
2.261000e-01	1.571025e+05	-9.463748e-03	5.869090e-02	0.000000e+00	-7.764027e+03	1.648665e+05
2.272900e-01	1.754380e+05	-9.533722e-03	5.892640e-02	0.000000e+00	-3.832023e+03	1.792701e+05
2.284800e-01	1.570315e+05	-9.603992e-03	5.916184e-02	0.000000e+00	-4.208945e+03	1.612404e+05
2.296700e-01	1.679026e+05	-9.674527e-03	5.939195e-02	0.000000e+00	-3.681265e+03	1.715838e+05
2.308600e-01	1.611610e+05	-9.745345e-03	5.962498e-02	0.000000e+00	-4.951992e+03	1.661130e+05
2.320500e-01	1.689476e+05	-9.816435e-03	5.985875e-02	0.000000e+00	-2.784728e+03	1.717323e+05
2.332400e-01	1.541438e+05	-9.887809e-03	6.008755e-02	0.000000e+00	-6.504261e+03	1.606481e+05
2.344300e-01	1.583188e+05	-9.959443e-03	6.030883e-02	0.000000e+00	-3.879109e+03	1.621979e+05
2.356200e-01	1.555067e+05	-1.003134e-02	6.053107e-02	0.000000e+00	-4.800351e+03	1.603071e+05
2.368100e-01	1.510605e+05	-1.010351e-02	6.074817e-02	0.000000e+00	-2.509854e+03	1.535703e+05
2.380000e-01	1.549436e+05	-1.017592e-02	6.096487e-02	0.000000e+00	-4.321487e+03	1.592651e+05
2.391900e-01	1.649901e+05	-1.024860e-02	6.119143e-02	0.000000e+00	-4.002613e+03	1.689927e+05
2.403800e-01	1.667831e+05	-1.032156e-02	6.142638e-02	0.000000e+00	-5.192544e+03	1.719756e+05
2.415700e-01	1.652670e+05	-1.039480e-02	6.166153e-02	0.000000e+00	-5.872717e+03	1.711398e+05
2.427600e-01	1.784023e+05	-1.046831e-02	6.190490e-02	0.000000e+00	-3.504763e+03	1.819071e+05
2.439500e-01	1.744634e+05	-1.054213e-02	6.215479e-02	0.000000e+00	-3.095943e+03	1.775593e+05
2.451400e-01	1.688469e+05	-1.061624e-02	6.239791e-02	0.000000e+00	-4.659578e+03	1.735065e+05
2.463300e-01	1.738843e+05	-1.069064e-02	6.264062e-02	0.000000e+00	-2.106916e+03	1.759912e+05
2.475200e-01	1.718326e+05	-1.076533e-02	6.288545e-02	0.000000e+00	-2.448205e+03	1.742808e+05
2.487100e-01	1.672368e+05	-1.084031e-02	6.312556e-02	0.000000e+00	-7.686469e+03	1.749232e+05
2.499000e-01	1.584070e+05	-1.091557e-02	6.335617e-02	0.000000e+00	-4.772170e+03	1.631792e+05
2.510900e-01	1.614785e+05	-1.099109e-02	6.358270e-02	0.000000e+00	-1.887009e+03	1.633655e+05
2.522800e-01	1.697640e+05	-1.106689e-02	6.381728e-02	0.000000e+00	-4.287413e+03	1.740514e+05
2.534700e-01	1.796877e+05	-1.114298e-02	6.406475e-02	0.000000e+00	-3.959211e+03	1.836469e+05
2.546600e-01	1.845480e+05	-1.121937e-02	6.432269e-02	0.000000e+00	-2.508846e+03	1.870568e+05
2.558500e-01	1.709125e+05	-1.129607e-02	6.457441e-02	0.000000e+00	-2.806114e+03	1.737186e+05
2.570400e-01	1.675381e+05	-1.137305e-02	6.481409e-02	0.000000e+00	-4.115574e+03	1.716537e+05
2.582300e-01	1.466066e+05	-1.145032e-02	6.503656e-02	0.000000e+00	-5.999714e+03	1.526063e+05
2.594200e-01	1.692158e+05	-1.152784e-02	6.526021e-02	0.000000e+00	-5.959507e+03	1.751753e+05
2.606100e-01	1.867070e+05	-1.160564e-02	6.551226e-02	0.000000e+00	-3.866290e+03	1.905733e+05
2.618000e-01	1.656251e+05	-1.168376e-02	6.576177e-02	0.000000e+00	-4.460660e+03	1.700858e+05
2.629900e-01	1.583281e+05	-1.176216e-02	6.599118e-02	0.000000e+00	-3.585305e+03	1.619134e+05
2.641800e-01	1.554953e+05	-1.184082e-02	6.621342e-02	0.000000e+00	-3.990483e+03	1.594858e+05
2.653700e-01	1.526044e+05	-1.191974e-02	6.643161e-02	0.000000e+00	-8.160791e+03	1.607652e+05
2.665600e-01	1.621302e+05	-1.199893e-02	6.665449e-02	0.000000e+00	-6.339507e+03	1.684697e+05
2.677500e-01	1.723944e+05	-1.207838e-02	6.689139e-02	0.000000e+00	-2.707592e+03	1.751020e+05
2.689400e-01	1.664502e+05	-1.215813e-02	6.713135e-02	0.000000e+00	-3.227866e+03	1.696780e+05
2.701300e-01	1.838938e+05	-1.223816e-02	6.737945e-02	0.000000e+00	-3.879055e+03	1.877729e+05
2.713200e-01	1.682261e+05	-1.231849e-02	6.762881e-02	0.000000e+00	-6.468814e+03	1.746949e+05
2.725100e-01	1.754505e+05	-1.239911e-02	6.787219e-02	0.000000e+00	-7.285023e+03	1.827355e+05
2.737000e-01	1.882438e+05	-1.248003e-02	6.812974e-02	0.000000e+00	-3.026400e+03	1.912702e+05
2.748900e-01	1.644422e+05	-1.256126e-02	6.837950e-02	0.000000e+00	-2.566061e+03	1.670082e+05
2.760800e-01	1.664124e+05	-1.264277e-02	6.861380e-02	0.000000e+00	-3.550879e+03	1.699633e+05
2.772700e-01	1.580396e+05	-1.272456e-02	6.884357e-02	0.000000e+00	-2.057051e+03	1.600967e+05
2.784600e-01	1.580406e+05	-1.280662e-02	6.906741e-02	0.000000e+00	-2.719907e+03	1.607605e+05
2.796500e-01	1.682735e+05	-1.288894e-02	6.929849e-02	0.000000e+00	-5.188847e+03	1.734624e+05
2.808400e-01	1.819866e+05	-1.297155e-02	6.954653e-02	0.000000e+00	-2.802307e+03	1.847889e+05
2.820300e-01	1.730431e+05	-1.305446e-02	6.979795e-02	0.000000e+00	-6.849034e+03	1.798921e+05
2.832200e-01	1.522240e+05	-1.313767e-02	7.002829e-02	0.000000e+00	-3.513396e+03	1.557374e+05
2.844100e-01	1.595339e+05	-1.322113e-02	7.024907e-02	0.000000e+00	-4.756530e+03	1.642904e+05
2.856000e-01	1.684538e+05	-1.330486e-02	7.048134e-02	0.000000e+00	-2.954949e+03	1.714088e+05
2.867900e-01	1.822742e+05	-1.338888e-02	7.072971e-02	0.000000e+00	-3.202028e+03	1.854762e+05
2.879800e-01	1.886133e+05	-1.347320e-02	7.099236e-02	0.000000e+00	-3.240778e+03	1.918540e+05
2.891700e-01	2.045427e+05	-1.355784e-02	7.127078e-02	0.000000e+00	-3.057410e+03	2.076001e+05
2.903600e-01	1.924825e+05	-1.364282e-02	7.155194e-02	0.000000e+00	-5.899087e+03	1.983816e+05
2.915500e-01	1.883671e+05	-1.372813e-02	7.182164e-02	0.000000e+00	-2.494809e+03	1.908619e+05
2.927400e-01	1.695013e+05	-1.381376e-02	7.207507e-02	0.000000e+00	-1.768652e+03	1.712700e+05
2.939300e-01	1.652013e+05	-1.389967e-02	7.231210e-02	0.000000e+00	-3.745459e+03	1.689467e+05
2.951200e-01	1.622644e+05	-1.398586e-02	7.254400e-02	0.000000e+00	-2.389138e+03	1.646536e+05
2.963100e-01	1.616116e+05	-1.407232e-02	7.277336e-02	0.000000e+00	-5.880576e+03	1.674922e+05
2.975000e-01	1.863798e+05	-1.415906e-02	7.301979e-02	0.000000e+00	-2.727834e+03	1.891076e+05
2.986900e-01	1.897377e+05	-1.424611e-02	7.328614e-02	0.000000e+00	-4.039503e+03	1.937772e+05
2.998800e-01	1.842687e+05	-1.433348e-02	7.355100e-02	0.000000e+00	-4.107261e+03	1.883759e+05
3.010700e-01	1.781565e+05	-1.442116e-02	7.380766e-02	0.000000e+00	-3.737435e+03	1.818939e+05
3.022600e-01	1.602546e+05	-1.450914e-02	7.404731e-02	0.000000e+00	-1.238266e+03	1.614929e+05
3.034500e-01	1.523981e+05	-1.459740e-02	7.426872e-02	0.000000e+00	-3.450532e+03	1.558486e+05
3.046400e-01	1.799243e+05	-1.468590e-02	7.450406e-02	0.000000e+00	-3.869034e+03	1.837933e+05
3.058300e-01	1.731057e+05	-1.477472e-02	7.475406e-02	0.000000e+00	-4.801163e+03	1.779068e+05
3.070200e-01	1.798065e+05	-1.486382e-02	7.500398e-02	0.000000e+00	-3.148238e+03	1.829547e+05
3.082100e-01	1.658968e+05	-1.495322e-02	7.524880e-02	0.000000e+00	-4.721594e+03	1.706184e+05
3.094000e-01	1.651715e+05	-1.504291e-02	7.548325e-02	0.000000e+00	-3.436417e+03	1.686079e+05
3.105900e-01	1.874591e+05	-1.513287e-02	7.573297e-02	0.000000e+00	-4.597217e+03	1.920563e+05
3.117800e-01	1.856818e+05	-1.522315e-02	7.599721e-02	0.000000e+00	-5.214510e+03	1.908963e+05
3.129700e-01	1.754427e+05	-1.531375e-02	7.625295e-02	0.000000e+00	-4.612085e+03	1.800548e+05
3.141600e-01	1.813140e+05	-1.540464e-02	7.650559e-02	0.000000e+00	-2.277223e+03	1.835913e+05
3.153500e-01	1.727963e+05	-1.549583e-02	7.675636e-02	0.000000e+00	-4.207561e+03	1.770039e+05
3.165400e-01	1.655419e+05	-1.558732e-02	7.699596e-02	0.000000e+00	-4.899242e+03	1.704411e+05
3.177300e-01	1.736581e+05	-1.567908e-02	7.723617e-02	0.000000e+00	-7.302761e+03	1.809609e+05
3.189200e-01	1.732398e+05	-1.577114e-02	7.748183e-02	0.000000e+00	-3.474664e+03	1.767145e+05
3.201100e-01	1.841755e+05	-1.586349e-02	7.773494e-02	0.000000e+00	-4.215780e+03	1.883913e+05
3.213000e-01	2.019512e+05	-1.595615e-02	7.800838e-02	0.000000e+00	-2.279613e+03	2.042308e+05
3.224900e-01	1.853128e+05	-1.604915e-02	7.828263e-02	0.000000e+00	-3.223544e+03	1.885364e+05
3.236800e-01	1.776061e+05	-1.614246e-02	7.853963e-02	0.000000e+00	-2.079595e+03	1.796857e+05
3.248700e-01	1.702191e+05	-1.623607e-02	7.878595e-02	0.000000e+00	-2.503108e+03	1.727222e+05
3.260600e-01	1.747814e+05	-1.632997e-02	7.903027e-02	0.000000e+00	-4.606612e+03	1.793880e+05
3.272500e-01	1.760868e+05	-1.642416e-02	7.927874e-02	0.000000e+00	-4.209574e+03	1.802964e+05
3.284400e-01	1.755589e+05	-1.651865e-02	7.952776e-02	0.000000e+00	-3.695667e+03	1.792546e+05
3.296300e-01	1.891693e+05	-1.661344e-02	7.978605e-02	0.000000e+00	-5.327461e+03	1.944968e+05
3.308200e-01	1.764821e+05	-1.670855e-02	8.004499e-02	0.000000e+00	-3.450345e+03	1.799325e+05
3.320100e-01	1.809565e+05	-1.680395e-02	8.029812e-02	0.000000e+00	-3.069028e+03	1.840255e+05
3.332000e-01	1.738929e+05	-1.689966e-02	8.054941e-02	0.000000e+00	-6.033446e+03	1.799263e+05
3.343900e-01	1.836951e+05	-1.699566e-02	8.080264e-02	0.000000e+00	-3.876417e+03	1.875715e+05
3.355800e-01	1.870765e+05	-1.709197e-02	8.106521e-02	0.000000e+00	-4.704754e+03	1.917812e+05
3.367700e-01	1.874367e+05	-1.718859e-02	8.133043e-02	0.000000e+00	-3.601519e+03	1.910382e+05
3.379600e-01	1.907938e+05	-1.728553e-02	8.159827e-02	0.000000e+00	-3.081539e+03	1.938754e+05
3.391500e-01	1.753569e+05	-1.738279e-02	8.185757e-02	0.000000e+00	-3.539338e+03	1.788963e+05
3.403400e-01	1.838006e+05	-1.748035e-02	8.211191e-02	0.000000e+00	-2.274381e+03	1.860750e+05
3.415300e-01	1.903711e+05	-1.757822e-02	8.237689e-02	0.000000e+00	-3.560677e+03	1.939318e+05
3.427200e-01	1.812782e+05	-1.767641e-02	8.264008e-02	0.000000e+00	-4.064222e+03	1.853424e+05
3.439100e-01	1.845346e+05	-1.777490e-02	8.289913e-02	0.000000e+00	-2.337154e+03	1.868718e+05
3.451000e-01	1.938473e+05	-1.787371e-02	8.316709e-02	0.000000e+00	-2.434440e+03	1.962817e+05
3.462900e-01	2.042382e+05	-1.797284e-02	8.344900e-02	0.000000e+00	-6.494916e+03	2.107331e+05
3.474800e-01	1.935827e+05	-1.807232e-02	8.373072e-02	0.000000e+00	-5.075517e+03	1.986582e+05
3.486700e-01	1.600964e+05	-1.817212e-02	8.398118e-02	0.000000e+00	-3.582855e+03	1.636793e+05
3.498600e-01	1.885953e+05	-1.827219e-02	8.422812e-02	0.000000e+00	-3.227428e+03	1.918227e+05
3.510500e-01	1.832066e+05	-1.837258e-02	8.449141e-02	0.000000e+00	-5.737647e+03	1.889442e+05
3.522400e-01	1.864230e+05	-1.847328e-02	8.475317e-02	0.000000e+00	-2.040743e+03	1.884637e+05
3.534300e-01	1.846496e+05	-1.857430e-02	8.501595e-02	0.000000e+00	-4.526630e+03	1.891763e+05
3.546200e-01	1.843344e+05	-1.867562e-02	8.527725e-02	0.000000e+00	-4.714492e+03	1.890489e+05
3.558100e-01	2.011941e+05	-1.877726e-02	8.555027e-02	0.000000e+00	-4.057260e+03	2.052513e+05
3.570000e-01	1.870888e+05	-1.887923e-02	8.582524e-02	0.000000e+00	-4.299137e+03	1.913879e+05
3.581900e-01	1.599046e+05	-1.898152e-02	8.607097e-02	0.000000e+00	-6.781865e+03	1.666865e+05
3.593800e-01	1.953553e+05	-1.908408e-02	8.632255e-02	0.000000e+00	-3.355703e+03	1.987110e+05
3.605700e-01	1.892840e+05	-1.918697e-02	8.659494e-02	0.000000e+00	-3.588752e+03	1.928728e+05
3.617600e-01	1.679891e+05	-1.929018e-02	8.684795e-02	0.000000e+00	-4.128949e+03	1.721180e+05
3.629500e-01	2.032529e+05	-1.939367e-02	8.711085e-02	0.000000e+00	-2.481421e+03	2.057343e+05
3.641400e-01	1.786832e+05	-1.949750e-02	8.738132e-02	0.000000e+00	-5.275412e+03	1.839586e+05
3.653300e-01	1.994725e+05	-1.960163e-02	8.764912e-02	0.000000e+00	-2.989019e+03	2.024615e+05
3.665200e-01	1.858664e+05	-1.970610e-02	8.792200e-02	0.000000e+00	-3.280145e+03	1.891465e+05
3.677100e-01	1.871352e+05	-1.981089e-02	8.818615e-02	0.000000e+00	-4.396452e+03	1.915316e+05
3.689000e-01	1.783897e+05	-1.991599e-02	8.844500e-02	0.000000e+00	-5.888448e+03	1.842782e+05
3.700900e-01	1.906908e+05	-2.002139e-02	8.870637e-02	0.000000e+00	-1.962672e+03	1.926535e+05
3.712800e-01	1.968808e+05	-2.012711e-02	8.898083e-02	0.000000e+00	-4.355446e+03	2.012362e+05
3.724700e-01	1.712513e+05	-2.023316e-02	8.924153e-02	0.000000e+00	-4.254803e+03	1.755061e+05
3.736600e-01	1.794039e+05	-2.033950e-02	8.948985e-02	0.000000e+00	-3.673696e+03	1.830776e+05
3.748500e-01	1.875409e+05	-2.044615e-02	8.974971e-02	0.000000e+00	-3.766435e+03	1.913074e+05
3.760400e-01	2.030711e+05	-2.055311e-02	9.002633e-02	0.000000e+00	-2.260274e+03	2.053314e+05
3.772300e-01	1.777637e+05	-2.066041e-02	9.029602e-02	0.000000e+00	-3.197693e+03	1.809614e+05
3.784200e-01	1.698211e+05	-2.076801e-02	9.054217e-02	0.000000e+00	-4.723180e+03	1.745443e+05
3.796100e-01	1.792293e+05	-2.087590e-02	9.078935e-02	0.000000e+00	-1.989080e+03	1.812184e+05
3.808000e-01	1.921988e+05	-2.098409e-02	9.105239e-02	0.000000e+00	-3.633731e+03	1.958325e+05
3.819900e-01	1.783851e+05	-2.109261e-02	9.131482e-02	0.000000e+00	-4.087651e+03	1.824728e+05
3.831800e-01	1.828598e+05	-2.120142e-02	9.157064e-02	0.000000e+00	-4.293451e+03	1.871533e+05
3.843700e-01	1.785780e+05	-2.131054e-02	9.182660e-02	0.000000e+00	-2.887487e+03	1.814655e+05
3.855600e-01	1.971371e+05	-2.141997e-02	9.209267e-02	0.000000e+00	-3.067198e+03	2.002043e+05
3.867500e-01	1.808899e+05	-2.152972e-02	9.236037e-02	0.000000e+00	-5.687010e+03	1.865769e+05
3.879400e-01	2.082660e+05	-2.163979e-02	9.263596e-02	0.000000e+00	-2.403271e+03	2.106693e+05
3.891300e-01	2.018457e+05	-2.175020e-02	9.292639e-02	0.000000e+00	-3.123786e+03	2.049694e+05
3.903200e-01	1.954293e+05	-2.186095e-02	9.320772e-02	0.000000e+00	-2.021817e+03	1.974512e+05
3.915100e-01	2.016734e+05	-2.197203e-02	9.348894e-02	0.000000e+00	-2.496073e+03	2.041695e+05
3.927000e-01	1.739159e+05	-2.208345e-02	9.375492e-02	0.000000e+00	-3.210373e+03	1.771263e+05
3.938900e-01	1.969904e+05	-2.219517e-02	9.401758e-02	0.000000e+00	-1.027684e+03	1.980181e+05
3.950800e-01	1.873570e+05	-2.230722e-02	9.428976e-02	0.000000e+00	-2.598240e+03	1.899553e+05
3.962700e-01	1.972905e+05	-2.241958e-02	9.456215e-02	0.000000e+00	-1.621829e+03	1.989123e+05
3.974600e-01	2.002169e+05	-2.253227e-02	9.484365e-02	0.000000e+00	-4.924546e+03	2.051415e+05
3.986500e-01	1.832516e+05	-2.264531e-02	9.511521e-02	0.000000e+00	-9.178537e+03	1.924301e+05
3.998400e-01	2.013796e+05	-2.275865e-02	9.538760e-02	0.000000e+00	-5.064001e+03	2.064436e+05
4.010300e-01	1.998043e+05	-2.287233e-02	9.567170e-02	0.000000e+00	-4.886861e+03	2.046912e+05
4.022200e-01	1.945153e+05	-2.298635e-02	9.595094e-02	0.000000e+00	-2.548620e+03	1.970639e+05
4.034100e-01	1.804778e+05	-2.310069e-02	9.621650e-02	0.000000e+00	-3.047573e+03	1.835254e+05
4.046000e-01	1.902340e+05	-2.321534e-02	9.647902e-02	0.000000e+00	-8.454117e+02	1.910794e+05
4.057900e-01	1.946051e+05	-2.333031e-02	9.675155e-02	0.000000e+00	-1.488233e+03	1.960933e+05
4.069800e-01	1.970088e+05	-2.344561e-02	9.702888e-02	0.000000e+00	-2.091998e+03	1.991008e+05
4.081700e-01	1.830912e+05	-2.356124e-02	9.729805e-02	0.000000e+00	-2.535906e+03	1.856271e+05
4.093600e-01	1.945513e+05	-2.367718e-02	9.756549e-02	0.000000e+00	-2.291031e+03	1.968424e+05
4.105500e-01	2.080620e+05	-2.379345e-02	9.785060e-02	0.000000e+00	-2.954997e+03	2.110170e+05
4.117400e-01	2.065935e+05	-2.391006e-02	9.814425e-02	0.000000e+00	-6.626347e+03	2.132198e+05
4.129300e-01	1.833904e+05	-2.402703e-02	9.842042e-02	0.000000e+00	-3.950941e+03	1.873413e+05
4.141200e-01	2.004001e+05	-2.414430e-02	9.869221e-02	0.000000e+00	-2.391734e+03	2.027919e+05
4.153100e-01	1.908596e+05	-2.426192e-02	9.896928e-02	0.000000e+00	-4.735991e+03	1.955956e+05
4.165000e-01	1.926254e+05	-2.437985e-02	9.924086e-02	0.000000e+00	-1.180668e+03	1.938060e+05
4.176900e-01	2.157613e+05	-2.449811e-02	9.953006e-02	0.000000e+00	-5.123605e+03	2.208849e+05
4.188800e-01	1.972760e+05	-2.461673e-02	9.982256e-02	0.000000e+00	-3.120174e+03	2.003962e+05
4.200700e-01	1.880245e+05	-2.473569e-02	1.000954e-01	0.000000e+00	-2.618239e+03	1.906428e+05
4.212600e-01	2.150797e+05	-2.485496e-02	1.003809e-01	0.000000e+00	-3.339657e+03	2.184194e+05
4.224500e-01	1.956257e+05	-2.497459e-02	1.006717e-01	0.000000e+00	-3.324973e+03	1.989507e+05
4.236400e-01	1.900054e+05	-2.509456e-02	1.009448e-01	0.000000e+00	-3.782831e+03	1.937882e+05
4.248300e-01	1.978242e+05	-2.521484e-02	1.012195e-01	0.000000e+00	-4.096904e+03	2.019211e+05
4.260200e-01	1.888907e+05	-2.533546e-02	1.014933e-01	0.000000e+00	-2.267588e+03	1.911583e+05
4.272100e-01	1.883305e+05	-2.545640e-02	1.017605e-01	0.000000e+00	-1.120788e+03	1.894513e+05
4.284000e-01	1.933028e+05	-2.557765e-02	1.020307e-01	0.000000e+00	-4.724861e+03	1.980276e+05
4.295900e-01	1.927273e+05	-2.569923e-02	1.023041e-01	0.000000e+00	-2.056562e+03	1.947839e+05
4.307800e-01	2.001568e+05	-2.582114e-02	1.025823e-01	0.000000e+00	-3.300346e+03	2.034571e+05
4.319700e-01	1.958081e+05	-2.594338e-02	1.028627e-01	0.000000e+00	-3.279696e+03	1.990878e+05
4.331600e-01	1.923627e+05	-2.606595e-02	1.031376e-01	0.000000e+00	-4.506577e+02	1.928134e+05
4.343500e-01	2.030554e+05	-2.618884e-02	1.034176e-01	0.000000e+00	-8.589163e+02	2.039143e+05
4.355400e-01	1.890017e+05	-2.631208e-02	1.036953e-01	0.000000e+00	-1.284245e+03	1.902860e+05
4.367300e-01	1.823492e+05	-2.643564e-02	1.039583e-01	0.000000e+00	-1.410793e+03	1.837599e+05
4.379200e-01	1.722510e+05	-2.655950e-02	1.042094e-01	0.000000e+00	-2.604586e+03	1.748555e+05
4.391100e-01	1.871120e+05	-2.668366e-02	1.044639e-01	0.000000e+00	-1.804229e+03	1.889162e+05
4.403000e-01	2.011921e+05	-2.680813e-02	1.047388e-01	0.000000e+00	-1.272504e+03	2.024646e+05
4.414900e-01	2.134615e+05	-2.693294e-02	1.050325e-01	0.000000e+00	-2.832793e+03	2.162942e+05
4.426800e-01	2.150239e+05	-2.705810e-02	1.053359e-01	0.000000e+00	-4.832080e+03	2.198560e+05
4.438700e-01	1.979625e+05	-2.718364e-02	1.056284e-01	0.000000e+00	-4.455332e+03	2.024178e+05
4.450600e-01	2.128438e+05	-2.730950e-02	1.059193e-01	0.000000e+00	-2.215613e+03	2.150595e+05
4.462500e-01	1.841834e+05	-2.743572e-02	1.062005e-01	0.000000e+00	-4.507435e+03	1.886908e+05
4.474400e-01	1.939641e+05	-2.756226e-02	1.064683e-01	0.000000e+00	-2.307830e+03	1.962720e+05
4.486300e-01	2.107373e+05	-2.768912e-02	1.067548e-01	0.000000e+00	-4.423717e+03	2.151610e+05
4.498200e-01	1.782148e+05	-2.781633e-02	1.070303e-01	0.000000e+00	-3.475902e+03	1.816907e+05
4.510100e-01	2.008932e+05	-2.794385e-02	1.072988e-01	0.000000e+00	-4.759543e+03	2.056527e+05
4.522000e-01	1.974079e+05	-2.807170e-02	1.075808e-01	0.000000e+00	-4.023449e+03	2.014314e+05
4.533900e-01	1.986175e+05	-2.819989e-02	1.078613e-01	0.000000e+00	-3.821836e+03	2.024393e+05
4.545800e-01	2.038311e+05	-2.832841e-02	1.081463e-01	0.000000e+00	-5.136248e+03	2.089673e+05
4.557700e-01	2.085159e+05	-2.845728e-02	1.084383e-01	0.000000e+00	-2.487101e+03	2.110030e+05
4.569600e-01	2.055414e+05	-2.858650e-02	1.087315e-01	0.000000e+00	-3.460035e+03	2.090014e+05
4.581500e-01	2.061737e+05	-2.871606e-02	1.090231e-01	0.000000e+00	-2.906045e+03	2.090797e+05
4.593400e-01	1.789684e+05	-2.884597e-02	1.092958e-01	0.000000e+00	-1.786264e+03	1.807547e+05
4.605300e-01	2.017734e+05	-2.897619e-02	1.095654e-01	0.000000e+00	-3.092793e+03	2.048661e+05
4.617200e-01	2.150554e+05	-2.910674e-02	1.098606e-01	0.000000e+00	-3.631060e+03	2.186865e+05
4.629100e-01	2.054632e+05	-2.923765e-02	1.101584e-01	0.000000e+00	-1.420707e+03	2.068840e+05
4.641000e-01	1.881394e+05	-2.936892e-02	1.104372e-01	0.000000e+00	-2.777471e+03	1.909168e+05
4.652900e-01	2.017810e+05	-2.950049e-02	1.107133e-01	0.000000e+00	-3.313129e+03	2.050941e+05
4.664800e-01	1.982832e+05	-2.963241e-02	1.109966e-01	0.000000e+00	-3.400333e+03	2.016835e+05
4.676700e-01	1.836600e+05	-2.976467e-02	1.112671e-01	0.000000e+00	-4.048111e+03	1.877081e+05
4.688600e-01	2.105440e+05	-2.989723e-02	1.115462e-01	0.000000e+00	-3.227775e+03	2.137717e+05
4.700500e-01	2.210529e+05	-3.003015e-02	1.118519e-01	0.000000e+00	-4.929136e+02	2.215458e+05
4.712400e-01	2.074835e+05	-3.016344e-02	1.121554e-01	0.000000e+00	-2.550603e+03	2.100341e+05
4.724300e-01	1.986457e+05	-3.029708e-02	1.124430e-01	0.000000e+00	-4.767941e+03	2.034136e+05
4.736200e-01	2.081594e+05	-3.043105e-02	1.127310e-01	0.000000e+00	-3.795180e+03	2.119546e+05
4.748100e-01	2.092912e+05	-3.056538e-02	1.130267e-01	0.000000e+00	-3.008667e+03	2.122999e+05
4.760000e-01	2.186426e+05	-3.070005e-02	1.133297e-01	0.000000e+00	-3.720250e+03	2.223629e+05
4.771900e-01	1.973512e+05	-3.083510e-02	1.136243e-01	0.000000e+00	-2.132016e+03	1.994832e+05
4.783800e-01	1.838800e+05	-3.097048e-02	1.138943e-01	0.000000e+00	-1.961447e+03	1.858415e+05
4.795700e-01	1.890319e+05	-3.110617e-02	1.141584e-01	0.000000e+00	-4.188250e+03	1.932201e+05
4.807600e-01	1.975359e+05	-3.124218e-02	1.144321e-01	0.000000e+00	-3.484910e+03	2.010208e+05
4.819500e-01	1.854471e+05	-3.137852e-02	1.147033e-01	0.000000e+00	-4.997700e+02	1.859469e+05
4.831400e-01	1.863784e+05	-3.151517e-02	1.149666e-01	0.000000e+00	-4.476306e+03	1.908547e+05
4.843300e-01	1.897326e+05	-3.165214e-02	1.152330e-01	0.000000e+00	-1.896537e+03	1.916291e+05
4.855200e-01	1.926891e+05	-3.178942e-02	1.155038e-01	0.000000e+00	-1.593840e+03	1.942829e+05
4.867100e-01	1.936705e+05	-3.192704e-02	1.157774e-01	0.000000e+00	-3.774378e+03	1.974449e+05
4.879000e-01	2.131478e+05	-3.206497e-02	1.160655e-01	0.000000e+00	-2.755096e+03	2.159029e+05
4.890900e-01	1.978757e+05	-3.220327e-02	1.163566e-01	0.000000e+00	-3.207403e+03	2.010831e+05
4.902800e-01	2.033096e+05	-3.234190e-02	1.166407e-01	0.000000e+00	-4.634962e+03	2.079446e+05
4.914700e-01	2.065063e+05	-3.248088e-02	1.169309e-01	0.000000e+00	-3.836708e+03	2.103430e+05
4.926600e-01	2.069021e+05	-3.262020e-02	1.172237e-01	0.000000e+00	-5.428676e+03	2.123308e+05
4.938500e-01	1.953454e+05	-3.275987e-02	1.175085e-01	0.000000e+00	-2.045189e+03	1.973906e+05
4.950400e-01	1.912811e+05	-3.289987e-02	1.177823e-01	0.000000e+00	-1.544530e+03	1.928256e+05
4.962300e-01	1.922488e+05	-3.304019e-02	1.180539e-01	0.000000e+00	-3.280104e+03	1.955289e+05
4.974200e-01	1.974777e+05	-3.318084e-02	1.183299e-01	0.000000e+00	-1.729356e+03	1.992071e+05
4.986100e-01	2.108748e+05	-3.332182e-02	1.186191e-01	0.000000e+00	-3.081866e+03	2.139567e+05
4.998000e-01	2.171611e+05	-3.346315e-02	1.189222e-01	0.000000e+00	-2.185739e+03	2.193469e+05
5.009900e-01	2.016435e+05	-3.360485e-02	1.192188e-01	0.000000e+00	-2.659892e+03	2.043034e+05
5.021800e-01	1.930205e+05	-3.374689e-02	1.194983e-01	0.000000e+00	-3.454165e+03	1.964747e+05
5.033700e-01	2.139993e+05	-3.388926e-02	1.197865e-01	0.000000e+00	-3.394656e+03	2.173940e+05
5.045600e-01	1.984062e+05	-3.403198e-02	1.200786e-01	0.000000e+00	-3.946806e+03	2.023530e+05
5.057500e-01	2.086651e+05	-3.417504e-02	1.203668e-01	0.000000e+00	-1.617192e+03	2.102823e+05
5.069400e-01	2.063310e+05	-3.431846e-02	1.206607e-01	0.000000e+00	-2.221194e+03	2.085522e+05
5.081300e-01	2.154315e+05	-3.446222e-02	1.209594e-01	0.000000e+00	-2.005619e+03	2.174371e+05
5.093200e-01	2.038549e+05	-3.460634e-02	1.212563e-01	0.000000e+00	-2.723607e+03	2.065785e+05
5.105100e-01	1.960169e+05	-3.475081e-02	1.215395e-01	0.000000e+00	-3.790934e+03	1.998078e+05
5.117000e-01	2.059619e+05	-3.489560e-02	1.218242e-01	0.000000e+00	-2.392632e+03	2.083546e+05
5.128900e-01	2.166478e+05	-3.504075e-02	1.221235e-01	0.000000e+00	-2.347958e+03	2.189957e+05
5.140800e-01	2.098677e+05	-3.518626e-02	1.224255e-01	0.000000e+00	-2.581427e+03	2.124491e+05
5.152700e-01	1.966847e+05	-3.533212e-02	1.227134e-01	0.000000e+00	-2.589259e+03	1.992739e+05
5.164600e-01	2.096154e+05	-3.547832e-02	1.230011e-01	0.000000e+00	-4.505736e+03	2.141212e+05
5.176500e-01	2.136744e+05	-3.562486e-02	1.233009e-01	0.000000e+00	-2.297938e+03	2.159723e+05
5.188400e-01	2.041289e+05	-3.577177e-02	1.235968e-01	0.000000e+00	-3.632823e+03	2.077618e+05
5.200300e-01	2.126743e+05	-3.591902e-02	1.238919e-01	0.000000e+00	-1.777646e+03	2.144519e+05
5.212200e-01	2.037147e+05	-3.606664e-02	1.241868e-01	0.000000e+00	-2.145561e+03	2.058603e+05
5.224100e-01	2.128541e+05	-3.621459e-02	1.244818e-01	0.000000e+00	-4.459192e+03	2.173132e+05
5.236000e-01	2.078439e+05	-3.636290e-02	1.247797e-01	0.000000e+00	-2.219488e+03	2.100634e+05
5.247900e-01	1.889190e+05	-3.651156e-02	1.250607e-01	0.000000e+00	-8.695726e+02	1.897886e+05
5.259800e-01	2.001653e+05	-3.666055e-02	1.253362e-01	0.000000e+00	-1.744761e+03	2.019100e+05
5.271700e-01	2.002970e+05	-3.680986e-02	1.256198e-01	0.000000e+00	-2.490929e+03	2.027879e+05
5.283600e-01	2.212425e+05	-3.695952e-02	1.259183e-01	0.000000e+00	-1.823101e+03	2.230656e+05
5.295500e-01	2.106163e+05	-3.710955e-02	1.262242e-01	0.000000e+00	-1.695900e+03	2.123122e+05
5.307400e-01	2.086173e+05	-3.725993e-02	1.265211e-01	0.000000e+00	-1.278548e+03	2.098958e+05
5.319300e-01	2.006876e+05	-3.741067e-02	1.268109e-01	0.000000e+00	-3.336376e+03	2.040240e+05
5.331200e-01	1.957162e+05	-3.756174e-02	1.270916e-01	0.000000e+00	-2.406792e+03	1.981230e+05
5.343100e-01	2.018155e+05	-3.771315e-02	1.273731e-01	0.000000e+00	-3.267895e+03	2.050833e+05
5.355000e-01	2.088770e+05	-3.786489e-02	1.276640e-01	0.000000e+00	-1.841416e+03	2.107184e+05
5.366900e-01	1.928891e+05	-3.801699e-02	1.279485e-01	0.000000e+00	-2.855844e+03	1.957449e+05
5.378800e-01	2.031942e+05	-3.816941e-02	1.282290e-01	0.000000e+00	-4.154447e+03	2.073486e+05
5.390700e-01	1.942138e+05	-3.832217e-02	1.285104e-01	0.000000e+00	-3.635583e+03	1.978494e+05
5.402600e-01	2.096722e+05	-3.847527e-02	1.287964e-01	0.000000e+00	-2.828665e+03	2.125009e+05
5.414500e-01	1.977774e+05	-3.862871e-02	1.290850e-01	0.000000e+00	-3.160055e+03	2.009375e+05
5.426400e-01	1.928454e+05	-3.878249e-02	1.293616e-01	0.000000e+00	-4.439239e+03	1.972847e+05
5.438300e-01	2.023933e+05	-3.893659e-02	1.296415e-01	0.000000e+00	-1.953357e+03	2.043467e+05
5.450200e-01	2.185279e+05	-3.909103e-02	1.299396e-01	0.000000e+00	-1.811880e+03	2.203397e+05
5.462100e-01	2.122719e+05	-3.924585e-02	1.302447e-01	0.000000e+00	-1.662792e+03	2.139347e+05
5.474000e-01	2.284003e+05	-3.940102e-02	1.305567e-01	0.000000e+00	-2.656632e+03	2.310569e+05
5.485900e-01	2.123259e+05	-3.955657e-02	1.308688e-01	0.000000e+00	-4.431338e+02	2.127690e+05
5.497800e-01	2.011296e+05	-3.971248e-02	1.311616e-01	0.000000e+00	-1.001217e+03	2.021309e+05
5.509700e-01	2.257575e+05	-3.986874e-02	1.314639e-01	0.000000e+00	-6.070127e+03	2.318276e+05
5.521600e-01	2.069124e+05	-4.002537e-02	1.317703e-01	0.000000e+00	-1.895943e+03	2.088084e+05
5.533500e-01	1.922091e+05	-4.018235e-02	1.320530e-01	0.000000e+00	-7.425627e+02	1.929517e+05
5.545400e-01	1.958582e+05	-4.033965e-02	1.323278e-01	0.000000e+00	-5.146640e+03	2.010048e+05
5.557300e-01	2.143242e+05	-4.049729e-02	1.326183e-01	0.000000e+00	-1.940507e+03	2.162647e+05
5.569200e-01	2.072016e+05	-4.065529e-02	1.329168e-01	0.000000e+00	-4.909912e+03	2.121116e+05
5.581100e-01	2.055843e+05	-4.081363e-02	1.332091e-01	0.000000e+00	-2.370572e+03	2.079549e+05
5.593000e-01	2.119981e+05	-4.097232e-02	1.335048e-01	0.000000e+00	-1.632630e+03	2.136307e+05
5.604900e-01	2.112014e+05	-4.113137e-02	1.338045e-01	0.000000e+00	-2.578232e+03	2.137797e+05
5.616800e-01	2.149922e+05	-4.129078e-02	1.341063e-01	0.000000e+00	-1.123423e+03	2.161156e+05
5.628700e-01	2.019145e+05	-4.145055e-02	1.344016e-01	0.000000e+00	-5.953227e+02	2.025098e+05
5.640600e-01	2.107454e+05	-4.161065e-02	1.346938e-01	0.000000e+00	-2.357209e+03	2.131026e+05
5.652500e-01	2.154658e+05	-4.177112e-02	1.349956e-01	0.000000e+00	-1.139387e+03	2.166051e+05
5.664400e-01	2.072822e+05	-4.193194e-02	1.352950e-01	0.000000e+00	-1.097617e+02	2.073919e+05
5.676300e-01	1.823526e+05	-4.209312e-02	1.355709e-01	0.000000e+00	-1.382723e+03	1.837353e+05
5.688200e-01	2.037140e+05	-4.225460e-02	1.358443e-01	0.000000e+00	-2.671714e+03	2.063857e+05
5.700100e-01	1.901203e+05	-4.241643e-02	1.361232e-01	0.000000e+00	-4.559145e+03	1.946794e+05
5.712000e-01	2.046336e+05	-4.257858e-02	1.364028e-01	0.000000e+00	-6.335596e+03	2.109692e+05
5.723900e-01	2.073660e+05	-4.274107e-02	1.366945e-01	0.000000e+00	-2.622709e+03	2.099887e+05
5.735800e-01	2.328240e+05	-4.290391e-02	1.370063e-01	0.000000e+00	-1.791950e+03	2.346160e+05
5.747700e-01	1.964637e+05	-4.306714e-02	1.373103e-01	0.000000e+00	-3.239072e+03	1.997028e+05
5.759600e-01	2.154261e+05	-4.323071e-02	1.376020e-01	0.000000e+00	-2.165308e+03	2.175914e+05
5.771500e-01	2.257999e+05	-4.339464e-02	1.379144e-01	0.000000e+00	-1.282203e+03	2.270821e+05
5.783400e-01	2.203181e+05	-4.355894e-02	1.382304e-01	0.000000e+00	-1.594634e+03	2.219127e+05
5.795300e-01	2.225079e+05	-4.372362e-02	1.385439e-01	0.000000e+00	-2.650440e+03	2.251583e+05
5.807200e-01	2.053199e+05	-4.388868e-02	1.388469e-01	0.000000e+00	-3.008078e+03	2.083280e+05
5.819100e-01	1.910114e+05	-4.405408e-02	1.391276e-01	0.000000e+00	-7.596130e+02	1.917710e+05
5.831000e-01	2.113647e+05	-4.421980e-02	1.394125e-01	0.000000e+00	-2.834563e+03	2.141993e+05
5.842900e-01	2.027793e+05	-4.438588e-02	1.397058e-01	0.000000e+00	-2.456494e+03	2.052358e+05
5.854800e-01	2.015266e+05	-4.455230e-02	1.399921e-01	0.000000e+00	-1.639473e+03	2.031661e+05
5.866700e-01	2.104579e+05	-4.471906e-02	1.402839e-01	0.000000e+00	-1.863428e+03	2.123213e+05
5.878600e-01	2.122579e+05	-4.488618e-02	1.405832e-01	0.000000e+00	-3.397307e+03	2.156552e+05
5.890500e-01	2.051627e+05	-4.505365e-02	1.408788e-01	0.000000e+00	-3.951241e+03	2.091140e+05
5.902400e-01	2.190974e+05	-4.522147e-02	1.411793e-01	0.000000e+00	-1.665675e+03	2.207631e+05
5.914300e-01	2.152691e+05	-4.538966e-02	1.414869e-01	0.000000e+00	-2.402463e+03	2.176716e+05
5.926200e-01	2.212897e+05	-4.555821e-02	1.417960e-01	0.000000e+00	-1.326182e+03	2.226158e+05
5.938100e-01	2.144266e+05	-4.572713e-02	1.421046e-01	0.000000e+00	-1.618691e+03	2.160453e+05
5.950000e-01	2.064482e+05	-4.589642e-02	1.424027e-01	0.000000e+00	-1.664665e+03	2.081129e+05
5.961900e-01	2.032735e+05	-4.606605e-02	1.426928e-01	0.000000e+00	-1.657753e+03	2.049313e+05
5.973800e-01	2.050766e+05	-4.623603e-02	1.429820e-01	0.000000e+00	-8.034171e+02	2.058800e+05
5.985700e-01	1.915751e+05	-4.640635e-02	1.432629e-01	0.000000e+00	-1.364542e+03	1.929396e+05
5.997600e-01	2.358184e+05	-4.657699e-02	1.435655e-01	0.000000e+00	-2.878200e+03	2.386966e+05
6.009500e-01	2.073423e+05	-4.674803e-02	1.438794e-01	0.000000e+00	-1.859737e+03	2.092020e+05
6.021400e-01	1.975670e+05	-4.691942e-02	1.441661e-01	0.000000e+00	-1.293049e+03	1.988600e+05
6.033300e-01	2.276804e+05	-4.709115e-02	1.444673e-01	0.000000e+00	-2.442267e+03	2.301226e+05
6.045200e-01	2.343646e+05	-4.726326e-02	1.447945e-01	0.000000e+00	-1.086574e+03	2.354511e+05
6.057100e-01	2.175851e+05	-4.743576e-02	1.451145e-01	0.000000e+00	-6.816125e+02	2.182667e+05
6.069000e-01	2.060694e+05	-4.760863e-02	1.454145e-01	0.000000e+00	-8.668265e+02	2.069362e+05
6.080900e-01	1.967895e+05	-4.778185e-02	1.456998e-01	0.000000e+00	-1.771102e+03	1.985606e+05
6.092800e-01	2.009610e+05	-4.795539e-02	1.459815e-01	0.000000e+00	-5.075734e+02	2.014686e+05
6.104700e-01	2.172409e+05	-4.812928e-02	1.462777e-01	0.000000e+00	-2.015196e+03	2.192561e+05
6.116600e-01	2.034075e+05	-4.830354e-02	1.465755e-01	0.000000e+00	-4.186005e+03	2.075935e+05
6.128500e-01	1.983106e+05	-4.847813e-02	1.468600e-01	0.000000e+00	-3.614422e+03	2.019250e+05
6.140400e-01	2.341360e+05	-4.865306e-02	1.471663e-01	0.000000e+00	-1.838892e+03	2.359749e+05
6.152300e-01	2.089445e+05	-4.882839e-02	1.474800e-01	0.000000e+00	-1.181540e+03	2.101261e+05
6.164200e-01	2.269843e+05	-4.900406e-02	1.477888e-01	0.000000e+00	-1.926269e+03	2.289106e+05
6.176100e-01	2.195142e+05	-4.918012e-02	1.481049e-01	0.000000e+00	-3.535939e+03	2.230501e+05
6.188000e-01	2.046795e+05	-4.935655e-02	1.484053e-01	0.000000e+00	-3.299007e+03	2.079785e+05
6.199900e-01	2.062173e+05	-4.953333e-02	1.486963e-01	0.000000e+00	-5.160442e+03	2.113778e+05
6.211800e-01	2.192639e+05	-4.971045e-02	1.489976e-01	0.000000e+00	-2.778057e+03	2.220420e+05
6.223700e-01	2.108994e+05	-4.988794e-02	1.493023e-01	0.000000e+00	-1.114764e+03	2.120142e+05
6.235600e-01	1.860514e+05	-5.006579e-02	1.495834e-01	0.000000e+00	-2.050121e+03	1.881015e+05
6.247500e-01	2.032693e+05	-5.024395e-02	1.498591e-01	0.000000e+00	-2.420374e+03	2.056896e+05
6.259400e-01	2.097056e+05	-5.042246e-02	1.501515e-01	0.000000e+00	-3.560596e+03	2.132662e+05
6.271300e-01	2.177887e+05	-5.060131e-02	1.504543e-01	0.000000e+00	-2.399524e+03	2.201882e+05
6.283200e-01	1.964082e+05	-5.078054e-02	1.507476e-01	0.000000e+00	-3.504920e+03	1.999131e+05
6.295100e-01	2.041408e+05	-5.096009e-02	1.510312e-01	0.000000e+00	-1.674183e+03	2.058150e+05
6.307000e-01	2.147789e+05	-5.113999e-02	1.513279e-01	0.000000e+00	-3.334278e+03	2.181132e+05
6.318900e-01	1.977764e+05	-5.132025e-02	1.516201e-01	0.000000e+00	-2.929065e+03	2.007055e+05
6.330800e-01	1.967900e+05	-5.150085e-02	1.518995e-01	0.000000e+00	-9.270689e+02	1.977171e+05
6.342700e-01	2.117577e+05	-5.168177e-02	1.521888e-01	0.000000e+00	-1.304533e+03	2.130623e+05
6.354600e-01	2.031403e+05	-5.186306e-02	1.524826e-01	0.000000e+00	-1.685601e+03	2.048259e+05
6.366500e-01	2.241855e+05	-5.204468e-02	1.527852e-01	0.000000e+00	-1.268577e+03	2.254541e+05
6.378400e-01	2.176878e+05	-5.222669e-02	1.530981e-01	0.000000e+00	-1.348528e+03	2.190363e+05
6.390300e-01	2.234289e+05	-5.240906e-02	1.534105e-01	0.000000e+00	-2.584044e+03	2.260129e+05
6.402200e-01	2.235815e+05	-5.259180e-02	1.537271e-01	0.000000e+00	-9.526195e+02	2.245341e+05
6.414100e-01	2.030587e+05	-5.277493e-02	1.540292e-01	0.000000e+00	-4.950801e+03	2.080095e+05
6.426000e-01	1.983111e+05	-5.295839e-02	1.543135e-01	0.000000e+00	-2.420389e+03	2.007315e+05
6.437900e-01	2.161675e+05	-5.314219e-02	1.546070e-01	0.000000e+00	-1.315547e+03	2.174831e+05
6.449800e-01	2.054216e+05	-5.332636e-02	1.549055e-01	0.000000e+00	-2.101365e+03	2.075229e+05
6.461700e-01	2.020242e+05	-5.351087e-02	1.551941e-01	0.000000e+00	-3.915369e+03	2.059395e+05
6.473600e-01	1.938009e+05	-5.369572e-02	1.554744e-01	0.000000e+00	-2.586832e+03	1.963877e+05
6.485500e-01	1.964861e+05	-5.388090e-02	1.557508e-01	0.000000e+00	-3.598033e+03	2.000842e+05
6.497400e-01	2.123635e+05	-5.406641e-02	1.560403e-01	0.000000e+00	-2.265639e+03	2.146292e+05
6.509300e-01	2.204573e+05	-5.425227e-02	1.563468e-01	0.000000e+00	-3.136082e+03	2.235934e+05
6.521200e-01	2.060122e+05	-5.443851e-02	1.566488e-01	0.000000e+00	-3.119661e+03	2.091319e+05
6.533100e-01	1.923285e+05	-5.462510e-02	1.569309e-01	0.000000e+00	-5.508426e+03	1.978369e+05
6.545000e-01	1.993918e+05	-5.481201e-02	1.572083e-01	0.000000e+00	-2.668559e+03	2.020604e+05
6.556900e-01	2.011138e+05	-5.499925e-02	1.574919e-01	0.000000e+00	-1.415477e+03	2.025293e+05
6.568800e-01	2.004231e+05	-5.518684e-02	1.577763e-01	0.000000e+00	-3.799688e+03	2.042227e+05
6.580700e-01	2.092831e+05	-5.537476e-02	1.580664e-01	0.000000e+00	-3.309705e+03	2.125928e+05
6.592600e-01	2.206392e+05	-5.556303e-02	1.583709e-01	0.000000e+00	-2.916987e+03	2.235561e+05
6.604500e-01	2.255814e+05	-5.575168e-02	1.586869e-01	0.000000e+00	-1.709366e+03	2.272908e+05
6.616400e-01	2.090275e+05	-5.594071e-02	1.589947e-01	0.000000e+00	-1.712093e+03	2.107396e+05
6.628300e-01	2.063175e+05	-5.613009e-02	1.592888e-01	0.000000e+00	-3.514444e+03	2.098320e+05
6.640200e-01	2.188251e+05	-5.631982e-02	1.595899e-01	0.000000e+00	-4.120325e+03	2.229454e+05
6.652100e-01	2.082937e+05	-5.650991e-02	1.598923e-01	0.000000e+00	-2.055122e+03	2.103489e+05
6.664000e-01	2.144374e+05	-5.670036e-02	1.601917e-01	0.000000e+00	-9.488069e+02	2.153862e+05
6.675900e-01	1.927862e+05	-5.689117e-02	1.604801e-01	0.000000e+00	-1.709148e+03	1.944954e+05
6.687800e-01	2.200114e+05	-5.708230e-02	1.607724e-01	0.000000e+00	-2.233946e+03	2.222454e+05
6.699700e-01	2.311633e+05	-5.727381e-02	1.610919e-01	0.000000e+00	-1.826168e+03	2.329895e+05
6.711600e-01	2.370524e+05	-5.746570e-02	1.614235e-01	0.000000e+00	-7.680090e+02	2.378204e+05
6.723500e-01	2.031871e+05	-5.765800e-02	1.617352e-01	0.000000e+00	-1.790768e+03	2.049778e+05
6.735400e-01	1.973614e+05	-5.785063e-02	1.620189e-01	0.000000e+00	-2.868934e+03	2.002304e+05
6.747300e-01	1.936463e+05	-5.804360e-02	1.622958e-01	0.000000e+00	-2.721838e+03	1.963681e+05
6.759200e-01	1.751530e+05	-5.823690e-02	1.625570e-01	0.000000e+00	-5.180724e+03	1.803338e+05
6.771100e-01	2.008135e+05	-5.843049e-02	1.628232e-01	0.000000e+00	-3.250828e+03	2.040643e+05
6.783000e-01	1.936329e+05	-5.862442e-02	1.631025e-01	0.000000e+00	-2.220659e+03	1.958536e+05
6.794900e-01	2.134759e+05	-5.881867e-02	1.633908e-01	0.000000e+00	-1.627196e+03	2.151031e+05
6.806800e-01	2.063406e+05	-5.901329e-02	1.636881e-01	0.000000e+00	-5.036407e+03	2.113770e+05
6.818700e-01	2.116184e+05	-5.920825e-02	1.639841e-01	0.000000e+00	-3.268106e+03	2.148865e+05
6.830600e-01	2.155630e+05	-5.940357e-02	1.642866e-01	0.000000e+00	-1.526723e+03	2.170897e+05
6.842500e-01	2.135062e+05	-5.959925e-02	1.645905e-01	0.000000e+00	-5.199413e+03	2.187057e+05
6.854400e-01	2.148836e+05	-5.979529e-02	1.648939e-01	0.000000e+00	-6.308510e+03	2.211921e+05
6.866300e-01	2.241098e+05	-5.999170e-02	1.652047e-01	0.000000e+00	-6.506606e+03	2.306164e+05
6.878200e-01	1.973019e+05	-6.018848e-02	1.655032e-01	0.000000e+00	-2.713210e+03	2.000151e+05
6.890100e-01	2.140079e+05	-6.038560e-02	1.657945e-01	0.000000e+00	-1.127369e+03	2.151353e+05
6.902000e-01	2.070167e+05	-6.058307e-02	1.660926e-01	0.000000e+00	-1.474021e+03	2.084907e+05
6.913900e-01	2.150183e+05	-6.078090e-02	1.663915e-01	0.000000e+00	-7.294196e+02	2.157477e+05
6.925800e-01	2.020111e+05	-6.097908e-02	1.666868e-01	0.000000e+00	-1.214520e+03	2.032256e+05
6.937700e-01	2.062803e+05	-6.117761e-02	1.669759e-01	0.000000e+00	-2.835130e+03	2.091155e+05
6.949600e-01	2.060527e+05	-6.137649e-02	1.672679e-01	0.000000e+00	-2.208853e+03	2.082616e+05
6.961500e-01	2.087050e+05	-6.157571e-02	1.675617e-01	0.000000e+00	-1.527040e+03	2.102320e+05
6.973400e-01	2.084581e+05	-6.177528e-02	1.678571e-01	0.000000e+00	-2.159930e+03	2.106180e+05
6.985300e-01	2.176468e+05	-6.197521e-02	1.681588e-01	0.000000e+00	-1.431650e+03	2.190785e+05
6.997200e-01	2.076035e+05	-6.217550e-02	1.684600e-01	0.000000e+00	-3.076201e+03	2.106797e+05
7.009100e-01	2.088374e+05	-6.237614e-02	1.687549e-01	0.000000e+00	-3.774966e+03	2.126123e+05
7.021000e-01	2.220320e+05	-6.257714e-02	1.690600e-01	0.000000e+00	-3.232430e+03	2.252644e+05
7.032900e-01	2.115808e+05	-6.277851e-02	1.693671e-01	0.000000e+00	-1.422648e+03	2.130034e+05
7.044800e-01	2.214616e+05	-6.298023e-02	1.696737e-01	0.000000e+00	-1.232771e+02	2.215849e+05
7.056700e-01	2.220760e+05	-6.318233e-02	1.699878e-01	0.000000e+00	-1.004024e+03	2.230801e+05
7.068600e-01	2.138452e+05	-6.338480e-02	1.702965e-01	0.000000e+00	-1.561823e+03	2.154070e+05
7.080500e-01	2.117834e+05	-6.358763e-02	1.705980e-01	0.000000e+00	-1.422494e+03	2.132058e+05
7.092400e-01	2.234537e+05	-6.379083e-02	1.709062e-01	0.000000e+00	-6.908933e+02	2.241446e+05
7.104300e-01	2.029455e+05	-6.399439e-02	1.712081e-01	0.000000e+00	-1.198113e+03	2.041436e+05
7.116200e-01	2.179399e+05	-6.419830e-02	1.715062e-01	0.000000e+00	-3.155748e+03	2.210957e+05
7.128100e-01	2.001457e+05	-6.440258e-02	1.718023e-01	0.000000e+00	-1.050938e+03	2.011966e+05
7.140000e-01	2.110067e+05	-6.460719e-02	1.720934e-01	0.000000e+00	-8.460981e+02	2.118528e+05
7.151900e-01	2.165292e+05	-6.481216e-02	1.723962e-01	0.000000e+00	-1.674910e+03	2.182041e+05
7.163800e-01	2.287123e+05	-6.501749e-02	1.727115e-01	0.000000e+00	-1.368662e+02	2.288491e+05
7.175700e-01	2.068274e+05	-6.522321e-02	1.730199e-01	0.000000e+00	-2.525429e+03	2.093529e+05
7.187600e-01	2.172230e+05	-6.542928e-02	1.733202e-01	0.000000e+00	-3.183769e+03	2.204067e+05
7.199500e-01	2.370964e+05	-6.563571e-02	1.736420e-01	0.000000e+00	-2.199203e+03	2.392956e+05
7.211400e-01	2.253653e+05	-6.584255e-02	1.739695e-01	0.000000e+00	-2.378072e+03	2.277433e+05
7.223300e-01	2.118910e+05	-6.604976e-02	1.742791e-01	0.000000e+00	-1.662811e+03	2.135538e+05
7.235200e-01	2.093414e+05	-6.625733e-02	1.745774e-01	0.000000e+00	-1.359229e+03	2.107007e+05
7.247100e-01	2.091354e+05	-6.646526e-02	1.748738e-01	0.000000e+00	-9.081949e+02	2.100436e+05
7.259000e-01	1.993494e+05	-6.667353e-02	1.751630e-01	0.000000e+00	-2.585867e+03	2.019353e+05
7.270900e-01	2.108851e+05	-6.688214e-02	1.754536e-01	0.000000e+00	-7.076189e+02	2.115927e+05
7.282800e-01	2.118595e+05	-6.709111e-02	1.757529e-01	0.000000e+00	-3.330800e+03	2.151903e+05
7.294700e-01	2.140474e+05	-6.730044e-02	1.760545e-01	0.000000e+00	-3.136309e+03	2.171837e+05
7.306600e-01	2.323690e+05	-6.751012e-02	1.763707e-01	0.000000e+00	-2.555810e+02	2.326246e+05
7.318500e-01	2.270552e+05	-6.772020e-02	1.766960e-01	0.000000e+00	-2.613905e+02	2.273166e+05
7.330400e-01	2.191556e+05	-6.793066e-02	1.770120e-01	0.000000e+00	-2.363185e+03	2.215188e+05
7.342300e-01	2.041810e+05	-6.814149e-02	1.773118e-01	0.000000e+00	-7.367688e+02	2.049178e+05
7.354200e-01	2.134498e+05	-6.835266e-02	1.776076e-01	0.000000e+00	0.000000e+00	2.134498e+05
7.366100e-01	2.230789e+05	-6.856419e-02	1.779167e-01	0.000000e+00	-4.359288e+01	2.231225e+05
7.378000e-01	2.167902e+05	-6.877610e-02	1.782282e-01	0.000000e+00	-1.172266e+03	2.179624e+05
7.389900e-01	2.118395e+05	-6.898838e-02	1.785317e-01	0.000000e+00	-2.399062e+03	2.142386e+05
7.401800e-01	2.067848e+05	-6.920101e-02	1.788282e-01	0.000000e+00	-3.840700e+03	2.106255e+05
7.413700e-01	2.124401e+05	-6.941399e-02	1.791251e-01	0.000000e+00	-7.068695e+02	2.131470e+05
7.425600e-01	1.787420e+05	-6.962732e-02	1.794021e-01	0.000000e+00	-1.638379e+03	1.803803e+05
7.437500e-01	2.014268e+05	-6.984096e-02	1.796713e-01	0.000000e+00	-2.700755e+03	2.041275e+05
7.449400e-01	2.167882e+05	-7.005494e-02	1.799675e-01	0.000000e+00	-1.784090e+03	2.185723e+05
7.461300e-01	2.291219e+05	-7.026929e-02	1.802833e-01	0.000000e+00	-7.858439e+02	2.299077e+05
7.473200e-01	2.148735e+05	-7.048402e-02	1.805977e-01	0.000000e+00	-8.948284e+02	2.157683e+05
7.485100e-01	2.295130e+05	-7.069911e-02	1.809124e-01	0.000000e+00	-8.215665e+02	2.303346e+05
7.497000e-01	2.206399e+05	-7.091459e-02	1.812312e-01	0.000000e+00	-1.951639e+03	2.225916e+05
7.508900e-01	2.282534e+05	-7.113044e-02	1.815491e-01	0.000000e+00	-1.227253e+03	2.294807e+05
7.520800e-01	2.079186e+05	-7.134668e-02	1.818579e-01	0.000000e+00	-1.725085e+03	2.096437e+05
7.532700e-01	2.066135e+05	-7.156326e-02	1.821515e-01	0.000000e+00	-1.837483e+03	2.084510e+05
7.544600e-01	2.184154e+05	-7.178020e-02	1.824525e-01	0.000000e+00	-1.775317e+03	2.201907e+05
7.556500e-01	2.217452e+05	-7.199750e-02	1.827642e-01	0.000000e+00	-2.286691e+03	2.240319e+05
7.568400e-01	2.336586e+05	-7.221517e-02	1.830867e-01	0.000000e+00	-1.244503e+03	2.349031e+05
7.580300e-01	2.093110e+05	-7.243324e-02	1.834004e-01	0.000000e+00	-1.416177e+03	2.107272e+05
7.592200e-01	2.120303e+05	-7.265167e-02	1.836988e-01	0.000000e+00	-2.754720e+03	2.147850e+05
7.604100e-01	2.127495e+05	-7.287045e-02	1.839996e-01	0.000000e+00	-2.832239e+03	2.155817e+05
7.616000e-01	2.086826e+05	-7.308959e-02	1.842980e-01	0.000000e+00	-1.802283e+03	2.104849e+05
7.627900e-01	2.029401e+05	-7.330908e-02	1.845895e-01	0.000000e+00	-2.466037e+03	2.054061e+05
7.639800e-01	2.038732e+05	-7.352891e-02	1.848776e-01	0.000000e+00	-1.011453e+03	2.048847e+05
7.651700e-01	2.130304e+05	-7.374909e-02	1.851728e-01	0.000000e+00	-5.763904e+01	2.130880e+05
7.663600e-01	2.195280e+05	-7.396962e-02	1.854792e-01	0.000000e+00	0.000000e+00	2.195280e+05
7.675500e-01	2.120544e+05	-7.419053e-02	1.857848e-01	0.000000e+00	-5.640338e+02	2.126185e+05
7.687400e-01	2.269359e+05	-7.441179e-02	1.860957e-01	0.000000e+00	-1.553912e+03	2.284898e+05
7.699300e-01	2.181154e+05	-7.463343e-02	1.864108e-01	0.000000e+00	-3.237375e+03	2.213527e+05
7.711200e-01	2.151697e+05	-7.485545e-02	1.867177e-01	0.000000e+00	-3.376184e+03	2.185459e+05
7.723100e-01	2.117285e+05	-7.507782e-02	1.870200e-01	0.000000e+00	-3.929235e+03	2.156578e+05
7.735000e-01	2.193585e+05	-7.530055e-02	1.873253e-01	0.000000e+00	-2.465311e+03	2.218238e+05
7.746900e-01	2.127346e+05	-7.552366e-02	1.876313e-01	0.000000e+00	-1.993599e+03	2.147282e+05
7.758800e-01	2.041444e+05	-7.574712e-02	1.879265e-01	0.000000e+00	-2.991086e+03	2.071355e+05
7.770700e-01	2.221621e+05	-7.597092e-02	1.882284e-01	0.000000e+00	-1.791387e+03	2.239535e+05
7.782600e-01	2.137963e+05	-7.619510e-02	1.885371e-01	0.000000e+00	-2.551873e+03	2.163482e+05
7.794500e-01	2.110463e+05	-7.641964e-02	1.888380e-01	0.000000e+00	-2.096308e+03	2.131426e+05
7.806400e-01	1.989380e+05	-7.664453e-02	1.891283e-01	0.000000e+00	-1.293600e+03	2.002316e+05
7.818300e-01	1.962370e+05	-7.686976e-02	1.894082e-01	0.000000e+00	-7.275261e+02	1.969645e+05
7.830200e-01	2.157209e+05	-7.709533e-02	1.896999e-01	0.000000e+00	-1.898434e+02	2.159108e+05
7.842100e-01	2.125113e+05	-7.732125e-02	1.900032e-01	0.000000e+00	-9.108808e+02	2.134222e+05
7.854000e-01	2.125573e+05	-7.754753e-02	1.903042e-01	0.000000e+00	-3.435600e+03	2.159929e+05
7.865900e-01	2.261505e+05	-7.777417e-02	1.906149e-01	0.000000e+00	-1.508149e+03	2.276587e+05
7.877800e-01	2.233116e+05	-7.800120e-02	1.909331e-01	0.000000e+00	-6.782157e+02	2.239899e+05
7.889700e-01	2.196161e+05	-7.822860e-02	1.912468e-01	0.000000e+00	0.000000e+00	2.196161e+05
7.901600e-01	2.254088e+05	-7.845636e-02	1.915620e-01	0.000000e+00	-1.118680e+03	2.265275e+05
7.913500e-01	2.315163e+05	-7.868451e-02	1.918855e-01	0.000000e+00	-5.619927e+02	2.320783e+05
7.925400e-01	1.963468e+05	-7.891305e-02	1.921885e-01	0.000000e+00	-1.721129e+03	1.980679e+05
7.937300e-01	2.030440e+05	-7.914192e-02	1.924714e-01	0.000000e+00	-2.865100e+03	2.059091e+05
7.949200e-01	2.212464e+05	-7.937113e-02	1.927718e-01	0.000000e+00	-3.264789e+03	2.245112e+05
7.961100e-01	1.972411e+05	-7.960072e-02	1.930682e-01	0.000000e+00	-1.392679e+03	1.986338e+05
7.973000e-01	2.162122e+05	-7.983064e-02	1.933610e-01	0.000000e+00	0.000000e+00	2.162122e+05
7.984900e-01	2.128703e+05	-8.006092e-02	1.936649e-01	0.000000e+00	0.000000e+00	2.128703e+05
7.996800e-01	2.253261e+05	-8.029156e-02	1.939752e-01	0.000000e+00	-7.040241e+02	2.260301e+05
8.008700e-01	2.323643e+05	-8.052258e-02	1.942993e-01	0.000000e+00	-9.766482e+02	2.333410e+05
8.020600e-01	2.141677e+05	-8.075399e-02	1.946155e-01	0.000000e+00	-8.806587e+02	2.150483e+05
8.032500e-01	2.064613e+05	-8.098576e-02	1.949134e-01	0.000000e+00	-8.487885e+02	2.073100e+05
8.044400e-01	2.210100e+05	-8.121788e-02	1.952161e-01	0.000000e+00	-2.010085e+03	2.230201e+05
8.056300e-01	2.323990e+05	-8.145038e-02	1.955372e-01	0.000000e+00	-2.486224e+03	2.348852e+05
8.068200e-01	2.317946e+05	-8.168326e-02	1.958659e-01	0.000000e+00	-2.111652e+03	2.339062e+05
8.080100e-01	2.154680e+05	-8.191654e-02	1.961826e-01	0.000000e+00	-2.708989e+02	2.157389e+05
8.092000e-01	2.299848e+05	-8.215018e-02	1.964981e-01	0.000000e+00	-1.704679e+03	2.316895e+05
8.103900e-01	2.223544e+05	-8.238420e-02	1.968184e-01	0.000000e+00	-1.389187e+03	2.237436e+05
8.115800e-01	2.092486e+05	-8.261861e-02	1.971241e-01	0.000000e+00	-1.634442e+02	2.094120e+05
8.127700e-01	2.275850e+05	-8.285336e-02	1.974334e-01	0.000000e+00	-7.394247e+02	2.283244e+05
8.139600e-01	2.407080e+05	-8.308850e-02	1.977651e-01	0.000000e+00	-1.860020e+03	2.425681e+05
8.151500e-01	2.391827e+05	-8.332404e-02	1.981049e-01	0.000000e+00	-3.958189e+03	2.431409e+05
8.163400e-01	2.165571e+05	-8.355999e-02	1.984276e-01	0.000000e+00	-3.536655e+03	2.200938e+05
8.175300e-01	2.358336e+05	-8.379630e-02	1.987480e-01	0.000000e+00	-2.413706e+03	2.382473e+05
8.187200e-01	2.163739e+05	-8.403301e-02	1.990682e-01	0.000000e+00	-4.280307e+03	2.206542e+05
8.199100e-01	2.211669e+05	-8.427008e-02	1.993781e-01	0.000000e+00	-1.264095e+03	2.224310e+05
8.211000e-01	2.232222e+05	-8.450753e-02	1.996928e-01	0.000000e+00	-1.048229e+03	2.242704e+05
8.222900e-01	2.391789e+05	-8.474535e-02	2.000203e-01	0.000000e+00	-5.346364e+02	2.397136e+05
8.234800e-01	2.206487e+05	-8.498357e-02	2.003459e-01	0.000000e+00	-1.272230e+03	2.219209e+05
8.246700e-01	2.110898e+05	-8.522217e-02	2.006516e-01	0.000000e+00	-1.146305e+02	2.112044e+05
8.258600e-01	2.050653e+05	-8.546113e-02	2.009463e-01	0.000000e+00	-2.656096e+03	2.077214e+05
8.270500e-01	2.207345e+05	-8.570042e-02	2.012479e-01	0.000000e+00	-5.906178e+02	2.213251e+05
8.282400e-01	2.241420e+05	-8.594010e-02	2.015629e-01	0.000000e+00	-1.098057e+03	2.252401e+05
8.294300e-01	2.272120e+05	-8.618014e-02	2.018825e-01	0.000000e+00	-2.729471e+03	2.299415e+05
8.306200e-01	2.414977e+05	-8.642058e-02	2.022145e-01	0.000000e+00	-1.752415e+03	2.432501e+05
8.318100e-01	2.295896e+05	-8.666141e-02	2.025481e-01	0.000000e+00	-1.736462e+03	2.313261e+05
8.330000e-01	2.146726e+05	-8.690264e-02	2.028627e-01	0.000000e+00	-1.344055e+03	2.160167e+05
8.341900e-01	2.102767e+05	-8.714423e-02	2.031636e-01	0.000000e+00	-1.910861e+03	2.121875e+05
8.353800e-01	2.289679e+05	-8.738617e-02	2.034747e-01	0.000000e+00	-1.193384e+03	2.301613e+05
8.365700e-01	2.151089e+05	-8.762850e-02	2.037892e-01	0.000000e+00	-1.077734e+03	2.161866e+05
8.377600e-01	2.209007e+05	-8.787119e-02	2.040979e-01	0.000000e+00	-1.142354e+03	2.220430e+05
8.389500e-01	2.266933e+05	-8.811425e-02	2.044149e-01	0.000000e+00	-1.412426e+03	2.281057e+05
8.401400e-01	2.159327e+05	-8.835770e-02	2.047284e-01	0.000000e+00	-4.370577e+03	2.203033e+05
8.413300e-01	2.283295e+05	-8.860150e-02	2.050430e-01	0.000000e+00	-4.002714e+02	2.287298e+05
8.425200e-01	2.413194e+05	-8.884570e-02	2.053756e-01	0.000000e+00	-1.201168e+03	2.425206e+05
8.437100e-01	2.308589e+05	-8.909030e-02	2.057099e-01	0.000000e+00	-2.535187e+03	2.333940e+05
8.449000e-01	2.091985e+05	-8.933529e-02	2.060216e-01	0.000000e+00	-1.881950e+03	2.110804e+05
8.460900e-01	2.102442e+05	-8.958063e-02	2.063186e-01	0.000000e+00	-1.362649e+03	2.116069e+05
8.472800e-01	2.072738e+05	-8.982633e-02	2.066143e-01	0.000000e+00	-1.862313e+03	2.091362e+05
8.484700e-01	2.146454e+05	-9.007237e-02	2.069131e-01	0.000000e+00	-8.235975e+02	2.154690e+05
8.496600e-01	2.118579e+05	-9.031878e-02	2.072151e-01	0.000000e+00	-1.257506e+03	2.131154e+05
8.508500e-01	2.090629e+05	-9.056554e-02	2.075132e-01	0.000000e+00	-1.576484e+03	2.106393e+05
8.520400e-01	2.166630e+05	-9.081266e-02	2.078147e-01	0.000000e+00	-1.351497e+03	2.180145e+05
8.532300e-01	2.208219e+05	-9.106014e-02	2.081245e-01	0.000000e+00	-1.845421e+03	2.226673e+05
8.544200e-01	2.160920e+05	-9.130800e-02	2.084339e-01	0.000000e+00	-3.923761e+03	2.200158e+05
8.556100e-01	2.132397e+05	-9.155622e-02	2.087379e-01	0.000000e+00	-2.471881e+03	2.157116e+05
8.568000e-01	2.277874e+05	-9.180479e-02	2.090502e-01	0.000000e+00	-3.484818e+03	2.312722e+05
8.579900e-01	2.151222e+05	-9.205375e-02	2.093639e-01	0.000000e+00	-2.427759e+03	2.175499e+05
8.591800e-01	2.130748e+05	-9.230308e-02	2.096671e-01	0.000000e+00	-6.416276e+02	2.137164e+05
8.603700e-01	2.176468e+05	-9.255276e-02	2.099721e-01	0.000000e+00	-7.641456e+02	2.184110e+05
8.615600e-01	2.226406e+05	-9.280281e-02	2.102839e-01	0.000000e+00	-3.936152e+02	2.230342e+05
8.627500e-01	2.279007e+05	-9.305324e-02	2.106030e-01	0.000000e+00	-1.614296e+03	2.295150e+05
8.639400e-01	2.239412e+05	-9.330405e-02	2.109230e-01	0.000000e+00	-6.930911e+02	2.246343e+05
8.651300e-01	2.180406e+05	-9.355523e-02	2.112360e-01	0.000000e+00	-2.200412e+03	2.202410e+05
8.663200e-01	2.179008e+05	-9.380679e-02	2.115447e-01	0.000000e+00	-2.668550e+03	2.205694e+05
8.675100e-01	1.964420e+05	-9.405871e-02	2.118381e-01	0.000000e+00	-8.333976e+02	1.972754e+05
8.687000e-01	2.164215e+05	-9.431096e-02	2.121305e-01	0.000000e+00	-9.408762e+02	2.173624e+05
8.698900e-01	2.053186e+05	-9.456358e-02	2.124291e-01	0.000000e+00	-1.580132e+03	2.068987e+05
8.710800e-01	2.162473e+05	-9.481655e-02	2.127277e-01	0.000000e+00	-7.764190e+02	2.170237e+05
8.722700e-01	2.212235e+05	-9.506987e-02	2.130375e-01	0.000000e+00	-1.594284e+03	2.228178e+05
8.734600e-01	2.197778e+05	-9.532357e-02	2.133498e-01	0.000000e+00	-1.505115e+03	2.212829e+05
8.746500e-01	2.190604e+05	-9.557765e-02	2.136606e-01	0.000000e+00	-1.173780e+03	2.202342e+05
8.758400e-01	2.186804e+05	-9.583209e-02	2.139706e-01	0.000000e+00	-1.303066e+03	2.199834e+05
8.770300e-01	2.084957e+05	-9.608690e-02	2.142731e-01	0.000000e+00	-1.533743e+03	2.100294e+05
8.782200e-01	2.184783e+05	-9.634206e-02	2.145754e-01	0.000000e+00	-2.607039e+03	2.210854e+05
8.794100e-01	2.201014e+05	-9.659759e-02	2.148860e-01	0.000000e+00	-8.227671e+02	2.209242e+05
8.806000e-01	2.179935e+05	-9.685349e-02	2.151963e-01	0.000000e+00	-3.097805e+03	2.210913e+05
8.817900e-01	2.526476e+05	-9.710975e-02	2.155296e-01	0.000000e+00	-2.169096e+03	2.548167e+05
8.829800e-01	2.076416e+05	-9.736645e-02	2.158555e-01	0.000000e+00	-2.657450e+03	2.102991e+05
8.841700e-01	2.212238e+05	-9.762349e-02	2.161592e-01	0.000000e+00	-9.275044e+02	2.221513e+05
8.853600e-01	2.105688e+05	-9.788090e-02	2.164650e-01	0.000000e+00	-4.741514e+02	2.110430e+05
8.865500e-01	2.211912e+05	-9.813868e-02	2.167708e-01	0.000000e+00	-1.752103e+03	2.229433e+05
8.877400e-01	2.105420e+05	-9.839682e-02	2.170765e-01	0.000000e+00	-1.750501e+03	2.122925e+05
8.889300e-01	2.158833e+05	-9.865532e-02	2.173785e-01	0.000000e+00	-1.141300e+03	2.170246e+05
8.901200e-01	2.205443e+05	-9.891418e-02	2.176875e-01	0.000000e+00	-2.201132e+03	2.227454e+05
8.913100e-01	2.153536e+05	-9.917341e-02	2.179962e-01	0.000000e+00	-1.784651e+03	2.171383e+05
8.925000e-01	2.066392e+05	-9.943301e-02	2.182951e-01	0.000000e+00	-1.360990e+03	2.080002e+05
8.936900e-01	2.256934e+05	-9.969296e-02	2.186012e-01	0.000000e+00	-4.595417e+02	2.261529e+05
8.948800e-01	2.322129e+05	-9.995328e-02	2.189255e-01	0.000000e+00	0.000000e+00	2.322129e+05
8.960700e-01	2.199059e+05	-1.002140e-01	2.192457e-01	0.000000e+00	0.000000e+00	2.199059e+05
8.972600e-01	2.344813e+05	-1.004751e-01	2.195675e-01	0.000000e+00	-8.331962e+02	2.353145e+05
8.984500e-01	2.297767e+05	-1.007366e-01	2.198962e-01	0.000000e+00	-1.407088e+02	2.299174e+05
8.996400e-01	2.027723e+05	-1.009984e-01	2.202025e-01	0.000000e+00	-1.773625e+03	2.045460e+05
9.008300e-01	1.964064e+05	-1.012607e-01	2.204852e-01	0.000000e+00	-2.647475e+03	1.990539e+05
9.020200e-01	2.325959e+05	-1.015232e-01	2.207890e-01	0.000000e+00	-4.873486e+02	2.330832e+05
9.032100e-01	2.310883e+05	-1.017861e-01	2.211174e-01	0.000000e+00	-5.846580e+02	2.316730e+05
9.044000e-01	2.312065e+05	-1.020495e-01	2.214448e-01	0.000000e+00	-2.592134e+03	2.337986e+05
9.055900e-01	2.199498e+05	-1.023132e-01	2.217643e-01	0.000000e+00	-1.793608e+03	2.217434e+05
9.067800e-01	2.207864e+05	-1.025773e-01	2.220764e-01	0.000000e+00	-2.472453e+03	2.232588e+05
9.079700e-01	2.106442e+05	-1.028417e-01	2.223819e-01	0.000000e+00	-3.695717e+03	2.143400e+05
9.091600e-01	2.229420e+05	-1.031065e-01	2.226890e-01	0.000000e+00	-2.765089e+03	2.257071e+05
9.103500e-01	2.281307e+05	-1.033717e-01	2.230084e-01	0.000000e+00	-1.367578e+03	2.294983e+05
9.115400e-01	2.404158e+05	-1.036373e-01	2.233402e-01	0.000000e+00	-2.023453e+03	2.424392e+05
9.127300e-01	2.270702e+05	-1.039033e-01	2.236713e-01	0.000000e+00	-3.523680e+02	2.274225e+05
9.139200e-01	2.205428e+05	-1.041696e-01	2.239882e-01	0.000000e+00	0.000000e+00	2.205428e+05
9.151100e-01	2.150950e+05	-1.044364e-01	2.242967e-01	0.000000e+00	-6.152573e+02	2.157103e+05
9.163000e-01	2.121030e+05	-1.047034e-01	2.245993e-01	0.000000e+00	-1.099438e+03	2.132024e+05
9.174900e-01	2.139601e+05	-1.049709e-01	2.249010e-01	0.000000e+00	-1.646649e+03	2.156068e+05
9.186800e-01	2.286341e+05	-1.052387e-01	2.252144e-01	0.000000e+00	-5.202525e+02	2.291543e+05
9.198700e-01	2.245584e+05	-1.055069e-01	2.255354e-01	0.000000e+00	-3.200837e+02	2.248784e+05
9.210600e-01	2.239677e+05	-1.057755e-01	2.258530e-01	0.000000e+00	-3.695753e+02	2.243372e+05
9.222500e-01	2.155656e+05	-1.060444e-01	2.261643e-01	0.000000e+00	-1.308666e+03	2.168743e+05
9.234400e-01	2.258754e+05	-1.063138e-01	2.264769e-01	0.000000e+00	-7.785716e+02	2.266540e+05
9.246300e-01	2.281157e+05	-1.065835e-01	2.267984e-01	0.000000e+00	-9.543647e+02	2.290701e+05
9.258200e-01	2.220916e+05	-1.068535e-01	2.271172e-01	0.000000e+00	-7.905035e+02	2.228821e+05
9.270100e-01	2.122510e+05	-1.071240e-01	2.274248e-01	0.000000e+00	-1.219931e+03	2.134709e+05
9.282000e-01	2.182102e+05	-1.073948e-01	2.277296e-01	0.000000e+00	-8.424882e+02	2.190527e+05
9.293900e-01	2.163265e+05	-1.076660e-01	2.280373e-01	0.000000e+00	-2.236077e+03	2.185626e+05
9.305800e-01	2.301933e+05	-1.079375e-01	2.283535e-01	0.000000e+00	-2.667528e+03	2.328609e+05
9.317700e-01	2.230972e+05	-1.082095e-01	2.286745e-01	0.000000e+00	-1.269920e+03	2.243671e+05
9.329600e-01	2.198597e+05	-1.084818e-01	2.289882e-01	0.000000e+00	-7.013072e+02	2.205611e+05
9.341500e-01	2.159586e+05	-1.087545e-01	2.292969e-01	0.000000e+00	-1.255901e+03	2.172145e+05
9.353400e-01	2.343506e+05	-1.090275e-01	2.296158e-01	0.000000e+00	-4.055394e+03	2.384060e+05
9.365300e-01	2.337713e+05	-1.093009e-01	2.299473e-01	0.000000e+00	-3.589202e+02	2.341302e+05
9.377200e-01	2.297190e+05	-1.095748e-01	2.302755e-01	0.000000e+00	-2.067199e+03	2.317862e+05
9.389100e-01	2.090618e+05	-1.098490e-01	2.305862e-01	0.000000e+00	-9.874960e+02	2.100493e+05
9.401000e-01	2.152808e+05	-1.101236e-01	2.308867e-01	0.000000e+00	-1.372406e+03	2.166532e+05
9.412900e-01	2.099151e+05	-1.103985e-01	2.311878e-01	0.000000e+00	-2.636408e+03	2.125515e+05
9.424800e-01	2.174961e+05	-1.106738e-01	2.314905e-01	0.000000e+00	-1.458051e+03	2.189542e+05
9.436700e-01	2.303415e+05	-1.109495e-01	2.318077e-01	0.000000e+00	-2.082936e+03	2.324244e+05
9.448600e-01	2.224597e+05	-1.112255e-01	2.321283e-01	0.000000e+00	-2.519131e+03	2.249788e+05
9.460500e-01	2.233741e+05	-1.115019e-01	2.324440e-01	0.000000e+00	0.000000e+00	2.233741e+05
9.472400e-01	2.048021e+05	-1.117787e-01	2.327473e-01	0.000000e+00	-5.740267e+02	2.053762e+05
9.484300e-01	2.096994e+05	-1.120559e-01	2.330408e-01	0.000000e+00	-1.765710e+03	2.114651e+05
9.496200e-01	2.156603e+05	-1.123334e-01	2.333420e-01	0.000000e+00	-2.112095e+03	2.177724e+05
9.508100e-01	2.472977e+05	-1.126112e-01	2.336699e-01	0.000000e+00	-1.997672e+03	2.492953e+05
9.520000e-01	2.323699e+05	-1.128895e-01	2.340096e-01	0.000000e+00	-9.489710e+02	2.333189e+05
9.531900e-01	2.234837e+05	-1.131682e-01	2.343324e-01	0.000000e+00	-1.071357e+03	2.245550e+05
9.543800e-01	2.066333e+05	-1.134472e-01	2.346370e-01	0.000000e+00	-1.935214e+03	2.085685e+05
9.555700e-01	2.138254e+05	-1.137266e-01	2.349347e-01	0.000000e+00	-3.211768e+03	2.170372e+05
9.567600e-01	2.196853e+05	-1.140063e-01	2.352417e-01	0.000000e+00	-6.689006e+02	2.203542e+05
9.579500e-01	2.111083e+05	-1.142865e-01	2.355468e-01	0.000000e+00	-7.728729e+02	2.118811e+05
9.591400e-01	2.248105e+05	-1.145670e-01	2.358555e-01	0.000000e+00	-2.365574e+03	2.271761e+05
9.603300e-01	2.394788e+05	-1.148478e-01	2.361843e-01	0.000000e+00	-7.894765e+02	2.402683e+05
9.615200e-01	2.322976e+05	-1.151291e-01	2.365184e-01	0.000000e+00	-1.666088e+03	2.339637e+05
9.627100e-01	2.415676e+05	-1.154107e-01	2.368540e-01	0.000000e+00	-1.824330e+03	2.433919e+05
9.639000e-01	2.234061e+05	-1.156928e-01	2.371832e-01	0.000000e+00	-1.670358e+03	2.250764e+05
9.650900e-01	2.279855e+05	-1.159752e-01	2.375029e-01	0.000000e+00	-1.820224e+03	2.298057e+05
9.662800e-01	2.370645e+05	-1.162580e-01	2.378322e-01	0.000000e+00	-1.549897e+02	2.372195e+05
9.674700e-01	2.251900e+05	-1.165413e-01	2.381596e-01	0.000000e+00	-1.708365e+03	2.268984e+05
9.686600e-01	2.165172e+05	-1.168249e-01	2.384724e-01	0.000000e+00	-1.853008e+03	2.183702e+05
9.698500e-01	2.156530e+05	-1.171088e-01	2.387784e-01	0.000000e+00	-2.507989e+03	2.181610e+05
9.710400e-01	2.090824e+05	-1.173932e-01	2.390792e-01	0.000000e+00	-5.137842e+02	2.095962e+05
9.722300e-01	2.187057e+05	-1.176778e-01	2.393822e-01	0.000000e+00	0.000000e+00	2.187057e+05
9.734200e-01	2.509234e+05	-1.179629e-01	2.397147e-01	0.000000e+00	-8.732494e+02	2.517966e+05
9.746100e-01	2.236137e+05	-1.182484e-01	2.400508e-01	0.000000e+00	-1.139567e+03	2.247533e+05
9.758000e-01	2.079729e+05	-1.185342e-01	2.403564e-01	0.000000e+00	-2.181054e+03	2.101540e+05
9.769900e-01	2.051687e+05	-1.188204e-01	2.406490e-01	0.000000e+00	-1.366105e+03	2.065348e+05
9.781800e-01	1.965501e+05	-1.191069e-01	2.409335e-01	0.000000e+00	-1.017565e+03	1.975676e+05
9.793700e-01	2.132081e+05	-1.193938e-01	2.412236e-01	0.000000e+00	-1.745172e+03	2.149533e+05
9.805600e-01	2.257715e+05	-1.196811e-01	2.415345e-01	0.000000e+00	-1.761322e+03	2.275328e+05
9.817500e-01	2.253398e+05	-1.199687e-01	2.418540e-01	0.000000e+00	-7.375354e+01	2.254136e+05
9.829400e-01	2.197919e+05	-1.202567e-01	2.421692e-01	0.000000e+00	-1.547896e+03	2.213398e+05
9.841300e-01	2.073865e+05	-1.205450e-01	2.424717e-01	0.000000e+00	-1.229213e+03	2.086157e+05
9.853200e-01	2.172013e+05	-1.208338e-01	2.427724e-01	0.000000e+00	-2.195975e+03	2.193972e+05
9.865100e-01	2.333076e+05	-1.211228e-01	2.430914e-01	0.000000e+00	-2.362344e+03	2.356699e+05
9.877000e-01	2.234499e+05	-1.214123e-01	2.434149e-01	0.000000e+00	-2.736105e+03	2.261860e+05
9.888900e-01	2.226546e+05	-1.217022e-01	2.437308e-01	0.000000e+00	-1.944424e+03	2.245990e+05
9.900800e-01	2.324897e+05	-1.219924e-01	2.440531e-01	0.000000e+00	-5.380850e+02	2.330277e+05
9.912700e-01	2.389726e+05	-1.222830e-01	2.443870e-01	0.000000e+00	-1.091622e+03	2.400643e+05
9.924600e-01	2.456479e+05	-1.225740e-01	2.447302e-01	0.000000e+00	-5.662976e+02	2.462142e+05
9.936500e-01	2.342859e+05	-1.228655e-01	2.450701e-01	0.000000e+00	0.000000e+00	2.342859e+05
9.948400e-01	2.204301e+05	-1.231573e-01	2.453921e-01	0.000000e+00	-4.863001e+02	2.209164e+05
9.960300e-01	2.057565e+05	-1.234495e-01	2.456939e-01	0.000000e+00	-2.689824e+03	2.084464e+05
9.972200e-01	2.057138e+05	-1.237420e-01	2.459853e-01	0.000000e+00	-1.631865e+03	2.073456e+05
9.984100e-01	2.153797e+05	-1.240349e-01	2.462835e-01	0.000000e+00	-9.219533e+02	2.163017e+05
9.996000e-01	2.241740e+05	-1.243282e-01	2.465947e-01	0.000000e+00	-1.744736e+03	2.259188e+05
1.000790e+00	2.247312e+05	-1.246218e-01	2.469126e-01	0.000000e+00	-4.617854e+02	2.251929e+05
1.001980e+00	2.130249e+05	-1.249159e-01	2.472226e-01	0.000000e+00	-2.041305e+03	2.150662e+05
1.003170e+00	1.961754e+05	-1.252102e-01	2.475124e-01	0.000000e+00	-1.062658e+02	1.962816e+05
1.004360e+00	2.136945e+05	-1.255049e-01	2.478027e-01	0.000000e+00	-7.713511e+02	2.144659e+05
1.005550e+00	2.424478e+05	-1.258000e-01	2.481257e-01	0.000000e+00	-4.022079e+02	2.428500e+05
1.006740e+00	2.102304e+05	-1.260955e-01	2.484463e-01	0.000000e+00	-1.522377e+03	2.117528e+05
1.007930e+00	2.347943e+05	-1.263913e-01	2.487614e-01	0.000000e+00	-1.247681e+03	2.360420e+05
1.009120e+00	2.185373e+05	-1.266875e-01	2.490825e-01	0.000000e+00	-2.806675e+02	2.188180e+05
1.010310e+00	2.291558e+05	-1.269841e-01	2.493995e-01	0.000000e+00	-8.177318e+02	2.299735e+05
1.011500e+00	2.146198e+05	-1.272811e-01	2.497138e-01	0.000000e+00	-4.241470e+02	2.150439e+05
1.012690e+00	2.146875e+05	-1.275784e-01	2.500178e-01	0.000000e+00	-1.152687e+03	2.158401e+05
1.013880e+00	2.140889e+05	-1.278761e-01	2.503214e-01	0.000000e+00	-1.038386e+02	2.141927e+05
1.015070e+00	2.097583e+05	-1.281742e-01	2.506216e-01	0.000000e+00	0.000000e+00	2.097583e+05
1.016260e+00	2.318559e+05	-1.284726e-01	2.509343e-01	0.000000e+00	0.000000e+00	2.318559e+05
1.017450e+00	2.494637e+05	-1.287714e-01	2.512752e-01	0.000000e+00	0.000000e+00	2.494637e+05
1.018640e+00	2.394071e+05	-1.290707e-01	2.516214e-01	0.000000e+00	-2.212824e+02	2.396284e+05
1.019830e+00	2.181045e+05	-1.293703e-01	2.519454e-01	0.000000e+00	-1.435432e+03	2.195400e+05
1.021020e+00	2.354035e+05	-1.296703e-01	2.522665e-01	0.000000e+00	-3.344177e+02	2.357379e+05
1.022210e+00	2.274988e+05	-1.299707e-01	2.525943e-01	0.000000e+00	-5.298758e+02	2.280287e+05
1.023400e+00	2.266701e+05	-1.302715e-01	2.529160e-01	0.000000e+00	0.000000e+00	2.266701e+05
1.024590e+00	2.402230e+05	-1.305726e-01	2.532466e-01	0.000000e+00	0.000000e+00	2.402230e+05
1.025780e+00	2.381676e+05	-1.308742e-01	2.535854e-01	0.000000e+00	0.000000e+00	2.381676e+05
1.026970e+00	2.236657e+05	-1.311762e-01	2.539124e-01	0.000000e+00	-1.903670e+03	2.255693e+05
1.028160e+00	2.333989e+05	-1.314785e-01	2.542361e-01	0.000000e+00	-2.696121e+03	2.360951e+05
1.029350e+00	2.294545e+05	-1.317812e-01	2.545639e-01	0.000000e+00	-8.828448e+02	2.303374e+05
1.030540e+00	2.261032e+05	-1.320844e-01	2.548865e-01	0.000000e+00	-1.070522e+03	2.271737e+05
1.031730e+00	2.242910e+05	-1.323879e-01	2.552055e-01	0.000000e+00	-4.912711e+02	2.247823e+05
1.032920e+00	2.361941e+05	-1.326917e-01	2.555316e-01	0.000000e+00	-5.185962e+02	2.367127e+05
1.034110e+00	2.099340e+05	-1.329960e-01	2.558475e-01	0.000000e+00	-7.512144e+02	2.106852e+05
1.035300e+00	2.224468e+05	-1.333007e-01	2.561537e-01	0.000000e+00	-1.696378e+03	2.241431e+05
1.036490e+00	2.157196e+05	-1.336057e-01	2.564640e-01	0.000000e+00	-7.341561e+01	2.157930e+05
1.037680e+00	2.132606e+05	-1.339111e-01	2.567678e-01	0.000000e+00	-6.402369e+01	2.133246e+05
1.038870e+00	2.030402e+05	-1.342168e-01	2.570626e-01	0.000000e+00	-7.763124e+02	2.038165e+05
1.040060e+00	2.256390e+05	-1.345229e-01	2.573662e-01	0.000000e+00	-9.193358e+02	2.265583e+05
1.041250e+00	2.373470e+05	-1.348293e-01	2.576940e-01	0.000000e+00	-1.136195e+03	2.384832e+05
1.042440e+00	2.165327e+05	-1.351362e-01	2.580154e-01	0.000000e+00	-8.995606e+02	2.174323e+05
1.043630e+00	2.239339e+05	-1.354434e-01	2.583274e-01	0.000000e+00	-1.057609e+03	2.249915e+05
1.044820e+00	2.166195e+05	-1.357510e-01	2.586394e-01	0.000000e+00	-1.399960e+03	2.180194e+05
1.046010e+00	2.056990e+05	-1.360590e-01	2.589384e-01	0.000000e+00	-1.772877e+03	2.074719e+05
1.047200e+00	1.970309e+05	-1.363673e-01	2.592236e-01	0.000000e+00	-9.857503e+02	1.980166e+05
1.048390e+00	2.136503e+05	-1.366759e-01	2.595145e-01	0.000000e+00	-2.320722e+02	2.138824e+05
1.049580e+00	2.145060e+05	-1.369849e-01	2.598177e-01	0.000000e+00	-1.315535e+03	2.158216e+05
1.050770e+00	2.326537e+05	-1.372943e-01	2.601343e-01	0.000000e+00	-1.022613e+03	2.336763e+05
1.051960e+00	2.258673e+05	-1.376040e-01	2.604590e-01	0.000000e+00	-1.337730e+03	2.272051e+05
1.053150e+00	2.069949e+05	-1.379142e-01	2.607656e-01	0.000000e+00	-2.089711e+03	2.090846e+05
1.054340e+00	2.241138e+05	-1.382246e-01	2.610709e-01	0.000000e+00	-1.720345e+03	2.258341e+05
1.055530e+00	2.376754e+05	-1.385355e-01	2.613979e-01	0.000000e+00	-7.463237e+02	2.384218e+05
1.056720e+00	2.318764e+05	-1.388468e-01	2.617304e-01	0.000000e+00	-1.798774e+03	2.336752e+05
1.057910e+00	2.260627e+05	-1.391584e-01	2.620547e-01	0.000000e+00	-1.852266e+03	2.279150e+05
1.059100e+00	2.273267e+05	-1.394705e-01	2.623758e-01	0.000000e+00	-3.340687e+03	2.306674e+05
1.060290e+00	2.296245e+05	-1.397829e-01	2.626994e-01	0.000000e+00	-1.358610e+03	2.309831e+05
1.061480e+00	2.138370e+05	-1.400957e-01	2.630134e-01	0.000000e+00	-2.241269e+02	2.140611e+05
1.062670e+00	2.207704e+05	-1.404089e-01	2.633212e-01	0.000000e+00	-5.266011e+02	2.212970e+05
1.063860e+00	2.212973e+05	-1.407224e-01	2.636342e-01	0.000000e+00	-1.871044e+03	2.231683e+05
1.065050e+00	2.348326e+05	-1.410363e-01	2.639573e-01	0.000000e+00	-1.462691e+02	2.349789e+05
1.066240e+00	2.165081e+05	-1.413506e-01	2.642769e-01	0.000000e+00	-8.174305e+02	2.173255e+05
1.067430e+00	2.179640e+05	-1.416653e-01	2.645846e-01	0.000000e+00	-7.969934e+02	2.187610e+05
1.068620e+00	2.166093e+05	-1.419803e-01	2.648923e-01	0.000000e+00	-1.203406e+03	2.178127e+05
1.069810e+00	2.311543e+05	-1.422957e-01	2.652094e-01	0.000000e+00	-1.360945e+03	2.325152e+05
1.071000e+00	2.240397e+05	-1.426115e-01	2.655318e-01	0.000000e+00	0.000000e+00	2.240397e+05
1.072190e+00	2.078920e+05	-1.429277e-01	2.658376e-01	0.000000e+00	-1.575841e+03	2.094679e+05
1.073380e+00	2.005055e+05	-1.432442e-01	2.661268e-01	0.000000e+00	-1.747191e+03	2.022527e+05
1.074570e+00	2.270507e+05	-1.435611e-01	2.664296e-01	0.000000e+00	-3.831286e+01	2.270890e+05
1.075760e+00	2.451584e+05	-1.438783e-01	2.667640e-01	0.000000e+00	0.000000e+00	2.451584e+05
1.076950e+00	2.002127e+05	-1.441960e-01	2.670794e-01	0.000000e+00	-1.366854e+03	2.015796e+05
1.078140e+00	2.401483e+05	-1.445140e-01	2.673913e-01	0.000000e+00	-3.138182e+02	2.404621e+05
1.079330e+00	1.969020e+05	-1.448324e-01	2.677008e-01	0.000000e+00	0.000000e+00	1.969020e+05
1.080520e+00	2.178025e+05	-1.451511e-01	2.679945e-01	0.000000e+00	0.000000e+00	2.178025e+05
1.081710e+00	2.203139e+05	-1.454702e-01	2.683047e-01	0.000000e+00	-5.050676e+02	2.208190e+05
1.082900e+00	2.181962e+05	-1.457897e-01	2.686153e-01	0.000000e+00	-3.352686e+02	2.185315e+05
1.084090e+00	2.229307e+05	-1.461095e-01	2.689276e-01	0.000000e+00	-4.667325e+02	2.233975e+05
1.085280e+00	2.288750e+05	-1.464297e-01	2.692476e-01	0.000000e+00	-1.416894e+03	2.302919e+05
1.086470e+00	2.107142e+05	-1.467503e-01	2.695589e-01	0.000000e+00	-8.492337e+02	2.115635e+05
1.087660e+00	2.361006e+05	-1.470713e-01	2.698753e-01	0.000000e+00	-6.284841e+02	2.367291e+05
1.088850e+00	2.394582e+05	-1.473926e-01	2.702121e-01	0.000000e+00	-1.336657e+03	2.407948e+05
1.090040e+00	2.432692e+05	-1.477144e-01	2.705539e-01	0.000000e+00	-2.024688e+03	2.452939e+05
1.091230e+00	2.282864e+05	-1.480365e-01	2.708879e-01	0.000000e+00	-1.132689e+03	2.294191e+05
1.092420e+00	2.275474e+05	-1.483591e-01	2.712107e-01	0.000000e+00	-2.228655e+03	2.297761e+05
1.093610e+00	2.281921e+05	-1.486820e-01	2.715334e-01	0.000000e+00	-6.426096e+02	2.288347e+05
1.094800e+00	2.252761e+05	-1.490053e-01	2.718546e-01	0.000000e+00	-4.660660e+02	2.257421e+05
1.095990e+00	2.274559e+05	-1.493290e-01	2.721752e-01	0.000000e+00	-1.551638e+03	2.290076e+05
1.097180e+00	2.279713e+05	-1.496531e-01	2.724977e-01	0.000000e+00	-7.010307e+02	2.286723e+05
1.098370e+00	2.448266e+05	-1.499776e-01	2.728325e-01	0.000000e+00	-2.899680e+02	2.451165e+05
1.099560e+00	2.177262e+05	-1.503024e-01	2.731601e-01	0.000000e+00	-8.935570e+02	2.186197e+05
1.100750e+00	1.948530e+05	-1.506277e-01	2.734522e-01	0.000000e+00	-1.686832e+03	1.965398e+05
1.101940e+00	2.148133e+05	-1.509533e-01	2.737423e-01	0.000000e+00	-4.909876e+02	2.153043e+05
1.103130e+00	2.200785e+05	-1.512792e-01	2.740503e-01	0.000000e+00	0.000000e+00	2.200785e+05
1.104320e+00	2.230043e+05	-1.516055e-01	2.743641e-01	0.000000e+00	0.000000e+00	2.230043e+05
1.105510e+00	2.405993e+05	-1.519322e-01	2.746924e-01	0.000000e+00	-7.444412e+02	2.413438e+05
1.106700e+00	2.248274e+05	-1.522593e-01	2.750220e-01	0.000000e+00	-8.065301e+02	2.256339e+05
1.107890e+00	2.113660e+05	-1.525867e-01	2.753309e-01	0.000000e+00	-3.125969e+02	2.116786e+05
1.109080e+00	2.342412e+05	-1.529146e-01	2.756465e-01	0.000000e+00	-6.574402e+02	2.348986e+05
1.110270e+00	2.330209e+05	-1.532428e-01	2.759774e-01	0.000000e+00	0.000000e+00	2.330209e+05
1.111460e+00	2.428408e+05	-1.535714e-01	2.763144e-01	0.000000e+00	0.000000e+00	2.428408e+05
1.112650e+00	2.208162e+05	-1.539004e-01	2.766427e-01	0.000000e+00	0.000000e+00	2.208162e+05
1.113840e+00	2.237908e+05	-1.542298e-01	2.769576e-01	0.000000e+00	0.000000e+00	2.237908e+05
1.115030e+00	2.342653e+05	-1.545596e-01	2.772819e-01	0.000000e+00	-1.660400e+02	2.344314e+05
1.116220e+00	2.148074e+05	-1.548897e-01	2.775999e-01	0.000000e+00	-6.742961e+02	2.154817e+05
1.117410e+00	2.305576e+05	-1.552202e-01	2.779153e-01	0.000000e+00	0.000000e+00	2.305576e+05
1.118600e+00	2.273371e+05	-1.555512e-01	2.782396e-01	0.000000e+00	-5.657943e+02	2.279029e+05
1.119790e+00	2.356217e+05	-1.558825e-01	2.785675e-01	0.000000e+00	-1.114878e+03	2.367366e+05
1.120980e+00	2.186413e+05	-1.562142e-01	2.788891e-01	0.000000e+00	-4.590485e+01	2.186872e+05
1.122170e+00	2.256605e+05	-1.565462e-01	2.792038e-01	0.000000e+00	-1.141435e+03	2.268019e+05
1.123360e+00	2.350642e+05	-1.568787e-01	2.795301e-01	0.000000e+00	-1.862652e+03	2.369269e+05
1.124550e+00	2.341347e+05	-1.572115e-01	2.798623e-01	0.000000e+00	-5.781562e+02	2.347129e+05
1.125740e+00	2.184470e+05	-1.575447e-01	2.801828e-01	0.000000e+00	-1.232715e+03	2.196797e+05
1.126930e+00	2.141595e+05	-1.578783e-01	2.804892e-01	0.000000e+00	-1.849526e+03	2.160090e+05
1.128120e+00	2.155856e+05	-1.582123e-01	2.807935e-01	0.000000e+00	-1.292740e+03	2.168784e+05
1.129310e+00	2.202204e+05	-1.585466e-01	2.811021e-01	0.000000e+00	-7.327145e+02	2.209531e+05
1.130500e+00	2.312608e+05	-1.588813e-01	2.814219e-01	0.000000e+00	-9.808271e+02	2.322416e+05
1.131690e+00	2.348712e+05	-1.592164e-01	2.817520e-01	0.000000e+00	-1.207699e+03	2.360789e+05
1.132880e+00	2.327646e+05	-1.595519e-01	2.820831e-01	0.000000e+00	-6.499374e+02	2.334145e+05
1.134070e+00	2.348170e+05	-1.598878e-01	2.824142e-01	0.000000e+00	-1.903987e+02	2.350074e+05
1.135260e+00	2.281800e+05	-1.602240e-01	2.827421e-01	0.000000e+00	0.000000e+00	2.281800e+05
1.136450e+00	2.230338e+05	-1.605607e-01	2.830617e-01	0.000000e+00	-5.853863e+02	2.236192e+05
1.137640e+00	2.059984e+05	-1.608977e-01	2.833655e-01	0.000000e+00	-2.549499e+02	2.062534e+05
1.138830e+00	2.026206e+05	-1.612351e-01	2.836549e-01	0.000000e+00	-7.456504e+02	2.033662e+05
1.140020e+00	2.083383e+05	-1.615728e-01	2.839459e-01	0.000000e+00	-9.468575e+01	2.084330e+05
1.141210e+00	2.253853e+05	-1.619109e-01	2.842530e-01	0.000000e+00	-6.353078e+02	2.260206e+05
1.142400e+00	2.280652e+05	-1.622493e-01	2.845741e-01	0.000000e+00	-1.129374e+03	2.291946e+05
1.143590e+00	2.395739e+05	-1.625882e-01	2.849053e-01	0.000000e+00	-9.788155e+02	2.405527e+05
1.144780e+00	2.224426e+05	-1.629274e-01	2.852325e-01	0.000000e+00	-6.178475e+02	2.230605e+05
1.145970e+00	2.191979e+05	-1.632670e-01	2.855452e-01	0.000000e+00	0.000000e+00	2.191979e+05
1.147160e+00	2.263512e+05	-1.636070e-01	2.858608e-01	0.000000e+00	0.000000e+00	2.263512e+05
1.148350e+00	2.190951e+05	-1.639474e-01	2.861762e-01	0.000000e+00	0.000000e+00	2.190951e+05
1.149540e+00	2.229728e+05	-1.642881e-01	2.864893e-01	0.000000e+00	-1.089247e+02	2.230817e+05
1.150730e+00	2.057259e+05	-1.646292e-01	2.867929e-01	0.000000e+00	-7.314114e+02	2.064573e+05
1.151920e+00	2.141275e+05	-1.649707e-01	2.870902e-01	0.000000e+00	0.000000e+00	2.141275e+05
1.153110e+00	2.246612e+05	-1.653125e-01	2.874009e-01	0.000000e+00	-9.857826e+02	2.256470e+05
1.154300e+00	2.158754e+05	-1.656547e-01	2.877129e-01	0.000000e+00	-6.948897e+02	2.165703e+05
1.155490e+00	2.375336e+05	-1.659973e-01	2.880340e-01	0.000000e+00	0.000000e+00	2.375336e+05
1.156680e+00	2.320100e+05	-1.663402e-01	2.883665e-01	0.000000e+00	-5.416634e+02	2.325517e+05
1.157870e+00	2.250910e+05	-1.666836e-01	2.886902e-01	0.000000e+00	-2.986728e+02	2.253897e+05
1.159060e+00	2.311754e+05	-1.670273e-01	2.890133e-01	0.000000e+00	-5.589079e+02	2.317343e+05
1.160250e+00	2.157399e+05	-1.673714e-01	2.893298e-01	0.000000e+00	-2.814282e+02	2.160213e+05
1.161440e+00	2.291590e+05	-1.677159e-01	2.896449e-01	0.000000e+00	0.000000e+00	2.291590e+05
1.162630e+00	2.501292e+05	-1.680608e-01	2.899843e-01	0.000000e+00	-2.979774e+02	2.504272e+05
1.163820e+00	2.224478e+05	-1.684061e-01	2.903189e-01	0.000000e+00	-5.845954e+02	2.230324e+05
1.165010e+00	2.316666e+05	-1.687517e-01	2.906405e-01	0.000000e+00	-7.980996e+02	2.324647e+05
1.166200e+00	2.390739e+05	-1.690978e-01	2.909739e-01	0.000000e+00	0.000000e+00	2.390739e+05
1.167390e+00	2.385645e+05	-1.694442e-01	2.913121e-01	0.000000e+00	-9.483474e+02	2.395128e+05
1.168580e+00	2.439387e+05	-1.697911e-01	2.916538e-01	0.000000e+00	-1.572661e+03	2.455114e+05
1.169770e+00	2.166994e+05	-1.701384e-01	2.919800e-01	0.000000e+00	0.000000e+00	2.166994e+05
1.170960e+00	2.241654e+05	-1.704860e-01	2.922922e-01	0.000000e+00	-7.904950e+02	2.249559e+05
1.172150e+00	2.431341e+05	-1.708340e-01	2.926232e-01	0.000000e+00	-4.984111e+01	2.431839e+05
1.173340e+00	2.226137e+05	-1.711825e-01	2.929530e-01	0.000000e+00	0.000000e+00	2.226137e+05
1.174530e+00	2.315877e+05	-1.715313e-01	2.932746e-01	0.000000e+00	-1.218541e+03	2.328062e+05
1.175720e+00	2.128664e+05	-1.718805e-01	2.935894e-01	0.000000e+00	-1.302468e+03	2.141689e+05
1.176910e+00	2.323710e+05	-1.722300e-01	2.939047e-01	0.000000e+00	0.000000e+00	2.323710e+05
1.178100e+00	2.087614e+05	-1.725800e-01	2.942171e-01	0.000000e+00	-7.536697e+02	2.095151e+05
1.179290e+00	2.023225e+05	-1.729302e-01	2.945082e-01	0.000000e+00	-8.666642e+01	2.024092e+05
1.180480e+00	2.272285e+05	-1.732809e-01	2.948124e-01	0.000000e+00	0.000000e+00	2.272285e+05
1.181670e+00	2.339444e+05	-1.736319e-01	2.951390e-01	0.000000e+00	0.000000e+00	2.339444e+05
1.182860e+00	2.250190e+05	-1.739833e-01	2.954640e-01	0.000000e+00	0.000000e+00	2.250190e+05
1.184050e+00	2.273944e+05	-1.743351e-01	2.957844e-01	0.000000e+00	0.000000e+00	2.273944e+05
1.185240e+00	2.378221e+05	-1.746873e-01	2.961138e-01	0.000000e+00	-7.487382e+02	2.385708e+05
1.186430e+00	2.353315e+05	-1.750399e-01	2.964489e-01	0.000000e+00	-9.159791e+01	2.354231e+05
1.187620e+00	2.399897e+05	-1.753928e-01	2.967855e-01	0.000000e+00	0.000000e+00	2.399897e+05
1.188810e+00	2.467193e+05	-1.757462e-01	2.971302e-01	0.000000e+00	0.000000e+00	2.467193e+05
1.190000e+00	1.162904e+05	-1.761000e-01	2.973873e-01	0.000000e+00	0.000000e+00	1.162904e+05
