#x	rho	phi	ex	bz	rhok[0]	rhok[1]
0.000000e+00	-2.395983e+03	0.000000e+00	2.687997e-02	0.000000e+00	-4.112389e+03	1.716406e+03
1.190000e-03	-1.455674e+03	-3.198514e-05	2.687724e-02	0.000000e+00	-5.845624e+03	4.389950e+03
2.380000e-03	1.816940e+03	-6.396783e-05	2.687749e-02	0.000000e+00	-7.434881e+03	9.251822e+03
3.570000e-03	5.145363e+03	-9.595358e-05	2.688242e-02	0.000000e+00	-7.203502e+03	1.234887e+04
4.760000e-03	1.139175e+04	-1.279480e-04	2.689414e-02	0.000000e+00	-5.059903e+03	1.645166e+04
5.950000e-03	1.841998e+04	-1.599616e-04	2.691525e-02	0.000000e+00	-2.859276e+03	2.127926e+04
7.140000e-03	1.547628e+04	-1.920063e-04	2.693925e-02	0.000000e+00	-7.294673e+03	2.277096e+04
8.330000e-03	1.791549e+04	-2.240770e-04	2.696290e-02	0.000000e+00	-5.124954e+03	2.304045e+04
9.520000e-03	2.646914e+04	-2.561780e-04	2.699433e-02	0.000000e+00	-5.281709e+03	3.175085e+04
1.071000e-02	1.921944e+04	-2.883235e-04	2.702668e-02	0.000000e+00	-5.682864e+03	2.490230e+04
1.190000e-02	2.253487e+04	-3.205015e-04	2.705625e-02	0.000000e+00	-3.505826e+03	2.604070e+04
1.309000e-02	3.067877e+04	-3.527174e-04	2.709394e-02	0.000000e+00	-7.397324e+03	3.807609e+04
1.428000e-02	2.426305e+04	-3.849851e-04	2.713285e-02	0.000000e+00	-7.917334e+03	3.218038e+04
1.547000e-02	2.784595e+04	-4.172936e-04	2.716975e-02	0.000000e+00	-7.476645e+03	3.532259e+04
1.666000e-02	3.269087e+04	-4.496491e-04	2.721262e-02	0.000000e+00	-6.232633e+03	3.892350e+04
1.785000e-02	4.043520e+04	-4.820596e-04	2.726440e-02	0.000000e+00	-6.648693e+03	4.708389e+04
1.904000e-02	2.756338e+04	-5.145383e-04	2.731256e-02	0.000000e+00	-1.127325e+04	3.883662e+04
2.023000e-02	2.949126e+04	-5.470635e-04	2.735296e-02	0.000000e+00	-6.937030e+03	3.642829e+04
2.142000e-02	3.865157e+04	-5.796384e-04	2.740122e-02	0.000000e+00	-6.332503e+03	4.498407e+04
2.261000e-02	4.290449e+04	-6.122784e-04	2.745897e-02	0.000000e+00	-5.474003e+03	4.837849e+04
2.380000e-02	4.405927e+04	-6.449907e-04	2.752056e-02	0.000000e+00	-7.153383e+03	5.121265e+04
2.499000e-02	4.261281e+04	-6.777773e-04	2.758194e-02	0.000000e+00	-9.516719e+03	5.212953e+04
2.618000e-02	4.422829e+04	-7.106358e-04	2.764343e-02	0.000000e+00	-5.951721e+03	5.018001e+04
2.737000e-02	4.459635e+04	-7.435687e-04	2.770634e-02	0.000000e+00	-3.478948e+03	4.807530e+04
2.856000e-02	4.506513e+04	-7.765768e-04	2.776983e-02	0.000000e+00	-4.798956e+03	4.986408e+04
2.975000e-02	4.778008e+04	-8.096609e-04	2.783558e-02	0.000000e+00	-6.469026e+03	5.424911e+04
3.094000e-02	4.092869e+04	-8.428255e-04	2.789840e-02	0.000000e+00	-7.168026e+03	4.809672e+04
3.213000e-02	5.299391e+04	-8.760591e-04	2.796491e-02	0.000000e+00	-3.525154e+03	5.651906e+04
3.332000e-02	5.502850e+04	-9.093820e-04	2.804141e-02	0.000000e+00	-3.353011e+03	5.838152e+04
3.451000e-02	4.987797e+04	-9.427977e-04	2.811570e-02	0.000000e+00	-8.493541e+03	5.837151e+04
3.570000e-02	5.109223e+04	-9.762974e-04	2.818721e-02	0.000000e+00	-3.529760e+03	5.462199e+04
3.689000e-02	4.990706e+04	-1.009883e-03	2.825873e-02	0.000000e+00	-5.059422e+03	5.496649e+04
3.808000e-02	5.346375e+04	-1.043553e-03	2.833193e-02	0.000000e+00	-6.822813e+03	6.028657e+04
3.927000e-02	4.983835e+04	-1.077313e-03	2.840509e-02	0.000000e+00	-6.971309e+03	5.680965e+04
4.046000e-02	6.379234e+04	-1.111157e-03	2.848556e-02	0.000000e+00	-5.616798e+03	6.940914e+04
4.165000e-02	5.886533e+04	-1.145109e-03	2.857242e-02	0.000000e+00	-4.266501e+03	6.313183e+04
4.284000e-02	6.385737e+04	-1.179160e-03	2.865933e-02	0.000000e+00	-4.850734e+03	6.870810e+04
4.403000e-02	6.348148e+04	-1.213318e-03	2.874950e-02	0.000000e+00	-6.452505e+03	6.993398e+04
4.522000e-02	5.832967e+04	-1.247583e-03	2.883577e-02	0.000000e+00	-7.835605e+03	6.616527e+04
4.641000e-02	6.358631e+04	-1.281947e-03	2.892210e-02	0.000000e+00	-7.150040e+03	7.073635e+04
4.760000e-02	7.156131e+04	-1.316418e-03	2.901781e-02	0.000000e+00	-7.026285e+03	7.858759e+04
4.879000e-02	6.034752e+04	-1.351010e-03	2.911122e-02	0.000000e+00	-5.774144e+03	6.612167e+04
4.998000e-02	7.075958e+04	-1.385703e-03	2.920407e-02	0.000000e+00	-4.130236e+03	7.488981e+04
5.117000e-02	7.561722e+04	-1.420515e-03	2.930773e-02	0.000000e+00	-8.197574e+03	8.381479e+04
5.236000e-02	7.411611e+04	-1.455455e-03	2.941376e-02	0.000000e+00	-5.014402e+03	7.913051e+04
5.355000e-02	8.109970e+04	-1.490520e-03	2.952368e-02	0.000000e+00	-2.711945e+03	8.381164e+04
5.474000e-02	7.980295e+04	-1.525722e-03	2.963763e-02	0.000000e+00	-2.939780e+03	8.274273e+04
5.593000e-02	6.944313e+04	-1.561058e-03	2.974332e-02	0.000000e+00	-8.381811e+03	7.782494e+04
5.712000e-02	7.136216e+04	-1.596511e-03	2.984303e-02	0.000000e+00	-9.140043e+03	8.050220e+04
5.831000e-02	7.366005e+04	-1.632084e-03	2.994573e-02	0.000000e+00	-4.111071e+03	7.777112e+04
5.950000e-02	8.067310e+04	-1.667781e-03	3.005502e-02	0.000000e+00	-5.888371e+03	8.656147e+04
6.069000e-02	7.743967e+04	-1.703615e-03	3.016699e-02	0.000000e+00	-7.382158e+03	8.482183e+04
6.188000e-02	8.277700e+04	-1.739579e-03	3.028045e-02	0.000000e+00	-9.192220e+03	9.196922e+04
6.307000e-02	7.134566e+04	-1.775682e-03	3.038960e-02	0.000000e+00	-7.256571e+03	7.860224e+04
6.426000e-02	8.711826e+04	-1.811906e-03	3.050182e-02	0.000000e+00	-9.650605e+03	9.676886e+04
6.545000e-02	9.707025e+04	-1.848277e-03	3.063225e-02	0.000000e+00	-7.440499e+03	1.045108e+05
6.664000e-02	8.520737e+04	-1.884811e-03	3.076134e-02	0.000000e+00	-9.492544e+03	9.469991e+04
6.783000e-02	1.043304e+05	-1.921489e-03	3.089556e-02	0.000000e+00	-7.460426e+03	1.117908e+05
6.902000e-02	9.563912e+04	-1.958342e-03	3.103717e-02	0.000000e+00	-6.478572e+03	1.021177e+05
7.021000e-02	9.096238e+04	-1.995357e-03	3.116931e-02	0.000000e+00	-4.783643e+03	9.574602e+04
7.140000e-02	9.412371e+04	-2.032525e-03	3.130039e-02	0.000000e+00	-7.126782e+03	1.012505e+05
7.259000e-02	1.000216e+05	-2.069852e-03	3.143787e-02	0.000000e+00	-8.176131e+03	1.081977e+05
7.378000e-02	9.176532e+04	-2.107347e-03	3.157369e-02	0.000000e+00	-5.653313e+03	9.741863e+04
7.497000e-02	9.253117e+04	-2.144997e-03	3.170420e-02	0.000000e+00	-5.035087e+03	9.756626e+04
7.616000e-02	9.438742e+04	-2.182803e-03	3.183657e-02	0.000000e+00	-6.147075e+03	1.005345e+05
7.735000e-02	9.462513e+04	-2.220768e-03	3.197042e-02	0.000000e+00	-4.329910e+03	9.895504e+04
7.854000e-02	9.821393e+04	-2.258893e-03	3.210699e-02	0.000000e+00	-7.065301e+03	1.052792e+05
7.973000e-02	8.960726e+04	-2.297183e-03	3.223999e-02	0.000000e+00	-7.436629e+03	9.704389e+04
8.092000e-02	8.898195e+04	-2.335624e-03	3.236646e-02	0.000000e+00	-5.266303e+03	9.424825e+04
8.211000e-02	1.029883e+05	-2.374215e-03	3.250241e-02	0.000000e+00	-4.016783e+03	1.070051e+05
8.330000e-02	9.815307e+04	-2.412980e-03	3.264485e-02	0.000000e+00	-7.437170e+03	1.055902e+05
8.449000e-02	9.449261e+04	-2.451910e-03	3.278128e-02	0.000000e+00	-6.879599e+03	1.013722e+05
8.568000e-02	9.384890e+04	-2.490999e-03	3.291465e-02	0.000000e+00	-4.442980e+03	9.829188e+04
8.687000e-02	1.055133e+05	-2.530247e-03	3.305583e-02	0.000000e+00	-3.266822e+03	1.087801e+05
8.806000e-02	9.945526e+04	-2.569672e-03	3.320099e-02	0.000000e+00	-9.766772e+03	1.092220e+05
8.925000e-02	9.216744e+04	-2.609265e-03	3.333669e-02	0.000000e+00	-7.829930e+03	9.999737e+04
9.044000e-02	1.024936e+05	-2.649014e-03	3.347454e-02	0.000000e+00	-6.572716e+03	1.090663e+05
9.163000e-02	1.151991e+05	-2.688935e-03	3.362870e-02	0.000000e+00	-5.417323e+03	1.206165e+05
9.282000e-02	1.052176e+05	-2.729050e-03	3.378479e-02	0.000000e+00	-7.314517e+03	1.125321e+05
9.401000e-02	1.037365e+05	-2.769342e-03	3.393277e-02	0.000000e+00	-4.382849e+03	1.081194e+05
9.520000e-02	1.034928e+05	-2.809810e-03	3.407952e-02	0.000000e+00	-7.239794e+03	1.107325e+05
9.639000e-02	9.214839e+04	-2.850452e-03	3.421807e-02	0.000000e+00	-5.747568e+03	9.789596e+04
9.758000e-02	1.135067e+05	-2.891249e-03	3.436370e-02	0.000000e+00	-7.063182e+03	1.205699e+05
9.877000e-02	1.195351e+05	-2.932237e-03	3.452873e-02	0.000000e+00	-4.362485e+03	1.238976e+05
9.996000e-02	1.099322e+05	-2.973427e-03	3.469124e-02	0.000000e+00	-3.636342e+03	1.135685e+05
1.011500e-01	1.052786e+05	-3.014802e-03	3.484364e-02	0.000000e+00	-1.868836e+03	1.071475e+05
1.023400e-01	1.144604e+05	-3.056355e-03	3.499925e-02	0.000000e+00	-3.590497e+03	1.180509e+05
1.035300e-01	1.092665e+05	-3.098101e-03	3.515769e-02	0.000000e+00	-6.847279e+03	1.161138e+05
1.047200e-01	1.151022e+05	-3.140030e-03	3.531658e-02	0.000000e+00	-5.855170e+03	1.209574e+05
1.059100e-01	1.262988e+05	-3.182154e-03	3.548753e-02	0.000000e+00	-6.076403e+03	1.323752e+05
1.071000e-01	1.118336e+05	-3.224491e-03	3.565617e-02	0.000000e+00	-6.384885e+03	1.182185e+05
1.082900e-01	1.175638e+05	-3.267016e-03	3.581862e-02	0.000000e+00	-5.637688e+03	1.232015e+05
1.094800e-01	1.234523e+05	-3.309739e-03	3.598930e-02	0.000000e+00	-5.049599e+03	1.285019e+05
1.106700e-01	1.152983e+05	-3.352670e-03	3.615837e-02	0.000000e+00	-2.773359e+03	1.180717e+05
1.118600e-01	1.182602e+05	-3.395796e-03	3.632377e-02	0.000000e+00	-8.163127e+03	1.264234e+05
1.130500e-01	1.235289e+05	-3.439121e-03	3.649500e-02	0.000000e+00	-6.493901e+03	1.300228e+05
1.142400e-01	1.108263e+05	-3.482654e-03	3.666096e-02	0.000000e+00	-7.459043e+03	1.182854e+05
1.154300e-01	1.040764e+05	-3.526374e-03	3.681314e-02	0.000000e+00	-6.249581e+03	1.103259e+05
1.166200e-01	1.189677e+05	-3.570269e-03	3.697110e-02	0.000000e+00	-6.287062e+03	1.252547e+05
1.178100e-01	1.244724e+05	-3.614365e-03	3.714349e-02	0.000000e+00	-3.221191e+03	1.276935e+05
1.190000e-01	1.124876e+05	-3.658671e-03	3.731130e-02	0.000000e+00	-3.159610e+03	1.156472e+05
1.201900e-01	1.212573e+05	-3.703166e-03	3.747683e-02	0.000000e+00	-4.259799e+03	1.255171e+05
1.213800e-01	1.027101e+05	-3.747866e-03	3.763543e-02	0.000000e+00	-4.977116e+03	1.076872e+05
1.225700e-01	1.120732e+05	-3.792738e-03	3.778754e-02	0.000000e+00	-8.026869e+03	1.201001e+05
1.237600e-01	1.219380e+05	-3.837800e-03	3.795325e-02	0.000000e+00	-5.006577e+03	1.269446e+05
1.249500e-01	1.252272e+05	-3.883067e-03	3.812829e-02	0.000000e+00	-4.591975e+03	1.298192e+05
1.261400e-01	1.280690e+05	-3.928545e-03	3.830766e-02	0.000000e+00	-5.650326e+03	1.337194e+05
1.273300e-01	1.228175e+05	-3.974239e-03	3.848533e-02	0.000000e+00	-6.190632e+03	1.290082e+05
1.285200e-01	1.178147e+05	-4.020140e-03	3.865574e-02	0.000000e+00	-4.587346e+03	1.224021e+05
1.297100e-01	1.399484e+05	-4.066240e-03	3.883828e-02	0.000000e+00	-1.188182e+03	1.411366e+05
1.309000e-01	1.405444e+05	-4.112576e-03	3.903691e-02	0.000000e+00	-3.926813e+03	1.444712e+05
1.320900e-01	1.427837e+05	-4.159148e-03	3.923756e-02	0.000000e+00	-5.374774e+03	1.481584e+05
1.332800e-01	1.474385e+05	-4.205961e-03	3.944308e-02	0.000000e+00	-5.151789e+03	1.525903e+05
1.344700e-01	1.409377e+05	-4.253022e-03	3.964730e-02	0.000000e+00	-2.964401e+03	1.439021e+05
1.356600e-01	1.464565e+05	-4.300322e-03	3.985082e-02	0.000000e+00	-3.544384e+03	1.500009e+05
1.368500e-01	1.343365e+05	-4.347867e-03	4.004967e-02	0.000000e+00	-3.981539e+03	1.383180e+05
1.380400e-01	1.334649e+05	-4.395640e-03	4.023932e-02	0.000000e+00	-6.522182e+03	1.399871e+05
1.392300e-01	1.246194e+05	-4.443637e-03	4.042208e-02	0.000000e+00	-4.183004e+03	1.288024e+05
1.404200e-01	1.289572e+05	-4.491844e-03	4.060166e-02	0.000000e+00	-1.978609e+03	1.309358e+05
1.416100e-01	1.259099e+05	-4.540269e-03	4.078215e-02	0.000000e+00	-6.104321e+03	1.320142e+05
1.428000e-01	1.348095e+05	-4.588906e-03	4.096678e-02	0.000000e+00	-8.270803e+03	1.430803e+05
1.439900e-01	1.402045e+05	-4.637770e-03	4.116153e-02	0.000000e+00	-7.400816e+03	1.476053e+05
1.451800e-01	1.256757e+05	-4.686870e-03	4.134982e-02	0.000000e+00	-4.056267e+03	1.297319e+05
1.463700e-01	1.291144e+05	-4.736182e-03	4.153025e-02	0.000000e+00	-5.112333e+03	1.342267e+05
1.475600e-01	1.394044e+05	-4.785712e-03	4.172041e-02	0.000000e+00	-5.942637e+03	1.453470e+05
1.487500e-01	1.366799e+05	-4.835477e-03	4.191592e-02	0.000000e+00	-5.112273e+03	1.417922e+05
1.499400e-01	1.550704e+05	-4.885472e-03	4.212253e-02	0.000000e+00	-5.825397e+03	1.608957e+05
1.511300e-01	1.444855e+05	-4.935729e-03	4.233466e-02	0.000000e+00	-9.185791e+03	1.536712e+05
1.523200e-01	1.203581e+05	-4.986229e-03	4.252222e-02	0.000000e+00	-6.650914e+03	1.270090e+05
1.535100e-01	1.298645e+05	-5.036932e-03	4.269942e-02	0.000000e+00	-5.147269e+03	1.350118e+05
1.547000e-01	1.318420e+05	-5.087853e-03	4.288475e-02	0.000000e+00	-7.124877e+03	1.389668e+05
1.558900e-01	1.443187e+05	-5.138997e-03	4.308031e-02	0.000000e+00	-7.065390e+03	1.513841e+05
1.570800e-01	1.616883e+05	-5.190384e-03	4.329702e-02	0.000000e+00	-4.240742e+03	1.659290e+05
1.582700e-01	1.397770e+05	-5.242044e-03	4.351050e-02	0.000000e+00	-3.484058e+03	1.432611e+05
1.594600e-01	1.283325e+05	-5.293939e-03	4.370037e-02	0.000000e+00	-5.282523e+03	1.336150e+05
1.606500e-01	1.270701e+05	-5.346051e-03	4.388124e-02	0.000000e+00	-6.640519e+03	1.337106e+05
1.618400e-01	1.451955e+05	-5.398377e-03	4.407405e-02	0.000000e+00	-4.458340e+03	1.496539e+05
1.630300e-01	1.445009e+05	-5.450947e-03	4.427920e-02	0.000000e+00	-3.694428e+03	1.481953e+05
1.642200e-01	1.449696e+05	-5.503761e-03	4.448419e-02	0.000000e+00	-8.921923e+03	1.538915e+05
1.654100e-01	1.365116e+05	-5.556820e-03	4.468353e-02	0.000000e+00	-6.430018e+03	1.429417e+05
1.666000e-01	1.410025e+05	-5.610108e-03	4.488005e-02	0.000000e+00	-3.677094e+03	1.446796e+05
1.677900e-01	1.415881e+05	-5.663634e-03	4.508017e-02	0.000000e+00	-4.058283e+03	1.456464e+05
1.689800e-01	1.462627e+05	-5.717399e-03	4.528402e-02	0.000000e+00	-5.570886e+03	1.518335e+05
1.701700e-01	1.545255e+05	-5.771410e-03	4.549703e-02	0.000000e+00	-3.384997e+03	1.579105e+05
1.713600e-01	1.567877e+05	-5.825682e-03	4.571749e-02	0.000000e+00	-3.259809e+03	1.600475e+05
1.725500e-01	1.435085e+05	-5.880218e-03	4.593015e-02	0.000000e+00	-2.802705e+03	1.463112e+05
1.737400e-01	1.557215e+05	-5.934996e-03	4.614205e-02	0.000000e+00	-6.678871e+03	1.624004e+05
1.749300e-01	1.445866e+05	-5.990036e-03	4.635472e-02	0.000000e+00	-5.194619e+03	1.497812e+05
1.761200e-01	1.535578e+05	-6.045320e-03	4.656585e-02	0.000000e+00	-3.072543e+03	1.566304e+05
1.773100e-01	1.582448e+05	-6.100863e-03	4.678666e-02	0.000000e+00	-1.885303e+03	1.601301e+05
1.785000e-01	1.633773e+05	-6.156672e-03	4.701442e-02	0.000000e+00	-3.907326e+03	1.672847e+05
1.796900e-01	1.315828e+05	-6.212757e-03	4.722330e-02	0.000000e+00	-5.428653e+03	1.370115e+05
1.808800e-01	1.430090e+05	-6.269063e-03	4.741776e-02	0.000000e+00	-5.603741e+03	1.486127e+05
1.820700e-01	1.659417e+05	-6.325611e-03	4.763655e-02	0.000000e+00	-6.301804e+03	1.722435e+05
1.832600e-01	1.433866e+05	-6.382438e-03	4.785560e-02	0.000000e+00	-4.445994e+03	1.478326e+05
1.844500e-01	1.520103e+05	-6.439507e-03	4.806479e-02	0.000000e+00	-5.654976e+03	1.576653e+05
1.856400e-01	1.543331e+05	-6.496833e-03	4.828173e-02	0.000000e+00	-2.992708e+03	1.573258e+05
1.868300e-01	1.605399e+05	-6.554418e-03	4.850472e-02	0.000000e+00	-6.306634e+03	1.668465e+05
1.880200e-01	1.568257e+05	-6.612274e-03	4.872946e-02	0.000000e+00	-4.204232e+03	1.610299e+05
1.892100e-01	1.462491e+05	-6.670394e-03	4.894409e-02	0.000000e+00	-2.406089e+03	1.486552e+05
1.904000e-01	1.599888e+05	-6.728761e-03	4.916096e-02	0.000000e+00	-3.710258e+03	1.636990e+05
1.915900e-01	1.472185e+05	-6.787397e-03	4.937851e-02	0.000000e+00	-5.673851e+03	1.528924e+05
1.927800e-01	1.517936e+05	-6.846282e-03	4.959026e-02	0.000000e+00	-4.240288e+03	1.560339e+05
1.939700e-01	1.579102e+05	-6.905422e-03	4.980958e-02	0.000000e+00	-3.366973e+03	1.612772e+05
1.951600e-01	1.821442e+05	-6.964828e-03	5.005040e-02	0.000000e+00	-2.367682e+03	1.845119e+05
1.963500e-01	1.598774e+05	-7.024542e-03	5.029260e-02	0.000000e+00	-3.223612e+03	1.631010e+05
1.975400e-01	1.487053e+05	-7.084525e-03	5.051113e-02	0.000000e+00	-6.648195e+03	1.553535e+05
1.987300e-01	1.613744e+05	-7.144758e-03	5.073072e-02	0.000000e+00	-4.346911e+03	1.657213e+05
1.999200e-01	1.472595e+05	-7.205264e-03	5.094928e-02	0.000000e+00	-2.210646e+03	1.494702e+05
2.011100e-01	1.473297e+05	-7.266018e-03	5.115790e-02	0.000000e+00	-3.013526e+03	1.503432e+05
2.023000e-01	1.490347e+05	-7.327020e-03	5.136777e-02	0.000000e+00	-4.717341e+03	1.537521e+05
2.034900e-01	1.713875e+05	-7.388273e-03	5.159469e-02	0.000000e+00	-2.322212e+03	1.737097e+05
2.046800e-01	1.752115e+05	-7.449815e-03	5.184014e-02	0.000000e+00	-2.419021e+03	1.776306e+05
2.058700e-01	1.784504e+05	-7.511653e-03	5.209059e-02	0.000000e+00	-3.848524e+03	1.822989e+05
2.070600e-01	1.604652e+05	-7.573791e-03	5.233059e-02	0.000000e+00	-5.421950e+03	1.658871e+05
2.082500e-01	1.639773e+05	-7.636199e-03	5.256035e-02	0.000000e+00	-4.570401e+03	1.685477e+05
2.094400e-01	1.529503e+05	-7.698884e-03	5.278479e-02	0.000000e+00	-6.498765e+03	1.594491e+05
2.106300e-01	1.605479e+05	-7.761827e-03	5.300680e-02	0.000000e+00	-7.082068e+03	1.676299e+05
2.118200e-01	1.760476e+05	-7.825041e-03	5.324516e-02	0.000000e+00	-4.762835e+03	1.808105e+05
2.130100e-01	1.651174e+05	-7.888551e-03	5.348676e-02	0.000000e+00	-3.508869e+03	1.686263e+05
2.142000e-01	1.604024e+05	-7.952339e-03	5.371729e-02	0.000000e+00	-5.304517e+03	1.657069e+05
2.153900e-01	1.767530e+05	-8.016398e-03	5.395605e-02	0.000000e+00	-6.328570e+03	1.830815e+05
2.165800e-01	1.873604e+05	-8.080754e-03	5.421390e-02	0.000000e+00	-4.103294e+03	1.914637e+05
2.177700e-01	1.637815e+05	-8.145427e-03	5.446257e-02	0.000000e+00	-3.167335e+03	1.669489e+05
2.189600e-01	1.619525e+05	-8.210375e-03	5.469324e-02	0.000000e+00	-2.809791e+03	1.647623e+05
2.201500e-01	1.562628e+05	-8.275597e-03	5.491859e-02	0.000000e+00	-1.121395e+03	1.573842e+05
2.213400e-01	1.685351e+05	-8.341082e-03	5.514860e-02	0.000000e+00	-2.230783e+03	1.707659e+05
2.225300e-01	1.503741e+05	-8.406850e-03	5.537444e-02	0.000000e+00	-6.811407e+03	1.571855e+05
2.237200e-01	1.625114e+05	-8.472873e-03	5.559601e-02	0.000000e+00	-7.217827e+03	1.697292e+05
2.249100e-01	1.729463e+05	-8.539169e-03	5.583357e-02	0.000000e+00	-4.894089e+03	1.778404e+05
2.261000e-01	1.575537e+05	-8.605757e-03	5.606762e-02	0.000000e+00	-3.347719e+03	1.609014e+05
2.272900e-01	1.687474e+05	-8.672610e-03	5.629870e-02	0.000000e+00	-5.444620e+03	1.741920e+05
2.284800e-01	1.615073e+05	-8.739748e-03	5.653257e-02	0.000000e+00	-6.328112e+03	1.678355e+05
2.296700e-01	1.677085e+05	-8.807157e-03	5.676571e-02	0.000000e+00	-7.016370e+03	1.747249e+05
2.308600e-01	1.549885e+05	-8.874850e-03	5.699423e-02	0.000000e+00	-3.901146e+03	1.588896e+05
2.320500e-01	1.609892e+05	-8.942804e-03	5.721800e-02	0.000000e+00	-4.147803e+03	1.651370e+05
2.332400e-01	1.559738e+05	-9.011029e-03	5.744246e-02	0.000000e+00	-3.050217e+03	1.590240e+05
2.344300e-01	1.644356e+05	-9.079517e-03	5.766936e-02	0.000000e+00	-4.552951e+03	1.689886e+05
2.356200e-01	1.582374e+05	-9.148282e-03	5.789787e-02	0.000000e+00	-4.841424e+03	1.630788e+05
2.368100e-01	1.526984e+05	-9.217314e-03	5.811806e-02	0.000000e+00	-3.918179e+03	1.566166e+05
2.380000e-01	1.500510e+05	-9.286603e-03	5.833246e-02	0.000000e+00	-3.222866e+03	1.532739e+05
2.391900e-01	1.330522e+05	-9.356145e-03	5.853294e-02	0.000000e+00	-4.728335e+03	1.377805e+05
2.403800e-01	1.785395e+05	-9.425911e-03	5.875360e-02	0.000000e+00	-4.203973e+03	1.827434e+05
2.415700e-01	1.740699e+05	-9.495978e-03	5.900330e-02	0.000000e+00	-3.206914e+03	1.772768e+05
2.427600e-01	1.889085e+05	-9.566339e-03	5.926035e-02	0.000000e+00	-7.147321e+03	1.960558e+05
2.439500e-01	1.858284e+05	-9.637018e-03	5.952573e-02	0.000000e+00	-5.822577e+03	1.916510e+05
2.451400e-01	1.836632e+05	-9.708010e-03	5.978739e-02	0.000000e+00	-5.101295e+03	1.887645e+05
2.463300e-01	1.783199e+05	-9.779312e-03	6.004373e-02	0.000000e+00	-3.649481e+03	1.819693e+05
2.475200e-01	1.776192e+05	-9.850914e-03	6.029580e-02	0.000000e+00	-3.169973e+03	1.807892e+05
2.487100e-01	1.774638e+05	-9.922816e-03	6.054725e-02	0.000000e+00	-3.661840e+03	1.811257e+05
2.499000e-01	1.634787e+05	-9.995017e-03	6.078870e-02	0.000000e+00	-4.128929e+03	1.676076e+05
2.510900e-01	1.798688e+05	-1.006749e-02	6.103184e-02	0.000000e+00	-2.967728e+03	1.828365e+05
2.522800e-01	1.657096e+05	-1.014027e-02	6.127657e-02	0.000000e+00	-4.450628e+03	1.701602e+05
2.534700e-01	1.720525e+05	-1.021333e-02	6.151576e-02	0.000000e+00	-3.363126e+03	1.754156e+05
2.546600e-01	1.725812e+05	-1.028668e-02	6.175982e-02	0.000000e+00	-3.032939e+03	1.756141e+05
2.558500e-01	1.890490e+05	-1.036032e-02	6.201591e-02	0.000000e+00	-4.790886e+03	1.938398e+05
2.570400e-01	1.663615e+05	-1.043428e-02	6.226760e-02	0.000000e+00	-5.474023e+03	1.718355e+05
2.582300e-01	1.707358e+05	-1.050852e-02	6.250632e-02	0.000000e+00	-5.190500e+03	1.759263e+05
2.594200e-01	1.854565e+05	-1.058304e-02	6.275857e-02	0.000000e+00	-2.674285e+03	1.881308e+05
2.606100e-01	1.802564e+05	-1.065788e-02	6.301755e-02	0.000000e+00	-2.204508e+03	1.824609e+05
2.618000e-01	1.798708e+05	-1.073302e-02	6.327258e-02	0.000000e+00	-5.725974e+03	1.855967e+05
2.629900e-01	1.872282e+05	-1.080847e-02	6.353255e-02	0.000000e+00	-5.190221e+03	1.924184e+05
2.641800e-01	1.793961e+05	-1.088423e-02	6.379218e-02	0.000000e+00	-3.127294e+03	1.825234e+05
2.653700e-01	1.978380e+05	-1.096030e-02	6.405932e-02	0.000000e+00	-3.460597e+03	2.012986e+05
2.665600e-01	1.902355e+05	-1.103669e-02	6.433414e-02	0.000000e+00	-1.696343e+03	1.919319e+05
2.677500e-01	1.948315e+05	-1.111341e-02	6.460683e-02	0.000000e+00	-3.027763e+03	1.978593e+05
2.689400e-01	1.811289e+05	-1.119046e-02	6.487307e-02	0.000000e+00	-2.256474e+03	1.833854e+05
2.701300e-01	1.727519e+05	-1.126781e-02	6.512368e-02	0.000000e+00	-2.578814e+03	1.753307e+05
2.713200e-01	1.864894e+05	-1.134545e-02	6.537808e-02	0.000000e+00	-3.314921e+03	1.898043e+05
2.725100e-01	1.828497e+05	-1.142341e-02	6.563963e-02	0.000000e+00	-6.395022e+03	1.892447e+05
2.737000e-01	1.718814e+05	-1.150167e-02	6.589084e-02	0.000000e+00	-6.456554e+03	1.783379e+05
2.748900e-01	1.886624e+05	-1.158023e-02	6.614617e-02	0.000000e+00	-4.614827e+03	1.932773e+05
2.760800e-01	1.861984e+05	-1.165910e-02	6.641163e-02	0.000000e+00	-5.679082e+03	1.918775e+05
2.772700e-01	1.674510e+05	-1.173829e-02	6.666207e-02	0.000000e+00	-4.987697e+03	1.724387e+05
2.784600e-01	1.896231e+05	-1.181776e-02	6.691494e-02	0.000000e+00	-4.602341e+03	1.942254e+05
2.796500e-01	1.788532e+05	-1.189755e-02	6.717588e-02	0.000000e+00	-4.204115e+03	1.830573e+05
2.808400e-01	1.740884e+05	-1.197764e-02	6.742582e-02	0.000000e+00	-3.706407e+03	1.777948e+05
2.820300e-01	1.905184e+05	-1.205802e-02	6.768402e-02	0.000000e+00	-2.704222e+03	1.932226e+05
2.832200e-01	1.847597e+05	-1.213872e-02	6.794978e-02	0.000000e+00	-1.474955e+03	1.862347e+05
2.844100e-01	1.827057e+05	-1.221974e-02	6.821001e-02	0.000000e+00	-5.181236e+03	1.878869e+05
2.856000e-01	2.037760e+05	-1.230106e-02	6.848370e-02	0.000000e+00	-6.343075e+03	2.101191e+05
2.867900e-01	2.115896e+05	-1.238273e-02	6.877785e-02	0.000000e+00	-1.760816e+03	2.133504e+05
2.879800e-01	1.851010e+05	-1.246476e-02	6.905877e-02	0.000000e+00	-2.313438e+03	1.874144e+05
2.891700e-01	1.668107e+05	-1.254709e-02	6.930798e-02	0.000000e+00	-3.645925e+03	1.704567e+05
2.903600e-01	1.696015e+05	-1.262971e-02	6.954622e-02	0.000000e+00	-4.077434e+03	1.736789e+05
2.915500e-01	1.781454e+05	-1.271261e-02	6.979248e-02	0.000000e+00	-4.071807e+03	1.822173e+05
2.927400e-01	1.812073e+05	-1.279581e-02	7.004696e-02	0.000000e+00	-7.293780e+03	1.885011e+05
2.939300e-01	1.784840e+05	-1.287932e-02	7.030168e-02	0.000000e+00	-4.693943e+03	1.831780e+05
2.951200e-01	1.970111e+05	-1.296313e-02	7.056759e-02	0.000000e+00	-5.572982e+03	2.025841e+05
2.963100e-01	1.815800e+05	-1.304727e-02	7.083570e-02	0.000000e+00	-6.782301e+03	1.883623e+05
2.975000e-01	2.014027e+05	-1.313172e-02	7.110691e-02	0.000000e+00	-4.103661e+03	2.055063e+05
2.986900e-01	1.950279e+05	-1.321651e-02	7.138765e-02	0.000000e+00	-3.797682e+03	1.988256e+05
2.998800e-01	1.951244e+05	-1.330162e-02	7.166394e-02	0.000000e+00	-2.473696e+03	1.975981e+05
3.010700e-01	1.797745e+05	-1.338707e-02	7.192943e-02	0.000000e+00	-1.711004e+03	1.814855e+05
3.022600e-01	2.013457e+05	-1.347282e-02	7.219933e-02	0.000000e+00	-1.623350e+03	2.029690e+05
3.034500e-01	1.813313e+05	-1.355890e-02	7.247033e-02	0.000000e+00	-2.119350e+03	1.834507e+05
3.046400e-01	1.648559e+05	-1.364530e-02	7.271548e-02	0.000000e+00	-4.568264e+03	1.694242e+05
3.058300e-01	1.737268e+05	-1.373197e-02	7.295526e-02	0.000000e+00	-2.961996e+03	1.766888e+05
3.070200e-01	1.757506e+05	-1.381893e-02	7.320274e-02	0.000000e+00	-5.688659e+03	1.814393e+05
3.082100e-01	1.939256e+05	-1.390619e-02	7.346454e-02	0.000000e+00	-3.302605e+03	1.972282e+05
3.094000e-01	2.012405e+05	-1.399377e-02	7.374438e-02	0.000000e+00	-2.987048e+03	2.042275e+05
3.105900e-01	1.862478e+05	-1.408170e-02	7.401878e-02	0.000000e+00	-4.906861e+03	1.911547e+05
3.117800e-01	1.930326e+05	-1.416994e-02	7.428738e-02	0.000000e+00	-5.249614e+03	1.982822e+05
3.129700e-01	1.927235e+05	-1.425850e-02	7.456056e-02	0.000000e+00	-2.954871e+03	1.956784e+05
3.141600e-01	2.129033e+05	-1.434739e-02	7.484781e-02	0.000000e+00	-2.604748e+03	2.155081e+05
3.153500e-01	1.950971e+05	-1.443664e-02	7.513674e-02	0.000000e+00	-2.664410e+03	1.977616e+05
3.165400e-01	1.914486e+05	-1.452622e-02	7.541048e-02	0.000000e+00	-3.396483e+03	1.948451e+05
3.177300e-01	1.769451e+05	-1.461612e-02	7.567136e-02	0.000000e+00	-2.586076e+03	1.795312e+05
3.189200e-01	2.008049e+05	-1.470632e-02	7.593887e-02	0.000000e+00	-1.531092e+03	2.023360e+05
3.201100e-01	1.917771e+05	-1.479685e-02	7.621688e-02	0.000000e+00	-4.302030e+03	1.960791e+05
3.213000e-01	1.870012e+05	-1.488771e-02	7.648512e-02	0.000000e+00	-3.263226e+03	1.902644e+05
3.224900e-01	1.815033e+05	-1.497889e-02	7.674608e-02	0.000000e+00	-2.867029e+03	1.843703e+05
3.236800e-01	1.913915e+05	-1.507037e-02	7.701015e-02	0.000000e+00	-1.969762e+03	1.933612e+05
3.248700e-01	1.846137e+05	-1.516217e-02	7.727643e-02	0.000000e+00	-3.440183e+03	1.880539e+05
3.260600e-01	1.778790e+05	-1.525429e-02	7.753313e-02	0.000000e+00	-3.397070e+03	1.812761e+05
3.272500e-01	1.838787e+05	-1.534670e-02	7.778931e-02	0.000000e+00	-1.669696e+03	1.855484e+05
3.284400e-01	1.716915e+05	-1.543943e-02	7.804112e-02	0.000000e+00	-1.894640e+03	1.735861e+05
3.296300e-01	1.779661e+05	-1.553244e-02	7.828873e-02	0.000000e+00	-5.438643e+03	1.834047e+05
3.308200e-01	1.761429e+05	-1.562575e-02	7.853950e-02	0.000000e+00	-6.936993e+03	1.830799e+05
3.320100e-01	1.900546e+05	-1.571936e-02	7.879883e-02	0.000000e+00	-4.667857e+03	1.947224e+05
3.332000e-01	1.641083e+05	-1.581329e-02	7.904963e-02	0.000000e+00	-3.566347e+03	1.676746e+05
3.343900e-01	1.887305e+05	-1.590750e-02	7.929950e-02	0.000000e+00	-3.490401e+03	1.922209e+05
3.355800e-01	2.019224e+05	-1.600203e-02	7.957615e-02	0.000000e+00	-4.535784e+03	2.064582e+05
3.367700e-01	1.940794e+05	-1.609689e-02	7.985658e-02	0.000000e+00	-3.701654e+03	1.977810e+05
3.379600e-01	1.966626e+05	-1.619209e-02	8.013329e-02	0.000000e+00	-3.157928e+03	1.998205e+05
3.391500e-01	2.134509e+05	-1.628761e-02	8.042372e-02	0.000000e+00	-2.460881e+03	2.159118e+05
3.403400e-01	1.896997e+05	-1.638349e-02	8.070922e-02	0.000000e+00	-3.965557e+03	1.936652e+05
3.415300e-01	1.929765e+05	-1.647970e-02	8.098021e-02	0.000000e+00	-3.177836e+03	1.961543e+05
3.427200e-01	1.873132e+05	-1.657623e-02	8.124952e-02	0.000000e+00	-2.965685e+03	1.902788e+05
3.439100e-01	1.881805e+05	-1.667307e-02	8.151543e-02	0.000000e+00	-2.963554e+03	1.911441e+05
3.451000e-01	1.881139e+05	-1.677023e-02	8.178191e-02	0.000000e+00	-3.197507e+03	1.913114e+05
3.462900e-01	2.010725e+05	-1.686771e-02	8.205752e-02	0.000000e+00	-2.134633e+03	2.032072e+05
3.474800e-01	2.106004e+05	-1.696553e-02	8.234905e-02	0.000000e+00	-6.066361e+03	2.166668e+05
3.486700e-01	1.948310e+05	-1.706370e-02	8.263617e-02	0.000000e+00	-4.904613e+03	1.997356e+05
3.498600e-01	2.057865e+05	-1.716220e-02	8.291987e-02	0.000000e+00	-3.833921e+03	2.096204e+05
3.510500e-01	1.847170e+05	-1.726105e-02	8.319641e-02	0.000000e+00	-3.392415e+03	1.881095e+05
3.522400e-01	1.975068e+05	-1.736021e-02	8.346709e-02	0.000000e+00	-1.801191e+03	1.993080e+05
3.534300e-01	2.081894e+05	-1.745970e-02	8.375439e-02	0.000000e+00	-2.515316e+03	2.107047e+05
3.546200e-01	1.903678e+05	-1.755955e-02	8.403663e-02	0.000000e+00	-3.579285e+03	1.939471e+05
3.558100e-01	1.940802e+05	-1.765971e-02	8.430888e-02	0.000000e+00	-3.557068e+03	1.976373e+05
3.570000e-01	2.068782e+05	-1.776020e-02	8.459283e-02	0.000000e+00	-1.324180e+03	2.082024e+05
3.581900e-01	1.973694e+05	-1.786104e-02	8.487910e-02	0.000000e+00	-1.586640e+03	1.989560e+05
3.593800e-01	1.989274e+05	-1.796221e-02	8.515974e-02	0.000000e+00	-1.342988e+03	2.002703e+05
3.605700e-01	1.713233e+05	-1.806372e-02	8.542194e-02	0.000000e+00	-1.651356e+03	1.729746e+05
3.617600e-01	1.927705e+05	-1.816552e-02	8.567978e-02	0.000000e+00	-1.878169e+03	1.946487e+05
3.629500e-01	1.997530e+05	-1.826764e-02	8.595775e-02	0.000000e+00	-1.271499e+03	2.010245e+05
3.641400e-01	1.987307e+05	-1.837010e-02	8.623994e-02	0.000000e+00	-1.982870e+03	2.007135e+05
3.653300e-01	1.915773e+05	-1.847289e-02	8.651635e-02	0.000000e+00	-6.643006e+03	1.982203e+05
3.665200e-01	1.864448e+05	-1.857601e-02	8.678405e-02	0.000000e+00	-3.259437e+03	1.897042e+05
3.677100e-01	2.155049e+05	-1.867944e-02	8.706870e-02	0.000000e+00	-4.955332e+03	2.204602e+05
3.689000e-01	1.898249e+05	-1.878323e-02	8.735574e-02	0.000000e+00	-6.317067e+03	1.961419e+05
3.700900e-01	2.044550e+05	-1.888734e-02	8.763495e-02	0.000000e+00	-4.421634e+03	2.088767e+05
3.712800e-01	1.878236e+05	-1.899180e-02	8.791275e-02	0.000000e+00	-3.240187e+03	1.910638e+05
3.724700e-01	1.815909e+05	-1.909658e-02	8.817436e-02	0.000000e+00	-4.140300e+03	1.857312e+05
3.736600e-01	1.869975e+05	-1.920166e-02	8.843538e-02	0.000000e+00	-4.215401e+03	1.912129e+05
3.748500e-01	1.855166e+05	-1.930705e-02	8.869918e-02	0.000000e+00	-5.473602e+03	1.909902e+05
3.760400e-01	1.848678e+05	-1.941276e-02	8.896147e-02	0.000000e+00	-3.448367e+03	1.883161e+05
3.772300e-01	1.957812e+05	-1.951878e-02	8.923103e-02	0.000000e+00	-1.507829e+03	1.972890e+05
3.784200e-01	2.017958e+05	-1.962513e-02	8.951258e-02	0.000000e+00	-2.572331e+03	2.043682e+05
3.796100e-01	2.211930e+05	-1.973182e-02	8.981213e-02	0.000000e+00	-3.251717e+03	2.244447e+05
3.808000e-01	1.989652e+05	-1.983888e-02	9.010967e-02	0.000000e+00	-6.622736e+03	2.055879e+05
3.819900e-01	2.018889e+05	-1.994628e-02	9.039354e-02	0.000000e+00	-4.432066e+03	2.063210e+05
3.831800e-01	2.089017e+05	-2.005402e-02	9.068445e-02	0.000000e+00	-8.875620e+02	2.097892e+05
3.843700e-01	2.201761e+05	-2.016211e-02	9.098831e-02	0.000000e+00	-2.786182e+03	2.229623e+05
3.855600e-01	2.036020e+05	-2.027057e-02	9.128841e-02	0.000000e+00	-4.121159e+03	2.077231e+05
3.867500e-01	1.876219e+05	-2.037938e-02	9.156546e-02	0.000000e+00	-2.745511e+03	1.903674e+05
3.879400e-01	2.037271e+05	-2.048850e-02	9.184260e-02	0.000000e+00	-2.946843e+03	2.066740e+05
3.891300e-01	1.898877e+05	-2.059796e-02	9.212135e-02	0.000000e+00	-6.288380e+03	1.961761e+05
3.903200e-01	1.994886e+05	-2.070775e-02	9.239709e-02	0.000000e+00	-3.544584e+03	2.030332e+05
3.915100e-01	1.912131e+05	-2.081787e-02	9.267377e-02	0.000000e+00	-5.075076e+03	1.962882e+05
3.927000e-01	2.046651e+05	-2.092831e-02	9.295412e-02	0.000000e+00	-5.245238e+03	2.099103e+05
3.938900e-01	1.943620e+05	-2.103910e-02	9.323669e-02	0.000000e+00	-2.421792e+03	1.967838e+05
3.950800e-01	2.217659e+05	-2.115021e-02	9.353138e-02	0.000000e+00	-4.275696e+03	2.260416e+05
3.962700e-01	1.982510e+05	-2.126170e-02	9.382882e-02	0.000000e+00	-4.190704e+03	2.024417e+05
3.974600e-01	2.014369e+05	-2.137353e-02	9.411187e-02	0.000000e+00	-3.105897e+03	2.045428e+05
3.986500e-01	1.867110e+05	-2.148569e-02	9.438674e-02	0.000000e+00	-2.575692e+03	1.892867e+05
3.998400e-01	2.023751e+05	-2.159817e-02	9.466228e-02	0.000000e+00	-3.894327e+03	2.062694e+05
4.010300e-01	2.007968e+05	-2.171099e-02	9.494779e-02	0.000000e+00	-3.229141e+03	2.040259e+05
4.022200e-01	1.886072e+05	-2.182414e-02	9.522355e-02	0.000000e+00	-4.126324e+03	1.927335e+05
4.034100e-01	1.985921e+05	-2.193762e-02	9.549775e-02	0.000000e+00	-5.664222e+03	2.042564e+05
4.046000e-01	2.065008e+05	-2.205143e-02	9.578462e-02	0.000000e+00	-4.222017e+03	2.107228e+05
4.057900e-01	1.751224e+05	-2.216559e-02	9.605488e-02	0.000000e+00	-3.753818e+03	1.788763e+05
4.069800e-01	1.966917e+05	-2.228004e-02	9.631818e-02	0.000000e+00	-2.459953e+03	1.991516e+05
4.081700e-01	1.916505e+05	-2.239482e-02	9.659319e-02	0.000000e+00	-3.547996e+03	1.951985e+05
4.093600e-01	1.956377e+05	-2.250993e-02	9.686746e-02	0.000000e+00	-5.928683e+03	2.015664e+05
4.105500e-01	1.985640e+05	-2.262537e-02	9.714662e-02	0.000000e+00	-4.638296e+03	2.032023e+05
4.117400e-01	1.921382e+05	-2.274114e-02	9.742330e-02	0.000000e+00	-2.918585e+03	1.950568e+05
4.129300e-01	1.995919e+05	-2.285723e-02	9.770071e-02	0.000000e+00	-7.317560e+02	2.003236e+05
4.141200e-01	2.212031e+05	-2.297367e-02	9.799870e-02	0.000000e+00	-3.173781e+03	2.243768e+05
4.153100e-01	2.116381e+05	-2.309047e-02	9.830522e-02	0.000000e+00	-1.063396e+03	2.127015e+05
4.165000e-01	2.112085e+05	-2.320763e-02	9.860467e-02	0.000000e+00	-8.966412e+02	2.121051e+05
4.176900e-01	2.080814e+05	-2.332515e-02	9.890159e-02	0.000000e+00	-2.100564e+03	2.101819e+05
4.188800e-01	1.970119e+05	-2.344302e-02	9.918847e-02	0.000000e+00	-1.889722e+03	1.989017e+05
4.200700e-01	2.181630e+05	-2.356122e-02	9.948248e-02	0.000000e+00	-3.060860e+03	2.212239e+05
4.212600e-01	2.024278e+05	-2.367979e-02	9.978032e-02	0.000000e+00	-4.144176e+03	2.065720e+05
4.224500e-01	2.037276e+05	-2.379870e-02	1.000679e-01	0.000000e+00	-2.252934e+03	2.059805e+05
4.236400e-01	2.246454e+05	-2.391795e-02	1.003713e-01	0.000000e+00	-1.630800e+03	2.262762e+05
4.248300e-01	2.012288e+05	-2.403758e-02	1.006729e-01	0.000000e+00	-5.763820e+03	2.069926e+05
4.260200e-01	1.925590e+05	-2.415755e-02	1.009518e-01	0.000000e+00	-3.964730e+03	1.965237e+05
4.272100e-01	1.981595e+05	-2.427784e-02	1.012285e-01	0.000000e+00	-4.695502e+03	2.028550e+05
4.284000e-01	2.127052e+05	-2.439847e-02	1.015194e-01	0.000000e+00	-2.675210e+03	2.153804e+05
4.295900e-01	2.065824e+05	-2.451946e-02	1.018163e-01	0.000000e+00	-2.526624e+03	2.091091e+05
4.307800e-01	2.203684e+05	-2.464080e-02	1.021187e-01	0.000000e+00	-3.385597e+03	2.237540e+05
4.319700e-01	2.085542e+05	-2.476250e-02	1.024224e-01	0.000000e+00	-4.082658e+03	2.126368e+05
4.331600e-01	2.126189e+05	-2.488456e-02	1.027207e-01	0.000000e+00	-3.387840e+03	2.160068e+05
4.343500e-01	2.022460e+05	-2.500698e-02	1.030145e-01	0.000000e+00	-4.726375e+03	2.069723e+05
4.355400e-01	1.985159e+05	-2.512974e-02	1.032983e-01	0.000000e+00	-3.087206e+03	2.016031e+05
4.367300e-01	1.937992e+05	-2.525283e-02	1.035761e-01	0.000000e+00	-3.042965e+03	1.968422e+05
4.379200e-01	2.204195e+05	-2.537625e-02	1.038695e-01	0.000000e+00	-1.629633e+03	2.220491e+05
4.391100e-01	2.099859e+05	-2.550004e-02	1.041743e-01	0.000000e+00	-4.468383e+03	2.144543e+05
4.403000e-01	2.036173e+05	-2.562418e-02	1.044672e-01	0.000000e+00	-6.577619e+03	2.101949e+05
4.414900e-01	2.051663e+05	-2.574867e-02	1.047566e-01	0.000000e+00	-4.059566e+03	2.092259e+05
4.426800e-01	2.135388e+05	-2.587350e-02	1.050532e-01	0.000000e+00	-3.728667e+03	2.172674e+05
4.438700e-01	1.865499e+05	-2.599870e-02	1.053365e-01	0.000000e+00	-4.192082e+03	1.907420e+05
4.450600e-01	1.843669e+05	-2.612420e-02	1.055992e-01	0.000000e+00	-4.724250e+03	1.890912e+05
4.462500e-01	2.082382e+05	-2.625002e-02	1.058772e-01	0.000000e+00	-1.460412e+03	2.096986e+05
4.474400e-01	2.047424e+05	-2.637619e-02	1.061696e-01	0.000000e+00	-1.286056e+03	2.060285e+05
4.486300e-01	2.070711e+05	-2.650271e-02	1.064613e-01	0.000000e+00	-7.436002e+02	2.078147e+05
4.498200e-01	1.971333e+05	-2.662957e-02	1.067475e-01	0.000000e+00	-2.700553e+03	1.998339e+05
4.510100e-01	1.974297e+05	-2.675677e-02	1.070269e-01	0.000000e+00	-3.759202e+03	2.011889e+05
4.522000e-01	2.060625e+05	-2.688429e-02	1.073127e-01	0.000000e+00	-1.965803e+03	2.080283e+05
4.533900e-01	2.083662e+05	-2.701217e-02	1.076062e-01	0.000000e+00	-3.081191e+03	2.114474e+05
4.545800e-01	1.955366e+05	-2.714040e-02	1.078922e-01	0.000000e+00	-4.118510e+03	1.996551e+05
4.557700e-01	1.958080e+05	-2.726895e-02	1.081693e-01	0.000000e+00	-4.302578e+03	2.001106e+05
4.569600e-01	2.130382e+05	-2.739784e-02	1.084588e-01	0.000000e+00	-2.580656e+03	2.156188e+05
4.581500e-01	1.884038e+05	-2.752708e-02	1.087431e-01	0.000000e+00	-3.888081e+03	1.922919e+05
4.593400e-01	2.054637e+05	-2.765665e-02	1.090221e-01	0.000000e+00	-1.948556e+03	2.074122e+05
4.605300e-01	2.089773e+05	-2.778656e-02	1.093156e-01	0.000000e+00	-2.325038e+03	2.113024e+05
4.617200e-01	2.013197e+05	-2.791682e-02	1.096061e-01	0.000000e+00	-5.445682e+03	2.067653e+05
4.629100e-01	2.117049e+05	-2.804742e-02	1.098986e-01	0.000000e+00	-3.734251e+03	2.154392e+05
4.641000e-01	1.963347e+05	-2.817838e-02	1.101876e-01	0.000000e+00	-3.815474e+03	2.001502e+05
4.652900e-01	1.838040e+05	-2.830967e-02	1.104568e-01	0.000000e+00	-4.609252e+03	1.884133e+05
4.664800e-01	2.024612e+05	-2.844126e-02	1.107303e-01	0.000000e+00	-2.601285e+03	2.050625e+05
4.676700e-01	2.051826e+05	-2.857320e-02	1.110190e-01	0.000000e+00	-1.512352e+03	2.066949e+05
4.688600e-01	1.908457e+05	-2.870549e-02	1.112994e-01	0.000000e+00	-2.085576e+03	1.929312e+05
4.700500e-01	1.863179e+05	-2.883810e-02	1.115665e-01	0.000000e+00	-2.200843e+03	1.885187e+05
4.712400e-01	1.923237e+05	-2.897102e-02	1.118347e-01	0.000000e+00	-2.095060e+03	1.944187e+05
4.724300e-01	2.105911e+05	-2.910426e-02	1.121200e-01	0.000000e+00	-4.969253e+02	2.110881e+05
4.736200e-01	1.958852e+05	-2.923786e-02	1.124078e-01	0.000000e+00	-1.773110e+03	1.976583e+05
4.748100e-01	2.123861e+05	-2.937179e-02	1.126970e-01	0.000000e+00	-1.816392e+03	2.142025e+05
4.760000e-01	1.983538e+05	-2.950608e-02	1.129878e-01	0.000000e+00	-2.187487e+03	2.005413e+05
4.771900e-01	1.929842e+05	-2.964071e-02	1.132650e-01	0.000000e+00	-4.297955e+03	1.972822e+05
4.783800e-01	1.905922e+05	-2.977565e-02	1.135366e-01	0.000000e+00	-3.922561e+03	1.945148e+05
4.795700e-01	1.997476e+05	-2.991092e-02	1.138130e-01	0.000000e+00	-2.259046e+03	2.020066e+05
4.807600e-01	2.173805e+05	-3.004653e-02	1.141084e-01	0.000000e+00	-2.481018e+03	2.198615e+05
4.819500e-01	2.041490e+05	-3.018250e-02	1.144069e-01	0.000000e+00	-1.879297e+03	2.060283e+05
4.831400e-01	1.915761e+05	-3.031882e-02	1.146872e-01	0.000000e+00	-1.734458e+03	1.933106e+05
4.843300e-01	1.982612e+05	-3.045546e-02	1.149633e-01	0.000000e+00	-3.392480e+03	2.016536e+05
4.855200e-01	1.977560e+05	-3.059243e-02	1.152437e-01	0.000000e+00	-1.967881e+03	1.997239e+05
4.867100e-01	1.980992e+05	-3.072974e-02	1.155240e-01	0.000000e+00	-1.292686e+03	1.993919e+05
4.879000e-01	2.073535e+05	-3.086738e-02	1.158112e-01	0.000000e+00	-4.770825e+03	2.121243e+05
4.890900e-01	1.971457e+05	-3.100537e-02	1.160976e-01	0.000000e+00	-2.212023e+03	1.993577e+05
4.902800e-01	1.958244e+05	-3.114369e-02	1.163759e-01	0.000000e+00	-3.381499e+03	1.992059e+05
4.914700e-01	2.287873e+05	-3.128234e-02	1.166766e-01	0.000000e+00	-4.617641e+03	2.334049e+05
4.926600e-01	2.345419e+05	-3.142138e-02	1.170047e-01	0.000000e+00	-4.195331e+03	2.387372e+05
4.938500e-01	2.143549e+05	-3.156081e-02	1.173226e-01	0.000000e+00	-2.884542e+03	2.172395e+05
4.950400e-01	2.012877e+05	-3.170061e-02	1.176169e-01	0.000000e+00	-3.313665e+03	2.046014e+05
4.962300e-01	1.955706e+05	-3.184074e-02	1.178980e-01	0.000000e+00	-2.361513e+03	1.979321e+05
4.974200e-01	2.044235e+05	-3.198120e-02	1.181812e-01	0.000000e+00	-1.633963e+03	2.060574e+05
4.986100e-01	2.101352e+05	-3.212201e-02	1.184748e-01	0.000000e+00	-3.554343e+03	2.136895e+05
4.998000e-01	2.220268e+05	-3.226317e-02	1.187809e-01	0.000000e+00	-4.497937e+03	2.265247e+05
5.009900e-01	2.118248e+05	-3.240471e-02	1.190881e-01	0.000000e+00	-6.488632e+03	2.183135e+05
5.021800e-01	1.944790e+05	-3.254660e-02	1.193758e-01	0.000000e+00	-2.285167e+03	1.967642e+05
5.033700e-01	1.889390e+05	-3.268883e-02	1.196473e-01	0.000000e+00	-3.026273e+03	1.919652e+05
5.045600e-01	2.158923e+05	-3.283136e-02	1.199340e-01	0.000000e+00	-1.442643e+03	2.173349e+05
5.057500e-01	2.080394e+05	-3.297427e-02	1.202343e-01	0.000000e+00	-1.166546e+03	2.092059e+05
5.069400e-01	2.102951e+05	-3.311752e-02	1.205305e-01	0.000000e+00	-3.241280e+03	2.135364e+05
5.081300e-01	2.150701e+05	-3.326113e-02	1.208317e-01	0.000000e+00	-2.997355e+03	2.180674e+05
5.093200e-01	2.039580e+05	-3.340510e-02	1.211285e-01	0.000000e+00	-2.363193e+03	2.063212e+05
5.105100e-01	1.974000e+05	-3.354942e-02	1.214127e-01	0.000000e+00	-3.518422e+03	2.009184e+05
5.117000e-01	1.979085e+05	-3.369406e-02	1.216926e-01	0.000000e+00	-3.465836e+03	2.013743e+05
5.128900e-01	2.184757e+05	-3.383904e-02	1.219875e-01	0.000000e+00	-4.444054e+03	2.229198e+05
5.140800e-01	2.217854e+05	-3.398439e-02	1.222993e-01	0.000000e+00	-2.530086e+03	2.243155e+05
5.152700e-01	2.135157e+05	-3.413012e-02	1.226076e-01	0.000000e+00	-3.515837e+03	2.170315e+05
5.164600e-01	2.018010e+05	-3.427620e-02	1.229017e-01	0.000000e+00	-4.402202e+03	2.062032e+05
5.176500e-01	1.989502e+05	-3.442262e-02	1.231855e-01	0.000000e+00	-1.783594e+03	2.007338e+05
5.188400e-01	2.066167e+05	-3.456938e-02	1.234727e-01	0.000000e+00	-1.920135e+03	2.085369e+05
5.200300e-01	1.836472e+05	-3.471649e-02	1.237490e-01	0.000000e+00	-2.655930e+03	1.863032e+05
5.212200e-01	2.143377e+05	-3.486390e-02	1.240309e-01	0.000000e+00	-3.018845e+03	2.173565e+05
5.224100e-01	2.077126e+05	-3.501168e-02	1.243298e-01	0.000000e+00	-3.746451e+03	2.114590e+05
5.236000e-01	2.025350e+05	-3.515981e-02	1.246203e-01	0.000000e+00	-4.494636e+03	2.070296e+05
5.247900e-01	1.857785e+05	-3.530828e-02	1.248953e-01	0.000000e+00	-3.404779e+03	1.891832e+05
5.259800e-01	1.939435e+05	-3.545706e-02	1.251642e-01	0.000000e+00	-6.097318e+03	2.000409e+05
5.271700e-01	2.049153e+05	-3.560617e-02	1.254466e-01	0.000000e+00	-4.290714e+03	2.092061e+05
5.283600e-01	2.117617e+05	-3.575562e-02	1.257417e-01	0.000000e+00	-2.646157e+03	2.144079e+05
5.295500e-01	2.228252e+05	-3.590543e-02	1.260495e-01	0.000000e+00	-3.061161e+03	2.258864e+05
5.307400e-01	1.975296e+05	-3.605562e-02	1.263472e-01	0.000000e+00	-3.174971e+03	2.007045e+05
5.319300e-01	1.993193e+05	-3.620614e-02	1.266282e-01	0.000000e+00	-2.628447e+03	2.019478e+05
5.331200e-01	2.023610e+05	-3.635700e-02	1.269126e-01	0.000000e+00	-5.268198e+03	2.076292e+05
5.343100e-01	2.098125e+05	-3.650819e-02	1.272045e-01	0.000000e+00	-2.849331e+03	2.126618e+05
5.355000e-01	2.098094e+05	-3.665974e-02	1.275017e-01	0.000000e+00	-2.103265e+03	2.119127e+05
5.366900e-01	2.205007e+05	-3.681165e-02	1.278064e-01	0.000000e+00	-2.855003e+03	2.233557e+05
5.378800e-01	2.136896e+05	-3.696392e-02	1.281139e-01	0.000000e+00	-2.899067e+03	2.165887e+05
5.390700e-01	2.223375e+05	-3.711656e-02	1.284227e-01	0.000000e+00	-1.508002e+03	2.238455e+05
5.402600e-01	1.995019e+05	-3.726957e-02	1.287214e-01	0.000000e+00	-2.849013e+03	2.023509e+05
5.414500e-01	1.978185e+05	-3.742291e-02	1.290028e-01	0.000000e+00	-5.516361e+03	2.033348e+05
5.426400e-01	2.002889e+05	-3.757659e-02	1.292847e-01	0.000000e+00	-3.016270e+03	2.033051e+05
5.438300e-01	1.857273e+05	-3.773061e-02	1.295581e-01	0.000000e+00	-2.303212e+03	1.880305e+05
5.450200e-01	2.220855e+05	-3.788494e-02	1.298469e-01	0.000000e+00	-2.211672e+03	2.242971e+05
5.462100e-01	2.054160e+05	-3.803965e-02	1.301496e-01	0.000000e+00	-4.570238e+03	2.099863e+05
5.474000e-01	2.139329e+05	-3.819470e-02	1.304466e-01	0.000000e+00	-5.277187e+03	2.192101e+05
5.485900e-01	2.042049e+05	-3.835011e-02	1.307427e-01	0.000000e+00	-2.492236e+03	2.066972e+05
5.497800e-01	2.110901e+05	-3.850587e-02	1.310368e-01	0.000000e+00	-1.516234e+03	2.126063e+05
5.509700e-01	1.990184e+05	-3.866198e-02	1.313272e-01	0.000000e+00	-2.702363e+03	2.017208e+05
5.521600e-01	2.030794e+05	-3.881842e-02	1.316120e-01	0.000000e+00	-2.805165e+03	2.058846e+05
5.533500e-01	1.837840e+05	-3.897521e-02	1.318859e-01	0.000000e+00	-1.589299e+03	1.853733e+05
5.545400e-01	2.077941e+05	-3.913231e-02	1.321632e-01	0.000000e+00	-4.462126e+03	2.122562e+05
5.557300e-01	2.114739e+05	-3.928976e-02	1.324601e-01	0.000000e+00	-3.827552e+03	2.153014e+05
5.569200e-01	2.077988e+05	-3.944757e-02	1.327570e-01	0.000000e+00	-3.631675e+03	2.114305e+05
5.581100e-01	2.059819e+05	-3.960572e-02	1.330501e-01	0.000000e+00	-1.051061e+03	2.070330e+05
5.593000e-01	2.091661e+05	-3.976423e-02	1.333441e-01	0.000000e+00	-2.226134e+03	2.113922e+05
5.604900e-01	2.092998e+05	-3.992308e-02	1.336404e-01	0.000000e+00	-2.981790e+03	2.122816e+05
5.616800e-01	2.145819e+05	-4.008229e-02	1.339406e-01	0.000000e+00	-3.500771e+03	2.180827e+05
5.628700e-01	2.132843e+05	-4.024186e-02	1.342436e-01	0.000000e+00	-2.785402e+03	2.160697e+05
5.640600e-01	2.294501e+05	-4.040179e-02	1.345571e-01	0.000000e+00	-1.930610e+03	2.313807e+05
5.652500e-01	2.109084e+05	-4.056211e-02	1.348690e-01	0.000000e+00	-3.117467e+03	2.140259e+05
5.664400e-01	1.955827e+05	-4.072278e-02	1.351568e-01	0.000000e+00	-3.200955e+03	1.987836e+05
5.676300e-01	1.997460e+05	-4.088378e-02	1.354368e-01	0.000000e+00	-1.442718e+03	2.011887e+05
5.688200e-01	2.234412e+05	-4.104512e-02	1.357365e-01	0.000000e+00	-2.216239e+03	2.256574e+05
5.700100e-01	2.227706e+05	-4.120683e-02	1.360525e-01	0.000000e+00	-4.166671e+03	2.269372e+05
5.712000e-01	1.913490e+05	-4.136892e-02	1.363457e-01	0.000000e+00	-1.671604e+03	1.930206e+05
5.723900e-01	1.984557e+05	-4.153134e-02	1.366218e-01	0.000000e+00	-2.316379e+03	2.007721e+05
5.735800e-01	2.125486e+05	-4.169408e-02	1.369128e-01	0.000000e+00	-3.450926e+03	2.159995e+05
5.747700e-01	2.094896e+05	-4.185719e-02	1.372117e-01	0.000000e+00	-1.086074e+03	2.105757e+05
5.759600e-01	2.063539e+05	-4.202065e-02	1.375062e-01	0.000000e+00	-3.596582e+02	2.067135e+05
5.771500e-01	2.147728e+05	-4.218445e-02	1.378044e-01	0.000000e+00	-4.547734e+03	2.193206e+05
5.783400e-01	2.129971e+05	-4.234862e-02	1.381073e-01	0.000000e+00	-2.655633e+03	2.156527e+05
5.795300e-01	1.889624e+05	-4.251315e-02	1.383920e-01	0.000000e+00	-1.947607e+03	1.909100e+05
5.807200e-01	2.160587e+05	-4.267800e-02	1.386788e-01	0.000000e+00	-1.568985e+03	2.176277e+05
5.819100e-01	2.132145e+05	-4.284321e-02	1.389828e-01	0.000000e+00	-3.148099e+03	2.163626e+05
5.831000e-01	2.000633e+05	-4.300877e-02	1.392755e-01	0.000000e+00	-2.245907e+03	2.023092e+05
5.842900e-01	2.045774e+05	-4.317468e-02	1.395620e-01	0.000000e+00	-2.238534e+03	2.068159e+05
5.854800e-01	1.998486e+05	-4.334093e-02	1.398484e-01	0.000000e+00	-2.486318e+03	2.023349e+05
5.866700e-01	1.929036e+05	-4.350752e-02	1.401266e-01	0.000000e+00	-2.427870e+03	1.953314e+05
5.878600e-01	2.088824e+05	-4.367443e-02	1.404111e-01	0.000000e+00	-2.906698e+03	2.117891e+05
5.890500e-01	2.213072e+05	-4.384170e-02	1.407157e-01	0.000000e+00	-6.166228e+02	2.219238e+05
5.902400e-01	2.270425e+05	-4.400934e-02	1.410333e-01	0.000000e+00	-2.386516e+03	2.294290e+05
5.914300e-01	2.052320e+05	-4.417736e-02	1.413394e-01	0.000000e+00	-1.030992e+03	2.062630e+05
5.926200e-01	2.112079e+05	-4.434572e-02	1.416343e-01	0.000000e+00	-1.863349e+03	2.130713e+05
5.938100e-01	2.234180e+05	-4.451445e-02	1.419421e-01	0.000000e+00	-2.321225e+03	2.257393e+05
5.950000e-01	2.228445e+05	-4.468355e-02	1.422581e-01	0.000000e+00	-2.361078e+03	2.252055e+05
5.961900e-01	2.161820e+05	-4.485302e-02	1.425690e-01	0.000000e+00	-3.656082e+03	2.198381e+05
5.973800e-01	2.117383e+05	-4.502286e-02	1.428720e-01	0.000000e+00	-1.519197e+03	2.132575e+05
5.985700e-01	2.122342e+05	-4.519306e-02	1.431723e-01	0.000000e+00	-3.906481e+03	2.161407e+05
5.997600e-01	2.161358e+05	-4.536361e-02	1.434756e-01	0.000000e+00	-1.559697e+03	2.176955e+05
6.009500e-01	2.374285e+05	-4.553453e-02	1.437968e-01	0.000000e+00	-1.890879e+03	2.393194e+05
6.021400e-01	1.948018e+05	-4.570585e-02	1.441029e-01	0.000000e+00	-3.426573e+03	1.982284e+05
6.033300e-01	1.796377e+05	-4.587749e-02	1.443681e-01	0.000000e+00	-3.815593e+03	1.834533e+05
6.045200e-01	2.013068e+05	-4.604944e-02	1.446379e-01	0.000000e+00	-3.048713e+03	2.043555e+05
6.057100e-01	2.082425e+05	-4.622173e-02	1.449279e-01	0.000000e+00	-3.765539e+03	2.120080e+05
6.069000e-01	2.328296e+05	-4.639437e-02	1.452402e-01	0.000000e+00	-3.741601e+02	2.332037e+05
6.080900e-01	2.057141e+05	-4.656740e-02	1.455508e-01	0.000000e+00	-2.204725e+03	2.079188e+05
6.092800e-01	2.143447e+05	-4.674078e-02	1.458483e-01	0.000000e+00	-2.681047e+03	2.170258e+05
6.104700e-01	2.370546e+05	-4.691452e-02	1.461679e-01	0.000000e+00	-1.326881e+03	2.383814e+05
6.116600e-01	2.204587e+05	-4.708866e-02	1.464919e-01	0.000000e+00	-1.648069e+03	2.221068e+05
6.128500e-01	2.181093e+05	-4.726317e-02	1.468025e-01	0.000000e+00	-3.574395e+03	2.216836e+05
6.140400e-01	2.226037e+05	-4.743805e-02	1.471146e-01	0.000000e+00	-3.430879e+03	2.260346e+05
6.152300e-01	2.437861e+05	-4.761331e-02	1.474449e-01	0.000000e+00	-2.263453e+03	2.460496e+05
6.164200e-01	2.274267e+05	-4.778897e-02	1.477786e-01	0.000000e+00	-5.014084e+03	2.324407e+05
6.176100e-01	2.143357e+05	-4.796502e-02	1.480914e-01	0.000000e+00	-2.746548e+03	2.170822e+05
6.188000e-01	2.167685e+05	-4.814143e-02	1.483967e-01	0.000000e+00	-2.371694e+03	2.191401e+05
6.199900e-01	2.367099e+05	-4.831820e-02	1.487179e-01	0.000000e+00	-1.039880e+03	2.377498e+05
6.211800e-01	2.085829e+05	-4.849538e-02	1.490332e-01	0.000000e+00	-2.764972e+03	2.113479e+05
6.223700e-01	2.280395e+05	-4.867290e-02	1.493424e-01	0.000000e+00	-2.913999e+03	2.309535e+05
6.235600e-01	2.154736e+05	-4.885081e-02	1.496565e-01	0.000000e+00	-3.663155e+03	2.191367e+05
6.247500e-01	2.067725e+05	-4.902909e-02	1.499555e-01	0.000000e+00	-3.463954e+03	2.102365e+05
6.259400e-01	2.129733e+05	-4.920771e-02	1.502527e-01	0.000000e+00	-2.222294e+03	2.151956e+05
6.271300e-01	2.216089e+05	-4.938669e-02	1.505605e-01	0.000000e+00	-2.107263e+03	2.237162e+05
6.283200e-01	2.283730e+05	-4.956604e-02	1.508792e-01	0.000000e+00	-2.045729e+03	2.304188e+05
6.295100e-01	2.294558e+05	-4.974578e-02	1.512034e-01	0.000000e+00	-2.572404e+03	2.320282e+05
6.307000e-01	2.044339e+05	-4.992590e-02	1.515106e-01	0.000000e+00	-3.958329e+03	2.083922e+05
6.318900e-01	2.075752e+05	-5.010637e-02	1.518024e-01	0.000000e+00	-2.226813e+03	2.098020e+05
6.330800e-01	2.229035e+05	-5.028719e-02	1.521073e-01	0.000000e+00	-2.186432e+03	2.250899e+05
6.342700e-01	2.119706e+05	-5.046839e-02	1.524152e-01	0.000000e+00	-2.457613e+03	2.144282e+05
6.354600e-01	2.313862e+05	-5.064994e-02	1.527292e-01	0.000000e+00	-1.392870e+03	2.327791e+05
6.366500e-01	2.333065e+05	-5.083189e-02	1.530583e-01	0.000000e+00	-1.976179e+03	2.352826e+05
6.378400e-01	2.040682e+05	-5.101422e-02	1.533680e-01	0.000000e+00	-2.420276e+02	2.043103e+05
6.390300e-01	2.300626e+05	-5.119690e-02	1.536755e-01	0.000000e+00	-2.166133e+02	2.302792e+05
6.402200e-01	2.176924e+05	-5.137997e-02	1.539925e-01	0.000000e+00	-3.405750e+03	2.210982e+05
6.414100e-01	2.221438e+05	-5.156340e-02	1.543040e-01	0.000000e+00	-1.419653e+03	2.235634e+05
6.426000e-01	2.202330e+05	-5.174721e-02	1.546173e-01	0.000000e+00	-8.864290e+02	2.211194e+05
6.437900e-01	2.237483e+05	-5.193139e-02	1.549317e-01	0.000000e+00	-2.311078e+03	2.260594e+05
6.449800e-01	2.120876e+05	-5.211595e-02	1.552403e-01	0.000000e+00	-2.791374e+03	2.148790e+05
6.461700e-01	2.004438e+05	-5.230086e-02	1.555325e-01	0.000000e+00	-2.279357e+03	2.027231e+05
6.473600e-01	2.095834e+05	-5.248612e-02	1.558228e-01	0.000000e+00	-2.192239e+02	2.098027e+05
6.485500e-01	2.301370e+05	-5.267172e-02	1.561342e-01	0.000000e+00	-1.859012e+03	2.319960e+05
6.497400e-01	2.187269e+05	-5.285772e-02	1.564521e-01	0.000000e+00	-2.343771e+03	2.210707e+05
6.509300e-01	2.241599e+05	-5.304408e-02	1.567658e-01	0.000000e+00	-3.347934e+03	2.275079e+05
6.521200e-01	2.172270e+05	-5.323082e-02	1.570783e-01	0.000000e+00	-4.503143e+03	2.217302e+05
6.533100e-01	1.949254e+05	-5.341793e-02	1.573702e-01	0.000000e+00	-1.307418e+03	1.962328e+05
6.545000e-01	2.170953e+05	-5.360536e-02	1.576620e-01	0.000000e+00	-4.962218e+02	2.175916e+05
6.556900e-01	2.381641e+05	-5.379316e-02	1.579844e-01	0.000000e+00	-5.285870e+02	2.386927e+05
6.568800e-01	2.434623e+05	-5.398136e-02	1.583254e-01	0.000000e+00	-1.368699e+03	2.448310e+05
6.580700e-01	2.341563e+05	-5.416998e-02	1.586637e-01	0.000000e+00	-2.023002e+03	2.361793e+05
6.592600e-01	2.126923e+05	-5.435898e-02	1.589801e-01	0.000000e+00	-2.306180e+03	2.149985e+05
6.604500e-01	2.395887e+05	-5.454835e-02	1.593004e-01	0.000000e+00	-3.423286e+03	2.430120e+05
6.616400e-01	2.253591e+05	-5.473812e-02	1.596297e-01	0.000000e+00	-3.276787e+03	2.286359e+05
6.628300e-01	2.379418e+05	-5.492827e-02	1.599578e-01	0.000000e+00	-5.085989e+02	2.384504e+05
6.640200e-01	2.244580e+05	-5.511882e-02	1.602852e-01	0.000000e+00	-7.011610e+02	2.251592e+05
6.652100e-01	2.086973e+05	-5.530975e-02	1.605920e-01	0.000000e+00	-1.439171e+03	2.101365e+05
6.664000e-01	2.081461e+05	-5.550103e-02	1.608872e-01	0.000000e+00	-3.851026e+03	2.119971e+05
6.675900e-01	2.099823e+05	-5.569266e-02	1.611833e-01	0.000000e+00	-3.487231e+03	2.134695e+05
6.687800e-01	2.009287e+05	-5.588464e-02	1.614743e-01	0.000000e+00	-8.871359e+02	2.018159e+05
6.699700e-01	2.310593e+05	-5.607697e-02	1.617802e-01	0.000000e+00	-2.538947e+03	2.335982e+05
6.711600e-01	2.128323e+05	-5.626968e-02	1.620945e-01	0.000000e+00	-3.301729e+03	2.161340e+05
6.723500e-01	2.218027e+05	-5.646275e-02	1.624023e-01	0.000000e+00	-2.375203e+03	2.241779e+05
6.735400e-01	2.267557e+05	-5.665620e-02	1.627200e-01	0.000000e+00	-3.979348e+03	2.307351e+05
6.747300e-01	2.102989e+05	-5.685002e-02	1.630295e-01	0.000000e+00	-2.712396e+03	2.130113e+05
6.759200e-01	1.843655e+05	-5.704421e-02	1.633090e-01	0.000000e+00	-2.950671e+03	1.873162e+05
6.771100e-01	2.247333e+05	-5.723870e-02	1.635987e-01	0.000000e+00	-2.610406e+03	2.273437e+05
6.783000e-01	2.146310e+05	-5.743357e-02	1.639098e-01	0.000000e+00	-3.010364e+03	2.176414e+05
6.794900e-01	2.190373e+05	-5.762880e-02	1.642169e-01	0.000000e+00	-2.333687e+03	2.213710e+05
6.806800e-01	2.045348e+05	-5.782441e-02	1.645169e-01	0.000000e+00	-3.787637e+03	2.083224e+05
6.818700e-01	2.180653e+05	-5.802035e-02	1.648162e-01	0.000000e+00	-2.822785e+03	2.208881e+05
6.830600e-01	2.241122e+05	-5.821667e-02	1.651293e-01	0.000000e+00	-1.183160e+03	2.252953e+05
6.842500e-01	2.216306e+05	-5.841336e-02	1.654449e-01	0.000000e+00	-3.046837e+03	2.246774e+05
6.854400e-01	2.141241e+05	-5.861043e-02	1.657535e-01	0.000000e+00	-1.540223e+03	2.156644e+05
6.866300e-01	1.914727e+05	-5.880786e-02	1.660408e-01	0.000000e+00	-5.347325e+02	1.920075e+05
6.878200e-01	1.958334e+05	-5.900561e-02	1.663150e-01	0.000000e+00	-1.155244e+03	1.969886e+05
6.890100e-01	2.154366e+05	-5.920369e-02	1.666063e-01	0.000000e+00	-1.303840e+03	2.167404e+05
6.902000e-01	2.029675e+05	-5.940213e-02	1.669026e-01	0.000000e+00	-5.037941e+03	2.080055e+05
6.913900e-01	2.395865e+05	-5.960091e-02	1.672160e-01	0.000000e+00	-1.746672e+03	2.413331e+05
6.925800e-01	2.376149e+05	-5.980010e-02	1.675539e-01	0.000000e+00	-1.917163e+02	2.378066e+05
6.937700e-01	2.180110e+05	-5.999969e-02	1.678766e-01	0.000000e+00	-2.585105e+03	2.205961e+05
6.949600e-01	2.181968e+05	-6.019965e-02	1.681855e-01	0.000000e+00	-6.974598e+02	2.188942e+05
6.961500e-01	2.344528e+05	-6.039997e-02	1.685060e-01	0.000000e+00	-1.424748e+03	2.358776e+05
6.973400e-01	2.268267e+05	-6.060069e-02	1.688327e-01	0.000000e+00	-1.522498e+03	2.283492e+05
6.985300e-01	2.289681e+05	-6.080180e-02	1.691555e-01	0.000000e+00	-2.011023e+03	2.309791e+05
6.997200e-01	2.057760e+05	-6.100328e-02	1.694633e-01	0.000000e+00	-3.628781e+03	2.094047e+05
7.009100e-01	2.059910e+05	-6.120512e-02	1.697549e-01	0.000000e+00	-5.437117e+02	2.065347e+05
7.021000e-01	2.252503e+05	-6.140730e-02	1.700603e-01	0.000000e+00	-5.005201e+01	2.253004e+05
7.032900e-01	2.267709e+05	-6.160986e-02	1.703804e-01	0.000000e+00	-1.149766e+03	2.279207e+05
7.044800e-01	2.010385e+05	-6.181281e-02	1.706834e-01	0.000000e+00	-4.307357e+03	2.053459e+05
7.056700e-01	2.205963e+05	-6.201609e-02	1.709820e-01	0.000000e+00	-2.365389e+03	2.229617e+05
7.068600e-01	2.064498e+05	-6.221974e-02	1.712844e-01	0.000000e+00	-1.883443e+03	2.083332e+05
7.080500e-01	2.123756e+05	-6.242375e-02	1.715810e-01	0.000000e+00	-5.519887e+02	2.129276e+05
7.092400e-01	2.200097e+05	-6.262811e-02	1.718872e-01	0.000000e+00	-2.792496e+03	2.228022e+05
7.104300e-01	2.388736e+05	-6.283284e-02	1.722122e-01	0.000000e+00	-3.282522e+03	2.421562e+05
7.116200e-01	1.940730e+05	-6.303797e-02	1.725188e-01	0.000000e+00	-3.791122e+03	1.978641e+05
7.128100e-01	2.056009e+05	-6.324343e-02	1.728018e-01	0.000000e+00	-2.681811e+03	2.082828e+05
7.140000e-01	2.239912e+05	-6.344924e-02	1.731060e-01	0.000000e+00	-3.194473e+03	2.271856e+05
7.151900e-01	2.258835e+05	-6.365542e-02	1.734246e-01	0.000000e+00	-7.718180e+01	2.259607e+05
7.163800e-01	2.069870e+05	-6.386199e-02	1.737312e-01	0.000000e+00	-3.253475e+03	2.102405e+05
7.175700e-01	2.220123e+05	-6.406890e-02	1.740350e-01	0.000000e+00	-2.543199e+03	2.245555e+05
7.187600e-01	2.191862e+05	-6.427619e-02	1.743474e-01	0.000000e+00	-2.352660e+03	2.215389e+05
7.199500e-01	2.126092e+05	-6.448385e-02	1.746532e-01	0.000000e+00	-1.581088e+03	2.141903e+05
7.211400e-01	2.017708e+05	-6.469187e-02	1.749466e-01	0.000000e+00	-2.560482e+03	2.043313e+05
7.223300e-01	2.072972e+05	-6.490022e-02	1.752363e-01	0.000000e+00	-3.882150e+03	2.111793e+05
7.235200e-01	2.010855e+05	-6.510893e-02	1.755255e-01	0.000000e+00	-2.923294e+03	2.040088e+05
7.247100e-01	2.132844e+05	-6.531797e-02	1.758190e-01	0.000000e+00	-2.440716e+03	2.157251e+05
7.259000e-01	2.232604e+05	-6.552738e-02	1.761281e-01	0.000000e+00	-1.931416e+03	2.251918e+05
7.270900e-01	2.246452e+05	-6.573716e-02	1.764453e-01	0.000000e+00	-9.503752e+02	2.255956e+05
7.282800e-01	2.056153e+05	-6.594732e-02	1.767500e-01	0.000000e+00	-1.664329e+03	2.072796e+05
7.294700e-01	2.227965e+05	-6.615782e-02	1.770534e-01	0.000000e+00	-2.114842e+03	2.249114e+05
7.306600e-01	2.192364e+05	-6.636871e-02	1.773664e-01	0.000000e+00	-2.774645e+03	2.220111e+05
7.318500e-01	2.164010e+05	-6.657996e-02	1.776749e-01	0.000000e+00	-3.803932e+03	2.202050e+05
7.330400e-01	2.192097e+05	-6.679157e-02	1.779834e-01	0.000000e+00	-9.096000e+02	2.201193e+05
7.342300e-01	2.320468e+05	-6.700356e-02	1.783030e-01	0.000000e+00	-1.950416e+03	2.339972e+05
7.354200e-01	2.337070e+05	-6.721593e-02	1.786328e-01	0.000000e+00	-1.096698e+03	2.348037e+05
7.366100e-01	2.030639e+05	-6.742870e-02	1.789421e-01	0.000000e+00	-2.101376e+03	2.051653e+05
7.378000e-01	2.088750e+05	-6.764182e-02	1.792338e-01	0.000000e+00	-2.986123e+03	2.118611e+05
7.389900e-01	2.111563e+05	-6.785528e-02	1.795313e-01	0.000000e+00	-1.792585e+03	2.129489e+05
7.401800e-01	2.134280e+05	-6.806910e-02	1.798319e-01	0.000000e+00	-3.252163e+03	2.166802e+05
7.413700e-01	2.266101e+05	-6.828328e-02	1.801436e-01	0.000000e+00	-2.288010e+03	2.288982e+05
7.425600e-01	2.324582e+05	-6.849784e-02	1.804687e-01	0.000000e+00	-1.471501e+03	2.339297e+05
7.437500e-01	2.254981e+05	-6.871279e-02	1.807930e-01	0.000000e+00	-1.120282e+03	2.266183e+05
7.449400e-01	2.075682e+05	-6.892813e-02	1.810996e-01	0.000000e+00	-1.394539e+03	2.089627e+05
7.461300e-01	2.117733e+05	-6.914381e-02	1.813966e-01	0.000000e+00	-2.451065e+02	2.120184e+05
7.473200e-01	2.216055e+05	-6.935985e-02	1.817035e-01	0.000000e+00	-2.100053e+03	2.237056e+05
7.485100e-01	2.135855e+05	-6.957627e-02	1.820117e-01	0.000000e+00	-2.072726e+03	2.156582e+05
7.497000e-01	2.236700e+05	-6.979304e-02	1.823214e-01	0.000000e+00	-2.458216e+03	2.261282e+05
7.508900e-01	2.105333e+05	-7.001019e-02	1.826288e-01	0.000000e+00	-2.094082e+03	2.126274e+05
7.520800e-01	2.367792e+05	-7.022770e-02	1.829456e-01	0.000000e+00	-1.025288e+03	2.378045e+05
7.532700e-01	2.107308e+05	-7.044560e-02	1.832625e-01	0.000000e+00	-1.226810e+03	2.119576e+05
7.544600e-01	2.308560e+05	-7.066386e-02	1.835752e-01	0.000000e+00	-3.806493e+03	2.346625e+05
7.556500e-01	2.212879e+05	-7.088251e-02	1.838954e-01	0.000000e+00	-4.214748e+03	2.255027e+05
7.568400e-01	2.365507e+05	-7.110153e-02	1.842197e-01	0.000000e+00	-1.169652e+03	2.377204e+05
7.580300e-01	2.045506e+05	-7.132095e-02	1.845320e-01	0.000000e+00	0.000000e+00	2.045506e+05
7.592200e-01	2.194940e+05	-7.154072e-02	1.848323e-01	0.000000e+00	-1.666447e+02	2.196607e+05
7.604100e-01	2.223894e+05	-7.176085e-02	1.851452e-01	0.000000e+00	-2.056589e+03	2.244460e+05
7.616000e-01	2.248907e+05	-7.198136e-02	1.854620e-01	0.000000e+00	-4.435182e+03	2.293258e+05
7.627900e-01	2.130844e+05	-7.220225e-02	1.857722e-01	0.000000e+00	-1.659675e+03	2.147441e+05
7.639800e-01	2.159454e+05	-7.242350e-02	1.860760e-01	0.000000e+00	-2.535249e+03	2.184807e+05
7.651700e-01	2.453335e+05	-7.264511e-02	1.864026e-01	0.000000e+00	-1.584977e+03	2.469184e+05
7.663600e-01	2.189793e+05	-7.286714e-02	1.867314e-01	0.000000e+00	-2.703369e+03	2.216827e+05
7.675500e-01	2.337216e+05	-7.308954e-02	1.870520e-01	0.000000e+00	-3.054087e+03	2.367757e+05
7.687400e-01	2.473523e+05	-7.331232e-02	1.873927e-01	0.000000e+00	-2.409678e+03	2.497620e+05
7.699300e-01	2.148550e+05	-7.353553e-02	1.877200e-01	0.000000e+00	-1.749375e+03	2.166044e+05
7.711200e-01	2.167301e+05	-7.375910e-02	1.880257e-01	0.000000e+00	-2.756435e+03	2.194866e+05
7.723100e-01	2.343607e+05	-7.398303e-02	1.883451e-01	0.000000e+00	-5.297024e+03	2.396577e+05
7.735000e-01	2.232002e+05	-7.420736e-02	1.886691e-01	0.000000e+00	-3.356982e+03	2.265572e+05
7.746900e-01	2.408980e+05	-7.443206e-02	1.889978e-01	0.000000e+00	-3.266071e+03	2.441641e+05
7.758800e-01	2.253705e+05	-7.465717e-02	1.893280e-01	0.000000e+00	-3.543545e+03	2.289140e+05
7.770700e-01	2.216214e+05	-7.488266e-02	1.896445e-01	0.000000e+00	-2.002677e+03	2.236241e+05
7.782600e-01	2.363747e+05	-7.510853e-02	1.899689e-01	0.000000e+00	-2.795832e+02	2.366543e+05
7.794500e-01	2.255080e+05	-7.533479e-02	1.902960e-01	0.000000e+00	-1.287250e+03	2.267953e+05
7.806400e-01	2.447272e+05	-7.556143e-02	1.906290e-01	0.000000e+00	-1.203626e+03	2.459308e+05
7.818300e-01	2.275905e+05	-7.578849e-02	1.909634e-01	0.000000e+00	-4.057074e+03	2.316476e+05
7.830200e-01	2.157055e+05	-7.601593e-02	1.912774e-01	0.000000e+00	-4.064897e+03	2.197704e+05
7.842100e-01	2.008684e+05	-7.624373e-02	1.915724e-01	0.000000e+00	-2.698101e+03	2.035665e+05
7.854000e-01	2.163000e+05	-7.647187e-02	1.918678e-01	0.000000e+00	-1.657118e+03	2.179571e+05
7.865900e-01	2.257538e+05	-7.670037e-02	1.921808e-01	0.000000e+00	-1.740687e+03	2.274945e+05
7.877800e-01	2.310853e+05	-7.692926e-02	1.925044e-01	0.000000e+00	-1.643100e+02	2.312496e+05
7.889700e-01	2.244593e+05	-7.715853e-02	1.928270e-01	0.000000e+00	-1.681379e+03	2.261407e+05
7.901600e-01	2.243611e+05	-7.738819e-02	1.931448e-01	0.000000e+00	-2.071983e+03	2.264330e+05
7.913500e-01	2.218565e+05	-7.761822e-02	1.934608e-01	0.000000e+00	-1.839278e+03	2.236958e+05
7.925400e-01	2.097932e+05	-7.784862e-02	1.937665e-01	0.000000e+00	-8.558612e+02	2.106491e+05
7.937300e-01	1.977189e+05	-7.807938e-02	1.940551e-01	0.000000e+00	-1.674068e+03	1.993930e+05
7.949200e-01	2.160070e+05	-7.831047e-02	1.943481e-01	0.000000e+00	-2.144523e+02	2.162215e+05
7.961100e-01	2.070725e+05	-7.854193e-02	1.946477e-01	0.000000e+00	-1.826846e+03	2.088993e+05
7.973000e-01	2.358119e+05	-7.877374e-02	1.949613e-01	0.000000e+00	-1.255648e+03	2.370675e+05
7.984900e-01	2.424495e+05	-7.900594e-02	1.953000e-01	0.000000e+00	-2.283280e+03	2.447328e+05
7.996800e-01	2.371322e+05	-7.923855e-02	1.956396e-01	0.000000e+00	-2.976599e+03	2.401088e+05
8.008700e-01	2.346073e+05	-7.947156e-02	1.959737e-01	0.000000e+00	-3.333916e+03	2.379412e+05
8.020600e-01	2.269052e+05	-7.970497e-02	1.963005e-01	0.000000e+00	-2.182201e+03	2.290874e+05
8.032500e-01	2.225076e+05	-7.993876e-02	1.966188e-01	0.000000e+00	-1.794119e+03	2.243017e+05
8.044400e-01	2.105801e+05	-8.017292e-02	1.969255e-01	0.000000e+00	-3.616355e+03	2.141964e+05
8.056300e-01	2.457339e+05	-8.040744e-02	1.972486e-01	0.000000e+00	-2.013282e+03	2.477472e+05
8.068200e-01	2.174994e+05	-8.064237e-02	1.975766e-01	0.000000e+00	-1.696388e+03	2.191958e+05
8.080100e-01	2.230137e+05	-8.087767e-02	1.978886e-01	0.000000e+00	-1.460765e+03	2.244745e+05
8.092000e-01	2.137753e+05	-8.111335e-02	1.981979e-01	0.000000e+00	-1.580494e+03	2.153558e+05
8.103900e-01	2.219177e+05	-8.134938e-02	1.985065e-01	0.000000e+00	-3.771450e+02	2.222948e+05
8.115800e-01	2.095626e+05	-8.158579e-02	1.988120e-01	0.000000e+00	-2.022532e+03	2.115851e+05
8.127700e-01	2.382787e+05	-8.182255e-02	1.991292e-01	0.000000e+00	-1.864325e+03	2.401431e+05
8.139600e-01	2.491024e+05	-8.205972e-02	1.994743e-01	0.000000e+00	-1.252579e+03	2.503550e+05
8.151500e-01	2.360616e+05	-8.229730e-02	1.998179e-01	0.000000e+00	-1.007565e+03	2.370692e+05
8.163400e-01	2.248356e+05	-8.253529e-02	2.001443e-01	0.000000e+00	-6.668149e+02	2.255024e+05
8.175300e-01	2.215412e+05	-8.277365e-02	2.004604e-01	0.000000e+00	-1.060919e+03	2.226021e+05
8.187200e-01	2.228191e+05	-8.301238e-02	2.007751e-01	0.000000e+00	-8.936811e+02	2.237128e+05
8.199100e-01	2.411456e+05	-8.325149e-02	2.011036e-01	0.000000e+00	-9.426028e+02	2.420882e+05
8.211000e-01	2.366984e+05	-8.349101e-02	2.014420e-01	0.000000e+00	-1.507389e+03	2.382057e+05
8.222900e-01	2.392741e+05	-8.373092e-02	2.017791e-01	0.000000e+00	-1.114700e+03	2.403888e+05
8.234800e-01	2.221760e+05	-8.397124e-02	2.021059e-01	0.000000e+00	-7.656511e+02	2.229416e+05
8.246700e-01	2.339593e+05	-8.421194e-02	2.024289e-01	0.000000e+00	-1.744907e+03	2.357042e+05
8.258600e-01	2.313583e+05	-8.445302e-02	2.027584e-01	0.000000e+00	-1.207873e+03	2.325662e+05
8.270500e-01	1.971409e+05	-8.469450e-02	2.030619e-01	0.000000e+00	-1.626767e+03	1.987676e+05
8.282400e-01	2.152394e+05	-8.493631e-02	2.033539e-01	0.000000e+00	-9.590097e+02	2.161984e+05
8.294300e-01	2.216898e+05	-8.517848e-02	2.036633e-01	0.000000e+00	-9.350515e+02	2.226249e+05
8.306200e-01	2.211687e+05	-8.542103e-02	2.039769e-01	0.000000e+00	-1.460125e+03	2.226288e+05
8.318100e-01	2.287283e+05	-8.566395e-02	2.042955e-01	0.000000e+00	-1.273145e+03	2.300014e+05
8.330000e-01	2.195445e+05	-8.590725e-02	2.046130e-01	0.000000e+00	-1.146049e+03	2.206905e+05
8.341900e-01	2.051435e+05	-8.615093e-02	2.049137e-01	0.000000e+00	-2.068305e+03	2.072118e+05
8.353800e-01	2.240407e+05	-8.639495e-02	2.052177e-01	0.000000e+00	-7.303786e+02	2.247711e+05
8.365700e-01	2.262648e+05	-8.663934e-02	2.055366e-01	0.000000e+00	-1.444065e+03	2.277088e+05
8.377600e-01	2.377171e+05	-8.688412e-02	2.058651e-01	0.000000e+00	-1.811730e+03	2.395288e+05
8.389500e-01	2.142376e+05	-8.712930e-02	2.061852e-01	0.000000e+00	-6.947355e+02	2.149324e+05
8.401400e-01	2.159131e+05	-8.737484e-02	2.064898e-01	0.000000e+00	-1.617946e+03	2.175310e+05
8.413300e-01	2.025740e+05	-8.762075e-02	2.067862e-01	0.000000e+00	-2.227424e+03	2.048014e+05
8.425200e-01	2.174243e+05	-8.786700e-02	2.070836e-01	0.000000e+00	-3.338855e+03	2.207632e+05
8.437100e-01	2.112164e+05	-8.811361e-02	2.073871e-01	0.000000e+00	-1.782318e+03	2.129987e+05
8.449000e-01	2.238678e+05	-8.836058e-02	2.076953e-01	0.000000e+00	-1.626227e+03	2.254940e+05
8.460900e-01	2.296222e+05	-8.860792e-02	2.080164e-01	0.000000e+00	-7.173242e+02	2.303395e+05
8.472800e-01	2.433252e+05	-8.885566e-02	2.083513e-01	0.000000e+00	-1.942965e+03	2.452681e+05
8.484700e-01	2.271126e+05	-8.910380e-02	2.086845e-01	0.000000e+00	-1.441067e+03	2.285537e+05
8.496600e-01	2.118389e+05	-8.935233e-02	2.089953e-01	0.000000e+00	-2.403664e+03	2.142425e+05
8.508500e-01	2.136524e+05	-8.960121e-02	2.092966e-01	0.000000e+00	-1.462583e+03	2.151149e+05
8.520400e-01	2.245525e+05	-8.985045e-02	2.096070e-01	0.000000e+00	-2.697067e+03	2.272495e+05
8.532300e-01	2.306421e+05	-9.010007e-02	2.099293e-01	0.000000e+00	-1.976553e+03	2.326187e+05
8.544200e-01	2.239087e+05	-9.035008e-02	2.102512e-01	0.000000e+00	-1.285515e+02	2.240372e+05
8.556100e-01	2.147954e+05	-9.060047e-02	2.105619e-01	0.000000e+00	-7.117847e+02	2.155072e+05
8.568000e-01	2.221523e+05	-9.085122e-02	2.108713e-01	0.000000e+00	-1.230761e+03	2.233831e+05
8.579900e-01	2.277031e+05	-9.110234e-02	2.111899e-01	0.000000e+00	-1.183556e+03	2.288866e+05
8.591800e-01	2.255009e+05	-9.135385e-02	2.115108e-01	0.000000e+00	-1.787364e+03	2.272883e+05
8.603700e-01	2.303314e+05	-9.160574e-02	2.118336e-01	0.000000e+00	-2.150575e+03	2.324820e+05
8.615600e-01	2.325134e+05	-9.185802e-02	2.121614e-01	0.000000e+00	-1.993758e+03	2.345072e+05
8.627500e-01	2.216773e+05	-9.211068e-02	2.124830e-01	0.000000e+00	-6.450203e+02	2.223224e+05
8.639400e-01	2.150561e+05	-9.236373e-02	2.127923e-01	0.000000e+00	-2.980269e+03	2.180364e+05
8.651300e-01	2.576327e+05	-9.261713e-02	2.131271e-01	0.000000e+00	-3.631638e+03	2.612644e+05
8.663200e-01	2.217479e+05	-9.287097e-02	2.134666e-01	0.000000e+00	-1.299884e+03	2.230478e+05
8.675100e-01	2.267852e+05	-9.312518e-02	2.137842e-01	0.000000e+00	-2.224363e+03	2.290096e+05
8.687000e-01	2.128290e+05	-9.337977e-02	2.140955e-01	0.000000e+00	-2.279410e+03	2.151084e+05
8.698900e-01	2.159927e+05	-9.363473e-02	2.143992e-01	0.000000e+00	-2.514233e+03	2.185069e+05
8.710800e-01	2.185864e+05	-9.389004e-02	2.147069e-01	0.000000e+00	-2.100955e+03	2.206873e+05
8.722700e-01	2.498378e+05	-9.414573e-02	2.150387e-01	0.000000e+00	-1.409360e+03	2.512471e+05
8.734600e-01	2.302222e+05	-9.440184e-02	2.153786e-01	0.000000e+00	-2.999468e+02	2.305222e+05
8.746500e-01	2.246488e+05	-9.465833e-02	2.157007e-01	0.000000e+00	0.000000e+00	2.246488e+05
8.758400e-01	2.349807e+05	-9.491520e-02	2.160262e-01	0.000000e+00	-1.435972e+03	2.364167e+05
8.770300e-01	2.245687e+05	-9.517247e-02	2.163517e-01	0.000000e+00	-1.081071e+03	2.256498e+05
8.782200e-01	1.929123e+05	-9.543012e-02	2.166473e-01	0.000000e+00	-8.443013e+02	1.937566e+05
8.794100e-01	2.298513e+05	-9.568809e-02	2.169467e-01	0.000000e+00	-1.624156e+03	2.314755e+05
8.806000e-01	2.222085e+05	-9.594645e-02	2.172668e-01	0.000000e+00	-9.240184e+02	2.231325e+05
8.817900e-01	2.148305e+05	-9.620519e-02	2.175763e-01	0.000000e+00	-8.131700e+02	2.156437e+05
8.829800e-01	2.312027e+05	-9.646429e-02	2.178922e-01	0.000000e+00	-6.315311e+02	2.318342e+05
8.841700e-01	2.646249e+05	-9.672377e-02	2.182433e-01	0.000000e+00	-2.113629e+03	2.667385e+05
8.853600e-01	2.212393e+05	-9.698371e-02	2.185874e-01	0.000000e+00	-1.670513e+03	2.229098e+05
8.865500e-01	2.129151e+05	-9.724401e-02	2.188948e-01	0.000000e+00	-7.511803e+02	2.136662e+05
8.877400e-01	2.362798e+05	-9.750468e-02	2.192130e-01	0.000000e+00	-1.260014e+03	2.375398e+05
8.889300e-01	2.215334e+05	-9.776574e-02	2.195372e-01	0.000000e+00	-2.089680e+03	2.236230e+05
8.901200e-01	2.367772e+05	-9.802717e-02	2.198617e-01	0.000000e+00	-1.799593e+03	2.385768e+05
8.913100e-01	2.182134e+05	-9.828901e-02	2.201839e-01	0.000000e+00	-2.939508e+03	2.211529e+05
8.925000e-01	2.329769e+05	-9.855121e-02	2.205034e-01	0.000000e+00	-2.879817e+03	2.358567e+05
8.936900e-01	2.240288e+05	-9.881381e-02	2.208271e-01	0.000000e+00	-2.865989e+03	2.268948e+05
8.948800e-01	2.306170e+05	-9.907678e-02	2.211490e-01	0.000000e+00	-1.997163e+03	2.326141e+05
8.960700e-01	2.285368e+05	-9.934014e-02	2.214742e-01	0.000000e+00	-7.387375e+02	2.292755e+05
8.972600e-01	2.395625e+05	-9.960389e-02	2.218057e-01	0.000000e+00	-1.113838e+02	2.396738e+05
8.984500e-01	2.384714e+05	-9.986804e-02	2.221442e-01	0.000000e+00	-9.127797e+02	2.393841e+05
8.996400e-01	2.278117e+05	-1.001326e-01	2.224744e-01	0.000000e+00	-1.353005e+03	2.291647e+05
9.008300e-01	2.160822e+05	-1.003975e-01	2.227888e-01	0.000000e+00	-2.509850e+03	2.185920e+05
9.020200e-01	2.230083e+05	-1.006628e-01	2.230997e-01	0.000000e+00	-1.732462e+03	2.247408e+05
9.032100e-01	2.356788e+05	-1.009285e-01	2.234245e-01	0.000000e+00	-4.923516e+02	2.361712e+05
9.044000e-01	2.158293e+05	-1.011946e-01	2.237443e-01	0.000000e+00	-2.295014e+03	2.181243e+05
9.055900e-01	2.187962e+05	-1.014610e-01	2.240521e-01	0.000000e+00	-1.842113e+03	2.206383e+05
9.067800e-01	2.430980e+05	-1.017278e-01	2.243792e-01	0.000000e+00	-7.094003e+02	2.438074e+05
9.079700e-01	2.373497e+05	-1.019950e-01	2.247194e-01	0.000000e+00	-1.634468e+03	2.389842e+05
9.091600e-01	2.243513e+05	-1.022627e-01	2.250464e-01	0.000000e+00	-2.810533e+03	2.271618e+05
9.103500e-01	2.252985e+05	-1.025306e-01	2.253648e-01	0.000000e+00	-1.572170e+03	2.268707e+05
9.115400e-01	2.293405e+05	-1.027990e-01	2.256868e-01	0.000000e+00	-7.790293e+02	2.301196e+05
9.127300e-01	2.099216e+05	-1.030678e-01	2.259978e-01	0.000000e+00	-2.147119e+03	2.120687e+05
9.139200e-01	2.221599e+05	-1.033369e-01	2.263038e-01	0.000000e+00	-5.826943e+02	2.227426e+05
9.151100e-01	2.232630e+05	-1.036064e-01	2.266192e-01	0.000000e+00	-8.657070e+02	2.241287e+05
9.163000e-01	2.290875e+05	-1.038763e-01	2.269396e-01	0.000000e+00	-7.087450e+02	2.297962e+05
9.174900e-01	2.280819e+05	-1.041465e-01	2.272633e-01	0.000000e+00	-2.358677e+03	2.304406e+05
9.186800e-01	2.318847e+05	-1.044171e-01	2.275891e-01	0.000000e+00	-2.070023e+03	2.339547e+05
9.198700e-01	2.177619e+05	-1.046882e-01	2.279075e-01	0.000000e+00	-5.282910e+02	2.182902e+05
9.210600e-01	2.215314e+05	-1.049596e-01	2.282186e-01	0.000000e+00	-2.251813e+03	2.237832e+05
9.222500e-01	2.355649e+05	-1.052313e-01	2.285423e-01	0.000000e+00	-5.252827e+02	2.360902e+05
9.234400e-01	2.135416e+05	-1.055035e-01	2.288603e-01	0.000000e+00	-2.797931e+03	2.163395e+05
9.246300e-01	2.156290e+05	-1.057760e-01	2.291642e-01	0.000000e+00	-9.743216e+02	2.166034e+05
9.258200e-01	2.045978e+05	-1.060489e-01	2.294618e-01	0.000000e+00	-6.786271e+02	2.052764e+05
9.270100e-01	2.110303e+05	-1.063221e-01	2.297562e-01	0.000000e+00	-4.075796e+02	2.114378e+05
9.282000e-01	2.168553e+05	-1.065957e-01	2.300592e-01	0.000000e+00	-1.433591e+03	2.182889e+05
9.293900e-01	2.288558e+05	-1.068697e-01	2.303748e-01	0.000000e+00	-2.406655e+03	2.312625e+05
9.305800e-01	2.356611e+05	-1.071440e-01	2.307038e-01	0.000000e+00	-5.012291e+02	2.361624e+05
9.317700e-01	2.334750e+05	-1.074187e-01	2.310360e-01	0.000000e+00	-1.262242e+03	2.347373e+05
9.329600e-01	2.313758e+05	-1.076939e-01	2.313652e-01	0.000000e+00	-8.263187e+02	2.322021e+05
9.341500e-01	2.436164e+05	-1.079694e-01	2.317016e-01	0.000000e+00	-3.212261e+03	2.468287e+05
9.353400e-01	2.248216e+05	-1.082453e-01	2.320333e-01	0.000000e+00	-1.833937e+03	2.266555e+05
9.365300e-01	2.259026e+05	-1.085216e-01	2.323525e-01	0.000000e+00	-4.260102e+01	2.259452e+05
9.377200e-01	2.242163e+05	-1.087983e-01	2.326712e-01	0.000000e+00	-5.983921e+02	2.248147e+05
9.389100e-01	2.148172e+05	-1.090754e-01	2.329821e-01	0.000000e+00	-1.082280e+03	2.158995e+05
9.401000e-01	2.111605e+05	-1.093528e-01	2.332838e-01	0.000000e+00	-6.763637e+02	2.118368e+05
9.412900e-01	2.317708e+05	-1.096306e-01	2.335975e-01	0.000000e+00	-2.223198e+03	2.339940e+05
9.424800e-01	2.316515e+05	-1.099088e-01	2.339257e-01	0.000000e+00	-1.781718e+03	2.334332e+05
9.436700e-01	2.116667e+05	-1.101874e-01	2.342396e-01	0.000000e+00	-1.856838e+03	2.135235e+05
9.448600e-01	2.335696e+05	-1.104663e-01	2.345549e-01	0.000000e+00	-2.715910e+03	2.362855e+05
9.460500e-01	2.256144e+05	-1.107456e-01	2.348801e-01	0.000000e+00	-1.582684e+03	2.271970e+05
9.472400e-01	2.526759e+05	-1.110253e-01	2.352188e-01	0.000000e+00	-9.279933e+02	2.536039e+05
9.484300e-01	2.439871e+05	-1.113054e-01	2.355705e-01	0.000000e+00	-1.525021e+02	2.441396e+05
9.496200e-01	2.423047e+05	-1.115859e-01	2.359149e-01	0.000000e+00	-1.283106e+03	2.435878e+05
9.508100e-01	2.276820e+05	-1.118669e-01	2.362477e-01	0.000000e+00	-8.819511e+02	2.285639e+05
9.520000e-01	2.289121e+05	-1.121482e-01	2.365711e-01	0.000000e+00	-2.135715e+03	2.310478e+05
9.531900e-01	2.285595e+05	-1.124299e-01	2.368950e-01	0.000000e+00	-1.765112e+03	2.303246e+05
9.543800e-01	2.201547e+05	-1.127120e-01	2.372128e-01	0.000000e+00	-1.128690e+03	2.212834e+05
9.555700e-01	2.313372e+05	-1.129945e-01	2.375325e-01	0.000000e+00	-5.029912e+02	2.318402e+05
9.567600e-01	2.268680e+05	-1.132774e-01	2.378570e-01	0.000000e+00	-8.940107e+02	2.277620e+05
9.579500e-01	2.290929e+05	-1.135606e-01	2.381799e-01	0.000000e+00	-1.698743e+03	2.307917e+05
9.591400e-01	2.589360e+05	-1.138442e-01	2.385255e-01	0.000000e+00	-8.184330e+02	2.597544e+05
9.603300e-01	2.340858e+05	-1.141283e-01	2.388746e-01	0.000000e+00	-1.530115e+03	2.356159e+05
9.615200e-01	2.052565e+05	-1.144127e-01	2.391858e-01	0.000000e+00	-3.563583e+03	2.088201e+05
9.627100e-01	2.124822e+05	-1.146975e-01	2.394816e-01	0.000000e+00	-9.481871e+02	2.134304e+05
9.639000e-01	2.282779e+05	-1.149827e-01	2.397937e-01	0.000000e+00	-2.302441e+03	2.305803e+05
9.650900e-01	2.316579e+05	-1.152683e-01	2.401194e-01	0.000000e+00	-1.324727e+03	2.329826e+05
9.662800e-01	2.205648e+05	-1.155542e-01	2.404397e-01	0.000000e+00	-7.653996e+02	2.213302e+05
9.674700e-01	2.093304e+05	-1.158405e-01	2.407441e-01	0.000000e+00	-1.019861e+03	2.103502e+05
9.686600e-01	2.089168e+05	-1.161272e-01	2.410403e-01	0.000000e+00	-1.373331e+03	2.102901e+05
9.698500e-01	1.996355e+05	-1.164142e-01	2.413296e-01	0.000000e+00	-2.201487e+03	2.018370e+05
9.710400e-01	2.029772e+05	-1.167015e-01	2.416147e-01	0.000000e+00	-3.125923e+03	2.061032e+05
9.722300e-01	2.124439e+05	-1.169892e-01	2.419089e-01	0.000000e+00	-2.016912e+03	2.144608e+05
9.734200e-01	2.162712e+05	-1.172773e-01	2.422125e-01	0.000000e+00	-1.797926e+03	2.180691e+05
9.746100e-01	2.116568e+05	-1.175657e-01	2.425156e-01	0.000000e+00	-2.000061e+03	2.136569e+05
9.758000e-01	2.209494e+05	-1.178545e-01	2.428219e-01	0.000000e+00	-1.115245e+03	2.220646e+05
9.769900e-01	2.363475e+05	-1.181436e-01	2.431458e-01	0.000000e+00	-7.684770e+02	2.371159e+05
9.781800e-01	2.126738e+05	-1.184331e-01	2.434638e-01	0.000000e+00	-1.173203e+03	2.138470e+05
9.793700e-01	2.277723e+05	-1.187230e-01	2.437757e-01	0.000000e+00	-3.673307e+02	2.281396e+05
9.805600e-01	2.400114e+05	-1.190133e-01	2.441069e-01	0.000000e+00	-8.476725e+01	2.400962e+05
9.817500e-01	2.175882e+05	-1.193040e-01	2.444310e-01	0.000000e+00	-1.290323e+03	2.188785e+05
9.829400e-01	2.288137e+05	-1.195951e-01	2.447471e-01	0.000000e+00	-1.424726e+03	2.302384e+05
9.841300e-01	2.337505e+05	-1.198865e-01	2.450747e-01	0.000000e+00	-1.905417e+03	2.356559e+05
9.853200e-01	2.333493e+05	-1.201784e-01	2.454055e-01	0.000000e+00	-2.829331e+03	2.361786e+05
9.865100e-01	2.148061e+05	-1.204706e-01	2.457228e-01	0.000000e+00	-2.295230e+03	2.171013e+05
9.877000e-01	2.167771e+05	-1.207632e-01	2.460285e-01	0.000000e+00	-5.508585e+02	2.173280e+05
9.888900e-01	2.321395e+05	-1.210561e-01	2.463464e-01	0.000000e+00	-1.652090e+03	2.337916e+05
9.900800e-01	2.284535e+05	-1.213495e-01	2.466725e-01	0.000000e+00	-1.074296e+03	2.295278e+05
9.912700e-01	2.274558e+05	-1.216432e-01	2.469954e-01	0.000000e+00	-1.038444e+03	2.284943e+05
9.924600e-01	2.249048e+05	-1.219373e-01	2.473158e-01	0.000000e+00	-9.257037e+02	2.258305e+05
9.936500e-01	2.398951e+05	-1.222318e-01	2.476449e-01	0.000000e+00	-6.569858e+02	2.405521e+05
9.948400e-01	2.253365e+05	-1.225267e-01	2.479744e-01	0.000000e+00	-1.210817e+03	2.265473e+05
9.960300e-01	2.234919e+05	-1.228220e-01	2.482922e-01	0.000000e+00	-3.203868e+03	2.266957e+05
9.972200e-01	1.999160e+05	-1.231177e-01	2.485921e-01	0.000000e+00	-8.655455e+02	2.007815e+05
9.984100e-01	2.142522e+05	-1.234137e-01	2.488854e-01	0.000000e+00	-1.496687e+03	2.157489e+05
9.996000e-01	2.350512e+05	-1.237100e-01	2.492035e-01	0.000000e+00	-1.326343e+03	2.363775e+05
1.000790e+00	2.075327e+05	-1.240068e-01	2.495170e-01	0.000000e+00	-1.378651e+03	2.089114e+05
1.001980e+00	1.940905e+05	-1.243039e-01	2.498014e-01	0.000000e+00	-1.732747e+03	1.958233e+05
1.003170e+00	2.291302e+05	-1.246013e-01	2.501011e-01	0.000000e+00	-2.921375e+03	2.320515e+05
1.004360e+00	2.440763e+05	-1.248991e-01	2.504362e-01	0.000000e+00	-6.937108e+02	2.447701e+05
1.005550e+00	2.278159e+05	-1.251973e-01	2.507704e-01	0.000000e+00	-2.021176e+03	2.298371e+05
1.006740e+00	2.181938e+05	-1.254959e-01	2.510862e-01	0.000000e+00	-5.896771e+02	2.187835e+05
1.007930e+00	2.309041e+05	-1.257949e-01	2.514043e-01	0.000000e+00	-8.343573e+02	2.317384e+05
1.009120e+00	2.185675e+05	-1.260943e-01	2.517226e-01	0.000000e+00	-1.898971e+03	2.204665e+05
1.010310e+00	2.351093e+05	-1.263940e-01	2.520438e-01	0.000000e+00	-1.414821e+03	2.365241e+05
1.011500e+00	2.226833e+05	-1.266941e-01	2.523680e-01	0.000000e+00	-2.519828e+03	2.252032e+05
1.012690e+00	2.349951e+05	-1.269946e-01	2.526921e-01	0.000000e+00	-7.747950e+02	2.357699e+05
1.013880e+00	2.322146e+05	-1.272955e-01	2.530230e-01	0.000000e+00	-1.413149e+03	2.336277e+05
1.015070e+00	2.326130e+05	-1.275968e-01	2.533522e-01	0.000000e+00	-8.324523e+02	2.334455e+05
1.016260e+00	2.261340e+05	-1.278985e-01	2.536770e-01	0.000000e+00	-2.120074e+03	2.282540e+05
1.017450e+00	2.142174e+05	-1.282006e-01	2.539889e-01	0.000000e+00	-1.998870e+03	2.162162e+05
1.018640e+00	2.330056e+05	-1.285030e-01	2.543056e-01	0.000000e+00	-1.570253e+03	2.345759e+05
1.019830e+00	2.380234e+05	-1.288058e-01	2.546392e-01	0.000000e+00	-1.940293e+03	2.399637e+05
1.021020e+00	2.295842e+05	-1.291091e-01	2.549703e-01	0.000000e+00	-1.007671e+03	2.305918e+05
1.022210e+00	2.230543e+05	-1.294127e-01	2.552908e-01	0.000000e+00	-1.122612e+03	2.241769e+05
1.023400e+00	2.340628e+05	-1.297167e-01	2.556146e-01	0.000000e+00	-3.242600e+02	2.343871e+05
1.024590e+00	2.249894e+05	-1.300210e-01	2.559396e-01	0.000000e+00	0.000000e+00	2.249894e+05
1.025780e+00	2.082714e+05	-1.303258e-01	2.562465e-01	0.000000e+00	0.000000e+00	2.082714e+05
1.026970e+00	2.405105e+05	-1.306309e-01	2.565643e-01	0.000000e+00	0.000000e+00	2.405105e+05
1.028160e+00	2.139536e+05	-1.309364e-01	2.568861e-01	0.000000e+00	-5.987938e+00	2.139596e+05
1.029350e+00	2.259165e+05	-1.312423e-01	2.571976e-01	0.000000e+00	-2.364016e+03	2.282805e+05
1.030540e+00	2.487330e+05	-1.315485e-01	2.575337e-01	0.000000e+00	-1.875877e+03	2.506088e+05
1.031730e+00	2.410429e+05	-1.318552e-01	2.578806e-01	0.000000e+00	-1.302229e+03	2.423451e+05
1.032920e+00	2.041939e+05	-1.321623e-01	2.581959e-01	0.000000e+00	-1.066781e+03	2.052607e+05
1.034110e+00	2.175767e+05	-1.324697e-01	2.584946e-01	0.000000e+00	-1.073046e+03	2.186497e+05
1.035300e+00	2.297846e+05	-1.327775e-01	2.588114e-01	0.000000e+00	-7.860760e+02	2.305707e+05
1.036490e+00	2.258106e+05	-1.330857e-01	2.591340e-01	0.000000e+00	-1.525610e+03	2.273362e+05
1.037680e+00	2.255547e+05	-1.333943e-01	2.594536e-01	0.000000e+00	-8.441000e+01	2.256391e+05
1.038870e+00	2.226015e+05	-1.337032e-01	2.597710e-01	0.000000e+00	-1.249112e+02	2.227265e+05
1.040060e+00	2.509839e+05	-1.340125e-01	2.601064e-01	0.000000e+00	-1.555761e+03	2.525397e+05
1.041250e+00	2.640127e+05	-1.343222e-01	2.604711e-01	0.000000e+00	-6.620309e+02	2.646748e+05
1.042440e+00	2.296871e+05	-1.346324e-01	2.608207e-01	0.000000e+00	-8.754006e+02	2.305625e+05
1.043630e+00	2.210953e+05	-1.349430e-01	2.611399e-01	0.000000e+00	-9.835768e+02	2.220789e+05
1.044820e+00	2.278969e+05	-1.352539e-01	2.614579e-01	0.000000e+00	-7.091095e+02	2.286060e+05
1.046010e+00	2.232887e+05	-1.355653e-01	2.617774e-01	0.000000e+00	-4.033936e+02	2.236920e+05
1.047200e+00	2.323976e+05	-1.358770e-01	2.621001e-01	0.000000e+00	-1.575753e+03	2.339733e+05
1.048390e+00	2.380046e+05	-1.361891e-01	2.624332e-01	0.000000e+00	-1.437202e+03	2.394418e+05
1.049580e+00	2.320602e+05	-1.365016e-01	2.627661e-01	0.000000e+00	-1.718061e+03	2.337782e+05
1.050770e+00	2.291080e+05	-1.368145e-01	2.630927e-01	0.000000e+00	-1.719506e+03	2.308275e+05
1.051960e+00	2.364525e+05	-1.371277e-01	2.634224e-01	0.000000e+00	0.000000e+00	2.364525e+05
1.053150e+00	2.167772e+05	-1.374414e-01	2.637434e-01	0.000000e+00	-1.243665e+03	2.180209e+05
1.054340e+00	2.352732e+05	-1.377554e-01	2.640635e-01	0.000000e+00	-9.605779e+02	2.362338e+05
1.055530e+00	2.324693e+05	-1.380699e-01	2.643947e-01	0.000000e+00	-1.157101e+03	2.336264e+05
1.056720e+00	2.389304e+05	-1.383847e-01	2.647286e-01	0.000000e+00	0.000000e+00	2.389304e+05
1.057910e+00	2.214572e+05	-1.386999e-01	2.650546e-01	0.000000e+00	0.000000e+00	2.214572e+05
1.059100e+00	2.208539e+05	-1.390155e-01	2.653678e-01	0.000000e+00	0.000000e+00	2.208539e+05
1.060290e+00	2.313838e+05	-1.393315e-01	2.656881e-01	0.000000e+00	-1.406881e+03	2.327906e+05
1.061480e+00	2.341051e+05	-1.396479e-01	2.660177e-01	0.000000e+00	-2.108768e+03	2.362139e+05
1.062670e+00	2.473239e+05	-1.399646e-01	2.663586e-01	0.000000e+00	-1.173734e+03	2.484977e+05
1.063860e+00	2.273901e+05	-1.402818e-01	2.666948e-01	0.000000e+00	-7.814641e+02	2.281716e+05
1.065050e+00	2.187888e+05	-1.405994e-01	2.670108e-01	0.000000e+00	-1.034575e+03	2.198234e+05
1.066240e+00	2.388251e+05	-1.409173e-01	2.673349e-01	0.000000e+00	-7.970705e+02	2.396222e+05
1.067430e+00	2.340273e+05	-1.412356e-01	2.676697e-01	0.000000e+00	-9.324502e+02	2.349597e+05
1.068620e+00	2.229611e+05	-1.415543e-01	2.679933e-01	0.000000e+00	-1.684196e+02	2.231295e+05
1.069810e+00	2.289608e+05	-1.418734e-01	2.683134e-01	0.000000e+00	-1.365571e+03	2.303264e+05
1.071000e+00	2.161818e+05	-1.421929e-01	2.686286e-01	0.000000e+00	-9.768406e+02	2.171586e+05
1.072190e+00	2.076728e+05	-1.425128e-01	2.689288e-01	0.000000e+00	-1.828851e+03	2.095016e+05
1.073380e+00	2.297231e+05	-1.428330e-01	2.692385e-01	0.000000e+00	-1.679014e+03	2.314021e+05
1.074570e+00	2.265476e+05	-1.431536e-01	2.695616e-01	0.000000e+00	-3.207683e+01	2.265797e+05
1.075760e+00	2.357205e+05	-1.434745e-01	2.698890e-01	0.000000e+00	-8.479392e+02	2.365684e+05
1.076950e+00	2.271238e+05	-1.437959e-01	2.702168e-01	0.000000e+00	-1.775703e+03	2.288995e+05
1.078140e+00	2.319085e+05	-1.441176e-01	2.705418e-01	0.000000e+00	-7.380525e+02	2.326466e+05
1.079330e+00	2.361208e+05	-1.444398e-01	2.708733e-01	0.000000e+00	-8.399861e+02	2.369608e+05
1.080520e+00	2.234943e+05	-1.447623e-01	2.711988e-01	0.000000e+00	-7.863021e+01	2.235729e+05
1.081710e+00	2.318964e+05	-1.450852e-01	2.715212e-01	0.000000e+00	-1.324666e+03	2.332211e+05
1.082900e+00	2.244226e+05	-1.454085e-01	2.718444e-01	0.000000e+00	-1.117712e+03	2.255403e+05
1.084090e+00	2.391018e+05	-1.457322e-01	2.721726e-01	0.000000e+00	-1.366923e+02	2.392385e+05
1.085280e+00	2.359030e+05	-1.460563e-01	2.725090e-01	0.000000e+00	-7.036438e+02	2.366067e+05
1.086470e+00	2.191604e+05	-1.463808e-01	2.728313e-01	0.000000e+00	-1.617262e+03	2.207777e+05
1.087660e+00	2.225918e+05	-1.467057e-01	2.731441e-01	0.000000e+00	-2.364436e+03	2.249562e+05
1.088850e+00	2.286165e+05	-1.470309e-01	2.734637e-01	0.000000e+00	-2.199829e+02	2.288364e+05
1.090040e+00	2.314336e+05	-1.473565e-01	2.737894e-01	0.000000e+00	0.000000e+00	2.314336e+05
1.091230e+00	2.274579e+05	-1.476825e-01	2.741144e-01	0.000000e+00	-1.436194e+02	2.276015e+05
1.092420e+00	2.251634e+05	-1.480089e-01	2.744349e-01	0.000000e+00	-1.537053e+03	2.267005e+05
1.093610e+00	2.292808e+05	-1.483357e-01	2.747568e-01	0.000000e+00	-8.811739e+02	2.301620e+05
1.094800e+00	2.435819e+05	-1.486628e-01	2.750916e-01	0.000000e+00	-1.733412e+03	2.453153e+05
1.095990e+00	2.223998e+05	-1.489904e-01	2.754216e-01	0.000000e+00	-7.467582e+02	2.231465e+05
1.097180e+00	2.279448e+05	-1.493183e-01	2.757405e-01	0.000000e+00	0.000000e+00	2.279448e+05
1.098370e+00	2.207220e+05	-1.496466e-01	2.760583e-01	0.000000e+00	0.000000e+00	2.207220e+05
1.099560e+00	2.370707e+05	-1.499753e-01	2.763825e-01	0.000000e+00	-7.600204e+02	2.378307e+05
1.100750e+00	2.270355e+05	-1.503044e-01	2.767111e-01	0.000000e+00	-8.031578e+01	2.271158e+05
1.101940e+00	2.152481e+05	-1.506339e-01	2.770243e-01	0.000000e+00	-3.222816e+01	2.152803e+05
1.103130e+00	2.305079e+05	-1.509637e-01	2.773400e-01	0.000000e+00	-8.081080e+02	2.313160e+05
1.104320e+00	2.456802e+05	-1.512940e-01	2.776772e-01	0.000000e+00	-8.026969e+02	2.464828e+05
1.105510e+00	2.300561e+05	-1.516246e-01	2.780141e-01	0.000000e+00	-1.634469e+03	2.316906e+05
1.106700e+00	2.291680e+05	-1.519556e-01	2.783393e-01	0.000000e+00	-1.519995e+03	2.306880e+05
1.107890e+00	2.442366e+05	-1.522871e-01	2.786746e-01	0.000000e+00	-2.445204e+02	2.444811e+05
1.109080e+00	2.119692e+05	-1.526189e-01	2.789976e-01	0.000000e+00	-4.349538e+01	2.120127e+05
1.110270e+00	2.318747e+05	-1.529511e-01	2.793120e-01	0.000000e+00	-8.984173e+02	2.327732e+05
1.111460e+00	2.504349e+05	-1.532837e-01	2.796535e-01	0.000000e+00	-1.645366e+03	2.520802e+05
1.112650e+00	2.251310e+05	-1.536167e-01	2.799903e-01	0.000000e+00	-7.740658e+02	2.259050e+05
1.113840e+00	2.350469e+05	-1.539500e-01	2.803162e-01	0.000000e+00	-1.043222e+03	2.360902e+05
1.115030e+00	2.288750e+05	-1.542838e-01	2.806447e-01	0.000000e+00	-1.477786e+03	2.303528e+05
1.116220e+00	2.324262e+05	-1.546180e-01	2.809714e-01	0.000000e+00	0.000000e+00	2.324262e+05
1.117410e+00	2.334695e+05	-1.549525e-01	2.813013e-01	0.000000e+00	0.000000e+00	2.334695e+05
1.118600e+00	2.425483e+05	-1.552875e-01	2.816384e-01	0.000000e+00	-3.512387e+02	2.428995e+05
1.119790e+00	2.295418e+05	-1.556228e-01	2.819727e-01	0.000000e+00	-6.610942e+02	2.302029e+05
1.120980e+00	2.462054e+05	-1.559586e-01	2.823096e-01	0.000000e+00	-1.133275e+03	2.473387e+05
1.122170e+00	2.396166e+05	-1.562947e-01	2.826537e-01	0.000000e+00	-3.754008e+02	2.399920e+05
1.123360e+00	2.342270e+05	-1.566313e-01	2.829892e-01	0.000000e+00	-1.009101e+02	2.343279e+05
1.124550e+00	2.436344e+05	-1.569682e-01	2.833276e-01	0.000000e+00	-9.569170e+02	2.445913e+05
1.125740e+00	2.347160e+05	-1.573056e-01	2.836664e-01	0.000000e+00	-1.935240e+03	2.366512e+05
1.126930e+00	2.212112e+05	-1.576434e-01	2.839893e-01	0.000000e+00	-3.682779e+02	2.215795e+05
1.128120e+00	2.067074e+05	-1.579815e-01	2.842923e-01	0.000000e+00	-7.410820e+01	2.067815e+05
1.129310e+00	2.309106e+05	-1.583200e-01	2.846022e-01	0.000000e+00	-7.662279e+02	2.316769e+05
1.130500e+00	2.469528e+05	-1.586588e-01	2.849406e-01	0.000000e+00	0.000000e+00	2.469528e+05
1.131690e+00	2.287466e+05	-1.589981e-01	2.852775e-01	0.000000e+00	-1.034582e+02	2.288501e+05
1.132880e+00	2.306261e+05	-1.593378e-01	2.856028e-01	0.000000e+00	-1.577214e+03	2.322033e+05
1.134070e+00	2.383990e+05	-1.596779e-01	2.859350e-01	0.000000e+00	0.000000e+00	2.383990e+05
1.135260e+00	2.453726e+05	-1.600183e-01	2.862775e-01	0.000000e+00	-6.732434e+02	2.460458e+05
1.136450e+00	2.472046e+05	-1.603592e-01	2.866264e-01	0.000000e+00	-1.670928e+02	2.473717e+05
1.137640e+00	2.315803e+05	-1.607005e-01	2.869654e-01	0.000000e+00	0.000000e+00	2.315803e+05
1.138830e+00	2.290451e+05	-1.610422e-01	2.872916e-01	0.000000e+00	0.000000e+00	2.290451e+05
1.140020e+00	2.328948e+05	-1.613843e-01	2.876188e-01	0.000000e+00	-4.040539e+02	2.332988e+05
1.141210e+00	2.374011e+05	-1.617267e-01	2.879518e-01	0.000000e+00	-4.362823e+02	2.378374e+05
1.142400e+00	2.223759e+05	-1.620696e-01	2.882774e-01	0.000000e+00	-1.058907e+03	2.234348e+05
1.143590e+00	2.236995e+05	-1.624128e-01	2.885933e-01	0.000000e+00	-6.217654e+02	2.243213e+05
1.144780e+00	2.248499e+05	-1.627564e-01	2.889109e-01	0.000000e+00	-1.368825e+02	2.249868e+05
1.145970e+00	2.326777e+05	-1.631004e-01	2.892349e-01	0.000000e+00	-7.034537e+02	2.333811e+05
1.147160e+00	2.386746e+05	-1.634448e-01	2.895687e-01	0.000000e+00	-7.938978e+02	2.394685e+05
1.148350e+00	2.242515e+05	-1.637896e-01	2.898966e-01	0.000000e+00	-8.867745e+02	2.251382e+05
1.149540e+00	2.270710e+05	-1.641348e-01	2.902162e-01	0.000000e+00	0.000000e+00	2.270710e+05
1.150730e+00	2.198992e+05	-1.644803e-01	2.905327e-01	0.000000e+00	-7.532159e+02	2.206524e+05
1.151920e+00	2.166834e+05	-1.648262e-01	2.908419e-01	0.000000e+00	-8.712024e+01	2.167706e+05
1.153110e+00	2.171278e+05	-1.651725e-01	2.911491e-01	0.000000e+00	-1.198526e+03	2.183263e+05
1.154300e+00	2.258254e+05	-1.655192e-01	2.914628e-01	0.000000e+00	-4.821461e+02	2.263075e+05
1.155490e+00	2.354708e+05	-1.658662e-01	2.917894e-01	0.000000e+00	-3.910573e+02	2.358619e+05
1.156680e+00	2.496419e+05	-1.662136e-01	2.921330e-01	0.000000e+00	-1.611906e+03	2.512538e+05
1.157870e+00	2.294735e+05	-1.665615e-01	2.924723e-01	0.000000e+00	-5.180446e+02	2.299915e+05
1.159060e+00	2.298200e+05	-1.669097e-01	2.927975e-01	0.000000e+00	-5.925189e+02	2.304125e+05
1.160250e+00	2.332726e+05	-1.672583e-01	2.931255e-01	0.000000e+00	-9.686931e+02	2.342413e+05
1.161440e+00	2.462467e+05	-1.676073e-01	2.934651e-01	0.000000e+00	-1.194602e+02	2.463661e+05
1.162630e+00	2.593257e+05	-1.679568e-01	2.938231e-01	0.000000e+00	-5.198106e+02	2.598455e+05
1.163820e+00	2.166840e+05	-1.683066e-01	2.941602e-01	0.000000e+00	-3.205255e+02	2.170045e+05
1.165010e+00	2.167156e+05	-1.686569e-01	2.944671e-01	0.000000e+00	0.000000e+00	2.167156e+05
1.166200e+00	2.163241e+05	-1.690075e-01	2.947738e-01	0.000000e+00	0.000000e+00	2.163241e+05
1.167390e+00	2.310223e+05	-1.693584e-01	2.950906e-01	0.000000e+00	0.000000e+00	2.310223e+05
1.168580e+00	2.451907e+05	-1.697098e-01	2.954278e-01	0.000000e+00	0.000000e+00	2.451907e+05
1.169770e+00	2.324148e+05	-1.700616e-01	2.957660e-01	0.000000e+00	-2.827399e+02	2.326976e+05
1.170960e+00	2.378227e+05	-1.704137e-01	2.960990e-01	0.000000e+00	-1.397932e+03	2.392207e+05
1.172150e+00	2.316464e+05	-1.707663e-01	2.964315e-01	0.000000e+00	0.000000e+00	2.316464e+05
1.173340e+00	2.143935e+05	-1.711192e-01	2.967474e-01	0.000000e+00	0.000000e+00	2.143935e+05
1.174530e+00	2.274979e+05	-1.714725e-01	2.970603e-01	0.000000e+00	0.000000e+00	2.274979e+05
1.175720e+00	2.291789e+05	-1.718262e-01	2.973837e-01	0.000000e+00	-6.768490e+02	2.298557e+05
1.176910e+00	2.275849e+05	-1.721803e-01	2.977072e-01	0.000000e+00	-9.547829e+02	2.285396e+05
1.178100e+00	2.133340e+05	-1.725348e-01	2.980194e-01	0.000000e+00	-4.904042e+01	2.133830e+05
1.179290e+00	2.177269e+05	-1.728896e-01	2.983247e-01	0.000000e+00	0.000000e+00	2.177269e+05
1.180480e+00	2.290745e+05	-1.732448e-01	2.986411e-01	0.000000e+00	0.000000e+00	2.290745e+05
1.181670e+00	2.217477e+05	-1.736004e-01	2.989603e-01	0.000000e+00	0.000000e+00	2.217477e+05
1.182860e+00	2.282680e+05	-1.739563e-01	2.992790e-01	0.000000e+00	0.000000e+00	2.282680e+05
1.184050e+00	2.190042e+05	-1.743126e-01	2.995958e-01	0.000000e+00	0.000000e+00	2.190042e+05
1.185240e+00	2.169700e+05	-1.746693e-01	2.999045e-01	0.000000e+00	0.000000e+00	2.169700e+05
1.186430e+00	2.387444e+05	-1.750264e-01	3.002272e-01	0.000000e+00	0.000000e+00	2.387444e+05
1.187620e+00	2.337412e+05	-1.753839e-01	3.005618e-01	0.000000e+00	0.000000e+00	2.337412e+05
1.188810e+00	2.271333e+05	-1.757418e-01	3.008882e-01	0.000000e+00	0.000000e+00	2.271333e+05
1.190000e+00	1.046831e+05	-1.761000e-01	3.011232e-01	0.000000e+00	0.000000e+00	1.046831e+05
