#x	rho	phi	ex	bz	rhok[0]	rhok[1]
0.000000e+00	-7.253051e+02	0.000000e+00	2.803034e-02	0.000000e+00	-1.346474e+03	6.211685e+02
1.190000e-03	-3.524289e+03	-3.335550e-05	2.802733e-02	0.000000e+00	-5.647231e+03	2.122941e+03
2.380000e-03	1.243653e+03	-6.670505e-05	2.802572e-02	0.000000e+00	-8.412370e+03	9.656024e+03
3.570000e-03	7.028706e+03	-1.000567e-04	2.803158e-02	0.000000e+00	-7.309678e+03	1.433838e+04
4.760000e-03	1.157579e+04	-1.334202e-04	2.804475e-02	0.000000e+00	-6.216040e+03	1.779183e+04
5.950000e-03	6.630953e+03	-1.668032e-04	2.805764e-02	0.000000e+00	-7.409926e+03	1.404088e+04
7.140000e-03	1.302632e+04	-2.001974e-04	2.807156e-02	0.000000e+00	-4.669748e+03	1.769607e+04
8.330000e-03	9.756475e+03	-2.336135e-04	2.808770e-02	0.000000e+00	-5.018160e+03	1.477463e+04
9.520000e-03	1.817134e+04	-2.670461e-04	2.810748e-02	0.000000e+00	-6.082806e+03	2.425415e+04
1.071000e-02	1.671736e+04	-3.005093e-04	2.813218e-02	0.000000e+00	-6.064156e+03	2.278151e+04
1.190000e-02	2.019266e+04	-3.340007e-04	2.815832e-02	0.000000e+00	-5.929128e+03	2.612179e+04
1.309000e-02	1.998351e+04	-3.675261e-04	2.818677e-02	0.000000e+00	-8.933538e+03	2.891705e+04
1.428000e-02	2.737020e+04	-4.010852e-04	2.822031e-02	0.000000e+00	-8.605578e+03	3.597578e+04
1.547000e-02	2.871185e+04	-4.346905e-04	2.826002e-02	0.000000e+00	-3.655924e+03	3.236777e+04
1.666000e-02	2.149379e+04	-4.683441e-04	2.829558e-02	0.000000e+00	-5.560831e+03	2.705462e+04
1.785000e-02	1.957604e+04	-5.020339e-04	2.832466e-02	0.000000e+00	-5.994025e+03	2.557007e+04
1.904000e-02	2.320507e+04	-5.357568e-04	2.835496e-02	0.000000e+00	-5.975979e+03	2.918105e+04
2.023000e-02	3.279010e+04	-5.695187e-04	2.839461e-02	0.000000e+00	-5.032478e+03	3.782257e+04
2.142000e-02	3.203099e+04	-6.033360e-04	2.844051e-02	0.000000e+00	-8.611974e+03	4.064297e+04
2.261000e-02	3.719567e+04	-6.372072e-04	2.848954e-02	0.000000e+00	-7.592265e+03	4.478794e+04
2.380000e-02	3.852165e+04	-6.711411e-04	2.854316e-02	0.000000e+00	-6.574026e+03	4.509567e+04
2.499000e-02	4.214752e+04	-7.051399e-04	2.860029e-02	0.000000e+00	-5.716630e+03	4.786415e+04
2.618000e-02	4.318637e+04	-7.392097e-04	2.866072e-02	0.000000e+00	-5.066079e+03	4.825245e+04
2.737000e-02	3.737235e+04	-7.733524e-04	2.871777e-02	0.000000e+00	-7.213768e+03	4.458612e+04
2.856000e-02	3.577173e+04	-8.075580e-04	2.876956e-02	0.000000e+00	-7.492881e+03	4.326461e+04
2.975000e-02	4.833786e+04	-8.418239e-04	2.882913e-02	0.000000e+00	-6.670954e+03	5.500881e+04
3.094000e-02	5.326138e+04	-8.761713e-04	2.890108e-02	0.000000e+00	-1.020199e+04	6.346337e+04
3.213000e-02	5.546709e+04	-9.106085e-04	2.897807e-02	0.000000e+00	-4.543952e+03	6.001105e+04
3.332000e-02	5.529195e+04	-9.451392e-04	2.905651e-02	0.000000e+00	-4.508197e+03	5.980015e+04
3.451000e-02	5.511015e+04	-9.797630e-04	2.913469e-02	0.000000e+00	-3.616661e+03	5.872681e+04
3.570000e-02	5.492159e+04	-1.014480e-03	2.921261e-02	0.000000e+00	-5.795485e+03	6.071707e+04
3.689000e-02	5.879189e+04	-1.049289e-03	2.929314e-02	0.000000e+00	-5.892716e+03	6.468461e+04
3.808000e-02	6.272591e+04	-1.084197e-03	2.937919e-02	0.000000e+00	-5.461052e+03	6.818696e+04
3.927000e-02	6.205714e+04	-1.119211e-03	2.946756e-02	0.000000e+00	-5.387057e+03	6.744420e+04
4.046000e-02	6.413072e+04	-1.154330e-03	2.955692e-02	0.000000e+00	-7.712092e+03	7.184281e+04
4.165000e-02	5.295800e+04	-1.189557e-03	2.963984e-02	0.000000e+00	-8.392216e+03	6.135022e+04
4.284000e-02	5.491354e+04	-1.224873e-03	2.971623e-02	0.000000e+00	-5.134632e+03	6.004818e+04
4.403000e-02	5.705154e+04	-1.260282e-03	2.979552e-02	0.000000e+00	-1.004146e+04	6.709300e+04
4.522000e-02	6.956307e+04	-1.295786e-03	2.988519e-02	0.000000e+00	-6.836126e+03	7.639920e+04
4.641000e-02	6.062368e+04	-1.331408e-03	2.997738e-02	0.000000e+00	-5.414370e+03	6.603805e+04
4.760000e-02	6.473595e+04	-1.367133e-03	3.006616e-02	0.000000e+00	-6.976010e+03	7.171196e+04
4.879000e-02	7.292097e+04	-1.402966e-03	3.016364e-02	0.000000e+00	-5.415758e+03	7.833673e+04
4.998000e-02	6.805178e+04	-1.438922e-03	3.026347e-02	0.000000e+00	-7.240568e+03	7.529234e+04
5.117000e-02	6.905879e+04	-1.474993e-03	3.036057e-02	0.000000e+00	-4.391921e+03	7.345071e+04
5.236000e-02	7.847014e+04	-1.511180e-03	3.046504e-02	0.000000e+00	-6.957404e+03	8.542754e+04
5.355000e-02	7.109844e+04	-1.547500e-03	3.057096e-02	0.000000e+00	-4.972358e+03	7.607080e+04
5.474000e-02	6.340174e+04	-1.583939e-03	3.066621e-02	0.000000e+00	-1.136888e+04	7.477062e+04
5.593000e-02	7.472983e+04	-1.620485e-03	3.076403e-02	0.000000e+00	-7.264241e+03	8.199407e+04
5.712000e-02	8.739760e+04	-1.657157e-03	3.087884e-02	0.000000e+00	-6.126317e+03	9.352392e+04
5.831000e-02	7.354437e+04	-1.693977e-03	3.099282e-02	0.000000e+00	-6.072328e+03	7.961670e+04
5.950000e-02	9.169410e+04	-1.730920e-03	3.110983e-02	0.000000e+00	-6.329386e+03	9.802349e+04
6.069000e-02	6.777266e+04	-1.768018e-03	3.122276e-02	0.000000e+00	-8.412481e+03	7.618514e+04
6.188000e-02	7.302465e+04	-1.805230e-03	3.132247e-02	0.000000e+00	-7.357965e+03	8.038261e+04
6.307000e-02	7.288937e+04	-1.842566e-03	3.142580e-02	0.000000e+00	-4.242293e+03	7.713167e+04
6.426000e-02	8.568422e+04	-1.880024e-03	3.153810e-02	0.000000e+00	-5.296076e+03	9.098029e+04
6.545000e-02	8.447407e+04	-1.917626e-03	3.165860e-02	0.000000e+00	-8.337231e+03	9.281130e+04
6.664000e-02	8.013017e+04	-1.955371e-03	3.177516e-02	0.000000e+00	-7.522405e+03	8.765258e+04
6.783000e-02	8.113400e+04	-1.993251e-03	3.188936e-02	0.000000e+00	-4.916314e+03	8.605031e+04
6.902000e-02	8.527848e+04	-2.031268e-03	3.200721e-02	0.000000e+00	-5.582398e+03	9.086088e+04
7.021000e-02	8.946631e+04	-2.069428e-03	3.213096e-02	0.000000e+00	-6.441734e+03	9.590804e+04
7.140000e-02	9.363500e+04	-2.107740e-03	3.226063e-02	0.000000e+00	-6.469989e+03	1.001050e+05
7.259000e-02	8.214624e+04	-2.146209e-03	3.238511e-02	0.000000e+00	-5.982349e+03	8.812859e+04
7.378000e-02	8.560021e+04	-2.184816e-03	3.250390e-02	0.000000e+00	-7.096774e+03	9.269698e+04
7.497000e-02	8.100766e+04	-2.223568e-03	3.262189e-02	0.000000e+00	-7.334401e+03	8.834206e+04
7.616000e-02	8.679656e+04	-2.262456e-03	3.274072e-02	0.000000e+00	-5.863131e+03	9.265969e+04
7.735000e-02	9.957535e+04	-2.301491e-03	3.287270e-02	0.000000e+00	-4.060306e+03	1.036357e+05
7.854000e-02	9.530763e+04	-2.340693e-03	3.301071e-02	0.000000e+00	-8.694210e+03	1.040018e+05
7.973000e-02	9.264781e+04	-2.380056e-03	3.314381e-02	0.000000e+00	-6.548604e+03	9.919642e+04
8.092000e-02	1.011543e+05	-2.419576e-03	3.328106e-02	0.000000e+00	-7.121494e+03	1.082758e+05
8.211000e-02	8.912945e+04	-2.459265e-03	3.341581e-02	0.000000e+00	-5.329407e+03	9.445886e+04
8.330000e-02	1.084411e+05	-2.499105e-03	3.355572e-02	0.000000e+00	-5.852952e+03	1.142940e+05
8.449000e-02	1.068690e+05	-2.539128e-03	3.370820e-02	0.000000e+00	-5.001511e+03	1.118705e+05
8.568000e-02	9.987872e+04	-2.579331e-03	3.385461e-02	0.000000e+00	-3.255972e+03	1.031347e+05
8.687000e-02	1.030752e+05	-2.619702e-03	3.399833e-02	0.000000e+00	-6.256912e+03	1.093321e+05
8.806000e-02	1.095652e+05	-2.660247e-03	3.414892e-02	0.000000e+00	-3.524266e+03	1.130895e+05
8.925000e-02	1.109838e+05	-2.700976e-03	3.430510e-02	0.000000e+00	-5.571887e+03	1.165557e+05
9.044000e-02	1.031174e+05	-2.741893e-03	3.445672e-02	0.000000e+00	-4.539781e+03	1.076572e+05
9.163000e-02	9.077611e+04	-2.782983e-03	3.459403e-02	0.000000e+00	-6.183341e+03	9.695945e+04
9.282000e-02	8.188420e+04	-2.824227e-03	3.471630e-02	0.000000e+00	-7.426592e+03	8.931079e+04
9.401000e-02	9.802107e+04	-2.865608e-03	3.484370e-02	0.000000e+00	-6.116702e+03	1.041378e+05
9.520000e-02	9.900928e+04	-2.907155e-03	3.498323e-02	0.000000e+00	-8.295803e+03	1.073051e+05
9.639000e-02	1.070958e+05	-2.948868e-03	3.512919e-02	0.000000e+00	-8.198178e+03	1.152940e+05
9.758000e-02	1.086232e+05	-2.990762e-03	3.528196e-02	0.000000e+00	-6.182088e+03	1.148053e+05
9.877000e-02	1.135455e+05	-3.032839e-03	3.543929e-02	0.000000e+00	-3.590782e+03	1.171363e+05
9.996000e-02	1.062890e+05	-3.075108e-03	3.559497e-02	0.000000e+00	-3.268971e+03	1.095580e+05
1.011500e-01	1.107610e+05	-3.117555e-03	3.574867e-02	0.000000e+00	-3.087203e+03	1.138482e+05
1.023400e-01	1.131482e+05	-3.160190e-03	3.590724e-02	0.000000e+00	-4.208219e+03	1.173564e+05
1.035300e-01	1.138329e+05	-3.203015e-03	3.606798e-02	0.000000e+00	-2.862759e+03	1.166957e+05
1.047200e-01	9.245025e+04	-3.246031e-03	3.621406e-02	0.000000e+00	-7.550390e+03	1.000006e+05
1.059100e-01	1.048274e+05	-3.289204e-03	3.635377e-02	0.000000e+00	-8.117883e+03	1.129453e+05
1.071000e-01	1.169159e+05	-3.332553e-03	3.651080e-02	0.000000e+00	-7.537754e+03	1.244537e+05
1.082900e-01	1.183361e+05	-3.376100e-03	3.667739e-02	0.000000e+00	-6.298381e+03	1.246345e+05
1.094800e-01	1.043847e+05	-3.419846e-03	3.683512e-02	0.000000e+00	-5.348683e+03	1.097334e+05
1.106700e-01	1.258535e+05	-3.463767e-03	3.699816e-02	0.000000e+00	-6.295509e+03	1.321490e+05
1.118600e-01	1.369226e+05	-3.507901e-03	3.718425e-02	0.000000e+00	-5.568520e+03	1.424912e+05
1.130500e-01	1.260512e+05	-3.552266e-03	3.737048e-02	0.000000e+00	-8.143956e+03	1.341951e+05
1.142400e-01	1.320053e+05	-3.596843e-03	3.755323e-02	0.000000e+00	-5.728878e+03	1.377342e+05
1.154300e-01	1.149796e+05	-3.641643e-03	3.772813e-02	0.000000e+00	-7.076912e+03	1.220565e+05
1.166200e-01	9.966667e+04	-3.686636e-03	3.788014e-02	0.000000e+00	-8.029643e+03	1.076963e+05
1.178100e-01	1.053606e+05	-3.731797e-03	3.802533e-02	0.000000e+00	-4.721936e+03	1.100826e+05
1.190000e-01	1.036278e+05	-3.777136e-03	3.817333e-02	0.000000e+00	-7.302479e+03	1.109303e+05
1.201900e-01	1.275251e+05	-3.822650e-03	3.833702e-02	0.000000e+00	-4.462966e+03	1.319880e+05
1.213800e-01	1.493836e+05	-3.868378e-03	3.853312e-02	0.000000e+00	-3.547458e+03	1.529310e+05
1.225700e-01	1.299371e+05	-3.914359e-03	3.873093e-02	0.000000e+00	-4.235081e+03	1.341722e+05
1.237600e-01	1.296938e+05	-3.960558e-03	3.891479e-02	0.000000e+00	-2.635510e+03	1.323293e+05
1.249500e-01	1.158066e+05	-4.006976e-03	3.908864e-02	0.000000e+00	-4.479556e+03	1.202861e+05
1.261400e-01	1.304499e+05	-4.053589e-03	3.926303e-02	0.000000e+00	-2.529206e+03	1.329791e+05
1.273300e-01	1.308425e+05	-4.100422e-03	3.944807e-02	0.000000e+00	-3.862081e+03	1.347046e+05
1.285200e-01	1.324296e+05	-4.147475e-03	3.963451e-02	0.000000e+00	-5.462326e+03	1.378919e+05
1.297100e-01	1.227201e+05	-4.194752e-03	3.981520e-02	0.000000e+00	-6.416189e+03	1.291363e+05
1.309000e-01	1.299985e+05	-4.242235e-03	3.999417e-02	0.000000e+00	-4.446980e+03	1.344455e+05
1.320900e-01	1.128853e+05	-4.289938e-03	4.016617e-02	0.000000e+00	-4.679300e+03	1.175646e+05
1.332800e-01	1.278769e+05	-4.337831e-03	4.033667e-02	0.000000e+00	-7.757457e+03	1.356344e+05
1.344700e-01	1.338474e+05	-4.385939e-03	4.052201e-02	0.000000e+00	-9.304224e+03	1.431516e+05
1.356600e-01	1.225845e+05	-4.434273e-03	4.070361e-02	0.000000e+00	-5.777743e+03	1.283623e+05
1.368500e-01	1.207138e+05	-4.482814e-03	4.087590e-02	0.000000e+00	-5.978965e+03	1.266928e+05
1.380400e-01	1.232696e+05	-4.531558e-03	4.104868e-02	0.000000e+00	-2.660065e+03	1.259296e+05
1.392300e-01	1.335901e+05	-4.580510e-03	4.123058e-02	0.000000e+00	-4.531048e+03	1.381212e+05
1.404200e-01	1.279616e+05	-4.629687e-03	4.141580e-02	0.000000e+00	-5.412755e+03	1.333743e+05
1.416100e-01	1.205278e+05	-4.679079e-03	4.159177e-02	0.000000e+00	-7.169586e+03	1.276974e+05
1.428000e-01	1.416519e+05	-4.728675e-03	4.177744e-02	0.000000e+00	-5.376263e+03	1.470282e+05
1.439900e-01	1.355953e+05	-4.778510e-03	4.197378e-02	0.000000e+00	-3.713321e+03	1.393087e+05
1.451800e-01	1.266311e+05	-4.828573e-03	4.215948e-02	0.000000e+00	-4.404845e+03	1.310359e+05
1.463700e-01	1.278150e+05	-4.878849e-03	4.233967e-02	0.000000e+00	-4.717526e+03	1.325325e+05
1.475600e-01	1.383871e+05	-4.929341e-03	4.252818e-02	0.000000e+00	-1.869723e+03	1.402568e+05
1.487500e-01	1.386654e+05	-4.980066e-03	4.272438e-02	0.000000e+00	-3.521459e+03	1.421868e+05
1.499400e-01	1.347256e+05	-5.031025e-03	4.291799e-02	0.000000e+00	-2.050870e+03	1.367765e+05
1.511300e-01	1.136176e+05	-5.082211e-03	4.309385e-02	0.000000e+00	-8.608718e+03	1.222263e+05
1.523200e-01	1.251709e+05	-5.133589e-03	4.326296e-02	0.000000e+00	-5.661455e+03	1.308324e+05
1.535100e-01	1.566791e+05	-5.185177e-03	4.346255e-02	0.000000e+00	-2.460330e+03	1.591394e+05
1.547000e-01	1.406045e+05	-5.237029e-03	4.367308e-02	0.000000e+00	-6.599727e+03	1.472042e+05
1.558900e-01	1.455049e+05	-5.289119e-03	4.387569e-02	0.000000e+00	-3.272337e+03	1.487772e+05
1.570800e-01	1.437670e+05	-5.341454e-03	4.408054e-02	0.000000e+00	-5.392443e+03	1.491595e+05
1.582700e-01	1.486845e+05	-5.394031e-03	4.428765e-02	0.000000e+00	-3.249328e+03	1.519339e+05
1.594600e-01	1.192402e+05	-5.446858e-03	4.447738e-02	0.000000e+00	-4.076970e+03	1.233172e+05
1.606500e-01	1.272024e+05	-5.499887e-03	4.465190e-02	0.000000e+00	-3.369572e+03	1.305720e+05
1.618400e-01	1.345144e+05	-5.553130e-03	4.483724e-02	0.000000e+00	-4.850930e+03	1.393653e+05
1.630300e-01	1.322530e+05	-5.606599e-03	4.502616e-02	0.000000e+00	-5.587016e+03	1.378400e+05
1.642200e-01	1.514489e+05	-5.660292e-03	4.522706e-02	0.000000e+00	-5.923913e+03	1.573728e+05
1.654100e-01	1.565058e+05	-5.714240e-03	4.544515e-02	0.000000e+00	-1.780054e+03	1.582858e+05
1.666000e-01	1.649440e+05	-5.768451e-03	4.567279e-02	0.000000e+00	-3.707407e+03	1.686514e+05
1.677900e-01	1.407179e+05	-5.822941e-03	4.588925e-02	0.000000e+00	-7.137630e+03	1.478555e+05
1.689800e-01	1.437661e+05	-5.877668e-03	4.609071e-02	0.000000e+00	-5.035839e+03	1.488019e+05
1.701700e-01	1.346359e+05	-5.932637e-03	4.628786e-02	0.000000e+00	-3.962784e+03	1.385986e+05
1.713600e-01	1.436456e+05	-5.987833e-03	4.648493e-02	0.000000e+00	-2.976808e+03	1.466224e+05
1.725500e-01	1.475558e+05	-6.043271e-03	4.669115e-02	0.000000e+00	-3.244301e+03	1.508001e+05
1.737400e-01	1.467900e+05	-6.098958e-03	4.689959e-02	0.000000e+00	-4.644404e+03	1.514344e+05
1.749300e-01	1.551712e+05	-6.154892e-03	4.711343e-02	0.000000e+00	-3.458041e+03	1.586293e+05
1.761200e-01	1.369794e+05	-6.211088e-03	4.732032e-02	0.000000e+00	-4.802625e+03	1.417820e+05
1.773100e-01	1.440240e+05	-6.267514e-03	4.751932e-02	0.000000e+00	-5.783565e+03	1.498075e+05
1.785000e-01	1.471153e+05	-6.324184e-03	4.772549e-02	0.000000e+00	-3.565169e+03	1.506805e+05
1.796900e-01	1.460899e+05	-6.381101e-03	4.793313e-02	0.000000e+00	-3.738749e+03	1.498286e+05
1.808800e-01	1.506762e+05	-6.438265e-03	4.814329e-02	0.000000e+00	-4.764972e+03	1.554412e+05
1.820700e-01	1.585608e+05	-6.495682e-03	4.836228e-02	0.000000e+00	-3.436135e+03	1.619970e+05
1.832600e-01	1.560173e+05	-6.553367e-03	4.858506e-02	0.000000e+00	-2.689596e+03	1.587069e+05
1.844500e-01	1.569176e+05	-6.611315e-03	4.880666e-02	0.000000e+00	-2.236689e+03	1.591543e+05
1.856400e-01	1.543933e+05	-6.669527e-03	4.902712e-02	0.000000e+00	-2.494192e+02	1.546428e+05
1.868300e-01	1.512847e+05	-6.727999e-03	4.924359e-02	0.000000e+00	-4.047636e+03	1.553324e+05
1.880200e-01	1.465722e+05	-6.786727e-03	4.945453e-02	0.000000e+00	-4.157895e+03	1.507301e+05
1.892100e-01	1.628690e+05	-6.845701e-03	4.967366e-02	0.000000e+00	-3.595015e+03	1.664640e+05
1.904000e-01	1.596592e+05	-6.904950e-03	4.990206e-02	0.000000e+00	-4.841480e+03	1.645007e+05
1.915900e-01	1.583571e+05	-6.964468e-03	5.012727e-02	0.000000e+00	-3.457840e+03	1.618149e+05
1.927800e-01	1.426077e+05	-7.024253e-03	5.034041e-02	0.000000e+00	-4.332543e+03	1.469402e+05
1.939700e-01	1.550670e+05	-7.084278e-03	5.055121e-02	0.000000e+00	-5.113587e+03	1.601806e+05
1.951600e-01	1.625595e+05	-7.144565e-03	5.077614e-02	0.000000e+00	-3.651057e+03	1.662106e+05
1.963500e-01	1.412180e+05	-7.205125e-03	5.099126e-02	0.000000e+00	-6.133821e+03	1.473518e+05
1.975400e-01	1.501565e+05	-7.265924e-03	5.119761e-02	0.000000e+00	-5.858169e+03	1.560146e+05
1.987300e-01	1.658155e+05	-7.326976e-03	5.142137e-02	0.000000e+00	-3.781240e+03	1.695968e+05
1.999200e-01	1.561135e+05	-7.388307e-03	5.164934e-02	0.000000e+00	-4.824616e+03	1.609381e+05
2.011100e-01	1.476487e+05	-7.449901e-03	5.186446e-02	0.000000e+00	-4.485571e+03	1.521343e+05
2.023000e-01	1.597952e+05	-7.511744e-03	5.208218e-02	0.000000e+00	-1.233675e+03	1.610289e+05
2.034900e-01	1.575517e+05	-7.573857e-03	5.230691e-02	0.000000e+00	-2.754585e+03	1.603063e+05
2.046800e-01	1.528689e+05	-7.636235e-03	5.252674e-02	0.000000e+00	-5.640478e+03	1.585094e+05
2.058700e-01	1.474584e+05	-7.698870e-03	5.273942e-02	0.000000e+00	-4.451760e+03	1.519102e+05
2.070600e-01	1.693847e+05	-7.761754e-03	5.296380e-02	0.000000e+00	-7.458305e+03	1.768430e+05
2.082500e-01	1.591006e+05	-7.824924e-03	5.319642e-02	0.000000e+00	-6.038382e+03	1.651389e+05
2.094400e-01	1.647822e+05	-7.888362e-03	5.342578e-02	0.000000e+00	-6.880645e+03	1.716628e+05
2.106300e-01	1.693920e+05	-7.952077e-03	5.366243e-02	0.000000e+00	-4.704357e+03	1.740963e+05
2.118200e-01	1.649559e+05	-8.016078e-03	5.389921e-02	0.000000e+00	-3.582761e+03	1.685387e+05
2.130100e-01	1.487964e+05	-8.080358e-03	5.412140e-02	0.000000e+00	-5.493800e+03	1.542902e+05
2.142000e-01	1.662829e+05	-8.144887e-03	5.434452e-02	0.000000e+00	-3.490106e+03	1.697730e+05
2.153900e-01	1.493235e+05	-8.209698e-03	5.456803e-02	0.000000e+00	-3.832033e+03	1.531555e+05
2.165800e-01	1.654982e+05	-8.274759e-03	5.479097e-02	0.000000e+00	-3.938149e+03	1.694363e+05
2.177700e-01	1.590784e+05	-8.340100e-03	5.502083e-02	0.000000e+00	-4.761903e+03	1.638403e+05
2.189600e-01	1.620485e+05	-8.405709e-03	5.524824e-02	0.000000e+00	-3.666623e+03	1.657151e+05
2.201500e-01	1.566487e+05	-8.471591e-03	5.547393e-02	0.000000e+00	-3.621738e+03	1.602705e+05
2.213400e-01	1.556897e+05	-8.537737e-03	5.569511e-02	0.000000e+00	-6.385834e+03	1.620756e+05
2.225300e-01	1.613461e+05	-8.604145e-03	5.591963e-02	0.000000e+00	-3.281788e+03	1.646278e+05
2.237200e-01	1.554208e+05	-8.670826e-03	5.614395e-02	0.000000e+00	-3.439098e+03	1.588599e+05
2.249100e-01	1.456839e+05	-8.737768e-03	5.635718e-02	0.000000e+00	-3.894665e+03	1.495786e+05
2.261000e-01	1.874729e+05	-8.804956e-03	5.659311e-02	0.000000e+00	-4.719505e+03	1.921924e+05
2.272900e-01	1.750128e+05	-8.872459e-03	5.684981e-02	0.000000e+00	-7.609918e+03	1.826227e+05
2.284800e-01	1.731329e+05	-8.940258e-03	5.709636e-02	0.000000e+00	-6.442502e+03	1.795754e+05
2.296700e-01	1.807936e+05	-9.008349e-03	5.734699e-02	0.000000e+00	-5.411684e+03	1.862052e+05
2.308600e-01	1.792704e+05	-9.076744e-03	5.760198e-02	0.000000e+00	-5.662726e+03	1.849332e+05
2.320500e-01	1.705797e+05	-9.145441e-03	5.784973e-02	0.000000e+00	-5.079928e+03	1.756597e+05
2.332400e-01	1.698725e+05	-9.214426e-03	5.809083e-02	0.000000e+00	-5.826082e+03	1.756986e+05
2.344300e-01	1.701189e+05	-9.283698e-03	5.833160e-02	0.000000e+00	-3.537074e+03	1.736560e+05
2.356200e-01	1.760428e+05	-9.353256e-03	5.857674e-02	0.000000e+00	-4.379170e+03	1.804219e+05
2.368100e-01	1.718203e+05	-9.423110e-03	5.882308e-02	0.000000e+00	-6.532869e+03	1.783531e+05
2.380000e-01	1.647059e+05	-9.493254e-03	5.906140e-02	0.000000e+00	-5.076413e+03	1.697824e+05
2.391900e-01	1.673376e+05	-9.563676e-03	5.929654e-02	0.000000e+00	-3.668938e+03	1.710065e+05
2.403800e-01	1.705696e+05	-9.634380e-03	5.953583e-02	0.000000e+00	-3.879903e+03	1.744495e+05
2.415700e-01	1.786365e+05	-9.705372e-03	5.978313e-02	0.000000e+00	-7.281809e+03	1.859183e+05
2.427600e-01	1.791754e+05	-9.776664e-03	6.003652e-02	0.000000e+00	-5.611461e+03	1.847868e+05
2.439500e-01	1.636799e+05	-9.848259e-03	6.027931e-02	0.000000e+00	-6.300233e+03	1.699801e+05
2.451400e-01	1.675219e+05	-9.920129e-03	6.051386e-02	0.000000e+00	-4.373474e+03	1.718953e+05
2.463300e-01	1.666412e+05	-9.992282e-03	6.075050e-02	0.000000e+00	-3.899476e+03	1.705406e+05
2.475200e-01	1.487985e+05	-1.006472e-02	6.097389e-02	0.000000e+00	-5.627236e+03	1.544257e+05
2.487100e-01	1.664948e+05	-1.013740e-02	6.119717e-02	0.000000e+00	-3.320601e+03	1.698154e+05
2.499000e-01	1.609313e+05	-1.021036e-02	6.142904e-02	0.000000e+00	-6.342794e+03	1.672741e+05
2.510900e-01	1.654169e+05	-1.028360e-02	6.166015e-02	0.000000e+00	-3.478388e+03	1.688953e+05
2.522800e-01	1.679543e+05	-1.035712e-02	6.189623e-02	0.000000e+00	-3.602947e+03	1.715572e+05
2.534700e-01	1.633131e+05	-1.043091e-02	6.213082e-02	0.000000e+00	-5.766978e+03	1.690801e+05
2.546600e-01	1.613754e+05	-1.050499e-02	6.236075e-02	0.000000e+00	-7.770642e+03	1.691461e+05
2.558500e-01	1.670067e+05	-1.057933e-02	6.259330e-02	0.000000e+00	-6.653079e+03	1.736597e+05
2.570400e-01	1.885003e+05	-1.065396e-02	6.284506e-02	0.000000e+00	-2.698820e+03	1.911991e+05
2.582300e-01	1.839864e+05	-1.072890e-02	6.310884e-02	0.000000e+00	-1.225278e+03	1.852117e+05
2.594200e-01	1.707617e+05	-1.080416e-02	6.336006e-02	0.000000e+00	-2.411006e+03	1.731727e+05
2.606100e-01	1.905693e+05	-1.087970e-02	6.361594e-02	0.000000e+00	-3.682464e+03	1.942517e+05
2.618000e-01	1.816825e+05	-1.095556e-02	6.387956e-02	0.000000e+00	-3.055170e+03	1.847376e+05
2.629900e-01	1.929371e+05	-1.103173e-02	6.414485e-02	0.000000e+00	-3.889199e+03	1.968263e+05
2.641800e-01	1.863304e+05	-1.110823e-02	6.441343e-02	0.000000e+00	-4.286525e+03	1.906169e+05
2.653700e-01	1.816926e+05	-1.118504e-02	6.467405e-02	0.000000e+00	-4.585279e+03	1.862778e+05
2.665600e-01	1.779893e+05	-1.126215e-02	6.492877e-02	0.000000e+00	-3.338407e+03	1.813278e+05
2.677500e-01	1.830739e+05	-1.133957e-02	6.518446e-02	0.000000e+00	-4.806543e+03	1.878804e+05
2.689400e-01	1.691580e+05	-1.141729e-02	6.543390e-02	0.000000e+00	-3.683282e+03	1.728413e+05
2.701300e-01	1.770019e+05	-1.149530e-02	6.567904e-02	0.000000e+00	-1.813657e+03	1.788156e+05
2.713200e-01	1.823078e+05	-1.157361e-02	6.593349e-02	0.000000e+00	-3.811917e+03	1.861198e+05
2.725100e-01	1.769166e+05	-1.165222e-02	6.618788e-02	0.000000e+00	-3.494453e+03	1.804111e+05
2.737000e-01	1.832819e+05	-1.173114e-02	6.644296e-02	0.000000e+00	-2.234258e+03	1.855162e+05
2.748900e-01	1.764200e+05	-1.181036e-02	6.669769e-02	0.000000e+00	-4.282308e+03	1.807023e+05
2.760800e-01	1.837759e+05	-1.188988e-02	6.695276e-02	0.000000e+00	-4.373014e+03	1.881490e+05
2.772700e-01	1.763097e+05	-1.196970e-02	6.720776e-02	0.000000e+00	-5.139396e+03	1.814490e+05
2.784600e-01	1.770159e+05	-1.204983e-02	6.745798e-02	0.000000e+00	-5.028562e+03	1.820445e+05
2.796500e-01	1.733489e+05	-1.213025e-02	6.770609e-02	0.000000e+00	-2.664987e+03	1.760139e+05
2.808400e-01	1.742245e+05	-1.221097e-02	6.795223e-02	0.000000e+00	-4.072299e+03	1.782968e+05
2.820300e-01	1.706894e+05	-1.229198e-02	6.819649e-02	0.000000e+00	-4.264034e+03	1.749534e+05
2.832200e-01	1.693203e+05	-1.237328e-02	6.843727e-02	0.000000e+00	-4.506291e+03	1.738266e+05
2.844100e-01	1.974271e+05	-1.245486e-02	6.869699e-02	0.000000e+00	-2.298359e+03	1.997254e+05
2.856000e-01	1.734054e+05	-1.253678e-02	6.895960e-02	0.000000e+00	-5.421495e+03	1.788269e+05
2.867900e-01	1.682874e+05	-1.261899e-02	6.920157e-02	0.000000e+00	-5.756928e+03	1.740444e+05
2.879800e-01	1.766463e+05	-1.270148e-02	6.944584e-02	0.000000e+00	-4.880839e+03	1.815272e+05
2.891700e-01	1.928421e+05	-1.278427e-02	6.970750e-02	0.000000e+00	-3.838859e+03	1.966810e+05
2.903600e-01	1.921665e+05	-1.286738e-02	6.998015e-02	0.000000e+00	-3.292732e+03	1.954592e+05
2.915500e-01	1.871520e+05	-1.295082e-02	7.024877e-02	0.000000e+00	-4.208771e+03	1.913608e+05
2.927400e-01	1.930370e+05	-1.303457e-02	7.051801e-02	0.000000e+00	-3.214598e+03	1.962516e+05
2.939300e-01	1.867545e+05	-1.311865e-02	7.078696e-02	0.000000e+00	-2.851344e+03	1.896058e+05
2.951200e-01	1.948872e+05	-1.320305e-02	7.105723e-02	0.000000e+00	-4.232613e+03	1.991198e+05
2.963100e-01	1.636931e+05	-1.328777e-02	7.131116e-02	0.000000e+00	-4.501711e+03	1.681948e+05
2.975000e-01	1.777977e+05	-1.337277e-02	7.155299e-02	0.000000e+00	-4.670952e+03	1.824687e+05
2.986900e-01	1.759809e+05	-1.345806e-02	7.180353e-02	0.000000e+00	-4.323271e+03	1.803042e+05
2.998800e-01	1.675722e+05	-1.354366e-02	7.204682e-02	0.000000e+00	-4.241990e+03	1.718142e+05
3.010700e-01	2.048878e+05	-1.362954e-02	7.231058e-02	0.000000e+00	-3.696729e+03	2.085845e+05
3.022600e-01	1.754290e+05	-1.371576e-02	7.257991e-02	0.000000e+00	-5.292688e+03	1.807216e+05
3.034500e-01	2.023682e+05	-1.380228e-02	7.284745e-02	0.000000e+00	-4.465348e+03	2.068336e+05
3.046400e-01	2.056693e+05	-1.388913e-02	7.313641e-02	0.000000e+00	-3.285720e+03	2.089550e+05
3.058300e-01	1.664507e+05	-1.397634e-02	7.339993e-02	0.000000e+00	-4.374780e+03	1.708255e+05
3.070200e-01	1.828346e+05	-1.406383e-02	7.364728e-02	0.000000e+00	-1.924680e+03	1.847593e+05
3.082100e-01	1.737868e+05	-1.415162e-02	7.389983e-02	0.000000e+00	-3.433540e+03	1.772204e+05
3.094000e-01	1.695009e+05	-1.423971e-02	7.414293e-02	0.000000e+00	-5.685250e+03	1.751861e+05
3.105900e-01	1.720351e+05	-1.432808e-02	7.438480e-02	0.000000e+00	-5.673235e+03	1.777083e+05
3.117800e-01	1.851562e+05	-1.441674e-02	7.463775e-02	0.000000e+00	-3.976376e+03	1.891326e+05
3.129700e-01	1.963791e+05	-1.450572e-02	7.490794e-02	0.000000e+00	-4.427180e+03	2.008063e+05
3.141600e-01	1.890768e+05	-1.459502e-02	7.518090e-02	0.000000e+00	-5.468316e+03	1.945451e+05
3.153500e-01	1.695328e+05	-1.468465e-02	7.543486e-02	0.000000e+00	-7.245258e+03	1.767780e+05
3.165400e-01	1.969570e+05	-1.477456e-02	7.569439e-02	0.000000e+00	-7.251927e+03	2.042089e+05
3.177300e-01	1.933673e+05	-1.486480e-02	7.597081e-02	0.000000e+00	-1.058265e+03	1.944255e+05
3.189200e-01	1.813816e+05	-1.495537e-02	7.623619e-02	0.000000e+00	-1.136739e+03	1.825183e+05
3.201100e-01	1.953861e+05	-1.504624e-02	7.650301e-02	0.000000e+00	-1.515618e+03	1.969018e+05
3.213000e-01	1.947180e+05	-1.513745e-02	7.677926e-02	0.000000e+00	-4.495617e+03	1.992136e+05
3.224900e-01	1.738978e+05	-1.522898e-02	7.704030e-02	0.000000e+00	-4.852060e+03	1.787498e+05
3.236800e-01	1.814448e+05	-1.532080e-02	7.729195e-02	0.000000e+00	-4.469216e+03	1.859140e+05
3.248700e-01	2.016594e+05	-1.541293e-02	7.756325e-02	0.000000e+00	-3.460929e+03	2.051203e+05
3.260600e-01	1.816522e+05	-1.550540e-02	7.783469e-02	0.000000e+00	-2.031416e+03	1.836836e+05
3.272500e-01	1.711346e+05	-1.559818e-02	7.808452e-02	0.000000e+00	-3.712363e+03	1.748470e+05
3.284400e-01	1.778727e+05	-1.569125e-02	7.833168e-02	0.000000e+00	-2.681385e+03	1.805541e+05
3.296300e-01	1.833264e+05	-1.578461e-02	7.858747e-02	0.000000e+00	-2.795012e+03	1.861214e+05
3.308200e-01	1.817058e+05	-1.587828e-02	7.884597e-02	0.000000e+00	-2.573757e+03	1.842796e+05
3.320100e-01	1.786279e+05	-1.597226e-02	7.910115e-02	0.000000e+00	-3.238062e+03	1.818659e+05
3.332000e-01	1.907857e+05	-1.606654e-02	7.936275e-02	0.000000e+00	-1.963944e+03	1.927496e+05
3.343900e-01	1.918063e+05	-1.616115e-02	7.963369e-02	0.000000e+00	-1.074494e+03	1.928808e+05
3.355800e-01	1.881268e+05	-1.625607e-02	7.990275e-02	0.000000e+00	-2.008242e+03	1.901350e+05
3.367700e-01	1.969381e+05	-1.635132e-02	8.017543e-02	0.000000e+00	-3.272597e+03	2.002107e+05
3.379600e-01	1.693169e+05	-1.644689e-02	8.043480e-02	0.000000e+00	-5.132111e+03	1.744490e+05
3.391500e-01	2.053201e+05	-1.654275e-02	8.070011e-02	0.000000e+00	-3.832891e+03	2.091530e+05
3.403400e-01	2.097511e+05	-1.663896e-02	8.099405e-02	0.000000e+00	-4.816847e+03	2.145679e+05
3.415300e-01	1.925383e+05	-1.673552e-02	8.127893e-02	0.000000e+00	-1.899210e+03	1.944375e+05
3.427200e-01	1.754374e+05	-1.683240e-02	8.153952e-02	0.000000e+00	-3.285913e+03	1.787233e+05
3.439100e-01	1.927600e+05	-1.692958e-02	8.180027e-02	0.000000e+00	-3.615020e+03	1.963750e+05
3.451000e-01	2.004599e+05	-1.702708e-02	8.207873e-02	0.000000e+00	-4.315407e+03	2.047753e+05
3.462900e-01	1.965325e+05	-1.712493e-02	8.235987e-02	0.000000e+00	-2.495804e+03	1.990283e+05
3.474800e-01	1.885434e+05	-1.722310e-02	8.263256e-02	0.000000e+00	-1.616088e+03	1.901595e+05
3.486700e-01	1.851380e+05	-1.732159e-02	8.289719e-02	0.000000e+00	-3.747970e+03	1.888859e+05
3.498600e-01	1.760937e+05	-1.742040e-02	8.315300e-02	0.000000e+00	-4.787185e+03	1.808809e+05
3.510500e-01	1.757843e+05	-1.751950e-02	8.340219e-02	0.000000e+00	-3.444774e+03	1.792290e+05
3.522400e-01	1.728878e+05	-1.761889e-02	8.364911e-02	0.000000e+00	-4.642350e+03	1.775301e+05
3.534300e-01	1.888494e+05	-1.771858e-02	8.390528e-02	0.000000e+00	-3.725634e+03	1.925751e+05
3.546200e-01	1.943743e+05	-1.781859e-02	8.417666e-02	0.000000e+00	-3.698264e+02	1.947441e+05
3.558100e-01	1.963620e+05	-1.791892e-02	8.445337e-02	0.000000e+00	-3.045467e+03	1.994074e+05
3.570000e-01	1.873873e+05	-1.801959e-02	8.472513e-02	0.000000e+00	-3.351056e+03	1.907383e+05
3.581900e-01	1.930589e+05	-1.812057e-02	8.499454e-02	0.000000e+00	-1.057630e+03	1.941165e+05
3.593800e-01	1.892629e+05	-1.822187e-02	8.526529e-02	0.000000e+00	-3.282578e+03	1.925455e+05
3.605700e-01	1.856087e+05	-1.832350e-02	8.553076e-02	0.000000e+00	-5.889850e+03	1.914985e+05
3.617600e-01	1.806114e+05	-1.842544e-02	8.579011e-02	0.000000e+00	-2.840192e+03	1.834516e+05
3.629500e-01	1.951993e+05	-1.852768e-02	8.605624e-02	0.000000e+00	-2.697961e+03	1.978973e+05
3.641400e-01	1.859945e+05	-1.863025e-02	8.632619e-02	0.000000e+00	-3.540974e+03	1.895355e+05
3.653300e-01	1.811302e+05	-1.873314e-02	8.658618e-02	0.000000e+00	-3.146980e+03	1.842772e+05
3.665200e-01	1.897161e+05	-1.883633e-02	8.684880e-02	0.000000e+00	-3.999812e+03	1.937159e+05
3.677100e-01	1.900256e+05	-1.893984e-02	8.711772e-02	0.000000e+00	-3.716618e+03	1.937423e+05
3.689000e-01	2.067300e+05	-1.904367e-02	8.739868e-02	0.000000e+00	-3.425949e+03	2.101560e+05
3.700900e-01	1.909115e+05	-1.914785e-02	8.768028e-02	0.000000e+00	-1.651913e+03	1.925634e+05
3.712800e-01	2.062155e+05	-1.925235e-02	8.796151e-02	0.000000e+00	-1.218087e+03	2.074336e+05
3.724700e-01	1.994544e+05	-1.935719e-02	8.824879e-02	0.000000e+00	-4.479300e+03	2.039337e+05
3.736600e-01	1.797643e+05	-1.946238e-02	8.851734e-02	0.000000e+00	-2.089696e+02	1.799733e+05
3.748500e-01	2.060475e+05	-1.956786e-02	8.879056e-02	0.000000e+00	-2.869112e+03	2.089166e+05
3.760400e-01	1.952571e+05	-1.967370e-02	8.907475e-02	0.000000e+00	-1.621533e+03	1.968786e+05
3.772300e-01	1.893565e+05	-1.977986e-02	8.934712e-02	0.000000e+00	-7.864209e+03	1.972207e+05
3.784200e-01	1.785112e+05	-1.988635e-02	8.960763e-02	0.000000e+00	-5.800834e+03	1.843120e+05
3.796100e-01	1.763853e+05	-1.999313e-02	8.985896e-02	0.000000e+00	-2.386148e+03	1.787715e+05
3.808000e-01	2.043429e+05	-2.010021e-02	9.012857e-02	0.000000e+00	-3.615460e+03	2.079584e+05
3.819900e-01	1.807538e+05	-2.020763e-02	9.040129e-02	0.000000e+00	-3.927547e+03	1.846813e+05
3.831800e-01	2.016729e+05	-2.031536e-02	9.067211e-02	0.000000e+00	-6.020176e+02	2.022749e+05
3.843700e-01	1.827868e+05	-2.042343e-02	9.094437e-02	0.000000e+00	-2.376672e+03	1.851634e+05
3.855600e-01	1.936906e+05	-2.053181e-02	9.121098e-02	0.000000e+00	-3.220729e+03	1.969114e+05
3.867500e-01	1.854570e+05	-2.064052e-02	9.147947e-02	0.000000e+00	-3.072258e+03	1.885293e+05
3.879400e-01	1.857858e+05	-2.074953e-02	9.174238e-02	0.000000e+00	-2.139457e+03	1.879252e+05
3.891300e-01	1.724350e+05	-2.085886e-02	9.199605e-02	0.000000e+00	-5.020814e+03	1.774558e+05
3.903200e-01	1.787932e+05	-2.096848e-02	9.224478e-02	0.000000e+00	-5.224491e+03	1.840177e+05
3.915100e-01	1.887612e+05	-2.107841e-02	9.250507e-02	0.000000e+00	-4.581352e+03	1.933425e+05
3.927000e-01	2.189760e+05	-2.118865e-02	9.279382e-02	0.000000e+00	-3.911394e+03	2.228874e+05
3.938900e-01	2.083728e+05	-2.129926e-02	9.309645e-02	0.000000e+00	-2.646363e+03	2.110191e+05
3.950800e-01	2.095848e+05	-2.141022e-02	9.339243e-02	0.000000e+00	-1.572237e+03	2.111570e+05
3.962700e-01	2.063565e+05	-2.152153e-02	9.368699e-02	0.000000e+00	-3.473446e+03	2.098300e+05
3.974600e-01	1.934246e+05	-2.163319e-02	9.397010e-02	0.000000e+00	-7.059750e+03	2.004844e+05
3.986500e-01	1.971848e+05	-2.174518e-02	9.424671e-02	0.000000e+00	-2.450979e+03	1.996358e+05
3.998400e-01	2.024378e+05	-2.185750e-02	9.452971e-02	0.000000e+00	-5.716190e+03	2.081540e+05
4.010300e-01	1.995295e+05	-2.197016e-02	9.481437e-02	0.000000e+00	-4.777824e+03	2.043074e+05
4.022200e-01	1.839321e+05	-2.208316e-02	9.508593e-02	0.000000e+00	-1.327207e+03	1.852593e+05
4.034100e-01	1.815987e+05	-2.219646e-02	9.534478e-02	0.000000e+00	-1.998288e+03	1.835969e+05
4.046000e-01	1.999695e+05	-2.231008e-02	9.561499e-02	0.000000e+00	-1.828866e+03	2.017984e+05
4.057900e-01	1.979926e+05	-2.242403e-02	9.589682e-02	0.000000e+00	-1.643389e+03	1.996360e+05
4.069800e-01	1.903009e+05	-2.253831e-02	9.617179e-02	0.000000e+00	-4.840081e+03	1.951410e+05
4.081700e-01	1.929015e+05	-2.265292e-02	9.644316e-02	0.000000e+00	-2.407350e+03	1.953089e+05
4.093600e-01	1.884651e+05	-2.276785e-02	9.671323e-02	0.000000e+00	-1.494943e+03	1.899600e+05
4.105500e-01	1.776854e+05	-2.288309e-02	9.697253e-02	0.000000e+00	-4.157281e+03	1.818427e+05
4.117400e-01	1.982813e+05	-2.299864e-02	9.723877e-02	0.000000e+00	-1.810883e+03	2.000922e+05
4.129300e-01	2.085193e+05	-2.311452e-02	9.752686e-02	0.000000e+00	-2.367069e+03	2.108864e+05
4.141200e-01	2.023246e+05	-2.323075e-02	9.781780e-02	0.000000e+00	-1.345957e+03	2.036706e+05
4.153100e-01	2.055653e+05	-2.334733e-02	9.810666e-02	0.000000e+00	-4.435628e+03	2.100009e+05
4.165000e-01	1.989010e+05	-2.346425e-02	9.839308e-02	0.000000e+00	-3.768491e+03	2.026695e+05
4.176900e-01	2.039285e+05	-2.358150e-02	9.867835e-02	0.000000e+00	-1.364199e+03	2.052927e+05
4.188800e-01	2.142754e+05	-2.369910e-02	9.897451e-02	0.000000e+00	-2.245786e+03	2.165212e+05
4.200700e-01	1.997290e+05	-2.381706e-02	9.926769e-02	0.000000e+00	-1.652624e+03	2.013816e+05
4.212600e-01	1.911113e+05	-2.393536e-02	9.954447e-02	0.000000e+00	-3.340999e+03	1.944523e+05
4.224500e-01	2.060943e+05	-2.405398e-02	9.982576e-02	0.000000e+00	-3.720408e+03	2.098147e+05
4.236400e-01	2.002715e+05	-2.417295e-02	1.001135e-01	0.000000e+00	-3.031686e+03	2.033032e+05
4.248300e-01	2.053896e+05	-2.429225e-02	1.004008e-01	0.000000e+00	-3.229351e+03	2.086189e+05
4.260200e-01	2.057556e+05	-2.441190e-02	1.006920e-01	0.000000e+00	-4.480290e+03	2.102359e+05
4.272100e-01	1.805199e+05	-2.453190e-02	1.009655e-01	0.000000e+00	-4.207526e+03	1.847274e+05
4.284000e-01	2.052891e+05	-2.465220e-02	1.012387e-01	0.000000e+00	-2.568776e+03	2.078579e+05
4.295900e-01	1.823279e+05	-2.477284e-02	1.015132e-01	0.000000e+00	-4.828541e+03	1.871564e+05
4.307800e-01	1.940299e+05	-2.489380e-02	1.017798e-01	0.000000e+00	-3.293419e+03	1.973233e+05
4.319700e-01	1.976329e+05	-2.501508e-02	1.020571e-01	0.000000e+00	-2.797387e+03	2.004303e+05
4.331600e-01	2.053492e+05	-2.513669e-02	1.023425e-01	0.000000e+00	-4.038171e+03	2.093874e+05
4.343500e-01	1.902509e+05	-2.525865e-02	1.026226e-01	0.000000e+00	-2.683827e+03	1.929347e+05
4.355400e-01	1.848914e+05	-2.538094e-02	1.028883e-01	0.000000e+00	-3.443201e+03	1.883346e+05
4.367300e-01	1.839756e+05	-2.550353e-02	1.031495e-01	0.000000e+00	-4.722076e+03	1.886976e+05
4.379200e-01	1.902523e+05	-2.562643e-02	1.034145e-01	0.000000e+00	-1.827778e+03	1.920801e+05
4.391100e-01	2.024383e+05	-2.574966e-02	1.036926e-01	0.000000e+00	-2.773516e+03	2.052118e+05
4.403000e-01	2.035660e+05	-2.587322e-02	1.039801e-01	0.000000e+00	-4.415152e+03	2.079812e+05
4.414900e-01	1.799101e+05	-2.599713e-02	1.042517e-01	0.000000e+00	-4.845742e+03	1.847558e+05
4.426800e-01	1.905561e+05	-2.612134e-02	1.045141e-01	0.000000e+00	-3.284092e+03	1.938402e+05
4.438700e-01	2.023260e+05	-2.624587e-02	1.047923e-01	0.000000e+00	-4.458103e+03	2.067841e+05
4.450600e-01	1.962480e+05	-2.637075e-02	1.050745e-01	0.000000e+00	-5.685811e+03	2.019338e+05
4.462500e-01	1.797048e+05	-2.649595e-02	1.053408e-01	0.000000e+00	-4.257257e+03	1.839621e+05
4.474400e-01	1.879667e+05	-2.662146e-02	1.056011e-01	0.000000e+00	-2.546548e+03	1.905132e+05
4.486300e-01	2.057820e+05	-2.674728e-02	1.058800e-01	0.000000e+00	-4.563673e+03	2.103457e+05
4.498200e-01	1.943850e+05	-2.687345e-02	1.061634e-01	0.000000e+00	-5.005774e+03	1.993908e+05
4.510100e-01	2.069675e+05	-2.699995e-02	1.064476e-01	0.000000e+00	-3.579093e+03	2.105466e+05
4.522000e-01	2.151593e+05	-2.712680e-02	1.067465e-01	0.000000e+00	-2.022265e+03	2.171816e+05
4.533900e-01	1.971907e+05	-2.725401e-02	1.070385e-01	0.000000e+00	-1.830105e+03	1.990208e+05
4.545800e-01	2.083898e+05	-2.738155e-02	1.073258e-01	0.000000e+00	-1.388315e+03	2.097781e+05
4.557700e-01	2.132573e+05	-2.750944e-02	1.076244e-01	0.000000e+00	-1.883588e+03	2.151409e+05
4.569600e-01	1.988687e+05	-2.763769e-02	1.079162e-01	0.000000e+00	-3.483441e+03	2.023522e+05
4.581500e-01	2.140755e+05	-2.776628e-02	1.082086e-01	0.000000e+00	-3.408140e+03	2.174836e+05
4.593400e-01	2.137081e+05	-2.789523e-02	1.085116e-01	0.000000e+00	-6.887447e+03	2.205955e+05
4.605300e-01	1.910657e+05	-2.802454e-02	1.087982e-01	0.000000e+00	-3.044129e+03	1.941099e+05
4.617200e-01	1.982446e+05	-2.815417e-02	1.090739e-01	0.000000e+00	-7.259965e+02	1.989706e+05
4.629100e-01	1.865778e+05	-2.828414e-02	1.093464e-01	0.000000e+00	-2.788323e+03	1.893661e+05
4.641000e-01	1.965067e+05	-2.841441e-02	1.096177e-01	0.000000e+00	-4.184733e+03	2.006914e+05
4.652900e-01	1.932437e+05	-2.854503e-02	1.098937e-01	0.000000e+00	-3.225037e+03	1.964687e+05
4.664800e-01	2.076266e+05	-2.867596e-02	1.101776e-01	0.000000e+00	-2.079592e+03	2.097062e+05
4.676700e-01	2.034566e+05	-2.880725e-02	1.104687e-01	0.000000e+00	-3.657649e+03	2.071143e+05
4.688600e-01	2.076449e+05	-2.893888e-02	1.107599e-01	0.000000e+00	-3.328363e+03	2.109733e+05
4.700500e-01	1.981801e+05	-2.907086e-02	1.110473e-01	0.000000e+00	-2.258583e+03	2.004387e+05
4.712400e-01	2.178839e+05	-2.920317e-02	1.113419e-01	0.000000e+00	-4.407990e+02	2.183247e+05
4.724300e-01	2.233462e+05	-2.933585e-02	1.116544e-01	0.000000e+00	-1.602995e+03	2.249492e+05
4.736200e-01	2.102398e+05	-2.946891e-02	1.119614e-01	0.000000e+00	-3.943314e+03	2.141831e+05
4.748100e-01	1.971799e+05	-2.960232e-02	1.122499e-01	0.000000e+00	-6.064920e+03	2.032448e+05
4.760000e-01	2.015491e+05	-2.973606e-02	1.125323e-01	0.000000e+00	-3.362280e+03	2.049114e+05
4.771900e-01	2.197198e+05	-2.987015e-02	1.128306e-01	0.000000e+00	-2.937722e+03	2.226575e+05
4.783800e-01	1.988080e+05	-3.000460e-02	1.131270e-01	0.000000e+00	-2.459365e+03	2.012674e+05
4.795700e-01	2.283477e+05	-3.013939e-02	1.134295e-01	0.000000e+00	-3.160963e+03	2.315087e+05
4.807600e-01	2.161837e+05	-3.027456e-02	1.137443e-01	0.000000e+00	-4.204496e+03	2.203882e+05
4.819500e-01	2.041443e+05	-3.041010e-02	1.140420e-01	0.000000e+00	-2.516047e+03	2.066603e+05
4.831400e-01	1.981614e+05	-3.054598e-02	1.143269e-01	0.000000e+00	-1.375164e+03	1.995366e+05
4.843300e-01	2.136566e+05	-3.068220e-02	1.146185e-01	0.000000e+00	-2.790523e+03	2.164471e+05
4.855200e-01	2.043283e+05	-3.081877e-02	1.149145e-01	0.000000e+00	-4.462868e+03	2.087911e+05
4.867100e-01	2.045266e+05	-3.095569e-02	1.152040e-01	0.000000e+00	-3.479268e+03	2.080058e+05
4.879000e-01	2.147489e+05	-3.109296e-02	1.155010e-01	0.000000e+00	-2.407515e+03	2.171564e+05
4.890900e-01	1.917053e+05	-3.123059e-02	1.157888e-01	0.000000e+00	-6.517285e+03	1.982226e+05
4.902800e-01	2.093629e+05	-3.136854e-02	1.160728e-01	0.000000e+00	-4.761967e+03	2.141249e+05
4.914700e-01	2.264882e+05	-3.150684e-02	1.163815e-01	0.000000e+00	-2.599073e+03	2.290873e+05
4.926600e-01	2.348247e+05	-3.164552e-02	1.167082e-01	0.000000e+00	-1.780707e+03	2.366054e+05
4.938500e-01	1.972651e+05	-3.178460e-02	1.170141e-01	0.000000e+00	-1.710458e+03	1.989756e+05
4.950400e-01	1.967101e+05	-3.192402e-02	1.172931e-01	0.000000e+00	-3.046388e+03	1.997565e+05
4.962300e-01	1.985676e+05	-3.206376e-02	1.175731e-01	0.000000e+00	-1.203238e+03	1.997708e+05
4.974200e-01	2.188212e+05	-3.220384e-02	1.178686e-01	0.000000e+00	-1.738224e+03	2.205595e+05
4.986100e-01	2.023073e+05	-3.234429e-02	1.181669e-01	0.000000e+00	-8.606587e+02	2.031679e+05
4.998000e-01	1.957422e+05	-3.248508e-02	1.184488e-01	0.000000e+00	-1.181626e+03	1.969238e+05
5.009900e-01	2.023225e+05	-3.262620e-02	1.187307e-01	0.000000e+00	-2.369223e+03	2.046917e+05
5.021800e-01	2.141911e+05	-3.276766e-02	1.190256e-01	0.000000e+00	-3.071063e+03	2.172622e+05
5.033700e-01	2.165548e+05	-3.290948e-02	1.193307e-01	0.000000e+00	-1.181737e+03	2.177366e+05
5.045600e-01	1.959234e+05	-3.305166e-02	1.196228e-01	0.000000e+00	-3.378952e+03	1.993023e+05
5.057500e-01	2.058803e+05	-3.319418e-02	1.199073e-01	0.000000e+00	-4.193457e+03	2.100737e+05
5.069400e-01	2.002981e+05	-3.333704e-02	1.201949e-01	0.000000e+00	-2.587731e+03	2.028859e+05
5.081300e-01	1.936275e+05	-3.348024e-02	1.204739e-01	0.000000e+00	-2.927313e+03	1.965548e+05
5.093200e-01	2.203234e+05	-3.362377e-02	1.207671e-01	0.000000e+00	-4.327329e+03	2.246507e+05
5.105100e-01	2.137036e+05	-3.376767e-02	1.210744e-01	0.000000e+00	-2.996977e+03	2.167006e+05
5.117000e-01	2.161141e+05	-3.391193e-02	1.213788e-01	0.000000e+00	-1.861335e+03	2.179754e+05
5.128900e-01	1.955307e+05	-3.405655e-02	1.216703e-01	0.000000e+00	-4.605207e+03	2.001359e+05
5.140800e-01	2.039066e+05	-3.420150e-02	1.219532e-01	0.000000e+00	-2.924788e+03	2.068314e+05
5.152700e-01	2.081248e+05	-3.434680e-02	1.222450e-01	0.000000e+00	-2.019578e+03	2.101444e+05
5.164600e-01	2.214098e+05	-3.449245e-02	1.225491e-01	0.000000e+00	-3.233564e+03	2.246434e+05
5.176500e-01	2.044373e+05	-3.463847e-02	1.228507e-01	0.000000e+00	-2.182142e+03	2.066195e+05
5.188400e-01	2.071381e+05	-3.478483e-02	1.231422e-01	0.000000e+00	-1.231496e+03	2.083696e+05
5.200300e-01	2.148312e+05	-3.493155e-02	1.234410e-01	0.000000e+00	-4.200190e+03	2.190314e+05
5.212200e-01	2.258141e+05	-3.507862e-02	1.237530e-01	0.000000e+00	-4.025715e+03	2.298398e+05
5.224100e-01	2.211163e+05	-3.522608e-02	1.240695e-01	0.000000e+00	-3.454537e+03	2.245708e+05
5.236000e-01	2.204419e+05	-3.537391e-02	1.243822e-01	0.000000e+00	-3.951528e+03	2.243934e+05
5.247900e-01	2.148518e+05	-3.552211e-02	1.246905e-01	0.000000e+00	-3.251228e+03	2.181030e+05
5.259800e-01	2.072736e+05	-3.567067e-02	1.249894e-01	0.000000e+00	-2.627085e+03	2.099007e+05
5.271700e-01	2.098324e+05	-3.581958e-02	1.252848e-01	0.000000e+00	-3.036173e+03	2.128686e+05
5.283600e-01	2.061731e+05	-3.596885e-02	1.255794e-01	0.000000e+00	-2.133650e+03	2.083067e+05
5.295500e-01	1.924138e+05	-3.611846e-02	1.258617e-01	0.000000e+00	-3.290405e+03	1.957042e+05
5.307400e-01	2.003530e+05	-3.626840e-02	1.261398e-01	0.000000e+00	-2.201584e+03	2.025546e+05
5.319300e-01	2.188179e+05	-3.641867e-02	1.264367e-01	0.000000e+00	-1.737697e+03	2.205556e+05
5.331200e-01	2.256019e+05	-3.656932e-02	1.267514e-01	0.000000e+00	-1.958369e+03	2.275603e+05
5.343100e-01	1.928165e+05	-3.672034e-02	1.270477e-01	0.000000e+00	-1.671090e+03	1.944876e+05
5.355000e-01	1.994805e+05	-3.687169e-02	1.273255e-01	0.000000e+00	-1.929400e+03	2.014099e+05
5.366900e-01	2.113463e+05	-3.702338e-02	1.276164e-01	0.000000e+00	-4.673519e+03	2.160198e+05
5.378800e-01	2.283083e+05	-3.717542e-02	1.279278e-01	0.000000e+00	-2.182486e+03	2.304908e+05
5.390700e-01	2.043767e+05	-3.732785e-02	1.282342e-01	0.000000e+00	-2.251648e+03	2.066284e+05
5.402600e-01	1.938216e+05	-3.748062e-02	1.285162e-01	0.000000e+00	-2.929942e+03	1.967516e+05
5.414500e-01	2.078269e+05	-3.763371e-02	1.288006e-01	0.000000e+00	-3.515662e+03	2.113426e+05
5.426400e-01	2.023310e+05	-3.778716e-02	1.290911e-01	0.000000e+00	-1.514489e+03	2.038455e+05
5.438300e-01	2.241262e+05	-3.794095e-02	1.293931e-01	0.000000e+00	-3.005188e+03	2.271314e+05
5.450200e-01	2.055664e+05	-3.809512e-02	1.296974e-01	0.000000e+00	-1.297468e+03	2.068638e+05
5.462100e-01	2.129489e+05	-3.824963e-02	1.299938e-01	0.000000e+00	-1.861520e+03	2.148104e+05
5.474000e-01	2.045791e+05	-3.840450e-02	1.302894e-01	0.000000e+00	-3.599544e+03	2.081786e+05
5.485900e-01	2.070455e+05	-3.855972e-02	1.305809e-01	0.000000e+00	-2.636413e+03	2.096819e+05
5.497800e-01	2.067802e+05	-3.871529e-02	1.308740e-01	0.000000e+00	-2.359135e+03	2.091394e+05
5.509700e-01	1.926375e+05	-3.887120e-02	1.311568e-01	0.000000e+00	-9.269882e+02	1.935644e+05
5.521600e-01	2.124992e+05	-3.902744e-02	1.314438e-01	0.000000e+00	-2.055752e+03	2.145550e+05
5.533500e-01	2.212569e+05	-3.918404e-02	1.317509e-01	0.000000e+00	-3.522447e+03	2.247793e+05
5.545400e-01	2.083120e+05	-3.934101e-02	1.320551e-01	0.000000e+00	-3.709963e+03	2.120220e+05
5.557300e-01	2.078558e+05	-3.949833e-02	1.323498e-01	0.000000e+00	-2.674732e+03	2.105305e+05
5.569200e-01	2.114923e+05	-3.965600e-02	1.326468e-01	0.000000e+00	-2.711750e+03	2.142040e+05
5.581100e-01	2.185679e+05	-3.981403e-02	1.329514e-01	0.000000e+00	-4.443662e+03	2.230115e+05
5.593000e-01	2.115780e+05	-3.997242e-02	1.332560e-01	0.000000e+00	-1.908433e+03	2.134865e+05
5.604900e-01	2.050383e+05	-4.013118e-02	1.335510e-01	0.000000e+00	-2.105623e+03	2.071440e+05
5.616800e-01	2.029234e+05	-4.029027e-02	1.338399e-01	0.000000e+00	-3.138422e+03	2.060619e+05
5.628700e-01	2.161355e+05	-4.044971e-02	1.341367e-01	0.000000e+00	-2.939632e+03	2.190751e+05
5.640600e-01	2.166713e+05	-4.060952e-02	1.344432e-01	0.000000e+00	-2.013716e+03	2.186850e+05
5.652500e-01	2.165669e+05	-4.076969e-02	1.347500e-01	0.000000e+00	-1.310209e+03	2.178771e+05
5.664400e-01	1.915300e+05	-4.093022e-02	1.350390e-01	0.000000e+00	-3.693012e+03	1.952230e+05
5.676300e-01	2.021331e+05	-4.109108e-02	1.353178e-01	0.000000e+00	-2.804017e+03	2.049371e+05
5.688200e-01	2.102997e+05	-4.125228e-02	1.356098e-01	0.000000e+00	-2.297227e+03	2.125969e+05
5.700100e-01	2.090716e+05	-4.141383e-02	1.359068e-01	0.000000e+00	-6.015576e+02	2.096732e+05
5.712000e-01	2.164698e+05	-4.157574e-02	1.362082e-01	0.000000e+00	-1.097790e+03	2.175676e+05
5.723900e-01	2.095776e+05	-4.173801e-02	1.365099e-01	0.000000e+00	-2.679497e+03	2.122571e+05
5.735800e-01	2.253465e+05	-4.190063e-02	1.368179e-01	0.000000e+00	-1.300239e+03	2.266468e+05
5.747700e-01	2.068216e+05	-4.206364e-02	1.371239e-01	0.000000e+00	-2.423158e+03	2.092448e+05
5.759600e-01	2.204181e+05	-4.222699e-02	1.374265e-01	0.000000e+00	-2.445504e+03	2.228636e+05
5.771500e-01	2.025141e+05	-4.239071e-02	1.377260e-01	0.000000e+00	-3.691243e+03	2.062053e+05
5.783400e-01	1.901020e+05	-4.255478e-02	1.380040e-01	0.000000e+00	-2.083324e+03	1.921853e+05
5.795300e-01	2.124451e+05	-4.271916e-02	1.382891e-01	0.000000e+00	-2.074440e+03	2.145196e+05
5.807200e-01	2.203668e+05	-4.288390e-02	1.385956e-01	0.000000e+00	-3.406927e+03	2.237737e+05
5.819100e-01	2.233324e+05	-4.304902e-02	1.389098e-01	0.000000e+00	-7.034754e+02	2.240359e+05
5.831000e-01	1.939091e+05	-4.321451e-02	1.392053e-01	0.000000e+00	-1.380703e+03	1.952898e+05
5.842900e-01	2.108697e+05	-4.338033e-02	1.394919e-01	0.000000e+00	-3.655263e+03	2.145250e+05
5.854800e-01	1.976174e+05	-4.354650e-02	1.397812e-01	0.000000e+00	-4.672194e+03	2.022896e+05
5.866700e-01	2.256259e+05	-4.371301e-02	1.400809e-01	0.000000e+00	-3.032287e+03	2.286582e+05
5.878600e-01	2.137434e+05	-4.387989e-02	1.403921e-01	0.000000e+00	-1.937268e+03	2.156806e+05
5.890500e-01	2.242660e+05	-4.404714e-02	1.407023e-01	0.000000e+00	-2.455581e+03	2.267216e+05
5.902400e-01	2.396299e+05	-4.421476e-02	1.410308e-01	0.000000e+00	-1.654427e+03	2.412844e+05
5.914300e-01	2.368517e+05	-4.438279e-02	1.413682e-01	0.000000e+00	-4.485702e+03	2.413374e+05
5.926200e-01	2.162410e+05	-4.455122e-02	1.416891e-01	0.000000e+00	-2.108759e+03	2.183497e+05
5.938100e-01	2.185857e+05	-4.472001e-02	1.419970e-01	0.000000e+00	-2.002599e+03	2.205883e+05
5.950000e-01	2.148677e+05	-4.488917e-02	1.423040e-01	0.000000e+00	-4.093037e+03	2.189607e+05
5.961900e-01	2.241073e+05	-4.505870e-02	1.426148e-01	0.000000e+00	-1.932934e+03	2.260403e+05
5.973800e-01	2.059866e+05	-4.522860e-02	1.429194e-01	0.000000e+00	-3.788954e+03	2.097756e+05
5.985700e-01	2.179132e+05	-4.539884e-02	1.432196e-01	0.000000e+00	-2.792479e+03	2.207057e+05
5.997600e-01	2.301443e+05	-4.556946e-02	1.435369e-01	0.000000e+00	-2.586643e+03	2.327310e+05
6.009500e-01	2.034451e+05	-4.574046e-02	1.438439e-01	0.000000e+00	-6.596708e+02	2.041048e+05
6.021400e-01	1.940617e+05	-4.591181e-02	1.441254e-01	0.000000e+00	-2.066492e+03	1.961282e+05
6.033300e-01	2.231957e+05	-4.608348e-02	1.444209e-01	0.000000e+00	-1.548620e+03	2.247443e+05
6.045200e-01	2.129594e+05	-4.625553e-02	1.447298e-01	0.000000e+00	-3.182232e+03	2.161416e+05
6.057100e-01	2.020527e+05	-4.642794e-02	1.450237e-01	0.000000e+00	-3.239278e+03	2.052920e+05
6.069000e-01	2.206544e+05	-4.660069e-02	1.453230e-01	0.000000e+00	-2.185343e+03	2.228397e+05
6.080900e-01	2.192320e+05	-4.677381e-02	1.456346e-01	0.000000e+00	-1.304162e+03	2.205362e+05
6.092800e-01	2.200937e+05	-4.694730e-02	1.459457e-01	0.000000e+00	-3.598830e+03	2.236925e+05
6.104700e-01	2.071485e+05	-4.712116e-02	1.462482e-01	0.000000e+00	-1.377746e+03	2.085262e+05
6.116600e-01	2.101192e+05	-4.729537e-02	1.465437e-01	0.000000e+00	-2.760830e+03	2.128801e+05
6.128500e-01	2.305701e+05	-4.746993e-02	1.468558e-01	0.000000e+00	-2.203513e+03	2.327736e+05
6.140400e-01	2.125221e+05	-4.764488e-02	1.471696e-01	0.000000e+00	-3.829285e+03	2.163514e+05
6.152300e-01	2.016741e+05	-4.782019e-02	1.474629e-01	0.000000e+00	-3.693969e+03	2.053681e+05
6.164200e-01	2.054825e+05	-4.799584e-02	1.477512e-01	0.000000e+00	-2.952986e+03	2.084355e+05
6.176100e-01	2.172249e+05	-4.817184e-02	1.480506e-01	0.000000e+00	-2.011034e+03	2.192359e+05
6.188000e-01	2.267353e+05	-4.834820e-02	1.483650e-01	0.000000e+00	-1.137164e+03	2.278725e+05
6.199900e-01	2.181886e+05	-4.852495e-02	1.486801e-01	0.000000e+00	-2.033314e+03	2.202220e+05
6.211800e-01	2.088483e+05	-4.870206e-02	1.489825e-01	0.000000e+00	-2.323709e+03	2.111720e+05
6.223700e-01	2.331188e+05	-4.887953e-02	1.492955e-01	0.000000e+00	-1.443068e+03	2.345619e+05
6.235600e-01	2.150159e+05	-4.905739e-02	1.496128e-01	0.000000e+00	-1.548198e+03	2.165641e+05
6.247500e-01	2.063531e+05	-4.923561e-02	1.499112e-01	0.000000e+00	-2.705934e+03	2.090590e+05
6.259400e-01	2.128887e+05	-4.941418e-02	1.502081e-01	0.000000e+00	-1.548897e+03	2.144376e+05
6.271300e-01	2.085591e+05	-4.959310e-02	1.505066e-01	0.000000e+00	-3.710081e+03	2.122691e+05
6.283200e-01	2.131529e+05	-4.977238e-02	1.508052e-01	0.000000e+00	-2.081375e+03	2.152343e+05
6.295100e-01	2.196698e+05	-4.995202e-02	1.511117e-01	0.000000e+00	-1.363923e+03	2.210337e+05
6.307000e-01	2.135785e+05	-5.013203e-02	1.514185e-01	0.000000e+00	-2.378790e+03	2.159573e+05
6.318900e-01	2.016643e+05	-5.031239e-02	1.517126e-01	0.000000e+00	-1.917030e+03	2.035813e+05
6.330800e-01	2.104173e+05	-5.049310e-02	1.520044e-01	0.000000e+00	-2.188299e+03	2.126056e+05
6.342700e-01	2.270086e+05	-5.067417e-02	1.523142e-01	0.000000e+00	-1.920583e+03	2.289291e+05
6.354600e-01	2.019478e+05	-5.085561e-02	1.526179e-01	0.000000e+00	-2.775076e+03	2.047229e+05
6.366500e-01	2.292069e+05	-5.103740e-02	1.529233e-01	0.000000e+00	-1.616933e+03	2.308238e+05
6.378400e-01	2.145580e+05	-5.121957e-02	1.532375e-01	0.000000e+00	-1.410094e+03	2.159681e+05
6.390300e-01	2.070338e+05	-5.140210e-02	1.535361e-01	0.000000e+00	-4.182555e+03	2.112164e+05
6.402200e-01	2.180605e+05	-5.158498e-02	1.538371e-01	0.000000e+00	-2.600406e+03	2.206609e+05
6.414100e-01	2.139047e+05	-5.176823e-02	1.541430e-01	0.000000e+00	-1.113671e+03	2.150184e+05
6.426000e-01	2.110276e+05	-5.195184e-02	1.544439e-01	0.000000e+00	-1.624865e+03	2.126524e+05
6.437900e-01	2.174180e+05	-5.213581e-02	1.547474e-01	0.000000e+00	-9.471169e+02	2.183651e+05
6.449800e-01	2.325641e+05	-5.232014e-02	1.550660e-01	0.000000e+00	-1.971771e+03	2.345358e+05
6.461700e-01	2.418161e+05	-5.250487e-02	1.554020e-01	0.000000e+00	-4.052682e+03	2.458688e+05
6.473600e-01	2.345934e+05	-5.269000e-02	1.557393e-01	0.000000e+00	-1.938415e+03	2.365319e+05
6.485500e-01	2.178471e+05	-5.287553e-02	1.560597e-01	0.000000e+00	-3.152429e+03	2.209995e+05
6.497400e-01	2.145058e+05	-5.306142e-02	1.563659e-01	0.000000e+00	-1.632283e+03	2.161381e+05
6.509300e-01	2.220123e+05	-5.324768e-02	1.566750e-01	0.000000e+00	-3.904310e+03	2.259166e+05
6.521200e-01	2.454768e+05	-5.343431e-02	1.570061e-01	0.000000e+00	-2.544100e+03	2.480209e+05
6.533100e-01	2.220740e+05	-5.362135e-02	1.573372e-01	0.000000e+00	-2.034233e+03	2.241082e+05
6.545000e-01	2.025760e+05	-5.380877e-02	1.576379e-01	0.000000e+00	-2.772755e+03	2.053487e+05
6.556900e-01	2.150547e+05	-5.399653e-02	1.579337e-01	0.000000e+00	-6.347940e+02	2.156895e+05
6.568800e-01	2.118175e+05	-5.418465e-02	1.582360e-01	0.000000e+00	-1.431412e+03	2.132489e+05
6.580700e-01	2.052915e+05	-5.437313e-02	1.585314e-01	0.000000e+00	-2.835096e+03	2.081266e+05
6.592600e-01	2.166262e+05	-5.456196e-02	1.588301e-01	0.000000e+00	-1.721112e+03	2.183473e+05
6.604500e-01	2.338840e+05	-5.475115e-02	1.591492e-01	0.000000e+00	-1.993934e+03	2.358780e+05
6.616400e-01	2.226298e+05	-5.494073e-02	1.594725e-01	0.000000e+00	-1.308457e+03	2.239382e+05
6.628300e-01	2.344232e+05	-5.513069e-02	1.597961e-01	0.000000e+00	-9.685664e+02	2.353918e+05
6.640200e-01	2.316336e+05	-5.532105e-02	1.601262e-01	0.000000e+00	-9.921130e+02	2.326257e+05
6.652100e-01	2.179080e+05	-5.551179e-02	1.604445e-01	0.000000e+00	-2.502685e+03	2.204107e+05
6.664000e-01	1.963249e+05	-5.570291e-02	1.607379e-01	0.000000e+00	-2.494934e+03	1.988198e+05
6.675900e-01	2.080770e+05	-5.589435e-02	1.610243e-01	0.000000e+00	-4.423271e+03	2.125003e+05
6.687800e-01	2.363572e+05	-5.608614e-02	1.613390e-01	0.000000e+00	-2.090156e+03	2.384474e+05
6.699700e-01	2.075680e+05	-5.627834e-02	1.616534e-01	0.000000e+00	-3.136882e+03	2.107048e+05
6.711600e-01	2.179379e+05	-5.647088e-02	1.619547e-01	0.000000e+00	-4.942490e+03	2.228804e+05
6.723500e-01	2.322405e+05	-5.666379e-02	1.622735e-01	0.000000e+00	-3.364805e+03	2.356053e+05
6.735400e-01	2.131712e+05	-5.685709e-02	1.625889e-01	0.000000e+00	-1.369167e+03	2.145404e+05
6.747300e-01	2.154438e+05	-5.705075e-02	1.628924e-01	0.000000e+00	-1.696836e+03	2.171406e+05
6.759200e-01	2.069342e+05	-5.724477e-02	1.631916e-01	0.000000e+00	-2.023226e+03	2.089574e+05
6.771100e-01	2.152096e+05	-5.743915e-02	1.634905e-01	0.000000e+00	-5.295403e+02	2.157391e+05
6.783000e-01	2.049637e+05	-5.763388e-02	1.637881e-01	0.000000e+00	-2.202058e+03	2.071658e+05
6.794900e-01	2.149072e+05	-5.782896e-02	1.640854e-01	0.000000e+00	-2.177726e+03	2.170849e+05
6.806800e-01	2.368484e+05	-5.802440e-02	1.644053e-01	0.000000e+00	-3.097319e+03	2.399458e+05
6.818700e-01	2.290408e+05	-5.822025e-02	1.647352e-01	0.000000e+00	-1.745996e+03	2.307868e+05
6.830600e-01	2.112466e+05	-5.841647e-02	1.650470e-01	0.000000e+00	-1.458006e+03	2.127046e+05
6.842500e-01	1.999974e+05	-5.861306e-02	1.653383e-01	0.000000e+00	-4.147170e+03	2.041446e+05
6.854400e-01	2.312670e+05	-5.880998e-02	1.656437e-01	0.000000e+00	-1.711120e+03	2.329782e+05
6.866300e-01	2.265123e+05	-5.900729e-02	1.659679e-01	0.000000e+00	-2.093908e+03	2.286062e+05
6.878200e-01	2.267330e+05	-5.920498e-02	1.662888e-01	0.000000e+00	-6.465075e+02	2.273795e+05
6.890100e-01	2.312731e+05	-5.940306e-02	1.666132e-01	0.000000e+00	-5.262592e+02	2.317993e+05
6.902000e-01	2.136470e+05	-5.960152e-02	1.669282e-01	0.000000e+00	-1.712036e+03	2.153590e+05
6.913900e-01	2.184092e+05	-5.980035e-02	1.672342e-01	0.000000e+00	-3.288076e+03	2.216973e+05
6.925800e-01	2.335667e+05	-5.999954e-02	1.675543e-01	0.000000e+00	-4.471680e+03	2.380384e+05
6.937700e-01	2.062990e+05	-6.019913e-02	1.678658e-01	0.000000e+00	-2.023864e+03	2.083228e+05
6.949600e-01	2.112862e+05	-6.039906e-02	1.681615e-01	0.000000e+00	-1.260372e+03	2.125466e+05
6.961500e-01	2.345862e+05	-6.059935e-02	1.684773e-01	0.000000e+00	-1.597764e+03	2.361840e+05
6.973400e-01	2.078416e+05	-6.080004e-02	1.687906e-01	0.000000e+00	-4.597773e+03	2.124394e+05
6.985300e-01	2.230998e+05	-6.100107e-02	1.690957e-01	0.000000e+00	-2.884905e+03	2.259847e+05
6.997200e-01	2.069141e+05	-6.120248e-02	1.694003e-01	0.000000e+00	-2.737502e+03	2.096516e+05
7.009100e-01	2.161903e+05	-6.140424e-02	1.696999e-01	0.000000e+00	-1.178184e+03	2.173685e+05
7.021000e-01	2.163970e+05	-6.160637e-02	1.700062e-01	0.000000e+00	-1.048527e+03	2.174456e+05
7.032900e-01	2.306938e+05	-6.180886e-02	1.703228e-01	0.000000e+00	-1.524519e+03	2.322183e+05
7.044800e-01	2.307078e+05	-6.201174e-02	1.706496e-01	0.000000e+00	-3.679751e+03	2.343875e+05
7.056700e-01	2.457060e+05	-6.221500e-02	1.709870e-01	0.000000e+00	-1.857205e+03	2.475632e+05
7.068600e-01	2.109002e+05	-6.241869e-02	1.713103e-01	0.000000e+00	-2.454711e+03	2.133549e+05
7.080500e-01	2.356183e+05	-6.262272e-02	1.716265e-01	0.000000e+00	-2.313585e+03	2.379319e+05
7.092400e-01	2.181755e+05	-6.282716e-02	1.719479e-01	0.000000e+00	-2.039195e+03	2.202147e+05
7.104300e-01	1.991436e+05	-6.303196e-02	1.722434e-01	0.000000e+00	-1.611378e+03	2.007550e+05
7.116200e-01	2.142513e+05	-6.323710e-02	1.725362e-01	0.000000e+00	-1.722124e+03	2.159734e+05
7.128100e-01	2.038415e+05	-6.344260e-02	1.728323e-01	0.000000e+00	-3.720479e+03	2.075619e+05
7.140000e-01	2.135213e+05	-6.364844e-02	1.731278e-01	0.000000e+00	-2.767362e+03	2.162887e+05
7.151900e-01	2.187940e+05	-6.385464e-02	1.734340e-01	0.000000e+00	-4.138121e+03	2.229322e+05
7.163800e-01	2.212765e+05	-6.406121e-02	1.737456e-01	0.000000e+00	-1.749311e+03	2.230258e+05
7.175700e-01	2.473670e+05	-6.426815e-02	1.740775e-01	0.000000e+00	-3.414685e+03	2.507817e+05
7.187600e-01	2.220936e+05	-6.447551e-02	1.744099e-01	0.000000e+00	-2.367765e+03	2.244613e+05
7.199500e-01	2.131363e+05	-6.468325e-02	1.747182e-01	0.000000e+00	-1.703840e+03	2.148401e+05
7.211400e-01	2.137136e+05	-6.489134e-02	1.750204e-01	0.000000e+00	-2.327644e+03	2.160413e+05
7.223300e-01	2.294653e+05	-6.509980e-02	1.753343e-01	0.000000e+00	-1.656945e+03	2.311222e+05
7.235200e-01	2.367588e+05	-6.530864e-02	1.756644e-01	0.000000e+00	-3.868958e+03	2.406277e+05
7.247100e-01	1.986141e+05	-6.551788e-02	1.759728e-01	0.000000e+00	-1.748349e+03	2.003625e+05
7.259000e-01	2.060544e+05	-6.572745e-02	1.762593e-01	0.000000e+00	-3.402731e+03	2.094571e+05
7.270900e-01	2.080338e+05	-6.593738e-02	1.765526e-01	0.000000e+00	-2.518773e+03	2.105525e+05
7.282800e-01	2.026994e+05	-6.614765e-02	1.768434e-01	0.000000e+00	-1.657125e+03	2.043566e+05
7.294700e-01	2.099032e+05	-6.635826e-02	1.771356e-01	0.000000e+00	-2.174429e+03	2.120776e+05
7.306600e-01	2.200213e+05	-6.656923e-02	1.774401e-01	0.000000e+00	-2.228864e+03	2.222502e+05
7.318500e-01	2.287045e+05	-6.678057e-02	1.777579e-01	0.000000e+00	-1.158814e+03	2.298634e+05
7.330400e-01	2.300592e+05	-6.699230e-02	1.780827e-01	0.000000e+00	-6.922456e+02	2.307515e+05
7.342300e-01	2.049788e+05	-6.720441e-02	1.783908e-01	0.000000e+00	-9.028343e+02	2.058817e+05
7.354200e-01	2.102420e+05	-6.741687e-02	1.786849e-01	0.000000e+00	-2.867954e+03	2.131100e+05
7.366100e-01	2.023455e+05	-6.762968e-02	1.789770e-01	0.000000e+00	-4.046276e+02	2.027501e+05
7.378000e-01	2.224896e+05	-6.784283e-02	1.792779e-01	0.000000e+00	-1.276045e+03	2.237656e+05
7.389900e-01	2.438496e+05	-6.805636e-02	1.796081e-01	0.000000e+00	-8.209953e+02	2.446706e+05
7.401800e-01	2.283437e+05	-6.827030e-02	1.799425e-01	0.000000e+00	-3.139171e+03	2.314829e+05
7.413700e-01	2.268447e+05	-6.848462e-02	1.802649e-01	0.000000e+00	-2.372565e+03	2.292173e+05
7.425600e-01	2.084604e+05	-6.869933e-02	1.805731e-01	0.000000e+00	-1.268743e+03	2.097291e+05
7.437500e-01	2.228343e+05	-6.891439e-02	1.808786e-01	0.000000e+00	-1.190328e+03	2.240246e+05
7.449400e-01	2.337664e+05	-6.912982e-02	1.812019e-01	0.000000e+00	-1.268804e+03	2.350352e+05
7.461300e-01	2.255062e+05	-6.934565e-02	1.815272e-01	0.000000e+00	-1.702087e+03	2.272082e+05
7.473200e-01	2.052844e+05	-6.956186e-02	1.818322e-01	0.000000e+00	-8.423493e+02	2.061268e+05
7.485100e-01	2.119521e+05	-6.977841e-02	1.821277e-01	0.000000e+00	-8.582119e+02	2.128103e+05
7.497000e-01	2.188843e+05	-6.999532e-02	1.824328e-01	0.000000e+00	-8.754167e+02	2.197597e+05
7.508900e-01	2.286329e+05	-7.021260e-02	1.827497e-01	0.000000e+00	-1.386141e+03	2.300190e+05
7.520800e-01	2.141440e+05	-7.043026e-02	1.830633e-01	0.000000e+00	-4.142933e+02	2.145583e+05
7.532700e-01	2.169553e+05	-7.064829e-02	1.833686e-01	0.000000e+00	-2.000809e+03	2.189561e+05
7.544600e-01	2.259005e+05	-7.086668e-02	1.836822e-01	0.000000e+00	-1.597460e+03	2.274980e+05
7.556500e-01	2.088353e+05	-7.108545e-02	1.839901e-01	0.000000e+00	-1.770008e+03	2.106053e+05
7.568400e-01	2.029627e+05	-7.130458e-02	1.842817e-01	0.000000e+00	-1.522032e+03	2.044847e+05
7.580300e-01	2.142676e+05	-7.152404e-02	1.845771e-01	0.000000e+00	-2.112299e+03	2.163799e+05
7.592200e-01	2.117377e+05	-7.174387e-02	1.848788e-01	0.000000e+00	-2.258603e+03	2.139963e+05
7.604100e-01	2.165988e+05	-7.196405e-02	1.851822e-01	0.000000e+00	-3.240706e+03	2.198395e+05
7.616000e-01	2.087856e+05	-7.218460e-02	1.854834e-01	0.000000e+00	-2.190492e+03	2.109761e+05
7.627900e-01	2.038177e+05	-7.240551e-02	1.857756e-01	0.000000e+00	-4.028683e+03	2.078463e+05
7.639800e-01	2.065729e+05	-7.262675e-02	1.860662e-01	0.000000e+00	-3.199040e+03	2.097719e+05
7.651700e-01	2.124643e+05	-7.284834e-02	1.863630e-01	0.000000e+00	-2.097276e+03	2.145615e+05
7.663600e-01	2.007921e+05	-7.307029e-02	1.866556e-01	0.000000e+00	-3.159813e+03	2.039519e+05
7.675500e-01	2.130508e+05	-7.329258e-02	1.869487e-01	0.000000e+00	-3.234590e+03	2.162854e+05
7.687400e-01	2.374062e+05	-7.351523e-02	1.872677e-01	0.000000e+00	-2.184126e+03	2.395904e+05
7.699300e-01	2.304032e+05	-7.373828e-02	1.875990e-01	0.000000e+00	-5.254612e+02	2.309287e+05
7.711200e-01	2.274005e+05	-7.396172e-02	1.879232e-01	0.000000e+00	-4.183535e+01	2.274424e+05
7.723100e-01	2.262749e+05	-7.418554e-02	1.882444e-01	0.000000e+00	-1.552519e+03	2.278274e+05
7.735000e-01	2.317785e+05	-7.440974e-02	1.885688e-01	0.000000e+00	-3.688881e+03	2.354674e+05
7.746900e-01	2.170383e+05	-7.463433e-02	1.888867e-01	0.000000e+00	-2.035951e+03	2.190743e+05
7.758800e-01	2.116961e+05	-7.485929e-02	1.891903e-01	0.000000e+00	-1.002469e+03	2.126986e+05
7.770700e-01	2.217390e+05	-7.508460e-02	1.894972e-01	0.000000e+00	-4.941291e+02	2.222331e+05
7.782600e-01	2.192457e+05	-7.531029e-02	1.898095e-01	0.000000e+00	-3.111104e+03	2.223568e+05
7.794500e-01	2.183052e+05	-7.553635e-02	1.901194e-01	0.000000e+00	-2.725793e+03	2.210310e+05
7.806400e-01	2.207621e+05	-7.576278e-02	1.904303e-01	0.000000e+00	-2.535091e+03	2.232972e+05
7.818300e-01	2.168647e+05	-7.598958e-02	1.907402e-01	0.000000e+00	-2.176356e+03	2.190411e+05
7.830200e-01	2.042878e+05	-7.621674e-02	1.910385e-01	0.000000e+00	-1.453983e+03	2.057418e+05
7.842100e-01	2.177310e+05	-7.644425e-02	1.913373e-01	0.000000e+00	-2.118804e+03	2.198498e+05
7.854000e-01	2.147715e+05	-7.667212e-02	1.916436e-01	0.000000e+00	-2.590368e+03	2.173618e+05
7.865900e-01	2.268308e+05	-7.690036e-02	1.919563e-01	0.000000e+00	-1.998248e+03	2.288290e+05
7.877800e-01	2.045455e+05	-7.712898e-02	1.922618e-01	0.000000e+00	-2.456186e+03	2.070017e+05
7.889700e-01	2.127708e+05	-7.735794e-02	1.925573e-01	0.000000e+00	-7.118054e+02	2.134826e+05
7.901600e-01	2.098176e+05	-7.758726e-02	1.928566e-01	0.000000e+00	-1.720484e+03	2.115381e+05
7.913500e-01	2.080205e+05	-7.781694e-02	1.931525e-01	0.000000e+00	-3.591029e+02	2.083796e+05
7.925400e-01	2.460300e+05	-7.804697e-02	1.934740e-01	0.000000e+00	-6.274169e+02	2.466574e+05
7.937300e-01	2.318278e+05	-7.827741e-02	1.938124e-01	0.000000e+00	-1.497639e+03	2.333254e+05
7.949200e-01	2.184521e+05	-7.850824e-02	1.941313e-01	0.000000e+00	-1.215597e+03	2.196677e+05
7.961100e-01	2.223497e+05	-7.873944e-02	1.944435e-01	0.000000e+00	-8.610277e+02	2.232108e+05
7.973000e-01	2.118274e+05	-7.897102e-02	1.947509e-01	0.000000e+00	-7.698110e+02	2.125972e+05
7.984900e-01	2.369939e+05	-7.920295e-02	1.950688e-01	0.000000e+00	-1.684737e+03	2.386786e+05
7.996800e-01	2.218683e+05	-7.943528e-02	1.953937e-01	0.000000e+00	-1.815780e+03	2.236840e+05
8.008700e-01	2.318995e+05	-7.966799e-02	1.957151e-01	0.000000e+00	-1.612025e+03	2.335115e+05
8.020600e-01	2.233044e+05	-7.990108e-02	1.960374e-01	0.000000e+00	-1.070436e+03	2.243749e+05
8.032500e-01	2.104143e+05	-8.013455e-02	1.963446e-01	0.000000e+00	-1.329154e+03	2.117434e+05
8.044400e-01	2.321408e+05	-8.036838e-02	1.966580e-01	0.000000e+00	-4.626801e+02	2.326034e+05
8.056300e-01	2.377044e+05	-8.060260e-02	1.969907e-01	0.000000e+00	-1.904165e+03	2.396086e+05
8.068200e-01	2.099193e+05	-8.083722e-02	1.973077e-01	0.000000e+00	-1.868778e+03	2.117881e+05
8.080100e-01	2.315988e+05	-8.107219e-02	1.976204e-01	0.000000e+00	-2.972654e+02	2.318961e+05
8.092000e-01	2.125010e+05	-8.130756e-02	1.979349e-01	0.000000e+00	-9.062474e+02	2.134073e+05
8.103900e-01	2.196682e+05	-8.154328e-02	1.982409e-01	0.000000e+00	-1.677960e+03	2.213462e+05
8.115800e-01	2.333533e+05	-8.177937e-02	1.985617e-01	0.000000e+00	-6.433380e+02	2.339966e+05
8.127700e-01	2.269871e+05	-8.201585e-02	1.988877e-01	0.000000e+00	-1.061627e+03	2.280487e+05
8.139600e-01	2.246509e+05	-8.225272e-02	1.992076e-01	0.000000e+00	-2.058052e+03	2.267090e+05
8.151500e-01	2.168183e+05	-8.248997e-02	1.995202e-01	0.000000e+00	-2.450639e+03	2.192690e+05
8.163400e-01	2.123041e+05	-8.272758e-02	1.998241e-01	0.000000e+00	-3.280451e+03	2.155846e+05
8.175300e-01	2.335947e+05	-8.296555e-02	2.001398e-01	0.000000e+00	-3.169377e+02	2.339117e+05
8.187200e-01	2.255090e+05	-8.320391e-02	2.004650e-01	0.000000e+00	-1.550998e+02	2.256641e+05
8.199100e-01	2.416317e+05	-8.344266e-02	2.007958e-01	0.000000e+00	-1.193223e+03	2.428249e+05
8.211000e-01	2.503039e+05	-8.368181e-02	2.011442e-01	0.000000e+00	-6.506403e+02	2.509545e+05
8.222900e-01	2.576085e+05	-8.392138e-02	2.015038e-01	0.000000e+00	-2.700712e+03	2.603092e+05
8.234800e-01	2.134980e+05	-8.416139e-02	2.018375e-01	0.000000e+00	-2.023014e+03	2.155210e+05
8.246700e-01	2.262054e+05	-8.440175e-02	2.021488e-01	0.000000e+00	0.000000e+00	2.262054e+05
8.258600e-01	2.339613e+05	-8.464250e-02	2.024747e-01	0.000000e+00	-2.646984e+02	2.342260e+05
8.270500e-01	2.229749e+05	-8.488364e-02	2.027983e-01	0.000000e+00	-2.456609e+03	2.254315e+05
8.282400e-01	2.090177e+05	-8.512516e-02	2.031042e-01	0.000000e+00	-1.480374e+03	2.104981e+05
8.294300e-01	2.174262e+05	-8.536703e-02	2.034062e-01	0.000000e+00	-1.111488e+03	2.185377e+05
8.306200e-01	2.250252e+05	-8.560927e-02	2.037195e-01	0.000000e+00	-1.406273e+03	2.264315e+05
8.318100e-01	2.286693e+05	-8.585188e-02	2.040408e-01	0.000000e+00	-1.381435e+03	2.300508e+05
8.330000e-01	2.330072e+05	-8.609488e-02	2.043678e-01	0.000000e+00	-1.870623e+03	2.348778e+05
8.341900e-01	2.381831e+05	-8.633828e-02	2.047015e-01	0.000000e+00	-1.661994e+03	2.398451e+05
8.353800e-01	2.320941e+05	-8.658207e-02	2.050345e-01	0.000000e+00	-2.970377e+03	2.350645e+05
8.365700e-01	2.261830e+05	-8.682626e-02	2.053590e-01	0.000000e+00	-1.394900e+03	2.275779e+05
8.377600e-01	2.223647e+05	-8.707083e-02	2.056767e-01	0.000000e+00	-1.339628e+03	2.237044e+05
8.389500e-01	2.009654e+05	-8.731577e-02	2.059765e-01	0.000000e+00	-1.747819e+03	2.027132e+05
8.401400e-01	2.154655e+05	-8.756105e-02	2.062714e-01	0.000000e+00	-3.490418e+02	2.158145e+05
8.413300e-01	2.201546e+05	-8.780670e-02	2.065799e-01	0.000000e+00	-7.328068e+02	2.208874e+05
8.425200e-01	2.270799e+05	-8.805271e-02	2.068966e-01	0.000000e+00	-1.047816e+03	2.281277e+05
8.437100e-01	2.323962e+05	-8.829911e-02	2.072220e-01	0.000000e+00	-2.903191e+03	2.352994e+05
8.449000e-01	2.400360e+05	-8.854590e-02	2.075565e-01	0.000000e+00	-4.716502e+02	2.405076e+05
8.460900e-01	2.212952e+05	-8.879310e-02	2.078832e-01	0.000000e+00	-1.459695e+03	2.227549e+05
8.472800e-01	2.055849e+05	-8.904066e-02	2.081855e-01	0.000000e+00	-1.273340e+03	2.068582e+05
8.484700e-01	2.000201e+05	-8.928858e-02	2.084728e-01	0.000000e+00	-2.702168e+03	2.027223e+05
8.496600e-01	2.135424e+05	-8.953683e-02	2.087656e-01	0.000000e+00	-7.559048e+02	2.142983e+05
8.508500e-01	2.183559e+05	-8.978544e-02	2.090715e-01	0.000000e+00	-9.677702e+02	2.193237e+05
8.520400e-01	2.212383e+05	-9.003442e-02	2.093828e-01	0.000000e+00	-2.992780e+02	2.215376e+05
8.532300e-01	2.278255e+05	-9.028377e-02	2.097008e-01	0.000000e+00	-1.837620e+03	2.296632e+05
8.544200e-01	2.272155e+05	-9.053351e-02	2.100230e-01	0.000000e+00	-2.013267e+03	2.292287e+05
8.556100e-01	2.477373e+05	-9.078362e-02	2.103594e-01	0.000000e+00	-6.168570e+02	2.483541e+05
8.568000e-01	2.179586e+05	-9.103416e-02	2.106892e-01	0.000000e+00	-1.298501e+03	2.192571e+05
8.579900e-01	2.115946e+05	-9.128507e-02	2.109934e-01	0.000000e+00	-1.355544e+03	2.129501e+05
8.591800e-01	2.340548e+05	-9.153633e-02	2.113090e-01	0.000000e+00	-2.397307e+03	2.364521e+05
8.603700e-01	2.154636e+05	-9.178798e-02	2.116273e-01	0.000000e+00	-1.085399e+03	2.165490e+05
8.615600e-01	2.172814e+05	-9.204000e-02	2.119337e-01	0.000000e+00	-2.417752e+03	2.196991e+05
8.627500e-01	2.103897e+05	-9.229238e-02	2.122366e-01	0.000000e+00	-6.393122e+02	2.110290e+05
8.639400e-01	2.216892e+05	-9.254512e-02	2.125426e-01	0.000000e+00	-1.469319e+03	2.231586e+05
8.651300e-01	2.174533e+05	-9.279823e-02	2.128536e-01	0.000000e+00	-1.173577e+03	2.186269e+05
8.663200e-01	2.125774e+05	-9.305171e-02	2.131581e-01	0.000000e+00	-4.487685e+02	2.130262e+05
8.675100e-01	2.089542e+05	-9.330555e-02	2.134566e-01	0.000000e+00	-2.030573e+03	2.109848e+05
8.687000e-01	2.275489e+05	-9.355974e-02	2.137657e-01	0.000000e+00	-3.371519e+03	2.309204e+05
8.698900e-01	2.090304e+05	-9.381431e-02	2.140749e-01	0.000000e+00	-1.992963e+03	2.110233e+05
8.710800e-01	2.190435e+05	-9.406924e-02	2.143781e-01	0.000000e+00	-1.664252e+03	2.207077e+05
8.722700e-01	2.372282e+05	-9.432453e-02	2.147012e-01	0.000000e+00	-2.034099e+03	2.392623e+05
8.734600e-01	2.290844e+05	-9.458023e-02	2.150314e-01	0.000000e+00	-1.997265e+03	2.310816e+05
8.746500e-01	2.351709e+05	-9.483631e-02	2.153602e-01	0.000000e+00	-1.430818e+03	2.366018e+05
8.758400e-01	2.213437e+05	-9.509278e-02	2.156835e-01	0.000000e+00	-1.348677e+03	2.226923e+05
8.770300e-01	2.204230e+05	-9.534963e-02	2.159963e-01	0.000000e+00	-8.739475e+02	2.212969e+05
8.782200e-01	2.247170e+05	-9.560686e-02	2.163115e-01	0.000000e+00	-5.699216e+02	2.252870e+05
8.794100e-01	2.220150e+05	-9.586446e-02	2.166279e-01	0.000000e+00	-1.275634e+03	2.232906e+05
8.806000e-01	2.234543e+05	-9.612243e-02	2.169434e-01	0.000000e+00	-1.364817e+03	2.248191e+05
8.817900e-01	2.277054e+05	-9.638078e-02	2.172629e-01	0.000000e+00	-1.764062e+03	2.294694e+05
8.829800e-01	2.523830e+05	-9.663952e-02	2.176028e-01	0.000000e+00	-2.580013e+03	2.549630e+05
8.841700e-01	2.279671e+05	-9.689868e-02	2.179430e-01	0.000000e+00	-2.693017e+03	2.306601e+05
8.853600e-01	2.365531e+05	-9.715822e-02	2.182720e-01	0.000000e+00	-6.769040e+02	2.372300e+05
8.865500e-01	2.306665e+05	-9.741816e-02	2.186028e-01	0.000000e+00	-6.095021e+02	2.312760e+05
8.877400e-01	2.347332e+05	-9.767849e-02	2.189324e-01	0.000000e+00	-1.306204e+03	2.360394e+05
8.889300e-01	2.262584e+05	-9.793922e-02	2.192589e-01	0.000000e+00	-1.847273e+03	2.281057e+05
8.901200e-01	2.149919e+05	-9.820033e-02	2.195713e-01	0.000000e+00	-1.279038e+03	2.162709e+05
8.913100e-01	2.175096e+05	-9.846180e-02	2.198776e-01	0.000000e+00	-8.293947e+02	2.183390e+05
8.925000e-01	2.155336e+05	-9.872364e-02	2.201843e-01	0.000000e+00	-2.984312e+03	2.185179e+05
8.936900e-01	2.207115e+05	-9.898584e-02	2.204932e-01	0.000000e+00	-1.060161e+03	2.217717e+05
8.948800e-01	2.292706e+05	-9.924841e-02	2.208119e-01	0.000000e+00	-2.109454e+03	2.313800e+05
8.960700e-01	2.047677e+05	-9.951137e-02	2.211193e-01	0.000000e+00	-5.797041e+02	2.053474e+05
8.972600e-01	2.098412e+05	-9.977468e-02	2.214129e-01	0.000000e+00	-5.485230e+02	2.103898e+05
8.984500e-01	2.338557e+05	-1.000383e-01	2.217271e-01	0.000000e+00	-7.947083e+02	2.346504e+05
8.996400e-01	2.200090e+05	-1.003024e-01	2.220485e-01	0.000000e+00	-6.373644e+02	2.206464e+05
9.008300e-01	2.248662e+05	-1.005668e-01	2.223635e-01	0.000000e+00	-1.499184e+03	2.263654e+05
9.020200e-01	2.061682e+05	-1.008316e-01	2.226688e-01	0.000000e+00	-3.502843e+03	2.096710e+05
9.032100e-01	2.175957e+05	-1.010968e-01	2.229689e-01	0.000000e+00	-4.552801e+03	2.221485e+05
9.044000e-01	2.301837e+05	-1.013623e-01	2.232860e-01	0.000000e+00	-2.413539e+03	2.325973e+05
9.055900e-01	2.300526e+05	-1.016282e-01	2.236119e-01	0.000000e+00	-3.961833e+02	2.304488e+05
9.067800e-01	2.385120e+05	-1.018945e-01	2.239437e-01	0.000000e+00	-1.010074e+03	2.395220e+05
9.079700e-01	2.188486e+05	-1.021612e-01	2.242676e-01	0.000000e+00	-1.101998e+03	2.199506e+05
9.091600e-01	2.099628e+05	-1.024282e-01	2.245713e-01	0.000000e+00	-2.030178e+03	2.119930e+05
9.103500e-01	2.195171e+05	-1.026956e-01	2.248754e-01	0.000000e+00	-1.162855e+03	2.206800e+05
9.115400e-01	2.359722e+05	-1.029634e-01	2.251980e-01	0.000000e+00	-5.178171e+02	2.364900e+05
9.127300e-01	2.473844e+05	-1.032316e-01	2.255403e-01	0.000000e+00	-1.351663e+03	2.487360e+05
9.139200e-01	2.322337e+05	-1.035002e-01	2.258799e-01	0.000000e+00	-1.169345e+03	2.334031e+05
9.151100e-01	2.196892e+05	-1.037692e-01	2.262000e-01	0.000000e+00	-4.139730e+02	2.201032e+05
9.163000e-01	2.162463e+05	-1.040386e-01	2.265087e-01	0.000000e+00	-1.846438e+03	2.180928e+05
9.174900e-01	2.329684e+05	-1.043083e-01	2.268268e-01	0.000000e+00	-1.321090e+03	2.342895e+05
9.186800e-01	2.263115e+05	-1.045784e-01	2.271520e-01	0.000000e+00	-9.696801e+02	2.272812e+05
9.198700e-01	2.189698e+05	-1.048489e-01	2.274674e-01	0.000000e+00	-1.059455e+03	2.200293e+05
9.210600e-01	2.053464e+05	-1.051198e-01	2.277679e-01	0.000000e+00	-2.094651e+03	2.074410e+05
9.222500e-01	2.280911e+05	-1.053910e-01	2.280748e-01	0.000000e+00	-1.296383e+03	2.293875e+05
9.234400e-01	2.265137e+05	-1.056626e-01	2.283967e-01	0.000000e+00	-1.790253e+03	2.283040e+05
9.246300e-01	2.223453e+05	-1.059346e-01	2.287146e-01	0.000000e+00	-5.988013e+02	2.229441e+05
9.258200e-01	2.140290e+05	-1.062070e-01	2.290236e-01	0.000000e+00	-1.648916e+03	2.156779e+05
9.270100e-01	2.073145e+05	-1.064797e-01	2.293220e-01	0.000000e+00	-7.726885e+02	2.080872e+05
9.282000e-01	2.203537e+05	-1.067527e-01	2.296249e-01	0.000000e+00	-1.836645e+03	2.221903e+05
9.293900e-01	2.298191e+05	-1.070262e-01	2.299437e-01	0.000000e+00	-2.039880e+03	2.318590e+05
9.305800e-01	2.278018e+05	-1.073000e-01	2.302677e-01	0.000000e+00	-1.134907e+03	2.289367e+05
9.317700e-01	2.337318e+05	-1.075742e-01	2.305946e-01	0.000000e+00	-1.344308e+03	2.350761e+05
9.329600e-01	2.116840e+05	-1.078488e-01	2.309100e-01	0.000000e+00	-6.352961e+02	2.123193e+05
9.341500e-01	2.163821e+05	-1.081238e-01	2.312131e-01	0.000000e+00	-2.934998e+03	2.193171e+05
9.353400e-01	2.231886e+05	-1.083991e-01	2.315244e-01	0.000000e+00	-1.643076e+03	2.248317e+05
9.365300e-01	2.180634e+05	-1.086748e-01	2.318369e-01	0.000000e+00	-1.374209e+03	2.194376e+05
9.377200e-01	2.219304e+05	-1.089509e-01	2.321485e-01	0.000000e+00	-1.938723e+03	2.238691e+05
9.389100e-01	2.360397e+05	-1.092273e-01	2.324728e-01	0.000000e+00	-3.102669e+03	2.391424e+05
9.401000e-01	2.204783e+05	-1.095042e-01	2.327961e-01	0.000000e+00	-1.387320e+03	2.218656e+05
9.412900e-01	2.357436e+05	-1.097814e-01	2.331192e-01	0.000000e+00	-2.807943e+03	2.385515e+05
9.424800e-01	2.257334e+05	-1.100590e-01	2.334460e-01	0.000000e+00	-1.992395e+03	2.277258e+05
9.436700e-01	2.198335e+05	-1.103370e-01	2.337615e-01	0.000000e+00	-2.566213e+03	2.223997e+05
9.448600e-01	2.191610e+05	-1.106153e-01	2.340724e-01	0.000000e+00	-1.283189e+03	2.204442e+05
9.460500e-01	2.384628e+05	-1.108941e-01	2.343965e-01	0.000000e+00	-2.193093e+03	2.406559e+05
9.472400e-01	2.311212e+05	-1.111732e-01	2.347290e-01	0.000000e+00	-2.093281e+03	2.332145e+05
9.484300e-01	2.136634e+05	-1.114527e-01	2.350440e-01	0.000000e+00	-2.081715e+03	2.157451e+05
9.496200e-01	2.167589e+05	-1.117326e-01	2.353488e-01	0.000000e+00	-1.377643e+03	2.181365e+05
9.508100e-01	2.220054e+05	-1.120129e-01	2.356595e-01	0.000000e+00	-1.463872e+03	2.234693e+05
9.520000e-01	2.125670e+05	-1.122935e-01	2.359673e-01	0.000000e+00	-2.398662e+03	2.149656e+05
9.531900e-01	2.333580e+05	-1.125745e-01	2.362831e-01	0.000000e+00	-2.490485e+03	2.358485e+05
9.543800e-01	2.260971e+05	-1.128558e-01	2.366084e-01	0.000000e+00	-1.009982e+03	2.271071e+05
9.555700e-01	2.355168e+05	-1.131376e-01	2.369353e-01	0.000000e+00	-2.595523e+03	2.381124e+05
9.567600e-01	2.304950e+05	-1.134197e-01	2.372653e-01	0.000000e+00	-1.754701e+03	2.322497e+05
9.579500e-01	2.193421e+05	-1.137023e-01	2.375839e-01	0.000000e+00	-1.707618e+03	2.210497e+05
9.591400e-01	2.127639e+05	-1.139852e-01	2.378899e-01	0.000000e+00	-1.474062e+03	2.142380e+05
9.603300e-01	2.235960e+05	-1.142685e-01	2.381989e-01	0.000000e+00	-2.833789e+03	2.264298e+05
9.615200e-01	2.132565e+05	-1.145521e-01	2.385083e-01	0.000000e+00	-7.587022e+02	2.140152e+05
9.627100e-01	2.301516e+05	-1.148361e-01	2.388223e-01	0.000000e+00	0.000000e+00	2.301516e+05
9.639000e-01	2.169691e+05	-1.151205e-01	2.391389e-01	0.000000e+00	0.000000e+00	2.169691e+05
9.650900e-01	2.353286e+05	-1.154053e-01	2.394592e-01	0.000000e+00	-3.149611e+02	2.356435e+05
9.662800e-01	2.108242e+05	-1.156904e-01	2.397752e-01	0.000000e+00	-2.798713e+03	2.136229e+05
9.674700e-01	2.040724e+05	-1.159759e-01	2.400690e-01	0.000000e+00	-1.347747e+03	2.054201e+05
9.686600e-01	2.398998e+05	-1.162618e-01	2.403834e-01	0.000000e+00	-1.089376e+03	2.409892e+05
9.698500e-01	2.459876e+05	-1.165480e-01	2.407275e-01	0.000000e+00	-1.031651e+03	2.470193e+05
9.710400e-01	2.395906e+05	-1.168347e-01	2.410714e-01	0.000000e+00	-9.737035e+02	2.405643e+05
9.722300e-01	2.240116e+05	-1.171218e-01	2.413997e-01	0.000000e+00	-8.000645e+02	2.248116e+05
9.734200e-01	2.134225e+05	-1.174092e-01	2.417094e-01	0.000000e+00	-8.874805e+02	2.143100e+05
9.746100e-01	2.201129e+05	-1.176971e-01	2.420165e-01	0.000000e+00	-3.435241e+02	2.204565e+05
9.758000e-01	2.317699e+05	-1.179852e-01	2.423365e-01	0.000000e+00	-8.900353e+02	2.326599e+05
9.769900e-01	2.421949e+05	-1.182738e-01	2.426721e-01	0.000000e+00	-1.582236e+03	2.437772e+05
9.781800e-01	2.312361e+05	-1.185628e-01	2.430074e-01	0.000000e+00	-1.018432e+03	2.322545e+05
9.793700e-01	2.189984e+05	-1.188522e-01	2.433262e-01	0.000000e+00	-2.849764e+03	2.218481e+05
9.805600e-01	2.166404e+05	-1.191419e-01	2.436347e-01	0.000000e+00	-2.653744e+03	2.192941e+05
9.817500e-01	2.006480e+05	-1.194320e-01	2.439302e-01	0.000000e+00	-2.816718e+03	2.034647e+05
9.829400e-01	2.169935e+05	-1.197225e-01	2.442260e-01	0.000000e+00	-1.188868e+03	2.181823e+05
9.841300e-01	2.168656e+05	-1.200133e-01	2.445332e-01	0.000000e+00	-1.198262e+03	2.180638e+05
9.853200e-01	2.295839e+05	-1.203045e-01	2.448494e-01	0.000000e+00	-2.612288e+03	2.321962e+05
9.865100e-01	2.316208e+05	-1.205960e-01	2.451760e-01	0.000000e+00	-2.852819e+03	2.344736e+05
9.877000e-01	2.159000e+05	-1.208880e-01	2.454929e-01	0.000000e+00	-1.296660e+03	2.171967e+05
9.888900e-01	2.325010e+05	-1.211803e-01	2.458105e-01	0.000000e+00	-3.269634e+03	2.357707e+05
9.900800e-01	2.516253e+05	-1.214730e-01	2.461533e-01	0.000000e+00	-8.085764e+02	2.524339e+05
9.912700e-01	2.320747e+05	-1.217661e-01	2.464958e-01	0.000000e+00	-1.065779e+03	2.331404e+05
9.924600e-01	2.329970e+05	-1.220597e-01	2.468252e-01	0.000000e+00	-9.314282e+02	2.339284e+05
9.936500e-01	2.261884e+05	-1.223536e-01	2.471504e-01	0.000000e+00	-2.900412e+03	2.290888e+05
9.948400e-01	2.316879e+05	-1.226479e-01	2.474746e-01	0.000000e+00	-1.252487e+03	2.329404e+05
9.960300e-01	2.273324e+05	-1.229426e-01	2.477997e-01	0.000000e+00	-9.433671e+02	2.282758e+05
9.972200e-01	2.332971e+05	-1.232376e-01	2.481259e-01	0.000000e+00	-9.114175e+02	2.342086e+05
9.984100e-01	2.414274e+05	-1.235331e-01	2.484621e-01	0.000000e+00	-9.838314e+02	2.424112e+05
9.996000e-01	2.343375e+05	-1.238290e-01	2.487990e-01	0.000000e+00	-9.083857e+02	2.352459e+05
1.000790e+00	2.310558e+05	-1.241253e-01	2.491286e-01	0.000000e+00	-2.032998e+03	2.330888e+05
1.001980e+00	2.126086e+05	-1.244219e-01	2.494427e-01	0.000000e+00	-1.958897e+03	2.145675e+05
1.003170e+00	1.986506e+05	-1.247189e-01	2.497340e-01	0.000000e+00	-2.563606e+03	2.012142e+05
1.004360e+00	2.232172e+05	-1.250163e-01	2.500327e-01	0.000000e+00	-1.022976e+03	2.242402e+05
1.005550e+00	2.263780e+05	-1.253140e-01	2.503511e-01	0.000000e+00	0.000000e+00	2.263780e+05
1.006740e+00	2.222899e+05	-1.256121e-01	2.506689e-01	0.000000e+00	-9.458233e+01	2.223845e+05
1.007930e+00	2.227364e+05	-1.259106e-01	2.509840e-01	0.000000e+00	-1.241688e+03	2.239781e+05
1.009120e+00	2.314143e+05	-1.262095e-01	2.513056e-01	0.000000e+00	-3.444023e+02	2.317587e+05
1.010310e+00	2.425241e+05	-1.265087e-01	2.516412e-01	0.000000e+00	-3.292936e+00	2.425274e+05
1.011500e+00	2.539643e+05	-1.268084e-01	2.519928e-01	0.000000e+00	-8.370432e+02	2.548013e+05
1.012690e+00	2.281682e+05	-1.271085e-01	2.523343e-01	0.000000e+00	-4.242864e+02	2.285925e+05
1.013880e+00	2.316362e+05	-1.274089e-01	2.526599e-01	0.000000e+00	-2.001909e+03	2.336381e+05
1.015070e+00	2.133036e+05	-1.277098e-01	2.529750e-01	0.000000e+00	-1.209307e+03	2.145130e+05
1.016260e+00	2.387399e+05	-1.280110e-01	2.532951e-01	0.000000e+00	-5.775399e+02	2.393174e+05
1.017450e+00	2.190032e+05	-1.283126e-01	2.536193e-01	0.000000e+00	-8.289745e+02	2.198322e+05
1.018640e+00	2.237861e+05	-1.286146e-01	2.539328e-01	0.000000e+00	-2.983227e+02	2.240844e+05
1.019830e+00	2.291363e+05	-1.289170e-01	2.542536e-01	0.000000e+00	-1.984612e+03	2.311209e+05
1.021020e+00	2.315423e+05	-1.292197e-01	2.545798e-01	0.000000e+00	-1.080643e+03	2.326229e+05
1.022210e+00	2.329416e+05	-1.295229e-01	2.549087e-01	0.000000e+00	-1.657155e+03	2.345988e+05
1.023400e+00	2.234925e+05	-1.298264e-01	2.552320e-01	0.000000e+00	-8.616202e+02	2.243541e+05
1.024590e+00	2.159589e+05	-1.301303e-01	2.555432e-01	0.000000e+00	-1.852409e+03	2.178113e+05
1.025780e+00	2.123652e+05	-1.304346e-01	2.558465e-01	0.000000e+00	-1.320774e+03	2.136860e+05
1.026970e+00	2.100654e+05	-1.307392e-01	2.561456e-01	0.000000e+00	-9.022578e+02	2.109676e+05
1.028160e+00	2.046456e+05	-1.310442e-01	2.564393e-01	0.000000e+00	-9.325877e+02	2.055782e+05
1.029350e+00	2.249948e+05	-1.313496e-01	2.567436e-01	0.000000e+00	-8.721045e+02	2.258669e+05
1.030540e+00	2.455059e+05	-1.316553e-01	2.570768e-01	0.000000e+00	-1.488271e+03	2.469942e+05
1.031730e+00	2.254159e+05	-1.319614e-01	2.574103e-01	0.000000e+00	-2.896815e+03	2.283128e+05
1.032920e+00	2.020442e+05	-1.322679e-01	2.577130e-01	0.000000e+00	-1.818367e+03	2.038625e+05
1.034110e+00	2.325859e+05	-1.325748e-01	2.580208e-01	0.000000e+00	-1.593991e+03	2.341799e+05
1.035300e+00	2.162577e+05	-1.328820e-01	2.583386e-01	0.000000e+00	-6.081370e+02	2.168658e+05
1.036490e+00	2.288643e+05	-1.331896e-01	2.586538e-01	0.000000e+00	-5.221299e+02	2.293864e+05
1.037680e+00	2.059270e+05	-1.334976e-01	2.589617e-01	0.000000e+00	-6.040738e+02	2.065311e+05
1.038870e+00	2.305524e+05	-1.338059e-01	2.592708e-01	0.000000e+00	-1.515981e+03	2.320684e+05
1.040060e+00	2.327056e+05	-1.341147e-01	2.595989e-01	0.000000e+00	-7.191597e+02	2.334248e+05
1.041250e+00	2.303107e+05	-1.344238e-01	2.599268e-01	0.000000e+00	-1.205662e+03	2.315164e+05
1.042440e+00	2.275826e+05	-1.347333e-01	2.602511e-01	0.000000e+00	-2.457243e+03	2.300398e+05
1.043630e+00	2.244345e+05	-1.350432e-01	2.605712e-01	0.000000e+00	-5.387751e+02	2.249733e+05
1.044820e+00	2.390836e+05	-1.353535e-01	2.608994e-01	0.000000e+00	-1.025417e+03	2.401090e+05
1.046010e+00	2.411411e+05	-1.356641e-01	2.612395e-01	0.000000e+00	-1.114309e+03	2.422554e+05
1.047200e+00	2.301406e+05	-1.359752e-01	2.615732e-01	0.000000e+00	-3.991850e+03	2.341324e+05
1.048390e+00	2.567537e+05	-1.362867e-01	2.619180e-01	0.000000e+00	-2.256914e+03	2.590106e+05
1.049580e+00	2.277659e+05	-1.365986e-01	2.622612e-01	0.000000e+00	-2.004704e+03	2.297706e+05
1.050770e+00	2.274989e+05	-1.369109e-01	2.625836e-01	0.000000e+00	-6.584871e+02	2.281574e+05
1.051960e+00	2.388293e+05	-1.372235e-01	2.629138e-01	0.000000e+00	-1.825167e+03	2.406544e+05
1.053150e+00	2.200791e+05	-1.375366e-01	2.632388e-01	0.000000e+00	-1.408866e+03	2.214880e+05
1.054340e+00	2.278711e+05	-1.378500e-01	2.635560e-01	0.000000e+00	-4.557563e+01	2.279167e+05
1.055530e+00	2.296940e+05	-1.381639e-01	2.638800e-01	0.000000e+00	-1.545449e+03	2.312394e+05
1.056720e+00	2.095325e+05	-1.384781e-01	2.641911e-01	0.000000e+00	-8.964742e+01	2.096222e+05
1.057910e+00	2.185865e+05	-1.387926e-01	2.644943e-01	0.000000e+00	-1.167499e+03	2.197540e+05
1.059100e+00	2.252460e+05	-1.391076e-01	2.648086e-01	0.000000e+00	-1.439441e+03	2.266855e+05
1.060290e+00	2.148308e+05	-1.394229e-01	2.651202e-01	0.000000e+00	-1.529424e+03	2.163602e+05
1.061480e+00	2.245654e+05	-1.397386e-01	2.654314e-01	0.000000e+00	-9.056531e+02	2.254710e+05
1.062670e+00	2.210662e+05	-1.400546e-01	2.657470e-01	0.000000e+00	-1.353154e+01	2.210797e+05
1.063860e+00	2.311772e+05	-1.403710e-01	2.660672e-01	0.000000e+00	-1.409666e+03	2.325869e+05
1.065050e+00	2.331053e+05	-1.406878e-01	2.663960e-01	0.000000e+00	-5.910825e+02	2.336964e+05
1.066240e+00	2.258560e+05	-1.410051e-01	2.667210e-01	0.000000e+00	-5.067281e+02	2.263627e+05
1.067430e+00	2.529878e+05	-1.413226e-01	2.670601e-01	0.000000e+00	-1.033535e+03	2.540214e+05
1.068620e+00	2.370089e+05	-1.416407e-01	2.674071e-01	0.000000e+00	-1.123853e+03	2.381328e+05
1.069810e+00	2.395811e+05	-1.419591e-01	2.677446e-01	0.000000e+00	-1.764499e+03	2.413456e+05
1.071000e+00	2.368816e+05	-1.422779e-01	2.680820e-01	0.000000e+00	-2.797936e+02	2.371614e+05
1.072190e+00	2.156653e+05	-1.425971e-01	2.684025e-01	0.000000e+00	-7.353757e+02	2.164007e+05
1.073380e+00	2.193718e+05	-1.429167e-01	2.687106e-01	0.000000e+00	-2.153308e+03	2.215251e+05
1.074570e+00	2.065358e+05	-1.432366e-01	2.690122e-01	0.000000e+00	-1.312997e+03	2.078488e+05
1.075760e+00	2.273214e+05	-1.435569e-01	2.693195e-01	0.000000e+00	-8.308567e+02	2.281523e+05
1.076950e+00	2.484523e+05	-1.438776e-01	2.696564e-01	0.000000e+00	-2.232575e+03	2.506848e+05
1.078140e+00	2.356614e+05	-1.441987e-01	2.699992e-01	0.000000e+00	-1.138249e+03	2.367996e+05
1.079330e+00	2.203033e+05	-1.445202e-01	2.703221e-01	0.000000e+00	0.000000e+00	2.203033e+05
1.080520e+00	2.234960e+05	-1.448421e-01	2.706364e-01	0.000000e+00	-1.821508e+03	2.253175e+05
1.081710e+00	2.150543e+05	-1.451643e-01	2.709470e-01	0.000000e+00	-1.747401e+03	2.168017e+05
1.082900e+00	2.332331e+05	-1.454869e-01	2.712644e-01	0.000000e+00	-6.903379e+02	2.339234e+05
1.084090e+00	2.258241e+05	-1.458099e-01	2.715895e-01	0.000000e+00	-1.290481e+03	2.271146e+05
1.085280e+00	2.231506e+05	-1.461333e-01	2.719075e-01	0.000000e+00	-1.426331e+03	2.245770e+05
1.086470e+00	2.329502e+05	-1.464571e-01	2.722305e-01	0.000000e+00	-1.693569e+03	2.346437e+05
1.087660e+00	2.265775e+05	-1.467812e-01	2.725559e-01	0.000000e+00	-7.417106e+02	2.273192e+05
1.088850e+00	2.365519e+05	-1.471058e-01	2.728838e-01	0.000000e+00	-9.621383e+02	2.375140e+05
1.090040e+00	2.149194e+05	-1.474307e-01	2.732036e-01	0.000000e+00	-2.165423e+03	2.170848e+05
1.091230e+00	2.263918e+05	-1.477560e-01	2.735161e-01	0.000000e+00	-2.382002e+03	2.287738e+05
1.092420e+00	2.111668e+05	-1.480817e-01	2.738259e-01	0.000000e+00	-3.030907e+02	2.114699e+05
1.093610e+00	2.307142e+05	-1.484077e-01	2.741389e-01	0.000000e+00	-7.423944e+02	2.314566e+05
1.094800e+00	2.330074e+05	-1.487341e-01	2.744673e-01	0.000000e+00	-2.205532e+02	2.332280e+05
1.095990e+00	2.164265e+05	-1.490609e-01	2.747855e-01	0.000000e+00	-1.228111e+03	2.176546e+05
1.097180e+00	1.994390e+05	-1.493881e-01	2.750800e-01	0.000000e+00	-2.320085e+02	1.996710e+05
1.098370e+00	2.286109e+05	-1.497156e-01	2.753832e-01	0.000000e+00	-1.334287e+03	2.299452e+05
1.099560e+00	2.245693e+05	-1.500435e-01	2.757041e-01	0.000000e+00	-1.260126e+03	2.258294e+05
1.100750e+00	2.504446e+05	-1.503718e-01	2.760405e-01	0.000000e+00	-7.669323e+02	2.512116e+05
1.101940e+00	2.223511e+05	-1.507005e-01	2.763753e-01	0.000000e+00	-1.000790e+03	2.233519e+05
1.103130e+00	2.282038e+05	-1.510296e-01	2.766944e-01	0.000000e+00	-6.798823e+02	2.288836e+05
1.104320e+00	2.299832e+05	-1.513590e-01	2.770188e-01	0.000000e+00	-3.710578e+01	2.300203e+05
1.105510e+00	2.406358e+05	-1.516889e-01	2.773521e-01	0.000000e+00	-1.348279e+03	2.419841e+05
1.106700e+00	2.198388e+05	-1.520191e-01	2.776782e-01	0.000000e+00	-1.135623e+03	2.209744e+05
1.107890e+00	2.314827e+05	-1.523497e-01	2.779978e-01	0.000000e+00	0.000000e+00	2.314827e+05
1.109080e+00	2.546187e+05	-1.526808e-01	2.783421e-01	0.000000e+00	-1.372294e+03	2.559910e+05
1.110270e+00	2.388233e+05	-1.530122e-01	2.786915e-01	0.000000e+00	-1.148714e+03	2.399720e+05
1.111460e+00	2.190084e+05	-1.533440e-01	2.790157e-01	0.000000e+00	-4.473034e+02	2.194557e+05
1.112650e+00	2.201495e+05	-1.536763e-01	2.793267e-01	0.000000e+00	-1.119551e+03	2.212690e+05
1.113840e+00	2.372410e+05	-1.540088e-01	2.796506e-01	0.000000e+00	-7.405075e+02	2.379815e+05
1.115030e+00	2.240686e+05	-1.543418e-01	2.799773e-01	0.000000e+00	-2.136464e+02	2.242822e+05
1.116220e+00	2.092231e+05	-1.546752e-01	2.802841e-01	0.000000e+00	0.000000e+00	2.092231e+05
1.117410e+00	2.284467e+05	-1.550089e-01	2.805941e-01	0.000000e+00	0.000000e+00	2.284467e+05
1.118600e+00	2.424456e+05	-1.553430e-01	2.809276e-01	0.000000e+00	-1.466089e+03	2.439117e+05
1.119790e+00	2.296305e+05	-1.556775e-01	2.812619e-01	0.000000e+00	-1.054920e+03	2.306855e+05
1.120980e+00	2.415991e+05	-1.560124e-01	2.815956e-01	0.000000e+00	0.000000e+00	2.415991e+05
1.122170e+00	2.558123e+05	-1.563477e-01	2.819478e-01	0.000000e+00	-3.700233e+02	2.561823e+05
1.123360e+00	2.600666e+05	-1.566834e-01	2.823131e-01	0.000000e+00	-1.906801e+03	2.619734e+05
1.124550e+00	2.334153e+05	-1.570196e-01	2.826626e-01	0.000000e+00	-2.441845e+02	2.336595e+05
1.125740e+00	2.209631e+05	-1.573562e-01	2.829844e-01	0.000000e+00	0.000000e+00	2.209631e+05
1.126930e+00	2.290453e+05	-1.576931e-01	2.833031e-01	0.000000e+00	0.000000e+00	2.290453e+05
1.128120e+00	2.291723e+05	-1.580304e-01	2.836276e-01	0.000000e+00	-5.289997e+01	2.292252e+05
1.129310e+00	2.204957e+05	-1.583681e-01	2.839460e-01	0.000000e+00	-1.013361e+03	2.215091e+05
1.130500e+00	2.188402e+05	-1.587062e-01	2.842571e-01	0.000000e+00	-6.144113e+02	2.194546e+05
1.131690e+00	2.267926e+05	-1.590447e-01	2.845727e-01	0.000000e+00	0.000000e+00	2.267926e+05
1.132880e+00	2.252012e+05	-1.593835e-01	2.848928e-01	0.000000e+00	0.000000e+00	2.252012e+05
1.134070e+00	2.575089e+05	-1.597227e-01	2.852346e-01	0.000000e+00	0.000000e+00	2.575089e+05
1.135260e+00	2.227095e+05	-1.600624e-01	2.855747e-01	0.000000e+00	0.000000e+00	2.227095e+05
1.136450e+00	2.360110e+05	-1.604024e-01	2.858996e-01	0.000000e+00	0.000000e+00	2.360110e+05
1.137640e+00	2.305928e+05	-1.607428e-01	2.862300e-01	0.000000e+00	0.000000e+00	2.305928e+05
1.138830e+00	2.230621e+05	-1.610836e-01	2.865512e-01	0.000000e+00	-4.129002e+02	2.234750e+05
1.140020e+00	2.396709e+05	-1.614248e-01	2.868789e-01	0.000000e+00	-6.787730e+02	2.403497e+05
1.141210e+00	2.188522e+05	-1.617664e-01	2.872036e-01	0.000000e+00	-5.889991e+02	2.194412e+05
1.142400e+00	2.328116e+05	-1.621083e-01	2.875235e-01	0.000000e+00	-1.156306e+02	2.329273e+05
1.143590e+00	2.219065e+05	-1.624507e-01	2.878455e-01	0.000000e+00	-7.247055e+02	2.226312e+05
1.144780e+00	2.519978e+05	-1.627934e-01	2.881811e-01	0.000000e+00	0.000000e+00	2.519978e+05
1.145970e+00	2.325315e+05	-1.631366e-01	2.885242e-01	0.000000e+00	-7.851206e+02	2.333166e+05
1.147160e+00	2.098637e+05	-1.634801e-01	2.888375e-01	0.000000e+00	-7.876226e+02	2.106514e+05
1.148350e+00	2.292808e+05	-1.638240e-01	2.891485e-01	0.000000e+00	-1.998043e+02	2.294806e+05
1.149540e+00	2.216265e+05	-1.641683e-01	2.894678e-01	0.000000e+00	-1.773933e+03	2.234004e+05
1.150730e+00	2.275485e+05	-1.645129e-01	2.897859e-01	0.000000e+00	-6.552001e+02	2.282037e+05
1.151920e+00	2.257929e+05	-1.648580e-01	2.901070e-01	0.000000e+00	-2.724473e+02	2.260654e+05
1.153110e+00	2.305235e+05	-1.652034e-01	2.904301e-01	0.000000e+00	-1.107428e+03	2.316310e+05
1.154300e+00	2.107009e+05	-1.655492e-01	2.907426e-01	0.000000e+00	-3.007971e+02	2.110017e+05
1.155490e+00	2.153853e+05	-1.658954e-01	2.910443e-01	0.000000e+00	-7.253061e+02	2.161106e+05
1.156680e+00	2.361200e+05	-1.662419e-01	2.913641e-01	0.000000e+00	-1.150300e+02	2.362350e+05
1.157870e+00	2.218271e+05	-1.665888e-01	2.916884e-01	0.000000e+00	-5.096520e+02	2.223368e+05
1.159060e+00	2.268212e+05	-1.669361e-01	2.920061e-01	0.000000e+00	-3.306841e+02	2.271519e+05
1.160250e+00	2.241020e+05	-1.672838e-01	2.923254e-01	0.000000e+00	0.000000e+00	2.241020e+05
1.161440e+00	2.306539e+05	-1.676318e-01	2.926474e-01	0.000000e+00	0.000000e+00	2.306539e+05
1.162630e+00	2.423698e+05	-1.679803e-01	2.929824e-01	0.000000e+00	0.000000e+00	2.423698e+05
1.163820e+00	2.411488e+05	-1.683291e-01	2.933248e-01	0.000000e+00	-4.629126e+01	2.411951e+05
1.165010e+00	2.162929e+05	-1.686784e-01	2.936488e-01	0.000000e+00	-7.940449e+02	2.170869e+05
1.166200e+00	2.314607e+05	-1.690280e-01	2.939659e-01	0.000000e+00	-1.453630e+02	2.316061e+05
1.167390e+00	2.044094e+05	-1.693780e-01	2.942745e-01	0.000000e+00	-2.046342e+03	2.064558e+05
1.168580e+00	2.249107e+05	-1.697284e-01	2.945786e-01	0.000000e+00	-1.393747e+03	2.263044e+05
1.169770e+00	2.352023e+05	-1.700791e-01	2.949044e-01	0.000000e+00	-6.162287e+02	2.358185e+05
1.170960e+00	2.244960e+05	-1.704303e-01	2.952299e-01	0.000000e+00	0.000000e+00	2.244960e+05
1.172150e+00	2.128869e+05	-1.707818e-01	2.955397e-01	0.000000e+00	0.000000e+00	2.128869e+05
1.173340e+00	2.212288e+05	-1.711336e-01	2.958471e-01	0.000000e+00	0.000000e+00	2.212288e+05
1.174530e+00	2.090720e+05	-1.714859e-01	2.961518e-01	0.000000e+00	-6.283509e+02	2.097003e+05
1.175720e+00	2.251333e+05	-1.718385e-01	2.964593e-01	0.000000e+00	-9.841093e+02	2.261175e+05
1.176910e+00	2.351770e+05	-1.721915e-01	2.967853e-01	0.000000e+00	-6.821214e+01	2.352452e+05
1.178100e+00	2.367240e+05	-1.725448e-01	2.971195e-01	0.000000e+00	0.000000e+00	2.367240e+05
1.179290e+00	2.157014e+05	-1.728986e-01	2.974399e-01	0.000000e+00	0.000000e+00	2.157014e+05
1.180480e+00	2.399029e+05	-1.732527e-01	2.977625e-01	0.000000e+00	-6.966232e+02	2.405995e+05
1.181670e+00	2.447056e+05	-1.736073e-01	2.981057e-01	0.000000e+00	-1.437129e+02	2.448493e+05
1.182860e+00	2.453066e+05	-1.739622e-01	2.984527e-01	0.000000e+00	-7.657524e+02	2.460724e+05
1.184050e+00	2.194979e+05	-1.743176e-01	2.987819e-01	0.000000e+00	-7.458369e+01	2.195724e+05
1.185240e+00	2.313477e+05	-1.746733e-01	2.991011e-01	0.000000e+00	0.000000e+00	2.313477e+05
1.186430e+00	2.094765e+05	-1.750295e-01	2.994133e-01	0.000000e+00	0.000000e+00	2.094765e+05
1.187620e+00	2.147460e+05	-1.753859e-01	2.997137e-01	0.000000e+00	-5.884470e+02	2.153344e+05
1.188810e+00	2.275018e+05	-1.757428e-01	3.000269e-01	0.000000e+00	-2.518892e+02	2.277537e+05
1.190000e+00	1.080277e+05	-1.761000e-01	3.002645e-01	0.000000e+00	0.000000e+00	1.080277e+05
