#x	rho	phi	ex	bz	rhok[0]	rhok[1]
0.000000e+00	-3.910756e+03	0.000000e+00	1.185971e-01	0.000000e+00	-4.853265e+03	9.425096e+02
1.190000e-03	-8.913181e+02	-1.411272e-04	1.185937e-01	0.000000e+00	-4.280397e+03	3.389079e+03
2.380000e-03	1.244191e+03	-2.822530e-04	1.185939e-01	0.000000e+00	-5.524392e+03	6.768583e+03
3.570000e-03	5.689707e+03	-4.233808e-04	1.185989e-01	0.000000e+00	-4.603264e+03	1.029297e+04
4.760000e-03	1.831155e+03	-5.645183e-04	1.186042e-01	0.000000e+00	-7.956473e+03	9.787628e+03
5.950000e-03	5.147983e+03	-7.056588e-04	1.186091e-01	0.000000e+00	-4.351156e+03	9.499139e+03
7.140000e-03	8.773720e+03	-8.468080e-04	1.186190e-01	0.000000e+00	-2.569588e+03	1.134331e+04
8.330000e-03	1.587914e+04	-9.879720e-04	1.186364e-01	0.000000e+00	-2.933029e+03	1.881217e+04
9.520000e-03	9.580989e+03	-1.129163e-03	1.186545e-01	0.000000e+00	-4.038127e+03	1.361912e+04
1.071000e-02	2.094372e+04	-1.270370e-03	1.186761e-01	0.000000e+00	-1.554729e+03	2.249845e+04
1.190000e-02	1.652242e+04	-1.411612e-03	1.187026e-01	0.000000e+00	-3.510843e+03	2.003326e+04
1.309000e-02	1.548789e+04	-1.552882e-03	1.187253e-01	0.000000e+00	-3.404569e+03	1.889246e+04
1.428000e-02	1.802716e+04	-1.694178e-03	1.187490e-01	0.000000e+00	-9.234912e+02	1.895065e+04
1.547000e-02	1.682308e+04	-1.835504e-03	1.187737e-01	0.000000e+00	-1.574305e+03	1.839739e+04
1.666000e-02	1.438095e+04	-1.976859e-03	1.187958e-01	0.000000e+00	-8.635482e+02	1.524449e+04
1.785000e-02	1.622535e+04	-2.118238e-03	1.188175e-01	0.000000e+00	-1.193215e+03	1.741857e+04
1.904000e-02	1.858338e+04	-2.259645e-03	1.188421e-01	0.000000e+00	-2.210556e+03	2.079393e+04
2.023000e-02	1.831246e+04	-2.401083e-03	1.188683e-01	0.000000e+00	-5.181890e+03	2.349435e+04
2.142000e-02	1.875874e+04	-2.542551e-03	1.188945e-01	0.000000e+00	-4.439608e+03	2.319835e+04
2.261000e-02	2.223680e+04	-2.684052e-03	1.189235e-01	0.000000e+00	-3.445500e+03	2.568230e+04
2.380000e-02	2.904328e+04	-2.825589e-03	1.189598e-01	0.000000e+00	-2.644508e+03	3.168778e+04
2.499000e-02	1.922922e+04	-2.967176e-03	1.189940e-01	0.000000e+00	-5.829631e+03	2.505885e+04
2.618000e-02	2.956764e+04	-3.108795e-03	1.190286e-01	0.000000e+00	-1.105512e+03	3.067315e+04
2.737000e-02	2.698716e+04	-3.250464e-03	1.190686e-01	0.000000e+00	-2.111898e+02	2.719835e+04
2.856000e-02	3.290211e+04	-3.392179e-03	1.191111e-01	0.000000e+00	-1.663458e+03	3.456557e+04
2.975000e-02	3.527598e+04	-3.533948e-03	1.191593e-01	0.000000e+00	-3.341404e+03	3.861739e+04
3.094000e-02	2.248436e+04	-3.675778e-03	1.192002e-01	0.000000e+00	-5.069487e+03	2.755385e+04
3.213000e-02	2.088550e+04	-3.817645e-03	1.192310e-01	0.000000e+00	-5.235208e+03	2.612071e+04
3.332000e-02	1.881834e+04	-3.959547e-03	1.192591e-01	0.000000e+00	-6.524169e+03	2.534251e+04
3.451000e-02	2.325142e+04	-4.101482e-03	1.192889e-01	0.000000e+00	-5.035922e+03	2.828734e+04
3.570000e-02	2.907472e+04	-4.243455e-03	1.193259e-01	0.000000e+00	-3.210486e+03	3.228521e+04
3.689000e-02	3.543452e+04	-4.385477e-03	1.193716e-01	0.000000e+00	-3.513016e+03	3.894754e+04
3.808000e-02	3.704123e+04	-4.527559e-03	1.194229e-01	0.000000e+00	-2.844868e+03	3.988609e+04
3.927000e-02	3.662949e+04	-4.669704e-03	1.194751e-01	0.000000e+00	-3.933906e+03	4.056340e+04
4.046000e-02	4.158858e+04	-4.811910e-03	1.195305e-01	0.000000e+00	-3.599640e+03	4.518822e+04
4.165000e-02	3.454262e+04	-4.954186e-03	1.195844e-01	0.000000e+00	-3.878652e+03	3.842127e+04
4.284000e-02	3.696062e+04	-5.096521e-03	1.196350e-01	0.000000e+00	-3.637893e+03	4.059851e+04
4.403000e-02	3.241439e+04	-5.238918e-03	1.196842e-01	0.000000e+00	-4.084070e+03	3.649846e+04
4.522000e-02	3.645343e+04	-5.381369e-03	1.197329e-01	0.000000e+00	-4.022864e+03	4.047629e+04
4.641000e-02	3.572589e+04	-5.523882e-03	1.197840e-01	0.000000e+00	-4.686811e+03	4.041271e+04
4.760000e-02	3.175195e+04	-5.666455e-03	1.198318e-01	0.000000e+00	-4.674105e+03	3.642606e+04
4.879000e-02	2.660747e+04	-5.809082e-03	1.198732e-01	0.000000e+00	-5.492088e+03	3.209956e+04
4.998000e-02	3.902076e+04	-5.951753e-03	1.199196e-01	0.000000e+00	-2.890742e+03	4.191150e+04
5.117000e-02	4.125989e+04	-6.094491e-03	1.199765e-01	0.000000e+00	-3.254177e+03	4.451406e+04
5.236000e-02	3.431831e+04	-6.237297e-03	1.200300e-01	0.000000e+00	-6.140049e+03	4.045836e+04
5.355000e-02	2.710642e+04	-6.380162e-03	1.200735e-01	0.000000e+00	-6.414276e+03	3.352070e+04
5.474000e-02	2.687520e+04	-6.523072e-03	1.201117e-01	0.000000e+00	-3.922515e+03	3.079772e+04
5.593000e-02	4.183711e+04	-6.666028e-03	1.201604e-01	0.000000e+00	-4.210743e+03	4.604786e+04
5.712000e-02	3.712013e+04	-6.809054e-03	1.202163e-01	0.000000e+00	-6.730871e+03	4.385100e+04
5.831000e-02	3.473294e+04	-6.952143e-03	1.202672e-01	0.000000e+00	-3.163686e+03	3.789663e+04
5.950000e-02	3.032316e+04	-7.095290e-03	1.203133e-01	0.000000e+00	-4.894037e+03	3.521720e+04
6.069000e-02	3.254316e+04	-7.238488e-03	1.203578e-01	0.000000e+00	-4.453402e+03	3.699656e+04
6.188000e-02	4.231499e+04	-7.381742e-03	1.204108e-01	0.000000e+00	-4.152651e+03	4.646764e+04
6.307000e-02	4.180868e+04	-7.525066e-03	1.204704e-01	0.000000e+00	-3.213562e+03	4.502224e+04
6.426000e-02	3.928683e+04	-7.668461e-03	1.205278e-01	0.000000e+00	-2.362364e+03	4.164919e+04
6.545000e-02	3.639613e+04	-7.811922e-03	1.205814e-01	0.000000e+00	-2.804305e+03	3.920044e+04
6.664000e-02	3.887398e+04	-7.955445e-03	1.206347e-01	0.000000e+00	-3.499470e+03	4.237345e+04
6.783000e-02	4.438204e+04	-8.099033e-03	1.206937e-01	0.000000e+00	-4.401300e+03	4.878334e+04
6.902000e-02	3.530132e+04	-8.242696e-03	1.207501e-01	0.000000e+00	-3.234952e+03	3.853627e+04
7.021000e-02	4.507846e+04	-8.386418e-03	1.208070e-01	0.000000e+00	-3.804736e+03	4.888320e+04
7.140000e-02	4.421436e+04	-8.530216e-03	1.208702e-01	0.000000e+00	-4.297478e+03	4.851184e+04
7.259000e-02	4.488707e+04	-8.674089e-03	1.209333e-01	0.000000e+00	-3.423475e+03	4.831055e+04
7.378000e-02	4.623675e+04	-8.818038e-03	1.209979e-01	0.000000e+00	-2.634101e+03	4.887085e+04
7.497000e-02	4.072681e+04	-8.962064e-03	1.210595e-01	0.000000e+00	-3.663629e+03	4.439044e+04
7.616000e-02	3.716719e+04	-9.106159e-03	1.211146e-01	0.000000e+00	-5.100385e+03	4.226757e+04
7.735000e-02	4.386776e+04	-9.250317e-03	1.211720e-01	0.000000e+00	-3.979447e+03	4.784720e+04
7.854000e-02	4.139398e+04	-9.394549e-03	1.212324e-01	0.000000e+00	-3.692823e+03	4.508680e+04
7.973000e-02	3.730427e+04	-9.538850e-03	1.212881e-01	0.000000e+00	-3.229855e+03	4.053413e+04
8.092000e-02	3.396624e+04	-9.683214e-03	1.213386e-01	0.000000e+00	-4.359162e+03	3.832540e+04
8.211000e-02	4.020054e+04	-9.827636e-03	1.213911e-01	0.000000e+00	-3.829632e+03	4.403017e+04
8.330000e-02	4.794162e+04	-9.972125e-03	1.214535e-01	0.000000e+00	-2.538088e+03	5.047971e+04
8.449000e-02	4.103496e+04	-1.011670e-02	1.215165e-01	0.000000e+00	-2.866278e+03	4.390123e+04
8.568000e-02	3.676530e+04	-1.026133e-02	1.215716e-01	0.000000e+00	-2.240527e+03	3.900583e+04
8.687000e-02	3.278303e+04	-1.040604e-02	1.216209e-01	0.000000e+00	-6.020249e+03	3.880328e+04
8.806000e-02	4.148747e+04	-1.055079e-02	1.216735e-01	0.000000e+00	-3.496947e+03	4.498442e+04
8.925000e-02	3.138243e+04	-1.069562e-02	1.217251e-01	0.000000e+00	-4.023116e+03	3.540554e+04
9.044000e-02	3.470432e+04	-1.084050e-02	1.217719e-01	0.000000e+00	-3.736736e+03	3.844106e+04
9.163000e-02	3.840186e+04	-1.098544e-02	1.218237e-01	0.000000e+00	-5.256460e+03	4.365832e+04
9.282000e-02	3.803602e+04	-1.113044e-02	1.218778e-01	0.000000e+00	-3.702096e+03	4.173811e+04
9.401000e-02	4.742113e+04	-1.127550e-02	1.219383e-01	0.000000e+00	-3.497541e+03	5.091867e+04
9.520000e-02	4.227953e+04	-1.142065e-02	1.220018e-01	0.000000e+00	-3.796407e+03	4.607593e+04
9.639000e-02	3.672758e+04	-1.156587e-02	1.220578e-01	0.000000e+00	-3.316442e+03	4.004402e+04
9.758000e-02	3.785491e+04	-1.171115e-02	1.221106e-01	0.000000e+00	-3.500515e+03	4.135543e+04
9.877000e-02	4.369412e+04	-1.185649e-02	1.221683e-01	0.000000e+00	-3.223288e+03	4.691741e+04
9.996000e-02	4.867033e+04	-1.200191e-02	1.222338e-01	0.000000e+00	-2.538077e+03	5.120840e+04
1.011500e-01	4.211740e+04	-1.214741e-02	1.222980e-01	0.000000e+00	-3.107006e+03	4.522441e+04
1.023400e-01	4.753012e+04	-1.229298e-02	1.223615e-01	0.000000e+00	-2.920509e+03	5.045063e+04
1.035300e-01	4.229627e+04	-1.243863e-02	1.224251e-01	0.000000e+00	-5.709567e+03	4.800584e+04
1.047200e-01	2.956885e+04	-1.258435e-02	1.224760e-01	0.000000e+00	-3.992195e+03	3.356105e+04
1.059100e-01	3.419165e+04	-1.273012e-02	1.225212e-01	0.000000e+00	-2.768870e+03	3.696052e+04
1.071000e-01	3.940462e+04	-1.287595e-02	1.225733e-01	0.000000e+00	-4.256922e+03	4.366154e+04
1.082900e-01	4.153609e+04	-1.302185e-02	1.226306e-01	0.000000e+00	-1.780983e+03	4.331707e+04
1.094800e-01	4.873025e+04	-1.316781e-02	1.226946e-01	0.000000e+00	-1.540186e+03	5.027044e+04
1.106700e-01	5.937376e+04	-1.331386e-02	1.227711e-01	0.000000e+00	-4.123130e+03	6.349689e+04
1.118600e-01	4.895975e+04	-1.346001e-02	1.228478e-01	0.000000e+00	-2.002059e+03	5.096181e+04
1.130500e-01	4.581098e+04	-1.360624e-02	1.229149e-01	0.000000e+00	-2.415153e+03	4.822614e+04
1.142400e-01	4.124796e+04	-1.375254e-02	1.229766e-01	0.000000e+00	-3.336695e+03	4.458466e+04
1.154300e-01	4.031046e+04	-1.389892e-02	1.230343e-01	0.000000e+00	-4.483084e+03	4.479354e+04
1.166200e-01	3.765654e+04	-1.404537e-02	1.230896e-01	0.000000e+00	-4.841671e+03	4.249821e+04
1.178100e-01	4.678139e+04	-1.419188e-02	1.231494e-01	0.000000e+00	-3.481937e+03	5.026332e+04
1.190000e-01	4.527584e+04	-1.433846e-02	1.232145e-01	0.000000e+00	-3.816896e+03	4.909273e+04
1.201900e-01	3.784894e+04	-1.448513e-02	1.232734e-01	0.000000e+00	-3.542774e+03	4.139171e+04
1.213800e-01	3.538243e+04	-1.463185e-02	1.233253e-01	0.000000e+00	-3.109931e+03	3.849236e+04
1.225700e-01	3.927714e+04	-1.477864e-02	1.233781e-01	0.000000e+00	-5.674897e+03	4.495203e+04
1.237600e-01	4.584111e+04	-1.492549e-02	1.234384e-01	0.000000e+00	-1.329067e+03	4.717017e+04
1.249500e-01	4.094372e+04	-1.507242e-02	1.234999e-01	0.000000e+00	-1.829759e+03	4.277347e+04
1.261400e-01	4.158993e+04	-1.521942e-02	1.235583e-01	0.000000e+00	-4.830655e+03	4.642059e+04
1.273300e-01	3.837780e+04	-1.536649e-02	1.236150e-01	0.000000e+00	-3.420618e+03	4.179842e+04
1.285200e-01	4.937623e+04	-1.551363e-02	1.236771e-01	0.000000e+00	-5.056402e+03	5.443263e+04
1.297100e-01	4.492065e+04	-1.566084e-02	1.237439e-01	0.000000e+00	-4.398325e+03	4.931898e+04
1.309000e-01	4.417611e+04	-1.580814e-02	1.238070e-01	0.000000e+00	-3.110900e+03	4.728701e+04
1.320900e-01	3.280481e+04	-1.595550e-02	1.238615e-01	0.000000e+00	-7.269783e+03	4.007459e+04
1.332800e-01	4.010151e+04	-1.610293e-02	1.239131e-01	0.000000e+00	-4.526609e+03	4.462812e+04
1.344700e-01	5.096600e+04	-1.625042e-02	1.239776e-01	0.000000e+00	-3.251758e+03	5.421776e+04
1.356600e-01	5.469905e+04	-1.639799e-02	1.240524e-01	0.000000e+00	-2.466358e+03	5.716540e+04
1.368500e-01	4.616247e+04	-1.654566e-02	1.241239e-01	0.000000e+00	-3.017818e+03	4.918029e+04
1.380400e-01	3.276775e+04	-1.669341e-02	1.241798e-01	0.000000e+00	-2.177450e+03	3.494520e+04
1.392300e-01	3.521099e+04	-1.684121e-02	1.242279e-01	0.000000e+00	-4.586993e+03	3.979798e+04
1.404200e-01	4.813854e+04	-1.698907e-02	1.242869e-01	0.000000e+00	-4.690999e+03	5.282954e+04
1.416100e-01	4.373810e+04	-1.713701e-02	1.243520e-01	0.000000e+00	-7.022349e+03	5.076045e+04
1.428000e-01	3.497807e+04	-1.728503e-02	1.244077e-01	0.000000e+00	-5.910492e+03	4.088856e+04
1.439900e-01	5.082176e+04	-1.743310e-02	1.244685e-01	0.000000e+00	-3.928536e+03	5.475030e+04
1.451800e-01	4.747627e+04	-1.758126e-02	1.245381e-01	0.000000e+00	-4.654595e+03	5.213086e+04
1.463700e-01	3.918360e+04	-1.772950e-02	1.245995e-01	0.000000e+00	-3.113629e+03	4.229723e+04
1.475600e-01	3.960812e+04	-1.787781e-02	1.246553e-01	0.000000e+00	-4.585466e+03	4.419359e+04
1.487500e-01	4.566987e+04	-1.802618e-02	1.247157e-01	0.000000e+00	-2.046954e+03	4.771682e+04
1.499400e-01	4.580019e+04	-1.817463e-02	1.247804e-01	0.000000e+00	-1.498508e+03	4.729869e+04
1.511300e-01	3.886793e+04	-1.832316e-02	1.248404e-01	0.000000e+00	-3.331836e+03	4.219977e+04
1.523200e-01	4.193286e+04	-1.847175e-02	1.248976e-01	0.000000e+00	-2.885471e+03	4.481833e+04
1.535100e-01	4.059440e+04	-1.862042e-02	1.249561e-01	0.000000e+00	-2.097139e+03	4.269154e+04
1.547000e-01	4.136060e+04	-1.876915e-02	1.250141e-01	0.000000e+00	-3.826615e+03	4.518721e+04
1.558900e-01	3.634171e+04	-1.891795e-02	1.250691e-01	0.000000e+00	-4.508888e+03	4.085060e+04
1.570800e-01	3.927681e+04	-1.906681e-02	1.251227e-01	0.000000e+00	-3.411095e+03	4.268790e+04
1.582700e-01	3.893147e+04	-1.921574e-02	1.251781e-01	0.000000e+00	-3.510420e+03	4.244189e+04
1.594600e-01	5.550419e+04	-1.936474e-02	1.252449e-01	0.000000e+00	-3.639244e+03	5.914344e+04
1.606500e-01	4.002754e+04	-1.951383e-02	1.253126e-01	0.000000e+00	-4.518396e+03	4.454594e+04
1.618400e-01	3.730153e+04	-1.966298e-02	1.253674e-01	0.000000e+00	-4.571277e+03	4.187281e+04
1.630300e-01	4.040113e+04	-1.981220e-02	1.254224e-01	0.000000e+00	-4.405105e+03	4.480624e+04
1.642200e-01	4.563095e+04	-1.996149e-02	1.254833e-01	0.000000e+00	-2.840593e+03	4.847154e+04
1.654100e-01	4.773417e+04	-2.011085e-02	1.255494e-01	0.000000e+00	-1.399235e+03	4.913340e+04
1.666000e-01	4.895318e+04	-2.026029e-02	1.256179e-01	0.000000e+00	-3.408445e+03	5.236162e+04
1.677900e-01	4.704656e+04	-2.040982e-02	1.256859e-01	0.000000e+00	-1.951699e+03	4.899825e+04
1.689800e-01	4.926513e+04	-2.055943e-02	1.257541e-01	0.000000e+00	-3.874454e+03	5.313958e+04
1.701700e-01	4.039022e+04	-2.070912e-02	1.258176e-01	0.000000e+00	-2.122609e+03	4.251283e+04
1.713600e-01	3.954443e+04	-2.085887e-02	1.258742e-01	0.000000e+00	-1.955491e+03	4.149992e+04
1.725500e-01	4.678399e+04	-2.100870e-02	1.259353e-01	0.000000e+00	-3.383142e+03	5.016713e+04
1.737400e-01	5.115886e+04	-2.115860e-02	1.260047e-01	0.000000e+00	-3.436510e+03	5.459536e+04
1.749300e-01	4.323957e+04	-2.130859e-02	1.260715e-01	0.000000e+00	-5.595568e+03	4.883514e+04
1.761200e-01	5.116764e+04	-2.145865e-02	1.261384e-01	0.000000e+00	-3.288352e+03	5.445600e+04
1.773100e-01	4.235564e+04	-2.160880e-02	1.262046e-01	0.000000e+00	-3.454949e+03	4.581059e+04
1.785000e-01	4.745782e+04	-2.175902e-02	1.262682e-01	0.000000e+00	-2.756660e+03	5.021448e+04
1.796900e-01	4.750697e+04	-2.190932e-02	1.263355e-01	0.000000e+00	-2.906350e+03	5.041332e+04
1.808800e-01	4.623777e+04	-2.205969e-02	1.264018e-01	0.000000e+00	-2.493550e+03	4.873132e+04
1.820700e-01	4.048039e+04	-2.221015e-02	1.264633e-01	0.000000e+00	-4.455096e+03	4.493548e+04
1.832600e-01	3.986618e+04	-2.236068e-02	1.265202e-01	0.000000e+00	-5.694412e+03	4.556060e+04
1.844500e-01	4.616305e+04	-2.251127e-02	1.265811e-01	0.000000e+00	-5.109892e+03	5.127294e+04
1.856400e-01	3.558217e+04	-2.266194e-02	1.266390e-01	0.000000e+00	-5.717324e+03	4.129949e+04
1.868300e-01	3.417685e+04	-2.281267e-02	1.266884e-01	0.000000e+00	-3.966039e+03	3.814289e+04
1.880200e-01	3.629061e+04	-2.296346e-02	1.267383e-01	0.000000e+00	-3.255529e+03	3.954614e+04
1.892100e-01	5.180100e+04	-2.311431e-02	1.268007e-01	0.000000e+00	-1.082241e+03	5.288325e+04
1.904000e-01	3.787120e+04	-2.326524e-02	1.268642e-01	0.000000e+00	-5.626767e+03	4.349796e+04
1.915900e-01	4.033222e+04	-2.341624e-02	1.269195e-01	0.000000e+00	-4.785505e+03	4.511773e+04
1.927800e-01	4.409956e+04	-2.356731e-02	1.269793e-01	0.000000e+00	-2.609535e+03	4.670910e+04
1.939700e-01	3.181058e+04	-2.371845e-02	1.270331e-01	0.000000e+00	-5.234572e+03	3.704516e+04
1.951600e-01	4.318181e+04	-2.386965e-02	1.270862e-01	0.000000e+00	-1.558336e+03	4.474014e+04
1.963500e-01	4.857107e+04	-2.402092e-02	1.271512e-01	0.000000e+00	-3.981467e+03	5.255253e+04
1.975400e-01	4.531479e+04	-2.417227e-02	1.272177e-01	0.000000e+00	-3.445333e+03	4.876012e+04
1.987300e-01	4.379668e+04	-2.432370e-02	1.272808e-01	0.000000e+00	-2.958152e+03	4.675483e+04
1.999200e-01	4.197859e+04	-2.447520e-02	1.273415e-01	0.000000e+00	-2.296987e+03	4.427558e+04
2.011100e-01	4.110885e+04	-2.462677e-02	1.274003e-01	0.000000e+00	-4.928169e+03	4.603702e+04
2.023000e-01	4.776964e+04	-2.477841e-02	1.274633e-01	0.000000e+00	-1.885917e+03	4.965555e+04
2.034900e-01	4.751953e+04	-2.493013e-02	1.275308e-01	0.000000e+00	-1.627302e+03	4.914683e+04
2.046800e-01	5.189873e+04	-2.508193e-02	1.276012e-01	0.000000e+00	-1.274574e+03	5.317330e+04
2.058700e-01	4.922805e+04	-2.523382e-02	1.276728e-01	0.000000e+00	-2.381600e+03	5.160965e+04
2.070600e-01	4.726728e+04	-2.538580e-02	1.277411e-01	0.000000e+00	-3.775343e+03	5.104263e+04
2.082500e-01	4.306512e+04	-2.553785e-02	1.278051e-01	0.000000e+00	-4.534819e+03	4.759994e+04
2.094400e-01	3.771347e+04	-2.568997e-02	1.278623e-01	0.000000e+00	-6.126387e+03	4.383986e+04
2.106300e-01	3.654900e+04	-2.584216e-02	1.279149e-01	0.000000e+00	-3.854236e+03	4.040323e+04
2.118200e-01	3.671982e+04	-2.599441e-02	1.279668e-01	0.000000e+00	-5.118162e+03	4.183799e+04
2.130100e-01	4.723419e+04	-2.614672e-02	1.280262e-01	0.000000e+00	-2.772413e+03	5.000660e+04
2.142000e-01	4.114171e+04	-2.629911e-02	1.280888e-01	0.000000e+00	-4.355987e+03	4.549770e+04
2.153900e-01	3.649454e+04	-2.645157e-02	1.281438e-01	0.000000e+00	-4.595704e+03	4.109024e+04
2.165800e-01	4.483734e+04	-2.660409e-02	1.282014e-01	0.000000e+00	-3.029388e+03	4.786673e+04
2.177700e-01	3.398902e+04	-2.675669e-02	1.282572e-01	0.000000e+00	-2.920142e+03	3.690916e+04
2.189600e-01	4.076031e+04	-2.690935e-02	1.283101e-01	0.000000e+00	-1.997556e+03	4.275787e+04
2.201500e-01	4.308827e+04	-2.706207e-02	1.283695e-01	0.000000e+00	-3.993343e+03	4.708162e+04
2.213400e-01	3.778788e+04	-2.721487e-02	1.284268e-01	0.000000e+00	-4.293759e+03	4.208164e+04
2.225300e-01	4.789454e+04	-2.736773e-02	1.284875e-01	0.000000e+00	-2.598230e+03	5.049277e+04
2.237200e-01	4.644716e+04	-2.752067e-02	1.285543e-01	0.000000e+00	-4.712406e+03	5.115957e+04
2.249100e-01	4.226796e+04	-2.767368e-02	1.286171e-01	0.000000e+00	-1.562677e+03	4.383064e+04
2.261000e-01	4.204074e+04	-2.782677e-02	1.286768e-01	0.000000e+00	-1.845742e+03	4.388648e+04
2.272900e-01	4.534756e+04	-2.797994e-02	1.287387e-01	0.000000e+00	-3.103676e+03	4.845123e+04
2.284800e-01	3.764712e+04	-2.813317e-02	1.287975e-01	0.000000e+00	-3.911921e+03	4.155904e+04
2.296700e-01	4.123844e+04	-2.828647e-02	1.288533e-01	0.000000e+00	-3.686354e+03	4.492479e+04
2.308600e-01	4.124812e+04	-2.843984e-02	1.289117e-01	0.000000e+00	-3.236090e+03	4.448421e+04
2.320500e-01	4.155176e+04	-2.859328e-02	1.289704e-01	0.000000e+00	-4.322129e+03	4.587389e+04
2.332400e-01	4.267587e+04	-2.874679e-02	1.290300e-01	0.000000e+00	-4.689659e+03	4.736553e+04
2.344300e-01	5.131114e+04	-2.890038e-02	1.290966e-01	0.000000e+00	-3.063182e+03	5.437432e+04
2.356200e-01	4.603972e+04	-2.905404e-02	1.291655e-01	0.000000e+00	-3.401165e+03	4.944089e+04
2.368100e-01	4.190173e+04	-2.920779e-02	1.292278e-01	0.000000e+00	-3.432798e+03	4.533452e+04
2.380000e-01	3.845327e+04	-2.936161e-02	1.292847e-01	0.000000e+00	-3.430509e+03	4.188378e+04
2.391900e-01	4.876386e+04	-2.951549e-02	1.293465e-01	0.000000e+00	-4.691513e+03	5.345537e+04
2.403800e-01	4.066066e+04	-2.966945e-02	1.294098e-01	0.000000e+00	-4.116133e+03	4.477680e+04
2.415700e-01	2.809209e+04	-2.982348e-02	1.294585e-01	0.000000e+00	-4.982853e+03	3.307494e+04
2.427600e-01	3.446088e+04	-2.997756e-02	1.295028e-01	0.000000e+00	-2.830885e+03	3.729176e+04
2.439500e-01	3.620582e+04	-3.013170e-02	1.295528e-01	0.000000e+00	-6.125182e+03	4.233100e+04
2.451400e-01	4.044300e+04	-3.028590e-02	1.296071e-01	0.000000e+00	-3.698144e+03	4.414115e+04
2.463300e-01	3.826596e+04	-3.044016e-02	1.296628e-01	0.000000e+00	-4.219636e+03	4.248559e+04
2.475200e-01	3.542956e+04	-3.059449e-02	1.297150e-01	0.000000e+00	-1.995133e+03	3.742469e+04
2.487100e-01	4.332230e+04	-3.074889e-02	1.297708e-01	0.000000e+00	-3.988239e+03	4.731054e+04
2.499000e-01	4.517730e+04	-3.090335e-02	1.298335e-01	0.000000e+00	-3.076396e+03	4.825370e+04
2.510900e-01	4.158300e+04	-3.105789e-02	1.298949e-01	0.000000e+00	-4.368839e+03	4.595184e+04
2.522800e-01	3.996222e+04	-3.121250e-02	1.299527e-01	0.000000e+00	-8.137215e+02	4.077594e+04
2.534700e-01	5.251579e+04	-3.136718e-02	1.300182e-01	0.000000e+00	-2.067475e+03	5.458326e+04
2.546600e-01	5.754916e+04	-3.152194e-02	1.300961e-01	0.000000e+00	-2.036194e+03	5.958536e+04
2.558500e-01	4.583076e+04	-3.167681e-02	1.301693e-01	0.000000e+00	-1.928807e+03	4.775957e+04
2.570400e-01	3.973981e+04	-3.183175e-02	1.302299e-01	0.000000e+00	-2.509949e+03	4.224976e+04
2.582300e-01	4.518689e+04	-3.198675e-02	1.302901e-01	0.000000e+00	-5.768134e+03	5.095502e+04
2.594200e-01	4.228018e+04	-3.214184e-02	1.303520e-01	0.000000e+00	-5.918003e+03	4.819818e+04
2.606100e-01	4.519088e+04	-3.229699e-02	1.304139e-01	0.000000e+00	-2.285996e+03	4.747688e+04
2.618000e-01	4.560435e+04	-3.245222e-02	1.304782e-01	0.000000e+00	-3.244079e+03	4.884843e+04
2.629900e-01	4.754272e+04	-3.260753e-02	1.305442e-01	0.000000e+00	-4.051796e+03	5.159451e+04
2.641800e-01	3.085400e+04	-3.276292e-02	1.305997e-01	0.000000e+00	-4.321676e+03	3.517568e+04
2.653700e-01	3.889716e+04	-3.291836e-02	1.306491e-01	0.000000e+00	-5.044445e+03	4.394161e+04
2.665600e-01	4.887617e+04	-3.307386e-02	1.307113e-01	0.000000e+00	-6.726874e+03	5.560304e+04
2.677500e-01	4.165706e+04	-3.322945e-02	1.307754e-01	0.000000e+00	-5.298117e+03	4.695518e+04
2.689400e-01	3.402510e+04	-3.338511e-02	1.308290e-01	0.000000e+00	-1.542347e+03	3.556744e+04
2.701300e-01	3.994421e+04	-3.354082e-02	1.308814e-01	0.000000e+00	-3.209932e+02	4.026520e+04
2.713200e-01	4.668114e+04	-3.369660e-02	1.309427e-01	0.000000e+00	-3.601484e+03	5.028262e+04
2.725100e-01	4.046470e+04	-3.385246e-02	1.310044e-01	0.000000e+00	-7.959674e+03	4.842437e+04
2.737000e-01	3.270866e+04	-3.400839e-02	1.310562e-01	0.000000e+00	-5.826752e+03	3.853542e+04
2.748900e-01	4.069740e+04	-3.416438e-02	1.311082e-01	0.000000e+00	-2.493154e+03	4.319055e+04
2.760800e-01	5.082759e+04	-3.432043e-02	1.311730e-01	0.000000e+00	-2.345953e+03	5.317354e+04
2.772700e-01	4.650599e+04	-3.447657e-02	1.312420e-01	0.000000e+00	-2.812774e+03	4.931876e+04
2.784600e-01	4.851433e+04	-3.463279e-02	1.313093e-01	0.000000e+00	-4.974693e+03	5.348902e+04
2.796500e-01	4.891342e+04	-3.478909e-02	1.313782e-01	0.000000e+00	-3.581465e+03	5.249488e+04
2.808400e-01	5.149381e+04	-3.494547e-02	1.314494e-01	0.000000e+00	-2.022268e+03	5.351608e+04
2.820300e-01	4.303695e+04	-3.510194e-02	1.315163e-01	0.000000e+00	-2.465647e+03	4.550259e+04
2.832200e-01	4.570426e+04	-3.525848e-02	1.315791e-01	0.000000e+00	-1.214683e+03	4.691894e+04
2.844100e-01	4.691453e+04	-3.541509e-02	1.316447e-01	0.000000e+00	-2.573073e+03	4.948760e+04
2.856000e-01	4.805837e+04	-3.557179e-02	1.317120e-01	0.000000e+00	-2.306904e+03	5.036527e+04
2.867900e-01	4.752636e+04	-3.572857e-02	1.317797e-01	0.000000e+00	-2.472735e+03	4.999910e+04
2.879800e-01	4.080461e+04	-3.588543e-02	1.318422e-01	0.000000e+00	-9.208721e+02	4.172548e+04
2.891700e-01	4.842957e+04	-3.604235e-02	1.319054e-01	0.000000e+00	-6.034688e+00	4.843561e+04
2.903600e-01	4.474096e+04	-3.619936e-02	1.319714e-01	0.000000e+00	-9.245170e+02	4.566548e+04
2.915500e-01	5.008564e+04	-3.635645e-02	1.320386e-01	0.000000e+00	-1.032391e+03	5.111803e+04
2.927400e-01	4.404092e+04	-3.651361e-02	1.321052e-01	0.000000e+00	-2.148819e+03	4.618974e+04
2.939300e-01	4.514733e+04	-3.667086e-02	1.321684e-01	0.000000e+00	-4.698224e+03	4.984555e+04
2.951200e-01	3.778432e+04	-3.682817e-02	1.322271e-01	0.000000e+00	-3.512107e+03	4.129643e+04
2.963100e-01	5.242206e+04	-3.698556e-02	1.322910e-01	0.000000e+00	-6.086671e+02	5.303073e+04
2.975000e-01	4.018041e+04	-3.714303e-02	1.323566e-01	0.000000e+00	-3.085106e+03	4.326552e+04
2.986900e-01	3.426860e+04	-3.730056e-02	1.324093e-01	0.000000e+00	-1.803670e+03	3.607227e+04
2.998800e-01	4.550938e+04	-3.745816e-02	1.324658e-01	0.000000e+00	-1.514232e+03	4.702361e+04
3.010700e-01	5.396090e+04	-3.761583e-02	1.325362e-01	0.000000e+00	-9.616434e+02	5.492255e+04
3.022600e-01	5.451245e+04	-3.777360e-02	1.326130e-01	0.000000e+00	-5.314218e+03	5.982667e+04
3.034500e-01	4.607327e+04	-3.793145e-02	1.326843e-01	0.000000e+00	-4.892243e+03	5.096552e+04
3.046400e-01	4.144372e+04	-3.808939e-02	1.327462e-01	0.000000e+00	-3.822877e+03	4.526660e+04
3.058300e-01	4.773492e+04	-3.824739e-02	1.328094e-01	0.000000e+00	-4.054879e+03	5.178980e+04
3.070200e-01	3.929081e+04	-3.840547e-02	1.328710e-01	0.000000e+00	-5.007697e+03	4.429850e+04
3.082100e-01	4.451884e+04	-3.856362e-02	1.329304e-01	0.000000e+00	-5.384287e+03	4.990313e+04
3.094000e-01	4.008531e+04	-3.872185e-02	1.329903e-01	0.000000e+00	-6.400262e+03	4.648557e+04
3.105900e-01	4.225342e+04	-3.888014e-02	1.330486e-01	0.000000e+00	-4.612853e+03	4.686628e+04
3.117800e-01	4.493713e+04	-3.903850e-02	1.331103e-01	0.000000e+00	-2.750019e+03	4.768715e+04
3.129700e-01	3.489571e+04	-3.919694e-02	1.331669e-01	0.000000e+00	-4.201205e+03	3.909691e+04
3.141600e-01	3.770395e+04	-3.935544e-02	1.332183e-01	0.000000e+00	-3.333880e+03	4.103783e+04
3.153500e-01	3.551600e+04	-3.951400e-02	1.332701e-01	0.000000e+00	-3.587123e+03	3.910312e+04
3.165400e-01	3.835959e+04	-3.967262e-02	1.333225e-01	0.000000e+00	-1.013956e+03	3.937355e+04
3.177300e-01	3.599408e+04	-3.983131e-02	1.333751e-01	0.000000e+00	-4.459430e+03	4.045351e+04
3.189200e-01	3.736224e+04	-3.999005e-02	1.334271e-01	0.000000e+00	-6.071661e+03	4.343390e+04
3.201100e-01	3.037099e+04	-4.014886e-02	1.334750e-01	0.000000e+00	-4.504473e+03	3.487546e+04
3.213000e-01	3.838542e+04	-4.030773e-02	1.335237e-01	0.000000e+00	-4.831597e+03	4.321702e+04
3.224900e-01	4.193482e+04	-4.046665e-02	1.335806e-01	0.000000e+00	-5.668056e+03	4.760287e+04
3.236800e-01	3.816375e+04	-4.062565e-02	1.336373e-01	0.000000e+00	-3.198649e+03	4.136240e+04
3.248700e-01	2.821655e+04	-4.078471e-02	1.336843e-01	0.000000e+00	-5.539150e+03	3.375570e+04
3.260600e-01	3.840581e+04	-4.094382e-02	1.337315e-01	0.000000e+00	-6.726972e+03	4.513278e+04
3.272500e-01	4.763550e+04	-4.110299e-02	1.337924e-01	0.000000e+00	-3.653971e+03	5.128947e+04
3.284400e-01	4.679342e+04	-4.126224e-02	1.338593e-01	0.000000e+00	-2.529908e+03	4.932333e+04
3.296300e-01	4.592809e+04	-4.142157e-02	1.339250e-01	0.000000e+00	-5.471941e+02	4.647528e+04
3.308200e-01	4.118868e+04	-4.158098e-02	1.339867e-01	0.000000e+00	-4.801765e+03	4.599044e+04
3.320100e-01	4.343627e+04	-4.174046e-02	1.340466e-01	0.000000e+00	-5.915011e+03	4.935128e+04
3.332000e-01	3.831392e+04	-4.190001e-02	1.341045e-01	0.000000e+00	-3.408947e+03	4.172287e+04
3.343900e-01	4.260932e+04	-4.205963e-02	1.341618e-01	0.000000e+00	-3.348052e+03	4.595737e+04
3.355800e-01	4.232295e+04	-4.221932e-02	1.342219e-01	0.000000e+00	-4.912362e+03	4.723531e+04
3.367700e-01	3.878517e+04	-4.237908e-02	1.342794e-01	0.000000e+00	-4.101447e+03	4.288662e+04
3.379600e-01	3.899703e+04	-4.253890e-02	1.343345e-01	0.000000e+00	-4.999854e+03	4.399689e+04
3.391500e-01	5.029925e+04	-4.269880e-02	1.343977e-01	0.000000e+00	-4.216465e+03	5.451571e+04
3.403400e-01	3.638710e+04	-4.285877e-02	1.344591e-01	0.000000e+00	-4.009358e+03	4.039645e+04
3.415300e-01	4.271795e+04	-4.301881e-02	1.345151e-01	0.000000e+00	-4.031137e+03	4.674909e+04
3.427200e-01	4.985934e+04	-4.317892e-02	1.345807e-01	0.000000e+00	-3.697721e+03	5.355706e+04
3.439100e-01	4.118605e+04	-4.333911e-02	1.346451e-01	0.000000e+00	-2.140540e+03	4.332659e+04
3.451000e-01	4.436754e+04	-4.349937e-02	1.347057e-01	0.000000e+00	-6.286548e+03	5.065409e+04
3.462900e-01	4.580851e+04	-4.365971e-02	1.347696e-01	0.000000e+00	-4.203012e+03	5.001152e+04
3.474800e-01	5.082075e+04	-4.382012e-02	1.348380e-01	0.000000e+00	-2.297159e+03	5.311791e+04
3.486700e-01	4.476060e+04	-4.398062e-02	1.349057e-01	0.000000e+00	-3.141667e+03	4.790226e+04
3.498600e-01	4.150986e+04	-4.414120e-02	1.349668e-01	0.000000e+00	-3.412602e+03	4.492246e+04
3.510500e-01	3.687824e+04	-4.430184e-02	1.350223e-01	0.000000e+00	-2.569450e+03	3.944769e+04
3.522400e-01	3.323530e+04	-4.446255e-02	1.350720e-01	0.000000e+00	-3.103694e+03	3.633900e+04
3.534300e-01	3.958415e+04	-4.462332e-02	1.351235e-01	0.000000e+00	-4.824119e+03	4.440827e+04
3.546200e-01	4.343640e+04	-4.478415e-02	1.351823e-01	0.000000e+00	-2.549283e+03	4.598568e+04
3.558100e-01	4.186111e+04	-4.494505e-02	1.352427e-01	0.000000e+00	-3.941549e+03	4.580266e+04
3.570000e-01	4.504171e+04	-4.510602e-02	1.353043e-01	0.000000e+00	-4.023769e+03	4.906548e+04
3.581900e-01	3.473872e+04	-4.526707e-02	1.353608e-01	0.000000e+00	-7.348002e+03	4.208672e+04
3.593800e-01	4.354250e+04	-4.542818e-02	1.354162e-01	0.000000e+00	-3.136075e+03	4.667858e+04
3.605700e-01	4.083045e+04	-4.558936e-02	1.354760e-01	0.000000e+00	-4.034866e+03	4.486531e+04
3.617600e-01	5.312015e+04	-4.575062e-02	1.355425e-01	0.000000e+00	-3.604078e+03	5.672422e+04
3.629500e-01	4.490866e+04	-4.591196e-02	1.356119e-01	0.000000e+00	-2.264931e+03	4.717359e+04
3.641400e-01	4.459007e+04	-4.607337e-02	1.356753e-01	0.000000e+00	-5.885536e+03	5.047561e+04
3.653300e-01	4.494344e+04	-4.623486e-02	1.357387e-01	0.000000e+00	-3.345466e+03	4.828891e+04
3.665200e-01	3.939950e+04	-4.639643e-02	1.357984e-01	0.000000e+00	-4.477749e+02	3.984727e+04
3.677100e-01	4.522522e+04	-4.655806e-02	1.358583e-01	0.000000e+00	-1.616428e+03	4.684165e+04
3.689000e-01	3.595039e+04	-4.671977e-02	1.359158e-01	0.000000e+00	-5.087174e+03	4.103756e+04
3.700900e-01	4.705952e+04	-4.688154e-02	1.359746e-01	0.000000e+00	-1.962427e+03	4.902195e+04
3.712800e-01	4.492337e+04	-4.704339e-02	1.360398e-01	0.000000e+00	-1.395290e+03	4.631866e+04
3.724700e-01	4.310340e+04	-4.720532e-02	1.361021e-01	0.000000e+00	-9.752862e+02	4.407869e+04
3.736600e-01	4.263883e+04	-4.736732e-02	1.361628e-01	0.000000e+00	-2.229996e+03	4.486883e+04
3.748500e-01	4.087439e+04	-4.752939e-02	1.362220e-01	0.000000e+00	-2.797955e+03	4.367234e+04
3.760400e-01	3.521979e+04	-4.769152e-02	1.362758e-01	0.000000e+00	-2.846157e+03	3.806595e+04
3.772300e-01	3.486151e+04	-4.785372e-02	1.363255e-01	0.000000e+00	-3.437187e+03	3.829870e+04
3.784200e-01	5.164882e+04	-4.801598e-02	1.363867e-01	0.000000e+00	-4.816323e+03	5.646514e+04
3.796100e-01	3.803332e+04	-4.817832e-02	1.364502e-01	0.000000e+00	-5.930299e+03	4.396361e+04
3.808000e-01	4.807869e+04	-4.834073e-02	1.365112e-01	0.000000e+00	-4.137745e+03	5.221644e+04
3.819900e-01	4.218850e+04	-4.850322e-02	1.365751e-01	0.000000e+00	-3.398505e+03	4.558701e+04
3.831800e-01	3.738203e+04	-4.866578e-02	1.366315e-01	0.000000e+00	-3.986676e+03	4.136871e+04
3.843700e-01	4.060299e+04	-4.882840e-02	1.366867e-01	0.000000e+00	-4.617871e+03	4.522086e+04
3.855600e-01	4.278843e+04	-4.899109e-02	1.367458e-01	0.000000e+00	-2.599638e+03	4.538806e+04
3.867500e-01	4.698395e+04	-4.915386e-02	1.368094e-01	0.000000e+00	-5.088116e+03	5.207206e+04
3.879400e-01	4.173961e+04	-4.931670e-02	1.368722e-01	0.000000e+00	-3.143802e+03	4.488341e+04
3.891300e-01	3.619267e+04	-4.947961e-02	1.369274e-01	0.000000e+00	-2.395991e+03	3.858866e+04
3.903200e-01	4.436509e+04	-4.964259e-02	1.369844e-01	0.000000e+00	-2.878868e+03	4.724395e+04
3.915100e-01	4.399005e+04	-4.980564e-02	1.370470e-01	0.000000e+00	-2.693488e+03	4.668353e+04
3.927000e-01	3.709946e+04	-4.996876e-02	1.371044e-01	0.000000e+00	-6.926695e+03	4.402615e+04
3.938900e-01	3.580952e+04	-5.013194e-02	1.371560e-01	0.000000e+00	-4.856560e+03	4.066608e+04
3.950800e-01	3.996620e+04	-5.029519e-02	1.372097e-01	0.000000e+00	-3.242985e+03	4.320919e+04
3.962700e-01	4.316972e+04	-5.045850e-02	1.372686e-01	0.000000e+00	-4.271602e+03	4.744132e+04
3.974600e-01	3.537987e+04	-5.062189e-02	1.373242e-01	0.000000e+00	-3.519070e+03	3.889894e+04
3.986500e-01	5.230789e+04	-5.078533e-02	1.373863e-01	0.000000e+00	-3.060571e+03	5.536846e+04
3.998400e-01	5.390421e+04	-5.094887e-02	1.374615e-01	0.000000e+00	-1.748903e+03	5.565312e+04
4.010300e-01	4.630683e+04	-5.111249e-02	1.375325e-01	0.000000e+00	-2.241646e+03	4.854848e+04
4.022200e-01	4.877064e+04	-5.127620e-02	1.375998e-01	0.000000e+00	-3.308008e+03	5.207865e+04
4.034100e-01	4.173492e+04	-5.143998e-02	1.376639e-01	0.000000e+00	-2.076165e+03	4.381109e+04
4.046000e-01	4.687295e+04	-5.160384e-02	1.377267e-01	0.000000e+00	-3.387351e+03	5.026030e+04
4.057900e-01	4.422756e+04	-5.176777e-02	1.377912e-01	0.000000e+00	-2.249089e+03	4.647665e+04
4.069800e-01	5.195967e+04	-5.193178e-02	1.378593e-01	0.000000e+00	-2.303346e+03	5.426301e+04
4.081700e-01	5.049623e+04	-5.209588e-02	1.379318e-01	0.000000e+00	-1.702200e+03	5.219844e+04
4.093600e-01	4.622858e+04	-5.226006e-02	1.380003e-01	0.000000e+00	-4.215041e+03	5.044362e+04
4.105500e-01	3.961066e+04	-5.242432e-02	1.380611e-01	0.000000e+00	-4.256980e+03	4.386764e+04
4.117400e-01	3.702066e+04	-5.258864e-02	1.381154e-01	0.000000e+00	-1.592966e+03	3.861363e+04
4.129300e-01	4.065185e+04	-5.275303e-02	1.381704e-01	0.000000e+00	-1.889424e+03	4.254128e+04
4.141200e-01	4.338750e+04	-5.291749e-02	1.382299e-01	0.000000e+00	-3.945843e+03	4.733335e+04
4.153100e-01	3.888241e+04	-5.308202e-02	1.382882e-01	0.000000e+00	-3.347935e+03	4.223035e+04
4.165000e-01	4.441476e+04	-5.324661e-02	1.383472e-01	0.000000e+00	-2.985378e+03	4.740014e+04
4.176900e-01	4.589211e+04	-5.341128e-02	1.384111e-01	0.000000e+00	-2.996655e+03	4.888876e+04
4.188800e-01	4.450857e+04	-5.357603e-02	1.384751e-01	0.000000e+00	-2.238852e+03	4.674743e+04
4.200700e-01	4.749810e+04	-5.374085e-02	1.385403e-01	0.000000e+00	-3.827872e+03	5.132597e+04
4.212600e-01	4.647847e+04	-5.390576e-02	1.386068e-01	0.000000e+00	-2.611904e+03	4.909037e+04
4.224500e-01	3.853218e+04	-5.407074e-02	1.386670e-01	0.000000e+00	-3.695122e+03	4.222730e+04
4.236400e-01	4.424530e+04	-5.423579e-02	1.387257e-01	0.000000e+00	-3.136486e+03	4.738179e+04
4.248300e-01	3.832803e+04	-5.440091e-02	1.387841e-01	0.000000e+00	-5.757194e+03	4.408523e+04
4.260200e-01	4.356482e+04	-5.456609e-02	1.388421e-01	0.000000e+00	-3.738750e+03	4.730357e+04
4.272100e-01	4.198951e+04	-5.473135e-02	1.389027e-01	0.000000e+00	-1.999037e+03	4.398855e+04
4.284000e-01	4.096779e+04	-5.489668e-02	1.389615e-01	0.000000e+00	-1.601434e+03	4.256923e+04
4.295900e-01	3.819199e+04	-5.506208e-02	1.390175e-01	0.000000e+00	-2.839130e+03	4.103112e+04
4.307800e-01	3.940066e+04	-5.522754e-02	1.390725e-01	0.000000e+00	-1.373613e+03	4.077427e+04
4.319700e-01	4.145982e+04	-5.539307e-02	1.391297e-01	0.000000e+00	-2.417791e+03	4.387761e+04
4.331600e-01	4.874735e+04	-5.555867e-02	1.391936e-01	0.000000e+00	-3.531405e+03	5.227876e+04
4.343500e-01	4.103362e+04	-5.572435e-02	1.392572e-01	0.000000e+00	-3.327976e+03	4.436160e+04
4.355400e-01	4.455454e+04	-5.589010e-02	1.393178e-01	0.000000e+00	-4.234491e+03	4.878903e+04
4.367300e-01	4.056444e+04	-5.605593e-02	1.393781e-01	0.000000e+00	-3.132599e+03	4.369703e+04
4.379200e-01	4.902638e+04	-5.622182e-02	1.394415e-01	0.000000e+00	-4.273814e+03	5.330019e+04
4.391100e-01	5.052965e+04	-5.638780e-02	1.395120e-01	0.000000e+00	-4.196627e+03	5.472628e+04
4.403000e-01	4.520575e+04	-5.655386e-02	1.395798e-01	0.000000e+00	-3.591586e+03	4.879733e+04
4.414900e-01	4.370603e+04	-5.672000e-02	1.396428e-01	0.000000e+00	-2.133275e+03	4.583930e+04
4.426800e-01	4.622666e+04	-5.688621e-02	1.397065e-01	0.000000e+00	-1.035482e+03	4.726215e+04
4.438700e-01	4.288331e+04	-5.705250e-02	1.397696e-01	0.000000e+00	-3.075184e+03	4.595850e+04
4.450600e-01	4.672193e+04	-5.721886e-02	1.398330e-01	0.000000e+00	-3.656861e+03	5.037879e+04
4.462500e-01	5.017522e+04	-5.738530e-02	1.399017e-01	0.000000e+00	-1.802671e+03	5.197789e+04
4.474400e-01	5.249889e+04	-5.755183e-02	1.399744e-01	0.000000e+00	-9.808873e+02	5.347978e+04
4.486300e-01	3.533487e+04	-5.771844e-02	1.400366e-01	0.000000e+00	-1.899641e+03	3.723451e+04
4.498200e-01	3.543240e+04	-5.788512e-02	1.400867e-01	0.000000e+00	-2.771134e+03	3.820354e+04
4.510100e-01	4.311493e+04	-5.805185e-02	1.401423e-01	0.000000e+00	-1.853096e+03	4.496803e+04
4.522000e-01	5.312424e+04	-5.821865e-02	1.402105e-01	0.000000e+00	-1.335505e+03	5.445974e+04
4.533900e-01	4.783087e+04	-5.838555e-02	1.402820e-01	0.000000e+00	-2.928209e+03	5.075908e+04
4.545800e-01	4.152673e+04	-5.855253e-02	1.403452e-01	0.000000e+00	-3.829301e+03	4.535603e+04
4.557700e-01	4.626981e+04	-5.871957e-02	1.404074e-01	0.000000e+00	-2.458125e+03	4.872794e+04
4.569600e-01	3.936429e+04	-5.888670e-02	1.404681e-01	0.000000e+00	-7.455969e+02	4.010988e+04
4.581500e-01	4.217805e+04	-5.905389e-02	1.405258e-01	0.000000e+00	-3.519566e+03	4.569761e+04
4.593400e-01	4.902374e+04	-5.922115e-02	1.405904e-01	0.000000e+00	-2.876813e+03	5.190056e+04
4.605300e-01	3.624881e+04	-5.938849e-02	1.406508e-01	0.000000e+00	-3.364356e+03	3.961316e+04
4.617200e-01	4.239530e+04	-5.955590e-02	1.407065e-01	0.000000e+00	-3.472084e+03	4.586738e+04
4.629100e-01	3.948139e+04	-5.972337e-02	1.407644e-01	0.000000e+00	-2.802952e+03	4.228435e+04
4.641000e-01	4.545740e+04	-5.989091e-02	1.408246e-01	0.000000e+00	-1.238009e+03	4.669541e+04
4.652900e-01	4.442169e+04	-6.005853e-02	1.408882e-01	0.000000e+00	-3.281845e+03	4.770354e+04
4.664800e-01	3.646127e+04	-6.022623e-02	1.409455e-01	0.000000e+00	-3.809766e+03	4.027104e+04
4.676700e-01	5.036015e+04	-6.039398e-02	1.410070e-01	0.000000e+00	-1.865827e+03	5.222598e+04
4.688600e-01	4.709507e+04	-6.056183e-02	1.410760e-01	0.000000e+00	-1.499669e+03	4.859474e+04
4.700500e-01	4.909997e+04	-6.072975e-02	1.411441e-01	0.000000e+00	-5.823229e+02	4.968230e+04
4.712400e-01	4.842389e+04	-6.089775e-02	1.412132e-01	0.000000e+00	-2.782301e+03	5.120619e+04
4.724300e-01	4.175091e+04	-6.106583e-02	1.412771e-01	0.000000e+00	-4.989768e+03	4.674068e+04
4.736200e-01	4.131451e+04	-6.123399e-02	1.413359e-01	0.000000e+00	-3.737332e+03	4.505184e+04
4.748100e-01	5.050347e+04	-6.140221e-02	1.414009e-01	0.000000e+00	-1.180156e+03	5.168362e+04
4.760000e-01	5.538318e+04	-6.157052e-02	1.414759e-01	0.000000e+00	-1.824880e+03	5.720806e+04
4.771900e-01	4.864200e+04	-6.173893e-02	1.415496e-01	0.000000e+00	-2.789602e+03	5.143160e+04
4.783800e-01	5.565659e+04	-6.190741e-02	1.416234e-01	0.000000e+00	-2.323583e+03	5.798017e+04
4.795700e-01	4.118175e+04	-6.207599e-02	1.416920e-01	0.000000e+00	-1.497290e+03	4.267904e+04
4.807600e-01	2.912991e+04	-6.224464e-02	1.417418e-01	0.000000e+00	-4.284134e+03	3.341405e+04
4.819500e-01	3.681401e+04	-6.241333e-02	1.417885e-01	0.000000e+00	-4.996403e+03	4.181041e+04
4.831400e-01	4.424803e+04	-6.258209e-02	1.418459e-01	0.000000e+00	-2.978687e+03	4.722672e+04
4.843300e-01	3.930417e+04	-6.275093e-02	1.419051e-01	0.000000e+00	-1.294999e+03	4.059917e+04
4.855200e-01	4.012082e+04	-6.291983e-02	1.419613e-01	0.000000e+00	-1.120396e+03	4.124121e+04
4.867100e-01	4.519687e+04	-6.308880e-02	1.420217e-01	0.000000e+00	-1.662011e+03	4.685888e+04
4.879000e-01	4.212735e+04	-6.325784e-02	1.420836e-01	0.000000e+00	-9.202635e+02	4.304761e+04
4.890900e-01	4.203519e+04	-6.342695e-02	1.421432e-01	0.000000e+00	-2.347835e+03	4.438303e+04
4.902800e-01	4.120648e+04	-6.359614e-02	1.422021e-01	0.000000e+00	-3.562447e+03	4.476893e+04
4.914700e-01	3.723585e+04	-6.376540e-02	1.422577e-01	0.000000e+00	-6.216776e+03	4.345263e+04
4.926600e-01	4.452254e+04	-6.393471e-02	1.423156e-01	0.000000e+00	-3.679056e+03	4.820159e+04
4.938500e-01	4.478436e+04	-6.410411e-02	1.423788e-01	0.000000e+00	-1.434348e+03	4.621871e+04
4.950400e-01	5.191726e+04	-6.427358e-02	1.424473e-01	0.000000e+00	-1.704020e+03	5.362128e+04
4.962300e-01	4.337919e+04	-6.444313e-02	1.425148e-01	0.000000e+00	-1.591286e+03	4.497047e+04
4.974200e-01	4.661589e+04	-6.461276e-02	1.425785e-01	0.000000e+00	-1.308553e+03	4.792444e+04
4.986100e-01	4.124714e+04	-6.478247e-02	1.426407e-01	0.000000e+00	-3.293507e+03	4.454065e+04
4.998000e-01	4.256241e+04	-6.495225e-02	1.427001e-01	0.000000e+00	-3.954458e+03	4.651687e+04
5.009900e-01	5.441948e+04	-6.512209e-02	1.427688e-01	0.000000e+00	-2.817584e+03	5.723706e+04
5.021800e-01	4.683484e+04	-6.529203e-02	1.428405e-01	0.000000e+00	-3.574805e+03	5.040965e+04
5.033700e-01	4.301102e+04	-6.546205e-02	1.429041e-01	0.000000e+00	-1.753056e+03	4.476407e+04
5.045600e-01	4.550849e+04	-6.563215e-02	1.429668e-01	0.000000e+00	-1.710880e+03	4.721937e+04
5.057500e-01	3.854366e+04	-6.580232e-02	1.430263e-01	0.000000e+00	-4.533158e+03	4.307682e+04
5.069400e-01	3.897794e+04	-6.597255e-02	1.430812e-01	0.000000e+00	-3.209714e+03	4.218765e+04
5.081300e-01	3.318674e+04	-6.614285e-02	1.431323e-01	0.000000e+00	-3.655391e+03	3.684213e+04
5.093200e-01	4.335301e+04	-6.631320e-02	1.431865e-01	0.000000e+00	-3.261390e+03	4.661440e+04
5.105100e-01	4.272975e+04	-6.648363e-02	1.432475e-01	0.000000e+00	-2.400145e+03	4.512989e+04
5.117000e-01	4.013846e+04	-6.665413e-02	1.433062e-01	0.000000e+00	-2.198697e+03	4.233715e+04
5.128900e-01	3.645388e+04	-6.682470e-02	1.433604e-01	0.000000e+00	-4.740397e+03	4.119428e+04
5.140800e-01	4.256297e+04	-6.699533e-02	1.434164e-01	0.000000e+00	-3.005745e+03	4.556871e+04
5.152700e-01	4.452615e+04	-6.716603e-02	1.434780e-01	0.000000e+00	-2.426724e+03	4.695287e+04
5.164600e-01	5.159075e+04	-6.733681e-02	1.435461e-01	0.000000e+00	-1.158949e+03	5.274970e+04
5.176500e-01	4.586207e+04	-6.750767e-02	1.436151e-01	0.000000e+00	-2.779696e+03	4.864176e+04
5.188400e-01	4.693501e+04	-6.767861e-02	1.436808e-01	0.000000e+00	-2.242905e+03	4.917791e+04
5.200300e-01	4.068322e+04	-6.784963e-02	1.437429e-01	0.000000e+00	-3.786086e+03	4.446931e+04
5.212200e-01	4.726212e+04	-6.802072e-02	1.438052e-01	0.000000e+00	-9.456140e+02	4.820773e+04
5.224100e-01	5.083125e+04	-6.819189e-02	1.438746e-01	0.000000e+00	-1.738027e+03	5.256928e+04
5.236000e-01	3.864215e+04	-6.836314e-02	1.439380e-01	0.000000e+00	-2.349665e+03	4.099181e+04
5.247900e-01	5.034586e+04	-6.853446e-02	1.440010e-01	0.000000e+00	-3.857042e+03	5.420290e+04
5.259800e-01	3.850948e+04	-6.870586e-02	1.440639e-01	0.000000e+00	-2.106610e+03	4.061609e+04
5.271700e-01	4.379568e+04	-6.887733e-02	1.441222e-01	0.000000e+00	-2.015376e+03	4.581105e+04
5.283600e-01	4.411594e+04	-6.904888e-02	1.441845e-01	0.000000e+00	-3.289505e+03	4.740544e+04
5.295500e-01	3.889968e+04	-6.922049e-02	1.442433e-01	0.000000e+00	-3.147548e+03	4.204722e+04
5.307400e-01	3.857086e+04	-6.939217e-02	1.442981e-01	0.000000e+00	-1.291185e+03	3.986205e+04
5.319300e-01	4.170294e+04	-6.956392e-02	1.443550e-01	0.000000e+00	-3.416567e+03	4.511951e+04
5.331200e-01	4.227114e+04	-6.973574e-02	1.444144e-01	0.000000e+00	-3.405891e+03	4.567704e+04
5.343100e-01	4.160773e+04	-6.990763e-02	1.444738e-01	0.000000e+00	-3.596500e+03	4.520423e+04
5.355000e-01	3.810297e+04	-7.007959e-02	1.445303e-01	0.000000e+00	-5.011756e+03	4.311472e+04
5.366900e-01	3.983265e+04	-7.025161e-02	1.445855e-01	0.000000e+00	-2.426254e+03	4.225891e+04
5.378800e-01	4.454471e+04	-7.042370e-02	1.446452e-01	0.000000e+00	-2.894130e+03	4.743884e+04
5.390700e-01	4.482153e+04	-7.059587e-02	1.447085e-01	0.000000e+00	-3.707547e+03	4.852908e+04
5.402600e-01	4.268684e+04	-7.076811e-02	1.447705e-01	0.000000e+00	-4.011423e+03	4.669826e+04
5.414500e-01	4.122922e+04	-7.094042e-02	1.448299e-01	0.000000e+00	-1.225496e+03	4.245471e+04
5.426400e-01	4.681916e+04	-7.111280e-02	1.448923e-01	0.000000e+00	-2.039507e+03	4.885867e+04
5.438300e-01	5.399395e+04	-7.128526e-02	1.449636e-01	0.000000e+00	-1.854611e+03	5.584856e+04
5.450200e-01	3.218631e+04	-7.145782e-02	1.450247e-01	0.000000e+00	-2.123053e+03	3.430937e+04
5.462100e-01	3.853638e+04	-7.163042e-02	1.450748e-01	0.000000e+00	-5.054500e+03	4.359088e+04
5.474000e-01	3.685671e+04	-7.180309e-02	1.451282e-01	0.000000e+00	-3.345214e+03	4.020192e+04
5.485900e-01	4.055641e+04	-7.197583e-02	1.451830e-01	0.000000e+00	-7.444180e+02	4.130083e+04
5.497800e-01	4.879111e+04	-7.214863e-02	1.452462e-01	0.000000e+00	-1.301824e+03	5.009293e+04
5.509700e-01	4.873498e+04	-7.232151e-02	1.453153e-01	0.000000e+00	-2.524021e+03	5.125900e+04
5.521600e-01	4.796609e+04	-7.249448e-02	1.453838e-01	0.000000e+00	-1.180919e+03	4.914701e+04
5.533500e-01	4.864389e+04	-7.266753e-02	1.454522e-01	0.000000e+00	-1.109308e+03	4.975319e+04
5.545400e-01	3.971965e+04	-7.284066e-02	1.455148e-01	0.000000e+00	-2.907764e+03	4.262741e+04
5.557300e-01	3.336532e+04	-7.301385e-02	1.455665e-01	0.000000e+00	-1.435087e+03	3.480040e+04
5.569200e-01	5.214072e+04	-7.318710e-02	1.456271e-01	0.000000e+00	-6.965021e+02	5.283722e+04
5.581100e-01	4.369460e+04	-7.336044e-02	1.456950e-01	0.000000e+00	-3.160719e+03	4.685532e+04
5.593000e-01	4.159882e+04	-7.353386e-02	1.457554e-01	0.000000e+00	-3.436005e+03	4.503482e+04
5.604900e-01	5.253317e+04	-7.370734e-02	1.458220e-01	0.000000e+00	-1.655965e+03	5.418913e+04
5.616800e-01	5.004430e+04	-7.388091e-02	1.458947e-01	0.000000e+00	-2.454261e+03	5.249856e+04
5.628700e-01	4.944465e+04	-7.405457e-02	1.459651e-01	0.000000e+00	-3.121493e+03	5.256614e+04
5.640600e-01	5.427861e+04	-7.422831e-02	1.460386e-01	0.000000e+00	-1.800093e+03	5.607870e+04
5.652500e-01	3.877198e+04	-7.440214e-02	1.461045e-01	0.000000e+00	-1.558828e+03	4.033081e+04
5.664400e-01	4.104022e+04	-7.457604e-02	1.461610e-01	0.000000e+00	-2.983189e+03	4.402341e+04
5.676300e-01	4.748656e+04	-7.475001e-02	1.462237e-01	0.000000e+00	-2.682371e+03	5.016893e+04
5.688200e-01	3.915621e+04	-7.492405e-02	1.462850e-01	0.000000e+00	-1.761380e+03	4.091759e+04
5.700100e-01	5.236140e+04	-7.509816e-02	1.463498e-01	0.000000e+00	-2.526856e+03	5.488826e+04
5.712000e-01	5.222724e+04	-7.527236e-02	1.464239e-01	0.000000e+00	-2.364471e+03	5.459171e+04
5.723900e-01	4.267165e+04	-7.544665e-02	1.464911e-01	0.000000e+00	-2.716665e+03	4.538831e+04
5.735800e-01	3.978567e+04	-7.562101e-02	1.465495e-01	0.000000e+00	-3.160244e+03	4.294592e+04
5.747700e-01	3.468744e+04	-7.579544e-02	1.466022e-01	0.000000e+00	-3.381055e+03	3.806850e+04
5.759600e-01	3.795492e+04	-7.596993e-02	1.466537e-01	0.000000e+00	-2.878755e+03	4.083368e+04
5.771500e-01	4.001529e+04	-7.614448e-02	1.467089e-01	0.000000e+00	-2.206826e+03	4.222211e+04
5.783400e-01	4.038413e+04	-7.631909e-02	1.467658e-01	0.000000e+00	-5.636786e+02	4.094780e+04
5.795300e-01	3.975283e+04	-7.649378e-02	1.468226e-01	0.000000e+00	-1.214415e+03	4.096725e+04
5.807200e-01	4.871920e+04	-7.666853e-02	1.468852e-01	0.000000e+00	-4.783785e+02	4.919758e+04
5.819100e-01	4.523220e+04	-7.684337e-02	1.469518e-01	0.000000e+00	-1.769422e+03	4.700162e+04
5.831000e-01	4.530878e+04	-7.701828e-02	1.470159e-01	0.000000e+00	-1.755875e+03	4.706466e+04
5.842900e-01	3.649356e+04	-7.719326e-02	1.470738e-01	0.000000e+00	-3.859280e+03	4.035284e+04
5.854800e-01	4.482800e+04	-7.736831e-02	1.471314e-01	0.000000e+00	-1.169178e+03	4.599718e+04
5.866700e-01	4.888397e+04	-7.754344e-02	1.471978e-01	0.000000e+00	-2.577533e+03	5.146150e+04
5.878600e-01	5.135158e+04	-7.771864e-02	1.472688e-01	0.000000e+00	-4.799494e+02	5.183153e+04
5.890500e-01	4.561208e+04	-7.789394e-02	1.473374e-01	0.000000e+00	-1.173633e+03	4.678572e+04
5.902400e-01	4.063685e+04	-7.806931e-02	1.473985e-01	0.000000e+00	-5.249993e+03	4.588684e+04
5.914300e-01	4.383685e+04	-7.824474e-02	1.474583e-01	0.000000e+00	-3.063687e+03	4.690053e+04
5.926200e-01	4.733516e+04	-7.842026e-02	1.475229e-01	0.000000e+00	-1.916092e+03	4.925125e+04
5.938100e-01	4.646056e+04	-7.859585e-02	1.475893e-01	0.000000e+00	-4.157491e+03	5.061805e+04
5.950000e-01	4.743146e+04	-7.877152e-02	1.476558e-01	0.000000e+00	-3.927483e+03	5.135895e+04
5.961900e-01	4.011527e+04	-7.894727e-02	1.477178e-01	0.000000e+00	-3.407335e+03	4.352261e+04
5.973800e-01	4.491657e+04	-7.912309e-02	1.477780e-01	0.000000e+00	-3.693496e+03	4.861007e+04
5.985700e-01	4.820775e+04	-7.929898e-02	1.478440e-01	0.000000e+00	-5.728943e+03	5.393669e+04
5.997600e-01	5.139728e+04	-7.947496e-02	1.479145e-01	0.000000e+00	-2.022321e+03	5.341960e+04
6.009500e-01	5.998995e+04	-7.965102e-02	1.479934e-01	0.000000e+00	-5.058787e+02	6.049583e+04
6.021400e-01	4.614324e+04	-7.982718e-02	1.480685e-01	0.000000e+00	-2.279880e+03	4.842312e+04
6.033300e-01	3.725286e+04	-8.000342e-02	1.481276e-01	0.000000e+00	-3.375422e+03	4.062828e+04
6.045200e-01	4.568407e+04	-8.017972e-02	1.481863e-01	0.000000e+00	-1.660333e+03	4.734441e+04
6.057100e-01	5.185242e+04	-8.035611e-02	1.482554e-01	0.000000e+00	-1.508467e+03	5.336089e+04
6.069000e-01	6.294571e+04	-8.053257e-02	1.483367e-01	0.000000e+00	-1.599242e+03	6.454495e+04
6.080900e-01	4.040459e+04	-8.070915e-02	1.484099e-01	0.000000e+00	-4.589944e+03	4.499454e+04
6.092800e-01	4.497720e+04	-8.088579e-02	1.484704e-01	0.000000e+00	-1.400864e+03	4.637806e+04
6.104700e-01	4.148575e+04	-8.106251e-02	1.485316e-01	0.000000e+00	-2.008472e+03	4.349422e+04
6.116600e-01	4.755193e+04	-8.123929e-02	1.485946e-01	0.000000e+00	-3.524388e+03	5.107632e+04
6.128500e-01	4.451298e+04	-8.141616e-02	1.486598e-01	0.000000e+00	-4.339430e+03	4.885241e+04
6.140400e-01	4.256316e+04	-8.159310e-02	1.487215e-01	0.000000e+00	-4.154428e+03	4.671758e+04
6.152300e-01	4.500535e+04	-8.177012e-02	1.487835e-01	0.000000e+00	-2.499337e+03	4.750469e+04
6.164200e-01	4.155285e+04	-8.194721e-02	1.488448e-01	0.000000e+00	-2.883711e+03	4.443656e+04
6.176100e-01	3.915104e+04	-8.212437e-02	1.489020e-01	0.000000e+00	-2.858199e+03	4.200924e+04
6.188000e-01	3.977532e+04	-8.230160e-02	1.489579e-01	0.000000e+00	-1.582122e+03	4.135744e+04
6.199900e-01	3.740212e+04	-8.247889e-02	1.490125e-01	0.000000e+00	-5.196608e+02	3.792178e+04
6.211800e-01	3.513570e+04	-8.265625e-02	1.490639e-01	0.000000e+00	-2.382420e+03	3.751812e+04
6.223700e-01	4.147514e+04	-8.283366e-02	1.491181e-01	0.000000e+00	-2.161493e+03	4.363664e+04
6.235600e-01	4.353899e+04	-8.301115e-02	1.491783e-01	0.000000e+00	-1.562414e+03	4.510140e+04
6.247500e-01	4.359223e+04	-8.318871e-02	1.492400e-01	0.000000e+00	-3.559668e+03	4.715190e+04
6.259400e-01	3.892890e+04	-8.336634e-02	1.492985e-01	0.000000e+00	-3.839674e+03	4.276857e+04
6.271300e-01	3.936421e+04	-8.354404e-02	1.493539e-01	0.000000e+00	-7.800446e+02	4.014425e+04
6.283200e-01	4.386444e+04	-8.372180e-02	1.494129e-01	0.000000e+00	-2.993455e+02	4.416379e+04
6.295100e-01	5.239464e+04	-8.389964e-02	1.494810e-01	0.000000e+00	-2.056107e+03	5.445075e+04
6.307000e-01	4.583004e+04	-8.407756e-02	1.495506e-01	0.000000e+00	-3.358559e+03	4.918860e+04
6.318900e-01	4.262455e+04	-8.425557e-02	1.496132e-01	0.000000e+00	-1.824941e+03	4.444949e+04
6.330800e-01	4.145688e+04	-8.443364e-02	1.496728e-01	0.000000e+00	-4.320919e+03	4.577780e+04
6.342700e-01	3.860975e+04	-8.461179e-02	1.497295e-01	0.000000e+00	-4.488143e+03	4.309790e+04
6.354600e-01	5.011235e+04	-8.479000e-02	1.497923e-01	0.000000e+00	-3.309769e+03	5.342211e+04
6.366500e-01	4.520099e+04	-8.496830e-02	1.498598e-01	0.000000e+00	-3.092282e+03	4.829328e+04
6.378400e-01	4.067322e+04	-8.514667e-02	1.499206e-01	0.000000e+00	-2.031488e+03	4.270471e+04
6.390300e-01	5.085927e+04	-8.532511e-02	1.499854e-01	0.000000e+00	-2.769455e+03	5.362873e+04
6.402200e-01	4.234492e+04	-8.550363e-02	1.500514e-01	0.000000e+00	-4.741300e+03	4.708622e+04
6.414100e-01	4.781663e+04	-8.568223e-02	1.501153e-01	0.000000e+00	-1.298256e+03	4.911489e+04
6.426000e-01	4.522285e+04	-8.586091e-02	1.501812e-01	0.000000e+00	-2.134061e+03	4.735691e+04
6.437900e-01	4.941335e+04	-8.603966e-02	1.502482e-01	0.000000e+00	-2.079810e+03	5.149316e+04
6.449800e-01	4.341983e+04	-8.621850e-02	1.503139e-01	0.000000e+00	-3.333567e+03	4.675340e+04
6.461700e-01	4.870471e+04	-8.639741e-02	1.503792e-01	0.000000e+00	-3.972612e+03	5.267732e+04
6.473600e-01	5.002026e+04	-8.657640e-02	1.504491e-01	0.000000e+00	-1.517767e+03	5.153802e+04
6.485500e-01	3.982497e+04	-8.675548e-02	1.505127e-01	0.000000e+00	-3.626549e+03	4.345152e+04
6.497400e-01	3.564301e+04	-8.693462e-02	1.505662e-01	0.000000e+00	-4.583359e+03	4.022637e+04
6.509300e-01	4.424782e+04	-8.711382e-02	1.506227e-01	0.000000e+00	-2.304569e+03	4.655239e+04
6.521200e-01	4.862908e+04	-8.729310e-02	1.506885e-01	0.000000e+00	-1.208339e+03	4.983742e+04
6.533100e-01	4.450956e+04	-8.747246e-02	1.507545e-01	0.000000e+00	-6.392630e+03	5.090219e+04
6.545000e-01	5.127068e+04	-8.765190e-02	1.508223e-01	0.000000e+00	-3.043570e+03	5.431425e+04
6.556900e-01	5.470830e+04	-8.783142e-02	1.508973e-01	0.000000e+00	-1.986275e+03	5.669458e+04
6.568800e-01	4.108074e+04	-8.801103e-02	1.509652e-01	0.000000e+00	-1.956320e+03	4.303706e+04
6.580700e-01	3.960373e+04	-8.819072e-02	1.510223e-01	0.000000e+00	-2.432489e+03	4.203622e+04
6.592600e-01	3.865799e+04	-8.837047e-02	1.510777e-01	0.000000e+00	-9.590603e+02	3.961705e+04
6.604500e-01	4.248768e+04	-8.855028e-02	1.511352e-01	0.000000e+00	-7.821671e+02	4.326984e+04
6.616400e-01	4.562834e+04	-8.873017e-02	1.511976e-01	0.000000e+00	-3.353705e+03	4.898205e+04
6.628300e-01	5.107964e+04	-8.891013e-02	1.512661e-01	0.000000e+00	-2.678686e+03	5.375832e+04
6.640200e-01	4.179235e+04	-8.909018e-02	1.513319e-01	0.000000e+00	-3.891650e+03	4.568400e+04
6.652100e-01	4.558520e+04	-8.927030e-02	1.513937e-01	0.000000e+00	-5.160458e+03	5.074566e+04
6.664000e-01	4.440201e+04	-8.945050e-02	1.514575e-01	0.000000e+00	-3.204851e+03	4.760687e+04
6.675900e-01	4.110447e+04	-8.963077e-02	1.515180e-01	0.000000e+00	-7.649277e+02	4.186940e+04
6.687800e-01	5.450330e+04	-8.981111e-02	1.515857e-01	0.000000e+00	-6.932745e+02	5.519658e+04
6.699700e-01	5.848612e+04	-8.999154e-02	1.516657e-01	0.000000e+00	-1.817916e+03	6.030404e+04
6.711600e-01	4.165409e+04	-9.017208e-02	1.517366e-01	0.000000e+00	-2.212476e+03	4.386656e+04
6.723500e-01	4.833210e+04	-9.035268e-02	1.518004e-01	0.000000e+00	-4.021175e+02	4.873421e+04
6.735400e-01	4.110217e+04	-9.053336e-02	1.518637e-01	0.000000e+00	-2.919706e+03	4.402188e+04
6.747300e-01	4.254264e+04	-9.071411e-02	1.519229e-01	0.000000e+00	-2.699933e+03	4.524257e+04
6.759200e-01	3.926664e+04	-9.089494e-02	1.519809e-01	0.000000e+00	-4.851242e+03	4.411789e+04
6.771100e-01	4.009086e+04	-9.107583e-02	1.520371e-01	0.000000e+00	-4.504741e+03	4.459560e+04
6.783000e-01	4.069183e+04	-9.125679e-02	1.520943e-01	0.000000e+00	-4.367469e+03	4.505930e+04
6.794900e-01	3.866157e+04	-9.143781e-02	1.521505e-01	0.000000e+00	-2.834298e+03	4.149587e+04
6.806800e-01	4.714102e+04	-9.161890e-02	1.522112e-01	0.000000e+00	-1.734589e+03	4.887561e+04
6.818700e-01	4.209181e+04	-9.180007e-02	1.522744e-01	0.000000e+00	-6.152867e+02	4.270710e+04
6.830600e-01	4.013569e+04	-9.198132e-02	1.523327e-01	0.000000e+00	-5.990535e+02	4.073474e+04
6.842500e-01	5.231325e+04	-9.216263e-02	1.523981e-01	0.000000e+00	-4.342182e+03	5.665543e+04
6.854400e-01	4.135968e+04	-9.234402e-02	1.524645e-01	0.000000e+00	-2.246381e+03	4.360606e+04
6.866300e-01	4.237638e+04	-9.252549e-02	1.525238e-01	0.000000e+00	-9.744618e+02	4.335084e+04
6.878200e-01	4.704199e+04	-9.270703e-02	1.525871e-01	0.000000e+00	-9.623745e+02	4.800436e+04
6.890100e-01	5.313191e+04	-9.288865e-02	1.526580e-01	0.000000e+00	-3.616835e+03	5.674874e+04
6.902000e-01	4.724766e+04	-9.307036e-02	1.527291e-01	0.000000e+00	-2.963817e+03	5.021148e+04
6.913900e-01	4.689238e+04	-9.325214e-02	1.527958e-01	0.000000e+00	-3.305451e+03	5.019783e+04
6.925800e-01	4.683815e+04	-9.343401e-02	1.528622e-01	0.000000e+00	-2.304851e+03	4.914300e+04
6.937700e-01	4.220132e+04	-9.361596e-02	1.529252e-01	0.000000e+00	-2.590987e+03	4.479231e+04
6.949600e-01	4.065001e+04	-9.379797e-02	1.529839e-01	0.000000e+00	-2.531801e+03	4.318181e+04
6.961500e-01	4.795941e+04	-9.398006e-02	1.530466e-01	0.000000e+00	-1.890497e+03	4.984990e+04
6.973400e-01	4.584273e+04	-9.416222e-02	1.531131e-01	0.000000e+00	-1.936678e+03	4.777940e+04
6.985300e-01	3.658851e+04	-9.434447e-02	1.531714e-01	0.000000e+00	-2.116836e+03	3.870534e+04
6.997200e-01	3.686102e+04	-9.452677e-02	1.532234e-01	0.000000e+00	-2.798152e+03	3.965918e+04
7.009100e-01	4.011195e+04	-9.470914e-02	1.532780e-01	0.000000e+00	-2.986956e+03	4.309891e+04
7.021000e-01	4.692566e+04	-9.489157e-02	1.533396e-01	0.000000e+00	-1.554223e+03	4.847988e+04
7.032900e-01	4.133329e+04	-9.507409e-02	1.534021e-01	0.000000e+00	-1.170776e+03	4.250407e+04
7.044800e-01	4.620870e+04	-9.525667e-02	1.534641e-01	0.000000e+00	-1.149479e+03	4.735818e+04
7.056700e-01	4.395191e+04	-9.543933e-02	1.535279e-01	0.000000e+00	-1.092016e+03	4.504392e+04
7.068600e-01	4.577259e+04	-9.562207e-02	1.535915e-01	0.000000e+00	-1.157033e+03	4.692963e+04
7.080500e-01	4.203309e+04	-9.580488e-02	1.536537e-01	0.000000e+00	-6.327870e+02	4.266588e+04
7.092400e-01	4.491302e+04	-9.598776e-02	1.537152e-01	0.000000e+00	-1.158266e+03	4.607129e+04
7.104300e-01	4.792078e+04	-9.617072e-02	1.537810e-01	0.000000e+00	-1.589192e+03	4.950997e+04
7.116200e-01	4.676521e+04	-9.635376e-02	1.538480e-01	0.000000e+00	-1.667465e+03	4.843268e+04
7.128100e-01	4.845805e+04	-9.653688e-02	1.539155e-01	0.000000e+00	-8.533019e+02	4.931135e+04
7.140000e-01	4.855461e+04	-9.672008e-02	1.539842e-01	0.000000e+00	-1.368994e+03	4.992360e+04
7.151900e-01	4.809254e+04	-9.690336e-02	1.540526e-01	0.000000e+00	-1.943299e+03	5.003584e+04
7.163800e-01	4.090356e+04	-9.708673e-02	1.541156e-01	0.000000e+00	-2.367486e+03	4.327104e+04
7.175700e-01	4.565536e+04	-9.727016e-02	1.541769e-01	0.000000e+00	-1.896080e+02	4.584497e+04
7.187600e-01	4.850690e+04	-9.745367e-02	1.542436e-01	0.000000e+00	-1.082929e+03	4.958983e+04
7.199500e-01	4.072336e+04	-9.763726e-02	1.543068e-01	0.000000e+00	-1.877491e+03	4.260085e+04
7.211400e-01	4.309386e+04	-9.782092e-02	1.543662e-01	0.000000e+00	-1.250501e+03	4.434436e+04
7.223300e-01	4.609767e+04	-9.800465e-02	1.544293e-01	0.000000e+00	-1.522820e+03	4.762049e+04
7.235200e-01	4.843915e+04	-9.818846e-02	1.544963e-01	0.000000e+00	-1.426024e+03	4.986517e+04
7.247100e-01	4.351408e+04	-9.837235e-02	1.545614e-01	0.000000e+00	-2.083934e+03	4.559802e+04
7.259000e-01	4.475779e+04	-9.855631e-02	1.546239e-01	0.000000e+00	-1.857580e+03	4.661537e+04
7.270900e-01	4.634303e+04	-9.874035e-02	1.546884e-01	0.000000e+00	-1.876552e+03	4.821958e+04
7.282800e-01	4.751670e+04	-9.892447e-02	1.547549e-01	0.000000e+00	-3.179188e+03	5.069588e+04
7.294700e-01	5.070051e+04	-9.910867e-02	1.548244e-01	0.000000e+00	-1.599312e+03	5.229983e+04
7.306600e-01	4.723397e+04	-9.929295e-02	1.548938e-01	0.000000e+00	-2.636038e+03	4.987001e+04
7.318500e-01	4.888270e+04	-9.947732e-02	1.549618e-01	0.000000e+00	-4.016223e+03	5.289893e+04
7.330400e-01	5.087760e+04	-9.966176e-02	1.550325e-01	0.000000e+00	-2.361216e+03	5.323881e+04
7.342300e-01	5.057626e+04	-9.984630e-02	1.551043e-01	0.000000e+00	-1.783009e+03	5.235927e+04
7.354200e-01	3.724120e+04	-1.000309e-01	1.551665e-01	0.000000e+00	-1.650328e+03	3.889153e+04
7.366100e-01	4.451178e+04	-1.002156e-01	1.552244e-01	0.000000e+00	-1.644039e+03	4.615582e+04
7.378000e-01	4.635185e+04	-1.004003e-01	1.552888e-01	0.000000e+00	-1.339273e+03	4.769113e+04
7.389900e-01	3.918274e+04	-1.005852e-01	1.553493e-01	0.000000e+00	-1.784382e+03	4.096712e+04
7.401800e-01	4.206139e+04	-1.007701e-01	1.554069e-01	0.000000e+00	-2.863889e+03	4.492528e+04
7.413700e-01	4.799792e+04	-1.009550e-01	1.554707e-01	0.000000e+00	-1.656087e+03	4.965401e+04
7.425600e-01	4.953732e+04	-1.011401e-01	1.555397e-01	0.000000e+00	-2.082677e+03	5.162000e+04
7.437500e-01	4.836264e+04	-1.013252e-01	1.556091e-01	0.000000e+00	-1.707159e+03	5.006980e+04
7.449400e-01	4.357832e+04	-1.015104e-01	1.556742e-01	0.000000e+00	-9.935162e+02	4.457183e+04
7.461300e-01	3.704087e+04	-1.016957e-01	1.557313e-01	0.000000e+00	-1.103985e+03	3.814486e+04
7.473200e-01	4.830336e+04	-1.018811e-01	1.557917e-01	0.000000e+00	-1.430768e+03	4.973413e+04
7.485100e-01	4.973051e+04	-1.020665e-01	1.558611e-01	0.000000e+00	-2.851482e+03	5.258199e+04
7.497000e-01	3.742454e+04	-1.022520e-01	1.559228e-01	0.000000e+00	-2.266095e+03	3.969064e+04
7.508900e-01	4.278806e+04	-1.024376e-01	1.559796e-01	0.000000e+00	-3.198956e+03	4.598701e+04
7.520800e-01	3.920511e+04	-1.026233e-01	1.560377e-01	0.000000e+00	-4.302459e+03	4.350756e+04
7.532700e-01	3.612954e+04	-1.028090e-01	1.560911e-01	0.000000e+00	-4.388635e+03	4.051818e+04
7.544600e-01	4.940584e+04	-1.029948e-01	1.561516e-01	0.000000e+00	-2.783324e+03	5.218917e+04
7.556500e-01	4.328704e+04	-1.031806e-01	1.562173e-01	0.000000e+00	-1.678080e+03	4.496512e+04
7.568400e-01	4.335682e+04	-1.033666e-01	1.562786e-01	0.000000e+00	-1.529506e+03	4.488632e+04
7.580300e-01	3.726240e+04	-1.035526e-01	1.563357e-01	0.000000e+00	-1.621116e+03	3.888351e+04
7.592200e-01	5.890259e+04	-1.037386e-01	1.564038e-01	0.000000e+00	-1.834104e+03	6.073669e+04
7.604100e-01	4.540715e+04	-1.039248e-01	1.564777e-01	0.000000e+00	-3.547593e+03	4.895475e+04
7.616000e-01	4.376034e+04	-1.041111e-01	1.565408e-01	0.000000e+00	-2.099651e+03	4.585999e+04
7.627900e-01	5.119498e+04	-1.042974e-01	1.566081e-01	0.000000e+00	-1.358740e+03	5.255372e+04
7.639800e-01	4.635689e+04	-1.044838e-01	1.566772e-01	0.000000e+00	-2.447045e+03	4.880394e+04
7.651700e-01	4.603356e+04	-1.046703e-01	1.567426e-01	0.000000e+00	-1.535086e+03	4.756865e+04
7.663600e-01	4.272474e+04	-1.048568e-01	1.568054e-01	0.000000e+00	-2.827045e+03	4.555178e+04
7.675500e-01	3.954259e+04	-1.050435e-01	1.568637e-01	0.000000e+00	-2.514086e+03	4.205668e+04
7.687400e-01	3.815753e+04	-1.052302e-01	1.569187e-01	0.000000e+00	-4.341087e+03	4.249861e+04
7.699300e-01	3.408592e+04	-1.054169e-01	1.569699e-01	0.000000e+00	-1.227901e+03	3.531382e+04
7.711200e-01	5.014687e+04	-1.056038e-01	1.570295e-01	0.000000e+00	-1.477745e+03	5.162461e+04
7.723100e-01	5.833187e+04	-1.057907e-01	1.571064e-01	0.000000e+00	-5.721413e+02	5.890401e+04
7.735000e-01	4.032942e+04	-1.059777e-01	1.571762e-01	0.000000e+00	-2.439489e+03	4.276891e+04
7.746900e-01	4.432035e+04	-1.061647e-01	1.572362e-01	0.000000e+00	-2.120328e+03	4.644068e+04
7.758800e-01	5.094687e+04	-1.063519e-01	1.573036e-01	0.000000e+00	-1.146746e+03	5.209362e+04
7.770700e-01	5.041008e+04	-1.065391e-01	1.573754e-01	0.000000e+00	-2.328977e+03	5.273906e+04
7.782600e-01	4.117209e+04	-1.067264e-01	1.574403e-01	0.000000e+00	-2.362212e+03	4.353430e+04
7.794500e-01	3.399540e+04	-1.069138e-01	1.574935e-01	0.000000e+00	-2.200683e+03	3.619608e+04
7.806400e-01	4.357478e+04	-1.071013e-01	1.575484e-01	0.000000e+00	-1.442934e+03	4.501771e+04
7.818300e-01	4.519323e+04	-1.072888e-01	1.576113e-01	0.000000e+00	-1.376365e+03	4.656960e+04
7.830200e-01	5.205299e+04	-1.074764e-01	1.576802e-01	0.000000e+00	-2.909935e+03	5.496293e+04
7.842100e-01	4.617332e+04	-1.076641e-01	1.577497e-01	0.000000e+00	-1.615606e+03	4.778893e+04
7.854000e-01	4.036022e+04	-1.078518e-01	1.578110e-01	0.000000e+00	-1.703595e+03	4.206381e+04
7.865900e-01	3.704462e+04	-1.080397e-01	1.578658e-01	0.000000e+00	-3.428071e+03	4.047269e+04
7.877800e-01	4.336138e+04	-1.082276e-01	1.579228e-01	0.000000e+00	-2.051194e+03	4.541257e+04
7.889700e-01	4.692579e+04	-1.084155e-01	1.579867e-01	0.000000e+00	-1.514080e+03	4.843987e+04
7.901600e-01	4.570288e+04	-1.086036e-01	1.580523e-01	0.000000e+00	-2.690222e+03	4.839310e+04
7.913500e-01	5.036713e+04	-1.087917e-01	1.581203e-01	0.000000e+00	-1.358636e+03	5.172577e+04
7.925400e-01	4.569367e+04	-1.089799e-01	1.581884e-01	0.000000e+00	-1.771674e+03	4.746534e+04
7.937300e-01	4.206882e+04	-1.091682e-01	1.582505e-01	0.000000e+00	-1.925220e+03	4.399404e+04
7.949200e-01	4.735267e+04	-1.093565e-01	1.583138e-01	0.000000e+00	-2.307362e+03	4.966003e+04
7.961100e-01	4.696163e+04	-1.095450e-01	1.583806e-01	0.000000e+00	-3.405625e+02	4.730219e+04
7.973000e-01	4.458667e+04	-1.097335e-01	1.584455e-01	0.000000e+00	-1.899873e+03	4.648654e+04
7.984900e-01	4.787376e+04	-1.099221e-01	1.585109e-01	0.000000e+00	-1.423748e+03	4.929751e+04
7.996800e-01	4.421677e+04	-1.101107e-01	1.585761e-01	0.000000e+00	-2.200730e+03	4.641750e+04
8.008700e-01	4.546979e+04	-1.102995e-01	1.586397e-01	0.000000e+00	-2.190385e+03	4.766017e+04
8.020600e-01	4.518035e+04	-1.104883e-01	1.587039e-01	0.000000e+00	-1.842299e+03	4.702265e+04
8.032500e-01	4.344298e+04	-1.106772e-01	1.587666e-01	0.000000e+00	-1.121218e+03	4.456419e+04
8.044400e-01	4.672637e+04	-1.108662e-01	1.588305e-01	0.000000e+00	-2.795573e+03	4.952194e+04
8.056300e-01	4.590153e+04	-1.110552e-01	1.588961e-01	0.000000e+00	-2.506231e+03	4.840776e+04
8.068200e-01	4.647125e+04	-1.112443e-01	1.589615e-01	0.000000e+00	-1.903125e+03	4.837437e+04
8.080100e-01	4.313603e+04	-1.114335e-01	1.590249e-01	0.000000e+00	-2.078553e+03	4.521458e+04
8.092000e-01	3.978273e+04	-1.116228e-01	1.590837e-01	0.000000e+00	-2.177013e+03	4.195975e+04
8.103900e-01	4.272958e+04	-1.118122e-01	1.591421e-01	0.000000e+00	-3.475512e+03	4.620510e+04
8.115800e-01	5.106085e+04	-1.120016e-01	1.592085e-01	0.000000e+00	-1.996777e+03	5.305762e+04
8.127700e-01	4.950639e+04	-1.121911e-01	1.592797e-01	0.000000e+00	-2.037414e+03	5.154380e+04
8.139600e-01	5.017504e+04	-1.123807e-01	1.593503e-01	0.000000e+00	-4.934154e+02	5.066846e+04
8.151500e-01	4.234478e+04	-1.125703e-01	1.594158e-01	0.000000e+00	0.000000e+00	4.234478e+04
8.163400e-01	4.538053e+04	-1.127601e-01	1.594780e-01	0.000000e+00	-1.028921e+03	4.640945e+04
8.175300e-01	4.488930e+04	-1.129499e-01	1.595419e-01	0.000000e+00	-1.161509e+03	4.605081e+04
8.187200e-01	5.176593e+04	-1.131398e-01	1.596103e-01	0.000000e+00	-3.305781e+02	5.209651e+04
8.199100e-01	4.222882e+04	-1.133298e-01	1.596769e-01	0.000000e+00	-2.109654e+03	4.433847e+04
8.211000e-01	5.507108e+04	-1.135198e-01	1.597458e-01	0.000000e+00	-3.474509e+03	5.854559e+04
8.222900e-01	5.220361e+04	-1.137100e-01	1.598218e-01	0.000000e+00	-1.975552e+03	5.417916e+04
8.234800e-01	4.249991e+04	-1.139002e-01	1.598888e-01	0.000000e+00	-2.191887e+03	4.469179e+04
8.246700e-01	5.137159e+04	-1.140905e-01	1.599553e-01	0.000000e+00	-3.343306e+03	5.471490e+04
8.258600e-01	4.823110e+04	-1.142809e-01	1.600258e-01	0.000000e+00	-2.963810e+03	5.119491e+04
8.270500e-01	3.992283e+04	-1.144713e-01	1.600883e-01	0.000000e+00	-1.985537e+03	4.190836e+04
8.282400e-01	4.388064e+04	-1.146619e-01	1.601476e-01	0.000000e+00	-1.357009e+03	4.523764e+04
8.294300e-01	4.664863e+04	-1.148525e-01	1.602117e-01	0.000000e+00	-1.368961e+03	4.801759e+04
8.306200e-01	4.896353e+04	-1.150432e-01	1.602794e-01	0.000000e+00	-2.837620e+03	5.180115e+04
8.318100e-01	4.424786e+04	-1.152340e-01	1.603454e-01	0.000000e+00	-2.945002e+03	4.719286e+04
8.330000e-01	4.610606e+04	-1.154248e-01	1.604094e-01	0.000000e+00	-4.697098e+03	5.080316e+04
8.341900e-01	5.020630e+04	-1.156157e-01	1.604776e-01	0.000000e+00	-8.633371e+02	5.106964e+04
8.353800e-01	4.379026e+04	-1.158067e-01	1.605442e-01	0.000000e+00	-1.693225e+03	4.548348e+04
8.365700e-01	4.835009e+04	-1.159978e-01	1.606095e-01	0.000000e+00	-3.112211e+03	5.146230e+04
8.377600e-01	5.011403e+04	-1.161890e-01	1.606792e-01	0.000000e+00	-1.636653e+03	5.175068e+04
8.389500e-01	4.446332e+04	-1.163803e-01	1.607462e-01	0.000000e+00	-4.029283e+03	4.849261e+04
8.401400e-01	4.747582e+04	-1.165716e-01	1.608113e-01	0.000000e+00	-5.068585e+03	5.254441e+04
8.413300e-01	4.858294e+04	-1.167630e-01	1.608793e-01	0.000000e+00	-1.272180e+03	4.985513e+04
8.425200e-01	4.053015e+04	-1.169545e-01	1.609424e-01	0.000000e+00	-3.063816e+03	4.359397e+04
8.437100e-01	5.010961e+04	-1.171460e-01	1.610066e-01	0.000000e+00	-1.701052e+03	5.181067e+04
8.449000e-01	4.722422e+04	-1.173377e-01	1.610755e-01	0.000000e+00	-1.771899e+03	4.899612e+04
8.460900e-01	4.429789e+04	-1.175294e-01	1.611403e-01	0.000000e+00	-1.310077e+03	4.560796e+04
8.472800e-01	3.976927e+04	-1.177212e-01	1.611999e-01	0.000000e+00	-2.723936e+03	4.249321e+04
8.484700e-01	4.492056e+04	-1.179130e-01	1.612598e-01	0.000000e+00	-2.505122e+02	4.517107e+04
8.496600e-01	5.395898e+04	-1.181050e-01	1.613299e-01	0.000000e+00	-1.293205e+03	5.525218e+04
8.508500e-01	5.283806e+04	-1.182970e-01	1.614055e-01	0.000000e+00	-1.716753e+03	5.455481e+04
8.520400e-01	4.562704e+04	-1.184891e-01	1.614752e-01	0.000000e+00	-1.191912e+03	4.681895e+04
8.532300e-01	4.495776e+04	-1.186813e-01	1.615394e-01	0.000000e+00	-1.712256e+03	4.667002e+04
8.544200e-01	4.011235e+04	-1.188736e-01	1.615996e-01	0.000000e+00	-1.809175e+03	4.192153e+04
8.556100e-01	5.034553e+04	-1.190659e-01	1.616637e-01	0.000000e+00	-1.389848e+03	5.173537e+04
8.568000e-01	4.054099e+04	-1.192583e-01	1.617280e-01	0.000000e+00	-4.074271e+03	4.461526e+04
8.579900e-01	4.260031e+04	-1.194508e-01	1.617869e-01	0.000000e+00	-2.765577e+03	4.536589e+04
8.591800e-01	4.418647e+04	-1.196434e-01	1.618484e-01	0.000000e+00	-3.104789e+03	4.729126e+04
8.603700e-01	5.261093e+04	-1.198360e-01	1.619169e-01	0.000000e+00	-4.426837e+02	5.305361e+04
8.615600e-01	4.131742e+04	-1.200288e-01	1.619834e-01	0.000000e+00	-1.325699e+03	4.264312e+04
8.627500e-01	4.760204e+04	-1.202216e-01	1.620464e-01	0.000000e+00	-1.682568e+03	4.928461e+04
8.639400e-01	4.734520e+04	-1.204144e-01	1.621136e-01	0.000000e+00	-2.608262e+03	4.995346e+04
8.651300e-01	4.721733e+04	-1.206074e-01	1.621806e-01	0.000000e+00	-2.354521e+03	4.957186e+04
8.663200e-01	5.080662e+04	-1.208004e-01	1.622500e-01	0.000000e+00	-1.489598e+03	5.229622e+04
8.675100e-01	5.300321e+04	-1.209935e-01	1.623235e-01	0.000000e+00	-1.670876e+03	5.467408e+04
8.687000e-01	5.006208e+04	-1.211867e-01	1.623965e-01	0.000000e+00	-1.967968e+03	5.203005e+04
8.698900e-01	4.636293e+04	-1.213800e-01	1.624648e-01	0.000000e+00	-1.446187e+03	4.780911e+04
8.710800e-01	4.241080e+04	-1.215734e-01	1.625277e-01	0.000000e+00	-1.583646e+03	4.399445e+04
8.722700e-01	5.263185e+04	-1.217669e-01	1.625950e-01	0.000000e+00	-1.286671e+03	5.391853e+04
8.734600e-01	4.925835e+04	-1.219604e-01	1.626671e-01	0.000000e+00	-8.158156e+02	5.007416e+04
8.746500e-01	4.546219e+04	-1.221540e-01	1.627342e-01	0.000000e+00	-6.766457e+02	4.613884e+04
8.758400e-01	4.957969e+04	-1.223477e-01	1.628015e-01	0.000000e+00	-1.636905e+02	4.974338e+04
8.770300e-01	5.143669e+04	-1.225415e-01	1.628731e-01	0.000000e+00	-2.436970e+03	5.387366e+04
8.782200e-01	4.025641e+04	-1.227353e-01	1.629380e-01	0.000000e+00	-3.746267e+03	4.400267e+04
8.794100e-01	3.957388e+04	-1.229293e-01	1.629945e-01	0.000000e+00	-1.843564e+03	4.141745e+04
8.806000e-01	4.991149e+04	-1.231233e-01	1.630579e-01	0.000000e+00	-2.750010e+03	5.266150e+04
8.817900e-01	4.456344e+04	-1.233173e-01	1.631248e-01	0.000000e+00	-2.322812e+03	4.688625e+04
8.829800e-01	4.958748e+04	-1.235115e-01	1.631915e-01	0.000000e+00	-9.823132e+02	5.056980e+04
8.841700e-01	3.960435e+04	-1.237057e-01	1.632546e-01	0.000000e+00	-2.531588e+03	4.213594e+04
8.853600e-01	4.300798e+04	-1.239000e-01	1.633131e-01	0.000000e+00	-1.983218e+03	4.499119e+04
8.865500e-01	3.662094e+04	-1.240944e-01	1.633695e-01	0.000000e+00	-1.964048e+03	3.858499e+04
8.877400e-01	3.993016e+04	-1.242889e-01	1.634237e-01	0.000000e+00	-8.107485e+02	4.074091e+04
8.889300e-01	4.126943e+04	-1.244834e-01	1.634812e-01	0.000000e+00	-2.903284e+03	4.417271e+04
8.901200e-01	4.562215e+04	-1.246780e-01	1.635428e-01	0.000000e+00	-4.459639e+03	5.008179e+04
8.913100e-01	4.678058e+04	-1.248726e-01	1.636082e-01	0.000000e+00	-1.488817e+03	4.826940e+04
8.925000e-01	4.485219e+04	-1.250673e-01	1.636731e-01	0.000000e+00	-1.455223e+03	4.630741e+04
8.936900e-01	4.236025e+04	-1.252621e-01	1.637349e-01	0.000000e+00	-1.241431e+03	4.360168e+04
8.948800e-01	4.136339e+04	-1.254570e-01	1.637942e-01	0.000000e+00	-1.694502e+03	4.305789e+04
8.960700e-01	3.459123e+04	-1.256520e-01	1.638479e-01	0.000000e+00	-3.517859e+03	3.810908e+04
8.972600e-01	3.886345e+04	-1.258470e-01	1.639000e-01	0.000000e+00	-1.363506e+03	4.022696e+04
8.984500e-01	3.670217e+04	-1.260421e-01	1.639535e-01	0.000000e+00	-3.362102e+02	3.703838e+04
8.996400e-01	3.844862e+04	-1.262372e-01	1.640067e-01	0.000000e+00	-1.257523e+03	3.970614e+04
9.008300e-01	4.159999e+04	-1.264324e-01	1.640634e-01	0.000000e+00	-1.566829e+03	4.316682e+04
9.020200e-01	4.318575e+04	-1.266277e-01	1.641234e-01	0.000000e+00	-4.593169e+02	4.364507e+04
9.032100e-01	3.873532e+04	-1.268230e-01	1.641814e-01	0.000000e+00	-1.326931e+03	4.006225e+04
9.044000e-01	3.680768e+04	-1.270184e-01	1.642349e-01	0.000000e+00	-2.067846e+03	3.887553e+04
9.055900e-01	4.548828e+04	-1.272139e-01	1.642932e-01	0.000000e+00	-1.145632e+03	4.663391e+04
9.067800e-01	4.157795e+04	-1.274094e-01	1.643549e-01	0.000000e+00	-1.799683e+03	4.337763e+04
9.079700e-01	4.511246e+04	-1.276051e-01	1.644163e-01	0.000000e+00	-2.706392e+03	4.781885e+04
9.091600e-01	5.627081e+04	-1.278007e-01	1.644881e-01	0.000000e+00	-1.127446e+03	5.739826e+04
9.103500e-01	4.890291e+04	-1.279965e-01	1.645625e-01	0.000000e+00	-4.919064e+02	4.939481e+04
9.115400e-01	5.348047e+04	-1.281924e-01	1.646350e-01	0.000000e+00	0.000000e+00	5.348047e+04
9.127300e-01	4.338482e+04	-1.283884e-01	1.647036e-01	0.000000e+00	-3.095961e+02	4.369441e+04
9.139200e-01	3.480053e+04	-1.285844e-01	1.647590e-01	0.000000e+00	-1.908865e+03	3.670939e+04
9.151100e-01	4.480417e+04	-1.287805e-01	1.648154e-01	0.000000e+00	-3.025470e+02	4.510672e+04
9.163000e-01	3.811575e+04	-1.289767e-01	1.648741e-01	0.000000e+00	-2.945225e+02	3.841027e+04
9.174900e-01	4.694591e+04	-1.291729e-01	1.649343e-01	0.000000e+00	-1.252106e+03	4.819802e+04
9.186800e-01	4.210702e+04	-1.293692e-01	1.649974e-01	0.000000e+00	-2.327554e+03	4.443457e+04
9.198700e-01	3.924496e+04	-1.295656e-01	1.650550e-01	0.000000e+00	-1.714705e+03	4.095967e+04
9.210600e-01	3.848761e+04	-1.297620e-01	1.651101e-01	0.000000e+00	-2.934658e+02	3.878107e+04
9.222500e-01	4.226856e+04	-1.299585e-01	1.651673e-01	0.000000e+00	-2.531154e+02	4.252167e+04
9.234400e-01	3.802385e+04	-1.301551e-01	1.652241e-01	0.000000e+00	-2.819435e+03	4.084329e+04
9.246300e-01	4.371444e+04	-1.303518e-01	1.652820e-01	0.000000e+00	-2.888002e+03	4.660245e+04
9.258200e-01	4.147392e+04	-1.305485e-01	1.653423e-01	0.000000e+00	-7.621370e+02	4.223605e+04
9.270100e-01	5.191570e+04	-1.307453e-01	1.654085e-01	0.000000e+00	-1.409205e+03	5.332490e+04
9.282000e-01	4.246285e+04	-1.309422e-01	1.654753e-01	0.000000e+00	-1.223816e+03	4.368667e+04
9.293900e-01	4.748367e+04	-1.311391e-01	1.655390e-01	0.000000e+00	-1.841908e+03	4.932558e+04
9.305800e-01	4.172773e+04	-1.313362e-01	1.656022e-01	0.000000e+00	-2.267774e+03	4.399551e+04
9.317700e-01	3.980199e+04	-1.315333e-01	1.656599e-01	0.000000e+00	-2.457815e+03	4.225981e+04
9.329600e-01	4.679550e+04	-1.317304e-01	1.657212e-01	0.000000e+00	-1.897464e+03	4.869296e+04
9.341500e-01	4.083793e+04	-1.319277e-01	1.657833e-01	0.000000e+00	-1.998843e+03	4.283678e+04
9.353400e-01	3.604043e+04	-1.321250e-01	1.658377e-01	0.000000e+00	-1.430680e+03	3.747111e+04
9.365300e-01	4.694946e+04	-1.323224e-01	1.658965e-01	0.000000e+00	-3.067325e+03	5.001679e+04
9.377200e-01	4.384383e+04	-1.325198e-01	1.659608e-01	0.000000e+00	-1.675316e+03	4.551914e+04
9.389100e-01	4.792811e+04	-1.327174e-01	1.660258e-01	0.000000e+00	-1.718441e+03	4.964655e+04
9.401000e-01	4.515737e+04	-1.329150e-01	1.660917e-01	0.000000e+00	-2.342175e+03	4.749954e+04
9.412900e-01	4.541268e+04	-1.331127e-01	1.661558e-01	0.000000e+00	-3.488335e+03	4.890101e+04
9.424800e-01	4.486412e+04	-1.333104e-01	1.662198e-01	0.000000e+00	-1.082277e+02	4.497234e+04
9.436700e-01	4.080152e+04	-1.335083e-01	1.662804e-01	0.000000e+00	-2.089561e+03	4.289108e+04
9.448600e-01	5.195924e+04	-1.337062e-01	1.663461e-01	0.000000e+00	-2.514263e+03	5.447351e+04
9.460500e-01	4.059060e+04	-1.339042e-01	1.664117e-01	0.000000e+00	-1.131791e+03	4.172239e+04
9.472400e-01	4.639493e+04	-1.341022e-01	1.664733e-01	0.000000e+00	-1.703103e+03	4.809804e+04
9.484300e-01	5.052727e+04	-1.343004e-01	1.665419e-01	0.000000e+00	-1.469020e+03	5.199629e+04
9.496200e-01	5.040897e+04	-1.344986e-01	1.666134e-01	0.000000e+00	-6.785131e+02	5.108748e+04
9.508100e-01	5.282868e+04	-1.346969e-01	1.666865e-01	0.000000e+00	-4.612133e+02	5.328990e+04
9.520000e-01	4.501436e+04	-1.348953e-01	1.667558e-01	0.000000e+00	-1.131507e+03	4.614587e+04
9.531900e-01	4.347487e+04	-1.350938e-01	1.668185e-01	0.000000e+00	-2.627162e+03	4.610203e+04
9.543800e-01	4.919844e+04	-1.352923e-01	1.668841e-01	0.000000e+00	-1.848911e+03	5.104735e+04
9.555700e-01	4.631778e+04	-1.354910e-01	1.669517e-01	0.000000e+00	-1.271078e+03	4.758885e+04
9.567600e-01	4.229915e+04	-1.356897e-01	1.670145e-01	0.000000e+00	-6.843678e+02	4.298352e+04
9.579500e-01	4.630457e+04	-1.358885e-01	1.670772e-01	0.000000e+00	-8.196626e+02	4.712423e+04
9.591400e-01	5.180580e+04	-1.360873e-01	1.671467e-01	0.000000e+00	-2.067351e+01	5.182647e+04
9.603300e-01	4.593247e+04	-1.362863e-01	1.672159e-01	0.000000e+00	0.000000e+00	4.593247e+04
9.615200e-01	4.574710e+04	-1.364853e-01	1.672808e-01	0.000000e+00	-7.547601e+01	4.582258e+04
9.627100e-01	4.485982e+04	-1.366844e-01	1.673450e-01	0.000000e+00	-2.840428e+03	4.770025e+04
9.639000e-01	5.183175e+04	-1.368836e-01	1.674135e-01	0.000000e+00	-2.715015e+03	5.454677e+04
9.650900e-01	5.060208e+04	-1.370828e-01	1.674860e-01	0.000000e+00	-4.970445e+02	5.109913e+04
9.662800e-01	4.675218e+04	-1.372822e-01	1.675550e-01	0.000000e+00	-1.323432e+03	4.807561e+04
9.674700e-01	4.499290e+04	-1.374816e-01	1.676199e-01	0.000000e+00	-6.695924e+02	4.566249e+04
9.686600e-01	4.632244e+04	-1.376811e-01	1.676846e-01	0.000000e+00	-1.677679e+03	4.800012e+04
9.698500e-01	5.032542e+04	-1.378807e-01	1.677530e-01	0.000000e+00	-1.265372e+03	5.159080e+04
9.710400e-01	4.869484e+04	-1.380804e-01	1.678232e-01	0.000000e+00	-1.650593e+03	5.034543e+04
9.722300e-01	3.927970e+04	-1.382801e-01	1.678855e-01	0.000000e+00	-1.630280e+03	4.090998e+04
9.734200e-01	4.604288e+04	-1.384800e-01	1.679459e-01	0.000000e+00	-2.035290e+03	4.807817e+04
9.746100e-01	5.025455e+04	-1.386799e-01	1.680141e-01	0.000000e+00	-1.231595e+03	5.148614e+04
9.758000e-01	4.440047e+04	-1.388798e-01	1.680811e-01	0.000000e+00	-1.488448e+03	4.588892e+04
9.769900e-01	4.864651e+04	-1.390799e-01	1.681470e-01	0.000000e+00	-2.274857e+02	4.887400e+04
9.781800e-01	4.567403e+04	-1.392800e-01	1.682138e-01	0.000000e+00	-1.137696e+03	4.681173e+04
9.793700e-01	4.565218e+04	-1.394802e-01	1.682785e-01	0.000000e+00	-7.083895e+02	4.636057e+04
9.805600e-01	5.448851e+04	-1.396805e-01	1.683494e-01	0.000000e+00	-1.991935e+03	5.648044e+04
9.817500e-01	4.942522e+04	-1.398809e-01	1.684230e-01	0.000000e+00	-1.890710e+03	5.131593e+04
9.829400e-01	4.580313e+04	-1.400814e-01	1.684904e-01	0.000000e+00	-1.361568e+03	4.716470e+04
9.841300e-01	3.764367e+04	-1.402819e-01	1.685495e-01	0.000000e+00	-1.313062e+03	3.895673e+04
9.853200e-01	4.551673e+04	-1.404825e-01	1.686084e-01	0.000000e+00	-4.509490e+02	4.596767e+04
9.865100e-01	4.506071e+04	-1.406832e-01	1.686725e-01	0.000000e+00	-1.637216e+03	4.669792e+04
9.877000e-01	4.133024e+04	-1.408840e-01	1.687337e-01	0.000000e+00	-1.995147e+03	4.332539e+04
9.888900e-01	4.400041e+04	-1.410848e-01	1.687942e-01	0.000000e+00	-2.361673e+03	4.636208e+04
9.900800e-01	4.239367e+04	-1.412857e-01	1.688553e-01	0.000000e+00	-1.002970e+03	4.339664e+04
9.912700e-01	4.985283e+04	-1.414867e-01	1.689207e-01	0.000000e+00	-1.976400e+03	5.182923e+04
9.924600e-01	4.583100e+04	-1.416877e-01	1.689884e-01	0.000000e+00	-6.596783e+02	4.649068e+04
9.936500e-01	4.206606e+04	-1.418889e-01	1.690507e-01	0.000000e+00	-7.026836e+02	4.276874e+04
9.948400e-01	5.276107e+04	-1.420901e-01	1.691178e-01	0.000000e+00	-1.261259e+03	5.402233e+04
9.960300e-01	4.622565e+04	-1.422914e-01	1.691879e-01	0.000000e+00	-3.220506e+03	4.944616e+04
9.972200e-01	4.880031e+04	-1.424927e-01	1.692552e-01	0.000000e+00	-2.617545e+03	5.141785e+04
9.984100e-01	4.860885e+04	-1.426942e-01	1.693242e-01	0.000000e+00	-2.176873e+03	5.078572e+04
9.996000e-01	4.709491e+04	-1.428957e-01	1.693920e-01	0.000000e+00	-1.201977e+03	4.829688e+04
1.000790e+00	4.720604e+04	-1.430973e-01	1.694587e-01	0.000000e+00	-2.663630e+03	4.986967e+04
1.001980e+00	3.815043e+04	-1.432990e-01	1.695192e-01	0.000000e+00	-2.121912e+03	4.027234e+04
1.003170e+00	4.641114e+04	-1.435008e-01	1.695791e-01	0.000000e+00	-1.006047e+03	4.741718e+04
1.004360e+00	4.738463e+04	-1.437026e-01	1.696455e-01	0.000000e+00	-9.447893e+02	4.832942e+04
1.005550e+00	4.451424e+04	-1.439045e-01	1.697106e-01	0.000000e+00	-2.354408e+03	4.686865e+04
1.006740e+00	4.246805e+04	-1.441065e-01	1.697722e-01	0.000000e+00	-1.537982e+03	4.400603e+04
1.007930e+00	4.804883e+04	-1.443086e-01	1.698363e-01	0.000000e+00	-6.710623e+02	4.871989e+04
1.009120e+00	3.892895e+04	-1.445107e-01	1.698979e-01	0.000000e+00	-1.305717e+03	4.023466e+04
1.010310e+00	3.599065e+04	-1.447130e-01	1.699509e-01	0.000000e+00	-2.233852e+03	3.822451e+04
1.011500e+00	4.182298e+04	-1.449152e-01	1.700060e-01	0.000000e+00	-3.155976e+03	4.497896e+04
1.012690e+00	4.710007e+04	-1.451176e-01	1.700690e-01	0.000000e+00	-1.075880e+03	4.817595e+04
1.013880e+00	4.214538e+04	-1.453200e-01	1.701322e-01	0.000000e+00	-2.124861e+02	4.235787e+04
1.015070e+00	3.695423e+04	-1.455225e-01	1.701882e-01	0.000000e+00	-1.105380e+03	3.805961e+04
1.016260e+00	3.844403e+04	-1.457250e-01	1.702416e-01	0.000000e+00	-3.628065e+02	3.880683e+04
1.017450e+00	4.148740e+04	-1.459277e-01	1.702982e-01	0.000000e+00	-1.564120e+03	4.305152e+04
1.018640e+00	3.943652e+04	-1.461304e-01	1.703555e-01	0.000000e+00	-2.713603e+03	4.215012e+04
1.019830e+00	3.839308e+04	-1.463331e-01	1.704106e-01	0.000000e+00	-2.543693e+03	4.093677e+04
1.021020e+00	3.761265e+04	-1.465359e-01	1.704645e-01	0.000000e+00	-3.301074e+03	4.091373e+04
1.022210e+00	4.090015e+04	-1.467388e-01	1.705201e-01	0.000000e+00	-1.520947e+03	4.242110e+04
1.023400e+00	4.928427e+04	-1.469418e-01	1.705839e-01	0.000000e+00	-1.349620e+03	5.063389e+04
1.024590e+00	3.728296e+04	-1.471448e-01	1.706452e-01	0.000000e+00	-2.473259e+03	3.975622e+04
1.025780e+00	4.482379e+04	-1.473479e-01	1.707034e-01	0.000000e+00	-9.675796e+02	4.579137e+04
1.026970e+00	4.224648e+04	-1.475511e-01	1.707650e-01	0.000000e+00	-2.990146e+03	4.523663e+04
1.028160e+00	5.163508e+04	-1.477543e-01	1.708315e-01	0.000000e+00	-2.071990e+03	5.370707e+04
1.029350e+00	4.146757e+04	-1.479577e-01	1.708975e-01	0.000000e+00	-1.860667e+03	4.332823e+04
1.030540e+00	3.224654e+04	-1.481611e-01	1.709497e-01	0.000000e+00	-1.013049e+03	3.325959e+04
1.031730e+00	4.560745e+04	-1.483645e-01	1.710048e-01	0.000000e+00	0.000000e+00	4.560745e+04
1.032920e+00	4.779544e+04	-1.485681e-01	1.710709e-01	0.000000e+00	-2.126150e+03	4.992159e+04
1.034110e+00	4.522844e+04	-1.487717e-01	1.711368e-01	0.000000e+00	-2.289328e+03	4.751777e+04
1.035300e+00	4.197273e+04	-1.489754e-01	1.711986e-01	0.000000e+00	-6.265388e+02	4.259926e+04
1.036490e+00	4.932205e+04	-1.491791e-01	1.712632e-01	0.000000e+00	0.000000e+00	4.932205e+04
1.037680e+00	4.731324e+04	-1.493830e-01	1.713317e-01	0.000000e+00	-1.450552e+03	4.876379e+04
1.038870e+00	4.480447e+04	-1.495869e-01	1.713969e-01	0.000000e+00	-6.062282e+02	4.541069e+04
1.040060e+00	4.438320e+04	-1.497909e-01	1.714600e-01	0.000000e+00	-1.422111e+03	4.580531e+04
1.041250e+00	4.721958e+04	-1.499950e-01	1.715249e-01	0.000000e+00	-2.403462e+03	4.962304e+04
1.042440e+00	4.572579e+04	-1.501991e-01	1.715907e-01	0.000000e+00	0.000000e+00	4.572579e+04
1.043630e+00	5.466027e+04	-1.504034e-01	1.716618e-01	0.000000e+00	-3.453327e+02	5.500561e+04
1.044820e+00	4.474476e+04	-1.506077e-01	1.717322e-01	0.000000e+00	-1.335340e+03	4.608010e+04
1.046010e+00	4.023114e+04	-1.508121e-01	1.717924e-01	0.000000e+00	-1.665801e+03	4.189694e+04
1.047200e+00	5.132491e+04	-1.510165e-01	1.718572e-01	0.000000e+00	-9.790905e+02	5.230400e+04
1.048390e+00	3.713927e+04	-1.512211e-01	1.719199e-01	0.000000e+00	-2.222457e+03	3.936172e+04
1.049580e+00	3.682008e+04	-1.514257e-01	1.719723e-01	0.000000e+00	-1.015004e+03	3.783508e+04
1.050770e+00	4.568129e+04	-1.516304e-01	1.720307e-01	0.000000e+00	-2.214773e+02	4.590276e+04
1.051960e+00	4.999413e+04	-1.518351e-01	1.720984e-01	0.000000e+00	-6.188588e+02	5.061299e+04
1.053150e+00	4.357767e+04	-1.520400e-01	1.721647e-01	0.000000e+00	-8.565555e+02	4.443423e+04
1.054340e+00	4.665992e+04	-1.522449e-01	1.722286e-01	0.000000e+00	-2.019599e+03	4.867952e+04
1.055530e+00	4.416230e+04	-1.524499e-01	1.722929e-01	0.000000e+00	-2.390200e+03	4.655250e+04
1.056720e+00	4.540084e+04	-1.526550e-01	1.723563e-01	0.000000e+00	-1.456335e+03	4.685718e+04
1.057910e+00	4.205033e+04	-1.528601e-01	1.724183e-01	0.000000e+00	-1.198783e+03	4.324911e+04
1.059100e+00	4.277305e+04	-1.530653e-01	1.724783e-01	0.000000e+00	-1.322226e+03	4.409528e+04
1.060290e+00	3.715523e+04	-1.532706e-01	1.725349e-01	0.000000e+00	-1.605995e+03	3.876122e+04
1.061480e+00	4.576278e+04	-1.534759e-01	1.725937e-01	0.000000e+00	-7.467706e+01	4.583745e+04
1.062670e+00	3.490787e+04	-1.536814e-01	1.726508e-01	0.000000e+00	-5.512155e+02	3.545909e+04
1.063860e+00	3.958192e+04	-1.538868e-01	1.727035e-01	0.000000e+00	-7.085107e+02	4.029043e+04
1.065050e+00	3.838262e+04	-1.540924e-01	1.727588e-01	0.000000e+00	-1.240279e+03	3.962290e+04
1.066240e+00	4.381617e+04	-1.542980e-01	1.728170e-01	0.000000e+00	-1.701676e+03	4.551785e+04
1.067430e+00	4.968468e+04	-1.545037e-01	1.728832e-01	0.000000e+00	-5.218513e+02	5.020653e+04
1.068620e+00	4.193603e+04	-1.547095e-01	1.729481e-01	0.000000e+00	-1.924417e+03	4.386045e+04
1.069810e+00	3.924591e+04	-1.549153e-01	1.730056e-01	0.000000e+00	-1.901531e+03	4.114744e+04
1.071000e+00	3.936138e+04	-1.551212e-01	1.730612e-01	0.000000e+00	-2.698400e+03	4.205978e+04
1.072190e+00	4.195349e+04	-1.553272e-01	1.731188e-01	0.000000e+00	-2.141865e+03	4.409535e+04
1.073380e+00	3.822928e+04	-1.555333e-01	1.731756e-01	0.000000e+00	-2.538168e+03	4.076745e+04
1.074570e+00	3.825999e+04	-1.557394e-01	1.732298e-01	0.000000e+00	-8.788092e+02	3.913880e+04
1.075760e+00	4.804086e+04	-1.559455e-01	1.732909e-01	0.000000e+00	-7.260513e+02	4.876691e+04
1.076950e+00	5.070834e+04	-1.561518e-01	1.733608e-01	0.000000e+00	-1.540712e+02	5.086241e+04
1.078140e+00	4.263230e+04	-1.563581e-01	1.734269e-01	0.000000e+00	-1.091399e+03	4.372370e+04
1.079330e+00	4.550946e+04	-1.565646e-01	1.734893e-01	0.000000e+00	-1.232212e+03	4.674167e+04
1.080520e+00	4.393647e+04	-1.567710e-01	1.735527e-01	0.000000e+00	-1.576114e+02	4.409408e+04
1.081710e+00	4.513314e+04	-1.569776e-01	1.736157e-01	0.000000e+00	-2.367599e+03	4.750074e+04
1.082900e+00	4.988425e+04	-1.571842e-01	1.736830e-01	0.000000e+00	-9.937453e+02	5.087800e+04
1.084090e+00	4.064899e+04	-1.573910e-01	1.737471e-01	0.000000e+00	0.000000e+00	4.064899e+04
1.085280e+00	4.120848e+04	-1.575978e-01	1.738051e-01	0.000000e+00	-7.356330e+02	4.194411e+04
1.086470e+00	4.664759e+04	-1.578046e-01	1.738673e-01	0.000000e+00	-3.063570e+03	4.971116e+04
1.087660e+00	4.068714e+04	-1.580116e-01	1.739292e-01	0.000000e+00	-2.176570e+03	4.286371e+04
1.088850e+00	4.543076e+04	-1.582186e-01	1.739902e-01	0.000000e+00	-1.839807e+03	4.727057e+04
1.090040e+00	3.870388e+04	-1.584257e-01	1.740497e-01	0.000000e+00	-1.344131e+03	4.004801e+04
1.091230e+00	4.263361e+04	-1.586328e-01	1.741073e-01	0.000000e+00	-2.169450e+02	4.285055e+04
1.092420e+00	4.441081e+04	-1.588400e-01	1.741690e-01	0.000000e+00	-7.073775e+02	4.511819e+04
1.093610e+00	4.234295e+04	-1.590473e-01	1.742304e-01	0.000000e+00	-1.984882e+02	4.254144e+04
1.094800e+00	5.551357e+04	-1.592547e-01	1.742997e-01	0.000000e+00	-6.418480e+02	5.615542e+04
1.095990e+00	4.451740e+04	-1.594622e-01	1.743706e-01	0.000000e+00	-1.040681e+03	4.555808e+04
1.097180e+00	4.713757e+04	-1.596697e-01	1.744355e-01	0.000000e+00	-6.399911e+02	4.777756e+04
1.098370e+00	4.358735e+04	-1.598773e-01	1.744997e-01	0.000000e+00	0.000000e+00	4.358735e+04
1.099560e+00	4.500533e+04	-1.600850e-01	1.745624e-01	0.000000e+00	0.000000e+00	4.500533e+04
1.100750e+00	5.018749e+04	-1.602928e-01	1.746299e-01	0.000000e+00	-1.154798e+03	5.134229e+04
1.101940e+00	5.471661e+04	-1.605006e-01	1.747041e-01	0.000000e+00	-1.503981e+03	5.622059e+04
1.103130e+00	5.215767e+04	-1.607086e-01	1.747798e-01	0.000000e+00	-7.025663e+02	5.286023e+04
1.104320e+00	4.280608e+04	-1.609166e-01	1.748471e-01	0.000000e+00	0.000000e+00	4.280608e+04
1.105510e+00	4.090125e+04	-1.611247e-01	1.749064e-01	0.000000e+00	-1.188218e+03	4.208947e+04
1.106700e+00	3.796724e+04	-1.613329e-01	1.749622e-01	0.000000e+00	-1.295462e+03	3.926271e+04
1.107890e+00	3.541310e+04	-1.615411e-01	1.750142e-01	0.000000e+00	-6.024934e+02	3.601559e+04
1.109080e+00	4.141637e+04	-1.617494e-01	1.750686e-01	0.000000e+00	-2.251230e+03	4.366760e+04
1.110270e+00	5.758739e+04	-1.619578e-01	1.751387e-01	0.000000e+00	-2.432716e+03	6.002010e+04
1.111460e+00	5.935906e+04	-1.621663e-01	1.752215e-01	0.000000e+00	-2.582993e+03	6.194205e+04
1.112650e+00	4.506757e+04	-1.623748e-01	1.752955e-01	0.000000e+00	-5.712579e+02	4.563882e+04
1.113840e+00	4.254563e+04	-1.625835e-01	1.753575e-01	0.000000e+00	-4.628840e+02	4.300852e+04
1.115030e+00	4.293490e+04	-1.627922e-01	1.754180e-01	0.000000e+00	-3.774522e+02	4.331235e+04
1.116220e+00	3.886177e+04	-1.630010e-01	1.754760e-01	0.000000e+00	0.000000e+00	3.886177e+04
1.117410e+00	3.107989e+04	-1.632098e-01	1.755255e-01	0.000000e+00	-1.499950e+02	3.122988e+04
1.118600e+00	4.655774e+04	-1.634187e-01	1.755805e-01	0.000000e+00	-1.221689e+03	4.777943e+04
1.119790e+00	5.501086e+04	-1.636277e-01	1.756524e-01	0.000000e+00	-1.146074e+03	5.615693e+04
1.120980e+00	5.547771e+04	-1.638368e-01	1.757307e-01	0.000000e+00	-3.250582e+00	5.548097e+04
1.122170e+00	4.686330e+04	-1.640459e-01	1.758031e-01	0.000000e+00	0.000000e+00	4.686330e+04
1.123360e+00	4.920354e+04	-1.642552e-01	1.758712e-01	0.000000e+00	-6.282267e+02	4.983177e+04
1.124550e+00	4.292705e+04	-1.644645e-01	1.759364e-01	0.000000e+00	-1.448931e+03	4.437598e+04
1.125740e+00	4.498802e+04	-1.646739e-01	1.759987e-01	0.000000e+00	-1.792539e+03	4.678055e+04
1.126930e+00	5.090579e+04	-1.648834e-01	1.760666e-01	0.000000e+00	-1.049223e+03	5.195501e+04
1.128120e+00	4.018366e+04	-1.650929e-01	1.761311e-01	0.000000e+00	-1.933631e+03	4.211729e+04
1.129310e+00	4.576404e+04	-1.653026e-01	1.761919e-01	0.000000e+00	-7.104745e+02	4.647451e+04
1.130500e+00	5.538516e+04	-1.655123e-01	1.762636e-01	0.000000e+00	0.000000e+00	5.538516e+04
1.131690e+00	4.138004e+04	-1.657221e-01	1.763321e-01	0.000000e+00	-1.911852e+03	4.329190e+04
1.132880e+00	4.248263e+04	-1.659319e-01	1.763915e-01	0.000000e+00	-6.091564e+02	4.309179e+04
1.134070e+00	4.779395e+04	-1.661419e-01	1.764554e-01	0.000000e+00	0.000000e+00	4.779395e+04
1.135260e+00	4.716071e+04	-1.663519e-01	1.765227e-01	0.000000e+00	-9.311747e+02	4.809189e+04
1.136450e+00	4.281160e+04	-1.665620e-01	1.765864e-01	0.000000e+00	-3.377368e+03	4.618897e+04
1.137640e+00	5.422197e+04	-1.667722e-01	1.766551e-01	0.000000e+00	-1.573810e+03	5.579578e+04
1.138830e+00	4.329922e+04	-1.669825e-01	1.767242e-01	0.000000e+00	0.000000e+00	4.329922e+04
1.140020e+00	4.683732e+04	-1.671928e-01	1.767880e-01	0.000000e+00	-3.802293e+02	4.721755e+04
1.141210e+00	4.768500e+04	-1.674032e-01	1.768549e-01	0.000000e+00	-1.831083e+03	4.951608e+04
1.142400e+00	4.787699e+04	-1.676137e-01	1.769226e-01	0.000000e+00	-3.096963e+02	4.818668e+04
1.143590e+00	5.430548e+04	-1.678243e-01	1.769950e-01	0.000000e+00	0.000000e+00	5.430548e+04
1.144780e+00	5.129823e+04	-1.680350e-01	1.770697e-01	0.000000e+00	0.000000e+00	5.129823e+04
1.145970e+00	5.392089e+04	-1.682457e-01	1.771443e-01	0.000000e+00	0.000000e+00	5.392089e+04
1.147160e+00	4.989107e+04	-1.684566e-01	1.772178e-01	0.000000e+00	-1.101544e+02	5.000123e+04
1.148350e+00	4.269964e+04	-1.686675e-01	1.772833e-01	0.000000e+00	-7.301817e+02	4.342983e+04
1.149540e+00	4.918161e+04	-1.688785e-01	1.773484e-01	0.000000e+00	-7.195380e+02	4.990115e+04
1.150730e+00	4.536381e+04	-1.690896e-01	1.774154e-01	0.000000e+00	-1.207981e+02	4.548461e+04
1.151920e+00	4.654524e+04	-1.693007e-01	1.774804e-01	0.000000e+00	-7.675244e+02	4.731277e+04
1.153110e+00	5.312929e+04	-1.695120e-01	1.775510e-01	0.000000e+00	-7.281170e+01	5.320210e+04
1.154300e+00	5.538096e+04	-1.697233e-01	1.776279e-01	0.000000e+00	0.000000e+00	5.538096e+04
1.155490e+00	5.086554e+04	-1.699347e-01	1.777031e-01	0.000000e+00	-3.237805e+02	5.118932e+04
1.156680e+00	4.475922e+04	-1.701462e-01	1.777708e-01	0.000000e+00	-5.165556e+02	4.527578e+04
1.157870e+00	4.327728e+04	-1.703578e-01	1.778332e-01	0.000000e+00	0.000000e+00	4.327728e+04
1.159060e+00	4.806457e+04	-1.705695e-01	1.778979e-01	0.000000e+00	0.000000e+00	4.806457e+04
1.160250e+00	4.575468e+04	-1.707812e-01	1.779643e-01	0.000000e+00	-1.835054e+02	4.593819e+04
1.161440e+00	4.268348e+04	-1.709930e-01	1.780269e-01	0.000000e+00	-6.568307e+02	4.334031e+04
1.162630e+00	4.270810e+04	-1.712049e-01	1.780874e-01	0.000000e+00	0.000000e+00	4.270810e+04
1.163820e+00	4.165265e+04	-1.714169e-01	1.781471e-01	0.000000e+00	0.000000e+00	4.165265e+04
1.165010e+00	4.864423e+04	-1.716289e-01	1.782111e-01	0.000000e+00	0.000000e+00	4.864423e+04
1.166200e+00	5.655523e+04	-1.718410e-01	1.782856e-01	0.000000e+00	0.000000e+00	5.655523e+04
1.167390e+00	4.356470e+04	-1.720532e-01	1.783565e-01	0.000000e+00	0.000000e+00	4.356470e+04
1.168580e+00	4.078549e+04	-1.722655e-01	1.784162e-01	0.000000e+00	0.000000e+00	4.078549e+04
1.169770e+00	4.873386e+04	-1.724779e-01	1.784796e-01	0.000000e+00	0.000000e+00	4.873386e+04
1.170960e+00	5.329334e+04	-1.726903e-01	1.785519e-01	0.000000e+00	0.000000e+00	5.329334e+04
1.172150e+00	4.956408e+04	-1.729028e-01	1.786247e-01	0.000000e+00	0.000000e+00	4.956408e+04
1.173340e+00	5.319358e+04	-1.731154e-01	1.786975e-01	0.000000e+00	0.000000e+00	5.319358e+04
1.174530e+00	4.304285e+04	-1.733281e-01	1.787656e-01	0.000000e+00	0.000000e+00	4.304285e+04
1.175720e+00	4.719361e+04	-1.735409e-01	1.788295e-01	0.000000e+00	0.000000e+00	4.719361e+04
1.176910e+00	4.170917e+04	-1.737537e-01	1.788925e-01	0.000000e+00	0.000000e+00	4.170917e+04
1.178100e+00	4.261867e+04	-1.739667e-01	1.789522e-01	0.000000e+00	0.000000e+00	4.261867e+04
1.179290e+00	5.166731e+04	-1.741796e-01	1.790190e-01	0.000000e+00	-3.522496e+02	5.201956e+04
1.180480e+00	4.252199e+04	-1.743927e-01	1.790857e-01	0.000000e+00	-4.880865e+02	4.301008e+04
1.181670e+00	4.230116e+04	-1.746059e-01	1.791457e-01	0.000000e+00	0.000000e+00	4.230116e+04
1.182860e+00	4.788973e+04	-1.748191e-01	1.792096e-01	0.000000e+00	0.000000e+00	4.788973e+04
1.184050e+00	4.715035e+04	-1.750324e-01	1.792769e-01	0.000000e+00	-5.354552e+02	4.768581e+04
1.185240e+00	3.905867e+04	-1.752458e-01	1.793380e-01	0.000000e+00	-3.048809e+02	3.936355e+04
1.186430e+00	4.322203e+04	-1.754592e-01	1.793962e-01	0.000000e+00	0.000000e+00	4.322203e+04
1.187620e+00	4.783255e+04	-1.756727e-01	1.794607e-01	0.000000e+00	0.000000e+00	4.783255e+04
1.188810e+00	4.401810e+04	-1.758863e-01	1.795258e-01	0.000000e+00	0.000000e+00	4.401810e+04
1.190000e+00	1.921411e+04	-1.761000e-01	1.795705e-01	0.000000e+00	0.000000e+00	1.921411e+04
