#x	rho	phi	ex	bz	rhok[0]	rhok[1]
0.000000e+00	-2.639506e+03	0.000000e+00	4.585333e-02	0.000000e+00	-2.639506e+03	0.000000e+00
1.190000e-03	-2.583835e+03	-5.456324e-05	4.584963e-02	0.000000e+00	-6.082069e+03	3.498234e+03
2.380000e-03	2.355138e+03	-1.091221e-04	4.584947e-02	0.000000e+00	-4.894658e+03	7.249796e+03
3.570000e-03	3.470208e+03	-1.636850e-04	4.585360e-02	0.000000e+00	-4.415382e+03	7.885590e+03
4.760000e-03	6.680480e+03	-2.182537e-04	4.586079e-02	0.000000e+00	-7.699560e+03	1.438004e+04
5.950000e-03	1.090585e+04	-2.728337e-04	4.587324e-02	0.000000e+00	-6.065355e+03	1.697120e+04
7.140000e-03	7.019265e+03	-3.274320e-04	4.588593e-02	0.000000e+00	-8.595214e+03	1.561448e+04
8.330000e-03	1.602166e+04	-3.820422e-04	4.590225e-02	0.000000e+00	-3.545619e+03	1.956728e+04
9.520000e-03	1.525684e+04	-4.366794e-04	4.592440e-02	0.000000e+00	-3.946819e+03	1.920366e+04
1.071000e-02	1.382692e+04	-4.913423e-04	4.594500e-02	0.000000e+00	-5.551193e+03	1.937811e+04
1.190000e-02	1.471221e+04	-5.460285e-04	4.596521e-02	0.000000e+00	-6.205617e+03	2.091783e+04
1.309000e-02	2.263443e+04	-6.007394e-04	4.599166e-02	0.000000e+00	-6.497376e+03	2.913180e+04
1.428000e-02	1.416453e+04	-6.554886e-04	4.601771e-02	0.000000e+00	-5.177849e+03	1.934238e+04
1.547000e-02	2.710919e+04	-7.102616e-04	4.604694e-02	0.000000e+00	-5.409982e+03	3.251918e+04
1.666000e-02	2.584205e+04	-7.650803e-04	4.608444e-02	0.000000e+00	-3.521594e+03	2.936364e+04
1.785000e-02	2.227136e+04	-8.199426e-04	4.611851e-02	0.000000e+00	-4.777956e+03	2.704932e+04
1.904000e-02	2.572853e+04	-8.748424e-04	4.615251e-02	0.000000e+00	-5.579354e+03	3.130789e+04
2.023000e-02	2.411835e+04	-9.297855e-04	4.618781e-02	0.000000e+00	-5.641082e+03	2.975943e+04
2.142000e-02	2.394596e+04	-9.847694e-04	4.622184e-02	0.000000e+00	-7.730572e+03	3.167654e+04
2.261000e-02	2.712178e+04	-1.039794e-03	4.625801e-02	0.000000e+00	-4.041818e+03	3.116359e+04
2.380000e-02	2.687504e+04	-1.094863e-03	4.629625e-02	0.000000e+00	-4.962373e+03	3.183742e+04
2.499000e-02	2.744049e+04	-1.149979e-03	4.633471e-02	0.000000e+00	-6.855484e+03	3.429597e+04
2.618000e-02	3.374372e+04	-1.205140e-03	4.637804e-02	0.000000e+00	-6.570675e+03	4.031439e+04
2.737000e-02	3.534354e+04	-1.260358e-03	4.642696e-02	0.000000e+00	-5.841039e+03	4.118458e+04
2.856000e-02	3.368150e+04	-1.315636e-03	4.647585e-02	0.000000e+00	-5.926891e+03	3.960839e+04
2.975000e-02	4.023939e+04	-1.370971e-03	4.652819e-02	0.000000e+00	-8.086780e+03	4.832616e+04
3.094000e-02	4.912535e+04	-1.426373e-03	4.659148e-02	0.000000e+00	-7.062233e+03	5.618758e+04
3.213000e-02	4.482328e+04	-1.481859e-03	4.665801e-02	0.000000e+00	-5.817472e+03	5.064075e+04
3.332000e-02	4.609335e+04	-1.537419e-03	4.672239e-02	0.000000e+00	-4.651211e+03	5.074456e+04
3.451000e-02	3.817568e+04	-1.593058e-03	4.678207e-02	0.000000e+00	-5.731743e+03	4.390743e+04
3.570000e-02	4.147955e+04	-1.648761e-03	4.683848e-02	0.000000e+00	-6.699604e+03	4.817916e+04
3.689000e-02	4.338666e+04	-1.704533e-03	4.689858e-02	0.000000e+00	-3.037974e+03	4.642463e+04
3.808000e-02	3.932629e+04	-1.760379e-03	4.695715e-02	0.000000e+00	-4.795160e+03	4.412145e+04
3.927000e-02	4.630822e+04	-1.816291e-03	4.701780e-02	0.000000e+00	-8.542538e+03	5.485076e+04
4.046000e-02	5.570366e+04	-1.872282e-03	4.709004e-02	0.000000e+00	-7.726890e+03	6.343055e+04
4.165000e-02	5.515209e+04	-1.928366e-03	4.716854e-02	0.000000e+00	-2.480173e+03	5.763226e+04
4.284000e-02	4.237719e+04	-1.984543e-03	4.723761e-02	0.000000e+00	-6.555134e+03	4.893233e+04
4.403000e-02	4.153574e+04	-2.040791e-03	4.729703e-02	0.000000e+00	-8.771229e+03	5.030697e+04
4.522000e-02	5.367051e+04	-2.097110e-03	4.736445e-02	0.000000e+00	-7.539350e+03	6.120986e+04
4.641000e-02	5.940388e+04	-2.153519e-03	4.744453e-02	0.000000e+00	-7.399034e+03	6.680292e+04
4.760000e-02	5.704294e+04	-2.210028e-03	4.752699e-02	0.000000e+00	-6.583788e+03	6.362672e+04
4.879000e-02	5.066652e+04	-2.266633e-03	4.760327e-02	0.000000e+00	-5.421884e+03	5.608841e+04
4.998000e-02	4.333368e+04	-2.323323e-03	4.766984e-02	0.000000e+00	-6.637481e+03	4.997116e+04
5.117000e-02	4.941354e+04	-2.380087e-03	4.773552e-02	0.000000e+00	-5.686420e+03	5.509996e+04
5.236000e-02	4.660235e+04	-2.436934e-03	4.780351e-02	0.000000e+00	-9.339971e+03	5.594232e+04
5.355000e-02	4.480624e+04	-2.493859e-03	4.786824e-02	0.000000e+00	-6.323785e+03	5.113002e+04
5.474000e-02	6.979177e+04	-2.550860e-03	4.794940e-02	0.000000e+00	-5.081096e+03	7.487286e+04
5.593000e-02	7.296648e+04	-2.607979e-03	4.805049e-02	0.000000e+00	-3.709769e+03	7.667625e+04
5.712000e-02	7.678577e+04	-2.665221e-03	4.815654e-02	0.000000e+00	-3.872098e+03	8.065786e+04
5.831000e-02	7.045364e+04	-2.722592e-03	4.826081e-02	0.000000e+00	-5.459099e+03	7.591274e+04
5.950000e-02	6.205814e+04	-2.780081e-03	4.835465e-02	0.000000e+00	-4.943561e+03	6.700170e+04
6.069000e-02	7.229182e+04	-2.837676e-03	4.844980e-02	0.000000e+00	-4.672615e+03	7.696444e+04
6.188000e-02	6.580284e+04	-2.895392e-03	4.854759e-02	0.000000e+00	-4.604939e+03	7.040778e+04
6.307000e-02	5.554458e+04	-2.953219e-03	4.863352e-02	0.000000e+00	-6.271024e+03	6.181560e+04
6.426000e-02	7.659302e+04	-3.011140e-03	4.872710e-02	0.000000e+00	-6.335653e+03	8.292868e+04
6.545000e-02	7.306263e+04	-3.069189e-03	4.883308e-02	0.000000e+00	-5.545364e+03	7.860799e+04
6.664000e-02	8.291885e+04	-3.127362e-03	4.894354e-02	0.000000e+00	-6.301050e+03	8.921990e+04
6.783000e-02	8.289368e+04	-3.185675e-03	4.906096e-02	0.000000e+00	-2.207199e+03	8.510087e+04
6.902000e-02	7.354114e+04	-3.244127e-03	4.917174e-02	0.000000e+00	-5.956266e+03	7.949740e+04
7.021000e-02	6.041102e+04	-3.302704e-03	4.926660e-02	0.000000e+00	-7.296744e+03	6.770776e+04
7.140000e-02	6.802870e+04	-3.361382e-03	4.935756e-02	0.000000e+00	-1.826508e+03	6.985521e+04
7.259000e-02	6.953839e+04	-3.420175e-03	4.945498e-02	0.000000e+00	-2.006241e+03	7.154463e+04
7.378000e-02	7.115849e+04	-3.479085e-03	4.955462e-02	0.000000e+00	-3.059907e+03	7.421840e+04
7.497000e-02	8.029795e+04	-3.538115e-03	4.966187e-02	0.000000e+00	-3.581226e+03	8.387918e+04
7.616000e-02	7.046787e+04	-3.597280e-03	4.976864e-02	0.000000e+00	-5.540592e+03	7.600846e+04
7.735000e-02	7.164333e+04	-3.656564e-03	4.986928e-02	0.000000e+00	-7.401142e+03	7.904447e+04
7.854000e-02	6.236567e+04	-3.715969e-03	4.996418e-02	0.000000e+00	-8.483480e+03	7.084915e+04
7.973000e-02	7.586676e+04	-3.775479e-03	5.006207e-02	0.000000e+00	-3.662395e+03	7.952915e+04
8.092000e-02	8.014526e+04	-3.835117e-03	5.017255e-02	0.000000e+00	-3.216518e+03	8.336178e+04
8.211000e-02	7.640209e+04	-3.894890e-03	5.028341e-02	0.000000e+00	-5.626986e+03	8.202908e+04
8.330000e-02	7.391611e+04	-3.954791e-03	5.038986e-02	0.000000e+00	-6.467502e+03	8.038361e+04
8.449000e-02	8.579632e+04	-4.014817e-03	5.050297e-02	0.000000e+00	-5.193454e+03	9.098977e+04
8.568000e-02	8.566672e+04	-4.074988e-03	5.062439e-02	0.000000e+00	-3.814282e+03	8.948100e+04
8.687000e-02	8.707297e+04	-4.135304e-03	5.074672e-02	0.000000e+00	-6.199592e+03	9.327257e+04
8.806000e-02	7.946868e+04	-4.195765e-03	5.086466e-02	0.000000e+00	-3.112172e+03	8.258085e+04
8.925000e-02	8.119524e+04	-4.256361e-03	5.097843e-02	0.000000e+00	-4.000943e+03	8.519619e+04
9.044000e-02	9.903633e+04	-4.317094e-03	5.110607e-02	0.000000e+00	-6.479170e+03	1.055155e+05
9.163000e-02	8.805778e+04	-4.377994e-03	5.123856e-02	0.000000e+00	-6.677707e+03	9.473549e+04
9.282000e-02	8.004705e+04	-4.439042e-03	5.135761e-02	0.000000e+00	-5.830324e+03	8.587738e+04
9.401000e-02	7.017117e+04	-4.500225e-03	5.146399e-02	0.000000e+00	-3.770679e+03	7.394185e+04
9.520000e-02	8.194216e+04	-4.561526e-03	5.157171e-02	0.000000e+00	-6.119511e+03	8.806167e+04
9.639000e-02	7.240056e+04	-4.622966e-03	5.168101e-02	0.000000e+00	-3.425082e+03	7.582564e+04
9.758000e-02	7.412302e+04	-4.684527e-03	5.178477e-02	0.000000e+00	-5.669329e+03	7.979235e+04
9.877000e-02	8.202332e+04	-4.746213e-03	5.189535e-02	0.000000e+00	-4.603355e+03	8.662668e+04
9.996000e-02	7.858467e+04	-4.808038e-03	5.200909e-02	0.000000e+00	-4.971988e+03	8.355666e+04
1.011500e-01	9.008981e+04	-4.869995e-03	5.212853e-02	0.000000e+00	-4.829809e+03	9.491962e+04
1.023400e-01	9.426360e+04	-4.932104e-03	5.225909e-02	0.000000e+00	-9.142903e+03	1.034065e+05
1.035300e-01	8.335303e+04	-4.994372e-03	5.238487e-02	0.000000e+00	-6.372885e+03	8.972591e+04
1.047200e-01	8.507592e+04	-5.056780e-03	5.250414e-02	0.000000e+00	-4.966946e+03	9.004287e+04
1.059100e-01	9.120319e+04	-5.119331e-03	5.262898e-02	0.000000e+00	-5.288843e+03	9.649204e+04
1.071000e-01	9.040582e+04	-5.182037e-03	5.275759e-02	0.000000e+00	-4.792399e+03	9.519822e+04
1.082900e-01	9.625756e+04	-5.244895e-03	5.288978e-02	0.000000e+00	-3.807275e+03	1.000648e+05
1.094800e-01	1.002968e+05	-5.307914e-03	5.302897e-02	0.000000e+00	-3.968924e+03	1.042657e+05
1.106700e-01	9.784962e+04	-5.371103e-03	5.316929e-02	0.000000e+00	-3.106818e+03	1.009564e+05
1.118600e-01	8.942025e+04	-5.434457e-03	5.330191e-02	0.000000e+00	-5.476220e+03	9.489647e+04
1.130500e-01	9.177834e+04	-5.497962e-03	5.343023e-02	0.000000e+00	-7.051470e+03	9.882981e+04
1.142400e-01	8.620975e+04	-5.561621e-03	5.355627e-02	0.000000e+00	-6.831709e+03	9.304146e+04
1.154300e-01	9.175248e+04	-5.625426e-03	5.368230e-02	0.000000e+00	-3.365371e+03	9.511785e+04
1.166200e-01	7.977146e+04	-5.689385e-03	5.380376e-02	0.000000e+00	-5.593268e+03	8.536473e+04
1.178100e-01	9.256809e+04	-5.753479e-03	5.392581e-02	0.000000e+00	-4.649147e+03	9.721723e+04
1.190000e-01	9.979901e+04	-5.817729e-03	5.406204e-02	0.000000e+00	-5.858725e+03	1.056577e+05
1.201900e-01	9.808386e+04	-5.882147e-03	5.420217e-02	0.000000e+00	-4.553767e+03	1.026376e+05
1.213800e-01	1.110763e+05	-5.946730e-03	5.435029e-02	0.000000e+00	-1.367168e+03	1.124435e+05
1.225700e-01	1.051101e+05	-6.011500e-03	5.450339e-02	0.000000e+00	-2.672810e+03	1.077829e+05
1.237600e-01	9.837499e+04	-6.076448e-03	5.464749e-02	0.000000e+00	-5.416341e+03	1.037913e+05
1.249500e-01	9.943287e+04	-6.141561e-03	5.478757e-02	0.000000e+00	-8.417434e+03	1.078503e+05
1.261400e-01	9.924928e+04	-6.206842e-03	5.492827e-02	0.000000e+00	-6.923425e+03	1.061727e+05
1.273300e-01	1.224246e+05	-6.272291e-03	5.508525e-02	0.000000e+00	-5.052355e+03	1.274770e+05
1.285200e-01	1.116135e+05	-6.337945e-03	5.525099e-02	0.000000e+00	-3.623849e+03	1.152373e+05
1.297100e-01	1.134115e+05	-6.403788e-03	5.541034e-02	0.000000e+00	-4.788930e+03	1.182004e+05
1.309000e-01	1.107813e+05	-6.469822e-03	5.556911e-02	0.000000e+00	-3.278522e+03	1.140598e+05
1.320900e-01	9.900007e+04	-6.536042e-03	5.571767e-02	0.000000e+00	-6.252082e+03	1.052522e+05
1.332800e-01	9.574414e+04	-6.602430e-03	5.585558e-02	0.000000e+00	-7.074987e+03	1.028191e+05
1.344700e-01	1.039109e+05	-6.668979e-03	5.599697e-02	0.000000e+00	-3.165065e+03	1.070760e+05
1.356600e-01	1.128795e+05	-6.735703e-03	5.615049e-02	0.000000e+00	-6.137627e+03	1.190172e+05
1.368500e-01	1.103802e+05	-6.802617e-03	5.630859e-02	0.000000e+00	-5.369158e+03	1.157494e+05
1.380400e-01	1.011018e+05	-6.869717e-03	5.645836e-02	0.000000e+00	-2.602395e+03	1.037042e+05
1.392300e-01	1.065766e+05	-6.936988e-03	5.660543e-02	0.000000e+00	-2.991924e+03	1.095686e+05
1.404200e-01	1.091187e+05	-7.004438e-03	5.675818e-02	0.000000e+00	-3.724867e+03	1.128436e+05
1.416100e-01	1.151584e+05	-7.072072e-03	5.691700e-02	0.000000e+00	-6.490485e+03	1.216488e+05
1.428000e-01	1.163281e+05	-7.139900e-03	5.708093e-02	0.000000e+00	-4.406063e+03	1.207342e+05
1.439900e-01	1.029108e+05	-7.207925e-03	5.723619e-02	0.000000e+00	-4.965009e+03	1.078758e+05
1.451800e-01	1.060791e+05	-7.276123e-03	5.738419e-02	0.000000e+00	-5.498408e+03	1.115775e+05
1.463700e-01	1.109509e+05	-7.344499e-03	5.753788e-02	0.000000e+00	-2.783676e+03	1.137346e+05
1.475600e-01	1.028568e+05	-7.413063e-03	5.768929e-02	0.000000e+00	-5.289377e+03	1.081462e+05
1.487500e-01	1.102005e+05	-7.481800e-03	5.784017e-02	0.000000e+00	-5.153423e+03	1.153540e+05
1.499400e-01	1.162121e+05	-7.550722e-03	5.800051e-02	0.000000e+00	-6.226943e+03	1.224390e+05
1.511300e-01	9.550445e+04	-7.619841e-03	5.815044e-02	0.000000e+00	-7.997628e+03	1.035021e+05
1.523200e-01	1.021131e+05	-7.689120e-03	5.829039e-02	0.000000e+00	-8.057302e+03	1.101704e+05
1.535100e-01	1.123773e+05	-7.758572e-03	5.844228e-02	0.000000e+00	-2.217217e+03	1.145945e+05
1.547000e-01	1.115123e+05	-7.828213e-03	5.860083e-02	0.000000e+00	-2.206713e+03	1.137190e+05
1.558900e-01	1.078855e+05	-7.898042e-03	5.875620e-02	0.000000e+00	-2.130227e+03	1.100157e+05
1.570800e-01	1.112161e+05	-7.968053e-03	5.891136e-02	0.000000e+00	-3.284580e+03	1.145007e+05
1.582700e-01	1.225649e+05	-8.038251e-03	5.907692e-02	0.000000e+00	-2.320808e+03	1.248857e+05
1.594600e-01	1.162504e+05	-8.108656e-03	5.924604e-02	0.000000e+00	-4.377487e+03	1.206279e+05
1.606500e-01	1.141044e+05	-8.179257e-03	5.940917e-02	0.000000e+00	-7.340408e+03	1.214448e+05
1.618400e-01	1.187645e+05	-8.250050e-03	5.957408e-02	0.000000e+00	-3.608927e+03	1.223734e+05
1.630300e-01	1.001730e+05	-8.321043e-03	5.972912e-02	0.000000e+00	-4.596625e+03	1.047696e+05
1.642200e-01	1.063528e+05	-8.392205e-03	5.987537e-02	0.000000e+00	-5.293328e+03	1.116461e+05
1.654100e-01	1.226611e+05	-8.463546e-03	6.003755e-02	0.000000e+00	-4.542325e+03	1.272034e+05
1.666000e-01	1.250234e+05	-8.535094e-03	6.021295e-02	0.000000e+00	-4.049814e+03	1.290732e+05
1.677900e-01	1.281489e+05	-8.606853e-03	6.039224e-02	0.000000e+00	-2.631987e+03	1.307809e+05
1.689800e-01	1.204068e+05	-8.678828e-03	6.056826e-02	0.000000e+00	-3.682780e+03	1.240896e+05
1.701700e-01	1.127178e+05	-8.751006e-03	6.073335e-02	0.000000e+00	-3.461969e+03	1.161797e+05
1.713600e-01	1.165590e+05	-8.823373e-03	6.089572e-02	0.000000e+00	-4.941745e+03	1.215007e+05
1.725500e-01	1.102216e+05	-8.895937e-03	6.105632e-02	0.000000e+00	-5.922176e+03	1.161438e+05
1.737400e-01	1.118867e+05	-8.968687e-03	6.121360e-02	0.000000e+00	-5.913540e+03	1.178003e+05
1.749300e-01	1.338113e+05	-9.041626e-03	6.138760e-02	0.000000e+00	-5.040337e+03	1.388516e+05
1.761200e-01	1.223345e+05	-9.114790e-03	6.156899e-02	0.000000e+00	-4.917153e+03	1.272516e+05
1.773100e-01	1.148913e+05	-9.188160e-03	6.173699e-02	0.000000e+00	-3.205956e+03	1.180972e+05
1.785000e-01	1.083166e+05	-9.261724e-03	6.189506e-02	0.000000e+00	-3.760303e+03	1.120769e+05
1.796900e-01	1.179159e+05	-9.335470e-03	6.205527e-02	0.000000e+00	-4.412965e+03	1.223289e+05
1.808800e-01	1.277423e+05	-9.409415e-03	6.222923e-02	0.000000e+00	-3.834114e+03	1.315764e+05
1.820700e-01	1.285034e+05	-9.483576e-03	6.241070e-02	0.000000e+00	-3.322698e+03	1.318261e+05
1.832600e-01	1.170954e+05	-9.557953e-03	6.258462e-02	0.000000e+00	-2.975155e+03	1.200705e+05
1.844500e-01	1.310121e+05	-9.632527e-03	6.276032e-02	0.000000e+00	-6.512208e+03	1.375243e+05
1.856400e-01	1.265421e+05	-9.707322e-03	6.294271e-02	0.000000e+00	-4.394630e+03	1.309367e+05
1.868300e-01	1.325532e+05	-9.782331e-03	6.312619e-02	0.000000e+00	-2.496018e+03	1.350492e+05
1.880200e-01	1.209647e+05	-9.857563e-03	6.330573e-02	0.000000e+00	-5.190050e+03	1.261548e+05
1.892100e-01	1.157879e+05	-9.932998e-03	6.347339e-02	0.000000e+00	-5.762343e+03	1.215503e+05
1.904000e-01	1.213826e+05	-1.000863e-02	6.364134e-02	0.000000e+00	-3.610358e+03	1.249930e+05
1.915900e-01	1.067554e+05	-1.008446e-02	6.380290e-02	0.000000e+00	-4.207077e+03	1.109625e+05
1.927800e-01	1.176798e+05	-1.016048e-02	6.396184e-02	0.000000e+00	-4.888577e+03	1.225684e+05
1.939700e-01	1.364438e+05	-1.023669e-02	6.414180e-02	0.000000e+00	-2.447299e+03	1.388911e+05
1.951600e-01	1.187787e+05	-1.031314e-02	6.432254e-02	0.000000e+00	-3.683461e+03	1.224622e+05
1.963500e-01	1.281872e+05	-1.038978e-02	6.449743e-02	0.000000e+00	-3.951202e+03	1.321384e+05
1.975400e-01	1.266248e+05	-1.046664e-02	6.467788e-02	0.000000e+00	-2.636483e+03	1.292613e+05
1.987300e-01	1.110486e+05	-1.054372e-02	6.484619e-02	0.000000e+00	-5.930970e+03	1.169795e+05
1.999200e-01	1.215197e+05	-1.062098e-02	6.501089e-02	0.000000e+00	-6.784648e+03	1.283044e+05
2.011100e-01	1.375023e+05	-1.069844e-02	6.519432e-02	0.000000e+00	-6.602069e+03	1.441043e+05
2.023000e-01	1.184839e+05	-1.077614e-02	6.537560e-02	0.000000e+00	-4.116489e+03	1.226004e+05
2.034900e-01	1.167378e+05	-1.085403e-02	6.554218e-02	0.000000e+00	-2.216441e+03	1.189542e+05
2.046800e-01	1.320854e+05	-1.093213e-02	6.571838e-02	0.000000e+00	-6.999535e+03	1.390850e+05
2.058700e-01	1.244111e+05	-1.101044e-02	6.590003e-02	0.000000e+00	-4.665812e+03	1.290770e+05
2.070600e-01	1.241250e+05	-1.108897e-02	6.607603e-02	0.000000e+00	-4.982955e+03	1.291080e+05
2.082500e-01	1.119929e+05	-1.116771e-02	6.624324e-02	0.000000e+00	-9.599606e+03	1.215925e+05
2.094400e-01	1.271268e+05	-1.124663e-02	6.641258e-02	0.000000e+00	-5.044142e+03	1.321710e+05
2.106300e-01	1.285196e+05	-1.132577e-02	6.659362e-02	0.000000e+00	-3.836454e+03	1.323561e+05
2.118200e-01	1.251066e+05	-1.140512e-02	6.677323e-02	0.000000e+00	-5.094988e+03	1.302016e+05
2.130100e-01	1.289456e+05	-1.148469e-02	6.695314e-02	0.000000e+00	-4.401323e+03	1.333469e+05
2.142000e-01	1.293131e+05	-1.156447e-02	6.713603e-02	0.000000e+00	-6.485100e+03	1.357982e+05
2.153900e-01	1.229262e+05	-1.164447e-02	6.731465e-02	0.000000e+00	-4.466932e+03	1.273931e+05
2.165800e-01	1.343864e+05	-1.172468e-02	6.749687e-02	0.000000e+00	-4.433550e+03	1.388199e+05
2.177700e-01	1.528246e+05	-1.180511e-02	6.770027e-02	0.000000e+00	-4.946400e+03	1.577710e+05
2.189600e-01	1.349669e+05	-1.188581e-02	6.790407e-02	0.000000e+00	-5.575701e+03	1.405426e+05
2.201500e-01	1.351994e+05	-1.196673e-02	6.809539e-02	0.000000e+00	-4.466534e+03	1.396660e+05
2.213400e-01	1.247776e+05	-1.204787e-02	6.827950e-02	0.000000e+00	-4.183490e+03	1.289610e+05
2.225300e-01	1.534065e+05	-1.212923e-02	6.847650e-02	0.000000e+00	-2.607520e+03	1.560140e+05
2.237200e-01	1.530362e+05	-1.221085e-02	6.869351e-02	0.000000e+00	-1.364053e+03	1.544002e+05
2.249100e-01	1.472045e+05	-1.229272e-02	6.890613e-02	0.000000e+00	-3.734948e+03	1.509394e+05
2.261000e-01	1.281646e+05	-1.237484e-02	6.910114e-02	0.000000e+00	-5.102316e+03	1.332669e+05
2.272900e-01	1.502865e+05	-1.245718e-02	6.929833e-02	0.000000e+00	-5.016919e+03	1.553035e+05
2.284800e-01	1.289810e+05	-1.253977e-02	6.949609e-02	0.000000e+00	-4.445428e+03	1.334265e+05
2.296700e-01	1.466944e+05	-1.262258e-02	6.969132e-02	0.000000e+00	-3.050827e+03	1.497452e+05
2.308600e-01	1.423225e+05	-1.270564e-02	6.989599e-02	0.000000e+00	-2.107665e+03	1.444302e+05
2.320500e-01	1.332855e+05	-1.278894e-02	7.009116e-02	0.000000e+00	-2.971492e+03	1.362570e+05
2.332400e-01	1.477948e+05	-1.287246e-02	7.029022e-02	0.000000e+00	-1.107383e+03	1.489022e+05
2.344300e-01	1.360203e+05	-1.295623e-02	7.049120e-02	0.000000e+00	-2.225189e+03	1.382455e+05
2.356200e-01	1.212602e+05	-1.304023e-02	7.067340e-02	0.000000e+00	-4.866585e+03	1.261268e+05
2.368100e-01	1.408636e+05	-1.312443e-02	7.085903e-02	0.000000e+00	-5.688571e+03	1.465521e+05
2.380000e-01	1.460607e+05	-1.320887e-02	7.106222e-02	0.000000e+00	-5.100317e+03	1.511610e+05
2.391900e-01	1.365144e+05	-1.329356e-02	7.126233e-02	0.000000e+00	-3.037781e+03	1.395522e+05
2.403800e-01	1.478057e+05	-1.337847e-02	7.146367e-02	0.000000e+00	-5.847217e+03	1.536529e+05
2.415700e-01	1.424844e+05	-1.346364e-02	7.166924e-02	0.000000e+00	-4.141025e+03	1.466254e+05
2.427600e-01	1.457156e+05	-1.354905e-02	7.187334e-02	0.000000e+00	-4.105483e+03	1.498211e+05
2.439500e-01	1.384628e+05	-1.363470e-02	7.207458e-02	0.000000e+00	-6.342058e+03	1.448049e+05
2.451400e-01	1.274953e+05	-1.372058e-02	7.226293e-02	0.000000e+00	-4.472616e+03	1.319680e+05
2.463300e-01	1.400305e+05	-1.380668e-02	7.245238e-02	0.000000e+00	-2.726089e+03	1.427566e+05
2.475200e-01	1.357114e+05	-1.389302e-02	7.264765e-02	0.000000e+00	-3.404539e+03	1.391159e+05
2.487100e-01	1.279632e+05	-1.397959e-02	7.283437e-02	0.000000e+00	-4.911377e+03	1.328746e+05
2.499000e-01	1.310306e+05	-1.406637e-02	7.301778e-02	0.000000e+00	-6.760772e+03	1.377914e+05
2.510900e-01	1.356777e+05	-1.415337e-02	7.320666e-02	0.000000e+00	-3.851269e+03	1.395290e+05
2.522800e-01	1.363104e+05	-1.424060e-02	7.339927e-02	0.000000e+00	-6.324250e+03	1.426347e+05
2.534700e-01	1.434340e+05	-1.432806e-02	7.359737e-02	0.000000e+00	-6.277847e+03	1.497118e+05
2.546600e-01	1.398642e+05	-1.441576e-02	7.379800e-02	0.000000e+00	-3.101652e+03	1.429658e+05
2.558500e-01	1.372802e+05	-1.450370e-02	7.399426e-02	0.000000e+00	-1.848109e+03	1.391283e+05
2.570400e-01	1.288134e+05	-1.459187e-02	7.418270e-02	0.000000e+00	-1.246296e+03	1.300597e+05
2.582300e-01	1.460149e+05	-1.468025e-02	7.437732e-02	0.000000e+00	-3.064872e+03	1.490798e+05
2.594200e-01	1.378807e+05	-1.476888e-02	7.457837e-02	0.000000e+00	-3.539769e+03	1.414205e+05
2.606100e-01	1.392578e+05	-1.485775e-02	7.477463e-02	0.000000e+00	-2.028989e+03	1.412868e+05
2.618000e-01	1.404523e+05	-1.494685e-02	7.497271e-02	0.000000e+00	-1.192152e+03	1.416444e+05
2.629900e-01	1.443827e+05	-1.503618e-02	7.517442e-02	0.000000e+00	-2.011592e+03	1.463943e+05
2.641800e-01	1.362855e+05	-1.512576e-02	7.537318e-02	0.000000e+00	-3.547589e+03	1.398331e+05
2.653700e-01	1.483153e+05	-1.521557e-02	7.557472e-02	0.000000e+00	-3.838580e+03	1.521539e+05
2.665600e-01	1.401801e+05	-1.530563e-02	7.577902e-02	0.000000e+00	-3.619500e+03	1.437996e+05
2.677500e-01	1.589182e+05	-1.539593e-02	7.599083e-02	0.000000e+00	-1.450445e+03	1.603687e+05
2.689400e-01	1.490502e+05	-1.548649e-02	7.620893e-02	0.000000e+00	-3.283081e+03	1.523333e+05
2.701300e-01	1.287493e+05	-1.557730e-02	7.640565e-02	0.000000e+00	-5.668261e+03	1.344176e+05
2.713200e-01	1.369984e+05	-1.566834e-02	7.659385e-02	0.000000e+00	-6.374645e+03	1.433731e+05
2.725100e-01	1.347812e+05	-1.575960e-02	7.678631e-02	0.000000e+00	-3.634305e+03	1.384156e+05
2.737000e-01	1.460894e+05	-1.585109e-02	7.698522e-02	0.000000e+00	-1.450663e+03	1.475400e+05
2.748900e-01	1.602993e+05	-1.594282e-02	7.720219e-02	0.000000e+00	-1.972693e+03	1.622719e+05
2.760800e-01	1.652791e+05	-1.603483e-02	7.743275e-02	0.000000e+00	-2.723241e+03	1.680023e+05
2.772700e-01	1.536585e+05	-1.612711e-02	7.765861e-02	0.000000e+00	-3.291831e+03	1.569503e+05
2.784600e-01	1.489901e+05	-1.621966e-02	7.787294e-02	0.000000e+00	-2.366924e+03	1.513570e+05
2.796500e-01	1.534749e+05	-1.631245e-02	7.808713e-02	0.000000e+00	-2.278222e+03	1.557531e+05
2.808400e-01	1.506542e+05	-1.640550e-02	7.830251e-02	0.000000e+00	-6.316526e+03	1.569707e+05
2.820300e-01	1.458066e+05	-1.649881e-02	7.851245e-02	0.000000e+00	-7.170711e+03	1.529773e+05
2.832200e-01	1.540845e+05	-1.659236e-02	7.872482e-02	0.000000e+00	-3.365637e+03	1.574502e+05
2.844100e-01	1.587409e+05	-1.668617e-02	7.894635e-02	0.000000e+00	-5.847357e+03	1.645882e+05
2.856000e-01	1.463417e+05	-1.678025e-02	7.916240e-02	0.000000e+00	-3.206829e+03	1.495485e+05
2.867900e-01	1.554179e+05	-1.687458e-02	7.937610e-02	0.000000e+00	-2.047073e+03	1.574649e+05
2.879800e-01	1.488438e+05	-1.696917e-02	7.959156e-02	0.000000e+00	-2.952244e+03	1.517961e+05
2.891700e-01	1.470170e+05	-1.706401e-02	7.980108e-02	0.000000e+00	-1.764096e+03	1.487811e+05
2.903600e-01	1.651767e+05	-1.715910e-02	8.002217e-02	0.000000e+00	-2.239930e+03	1.674166e+05
2.915500e-01	1.433130e+05	-1.725446e-02	8.024063e-02	0.000000e+00	-3.823661e+03	1.471367e+05
2.927400e-01	1.556389e+05	-1.735007e-02	8.045234e-02	0.000000e+00	-2.335159e+03	1.579740e+05
2.939300e-01	1.588535e+05	-1.744594e-02	8.067505e-02	0.000000e+00	-3.702878e+03	1.625563e+05
2.951200e-01	1.405724e+05	-1.754208e-02	8.088709e-02	0.000000e+00	-2.400334e+03	1.429728e+05
2.963100e-01	1.538730e+05	-1.763845e-02	8.109561e-02	0.000000e+00	-5.473319e+03	1.593463e+05
2.975000e-01	1.534687e+05	-1.773508e-02	8.131326e-02	0.000000e+00	-4.613312e+03	1.580820e+05
2.986900e-01	1.489394e+05	-1.783198e-02	8.152741e-02	0.000000e+00	-3.966476e+03	1.529058e+05
2.998800e-01	1.551847e+05	-1.792912e-02	8.174278e-02	0.000000e+00	-2.241409e+03	1.574261e+05
3.010700e-01	1.534948e+05	-1.802652e-02	8.196138e-02	0.000000e+00	-3.800468e+03	1.572952e+05
3.022600e-01	1.665453e+05	-1.812419e-02	8.218802e-02	0.000000e+00	-3.593265e+03	1.701386e+05
3.034500e-01	1.527071e+05	-1.822213e-02	8.241410e-02	0.000000e+00	-3.732348e+03	1.564394e+05
3.046400e-01	1.594289e+05	-1.832033e-02	8.263514e-02	0.000000e+00	-3.925771e+03	1.633546e+05
3.058300e-01	1.535857e+05	-1.841880e-02	8.285681e-02	0.000000e+00	-5.127074e+03	1.587127e+05
3.070200e-01	1.430893e+05	-1.851753e-02	8.306690e-02	0.000000e+00	-2.723849e+03	1.458131e+05
3.082100e-01	1.558014e+05	-1.861650e-02	8.327857e-02	0.000000e+00	-5.129147e+03	1.609305e+05
3.094000e-01	1.344095e+05	-1.871573e-02	8.348409e-02	0.000000e+00	-4.151061e+03	1.385606e+05
3.105900e-01	1.454850e+05	-1.881519e-02	8.368230e-02	0.000000e+00	-2.460492e+03	1.479455e+05
3.117800e-01	1.538015e+05	-1.891490e-02	8.389424e-02	0.000000e+00	-3.707129e+03	1.575086e+05
3.129700e-01	1.361328e+05	-1.901486e-02	8.409956e-02	0.000000e+00	-1.695399e+03	1.378282e+05
3.141600e-01	1.541366e+05	-1.911505e-02	8.430512e-02	0.000000e+00	-1.455438e+03	1.555921e+05
3.153500e-01	1.467284e+05	-1.921551e-02	8.451818e-02	0.000000e+00	-4.838483e+03	1.515669e+05
3.165400e-01	1.526569e+05	-1.931621e-02	8.473020e-02	0.000000e+00	-3.086227e+03	1.557431e+05
3.177300e-01	1.472564e+05	-1.941717e-02	8.494259e-02	0.000000e+00	-4.620375e+03	1.518768e+05
3.189200e-01	1.476328e+05	-1.951837e-02	8.515142e-02	0.000000e+00	-5.770467e+03	1.534033e+05
3.201100e-01	1.437289e+05	-1.961983e-02	8.535775e-02	0.000000e+00	-4.311048e+03	1.480399e+05
3.213000e-01	1.597685e+05	-1.972152e-02	8.557267e-02	0.000000e+00	-4.716362e+03	1.644849e+05
3.224900e-01	1.524964e+05	-1.982349e-02	8.579381e-02	0.000000e+00	-3.084892e+03	1.555813e+05
3.236800e-01	1.457434e+05	-1.992571e-02	8.600501e-02	0.000000e+00	-3.861900e+03	1.496053e+05
3.248700e-01	1.596520e+05	-2.002818e-02	8.622128e-02	0.000000e+00	-3.467377e+03	1.631194e+05
3.260600e-01	1.635590e+05	-2.013092e-02	8.645017e-02	0.000000e+00	-5.160527e+03	1.687195e+05
3.272500e-01	1.510050e+05	-2.023393e-02	8.667293e-02	0.000000e+00	-4.239775e+03	1.552448e+05
3.284400e-01	1.430385e+05	-2.033720e-02	8.688116e-02	0.000000e+00	-4.224008e+03	1.472625e+05
3.296300e-01	1.546017e+05	-2.044071e-02	8.709194e-02	0.000000e+00	-3.761330e+03	1.583630e+05
3.308200e-01	1.705565e+05	-2.054448e-02	8.732221e-02	0.000000e+00	-3.015952e+03	1.735725e+05
3.320100e-01	1.712762e+05	-2.064854e-02	8.756428e-02	0.000000e+00	-8.882898e+02	1.721645e+05
3.332000e-01	1.677954e+05	-2.075288e-02	8.780440e-02	0.000000e+00	-3.201321e+03	1.709967e+05
3.343900e-01	1.528422e+05	-2.085751e-02	8.803146e-02	0.000000e+00	-4.191475e+03	1.570337e+05
3.355800e-01	1.423531e+05	-2.096240e-02	8.824051e-02	0.000000e+00	-4.262487e+03	1.466156e+05
3.367700e-01	1.434261e+05	-2.106752e-02	8.844289e-02	0.000000e+00	-4.916585e+03	1.483426e+05
3.379600e-01	1.487418e+05	-2.117289e-02	8.864979e-02	0.000000e+00	-3.270601e+03	1.520124e+05
3.391500e-01	1.631140e+05	-2.127851e-02	8.887064e-02	0.000000e+00	-2.823015e+03	1.659370e+05
3.403400e-01	1.663852e+05	-2.138440e-02	8.910398e-02	0.000000e+00	-3.578499e+03	1.699637e+05
3.415300e-01	1.649032e+05	-2.149058e-02	8.933858e-02	0.000000e+00	-3.704145e+03	1.686073e+05
3.427200e-01	1.657183e+05	-2.159703e-02	8.957272e-02	0.000000e+00	-1.790848e+03	1.675091e+05
3.439100e-01	1.534078e+05	-2.170376e-02	8.979871e-02	0.000000e+00	-2.392128e+03	1.558000e+05
3.451000e-01	1.568654e+05	-2.181075e-02	9.001844e-02	0.000000e+00	-2.865313e+03	1.597307e+05
3.462900e-01	1.369914e+05	-2.191800e-02	9.022654e-02	0.000000e+00	-3.634840e+03	1.406262e+05
3.474800e-01	1.501989e+05	-2.202549e-02	9.042991e-02	0.000000e+00	-1.840578e+03	1.520395e+05
3.486700e-01	1.338737e+05	-2.213323e-02	9.063108e-02	0.000000e+00	-2.700463e+03	1.365742e+05
3.498600e-01	1.559440e+05	-2.224119e-02	9.083632e-02	0.000000e+00	-4.317113e+03	1.602611e+05
3.510500e-01	1.544452e+05	-2.234942e-02	9.105613e-02	0.000000e+00	-4.508882e+03	1.589540e+05
3.522400e-01	1.639897e+05	-2.245790e-02	9.128163e-02	0.000000e+00	-3.337523e+03	1.673272e+05
3.534300e-01	1.530537e+05	-2.256667e-02	9.150615e-02	0.000000e+00	-5.777384e+03	1.588310e+05
3.546200e-01	1.737630e+05	-2.267569e-02	9.173759e-02	0.000000e+00	-3.463083e+03	1.772261e+05
3.558100e-01	1.637571e+05	-2.278500e-02	9.197661e-02	0.000000e+00	-1.481996e+03	1.652391e+05
3.570000e-01	1.752746e+05	-2.289459e-02	9.221670e-02	0.000000e+00	-2.749551e+03	1.780241e+05
3.581900e-01	1.527945e+05	-2.300448e-02	9.244903e-02	0.000000e+00	-3.301886e+03	1.560964e+05
3.593800e-01	1.534647e+05	-2.311462e-02	9.266591e-02	0.000000e+00	-5.746458e+03	1.592112e+05
3.605700e-01	1.808552e+05	-2.322502e-02	9.290267e-02	0.000000e+00	-4.189553e+03	1.850447e+05
3.617600e-01	1.673861e+05	-2.333573e-02	9.314928e-02	0.000000e+00	-2.540974e+03	1.699271e+05
3.629500e-01	1.577772e+05	-2.344672e-02	9.337955e-02	0.000000e+00	-2.369032e+03	1.601463e+05
3.641400e-01	1.589706e+05	-2.355797e-02	9.360386e-02	0.000000e+00	-4.673785e+03	1.636444e+05
3.653300e-01	1.411945e+05	-2.366950e-02	9.381642e-02	0.000000e+00	-1.937891e+03	1.431324e+05
3.665200e-01	1.436779e+05	-2.378126e-02	9.401816e-02	0.000000e+00	-4.574587e+03	1.482525e+05
3.677100e-01	1.471901e+05	-2.389326e-02	9.422414e-02	0.000000e+00	-3.842292e+03	1.510324e+05
3.689000e-01	1.554917e+05	-2.400551e-02	9.443849e-02	0.000000e+00	-2.644346e+03	1.581360e+05
3.700900e-01	1.721102e+05	-2.411802e-02	9.467049e-02	0.000000e+00	-6.088005e+03	1.781982e+05
3.712800e-01	1.700503e+05	-2.423083e-02	9.491279e-02	0.000000e+00	-4.383405e+03	1.744337e+05
3.724700e-01	1.736193e+05	-2.434392e-02	9.515617e-02	0.000000e+00	-2.164928e+03	1.757843e+05
3.736600e-01	1.446716e+05	-2.445730e-02	9.538157e-02	0.000000e+00	-7.501994e+03	1.521736e+05
3.748500e-01	1.516525e+05	-2.457092e-02	9.559142e-02	0.000000e+00	-5.001678e+03	1.566542e+05
3.760400e-01	1.519639e+05	-2.468481e-02	9.580643e-02	0.000000e+00	-2.920245e+03	1.548841e+05
3.772300e-01	1.576945e+05	-2.479894e-02	9.602572e-02	0.000000e+00	-3.786984e+03	1.614815e+05
3.784200e-01	1.627769e+05	-2.491335e-02	9.625266e-02	0.000000e+00	-3.975793e+03	1.667527e+05
3.796100e-01	1.753675e+05	-2.502802e-02	9.649212e-02	0.000000e+00	-4.355925e+03	1.797234e+05
3.808000e-01	1.709797e+05	-2.514300e-02	9.673739e-02	0.000000e+00	-1.851003e+03	1.728307e+05
3.819900e-01	1.508622e+05	-2.525826e-02	9.696531e-02	0.000000e+00	-2.487865e+03	1.533500e+05
3.831800e-01	1.673649e+05	-2.537378e-02	9.719067e-02	0.000000e+00	-2.715834e+03	1.700808e+05
3.843700e-01	1.740385e+05	-2.548957e-02	9.743244e-02	0.000000e+00	-4.482219e+03	1.785207e+05
3.855600e-01	1.542502e+05	-2.560566e-02	9.766492e-02	0.000000e+00	-6.401657e+03	1.606518e+05
3.867500e-01	1.687320e+05	-2.572202e-02	9.789365e-02	0.000000e+00	-4.016797e+03	1.727488e+05
3.879400e-01	1.661969e+05	-2.583865e-02	9.813083e-02	0.000000e+00	-3.299405e+03	1.694963e+05
3.891300e-01	1.689161e+05	-2.595557e-02	9.836815e-02	0.000000e+00	-3.798479e+03	1.727146e+05
3.903200e-01	1.796629e+05	-2.607277e-02	9.861500e-02	0.000000e+00	-2.607832e+03	1.822707e+05
3.915100e-01	1.635494e+05	-2.619027e-02	9.885805e-02	0.000000e+00	-3.238531e+03	1.667879e+05
3.927000e-01	1.686261e+05	-2.630805e-02	9.909328e-02	0.000000e+00	-3.757217e+03	1.723833e+05
3.938900e-01	1.600160e+05	-2.642611e-02	9.932602e-02	0.000000e+00	-3.030428e+03	1.630464e+05
3.950800e-01	1.586754e+05	-2.654445e-02	9.955170e-02	0.000000e+00	-4.961143e+03	1.636366e+05
3.962700e-01	1.567589e+05	-2.666305e-02	9.977508e-02	0.000000e+00	-4.684571e+03	1.614435e+05
3.974600e-01	1.641543e+05	-2.678191e-02	1.000023e-01	0.000000e+00	-3.447396e+03	1.676017e+05
3.986500e-01	1.624996e+05	-2.690105e-02	1.002337e-01	0.000000e+00	-3.087793e+03	1.655874e+05
3.998400e-01	1.669614e+05	-2.702047e-02	1.004670e-01	0.000000e+00	-3.367513e+03	1.703289e+05
4.010300e-01	1.570761e+05	-2.714016e-02	1.006964e-01	0.000000e+00	-2.529191e+03	1.596053e+05
4.022200e-01	1.700193e+05	-2.726012e-02	1.009281e-01	0.000000e+00	-4.235657e+03	1.742549e+05
4.034100e-01	1.677291e+05	-2.738037e-02	1.011673e-01	0.000000e+00	-2.507966e+03	1.702371e+05
4.046000e-01	1.736759e+05	-2.750090e-02	1.014090e-01	0.000000e+00	-1.583388e+03	1.752593e+05
4.057900e-01	1.918290e+05	-2.762173e-02	1.016679e-01	0.000000e+00	-2.432690e+03	1.942617e+05
4.069800e-01	1.917707e+05	-2.774287e-02	1.019395e-01	0.000000e+00	-2.908045e+03	1.946787e+05
4.081700e-01	1.666793e+05	-2.786434e-02	1.021934e-01	0.000000e+00	-3.413349e+03	1.700927e+05
4.093600e-01	1.619936e+05	-2.798609e-02	1.024261e-01	0.000000e+00	-3.681862e+03	1.656754e+05
4.105500e-01	1.731931e+05	-2.810812e-02	1.026635e-01	0.000000e+00	-1.825254e+03	1.750183e+05
4.117400e-01	1.717838e+05	-2.823043e-02	1.029078e-01	0.000000e+00	-2.419008e+03	1.742028e+05
4.129300e-01	1.799351e+05	-2.835304e-02	1.031569e-01	0.000000e+00	-2.382924e+03	1.823180e+05
4.141200e-01	1.667884e+05	-2.847594e-02	1.034024e-01	0.000000e+00	-4.554304e+03	1.713427e+05
4.153100e-01	1.651589e+05	-2.859913e-02	1.036375e-01	0.000000e+00	-3.237018e+03	1.683959e+05
4.165000e-01	1.727240e+05	-2.872260e-02	1.038768e-01	0.000000e+00	-2.119643e+03	1.748436e+05
4.176900e-01	1.751334e+05	-2.884636e-02	1.041231e-01	0.000000e+00	-3.999901e+03	1.791333e+05
4.188800e-01	1.789869e+05	-2.897041e-02	1.043739e-01	0.000000e+00	-3.584142e+03	1.825711e+05
4.200700e-01	1.666698e+05	-2.909477e-02	1.046187e-01	0.000000e+00	-4.322292e+03	1.709921e+05
4.212600e-01	1.620441e+05	-2.921941e-02	1.048514e-01	0.000000e+00	-7.486056e+03	1.695302e+05
4.224500e-01	1.600006e+05	-2.934432e-02	1.050795e-01	0.000000e+00	-4.984066e+03	1.649846e+05
4.236400e-01	1.692149e+05	-2.946950e-02	1.053126e-01	0.000000e+00	-2.341361e+03	1.715562e+05
4.248300e-01	1.675250e+05	-2.959496e-02	1.055511e-01	0.000000e+00	-3.486567e+03	1.710116e+05
4.260200e-01	1.586359e+05	-2.972071e-02	1.057821e-01	0.000000e+00	-2.534572e+03	1.611704e+05
4.272100e-01	1.600641e+05	-2.984672e-02	1.060078e-01	0.000000e+00	-2.922406e+03	1.629865e+05
4.284000e-01	1.638934e+05	-2.997301e-02	1.062372e-01	0.000000e+00	-4.859323e+03	1.687528e+05
4.295900e-01	1.641567e+05	-3.009957e-02	1.064695e-01	0.000000e+00	-2.343126e+03	1.664999e+05
4.307800e-01	1.661744e+05	-3.022640e-02	1.067034e-01	0.000000e+00	-6.090632e+03	1.722650e+05
4.319700e-01	1.805797e+05	-3.035352e-02	1.069490e-01	0.000000e+00	-3.057896e+03	1.836376e+05
4.331600e-01	1.689982e+05	-3.048094e-02	1.071965e-01	0.000000e+00	-1.869294e+03	1.708675e+05
4.343500e-01	1.765096e+05	-3.060865e-02	1.074412e-01	0.000000e+00	-1.037763e+03	1.775473e+05
4.355400e-01	1.865166e+05	-3.073665e-02	1.076983e-01	0.000000e+00	-3.073902e+03	1.895905e+05
4.367300e-01	1.754047e+05	-3.086497e-02	1.079546e-01	0.000000e+00	-2.280957e+03	1.776856e+05
4.379200e-01	1.718794e+05	-3.099358e-02	1.082005e-01	0.000000e+00	-1.909797e+03	1.737892e+05
4.391100e-01	1.627477e+05	-3.112249e-02	1.084375e-01	0.000000e+00	-1.831756e+03	1.645795e+05
4.403000e-01	1.585979e+05	-3.125167e-02	1.086651e-01	0.000000e+00	-3.281241e+03	1.618792e+05
4.414900e-01	1.503873e+05	-3.138111e-02	1.088839e-01	0.000000e+00	-4.770528e+03	1.551578e+05
4.426800e-01	1.734743e+05	-3.151081e-02	1.091132e-01	0.000000e+00	-1.326469e+03	1.748008e+05
4.438700e-01	1.764979e+05	-3.164080e-02	1.093611e-01	0.000000e+00	-5.642716e+02	1.770622e+05
4.450600e-01	1.905904e+05	-3.177109e-02	1.096210e-01	0.000000e+00	-1.961850e+03	1.925522e+05
4.462500e-01	1.804842e+05	-3.190170e-02	1.098838e-01	0.000000e+00	-3.535577e+03	1.840198e+05
4.474400e-01	1.701523e+05	-3.203261e-02	1.101321e-01	0.000000e+00	-2.838426e+03	1.729907e+05
4.486300e-01	1.489054e+05	-3.216381e-02	1.103581e-01	0.000000e+00	-2.961593e+03	1.518670e+05
4.498200e-01	1.625766e+05	-3.229526e-02	1.105786e-01	0.000000e+00	-2.355232e+03	1.649319e+05
4.510100e-01	1.711282e+05	-3.242699e-02	1.108150e-01	0.000000e+00	-1.376133e+03	1.725043e+05
4.522000e-01	1.877581e+05	-3.255900e-02	1.110691e-01	0.000000e+00	-2.483401e+03	1.902415e+05
4.533900e-01	1.757552e+05	-3.269133e-02	1.113265e-01	0.000000e+00	-4.964677e+03	1.807199e+05
4.545800e-01	1.841190e+05	-3.282396e-02	1.115814e-01	0.000000e+00	-5.281194e+03	1.894002e+05
4.557700e-01	1.793383e+05	-3.295690e-02	1.118388e-01	0.000000e+00	-5.576205e+03	1.849145e+05
4.569600e-01	1.776234e+05	-3.309014e-02	1.120916e-01	0.000000e+00	-2.224967e+03	1.798484e+05
4.581500e-01	1.751243e+05	-3.322368e-02	1.123414e-01	0.000000e+00	-1.990372e+03	1.771147e+05
4.593400e-01	1.844862e+05	-3.335751e-02	1.125960e-01	0.000000e+00	-2.554262e+03	1.870404e+05
4.605300e-01	1.947990e+05	-3.349165e-02	1.128646e-01	0.000000e+00	-4.691654e+03	1.994907e+05
4.617200e-01	1.684981e+05	-3.362613e-02	1.131219e-01	0.000000e+00	-3.285037e+03	1.717831e+05
4.629100e-01	1.527439e+05	-3.376089e-02	1.133494e-01	0.000000e+00	-3.231368e+03	1.559752e+05
4.641000e-01	1.890815e+05	-3.389590e-02	1.135915e-01	0.000000e+00	-4.544540e+03	1.936260e+05
4.652900e-01	1.747443e+05	-3.403123e-02	1.138491e-01	0.000000e+00	-1.954458e+03	1.766987e+05
4.664800e-01	1.741716e+05	-3.416686e-02	1.140962e-01	0.000000e+00	-9.153449e+02	1.750869e+05
4.676700e-01	1.863436e+05	-3.430278e-02	1.143515e-01	0.000000e+00	-1.009908e+03	1.873535e+05
4.688600e-01	1.831648e+05	-3.443902e-02	1.146132e-01	0.000000e+00	-1.767953e+03	1.849327e+05
4.700500e-01	1.829684e+05	-3.457556e-02	1.148725e-01	0.000000e+00	-2.850675e+03	1.858191e+05
4.712400e-01	1.735245e+05	-3.471241e-02	1.151249e-01	0.000000e+00	-4.943309e+03	1.784678e+05
4.724300e-01	1.733667e+05	-3.484956e-02	1.153706e-01	0.000000e+00	-3.334337e+03	1.767011e+05
4.736200e-01	1.744647e+05	-3.498700e-02	1.156169e-01	0.000000e+00	-4.130253e+03	1.785950e+05
4.748100e-01	1.745342e+05	-3.512473e-02	1.158640e-01	0.000000e+00	-3.988380e+03	1.785226e+05
4.760000e-01	1.818876e+05	-3.526275e-02	1.161165e-01	0.000000e+00	-4.401492e+03	1.862891e+05
4.771900e-01	1.662566e+05	-3.540108e-02	1.163630e-01	0.000000e+00	-5.504405e+03	1.717611e+05
4.783800e-01	1.698457e+05	-3.553970e-02	1.166010e-01	0.000000e+00	-4.731593e+03	1.745773e+05
4.795700e-01	1.660593e+05	-3.567859e-02	1.168389e-01	0.000000e+00	-2.774929e+03	1.688343e+05
4.807600e-01	1.518247e+05	-3.581777e-02	1.170640e-01	0.000000e+00	-3.625225e+03	1.554499e+05
4.819500e-01	1.838652e+05	-3.595721e-02	1.173017e-01	0.000000e+00	-2.686400e+03	1.865516e+05
4.831400e-01	1.892100e+05	-3.609695e-02	1.175659e-01	0.000000e+00	-2.594159e+03	1.918042e+05
4.843300e-01	1.843123e+05	-3.623701e-02	1.178304e-01	0.000000e+00	-2.402604e+03	1.867149e+05
4.855200e-01	1.864523e+05	-3.637739e-02	1.180930e-01	0.000000e+00	-3.242362e+03	1.896946e+05
4.867100e-01	1.618704e+05	-3.651807e-02	1.183397e-01	0.000000e+00	-5.173370e+03	1.670438e+05
4.879000e-01	1.860361e+05	-3.665904e-02	1.185860e-01	0.000000e+00	-4.628274e+03	1.906643e+05
4.890900e-01	1.794400e+05	-3.680031e-02	1.188449e-01	0.000000e+00	-5.324810e+03	1.847648e+05
4.902800e-01	1.709203e+05	-3.694189e-02	1.190930e-01	0.000000e+00	-3.800322e+03	1.747206e+05
4.914700e-01	1.885853e+05	-3.708375e-02	1.193476e-01	0.000000e+00	-2.996657e+03	1.915820e+05
4.926600e-01	1.850942e+05	-3.722593e-02	1.196122e-01	0.000000e+00	-2.453965e+03	1.875482e+05
4.938500e-01	1.785782e+05	-3.736843e-02	1.198697e-01	0.000000e+00	-2.649521e+03	1.812277e+05
4.950400e-01	1.892518e+05	-3.751122e-02	1.201302e-01	0.000000e+00	-2.992853e+03	1.922446e+05
4.962300e-01	1.985036e+05	-3.765434e-02	1.204048e-01	0.000000e+00	-1.806001e+03	2.003096e+05
4.974200e-01	1.921616e+05	-3.779779e-02	1.206815e-01	0.000000e+00	-2.212972e+03	1.943745e+05
4.986100e-01	1.774928e+05	-3.794156e-02	1.209432e-01	0.000000e+00	-2.051683e+03	1.795444e+05
4.998000e-01	1.838944e+05	-3.808563e-02	1.211992e-01	0.000000e+00	-1.542823e+03	1.854372e+05
5.009900e-01	1.666056e+05	-3.823001e-02	1.214474e-01	0.000000e+00	-3.640282e+03	1.702459e+05
5.021800e-01	1.778866e+05	-3.837468e-02	1.216913e-01	0.000000e+00	-2.217476e+03	1.801041e+05
5.033700e-01	1.768866e+05	-3.851964e-02	1.219426e-01	0.000000e+00	-2.187284e+03	1.790739e+05
5.045600e-01	1.749724e+05	-3.866490e-02	1.221917e-01	0.000000e+00	-2.471808e+03	1.774442e+05
5.057500e-01	1.776837e+05	-3.881046e-02	1.224415e-01	0.000000e+00	-2.172793e+03	1.798565e+05
5.069400e-01	1.701037e+05	-3.895631e-02	1.226878e-01	0.000000e+00	-2.246038e+03	1.723498e+05
5.081300e-01	1.865727e+05	-3.910245e-02	1.229404e-01	0.000000e+00	-2.347974e+03	1.889207e+05
5.093200e-01	1.776134e+05	-3.924891e-02	1.231983e-01	0.000000e+00	-2.609274e+03	1.802226e+05
5.105100e-01	1.730263e+05	-3.939566e-02	1.234466e-01	0.000000e+00	-1.487373e+03	1.745137e+05
5.117000e-01	1.651672e+05	-3.954271e-02	1.236861e-01	0.000000e+00	-2.741919e+03	1.679091e+05
5.128900e-01	1.643894e+05	-3.969004e-02	1.239195e-01	0.000000e+00	-2.012997e+03	1.664024e+05
5.140800e-01	1.740965e+05	-3.983764e-02	1.241592e-01	0.000000e+00	-2.209801e+03	1.763063e+05
5.152700e-01	1.849550e+05	-3.998554e-02	1.244134e-01	0.000000e+00	-1.742795e+03	1.866978e+05
5.164600e-01	1.735195e+05	-4.013374e-02	1.246673e-01	0.000000e+00	-4.905219e+03	1.784247e+05
5.176500e-01	1.738353e+05	-4.028224e-02	1.249133e-01	0.000000e+00	-4.503381e+03	1.783387e+05
5.188400e-01	1.851871e+05	-4.043104e-02	1.251675e-01	0.000000e+00	-2.265716e+03	1.874529e+05
5.200300e-01	1.921912e+05	-4.058014e-02	1.254348e-01	0.000000e+00	-3.514468e+03	1.957057e+05
5.212200e-01	1.813548e+05	-4.072957e-02	1.256993e-01	0.000000e+00	-4.108706e+03	1.854635e+05
5.224100e-01	1.962062e+05	-4.087931e-02	1.259667e-01	0.000000e+00	-9.999782e+02	1.972062e+05
5.236000e-01	1.844422e+05	-4.102937e-02	1.262362e-01	0.000000e+00	-1.557293e+03	1.859995e+05
5.247900e-01	1.797073e+05	-4.117975e-02	1.264941e-01	0.000000e+00	-1.333911e+03	1.810412e+05
5.259800e-01	1.970804e+05	-4.133043e-02	1.267609e-01	0.000000e+00	-3.565209e+03	2.006456e+05
5.271700e-01	1.841352e+05	-4.148144e-02	1.270309e-01	0.000000e+00	-3.023145e+03	1.871583e+05
5.283600e-01	1.779860e+05	-4.163276e-02	1.272873e-01	0.000000e+00	-2.239050e+03	1.802250e+05
5.295500e-01	1.866597e+05	-4.178438e-02	1.275456e-01	0.000000e+00	-3.687979e+03	1.903477e+05
5.307400e-01	1.715464e+05	-4.193632e-02	1.277992e-01	0.000000e+00	-5.797459e+03	1.773438e+05
5.319300e-01	1.706130e+05	-4.208855e-02	1.280415e-01	0.000000e+00	-1.708929e+03	1.723219e+05
5.331200e-01	1.850922e+05	-4.224106e-02	1.282934e-01	0.000000e+00	-2.576656e+03	1.876689e+05
5.343100e-01	1.685195e+05	-4.239388e-02	1.285439e-01	0.000000e+00	-3.228995e+03	1.717485e+05
5.355000e-01	1.951016e+05	-4.254699e-02	1.288014e-01	0.000000e+00	-2.118066e+03	1.972196e+05
5.366900e-01	1.941449e+05	-4.270043e-02	1.290770e-01	0.000000e+00	-1.919110e+03	1.960640e+05
5.378800e-01	2.055036e+05	-4.285420e-02	1.293600e-01	0.000000e+00	-1.472872e+03	2.069765e+05
5.390700e-01	2.013246e+05	-4.300831e-02	1.296481e-01	0.000000e+00	-2.846247e+03	2.041709e+05
5.402600e-01	1.683003e+05	-4.316276e-02	1.299099e-01	0.000000e+00	-1.888029e+03	1.701883e+05
5.414500e-01	1.742560e+05	-4.331749e-02	1.301525e-01	0.000000e+00	-3.155735e+03	1.774117e+05
5.426400e-01	1.770545e+05	-4.347252e-02	1.304013e-01	0.000000e+00	-7.487483e+02	1.778033e+05
5.438300e-01	1.833900e+05	-4.362785e-02	1.306565e-01	0.000000e+00	-2.333354e+03	1.857234e+05
5.450200e-01	1.765493e+05	-4.378349e-02	1.309114e-01	0.000000e+00	-4.376685e+03	1.809260e+05
5.462100e-01	1.821608e+05	-4.393942e-02	1.311654e-01	0.000000e+00	-4.810523e+03	1.869713e+05
5.474000e-01	1.689710e+05	-4.409566e-02	1.314141e-01	0.000000e+00	-3.438561e+03	1.724096e+05
5.485900e-01	1.982967e+05	-4.425218e-02	1.316742e-01	0.000000e+00	-2.943113e+03	2.012398e+05
5.497800e-01	1.974993e+05	-4.440904e-02	1.319545e-01	0.000000e+00	-1.849373e+03	1.993487e+05
5.509700e-01	1.943476e+05	-4.456624e-02	1.322320e-01	0.000000e+00	-2.770989e+03	1.971186e+05
5.521600e-01	1.880766e+05	-4.472376e-02	1.325028e-01	0.000000e+00	-5.128357e+03	1.932049e+05
5.533500e-01	1.902847e+05	-4.488159e-02	1.327707e-01	0.000000e+00	-2.900683e+03	1.931853e+05
5.545400e-01	1.815852e+05	-4.503975e-02	1.330341e-01	0.000000e+00	-3.197286e+03	1.847825e+05
5.557300e-01	1.985471e+05	-4.519821e-02	1.333033e-01	0.000000e+00	-4.048223e+03	2.025954e+05
5.569200e-01	1.818040e+05	-4.535701e-02	1.335726e-01	0.000000e+00	-2.108373e+03	1.839124e+05
5.581100e-01	1.775123e+05	-4.551612e-02	1.338271e-01	0.000000e+00	-3.205697e+03	1.807180e+05
5.593000e-01	1.893561e+05	-4.567552e-02	1.340869e-01	0.000000e+00	-2.340969e+03	1.916971e+05
5.604900e-01	1.982608e+05	-4.583524e-02	1.343614e-01	0.000000e+00	-4.491901e+03	2.027527e+05
5.616800e-01	2.027153e+05	-4.599530e-02	1.346453e-01	0.000000e+00	-1.556653e+03	2.042719e+05
5.628700e-01	1.915455e+05	-4.615570e-02	1.349245e-01	0.000000e+00	-2.035242e+03	1.935808e+05
5.640600e-01	1.959705e+05	-4.631642e-02	1.351990e-01	0.000000e+00	-1.085866e+03	1.970563e+05
5.652500e-01	1.623436e+05	-4.647747e-02	1.354527e-01	0.000000e+00	0.000000e+00	1.623436e+05
5.664400e-01	1.807901e+05	-4.663880e-02	1.356957e-01	0.000000e+00	-8.578360e+02	1.816479e+05
5.676300e-01	1.898164e+05	-4.680043e-02	1.359581e-01	0.000000e+00	-2.187671e+03	1.920040e+05
5.688200e-01	1.832108e+05	-4.696238e-02	1.362223e-01	0.000000e+00	-2.777864e+03	1.859887e+05
5.700100e-01	1.822558e+05	-4.712464e-02	1.364811e-01	0.000000e+00	-4.775242e+03	1.870310e+05
5.712000e-01	1.791856e+05	-4.728720e-02	1.367371e-01	0.000000e+00	-3.315504e+03	1.825011e+05
5.723900e-01	1.739370e+05	-4.745007e-02	1.369872e-01	0.000000e+00	-3.174076e+03	1.771111e+05
5.735800e-01	1.951710e+05	-4.761323e-02	1.372485e-01	0.000000e+00	-2.362378e+03	1.975334e+05
5.747700e-01	1.869321e+05	-4.777672e-02	1.375191e-01	0.000000e+00	-2.237749e+03	1.891699e+05
5.759600e-01	1.878492e+05	-4.794053e-02	1.377845e-01	0.000000e+00	-4.719560e+02	1.883212e+05
5.771500e-01	1.805236e+05	-4.810465e-02	1.380454e-01	0.000000e+00	-2.872460e+03	1.833961e+05
5.783400e-01	1.769281e+05	-4.826908e-02	1.382985e-01	0.000000e+00	-1.782746e+03	1.787109e+05
5.795300e-01	1.818388e+05	-4.843380e-02	1.385526e-01	0.000000e+00	-3.492389e+03	1.853312e+05
5.807200e-01	1.859442e+05	-4.859883e-02	1.388131e-01	0.000000e+00	-1.875179e+03	1.878193e+05
5.819100e-01	1.764581e+05	-4.876418e-02	1.390697e-01	0.000000e+00	-2.223752e+03	1.786819e+05
5.831000e-01	1.735792e+05	-4.892982e-02	1.393176e-01	0.000000e+00	-2.969462e+03	1.765487e+05
5.842900e-01	1.881107e+05	-4.909575e-02	1.395737e-01	0.000000e+00	-1.572752e+03	1.896834e+05
5.854800e-01	1.989727e+05	-4.926200e-02	1.398478e-01	0.000000e+00	-1.154073e+03	2.001268e+05
5.866700e-01	1.781042e+05	-4.942859e-02	1.401149e-01	0.000000e+00	-2.754055e+03	1.808583e+05
5.878600e-01	1.918499e+05	-4.959548e-02	1.403769e-01	0.000000e+00	-1.188265e+03	1.930381e+05
5.890500e-01	1.866303e+05	-4.976269e-02	1.406449e-01	0.000000e+00	-1.423870e+03	1.880542e+05
5.902400e-01	1.751186e+05	-4.993021e-02	1.409011e-01	0.000000e+00	-1.891140e+03	1.770097e+05
5.914300e-01	1.844951e+05	-5.009803e-02	1.411557e-01	0.000000e+00	-3.110868e+03	1.876060e+05
5.926200e-01	2.009358e+05	-5.026616e-02	1.414287e-01	0.000000e+00	-2.148054e+03	2.030838e+05
5.938100e-01	2.045963e+05	-5.043463e-02	1.417159e-01	0.000000e+00	-3.138311e+03	2.077346e+05
5.950000e-01	1.869925e+05	-5.060345e-02	1.419932e-01	0.000000e+00	-3.025221e+03	1.900177e+05
5.961900e-01	1.918726e+05	-5.077258e-02	1.422615e-01	0.000000e+00	-3.330805e+03	1.952034e+05
5.973800e-01	1.737938e+05	-5.094203e-02	1.425204e-01	0.000000e+00	-1.440722e+03	1.752346e+05
5.985700e-01	1.901415e+05	-5.111177e-02	1.427781e-01	0.000000e+00	-1.699152e+03	1.918406e+05
5.997600e-01	1.840264e+05	-5.128184e-02	1.430431e-01	0.000000e+00	-1.200185e+03	1.852266e+05
6.009500e-01	1.794874e+05	-5.145222e-02	1.433005e-01	0.000000e+00	-3.171048e+03	1.826584e+05
6.021400e-01	1.942810e+05	-5.162290e-02	1.435652e-01	0.000000e+00	-2.655215e+03	1.969362e+05
6.033300e-01	2.061271e+05	-5.179390e-02	1.438488e-01	0.000000e+00	-1.365584e+03	2.074927e+05
6.045200e-01	1.823265e+05	-5.196526e-02	1.441239e-01	0.000000e+00	-2.678696e+03	1.850052e+05
6.057100e-01	1.844830e+05	-5.213692e-02	1.443836e-01	0.000000e+00	-1.205826e+03	1.856888e+05
6.069000e-01	1.859555e+05	-5.230889e-02	1.446460e-01	0.000000e+00	-3.335813e+03	1.892913e+05
6.080900e-01	1.957256e+05	-5.248117e-02	1.449163e-01	0.000000e+00	-3.066811e+03	1.987924e+05
6.092800e-01	1.792142e+05	-5.265379e-02	1.451818e-01	0.000000e+00	-6.284349e+03	1.854985e+05
6.104700e-01	1.895849e+05	-5.282671e-02	1.454430e-01	0.000000e+00	-2.813757e+03	1.923987e+05
6.116600e-01	1.826182e+05	-5.299994e-02	1.457065e-01	0.000000e+00	-1.998170e+03	1.846163e+05
6.128500e-01	1.772993e+05	-5.317349e-02	1.459614e-01	0.000000e+00	-2.944134e+03	1.802434e+05
6.140400e-01	1.870797e+05	-5.334733e-02	1.462195e-01	0.000000e+00	-2.877346e+03	1.899571e+05
6.152300e-01	1.807064e+05	-5.352149e-02	1.464799e-01	0.000000e+00	-4.787695e+03	1.854941e+05
6.164200e-01	1.676932e+05	-5.369595e-02	1.467266e-01	0.000000e+00	-3.861703e+03	1.715549e+05
6.176100e-01	1.634790e+05	-5.387070e-02	1.469612e-01	0.000000e+00	-4.027299e+03	1.675063e+05
6.188000e-01	1.909994e+05	-5.404572e-02	1.472122e-01	0.000000e+00	-3.178020e+03	1.941774e+05
6.199900e-01	1.956466e+05	-5.422106e-02	1.474860e-01	0.000000e+00	-1.589291e+03	1.972359e+05
6.211800e-01	1.768793e+05	-5.439674e-02	1.477498e-01	0.000000e+00	-1.206012e+03	1.780853e+05
6.223700e-01	1.984255e+05	-5.457271e-02	1.480156e-01	0.000000e+00	-1.811938e+03	2.002374e+05
6.235600e-01	2.267895e+05	-5.474902e-02	1.483167e-01	0.000000e+00	-1.376630e+03	2.281661e+05
6.247500e-01	2.013370e+05	-5.492570e-02	1.486199e-01	0.000000e+00	-7.616332e+02	2.020986e+05
6.259400e-01	1.812214e+05	-5.510273e-02	1.488908e-01	0.000000e+00	-2.488468e+03	1.837098e+05
6.271300e-01	1.772648e+05	-5.528006e-02	1.491447e-01	0.000000e+00	-5.066292e+03	1.823311e+05
6.283200e-01	1.778836e+05	-5.545769e-02	1.493962e-01	0.000000e+00	-2.479243e+03	1.803629e+05
6.295100e-01	1.956021e+05	-5.563563e-02	1.496607e-01	0.000000e+00	-9.690694e+02	1.965712e+05
6.307000e-01	1.833609e+05	-5.581389e-02	1.499290e-01	0.000000e+00	-1.204555e+03	1.845655e+05
6.318900e-01	1.978927e+05	-5.599246e-02	1.501990e-01	0.000000e+00	-2.227841e+03	2.001206e+05
6.330800e-01	1.997281e+05	-5.617136e-02	1.504806e-01	0.000000e+00	-2.276178e+03	2.020043e+05
6.342700e-01	1.930607e+05	-5.635060e-02	1.507588e-01	0.000000e+00	-2.857195e+03	1.959179e+05
6.354600e-01	1.963872e+05	-5.653017e-02	1.510346e-01	0.000000e+00	-9.456162e+02	1.973328e+05
6.366500e-01	1.875761e+05	-5.671006e-02	1.513065e-01	0.000000e+00	-4.433909e+03	1.920100e+05
6.378400e-01	1.844824e+05	-5.689028e-02	1.515699e-01	0.000000e+00	-1.789392e+03	1.862718e+05
6.390300e-01	1.912034e+05	-5.707080e-02	1.518360e-01	0.000000e+00	-2.385058e+03	1.935885e+05
6.402200e-01	2.110455e+05	-5.725165e-02	1.521209e-01	0.000000e+00	-2.456696e+03	2.135022e+05
6.414100e-01	2.154478e+05	-5.743285e-02	1.524229e-01	0.000000e+00	-1.019706e+03	2.164675e+05
6.426000e-01	1.871927e+05	-5.761441e-02	1.527080e-01	0.000000e+00	-4.019304e+03	1.912120e+05
6.437900e-01	1.942216e+05	-5.779629e-02	1.529781e-01	0.000000e+00	-1.768477e+03	1.959901e+05
6.449800e-01	2.062878e+05	-5.797850e-02	1.532617e-01	0.000000e+00	-5.602959e+03	2.118908e+05
6.461700e-01	1.886396e+05	-5.816106e-02	1.535414e-01	0.000000e+00	-1.748755e+03	1.903883e+05
6.473600e-01	1.674523e+05	-5.834393e-02	1.537936e-01	0.000000e+00	-2.239148e+03	1.696914e+05
6.485500e-01	1.962834e+05	-5.852708e-02	1.540512e-01	0.000000e+00	-1.968583e+03	1.982520e+05
6.497400e-01	1.711301e+05	-5.871057e-02	1.543114e-01	0.000000e+00	-3.620437e+03	1.747505e+05
6.509300e-01	1.646793e+05	-5.889435e-02	1.545492e-01	0.000000e+00	-2.200694e+03	1.668800e+05
6.521200e-01	2.015151e+05	-5.907840e-02	1.548085e-01	0.000000e+00	-1.390067e+03	2.029051e+05
6.533100e-01	1.951727e+05	-5.926279e-02	1.550894e-01	0.000000e+00	-1.762801e+03	1.969355e+05
6.545000e-01	1.967275e+05	-5.944751e-02	1.553670e-01	0.000000e+00	-2.197038e+03	1.989246e+05
6.556900e-01	2.159629e+05	-5.963256e-02	1.556592e-01	0.000000e+00	-3.388352e+03	2.193512e+05
6.568800e-01	1.804696e+05	-5.981798e-02	1.559399e-01	0.000000e+00	-1.119088e+03	1.815887e+05
6.580700e-01	1.746432e+05	-6.000370e-02	1.561914e-01	0.000000e+00	-1.565921e+03	1.762091e+05
6.592600e-01	1.832238e+05	-6.018971e-02	1.564449e-01	0.000000e+00	-1.797199e+03	1.850210e+05
6.604500e-01	1.727120e+05	-6.037604e-02	1.566969e-01	0.000000e+00	-1.636663e+03	1.743487e+05
6.616400e-01	1.843859e+05	-6.056265e-02	1.569498e-01	0.000000e+00	-1.536260e+03	1.859222e+05
6.628300e-01	2.045004e+05	-6.074958e-02	1.572252e-01	0.000000e+00	-1.521489e+03	2.060219e+05
6.640200e-01	1.752937e+05	-6.093685e-02	1.574941e-01	0.000000e+00	-4.184098e+03	1.794778e+05
6.652100e-01	1.870173e+05	-6.112442e-02	1.577507e-01	0.000000e+00	-1.774207e+03	1.887916e+05
6.664000e-01	2.053341e+05	-6.131230e-02	1.580286e-01	0.000000e+00	-8.571591e+02	2.061912e+05
6.675900e-01	2.031644e+05	-6.150052e-02	1.583179e-01	0.000000e+00	-1.417686e+03	2.045821e+05
6.687800e-01	1.918136e+05	-6.168909e-02	1.585976e-01	0.000000e+00	-2.015742e+03	1.938294e+05
6.699700e-01	1.853094e+05	-6.187799e-02	1.588646e-01	0.000000e+00	-1.448844e+03	1.867582e+05
6.711600e-01	1.916229e+05	-6.206719e-02	1.591316e-01	0.000000e+00	-2.925758e+03	1.945487e+05
6.723500e-01	1.934811e+05	-6.225672e-02	1.594043e-01	0.000000e+00	-2.316583e+03	1.957977e+05
6.735400e-01	2.073828e+05	-6.244657e-02	1.596882e-01	0.000000e+00	-1.473863e+03	2.088567e+05
6.747300e-01	2.179719e+05	-6.263678e-02	1.599894e-01	0.000000e+00	-2.054852e+03	2.200268e+05
6.759200e-01	1.957750e+05	-6.282735e-02	1.602824e-01	0.000000e+00	-2.552562e+03	1.983275e+05
6.771100e-01	1.902888e+05	-6.301825e-02	1.605558e-01	0.000000e+00	-1.355109e+01	1.903024e+05
6.783000e-01	2.067388e+05	-6.320947e-02	1.608369e-01	0.000000e+00	-1.120474e+03	2.078593e+05
6.794900e-01	1.766203e+05	-6.340104e-02	1.611084e-01	0.000000e+00	-2.910158e+03	1.795305e+05
6.806800e-01	1.957858e+05	-6.359291e-02	1.613721e-01	0.000000e+00	-1.509910e+03	1.972957e+05
6.818700e-01	2.109506e+05	-6.378511e-02	1.616602e-01	0.000000e+00	-1.644546e+03	2.125951e+05
6.830600e-01	1.918825e+05	-6.397766e-02	1.619455e-01	0.000000e+00	-2.245836e+03	1.941283e+05
6.842500e-01	2.025929e+05	-6.417054e-02	1.622248e-01	0.000000e+00	-3.338585e+03	2.059315e+05
6.854400e-01	1.998270e+05	-6.436375e-02	1.625098e-01	0.000000e+00	-1.158524e+03	2.009855e+05
6.866300e-01	1.886044e+05	-6.455731e-02	1.627849e-01	0.000000e+00	-2.487105e+03	1.910915e+05
6.878200e-01	1.827849e+05	-6.475118e-02	1.630479e-01	0.000000e+00	-2.072257e+03	1.848572e+05
6.890100e-01	1.875958e+05	-6.494536e-02	1.633102e-01	0.000000e+00	-2.439309e+03	1.900351e+05
6.902000e-01	1.837116e+05	-6.513986e-02	1.635731e-01	0.000000e+00	-4.787778e+03	1.884994e+05
6.913900e-01	1.853246e+05	-6.533467e-02	1.638344e-01	0.000000e+00	-5.642581e+03	1.909671e+05
6.925800e-01	1.933842e+05	-6.552979e-02	1.641026e-01	0.000000e+00	-2.197924e+03	1.955821e+05
6.937700e-01	1.728800e+05	-6.572523e-02	1.643620e-01	0.000000e+00	-9.566214e+02	1.738366e+05
6.949600e-01	1.986202e+05	-6.592097e-02	1.646251e-01	0.000000e+00	-1.874588e+03	2.004947e+05
6.961500e-01	2.084719e+05	-6.611704e-02	1.649134e-01	0.000000e+00	-7.254955e+02	2.091974e+05
6.973400e-01	2.126719e+05	-6.631346e-02	1.652116e-01	0.000000e+00	-7.034336e+02	2.133753e+05
6.985300e-01	1.846591e+05	-6.651024e-02	1.654930e-01	0.000000e+00	-5.009885e+02	1.851601e+05
6.997200e-01	1.699582e+05	-6.670734e-02	1.657441e-01	0.000000e+00	-3.908768e+02	1.703491e+05
7.009100e-01	1.902613e+05	-6.690471e-02	1.659992e-01	0.000000e+00	-2.648044e+03	1.929094e+05
7.021000e-01	2.167997e+05	-6.710241e-02	1.662875e-01	0.000000e+00	-1.502108e+03	2.183018e+05
7.032900e-01	2.091749e+05	-6.730048e-02	1.665891e-01	0.000000e+00	-1.607472e+03	2.107823e+05
7.044800e-01	1.735013e+05	-6.749890e-02	1.668601e-01	0.000000e+00	-2.027377e+03	1.755287e+05
7.056700e-01	1.987952e+05	-6.769761e-02	1.671238e-01	0.000000e+00	-1.574632e+03	2.003698e+05
7.068600e-01	1.800234e+05	-6.789665e-02	1.673920e-01	0.000000e+00	-3.825834e+03	1.838493e+05
7.080500e-01	1.778026e+05	-6.809600e-02	1.676454e-01	0.000000e+00	-1.657177e+03	1.794598e+05
7.092400e-01	1.855444e+05	-6.829565e-02	1.679028e-01	0.000000e+00	-7.817501e+02	1.863262e+05
7.104300e-01	1.788694e+05	-6.849561e-02	1.681608e-01	0.000000e+00	-1.985839e+03	1.808552e+05
7.116200e-01	1.967985e+05	-6.869587e-02	1.684269e-01	0.000000e+00	-2.775528e+03	1.995740e+05
7.128100e-01	1.812076e+05	-6.889646e-02	1.686945e-01	0.000000e+00	-2.774184e+03	1.839818e+05
7.140000e-01	1.768938e+05	-6.909736e-02	1.689481e-01	0.000000e+00	-3.071597e+03	1.799654e+05
7.151900e-01	2.008668e+05	-6.929856e-02	1.692157e-01	0.000000e+00	-1.601999e+03	2.024688e+05
7.163800e-01	2.056044e+05	-6.950010e-02	1.695035e-01	0.000000e+00	-9.514735e+02	2.065559e+05
7.175700e-01	1.939733e+05	-6.970198e-02	1.697865e-01	0.000000e+00	-1.131239e+03	1.951045e+05
7.187600e-01	1.878475e+05	-6.990419e-02	1.700569e-01	0.000000e+00	-4.550286e+03	1.923978e+05
7.199500e-01	1.766453e+05	-7.010671e-02	1.703150e-01	0.000000e+00	-3.773955e+03	1.804193e+05
7.211400e-01	1.758573e+05	-7.030954e-02	1.705646e-01	0.000000e+00	-2.274207e+03	1.781315e+05
7.223300e-01	1.947140e+05	-7.051266e-02	1.708270e-01	0.000000e+00	-2.107944e+03	1.968219e+05
7.235200e-01	1.909223e+05	-7.071611e-02	1.711001e-01	0.000000e+00	-2.039925e+03	1.929622e+05
7.247100e-01	2.004233e+05	-7.091988e-02	1.713773e-01	0.000000e+00	-1.998403e+03	2.024217e+05
7.259000e-01	1.995950e+05	-7.112398e-02	1.716606e-01	0.000000e+00	-2.391211e+03	2.019862e+05
7.270900e-01	2.003663e+05	-7.132843e-02	1.719438e-01	0.000000e+00	-1.985730e+03	2.023521e+05
7.282800e-01	2.002870e+05	-7.153321e-02	1.722275e-01	0.000000e+00	-2.291218e+03	2.025782e+05
7.294700e-01	1.852551e+05	-7.173833e-02	1.725005e-01	0.000000e+00	-9.236542e+02	1.861788e+05
7.306600e-01	1.994015e+05	-7.194376e-02	1.727729e-01	0.000000e+00	-1.068346e+03	2.004699e+05
7.318500e-01	1.911367e+05	-7.214953e-02	1.730495e-01	0.000000e+00	-1.647990e+03	1.927847e+05
7.330400e-01	1.957798e+05	-7.235562e-02	1.733235e-01	0.000000e+00	-1.002119e+03	1.967820e+05
7.342300e-01	1.943889e+05	-7.256204e-02	1.735998e-01	0.000000e+00	-8.007592e+02	1.951897e+05
7.354200e-01	1.946523e+05	-7.276879e-02	1.738753e-01	0.000000e+00	-3.109373e+03	1.977617e+05
7.366100e-01	1.958016e+05	-7.297586e-02	1.741518e-01	0.000000e+00	-1.932643e+03	1.977343e+05
7.378000e-01	1.862104e+05	-7.318327e-02	1.744224e-01	0.000000e+00	-1.306999e+03	1.875174e+05
7.389900e-01	1.840018e+05	-7.339099e-02	1.746845e-01	0.000000e+00	-2.199467e+03	1.862013e+05
7.401800e-01	1.995531e+05	-7.359902e-02	1.749561e-01	0.000000e+00	-1.535551e+03	2.010887e+05
7.413700e-01	2.147303e+05	-7.380738e-02	1.752495e-01	0.000000e+00	0.000000e+00	2.147303e+05
7.425600e-01	1.967510e+05	-7.401611e-02	1.755409e-01	0.000000e+00	-1.078277e+03	1.978292e+05
7.437500e-01	1.936163e+05	-7.422517e-02	1.758174e-01	0.000000e+00	-1.853302e+03	1.954696e+05
7.449400e-01	1.786011e+05	-7.443456e-02	1.760810e-01	0.000000e+00	-2.320987e+03	1.809221e+05
7.461300e-01	1.827655e+05	-7.464424e-02	1.763369e-01	0.000000e+00	-2.438397e+03	1.852039e+05
7.473200e-01	1.819180e+05	-7.485424e-02	1.765951e-01	0.000000e+00	-1.814385e+03	1.837324e+05
7.485100e-01	1.917141e+05	-7.506454e-02	1.768597e-01	0.000000e+00	-1.193598e+03	1.929077e+05
7.497000e-01	2.024008e+05	-7.527516e-02	1.771388e-01	0.000000e+00	-1.034536e+03	2.034354e+05
7.508900e-01	2.021475e+05	-7.548613e-02	1.774253e-01	0.000000e+00	-6.248546e+02	2.027724e+05
7.520800e-01	1.977905e+05	-7.569744e-02	1.777085e-01	0.000000e+00	-1.179774e+03	1.989702e+05
7.532700e-01	2.050522e+05	-7.590908e-02	1.779938e-01	0.000000e+00	-2.000799e+03	2.070530e+05
7.544600e-01	2.059290e+05	-7.612106e-02	1.782848e-01	0.000000e+00	-6.311571e+02	2.065601e+05
7.556500e-01	1.941602e+05	-7.633339e-02	1.785682e-01	0.000000e+00	-2.670175e+03	1.968303e+05
7.568400e-01	2.003127e+05	-7.654605e-02	1.788475e-01	0.000000e+00	-2.666312e+03	2.029790e+05
7.580300e-01	2.096841e+05	-7.675905e-02	1.791379e-01	0.000000e+00	-1.591797e+03	2.112759e+05
7.592200e-01	1.984982e+05	-7.697240e-02	1.794269e-01	0.000000e+00	-1.581107e+03	2.000793e+05
7.604100e-01	1.938517e+05	-7.718609e-02	1.797048e-01	0.000000e+00	-6.252776e+02	1.944770e+05
7.616000e-01	1.745411e+05	-7.740010e-02	1.799657e-01	0.000000e+00	-2.651379e+03	1.771925e+05
7.627900e-01	1.688049e+05	-7.761441e-02	1.802088e-01	0.000000e+00	-2.276388e+03	1.710813e+05
7.639800e-01	2.074572e+05	-7.782900e-02	1.804753e-01	0.000000e+00	-2.634017e+03	2.100912e+05
7.651700e-01	1.891968e+05	-7.804394e-02	1.807562e-01	0.000000e+00	-1.224493e+03	1.904213e+05
7.663600e-01	1.681629e+05	-7.825920e-02	1.810092e-01	0.000000e+00	-3.227674e+03	1.713906e+05
7.675500e-01	1.817447e+05	-7.847474e-02	1.812570e-01	0.000000e+00	-2.321662e+03	1.840663e+05
7.687400e-01	1.992646e+05	-7.869059e-02	1.815268e-01	0.000000e+00	-1.520910e+03	2.007856e+05
7.699300e-01	1.845374e+05	-7.890677e-02	1.817986e-01	0.000000e+00	-2.651188e+03	1.871886e+05
7.711200e-01	2.062351e+05	-7.912327e-02	1.820754e-01	0.000000e+00	-1.676869e+03	2.079120e+05
7.723100e-01	2.100277e+05	-7.934011e-02	1.823701e-01	0.000000e+00	-1.207265e+03	2.112350e+05
7.735000e-01	2.052163e+05	-7.955731e-02	1.826642e-01	0.000000e+00	-1.297644e+03	2.065140e+05
7.746900e-01	1.957828e+05	-7.977485e-02	1.829482e-01	0.000000e+00	-3.315653e+03	1.990985e+05
7.758800e-01	1.911111e+05	-7.999273e-02	1.832222e-01	0.000000e+00	-2.433352e+03	1.935444e+05
7.770700e-01	1.981491e+05	-8.021092e-02	1.834978e-01	0.000000e+00	-3.628840e+03	2.017779e+05
7.782600e-01	2.205616e+05	-8.042945e-02	1.837943e-01	0.000000e+00	-1.451460e+03	2.220131e+05
7.794500e-01	2.054701e+05	-8.064835e-02	1.840960e-01	0.000000e+00	-8.897360e+02	2.063599e+05
7.806400e-01	2.010132e+05	-8.086760e-02	1.843839e-01	0.000000e+00	-2.851710e+03	2.038649e+05
7.818300e-01	2.013846e+05	-8.108719e-02	1.846689e-01	0.000000e+00	-2.278410e+03	2.036630e+05
7.830200e-01	1.975056e+05	-8.130711e-02	1.849513e-01	0.000000e+00	-1.334601e+03	1.988402e+05
7.842100e-01	1.881443e+05	-8.152737e-02	1.852245e-01	0.000000e+00	-8.393107e+02	1.889836e+05
7.854000e-01	1.860449e+05	-8.174795e-02	1.854894e-01	0.000000e+00	-1.362819e+03	1.874077e+05
7.865900e-01	1.832984e+05	-8.196883e-02	1.857510e-01	0.000000e+00	-1.564144e+03	1.848625e+05
7.877800e-01	1.773022e+05	-8.219003e-02	1.860064e-01	0.000000e+00	-1.479564e+03	1.787817e+05
7.889700e-01	1.936830e+05	-8.241153e-02	1.862691e-01	0.000000e+00	-1.271958e+03	1.949550e+05
7.901600e-01	1.935999e+05	-8.263335e-02	1.865433e-01	0.000000e+00	-6.812748e+02	1.942812e+05
7.913500e-01	1.980103e+05	-8.285550e-02	1.868207e-01	0.000000e+00	-2.363536e+03	2.003739e+05
7.925400e-01	1.888197e+05	-8.307799e-02	1.870946e-01	0.000000e+00	-1.984702e+03	1.908044e+05
7.937300e-01	1.916774e+05	-8.330079e-02	1.873641e-01	0.000000e+00	-2.046573e+03	1.937240e+05
7.949200e-01	1.952124e+05	-8.352391e-02	1.876380e-01	0.000000e+00	-4.913303e+02	1.957037e+05
7.961100e-01	1.875096e+05	-8.374737e-02	1.879091e-01	0.000000e+00	-1.165364e+03	1.886750e+05
7.973000e-01	1.979061e+05	-8.397114e-02	1.881820e-01	0.000000e+00	-4.083535e+02	1.983144e+05
7.984900e-01	1.978361e+05	-8.419524e-02	1.884623e-01	0.000000e+00	-1.234390e+03	1.990705e+05
7.996800e-01	1.930665e+05	-8.441968e-02	1.887391e-01	0.000000e+00	-2.229218e+03	1.952957e+05
8.008700e-01	1.874810e+05	-8.464444e-02	1.890086e-01	0.000000e+00	-1.781059e+03	1.892620e+05
8.020600e-01	2.020053e+05	-8.486952e-02	1.892844e-01	0.000000e+00	-1.547555e+03	2.035529e+05
8.032500e-01	2.056842e+05	-8.509494e-02	1.895731e-01	0.000000e+00	-2.305461e+03	2.079897e+05
8.044400e-01	1.881390e+05	-8.532070e-02	1.898520e-01	0.000000e+00	-3.201717e+03	1.913407e+05
8.056300e-01	1.968520e+05	-8.554678e-02	1.901246e-01	0.000000e+00	-2.204868e+03	1.990568e+05
8.068200e-01	1.821031e+05	-8.577320e-02	1.903930e-01	0.000000e+00	-1.988867e+03	1.840920e+05
8.080100e-01	1.994831e+05	-8.599992e-02	1.906632e-01	0.000000e+00	-3.603498e+03	2.030866e+05
8.092000e-01	2.024694e+05	-8.622698e-02	1.909479e-01	0.000000e+00	-2.948254e+03	2.054177e+05
8.103900e-01	1.830753e+05	-8.645437e-02	1.912209e-01	0.000000e+00	-3.065061e+03	1.861404e+05
8.115800e-01	1.969542e+05	-8.668208e-02	1.914900e-01	0.000000e+00	-3.637722e+03	2.005919e+05
8.127700e-01	2.023112e+05	-8.691012e-02	1.917728e-01	0.000000e+00	-3.262126e+02	2.026374e+05
8.139600e-01	1.905263e+05	-8.713850e-02	1.920510e-01	0.000000e+00	-1.586388e+03	1.921127e+05
8.151500e-01	1.781179e+05	-8.736720e-02	1.923120e-01	0.000000e+00	-3.458381e+03	1.815763e+05
8.163400e-01	1.867373e+05	-8.759620e-02	1.925704e-01	0.000000e+00	-2.372161e+03	1.891095e+05
8.175300e-01	2.107068e+05	-8.782552e-02	1.928519e-01	0.000000e+00	-1.853758e+03	2.125606e+05
8.187200e-01	2.283309e+05	-8.805519e-02	1.931628e-01	0.000000e+00	-2.632925e+03	2.309638e+05
8.199100e-01	2.042852e+05	-8.828525e-02	1.934691e-01	0.000000e+00	-3.557248e+03	2.078425e+05
8.211000e-01	1.866314e+05	-8.851565e-02	1.937460e-01	0.000000e+00	-1.627346e+03	1.882588e+05
8.222900e-01	1.863284e+05	-8.874636e-02	1.940101e-01	0.000000e+00	-5.556634e+02	1.868841e+05
8.234800e-01	1.867140e+05	-8.897739e-02	1.942743e-01	0.000000e+00	-1.917287e+03	1.886312e+05
8.246700e-01	1.946368e+05	-8.920873e-02	1.945443e-01	0.000000e+00	-2.350805e+03	1.969876e+05
8.258600e-01	2.149511e+05	-8.944041e-02	1.948344e-01	0.000000e+00	-1.059768e+03	2.160109e+05
8.270500e-01	2.086230e+05	-8.967244e-02	1.951343e-01	0.000000e+00	-8.698891e+02	2.094928e+05
8.282400e-01	1.913515e+05	-8.990483e-02	1.954176e-01	0.000000e+00	-9.505749e+02	1.923021e+05
8.294300e-01	1.711252e+05	-9.013753e-02	1.956743e-01	0.000000e+00	-1.243910e+03	1.723691e+05
8.306200e-01	1.913942e+05	-9.037053e-02	1.959310e-01	0.000000e+00	-2.091965e+03	1.934861e+05
8.318100e-01	1.946951e+05	-9.060385e-02	1.962044e-01	0.000000e+00	-1.779002e+03	1.964741e+05
8.330000e-01	2.083063e+05	-9.083750e-02	1.964898e-01	0.000000e+00	-1.970321e+03	2.102767e+05
8.341900e-01	2.166111e+05	-9.107150e-02	1.967907e-01	0.000000e+00	-2.881308e+03	2.194924e+05
8.353800e-01	2.198058e+05	-9.130586e-02	1.970998e-01	0.000000e+00	-1.747479e+03	2.215533e+05
8.365700e-01	2.023602e+05	-9.154059e-02	1.973987e-01	0.000000e+00	-1.162851e+03	2.035231e+05
8.377600e-01	1.962177e+05	-9.177567e-02	1.976810e-01	0.000000e+00	-1.963578e+03	1.981813e+05
8.389500e-01	1.979084e+05	-9.201107e-02	1.979601e-01	0.000000e+00	-2.360183e+03	2.002686e+05
8.401400e-01	1.816858e+05	-9.224681e-02	1.982289e-01	0.000000e+00	-2.362601e+03	1.840484e+05
8.413300e-01	1.857222e+05	-9.248286e-02	1.984891e-01	0.000000e+00	-1.194373e+03	1.869166e+05
8.425200e-01	1.839221e+05	-9.271922e-02	1.987509e-01	0.000000e+00	-1.451547e+03	1.853736e+05
8.437100e-01	1.930075e+05	-9.295589e-02	1.990178e-01	0.000000e+00	-1.775860e+03	1.947834e+05
8.449000e-01	1.837337e+05	-9.319288e-02	1.992846e-01	0.000000e+00	-1.915254e+03	1.856490e+05
8.460900e-01	1.954094e+05	-9.343018e-02	1.995531e-01	0.000000e+00	-1.186269e+03	1.965957e+05
8.472800e-01	1.806735e+05	-9.366782e-02	1.998194e-01	0.000000e+00	-1.461333e+03	1.821348e+05
8.484700e-01	1.885650e+05	-9.390575e-02	2.000809e-01	0.000000e+00	-3.143702e+03	1.917087e+05
8.496600e-01	2.092837e+05	-9.414401e-02	2.003626e-01	0.000000e+00	-2.193704e+03	2.114774e+05
8.508500e-01	1.811639e+05	-9.438262e-02	2.006391e-01	0.000000e+00	-1.662099e+03	1.828260e+05
8.520400e-01	2.067259e+05	-9.462153e-02	2.009138e-01	0.000000e+00	-2.283674e+03	2.090095e+05
8.532300e-01	2.036898e+05	-9.486079e-02	2.012045e-01	0.000000e+00	-2.086193e+03	2.057760e+05
8.544200e-01	1.946318e+05	-9.510040e-02	2.014865e-01	0.000000e+00	-6.907233e+02	1.953226e+05
8.556100e-01	1.878696e+05	-9.534033e-02	2.017574e-01	0.000000e+00	-7.214447e+02	1.885910e+05
8.568000e-01	1.981788e+05	-9.558058e-02	2.020308e-01	0.000000e+00	-4.434744e+03	2.026136e+05
8.579900e-01	1.946015e+05	-9.582116e-02	2.023090e-01	0.000000e+00	-9.354013e+02	1.955369e+05
8.591800e-01	2.109223e+05	-9.606207e-02	2.025961e-01	0.000000e+00	-1.299404e+03	2.122217e+05
8.603700e-01	2.044880e+05	-9.630334e-02	2.028903e-01	0.000000e+00	-1.519475e+03	2.060074e+05
8.615600e-01	1.917835e+05	-9.654495e-02	2.031709e-01	0.000000e+00	-1.173564e+03	1.929571e+05
8.627500e-01	1.993649e+05	-9.678689e-02	2.034479e-01	0.000000e+00	-3.408852e+02	1.997058e+05
8.639400e-01	2.095496e+05	-9.702916e-02	2.037375e-01	0.000000e+00	-4.994509e+02	2.100491e+05
8.651300e-01	2.043758e+05	-9.727178e-02	2.040306e-01	0.000000e+00	-2.962093e+02	2.046720e+05
8.663200e-01	2.029436e+05	-9.751475e-02	2.043191e-01	0.000000e+00	-9.684904e+02	2.039121e+05
8.675100e-01	1.882601e+05	-9.775806e-02	2.045961e-01	0.000000e+00	-2.208269e+03	1.904684e+05
8.687000e-01	1.968736e+05	-9.800169e-02	2.048689e-01	0.000000e+00	-2.583328e+03	1.994569e+05
8.698900e-01	2.032526e+05	-9.824565e-02	2.051522e-01	0.000000e+00	-2.320253e+03	2.055729e+05
8.710800e-01	2.070754e+05	-9.848995e-02	2.054428e-01	0.000000e+00	-2.384834e+03	2.094603e+05
8.722700e-01	1.912950e+05	-9.873461e-02	2.057249e-01	0.000000e+00	-7.737704e+02	1.920688e+05
8.734600e-01	2.046946e+05	-9.897958e-02	2.060053e-01	0.000000e+00	-2.113487e+03	2.068081e+05
8.746500e-01	2.116363e+05	-9.922490e-02	2.063002e-01	0.000000e+00	-1.429215e+03	2.130655e+05
8.758400e-01	2.212985e+05	-9.947057e-02	2.066068e-01	0.000000e+00	-3.986267e+02	2.216971e+05
8.770300e-01	2.114927e+05	-9.971662e-02	2.069132e-01	0.000000e+00	-1.983911e+03	2.134766e+05
8.782200e-01	1.903166e+05	-9.996303e-02	2.071978e-01	0.000000e+00	-1.578957e+03	1.918955e+05
8.794100e-01	2.093254e+05	-1.002098e-01	2.074808e-01	0.000000e+00	-1.128716e+03	2.104541e+05
8.806000e-01	2.090794e+05	-1.004568e-01	2.077771e-01	0.000000e+00	-1.899566e+02	2.092694e+05
8.817900e-01	2.064382e+05	-1.007043e-01	2.080714e-01	0.000000e+00	-2.714456e+03	2.091526e+05
8.829800e-01	2.026387e+05	-1.009520e-01	2.083611e-01	0.000000e+00	-1.688074e+03	2.043268e+05
8.841700e-01	1.785487e+05	-1.012002e-01	2.086310e-01	0.000000e+00	-1.515516e+03	1.800642e+05
8.853600e-01	1.955637e+05	-1.014486e-01	2.088959e-01	0.000000e+00	-3.295411e+03	1.988591e+05
8.865500e-01	2.165876e+05	-1.016973e-01	2.091878e-01	0.000000e+00	-2.662219e+03	2.192498e+05
8.877400e-01	1.903253e+05	-1.019464e-01	2.094760e-01	0.000000e+00	-9.142547e+02	1.912395e+05
8.889300e-01	2.018404e+05	-1.021959e-01	2.097537e-01	0.000000e+00	-1.441602e+03	2.032820e+05
8.901200e-01	1.978987e+05	-1.024457e-01	2.100368e-01	0.000000e+00	-3.604026e+03	2.015028e+05
8.913100e-01	1.996086e+05	-1.026958e-01	2.103183e-01	0.000000e+00	-1.910712e+03	2.015193e+05
8.925000e-01	2.199074e+05	-1.029462e-01	2.106154e-01	0.000000e+00	-2.052734e+03	2.219601e+05
8.936900e-01	2.234368e+05	-1.031970e-01	2.109293e-01	0.000000e+00	-3.076309e+03	2.265132e+05
8.948800e-01	1.823836e+05	-1.034482e-01	2.112167e-01	0.000000e+00	-2.810923e+03	1.851946e+05
8.960700e-01	1.858028e+05	-1.036997e-01	2.114774e-01	0.000000e+00	-1.498449e+03	1.873013e+05
8.972600e-01	2.136641e+05	-1.039515e-01	2.117603e-01	0.000000e+00	-8.774605e+02	2.145415e+05
8.984500e-01	2.134343e+05	-1.042037e-01	2.120628e-01	0.000000e+00	-1.418065e+03	2.148523e+05
8.996400e-01	2.012362e+05	-1.044563e-01	2.123564e-01	0.000000e+00	-2.942875e+03	2.041790e+05
9.008300e-01	2.154993e+05	-1.047091e-01	2.126516e-01	0.000000e+00	-4.442156e+03	2.199414e+05
9.020200e-01	2.003325e+05	-1.049624e-01	2.129460e-01	0.000000e+00	-4.156016e+03	2.044885e+05
9.032100e-01	2.021380e+05	-1.052159e-01	2.132310e-01	0.000000e+00	-2.565900e+03	2.047039e+05
9.044000e-01	1.920792e+05	-1.054699e-01	2.135102e-01	0.000000e+00	-5.235570e+02	1.926028e+05
9.055900e-01	2.009627e+05	-1.057241e-01	2.137886e-01	0.000000e+00	-9.186454e+02	2.018813e+05
9.067800e-01	1.919346e+05	-1.059787e-01	2.140668e-01	0.000000e+00	-2.649107e+03	1.945837e+05
9.079700e-01	1.820335e+05	-1.062336e-01	2.143316e-01	0.000000e+00	-1.569675e+03	1.836032e+05
9.091600e-01	1.874150e+05	-1.064888e-01	2.145933e-01	0.000000e+00	-1.175760e+03	1.885908e+05
9.103500e-01	1.881302e+05	-1.067443e-01	2.148592e-01	0.000000e+00	-2.218078e+03	1.903482e+05
9.115400e-01	1.675910e+05	-1.070002e-01	2.151111e-01	0.000000e+00	-3.320768e+03	1.709117e+05
9.127300e-01	1.828962e+05	-1.072563e-01	2.153593e-01	0.000000e+00	-1.434198e+03	1.843304e+05
9.139200e-01	2.035660e+05	-1.075127e-01	2.156330e-01	0.000000e+00	-1.589734e+03	2.051558e+05
9.151100e-01	2.033032e+05	-1.077695e-01	2.159211e-01	0.000000e+00	-8.147266e+02	2.041180e+05
9.163000e-01	1.935769e+05	-1.080266e-01	2.162022e-01	0.000000e+00	-6.435104e+02	1.942205e+05
9.174900e-01	1.993532e+05	-1.082840e-01	2.164804e-01	0.000000e+00	-2.055487e+03	2.014087e+05
9.186800e-01	2.022409e+05	-1.085418e-01	2.167648e-01	0.000000e+00	-2.148099e+03	2.043890e+05
9.198700e-01	1.875065e+05	-1.087999e-01	2.170408e-01	0.000000e+00	-2.942442e+03	1.904490e+05
9.210600e-01	2.029009e+05	-1.090584e-01	2.173173e-01	0.000000e+00	-8.073345e+02	2.037082e+05
9.222500e-01	2.252813e+05	-1.093172e-01	2.176205e-01	0.000000e+00	-1.055796e+03	2.263371e+05
9.234400e-01	2.039373e+05	-1.095763e-01	2.179245e-01	0.000000e+00	-2.104783e+03	2.060421e+05
9.246300e-01	1.985122e+05	-1.098358e-01	2.182095e-01	0.000000e+00	-1.889072e+03	2.004013e+05
9.258200e-01	1.871086e+05	-1.100957e-01	2.184826e-01	0.000000e+00	-2.931684e+03	1.900403e+05
9.270100e-01	1.978478e+05	-1.103558e-01	2.187552e-01	0.000000e+00	-1.262363e+03	1.991102e+05
9.282000e-01	2.035998e+05	-1.106163e-01	2.190395e-01	0.000000e+00	-7.679095e+02	2.043677e+05
9.293900e-01	2.190156e+05	-1.108771e-01	2.193388e-01	0.000000e+00	-1.254137e+03	2.202697e+05
9.305800e-01	2.076225e+05	-1.111383e-01	2.196409e-01	0.000000e+00	-1.339298e+03	2.089618e+05
9.317700e-01	2.043998e+05	-1.113999e-01	2.199327e-01	0.000000e+00	-2.147849e+02	2.046146e+05
9.329600e-01	1.943107e+05	-1.116618e-01	2.202150e-01	0.000000e+00	-1.086014e+03	1.953967e+05
9.341500e-01	1.846680e+05	-1.119240e-01	2.204834e-01	0.000000e+00	-1.138057e+03	1.858060e+05
9.353400e-01	1.956550e+05	-1.121865e-01	2.207527e-01	0.000000e+00	-9.224889e+02	1.965775e+05
9.365300e-01	1.911720e+05	-1.124494e-01	2.210267e-01	0.000000e+00	-2.452536e+02	1.914172e+05
9.377200e-01	1.963312e+05	-1.127126e-01	2.213011e-01	0.000000e+00	-1.409474e+03	1.977406e+05
9.389100e-01	1.882728e+05	-1.129761e-01	2.215734e-01	0.000000e+00	-5.915177e+02	1.888643e+05
9.401000e-01	2.235927e+05	-1.132399e-01	2.218651e-01	0.000000e+00	-5.201343e+02	2.241129e+05
9.412900e-01	2.137896e+05	-1.135041e-01	2.221749e-01	0.000000e+00	-1.527755e+03	2.153174e+05
9.424800e-01	1.903336e+05	-1.137687e-01	2.224610e-01	0.000000e+00	-1.589796e+03	1.919234e+05
9.436700e-01	2.132259e+05	-1.140336e-01	2.227468e-01	0.000000e+00	-1.478507e+03	2.147044e+05
9.448600e-01	1.902061e+05	-1.142988e-01	2.230325e-01	0.000000e+00	-2.005873e+02	1.904067e+05
9.460500e-01	1.974827e+05	-1.145644e-01	2.233071e-01	0.000000e+00	-1.746476e+03	1.992292e+05
9.472400e-01	2.258072e+05	-1.148303e-01	2.236068e-01	0.000000e+00	-1.347253e+03	2.271544e+05
9.484300e-01	2.177603e+05	-1.150966e-01	2.239210e-01	0.000000e+00	-1.948288e+03	2.197086e+05
9.496200e-01	1.973026e+05	-1.153632e-01	2.242149e-01	0.000000e+00	-1.324401e+02	1.974351e+05
9.508100e-01	1.965488e+05	-1.156302e-01	2.244938e-01	0.000000e+00	-1.518154e+03	1.980670e+05
9.520000e-01	2.084206e+05	-1.158975e-01	2.247806e-01	0.000000e+00	-1.928039e+03	2.103486e+05
9.531900e-01	2.107784e+05	-1.161652e-01	2.250774e-01	0.000000e+00	-1.377038e+03	2.121554e+05
9.543800e-01	1.884724e+05	-1.164332e-01	2.253602e-01	0.000000e+00	-1.985254e+03	1.904576e+05
9.555700e-01	2.042537e+05	-1.167015e-01	2.256383e-01	0.000000e+00	-9.672508e+02	2.052209e+05
9.567600e-01	1.869609e+05	-1.169702e-01	2.259153e-01	0.000000e+00	-4.951846e+02	1.874561e+05
9.579500e-01	1.872626e+05	-1.172392e-01	2.261803e-01	0.000000e+00	0.000000e+00	1.872626e+05
9.591400e-01	1.946703e+05	-1.175085e-01	2.264508e-01	0.000000e+00	-7.899721e+02	1.954602e+05
9.603300e-01	1.900216e+05	-1.177782e-01	2.267232e-01	0.000000e+00	-2.755081e+03	1.927767e+05
9.615200e-01	1.843136e+05	-1.180481e-01	2.269883e-01	0.000000e+00	-6.566278e+02	1.849702e+05
9.627100e-01	1.983354e+05	-1.183184e-01	2.272593e-01	0.000000e+00	-5.036440e+02	1.988391e+05
9.639000e-01	1.846659e+05	-1.185890e-01	2.275305e-01	0.000000e+00	-1.473478e+03	1.861393e+05
9.650900e-01	1.855767e+05	-1.188599e-01	2.277927e-01	0.000000e+00	-3.150662e+03	1.887273e+05
9.662800e-01	2.089113e+05	-1.191311e-01	2.280721e-01	0.000000e+00	-2.050233e+03	2.109616e+05
9.674700e-01	2.068271e+05	-1.194027e-01	2.283665e-01	0.000000e+00	-1.833646e+03	2.086608e+05
9.686600e-01	2.035216e+05	-1.196747e-01	2.286571e-01	0.000000e+00	-2.770216e+03	2.062918e+05
9.698500e-01	2.183178e+05	-1.199469e-01	2.289558e-01	0.000000e+00	-1.663499e+03	2.199813e+05
9.710400e-01	1.990769e+05	-1.202196e-01	2.292514e-01	0.000000e+00	0.000000e+00	1.990769e+05
9.722300e-01	2.018198e+05	-1.204925e-01	2.295353e-01	0.000000e+00	-3.800702e+02	2.021998e+05
9.734200e-01	2.029416e+05	-1.207659e-01	2.298220e-01	0.000000e+00	-2.123899e+03	2.050655e+05
9.746100e-01	1.867208e+05	-1.210395e-01	2.300979e-01	0.000000e+00	-1.908750e+03	1.886296e+05
9.758000e-01	1.771810e+05	-1.213135e-01	2.303556e-01	0.000000e+00	-1.307055e+03	1.784880e+05
9.769900e-01	2.036047e+05	-1.215878e-01	2.306253e-01	0.000000e+00	-1.252275e+03	2.048570e+05
9.781800e-01	1.991050e+05	-1.218624e-01	2.309105e-01	0.000000e+00	-5.909768e+02	1.996960e+05
9.793700e-01	1.948159e+05	-1.221373e-01	2.311894e-01	0.000000e+00	-4.034762e+02	1.952194e+05
9.805600e-01	1.928268e+05	-1.224126e-01	2.314639e-01	0.000000e+00	-2.941404e+03	1.957682e+05
9.817500e-01	1.831116e+05	-1.226882e-01	2.317302e-01	0.000000e+00	-2.222517e+03	1.853341e+05
9.829400e-01	1.777680e+05	-1.229641e-01	2.319857e-01	0.000000e+00	-1.033138e+03	1.788011e+05
9.841300e-01	2.056240e+05	-1.232403e-01	2.322572e-01	0.000000e+00	-4.035197e+02	2.060275e+05
9.853200e-01	2.129927e+05	-1.235169e-01	2.325537e-01	0.000000e+00	-1.303933e+03	2.142967e+05
9.865100e-01	2.194015e+05	-1.237938e-01	2.328599e-01	0.000000e+00	-7.437886e+02	2.201453e+05
9.877000e-01	2.176444e+05	-1.240711e-01	2.331694e-01	0.000000e+00	-9.844803e+02	2.186289e+05
9.888900e-01	2.130796e+05	-1.243488e-01	2.334744e-01	0.000000e+00	-1.965344e+03	2.150450e+05
9.900800e-01	1.925778e+05	-1.246268e-01	2.337617e-01	0.000000e+00	-2.534232e+03	1.951120e+05
9.912700e-01	2.067232e+05	-1.249051e-01	2.340444e-01	0.000000e+00	-2.270890e+03	2.089941e+05
9.924600e-01	1.920559e+05	-1.251838e-01	2.343268e-01	0.000000e+00	-6.146782e+02	1.926706e+05
9.936500e-01	1.829583e+05	-1.254628e-01	2.345924e-01	0.000000e+00	-1.544144e+03	1.845025e+05
9.948400e-01	2.056267e+05	-1.257421e-01	2.348676e-01	0.000000e+00	-1.137415e+03	2.067641e+05
9.960300e-01	2.159563e+05	-1.260218e-01	2.351661e-01	0.000000e+00	-9.054433e+02	2.168618e+05
9.972200e-01	2.130305e+05	-1.263018e-01	2.354699e-01	0.000000e+00	-4.299408e+02	2.134605e+05
9.984100e-01	1.889836e+05	-1.265822e-01	2.357546e-01	0.000000e+00	-4.103954e+02	1.893940e+05
9.996000e-01	1.930944e+05	-1.268629e-01	2.360252e-01	0.000000e+00	-1.313211e+02	1.932257e+05
1.000790e+00	1.896245e+05	-1.271440e-01	2.362962e-01	0.000000e+00	-1.732543e+03	1.913571e+05
1.001980e+00	1.816743e+05	-1.274253e-01	2.365592e-01	0.000000e+00	-1.391994e+03	1.830663e+05
1.003170e+00	2.012455e+05	-1.277070e-01	2.368303e-01	0.000000e+00	-7.948791e+02	2.020404e+05
1.004360e+00	2.132637e+05	-1.279890e-01	2.371239e-01	0.000000e+00	-1.509436e+02	2.134146e+05
1.005550e+00	2.041022e+05	-1.282713e-01	2.374195e-01	0.000000e+00	-2.736520e+03	2.068388e+05
1.006740e+00	1.905489e+05	-1.285540e-01	2.376989e-01	0.000000e+00	-2.028075e+03	1.925770e+05
1.007930e+00	1.945858e+05	-1.288371e-01	2.379717e-01	0.000000e+00	-8.550099e+02	1.954408e+05
1.009120e+00	2.037138e+05	-1.291204e-01	2.382537e-01	0.000000e+00	-1.164107e+03	2.048779e+05
1.010310e+00	2.042061e+05	-1.294041e-01	2.385426e-01	0.000000e+00	-8.676444e+02	2.050737e+05
1.011500e+00	2.009474e+05	-1.296881e-01	2.388295e-01	0.000000e+00	-7.520055e+02	2.016994e+05
1.012690e+00	1.907135e+05	-1.299725e-01	2.391069e-01	0.000000e+00	0.000000e+00	1.907135e+05
1.013880e+00	2.067781e+05	-1.302572e-01	2.393884e-01	0.000000e+00	0.000000e+00	2.067781e+05
1.015070e+00	1.977878e+05	-1.305423e-01	2.396749e-01	0.000000e+00	-3.255931e+02	1.981134e+05
1.016260e+00	1.839097e+05	-1.308276e-01	2.399452e-01	0.000000e+00	-5.147430e+02	1.844244e+05
1.017450e+00	1.828029e+05	-1.311133e-01	2.402049e-01	0.000000e+00	-5.236602e+02	1.833266e+05
1.018640e+00	1.842209e+05	-1.313993e-01	2.404648e-01	0.000000e+00	-2.322055e+03	1.865430e+05
1.019830e+00	1.974944e+05	-1.316856e-01	2.407351e-01	0.000000e+00	-2.122223e+03	1.996166e+05
1.021020e+00	2.111293e+05	-1.319723e-01	2.410245e-01	0.000000e+00	-8.397072e+02	2.119690e+05
1.022210e+00	1.819284e+05	-1.322593e-01	2.413028e-01	0.000000e+00	-6.992026e+02	1.826276e+05
1.023400e+00	1.984726e+05	-1.325466e-01	2.415722e-01	0.000000e+00	-5.731262e+02	1.990457e+05
1.024590e+00	1.824686e+05	-1.328342e-01	2.418420e-01	0.000000e+00	-2.305509e+03	1.847741e+05
1.025780e+00	1.900619e+05	-1.331222e-01	2.421058e-01	0.000000e+00	-1.104488e+03	1.911664e+05
1.026970e+00	2.007592e+05	-1.334104e-01	2.423826e-01	0.000000e+00	-2.503409e+03	2.032626e+05
1.028160e+00	1.896034e+05	-1.336990e-01	2.426590e-01	0.000000e+00	-1.208157e+03	1.908116e+05
1.029350e+00	2.148034e+05	-1.339880e-01	2.429454e-01	0.000000e+00	-8.620311e+02	2.156654e+05
1.030540e+00	1.976064e+05	-1.342772e-01	2.432374e-01	0.000000e+00	-1.445947e+03	1.990524e+05
1.031730e+00	2.030388e+05	-1.345669e-01	2.435212e-01	0.000000e+00	-4.070020e+02	2.034458e+05
1.032920e+00	2.044575e+05	-1.348568e-01	2.438097e-01	0.000000e+00	-7.305428e+02	2.051880e+05
1.034110e+00	2.015549e+05	-1.351471e-01	2.440973e-01	0.000000e+00	-4.539202e+02	2.020089e+05
1.035300e+00	2.017657e+05	-1.354378e-01	2.443829e-01	0.000000e+00	-9.267285e+02	2.026924e+05
1.036490e+00	1.994963e+05	-1.357288e-01	2.446670e-01	0.000000e+00	-7.061254e+02	2.002024e+05
1.037680e+00	1.952685e+05	-1.360201e-01	2.449466e-01	0.000000e+00	-7.199358e+02	1.959885e+05
1.038870e+00	2.041313e+05	-1.363117e-01	2.452294e-01	0.000000e+00	-5.546347e+02	2.046860e+05
1.040060e+00	2.000153e+05	-1.366037e-01	2.455156e-01	0.000000e+00	-7.104699e+02	2.007258e+05
1.041250e+00	1.912495e+05	-1.368961e-01	2.457927e-01	0.000000e+00	-1.298662e+02	1.913793e+05
1.042440e+00	1.992714e+05	-1.371887e-01	2.460693e-01	0.000000e+00	-7.630857e+02	2.000345e+05
1.043630e+00	2.074327e+05	-1.374817e-01	2.463573e-01	0.000000e+00	-1.466753e+03	2.088994e+05
1.044820e+00	2.013787e+05	-1.377750e-01	2.466468e-01	0.000000e+00	-1.428820e+03	2.028075e+05
1.046010e+00	2.170743e+05	-1.380687e-01	2.469431e-01	0.000000e+00	-5.430212e+02	2.176173e+05
1.047200e+00	2.006486e+05	-1.383628e-01	2.472389e-01	0.000000e+00	-3.101627e+02	2.009588e+05
1.048390e+00	2.080477e+05	-1.386571e-01	2.475284e-01	0.000000e+00	-1.780950e+03	2.098286e+05
1.049580e+00	2.102926e+05	-1.389519e-01	2.478246e-01	0.000000e+00	-1.733089e+03	2.120257e+05
1.050770e+00	1.982508e+05	-1.392470e-01	2.481139e-01	0.000000e+00	-3.774798e+02	1.986283e+05
1.051960e+00	1.935796e+05	-1.395424e-01	2.483914e-01	0.000000e+00	-8.653851e+01	1.936661e+05
1.053150e+00	1.961834e+05	-1.398381e-01	2.486674e-01	0.000000e+00	-7.537976e+02	1.969372e+05
1.054340e+00	1.906952e+05	-1.401342e-01	2.489414e-01	0.000000e+00	-4.050989e+02	1.911003e+05
1.055530e+00	1.874290e+05	-1.404306e-01	2.492092e-01	0.000000e+00	-2.107059e+03	1.895360e+05
1.056720e+00	2.059990e+05	-1.407273e-01	2.494878e-01	0.000000e+00	-5.660772e+02	2.065651e+05
1.057910e+00	2.163782e+05	-1.410244e-01	2.497869e-01	0.000000e+00	-2.831096e+02	2.166613e+05
1.059100e+00	1.948278e+05	-1.413218e-01	2.500781e-01	0.000000e+00	-7.700771e+02	1.955978e+05
1.060290e+00	1.980082e+05	-1.416196e-01	2.503563e-01	0.000000e+00	-9.105952e+02	1.989188e+05
1.061480e+00	1.845290e+05	-1.419177e-01	2.506272e-01	0.000000e+00	-1.759984e+03	1.862890e+05
1.062670e+00	1.968631e+05	-1.422161e-01	2.508973e-01	0.000000e+00	-8.112244e+02	1.976743e+05
1.063860e+00	2.218681e+05	-1.425148e-01	2.511938e-01	0.000000e+00	-7.901359e+02	2.226582e+05
1.065050e+00	1.938457e+05	-1.428139e-01	2.514882e-01	0.000000e+00	0.000000e+00	1.938457e+05
1.066240e+00	1.976167e+05	-1.431134e-01	2.517654e-01	0.000000e+00	-9.812399e+02	1.985979e+05
1.067430e+00	2.087661e+05	-1.434131e-01	2.520532e-01	0.000000e+00	-2.568070e+03	2.113342e+05
1.068620e+00	2.038300e+05	-1.437132e-01	2.523454e-01	0.000000e+00	-2.464278e+03	2.062943e+05
1.069810e+00	2.037399e+05	-1.440137e-01	2.526340e-01	0.000000e+00	-1.227801e+03	2.049677e+05
1.071000e+00	2.123123e+05	-1.443145e-01	2.529287e-01	0.000000e+00	-3.216361e+02	2.126339e+05
1.072190e+00	1.902538e+05	-1.446157e-01	2.532137e-01	0.000000e+00	0.000000e+00	1.902538e+05
1.073380e+00	1.929040e+05	-1.449172e-01	2.534851e-01	0.000000e+00	0.000000e+00	1.929040e+05
1.074570e+00	1.803258e+05	-1.452190e-01	2.537494e-01	0.000000e+00	0.000000e+00	1.803258e+05
1.075760e+00	1.897720e+05	-1.455211e-01	2.540115e-01	0.000000e+00	-2.019155e+02	1.899739e+05
1.076950e+00	1.869093e+05	-1.458235e-01	2.542782e-01	0.000000e+00	-6.384206e+02	1.875477e+05
1.078140e+00	2.151924e+05	-1.461263e-01	2.545630e-01	0.000000e+00	-1.535019e+03	2.167274e+05
1.079330e+00	2.052924e+05	-1.464294e-01	2.548608e-01	0.000000e+00	-1.296010e+03	2.065884e+05
1.080520e+00	2.093662e+05	-1.467328e-01	2.551544e-01	0.000000e+00	-5.303156e+02	2.098965e+05
1.081710e+00	2.179210e+05	-1.470366e-01	2.554570e-01	0.000000e+00	-9.955913e+02	2.189166e+05
1.082900e+00	2.183358e+05	-1.473408e-01	2.557659e-01	0.000000e+00	-1.056658e+03	2.193925e+05
1.084090e+00	1.981167e+05	-1.476454e-01	2.560609e-01	0.000000e+00	-1.179672e+03	1.992964e+05
1.085280e+00	1.930484e+05	-1.479502e-01	2.563379e-01	0.000000e+00	-1.294234e+02	1.931778e+05
1.086470e+00	1.926232e+05	-1.482555e-01	2.566110e-01	0.000000e+00	0.000000e+00	1.926232e+05
1.087660e+00	2.056409e+05	-1.485610e-01	2.568930e-01	0.000000e+00	-7.796441e+02	2.064205e+05
1.088850e+00	2.102397e+05	-1.488669e-01	2.571875e-01	0.000000e+00	-3.460104e+02	2.105857e+05
1.090040e+00	1.915988e+05	-1.491731e-01	2.574721e-01	0.000000e+00	-5.550178e+02	1.921538e+05
1.091230e+00	2.013962e+05	-1.494796e-01	2.577504e-01	0.000000e+00	-6.514743e+02	2.020477e+05
1.092420e+00	2.232040e+05	-1.497865e-01	2.580511e-01	0.000000e+00	-1.029198e+03	2.242332e+05
1.093610e+00	2.053454e+05	-1.500938e-01	2.583546e-01	0.000000e+00	-6.629544e+02	2.060083e+05
1.094800e+00	2.097417e+05	-1.504014e-01	2.586485e-01	0.000000e+00	-1.567599e+03	2.113093e+05
1.095990e+00	1.890953e+05	-1.507094e-01	2.589310e-01	0.000000e+00	-3.022011e+02	1.893975e+05
1.097180e+00	1.886645e+05	-1.510177e-01	2.591985e-01	0.000000e+00	-8.285896e+02	1.894931e+05
1.098370e+00	2.134604e+05	-1.513263e-01	2.594833e-01	0.000000e+00	0.000000e+00	2.134604e+05
1.099560e+00	2.015740e+05	-1.516352e-01	2.597772e-01	0.000000e+00	-1.677323e+02	2.017418e+05
1.100750e+00	1.851037e+05	-1.519445e-01	2.600510e-01	0.000000e+00	-1.004617e+03	1.861083e+05
1.101940e+00	1.998425e+05	-1.522542e-01	2.603236e-01	0.000000e+00	-1.938263e+03	2.017807e+05
1.103130e+00	2.045522e+05	-1.525641e-01	2.606100e-01	0.000000e+00	-2.193544e+03	2.067458e+05
1.104320e+00	2.057079e+05	-1.528744e-01	2.609005e-01	0.000000e+00	-1.532511e+03	2.072404e+05
1.105510e+00	2.018081e+05	-1.531851e-01	2.611891e-01	0.000000e+00	-7.263574e+02	2.025345e+05
1.106700e+00	1.813374e+05	-1.534960e-01	2.614604e-01	0.000000e+00	0.000000e+00	1.813374e+05
1.107890e+00	1.778771e+05	-1.538073e-01	2.617148e-01	0.000000e+00	0.000000e+00	1.778771e+05
1.109080e+00	2.129961e+05	-1.541189e-01	2.619916e-01	0.000000e+00	-6.907549e+02	2.136869e+05
1.110270e+00	2.177303e+05	-1.544309e-01	2.622966e-01	0.000000e+00	-7.008334e+02	2.184311e+05
1.111460e+00	2.017528e+05	-1.547432e-01	2.625937e-01	0.000000e+00	-2.890840e+02	2.020419e+05
1.112650e+00	2.090491e+05	-1.550559e-01	2.628846e-01	0.000000e+00	-1.441026e+03	2.104901e+05
1.113840e+00	2.143005e+05	-1.553689e-01	2.631844e-01	0.000000e+00	-1.920319e+03	2.162208e+05
1.115030e+00	2.065067e+05	-1.556822e-01	2.634824e-01	0.000000e+00	0.000000e+00	2.065067e+05
1.116220e+00	1.963055e+05	-1.559959e-01	2.637677e-01	0.000000e+00	0.000000e+00	1.963055e+05
1.117410e+00	1.957620e+05	-1.563100e-01	2.640453e-01	0.000000e+00	-8.445961e+02	1.966066e+05
1.118600e+00	1.906698e+05	-1.566244e-01	2.643190e-01	0.000000e+00	-1.504391e+03	1.921742e+05
1.119790e+00	1.815869e+05	-1.569391e-01	2.645826e-01	0.000000e+00	-7.376295e+02	1.823245e+05
1.120980e+00	1.842307e+05	-1.572541e-01	2.648417e-01	0.000000e+00	-1.115064e+03	1.853458e+05
1.122170e+00	2.036634e+05	-1.575694e-01	2.651164e-01	0.000000e+00	-1.324192e+02	2.037958e+05
1.123360e+00	2.067247e+05	-1.578851e-01	2.654070e-01	0.000000e+00	-7.079169e+02	2.074326e+05
1.124550e+00	1.928733e+05	-1.582011e-01	2.656900e-01	0.000000e+00	-1.029954e+03	1.939032e+05
1.125740e+00	1.994703e+05	-1.585174e-01	2.659678e-01	0.000000e+00	-7.622053e+02	2.002325e+05
1.126930e+00	2.141231e+05	-1.588341e-01	2.662607e-01	0.000000e+00	-7.288490e+02	2.148520e+05
1.128120e+00	2.044712e+05	-1.591511e-01	2.665571e-01	0.000000e+00	0.000000e+00	2.044712e+05
1.129310e+00	1.881172e+05	-1.594685e-01	2.668351e-01	0.000000e+00	0.000000e+00	1.881172e+05
1.130500e+00	2.027041e+05	-1.597862e-01	2.671119e-01	0.000000e+00	0.000000e+00	2.027041e+05
1.131690e+00	1.980174e+05	-1.601042e-01	2.673957e-01	0.000000e+00	0.000000e+00	1.980174e+05
1.132880e+00	1.894756e+05	-1.604226e-01	2.676701e-01	0.000000e+00	0.000000e+00	1.894756e+05
1.134070e+00	1.944703e+05	-1.607413e-01	2.679420e-01	0.000000e+00	-3.276801e+02	1.947980e+05
1.135260e+00	1.968640e+05	-1.610603e-01	2.682191e-01	0.000000e+00	-1.227370e+03	1.980913e+05
1.136450e+00	2.038338e+05	-1.613796e-01	2.685029e-01	0.000000e+00	-1.616333e+03	2.054501e+05
1.137640e+00	1.840792e+05	-1.616993e-01	2.687776e-01	0.000000e+00	-1.030298e+03	1.851095e+05
1.138830e+00	2.057622e+05	-1.620193e-01	2.690537e-01	0.000000e+00	0.000000e+00	2.057622e+05
1.140020e+00	2.094449e+05	-1.623397e-01	2.693477e-01	0.000000e+00	0.000000e+00	2.094449e+05
1.141210e+00	2.060560e+05	-1.626604e-01	2.696419e-01	0.000000e+00	-5.546900e+02	2.066107e+05
1.142400e+00	2.098671e+05	-1.629814e-01	2.699365e-01	0.000000e+00	-1.285991e+03	2.111531e+05
1.143590e+00	2.056553e+05	-1.633028e-01	2.702307e-01	0.000000e+00	-8.456513e+02	2.065009e+05
1.144780e+00	1.942435e+05	-1.636246e-01	2.705139e-01	0.000000e+00	-1.350969e+03	1.955944e+05
1.145970e+00	1.911721e+05	-1.639466e-01	2.707869e-01	0.000000e+00	-1.643794e+02	1.913365e+05
1.147160e+00	2.036324e+05	-1.642690e-01	2.710665e-01	0.000000e+00	0.000000e+00	2.036324e+05
1.148350e+00	1.973444e+05	-1.645918e-01	2.713504e-01	0.000000e+00	0.000000e+00	1.973444e+05
1.149540e+00	1.879911e+05	-1.649148e-01	2.716233e-01	0.000000e+00	0.000000e+00	1.879911e+05
1.150730e+00	1.985936e+05	-1.652382e-01	2.718971e-01	0.000000e+00	0.000000e+00	1.985936e+05
1.151920e+00	1.982716e+05	-1.655620e-01	2.721781e-01	0.000000e+00	0.000000e+00	1.982716e+05
1.153110e+00	2.099914e+05	-1.658860e-01	2.724672e-01	0.000000e+00	0.000000e+00	2.099914e+05
1.154300e+00	1.912833e+05	-1.662104e-01	2.727514e-01	0.000000e+00	0.000000e+00	1.912833e+05
1.155490e+00	1.891694e+05	-1.665352e-01	2.730208e-01	0.000000e+00	-8.193031e+02	1.899887e+05
1.156680e+00	2.162379e+05	-1.668602e-01	2.733079e-01	0.000000e+00	-4.345541e+02	2.166725e+05
1.157870e+00	2.129724e+05	-1.671856e-01	2.736119e-01	0.000000e+00	-2.771312e+03	2.157437e+05
1.159060e+00	2.258751e+05	-1.675114e-01	2.739226e-01	0.000000e+00	-4.983763e+02	2.263734e+05
1.160250e+00	2.037428e+05	-1.678376e-01	2.742269e-01	0.000000e+00	-1.098334e+03	2.048412e+05
1.161440e+00	1.981065e+05	-1.681641e-01	2.745115e-01	0.000000e+00	-2.604739e+02	1.983670e+05
1.162630e+00	2.027240e+05	-1.684909e-01	2.747953e-01	0.000000e+00	0.000000e+00	2.027240e+05
1.163820e+00	2.065882e+05	-1.688181e-01	2.750852e-01	0.000000e+00	0.000000e+00	2.065882e+05
1.165010e+00	1.990252e+05	-1.691456e-01	2.753724e-01	0.000000e+00	-1.025680e+03	2.000509e+05
1.166200e+00	2.066249e+05	-1.694735e-01	2.756597e-01	0.000000e+00	-6.549920e+02	2.072799e+05
1.167390e+00	1.949728e+05	-1.698017e-01	2.759441e-01	0.000000e+00	0.000000e+00	1.949728e+05
1.168580e+00	2.092937e+05	-1.701302e-01	2.762304e-01	0.000000e+00	0.000000e+00	2.092937e+05
1.169770e+00	1.981955e+05	-1.704591e-01	2.765189e-01	0.000000e+00	0.000000e+00	1.981955e+05
1.170960e+00	1.780289e+05	-1.707883e-01	2.767854e-01	0.000000e+00	0.000000e+00	1.780289e+05
1.172150e+00	1.846905e+05	-1.711179e-01	2.770422e-01	0.000000e+00	-1.104115e+03	1.857946e+05
1.173340e+00	1.873351e+05	-1.714477e-01	2.773057e-01	0.000000e+00	-5.765569e+02	1.879117e+05
1.174530e+00	1.986114e+05	-1.717778e-01	2.775790e-01	0.000000e+00	-4.645012e+02	1.990759e+05
1.175720e+00	2.043802e+05	-1.721083e-01	2.778644e-01	0.000000e+00	-3.758349e+02	2.047560e+05
1.176910e+00	1.899076e+05	-1.724392e-01	2.781436e-01	0.000000e+00	0.000000e+00	1.899076e+05
1.178100e+00	1.813012e+05	-1.727703e-01	2.784065e-01	0.000000e+00	0.000000e+00	1.813012e+05
1.179290e+00	1.975146e+05	-1.731018e-01	2.786747e-01	0.000000e+00	0.000000e+00	1.975146e+05
1.180480e+00	1.923854e+05	-1.734336e-01	2.789509e-01	0.000000e+00	0.000000e+00	1.923854e+05
1.181670e+00	1.991125e+05	-1.737657e-01	2.792281e-01	0.000000e+00	0.000000e+00	1.991125e+05
1.182860e+00	1.992887e+05	-1.740981e-01	2.795102e-01	0.000000e+00	0.000000e+00	1.992887e+05
1.184050e+00	1.970435e+05	-1.744309e-01	2.797909e-01	0.000000e+00	0.000000e+00	1.970435e+05
1.185240e+00	2.146959e+05	-1.747640e-01	2.800825e-01	0.000000e+00	-8.271352e+01	2.147787e+05
1.186430e+00	2.064965e+05	-1.750975e-01	2.803808e-01	0.000000e+00	-7.576226e+02	2.072542e+05
1.187620e+00	1.993995e+05	-1.754313e-01	2.806682e-01	0.000000e+00	0.000000e+00	1.993995e+05
1.188810e+00	2.012310e+05	-1.757655e-01	2.809519e-01	0.000000e+00	0.000000e+00	2.012310e+05
1.190000e+00	1.042108e+05	-1.761000e-01	2.811682e-01	0.000000e+00	0.000000e+00	1.042108e+05
