#x	rho	phi	ex	bz	rhok[0]	rhok[1]
0.000000e+00	-4.816579e+03	0.000000e+00	5.006891e-02	0.000000e+00	-4.816579e+03	0.000000e+00
1.190000e-03	-5.178292e+03	-5.957794e-05	5.006183e-02	0.000000e+00	-6.778514e+03	1.600222e+03
2.380000e-03	1.597207e+03	-1.191472e-04	5.005930e-02	0.000000e+00	-4.723004e+03	6.320211e+03
3.570000e-03	4.517513e+03	-1.787191e-04	5.006363e-02	0.000000e+00	-5.984882e+03	1.050239e+04
4.760000e-03	3.476443e+03	-2.382986e-04	5.006929e-02	0.000000e+00	-6.797854e+03	1.027430e+04
5.950000e-03	4.279408e+03	-2.978840e-04	5.007478e-02	0.000000e+00	-6.399879e+03	1.067929e+04
7.140000e-03	1.397625e+04	-3.574766e-04	5.008771e-02	0.000000e+00	-5.173368e+03	1.914962e+04
8.330000e-03	1.566903e+04	-4.170927e-04	5.010870e-02	0.000000e+00	-5.048816e+03	2.071785e+04
9.520000e-03	1.145760e+04	-4.767353e-04	5.012791e-02	0.000000e+00	-3.779715e+03	1.523731e+04
1.071000e-02	9.387937e+03	-5.363971e-04	5.014267e-02	0.000000e+00	-7.488015e+03	1.687595e+04
1.190000e-02	1.537702e+04	-5.960748e-04	5.016021e-02	0.000000e+00	-3.520371e+03	1.889739e+04
1.309000e-02	2.065892e+04	-6.557784e-04	5.018573e-02	0.000000e+00	-4.092515e+03	2.475144e+04
1.428000e-02	2.389033e+04	-7.155169e-04	5.021728e-02	0.000000e+00	-6.008803e+03	2.989913e+04
1.547000e-02	2.228712e+04	-7.752956e-04	5.024998e-02	0.000000e+00	-2.681744e+03	2.496886e+04
1.666000e-02	1.774773e+04	-8.351118e-04	5.027833e-02	0.000000e+00	-3.665982e+03	2.141371e+04
1.785000e-02	2.704289e+04	-8.949580e-04	5.031005e-02	0.000000e+00	-4.887351e+03	3.193024e+04
1.904000e-02	3.256259e+04	-9.548497e-04	5.035226e-02	0.000000e+00	-3.901864e+03	3.646445e+04
2.023000e-02	3.646346e+04	-1.014796e-03	5.040114e-02	0.000000e+00	-2.444999e+03	3.890846e+04
2.142000e-02	4.243333e+04	-1.074804e-03	5.045701e-02	0.000000e+00	-1.797066e+03	4.423039e+04
2.261000e-02	3.015039e+04	-1.134884e-03	5.050842e-02	0.000000e+00	-5.046076e+03	3.519647e+04
2.380000e-02	2.547205e+04	-1.195014e-03	5.054781e-02	0.000000e+00	-7.632329e+03	3.310438e+04
2.499000e-02	4.011596e+04	-1.255188e-03	5.059425e-02	0.000000e+00	-3.637514e+03	4.375347e+04
2.618000e-02	3.752582e+04	-1.315429e-03	5.064924e-02	0.000000e+00	-5.254602e+03	4.278042e+04
2.737000e-02	4.108252e+04	-1.375733e-03	5.070490e-02	0.000000e+00	-6.842951e+03	4.792547e+04
2.856000e-02	4.285163e+04	-1.436106e-03	5.076434e-02	0.000000e+00	-3.044804e+03	4.589643e+04
2.975000e-02	3.037595e+04	-1.496552e-03	5.081620e-02	0.000000e+00	-5.910442e+03	3.628639e+04
3.094000e-02	2.685404e+04	-1.557049e-03	5.085673e-02	0.000000e+00	-7.538505e+03	3.439254e+04
3.213000e-02	4.123711e+04	-1.617591e-03	5.090495e-02	0.000000e+00	-3.501118e+03	4.473822e+04
3.332000e-02	3.563616e+04	-1.678203e-03	5.095939e-02	0.000000e+00	-3.731168e+03	3.936733e+04
3.451000e-02	4.503624e+04	-1.738875e-03	5.101652e-02	0.000000e+00	-6.474280e+03	5.151052e+04
3.570000e-02	5.168580e+04	-1.799622e-03	5.108501e-02	0.000000e+00	-4.213913e+03	5.589971e+04
3.689000e-02	4.844574e+04	-1.860457e-03	5.115592e-02	0.000000e+00	-7.439083e+03	5.588483e+04
3.808000e-02	3.564922e+04	-1.921373e-03	5.121547e-02	0.000000e+00	-9.260253e+03	4.490947e+04
3.927000e-02	4.768219e+04	-1.982350e-03	5.127449e-02	0.000000e+00	-5.874386e+03	5.355658e+04
4.046000e-02	4.614841e+04	-2.043406e-03	5.134093e-02	0.000000e+00	-5.252539e+03	5.140095e+04
4.165000e-02	5.178073e+04	-2.104541e-03	5.141028e-02	0.000000e+00	-4.865309e+03	5.664604e+04
4.284000e-02	4.513117e+04	-2.165763e-03	5.147891e-02	0.000000e+00	-6.790631e+03	5.192180e+04
4.403000e-02	5.158114e+04	-2.227061e-03	5.154740e-02	0.000000e+00	-7.211775e+03	5.879291e+04
4.522000e-02	5.467513e+04	-2.288446e-03	5.162265e-02	0.000000e+00	-4.496552e+03	5.917168e+04
4.641000e-02	4.474875e+04	-2.349923e-03	5.169306e-02	0.000000e+00	-5.908561e+03	5.065731e+04
4.760000e-02	5.023314e+04	-2.411475e-03	5.176032e-02	0.000000e+00	-3.399350e+03	5.363250e+04
4.879000e-02	6.182011e+04	-2.473112e-03	5.183967e-02	0.000000e+00	-2.545610e+03	6.436572e+04
4.998000e-02	4.960969e+04	-2.534854e-03	5.191858e-02	0.000000e+00	-4.477449e+03	5.408714e+04
5.117000e-02	6.336514e+04	-2.596679e-03	5.199859e-02	0.000000e+00	-6.548022e+03	6.991317e+04
5.236000e-02	6.050723e+04	-2.658610e-03	5.208631e-02	0.000000e+00	-3.232876e+03	6.374010e+04
5.355000e-02	5.772646e+04	-2.720644e-03	5.217004e-02	0.000000e+00	-5.843361e+03	6.356982e+04
5.474000e-02	6.318266e+04	-2.782775e-03	5.225566e-02	0.000000e+00	-3.722711e+03	6.690537e+04
5.593000e-02	5.487799e+04	-2.845012e-03	5.233927e-02	0.000000e+00	-4.301427e+03	5.917942e+04
5.712000e-02	5.788696e+04	-2.907342e-03	5.241912e-02	0.000000e+00	-5.027172e+03	6.291413e+04
5.831000e-02	6.306011e+04	-2.969770e-03	5.250477e-02	0.000000e+00	-2.466736e+03	6.552684e+04
5.950000e-02	5.434633e+04	-3.032304e-03	5.258792e-02	0.000000e+00	-3.503511e+03	5.784984e+04
6.069000e-02	6.494455e+04	-3.094929e-03	5.267240e-02	0.000000e+00	-6.745778e+03	7.169032e+04
6.188000e-02	4.588611e+04	-3.157664e-03	5.275088e-02	0.000000e+00	-9.941752e+03	5.582786e+04
6.307000e-02	5.812369e+04	-3.220476e-03	5.282454e-02	0.000000e+00	-5.726020e+03	6.384971e+04
6.426000e-02	6.286041e+04	-3.283387e-03	5.291021e-02	0.000000e+00	-5.275050e+03	6.813546e+04
6.545000e-02	6.147122e+04	-3.346403e-03	5.299826e-02	0.000000e+00	-1.975229e+03	6.344645e+04
6.664000e-02	6.681881e+04	-3.409522e-03	5.308911e-02	0.000000e+00	-1.830023e+03	6.864883e+04
6.783000e-02	5.987946e+04	-3.472755e-03	5.317884e-02	0.000000e+00	-2.944925e+03	6.282438e+04
6.902000e-02	7.029864e+04	-3.536088e-03	5.327102e-02	0.000000e+00	-6.595108e+03	7.689375e+04
7.021000e-02	7.742729e+04	-3.599540e-03	5.337564e-02	0.000000e+00	-3.612249e+03	8.103954e+04
7.140000e-02	7.065087e+04	-3.663122e-03	5.348050e-02	0.000000e+00	-6.159290e+03	7.681016e+04
7.259000e-02	5.484088e+04	-3.726823e-03	5.356937e-02	0.000000e+00	-3.371652e+03	5.821253e+04
7.378000e-02	6.365800e+04	-3.790617e-03	5.365329e-02	0.000000e+00	-5.023652e+03	6.868166e+04
7.497000e-02	7.068162e+04	-3.854518e-03	5.374842e-02	0.000000e+00	-7.780263e+03	7.846189e+04
7.616000e-02	6.573615e+04	-3.918538e-03	5.384503e-02	0.000000e+00	-5.209180e+03	7.094533e+04
7.735000e-02	8.148138e+04	-3.982669e-03	5.394928e-02	0.000000e+00	-3.183081e+03	8.466446e+04
7.854000e-02	8.391367e+04	-4.046938e-03	5.406641e-02	0.000000e+00	-3.926246e+03	8.783992e+04
7.973000e-02	7.653331e+04	-4.111347e-03	5.418003e-02	0.000000e+00	-2.337537e+03	7.887085e+04
8.092000e-02	8.286982e+04	-4.175886e-03	5.429292e-02	0.000000e+00	-3.526280e+03	8.639610e+04
8.211000e-02	7.478894e+04	-4.240565e-03	5.440456e-02	0.000000e+00	-1.455785e+03	7.624472e+04
8.330000e-02	7.072364e+04	-4.305369e-03	5.450761e-02	0.000000e+00	-3.461718e+03	7.418536e+04
8.449000e-02	7.466926e+04	-4.370293e-03	5.461057e-02	0.000000e+00	-3.828597e+03	7.849785e+04
8.568000e-02	8.277170e+04	-4.435342e-03	5.472207e-02	0.000000e+00	-5.765214e+03	8.853692e+04
8.687000e-02	8.109375e+04	-4.500531e-03	5.483811e-02	0.000000e+00	-5.414933e+03	8.650869e+04
8.806000e-02	9.044390e+04	-4.565857e-03	5.495959e-02	0.000000e+00	-5.857650e+03	9.630155e+04
8.925000e-02	7.165937e+04	-4.631335e-03	5.507438e-02	0.000000e+00	-6.169462e+03	7.782883e+04
9.044000e-02	6.491380e+04	-4.696934e-03	5.517110e-02	0.000000e+00	-7.044715e+03	7.195851e+04
9.163000e-02	7.586912e+04	-4.762642e-03	5.527080e-02	0.000000e+00	-5.000320e+03	8.086945e+04
9.282000e-02	8.581832e+04	-4.828478e-03	5.538530e-02	0.000000e+00	-3.198420e+03	8.901674e+04
9.401000e-02	7.857809e+04	-4.894459e-03	5.550172e-02	0.000000e+00	-3.408859e+03	8.198695e+04
9.520000e-02	8.083921e+04	-4.960572e-03	5.561461e-02	0.000000e+00	-6.117113e+03	8.695632e+04
9.639000e-02	1.013225e+05	-5.026822e-03	5.574361e-02	0.000000e+00	-6.798520e+03	1.081210e+05
9.758000e-02	8.244754e+04	-5.093242e-03	5.587375e-02	0.000000e+00	-5.061006e+03	8.750855e+04
9.877000e-02	9.516004e+04	-5.159802e-03	5.599953e-02	0.000000e+00	-2.736503e+03	9.789654e+04
9.996000e-02	9.035490e+04	-5.226521e-03	5.613090e-02	0.000000e+00	-5.568472e+03	9.592337e+04
1.011500e-01	8.477919e+04	-5.293393e-03	5.625493e-02	0.000000e+00	-3.223474e+03	8.800267e+04
1.023400e-01	8.476941e+04	-5.360408e-03	5.637499e-02	0.000000e+00	-3.329530e+03	8.809894e+04
1.035300e-01	9.860773e+04	-5.427566e-03	5.650486e-02	0.000000e+00	-2.121178e+03	1.007289e+05
1.047200e-01	8.636888e+04	-5.494889e-03	5.663585e-02	0.000000e+00	-6.391383e+03	9.276026e+04
1.059100e-01	8.763628e+04	-5.562359e-03	5.675907e-02	0.000000e+00	-9.060985e+03	9.669726e+04
1.071000e-01	8.337065e+04	-5.629976e-03	5.688017e-02	0.000000e+00	-7.701282e+03	9.107193e+04
1.082900e-01	8.350890e+04	-5.697734e-03	5.699835e-02	0.000000e+00	-4.879899e+03	8.838880e+04
1.094800e-01	7.429003e+04	-5.765632e-03	5.711010e-02	0.000000e+00	-6.033550e+03	8.032358e+04
1.106700e-01	8.149317e+04	-5.833656e-03	5.722042e-02	0.000000e+00	-4.640423e+03	8.613360e+04
1.118600e-01	8.446551e+04	-5.901817e-03	5.733795e-02	0.000000e+00	-5.251633e+03	8.971715e+04
1.130500e-01	8.564175e+04	-5.970120e-03	5.745841e-02	0.000000e+00	-5.523214e+03	9.116497e+04
1.142400e-01	1.010290e+05	-6.038568e-03	5.759060e-02	0.000000e+00	-4.401890e+03	1.054309e+05
1.154300e-01	9.372591e+04	-6.107186e-03	5.772852e-02	0.000000e+00	-3.426893e+03	9.715280e+04
1.166200e-01	8.498847e+04	-6.175962e-03	5.785508e-02	0.000000e+00	-4.834758e+03	8.982322e+04
1.178100e-01	8.038690e+04	-6.244881e-03	5.797220e-02	0.000000e+00	-5.415882e+03	8.580278e+04
1.190000e-01	1.068550e+05	-6.313935e-03	5.810479e-02	0.000000e+00	-4.102590e+03	1.109576e+05
1.201900e-01	1.164191e+05	-6.383170e-03	5.826291e-02	0.000000e+00	-2.581255e+03	1.190004e+05
1.213800e-01	1.105143e+05	-6.452601e-03	5.842361e-02	0.000000e+00	-3.936832e+03	1.144511e+05
1.225700e-01	1.008200e+05	-6.522218e-03	5.857327e-02	0.000000e+00	-5.732317e+03	1.065523e+05
1.237600e-01	9.400790e+04	-6.592006e-03	5.871124e-02	0.000000e+00	-3.806582e+03	9.781448e+04
1.249500e-01	1.008224e+05	-6.661951e-03	5.884922e-02	0.000000e+00	-5.229997e+03	1.060524e+05
1.261400e-01	1.035688e+05	-6.732067e-03	5.899396e-02	0.000000e+00	-5.367991e+03	1.089368e+05
1.273300e-01	9.685725e+04	-6.802357e-03	5.913589e-02	0.000000e+00	-2.212000e+03	9.906925e+04
1.285200e-01	1.092720e+05	-6.872810e-03	5.928187e-02	0.000000e+00	-6.089764e+03	1.153618e+05
1.297100e-01	8.849889e+04	-6.943448e-03	5.942192e-02	0.000000e+00	-5.297329e+03	9.379622e+04
1.309000e-01	1.037376e+05	-7.014234e-03	5.955806e-02	0.000000e+00	-3.382515e+03	1.071201e+05
1.320900e-01	1.177487e+05	-7.085196e-03	5.971491e-02	0.000000e+00	-2.575128e+03	1.203238e+05
1.332800e-01	1.108293e+05	-7.156356e-03	5.987678e-02	0.000000e+00	-3.479719e+03	1.143090e+05
1.344700e-01	1.019408e+05	-7.227703e-03	6.002745e-02	0.000000e+00	-3.598181e+03	1.055390e+05
1.356600e-01	8.351873e+04	-7.299221e-03	6.015879e-02	0.000000e+00	-4.308069e+03	8.782680e+04
1.368500e-01	1.033659e+05	-7.370880e-03	6.029113e-02	0.000000e+00	-4.528917e+03	1.078949e+05
1.380400e-01	1.039960e+05	-7.442714e-03	6.043798e-02	0.000000e+00	-1.862635e+03	1.058586e+05
1.392300e-01	1.038247e+05	-7.514723e-03	6.058515e-02	0.000000e+00	-2.929897e+03	1.067546e+05
1.404200e-01	1.117887e+05	-7.586907e-03	6.073784e-02	0.000000e+00	-1.968049e+03	1.137568e+05
1.416100e-01	1.066377e+05	-7.659279e-03	6.089252e-02	0.000000e+00	-3.484504e+03	1.101222e+05
1.428000e-01	1.028731e+05	-7.731831e-03	6.104089e-02	0.000000e+00	-3.535248e+03	1.064084e+05
1.439900e-01	1.084819e+05	-7.804556e-03	6.119057e-02	0.000000e+00	-1.894383e+03	1.103763e+05
1.451800e-01	1.157371e+05	-7.877464e-03	6.134935e-02	0.000000e+00	-3.893267e+03	1.196304e+05
1.463700e-01	1.006894e+05	-7.950568e-03	6.150261e-02	0.000000e+00	-6.526979e+03	1.072164e+05
1.475600e-01	1.103188e+05	-8.023841e-03	6.165204e-02	0.000000e+00	-4.160743e+03	1.144795e+05
1.487500e-01	1.079606e+05	-8.097300e-03	6.180662e-02	0.000000e+00	-8.388583e+03	1.163491e+05
1.499400e-01	1.042777e+05	-8.170940e-03	6.195692e-02	0.000000e+00	-8.981681e+03	1.132594e+05
1.511300e-01	1.050956e+05	-8.244757e-03	6.210519e-02	0.000000e+00	-6.200883e+03	1.112965e+05
1.523200e-01	1.001413e+05	-8.318751e-03	6.225053e-02	0.000000e+00	-3.638670e+03	1.037800e+05
1.535100e-01	1.007201e+05	-8.392913e-03	6.239278e-02	0.000000e+00	-4.924052e+03	1.056441e+05
1.547000e-01	1.127393e+05	-8.467246e-03	6.254394e-02	0.000000e+00	-4.171045e+03	1.169104e+05
1.558900e-01	1.091246e+05	-8.541768e-03	6.270106e-02	0.000000e+00	-5.417050e+03	1.145417e+05
1.570800e-01	1.053611e+05	-8.616474e-03	6.285295e-02	0.000000e+00	-3.383681e+03	1.087448e+05
1.582700e-01	1.090553e+05	-8.691358e-03	6.300479e-02	0.000000e+00	-6.358934e+03	1.154142e+05
1.594600e-01	1.112233e+05	-8.766425e-03	6.316078e-02	0.000000e+00	-4.522212e+03	1.157456e+05
1.606500e-01	1.155301e+05	-8.841681e-03	6.332136e-02	0.000000e+00	-3.053480e+03	1.185835e+05
1.618400e-01	1.070597e+05	-8.917130e-03	6.347899e-02	0.000000e+00	-3.654531e+03	1.107142e+05
1.630300e-01	1.141919e+05	-8.992761e-03	6.363568e-02	0.000000e+00	-2.903448e+03	1.170954e+05
1.642200e-01	9.915829e+04	-9.068583e-03	6.378676e-02	0.000000e+00	-4.289669e+03	1.034480e+05
1.654100e-01	1.027667e+05	-9.144573e-03	6.392976e-02	0.000000e+00	-7.499398e+03	1.102661e+05
1.666000e-01	1.135931e+05	-9.220736e-03	6.408298e-02	0.000000e+00	-4.488880e+03	1.180819e+05
1.677900e-01	1.289029e+05	-9.297090e-03	6.425470e-02	0.000000e+00	-6.037877e+03	1.349407e+05
1.689800e-01	1.070725e+05	-9.373662e-03	6.442181e-02	0.000000e+00	-6.241181e+03	1.133137e+05
1.701700e-01	1.221825e+05	-9.450414e-03	6.458416e-02	0.000000e+00	-3.942286e+03	1.261248e+05
1.713600e-01	1.218099e+05	-9.527373e-03	6.475695e-02	0.000000e+00	-9.132831e+02	1.227232e+05
1.725500e-01	1.287073e+05	-9.604536e-03	6.493436e-02	0.000000e+00	-4.037675e+03	1.327450e+05
1.737400e-01	1.146071e+05	-9.681916e-03	6.510666e-02	0.000000e+00	-5.302047e+03	1.199092e+05
1.749300e-01	1.033305e+05	-9.759490e-03	6.526100e-02	0.000000e+00	-5.825477e+03	1.091560e+05
1.761200e-01	1.138053e+05	-9.837237e-03	6.541477e-02	0.000000e+00	-6.100490e+03	1.199058e+05
1.773100e-01	1.071457e+05	-9.915177e-03	6.557124e-02	0.000000e+00	-2.966357e+03	1.101120e+05
1.785000e-01	1.084306e+05	-9.993297e-03	6.572390e-02	0.000000e+00	-5.656780e+03	1.140874e+05
1.796900e-01	1.104275e+05	-1.007160e-02	6.587889e-02	0.000000e+00	-3.554857e+03	1.139824e+05
1.808800e-01	1.081940e+05	-1.015009e-02	6.603371e-02	0.000000e+00	-5.511088e+03	1.137051e+05
1.820700e-01	1.150600e+05	-1.022876e-02	6.619181e-02	0.000000e+00	-7.216635e+03	1.222767e+05
1.832600e-01	1.164996e+05	-1.030763e-02	6.635579e-02	0.000000e+00	-7.222887e+03	1.237225e+05
1.844500e-01	1.092299e+05	-1.038669e-02	6.651565e-02	0.000000e+00	-3.627683e+03	1.128576e+05
1.856400e-01	1.140259e+05	-1.046593e-02	6.667375e-02	0.000000e+00	-1.332649e+03	1.153586e+05
1.868300e-01	1.222544e+05	-1.054537e-02	6.684107e-02	0.000000e+00	-2.252113e+03	1.245065e+05
1.880200e-01	1.196631e+05	-1.062501e-02	6.701239e-02	0.000000e+00	-4.245920e+03	1.239090e+05
1.892100e-01	1.114630e+05	-1.070486e-02	6.717607e-02	0.000000e+00	-5.066243e+03	1.165292e+05
1.904000e-01	1.123002e+05	-1.078489e-02	6.733453e-02	0.000000e+00	-5.987303e+03	1.182875e+05
1.915900e-01	1.185184e+05	-1.086512e-02	6.749798e-02	0.000000e+00	-3.884295e+03	1.224027e+05
1.927800e-01	1.259817e+05	-1.094554e-02	6.767113e-02	0.000000e+00	-3.324245e+03	1.293060e+05
1.939700e-01	1.213487e+05	-1.102617e-02	6.784628e-02	0.000000e+00	-2.719399e+03	1.240681e+05
1.951600e-01	1.255795e+05	-1.110701e-02	6.802115e-02	0.000000e+00	-6.235166e+03	1.318146e+05
1.963500e-01	1.335596e+05	-1.118806e-02	6.820466e-02	0.000000e+00	-4.409580e+03	1.379692e+05
1.975400e-01	1.219723e+05	-1.126934e-02	6.838562e-02	0.000000e+00	-4.224377e+03	1.261966e+05
1.987300e-01	1.236191e+05	-1.135082e-02	6.855954e-02	0.000000e+00	-3.535561e+03	1.271547e+05
1.999200e-01	1.176324e+05	-1.143251e-02	6.873038e-02	0.000000e+00	-5.493114e+03	1.231255e+05
2.011100e-01	1.363567e+05	-1.151440e-02	6.891025e-02	0.000000e+00	-1.407245e+03	1.377640e+05
2.023000e-01	1.216893e+05	-1.159652e-02	6.909299e-02	0.000000e+00	-5.382643e+03	1.270720e+05
2.034900e-01	1.249480e+05	-1.167884e-02	6.926765e-02	0.000000e+00	-6.870913e+03	1.318189e+05
2.046800e-01	1.290846e+05	-1.176137e-02	6.944755e-02	0.000000e+00	-4.321820e+03	1.334064e+05
2.058700e-01	1.366536e+05	-1.184413e-02	6.963573e-02	0.000000e+00	-2.882115e+03	1.395358e+05
2.070600e-01	1.332469e+05	-1.192711e-02	6.982687e-02	0.000000e+00	-4.526950e+03	1.377739e+05
2.082500e-01	1.319947e+05	-1.201031e-02	7.001470e-02	0.000000e+00	-3.642825e+03	1.356375e+05
2.094400e-01	1.420182e+05	-1.209374e-02	7.020875e-02	0.000000e+00	-3.956463e+03	1.459747e+05
2.106300e-01	1.381108e+05	-1.217741e-02	7.040713e-02	0.000000e+00	-3.942638e+03	1.420535e+05
2.118200e-01	1.282141e+05	-1.226131e-02	7.059573e-02	0.000000e+00	-5.474695e+03	1.336888e+05
2.130100e-01	1.253065e+05	-1.234543e-02	7.077526e-02	0.000000e+00	-2.446746e+03	1.277533e+05
2.142000e-01	1.256574e+05	-1.242976e-02	7.095299e-02	0.000000e+00	-2.300436e+03	1.279578e+05
2.153900e-01	1.253524e+05	-1.251430e-02	7.113074e-02	0.000000e+00	-2.145224e+03	1.274977e+05
2.165800e-01	1.431077e+05	-1.259905e-02	7.132086e-02	0.000000e+00	-1.270392e+03	1.443780e+05
2.177700e-01	1.219355e+05	-1.268404e-02	7.150855e-02	0.000000e+00	-5.639631e+03	1.275752e+05
2.189600e-01	1.246949e+05	-1.276924e-02	7.168320e-02	0.000000e+00	-2.985500e+03	1.276804e+05
2.201500e-01	1.238047e+05	-1.285465e-02	7.185918e-02	0.000000e+00	-5.213556e+03	1.290183e+05
2.213400e-01	1.323139e+05	-1.294026e-02	7.204056e-02	0.000000e+00	-2.816477e+03	1.351304e+05
2.225300e-01	1.255458e+05	-1.302610e-02	7.222316e-02	0.000000e+00	-3.708889e+03	1.292547e+05
2.237200e-01	1.327193e+05	-1.311215e-02	7.240606e-02	0.000000e+00	-7.623757e+03	1.403431e+05
2.249100e-01	1.139870e+05	-1.319843e-02	7.258077e-02	0.000000e+00	-4.313582e+03	1.183005e+05
2.261000e-01	1.148882e+05	-1.328490e-02	7.274285e-02	0.000000e+00	-5.477101e+03	1.203653e+05
2.272900e-01	1.308362e+05	-1.337156e-02	7.291686e-02	0.000000e+00	-6.632001e+03	1.374682e+05
2.284800e-01	1.272776e+05	-1.345844e-02	7.309965e-02	0.000000e+00	-4.172499e+03	1.314501e+05
2.296700e-01	1.159552e+05	-1.354553e-02	7.327190e-02	0.000000e+00	-4.040209e+03	1.199954e+05
2.308600e-01	1.257804e+05	-1.363283e-02	7.344309e-02	0.000000e+00	-3.810418e+03	1.295908e+05
2.320500e-01	1.255244e+05	-1.372033e-02	7.362105e-02	0.000000e+00	-3.621099e+03	1.291455e+05
2.332400e-01	1.330652e+05	-1.380804e-02	7.380418e-02	0.000000e+00	-4.171576e+03	1.372367e+05
2.344300e-01	1.472114e+05	-1.389598e-02	7.400266e-02	0.000000e+00	-2.683240e+03	1.498946e+05
2.356200e-01	1.293247e+05	-1.398417e-02	7.419849e-02	0.000000e+00	-6.310327e+03	1.356350e+05
2.368100e-01	1.178218e+05	-1.407258e-02	7.437351e-02	0.000000e+00	-5.358833e+03	1.231807e+05
2.380000e-01	1.458670e+05	-1.416118e-02	7.456025e-02	0.000000e+00	-6.391598e+03	1.522586e+05
2.391900e-01	1.345765e+05	-1.425003e-02	7.475885e-02	0.000000e+00	-2.937053e+03	1.375136e+05
2.403800e-01	1.299010e+05	-1.433911e-02	7.494614e-02	0.000000e+00	-3.690117e+03	1.335912e+05
2.415700e-01	1.311081e+05	-1.442840e-02	7.513098e-02	0.000000e+00	-3.520548e+03	1.346286e+05
2.427600e-01	1.166609e+05	-1.451792e-02	7.530644e-02	0.000000e+00	-2.058150e+03	1.187191e+05
2.439500e-01	1.297380e+05	-1.460763e-02	7.548093e-02	0.000000e+00	-4.505918e+03	1.342439e+05
2.451400e-01	1.309502e+05	-1.469756e-02	7.566554e-02	0.000000e+00	-5.975497e+03	1.369257e+05
2.463300e-01	1.365579e+05	-1.478771e-02	7.585498e-02	0.000000e+00	-2.785473e+03	1.393434e+05
2.475200e-01	1.270415e+05	-1.487810e-02	7.604165e-02	0.000000e+00	-5.210014e+03	1.322515e+05
2.487100e-01	1.378689e+05	-1.496869e-02	7.622925e-02	0.000000e+00	-4.233263e+03	1.421021e+05
2.499000e-01	1.288026e+05	-1.505952e-02	7.641810e-02	0.000000e+00	-5.089120e+03	1.338918e+05
2.510900e-01	1.363220e+05	-1.515057e-02	7.660585e-02	0.000000e+00	-2.337757e+03	1.386598e+05
2.522800e-01	1.352361e+05	-1.524184e-02	7.679816e-02	0.000000e+00	-5.336290e+03	1.405724e+05
2.534700e-01	1.341385e+05	-1.533335e-02	7.698892e-02	0.000000e+00	-4.800642e+03	1.389391e+05
2.546600e-01	1.347646e+05	-1.542508e-02	7.717935e-02	0.000000e+00	-4.229806e+03	1.389944e+05
2.558500e-01	1.414676e+05	-1.551703e-02	7.737497e-02	0.000000e+00	-4.633494e+03	1.461011e+05
2.570400e-01	1.523624e+05	-1.560923e-02	7.758305e-02	0.000000e+00	-2.211627e+03	1.545740e+05
2.582300e-01	1.487866e+05	-1.570168e-02	7.779631e-02	0.000000e+00	-2.054278e+03	1.508409e+05
2.594200e-01	1.525281e+05	-1.579439e-02	7.800969e-02	0.000000e+00	-1.374336e+03	1.539025e+05
2.606100e-01	1.397948e+05	-1.588735e-02	7.821670e-02	0.000000e+00	-5.653131e+03	1.454479e+05
2.618000e-01	1.217297e+05	-1.598054e-02	7.840191e-02	0.000000e+00	-5.456836e+03	1.271865e+05
2.629900e-01	1.266734e+05	-1.607394e-02	7.857782e-02	0.000000e+00	-4.015691e+03	1.306891e+05
2.641800e-01	1.387839e+05	-1.616756e-02	7.876580e-02	0.000000e+00	-3.958670e+03	1.427426e+05
2.653700e-01	1.540860e+05	-1.626140e-02	7.897320e-02	0.000000e+00	-3.525974e+03	1.576120e+05
2.665600e-01	1.421559e+05	-1.635551e-02	7.918299e-02	0.000000e+00	-2.614317e+03	1.447702e+05
2.677500e-01	1.259938e+05	-1.644986e-02	7.937289e-02	0.000000e+00	-4.790639e+03	1.307845e+05
2.689400e-01	1.374152e+05	-1.654442e-02	7.955942e-02	0.000000e+00	-4.758589e+03	1.421738e+05
2.701300e-01	1.483346e+05	-1.663921e-02	7.976178e-02	0.000000e+00	-3.932846e+03	1.522674e+05
2.713200e-01	1.342271e+05	-1.673425e-02	7.996188e-02	0.000000e+00	-2.404770e+03	1.366319e+05
2.725100e-01	1.196676e+05	-1.682952e-02	8.014168e-02	0.000000e+00	-3.280300e+03	1.229479e+05
2.737000e-01	1.319637e+05	-1.692499e-02	8.031988e-02	0.000000e+00	-6.554053e+03	1.385178e+05
2.748900e-01	1.258319e+05	-1.702068e-02	8.050244e-02	0.000000e+00	-6.457007e+03	1.322889e+05
2.760800e-01	1.240746e+05	-1.711659e-02	8.067941e-02	0.000000e+00	-2.658042e+03	1.267326e+05
2.772700e-01	1.311171e+05	-1.721270e-02	8.086013e-02	0.000000e+00	-4.052056e+03	1.351692e+05
2.784600e-01	1.415416e+05	-1.730903e-02	8.105322e-02	0.000000e+00	-3.241835e+03	1.447834e+05
2.796500e-01	1.369714e+05	-1.740561e-02	8.125045e-02	0.000000e+00	-2.126251e+03	1.390976e+05
2.808400e-01	1.512998e+05	-1.750241e-02	8.145459e-02	0.000000e+00	-4.699390e+03	1.559992e+05
2.820300e-01	1.295336e+05	-1.759947e-02	8.165347e-02	0.000000e+00	-5.044872e+03	1.345785e+05
2.832200e-01	1.379371e+05	-1.769674e-02	8.184288e-02	0.000000e+00	-4.003655e+03	1.419407e+05
2.844100e-01	1.488105e+05	-1.779425e-02	8.204595e-02	0.000000e+00	-4.722781e+03	1.535333e+05
2.856000e-01	1.456653e+05	-1.789201e-02	8.225449e-02	0.000000e+00	-3.068790e+03	1.487341e+05
2.867900e-01	1.486890e+05	-1.799002e-02	8.246294e-02	0.000000e+00	-4.905698e+03	1.535947e+05
2.879800e-01	1.566462e+05	-1.808828e-02	8.267917e-02	0.000000e+00	-2.923669e+03	1.595699e+05
2.891700e-01	1.358688e+05	-1.818680e-02	8.288631e-02	0.000000e+00	-4.413470e+03	1.402823e+05
2.903600e-01	1.392008e+05	-1.828555e-02	8.308111e-02	0.000000e+00	-4.405215e+03	1.436060e+05
2.915500e-01	1.583839e+05	-1.838453e-02	8.329185e-02	0.000000e+00	-3.687876e+03	1.620718e+05
2.927400e-01	1.411753e+05	-1.848378e-02	8.350398e-02	0.000000e+00	-2.872992e+03	1.440483e+05
2.939300e-01	1.449707e+05	-1.858327e-02	8.370662e-02	0.000000e+00	-1.780414e+03	1.467511e+05
2.951200e-01	1.390325e+05	-1.868300e-02	8.390774e-02	0.000000e+00	-1.223272e+03	1.402558e+05
2.963100e-01	1.484691e+05	-1.878297e-02	8.411134e-02	0.000000e+00	-3.256131e+03	1.517252e+05
2.975000e-01	1.548097e+05	-1.888319e-02	8.432611e-02	0.000000e+00	-3.818748e+03	1.586284e+05
2.986900e-01	1.543204e+05	-1.898367e-02	8.454503e-02	0.000000e+00	-3.132982e+03	1.574534e+05
2.998800e-01	1.351980e+05	-1.908440e-02	8.475006e-02	0.000000e+00	-3.010913e+03	1.382089e+05
3.010700e-01	1.579216e+05	-1.918537e-02	8.495763e-02	0.000000e+00	-4.397748e+03	1.623194e+05
3.022600e-01	1.472898e+05	-1.928660e-02	8.517377e-02	0.000000e+00	-2.538367e+03	1.498281e+05
3.034500e-01	1.453584e+05	-1.938808e-02	8.538102e-02	0.000000e+00	-1.595752e+03	1.469542e+05
3.046400e-01	1.387705e+05	-1.948981e-02	8.558223e-02	0.000000e+00	-5.949297e+03	1.447198e+05
3.058300e-01	1.495426e+05	-1.959177e-02	8.578640e-02	0.000000e+00	-4.362432e+03	1.539050e+05
3.070200e-01	1.493388e+05	-1.969398e-02	8.599806e-02	0.000000e+00	-6.637532e+03	1.559763e+05
3.082100e-01	1.381453e+05	-1.979644e-02	8.620164e-02	0.000000e+00	-4.189424e+03	1.423348e+05
3.094000e-01	1.463117e+05	-1.989914e-02	8.640309e-02	0.000000e+00	-4.306099e+03	1.506178e+05
3.105900e-01	1.487713e+05	-2.000208e-02	8.661205e-02	0.000000e+00	-3.944382e+03	1.527157e+05
3.117800e-01	1.430067e+05	-2.010528e-02	8.681868e-02	0.000000e+00	-4.677727e+03	1.476844e+05
3.129700e-01	1.466677e+05	-2.020871e-02	8.702382e-02	0.000000e+00	-4.510594e+03	1.511783e+05
3.141600e-01	1.595446e+05	-2.031239e-02	8.724067e-02	0.000000e+00	-4.097042e+03	1.636416e+05
3.153500e-01	1.429654e+05	-2.041635e-02	8.745489e-02	0.000000e+00	-2.163600e+03	1.451290e+05
3.165400e-01	1.327539e+05	-2.052054e-02	8.765015e-02	0.000000e+00	-1.832252e+03	1.345861e+05
3.177300e-01	1.434823e+05	-2.062495e-02	8.784577e-02	0.000000e+00	-5.957436e+03	1.494397e+05
3.189200e-01	1.437534e+05	-2.072961e-02	8.804918e-02	0.000000e+00	-5.036634e+03	1.487900e+05
3.201100e-01	1.407634e+05	-2.083451e-02	8.825066e-02	0.000000e+00	-5.989630e+03	1.467530e+05
3.213000e-01	1.481267e+05	-2.093965e-02	8.845524e-02	0.000000e+00	-6.275199e+03	1.544019e+05
3.224900e-01	1.587399e+05	-2.104503e-02	8.867256e-02	0.000000e+00	-3.507010e+03	1.622469e+05
3.236800e-01	1.495772e+05	-2.115069e-02	8.889090e-02	0.000000e+00	-1.917194e+03	1.514944e+05
3.248700e-01	1.479569e+05	-2.125659e-02	8.910160e-02	0.000000e+00	-1.754359e+03	1.497113e+05
3.260600e-01	1.437317e+05	-2.136275e-02	8.930816e-02	0.000000e+00	-3.887274e+03	1.476190e+05
3.272500e-01	1.349600e+05	-2.146915e-02	8.950552e-02	0.000000e+00	-4.180330e+03	1.391404e+05
3.284400e-01	1.394463e+05	-2.157577e-02	8.969985e-02	0.000000e+00	-4.806844e+03	1.442532e+05
3.296300e-01	1.592914e+05	-2.168263e-02	8.991140e-02	0.000000e+00	-1.941394e+03	1.612328e+05
3.308200e-01	1.518720e+05	-2.178976e-02	9.013176e-02	0.000000e+00	-4.681103e+02	1.523401e+05
3.320100e-01	1.464167e+05	-2.189715e-02	9.034300e-02	0.000000e+00	-3.021845e+03	1.494385e+05
3.332000e-01	1.376376e+05	-2.200478e-02	9.054415e-02	0.000000e+00	-4.629423e+03	1.422671e+05
3.343900e-01	1.509364e+05	-2.211264e-02	9.074851e-02	0.000000e+00	-4.386202e+03	1.553226e+05
3.355800e-01	1.460466e+05	-2.222076e-02	9.095882e-02	0.000000e+00	-6.743149e+03	1.527897e+05
3.367700e-01	1.596307e+05	-2.232912e-02	9.117529e-02	0.000000e+00	-2.018513e+03	1.616492e+05
3.379600e-01	1.658405e+05	-2.243776e-02	9.140578e-02	0.000000e+00	-2.757685e+03	1.685982e+05
3.391500e-01	1.547496e+05	-2.254667e-02	9.163281e-02	0.000000e+00	-4.480060e+03	1.592297e+05
3.403400e-01	1.524962e+05	-2.265584e-02	9.185039e-02	0.000000e+00	-2.034748e+03	1.545309e+05
3.415300e-01	1.655772e+05	-2.276527e-02	9.207564e-02	0.000000e+00	-4.003671e+03	1.695808e+05
3.427200e-01	1.536506e+05	-2.287498e-02	9.230171e-02	0.000000e+00	-2.216755e+03	1.558674e+05
3.439100e-01	1.478033e+05	-2.298495e-02	9.251518e-02	0.000000e+00	-3.299661e+03	1.511030e+05
3.451000e-01	1.660991e+05	-2.309517e-02	9.273748e-02	0.000000e+00	-6.259128e+03	1.723583e+05
3.462900e-01	1.599849e+05	-2.320567e-02	9.296840e-02	0.000000e+00	-3.829180e+03	1.638141e+05
3.474800e-01	1.692753e+05	-2.331643e-02	9.320157e-02	0.000000e+00	-2.311419e+03	1.715867e+05
3.486700e-01	1.550715e+05	-2.342749e-02	9.343126e-02	0.000000e+00	-2.226009e+03	1.572975e+05
3.498600e-01	1.464647e+05	-2.353880e-02	9.364480e-02	0.000000e+00	-2.472361e+03	1.489371e+05
3.510500e-01	1.406121e+05	-2.365036e-02	9.384810e-02	0.000000e+00	-1.921356e+03	1.425335e+05
3.522400e-01	1.619400e+05	-2.376216e-02	9.406235e-02	0.000000e+00	-2.259060e+03	1.641991e+05
3.534300e-01	1.689416e+05	-2.387423e-02	9.429667e-02	0.000000e+00	-3.732797e+03	1.726744e+05
3.546200e-01	1.716289e+05	-2.398658e-02	9.453785e-02	0.000000e+00	-3.217640e+03	1.748465e+05
3.558100e-01	1.492446e+05	-2.409923e-02	9.476508e-02	0.000000e+00	-2.518481e+03	1.517631e+05
3.570000e-01	1.532311e+05	-2.421213e-02	9.497929e-02	0.000000e+00	-5.047076e+03	1.582782e+05
3.581900e-01	1.522721e+05	-2.432528e-02	9.519563e-02	0.000000e+00	-5.000532e+03	1.572726e+05
3.593800e-01	1.568229e+05	-2.443869e-02	9.541452e-02	0.000000e+00	-3.029718e+03	1.598526e+05
3.605700e-01	1.627202e+05	-2.455237e-02	9.564081e-02	0.000000e+00	-1.307120e+03	1.640273e+05
3.617600e-01	1.461499e+05	-2.466632e-02	9.585954e-02	0.000000e+00	-4.098069e+03	1.502479e+05
3.629500e-01	1.688237e+05	-2.478051e-02	9.608260e-02	0.000000e+00	-4.470156e+03	1.732938e+05
3.641400e-01	1.663777e+05	-2.489499e-02	9.631997e-02	0.000000e+00	-4.530030e+03	1.709077e+05
3.653300e-01	1.655559e+05	-2.500975e-02	9.655504e-02	0.000000e+00	-2.923125e+03	1.684790e+05
3.665200e-01	1.689890e+05	-2.512479e-02	9.679195e-02	0.000000e+00	-3.159712e+03	1.721487e+05
3.677100e-01	1.450502e+05	-2.524012e-02	9.701434e-02	0.000000e+00	-3.868649e+03	1.489188e+05
3.689000e-01	1.506407e+05	-2.535569e-02	9.722374e-02	0.000000e+00	-5.173002e+03	1.558137e+05
3.700900e-01	1.370005e+05	-2.547151e-02	9.742744e-02	0.000000e+00	-5.658961e+03	1.426595e+05
3.712800e-01	1.674114e+05	-2.558757e-02	9.764301e-02	0.000000e+00	-4.450636e+03	1.718620e+05
3.724700e-01	1.802295e+05	-2.570390e-02	9.788920e-02	0.000000e+00	-2.731830e+03	1.829613e+05
3.736600e-01	1.510666e+05	-2.582054e-02	9.812381e-02	0.000000e+00	-3.905181e+03	1.549718e+05
3.748500e-01	1.453811e+05	-2.593744e-02	9.833374e-02	0.000000e+00	-2.975311e+03	1.483565e+05
3.760400e-01	1.472042e+05	-2.605458e-02	9.854094e-02	0.000000e+00	-1.310881e+03	1.485151e+05
3.772300e-01	1.663716e+05	-2.617196e-02	9.876301e-02	0.000000e+00	-3.340797e+03	1.697124e+05
3.784200e-01	1.600226e+05	-2.628963e-02	9.899415e-02	0.000000e+00	-3.243878e+03	1.632665e+05
3.796100e-01	1.591558e+05	-2.640757e-02	9.922018e-02	0.000000e+00	-1.937791e+03	1.610936e+05
3.808000e-01	1.829839e+05	-2.652578e-02	9.946247e-02	0.000000e+00	-2.057641e+03	1.850415e+05
3.819900e-01	1.545903e+05	-2.664429e-02	9.970153e-02	0.000000e+00	-5.590346e+03	1.601807e+05
3.831800e-01	1.463101e+05	-2.676307e-02	9.991461e-02	0.000000e+00	-5.830023e+03	1.521402e+05
3.843700e-01	1.702233e+05	-2.688209e-02	1.001388e-01	0.000000e+00	-6.285742e+03	1.765090e+05
3.855600e-01	1.609366e+05	-2.700140e-02	1.003733e-01	0.000000e+00	-3.339935e+03	1.642766e+05
3.867500e-01	1.474775e+05	-2.712098e-02	1.005917e-01	0.000000e+00	-3.701901e+03	1.511794e+05
3.879400e-01	1.413394e+05	-2.724080e-02	1.007962e-01	0.000000e+00	-3.032304e+03	1.443717e+05
3.891300e-01	1.550928e+05	-2.736087e-02	1.010061e-01	0.000000e+00	-3.179577e+03	1.582724e+05
3.903200e-01	1.574737e+05	-2.748120e-02	1.012275e-01	0.000000e+00	-2.177913e+03	1.596517e+05
3.915100e-01	1.615418e+05	-2.760179e-02	1.014534e-01	0.000000e+00	-3.699693e+03	1.652415e+05
3.927000e-01	1.440775e+05	-2.772266e-02	1.016698e-01	0.000000e+00	-3.886055e+03	1.479636e+05
3.938900e-01	1.651865e+05	-2.784377e-02	1.018889e-01	0.000000e+00	-2.560390e+03	1.677469e+05
3.950800e-01	1.575252e+05	-2.796515e-02	1.021174e-01	0.000000e+00	-3.664399e+03	1.611896e+05
3.962700e-01	1.620327e+05	-2.808681e-02	1.023437e-01	0.000000e+00	-5.818634e+03	1.678513e+05
3.974600e-01	1.570366e+05	-2.820873e-02	1.025696e-01	0.000000e+00	-4.330910e+03	1.613675e+05
3.986500e-01	1.614590e+05	-2.833092e-02	1.027952e-01	0.000000e+00	-5.342207e+03	1.668012e+05
3.998400e-01	1.576529e+05	-2.845338e-02	1.030212e-01	0.000000e+00	-5.899162e+03	1.635520e+05
4.010300e-01	1.534675e+05	-2.857611e-02	1.032415e-01	0.000000e+00	-2.308772e+03	1.557763e+05
4.022200e-01	1.668532e+05	-2.869910e-02	1.034683e-01	0.000000e+00	-1.769285e+03	1.686225e+05
4.034100e-01	1.746109e+05	-2.882237e-02	1.037101e-01	0.000000e+00	-4.610894e+03	1.792218e+05
4.046000e-01	1.736922e+05	-2.894593e-02	1.039568e-01	0.000000e+00	-3.511277e+03	1.772035e+05
4.057900e-01	1.517220e+05	-2.906978e-02	1.041872e-01	0.000000e+00	-2.569460e+03	1.542914e+05
4.069800e-01	1.614212e+05	-2.919389e-02	1.044090e-01	0.000000e+00	-3.022056e+03	1.644432e+05
4.081700e-01	1.591086e+05	-2.931828e-02	1.046360e-01	0.000000e+00	-1.792798e+03	1.609014e+05
4.093600e-01	1.614954e+05	-2.944293e-02	1.048630e-01	0.000000e+00	-1.358926e+03	1.628543e+05
4.105500e-01	1.674277e+05	-2.956785e-02	1.050960e-01	0.000000e+00	-2.984302e+03	1.704120e+05
4.117400e-01	1.722299e+05	-2.969306e-02	1.053365e-01	0.000000e+00	-3.592899e+03	1.758228e+05
4.129300e-01	1.650774e+05	-2.981855e-02	1.055754e-01	0.000000e+00	-2.432305e+03	1.675097e+05
4.141200e-01	1.646996e+05	-2.994433e-02	1.058089e-01	0.000000e+00	-2.824073e+03	1.675237e+05
4.153100e-01	1.586513e+05	-3.007038e-02	1.060379e-01	0.000000e+00	-1.403174e+03	1.600544e+05
4.165000e-01	1.809428e+05	-3.019670e-02	1.062784e-01	0.000000e+00	-2.500193e+03	1.834430e+05
4.176900e-01	1.616665e+05	-3.032332e-02	1.065210e-01	0.000000e+00	-3.069502e+03	1.647360e+05
4.188800e-01	1.646531e+05	-3.045022e-02	1.067521e-01	0.000000e+00	-3.015618e+03	1.676687e+05
4.200700e-01	1.724977e+05	-3.057739e-02	1.069908e-01	0.000000e+00	-4.195682e+03	1.766934e+05
4.212600e-01	1.601881e+05	-3.070485e-02	1.072264e-01	0.000000e+00	-2.687336e+03	1.628755e+05
4.224500e-01	1.607817e+05	-3.083259e-02	1.074537e-01	0.000000e+00	-4.024317e+03	1.648060e+05
4.236400e-01	1.627056e+05	-3.096059e-02	1.076828e-01	0.000000e+00	-4.859900e+03	1.675655e+05
4.248300e-01	1.696419e+05	-3.108887e-02	1.079182e-01	0.000000e+00	-3.587864e+03	1.732297e+05
4.260200e-01	1.632456e+05	-3.121744e-02	1.081539e-01	0.000000e+00	-1.941802e+03	1.651874e+05
4.272100e-01	1.497967e+05	-3.134628e-02	1.083756e-01	0.000000e+00	-1.072882e+03	1.508695e+05
4.284000e-01	1.503630e+05	-3.147537e-02	1.085882e-01	0.000000e+00	-3.367166e+03	1.537301e+05
4.295900e-01	1.659376e+05	-3.160472e-02	1.088122e-01	0.000000e+00	-3.685681e+03	1.696233e+05
4.307800e-01	1.641284e+05	-3.173435e-02	1.090459e-01	0.000000e+00	-2.632472e+03	1.667608e+05
4.319700e-01	1.781913e+05	-3.186425e-02	1.092883e-01	0.000000e+00	-1.298784e+03	1.794901e+05
4.331600e-01	1.687943e+05	-3.199445e-02	1.095340e-01	0.000000e+00	-3.596670e+03	1.723910e+05
4.343500e-01	1.781320e+05	-3.212494e-02	1.097797e-01	0.000000e+00	-4.435691e+03	1.825677e+05
4.355400e-01	1.782858e+05	-3.225573e-02	1.100321e-01	0.000000e+00	-3.285310e+03	1.815712e+05
4.367300e-01	1.651977e+05	-3.238682e-02	1.102754e-01	0.000000e+00	-3.023224e+03	1.682209e+05
4.379200e-01	1.451484e+05	-3.251818e-02	1.104951e-01	0.000000e+00	-1.592298e+03	1.467407e+05
4.391100e-01	1.650456e+05	-3.264979e-02	1.107148e-01	0.000000e+00	-3.994193e+03	1.690398e+05
4.403000e-01	1.565450e+05	-3.278168e-02	1.109426e-01	0.000000e+00	-3.823200e+03	1.603682e+05
4.414900e-01	1.733140e+05	-3.291384e-02	1.111762e-01	0.000000e+00	-2.063326e+03	1.753773e+05
4.426800e-01	1.686080e+05	-3.304628e-02	1.114183e-01	0.000000e+00	-2.667795e+03	1.712758e+05
4.438700e-01	1.654314e+05	-3.317901e-02	1.116548e-01	0.000000e+00	-1.217702e+03	1.666491e+05
4.450600e-01	1.672218e+05	-3.331202e-02	1.118904e-01	0.000000e+00	-7.308545e+02	1.679527e+05
4.462500e-01	1.789993e+05	-3.344531e-02	1.121356e-01	0.000000e+00	-3.854350e+03	1.828536e+05
4.474400e-01	1.718101e+05	-3.357891e-02	1.123840e-01	0.000000e+00	-2.227602e+03	1.740377e+05
4.486300e-01	1.638914e+05	-3.371279e-02	1.126218e-01	0.000000e+00	-5.537730e+03	1.694292e+05
4.498200e-01	1.508339e+05	-3.384694e-02	1.128446e-01	0.000000e+00	-2.182079e+03	1.530160e+05
4.510100e-01	1.614872e+05	-3.398136e-02	1.130658e-01	0.000000e+00	-4.406173e+03	1.658934e+05
4.522000e-01	1.808720e+05	-3.411604e-02	1.133083e-01	0.000000e+00	-3.154823e+03	1.840268e+05
4.533900e-01	1.627707e+05	-3.425103e-02	1.135516e-01	0.000000e+00	-3.007155e+03	1.657778e+05
4.545800e-01	1.751010e+05	-3.438629e-02	1.137909e-01	0.000000e+00	-2.761697e+03	1.778627e+05
4.557700e-01	1.764401e+05	-3.452185e-02	1.140398e-01	0.000000e+00	-4.725463e+03	1.811656e+05
4.569600e-01	1.596868e+05	-3.465771e-02	1.142779e-01	0.000000e+00	-2.850980e+03	1.625378e+05
4.581500e-01	1.575506e+05	-3.479383e-02	1.145025e-01	0.000000e+00	-2.998474e+03	1.605491e+05
4.593400e-01	1.757913e+05	-3.493023e-02	1.147386e-01	0.000000e+00	-3.107995e+03	1.788993e+05
4.605300e-01	1.763202e+05	-3.506691e-02	1.149879e-01	0.000000e+00	-4.534189e+03	1.808543e+05
4.617200e-01	1.591745e+05	-3.520390e-02	1.152255e-01	0.000000e+00	-3.910782e+03	1.630853e+05
4.629100e-01	1.768228e+05	-3.534115e-02	1.154635e-01	0.000000e+00	-4.358913e+03	1.811818e+05
4.641000e-01	1.611053e+05	-3.547870e-02	1.157028e-01	0.000000e+00	-4.673037e+03	1.657783e+05
4.652900e-01	1.534610e+05	-3.561652e-02	1.159255e-01	0.000000e+00	-4.007377e+03	1.574684e+05
4.664800e-01	1.782870e+05	-3.575460e-02	1.161605e-01	0.000000e+00	-1.305477e+03	1.795925e+05
4.676700e-01	1.995509e+05	-3.589298e-02	1.164280e-01	0.000000e+00	-1.356469e+03	2.009074e+05
4.688600e-01	2.008629e+05	-3.603170e-02	1.167116e-01	0.000000e+00	-3.073892e+03	2.039367e+05
4.700500e-01	1.736645e+05	-3.617076e-02	1.169768e-01	0.000000e+00	-2.468870e+03	1.761334e+05
4.712400e-01	1.573134e+05	-3.631011e-02	1.172112e-01	0.000000e+00	-3.557752e+03	1.608711e+05
4.724300e-01	1.720796e+05	-3.644972e-02	1.174445e-01	0.000000e+00	-2.677860e+03	1.747574e+05
4.736200e-01	1.849178e+05	-3.658962e-02	1.176973e-01	0.000000e+00	-3.935947e+03	1.888538e+05
4.748100e-01	1.744934e+05	-3.672984e-02	1.179518e-01	0.000000e+00	-5.024032e+03	1.795174e+05
4.760000e-01	1.755411e+05	-3.687035e-02	1.181997e-01	0.000000e+00	-2.994453e+03	1.785355e+05
4.771900e-01	1.787987e+05	-3.701115e-02	1.184506e-01	0.000000e+00	-2.604037e+03	1.814027e+05
4.783800e-01	1.722825e+05	-3.715226e-02	1.186993e-01	0.000000e+00	-4.319597e+03	1.766021e+05
4.795700e-01	1.775184e+05	-3.729366e-02	1.189470e-01	0.000000e+00	-2.369119e+03	1.798875e+05
4.807600e-01	1.933097e+05	-3.743536e-02	1.192096e-01	0.000000e+00	-4.222257e+03	1.975320e+05
4.819500e-01	1.784210e+05	-3.757738e-02	1.194728e-01	0.000000e+00	-1.618335e+03	1.800393e+05
4.831400e-01	1.865725e+05	-3.771970e-02	1.197313e-01	0.000000e+00	-1.577596e+03	1.881501e+05
4.843300e-01	1.695700e+05	-3.786234e-02	1.199835e-01	0.000000e+00	-1.586313e+03	1.711563e+05
4.855200e-01	1.834527e+05	-3.800526e-02	1.202335e-01	0.000000e+00	-1.970412e+03	1.854231e+05
4.867100e-01	1.666870e+05	-3.814849e-02	1.204815e-01	0.000000e+00	-3.036774e+03	1.697238e+05
4.879000e-01	1.735098e+05	-3.829201e-02	1.207224e-01	0.000000e+00	-1.561960e+03	1.750718e+05
4.890900e-01	1.681072e+05	-3.843581e-02	1.209643e-01	0.000000e+00	-2.758671e+03	1.708659e+05
4.902800e-01	1.605636e+05	-3.857990e-02	1.211970e-01	0.000000e+00	-1.580258e+03	1.621439e+05
4.914700e-01	1.632342e+05	-3.872426e-02	1.214264e-01	0.000000e+00	-1.865010e+02	1.634207e+05
4.926600e-01	1.803101e+05	-3.886890e-02	1.216696e-01	0.000000e+00	-2.250246e+03	1.825603e+05
4.938500e-01	1.692232e+05	-3.901384e-02	1.219172e-01	0.000000e+00	-1.246651e+03	1.704699e+05
4.950400e-01	1.578222e+05	-3.915906e-02	1.221488e-01	0.000000e+00	-2.899469e+03	1.607217e+05
4.962300e-01	1.771912e+05	-3.930455e-02	1.223860e-01	0.000000e+00	-2.318174e+03	1.795094e+05
4.974200e-01	1.746167e+05	-3.945034e-02	1.226351e-01	0.000000e+00	-3.483350e+03	1.781000e+05
4.986100e-01	1.685107e+05	-3.959642e-02	1.228781e-01	0.000000e+00	-2.590437e+03	1.711011e+05
4.998000e-01	1.531510e+05	-3.974279e-02	1.231059e-01	0.000000e+00	-1.777933e+03	1.549289e+05
5.009900e-01	1.713638e+05	-3.988941e-02	1.233357e-01	0.000000e+00	-1.801147e+03	1.731649e+05
5.021800e-01	1.785166e+05	-4.003633e-02	1.235835e-01	0.000000e+00	-1.646295e+03	1.801629e+05
5.033700e-01	1.762081e+05	-4.018354e-02	1.238347e-01	0.000000e+00	-2.194582e+03	1.784027e+05
5.045600e-01	1.587981e+05	-4.033105e-02	1.240720e-01	0.000000e+00	-3.005039e+03	1.618032e+05
5.057500e-01	1.535619e+05	-4.047883e-02	1.242932e-01	0.000000e+00	-3.501792e+03	1.570637e+05
5.069400e-01	1.705642e+05	-4.062687e-02	1.245227e-01	0.000000e+00	-3.036591e+03	1.736008e+05
5.081300e-01	1.680984e+05	-4.077520e-02	1.247625e-01	0.000000e+00	-2.284035e+03	1.703825e+05
5.093200e-01	1.813343e+05	-4.092381e-02	1.250100e-01	0.000000e+00	-4.024999e+03	1.853593e+05
5.105100e-01	1.856719e+05	-4.107272e-02	1.252699e-01	0.000000e+00	-4.347480e+03	1.900194e+05
5.117000e-01	1.801383e+05	-4.122195e-02	1.255289e-01	0.000000e+00	-1.755088e+03	1.818934e+05
5.128900e-01	1.707214e+05	-4.137148e-02	1.257774e-01	0.000000e+00	-1.367428e+03	1.720888e+05
5.140800e-01	1.752545e+05	-4.152130e-02	1.260224e-01	0.000000e+00	-1.619617e+03	1.768741e+05
5.152700e-01	1.646298e+05	-4.167141e-02	1.262631e-01	0.000000e+00	-3.083314e+03	1.677132e+05
5.164600e-01	1.690514e+05	-4.182181e-02	1.264994e-01	0.000000e+00	-5.744505e+02	1.696258e+05
5.176500e-01	2.024900e+05	-4.197248e-02	1.267625e-01	0.000000e+00	-2.790927e+03	2.052809e+05
5.188400e-01	1.925996e+05	-4.212350e-02	1.270423e-01	0.000000e+00	-1.830551e+03	1.944302e+05
5.200300e-01	1.810695e+05	-4.227484e-02	1.273069e-01	0.000000e+00	-3.189969e+03	1.842595e+05
5.212200e-01	1.802206e+05	-4.242649e-02	1.275628e-01	0.000000e+00	-5.279277e+03	1.854999e+05
5.224100e-01	1.706820e+05	-4.257844e-02	1.278113e-01	0.000000e+00	-4.969918e+03	1.756519e+05
5.236000e-01	1.776164e+05	-4.273068e-02	1.280579e-01	0.000000e+00	-4.571188e+03	1.821875e+05
5.247900e-01	1.751008e+05	-4.288322e-02	1.283077e-01	0.000000e+00	-3.058074e+03	1.781588e+05
5.259800e-01	1.855299e+05	-4.303605e-02	1.285631e-01	0.000000e+00	-2.307075e+03	1.878370e+05
5.271700e-01	1.725411e+05	-4.318920e-02	1.288167e-01	0.000000e+00	-2.063359e+03	1.746044e+05
5.283600e-01	1.851057e+05	-4.334264e-02	1.290699e-01	0.000000e+00	-2.001663e+03	1.871073e+05
5.295500e-01	1.671279e+05	-4.349639e-02	1.293194e-01	0.000000e+00	-3.464210e+03	1.705922e+05
5.307400e-01	1.644810e+05	-4.365042e-02	1.295542e-01	0.000000e+00	-3.410063e+03	1.678910e+05
5.319300e-01	1.844819e+05	-4.380473e-02	1.298013e-01	0.000000e+00	-1.641936e+03	1.861239e+05
5.331200e-01	1.657115e+05	-4.395934e-02	1.300493e-01	0.000000e+00	-3.039898e+03	1.687514e+05
5.343100e-01	1.802533e+05	-4.411424e-02	1.302943e-01	0.000000e+00	-2.736046e+03	1.829894e+05
5.355000e-01	1.825565e+05	-4.426945e-02	1.305513e-01	0.000000e+00	-1.850128e+02	1.827415e+05
5.366900e-01	1.678077e+05	-4.442496e-02	1.307994e-01	0.000000e+00	-1.993112e+03	1.698008e+05
5.378800e-01	1.803670e+05	-4.458075e-02	1.310459e-01	0.000000e+00	-2.149710e+03	1.825167e+05
5.390700e-01	1.714310e+05	-4.473684e-02	1.312951e-01	0.000000e+00	-1.457316e+03	1.728883e+05
5.402600e-01	1.714712e+05	-4.489323e-02	1.315379e-01	0.000000e+00	-3.652322e+03	1.751235e+05
5.414500e-01	1.784377e+05	-4.504990e-02	1.317857e-01	0.000000e+00	-1.800080e+03	1.802378e+05
5.426400e-01	1.889642e+05	-4.520688e-02	1.320459e-01	0.000000e+00	-2.527730e+03	1.914919e+05
5.438300e-01	1.778786e+05	-4.536417e-02	1.323057e-01	0.000000e+00	-2.856510e+03	1.807351e+05
5.450200e-01	1.784517e+05	-4.552177e-02	1.325580e-01	0.000000e+00	-4.710876e+03	1.831626e+05
5.462100e-01	1.630256e+05	-4.567966e-02	1.327998e-01	0.000000e+00	-5.951460e+03	1.689771e+05
5.474000e-01	1.698560e+05	-4.583783e-02	1.330356e-01	0.000000e+00	-5.849126e+03	1.757051e+05
5.485900e-01	1.707435e+05	-4.599629e-02	1.332768e-01	0.000000e+00	-1.790738e+03	1.725342e+05
5.497800e-01	1.770534e+05	-4.615503e-02	1.335231e-01	0.000000e+00	-2.051045e+03	1.791045e+05
5.509700e-01	1.804781e+05	-4.631407e-02	1.337762e-01	0.000000e+00	-3.822655e+03	1.843007e+05
5.521600e-01	1.700463e+05	-4.647342e-02	1.340245e-01	0.000000e+00	-1.503107e+03	1.715494e+05
5.533500e-01	1.840956e+05	-4.663305e-02	1.342753e-01	0.000000e+00	-2.285547e+03	1.863811e+05
5.545400e-01	1.749484e+05	-4.679299e-02	1.345295e-01	0.000000e+00	-1.101466e+03	1.760498e+05
5.557300e-01	1.918096e+05	-4.695323e-02	1.347893e-01	0.000000e+00	-2.644654e+03	1.944542e+05
5.569200e-01	1.688975e+05	-4.711379e-02	1.350447e-01	0.000000e+00	-2.841549e+03	1.717390e+05
5.581100e-01	1.843279e+05	-4.727464e-02	1.352948e-01	0.000000e+00	-1.005960e+03	1.853338e+05
5.593000e-01	1.928018e+05	-4.743579e-02	1.355619e-01	0.000000e+00	-2.011966e+03	1.948137e+05
5.604900e-01	1.871795e+05	-4.759727e-02	1.358310e-01	0.000000e+00	-2.383084e+03	1.895626e+05
5.616800e-01	1.806305e+05	-4.775907e-02	1.360915e-01	0.000000e+00	-2.614756e+03	1.832453e+05
5.628700e-01	1.842420e+05	-4.792117e-02	1.363499e-01	0.000000e+00	-1.258708e+03	1.855007e+05
5.640600e-01	1.743708e+05	-4.808358e-02	1.366038e-01	0.000000e+00	-3.374387e+03	1.777452e+05
5.652500e-01	1.684253e+05	-4.824629e-02	1.368466e-01	0.000000e+00	-2.882314e+03	1.713076e+05
5.664400e-01	1.656615e+05	-4.840928e-02	1.370832e-01	0.000000e+00	-1.151526e+03	1.668131e+05
5.676300e-01	1.868729e+05	-4.857255e-02	1.373328e-01	0.000000e+00	-2.295512e+03	1.891684e+05
5.688200e-01	1.877195e+05	-4.873613e-02	1.375981e-01	0.000000e+00	-1.158769e+03	1.888783e+05
5.700100e-01	1.960901e+05	-4.890003e-02	1.378699e-01	0.000000e+00	-1.363377e+03	1.974535e+05
5.712000e-01	1.946142e+05	-4.906426e-02	1.381466e-01	0.000000e+00	-5.093152e+03	1.997073e+05
5.723900e-01	1.749088e+05	-4.922882e-02	1.384082e-01	0.000000e+00	-7.486441e+03	1.823952e+05
5.735800e-01	1.893210e+05	-4.939367e-02	1.386662e-01	0.000000e+00	-5.380824e+03	1.947019e+05
5.747700e-01	1.709408e+05	-4.955884e-02	1.389213e-01	0.000000e+00	-1.092068e+03	1.720329e+05
5.759600e-01	1.902529e+05	-4.972430e-02	1.391771e-01	0.000000e+00	-2.276258e+03	1.925292e+05
5.771500e-01	1.823990e+05	-4.989009e-02	1.394410e-01	0.000000e+00	-2.083972e+03	1.844830e+05
5.783400e-01	1.844705e+05	-5.005617e-02	1.397008e-01	0.000000e+00	-2.533989e+03	1.870045e+05
5.795300e-01	1.881633e+05	-5.022257e-02	1.399647e-01	0.000000e+00	-3.408862e+03	1.915722e+05
5.807200e-01	1.725214e+05	-5.038929e-02	1.402201e-01	0.000000e+00	-1.613136e+03	1.741346e+05
5.819100e-01	1.550209e+05	-5.055630e-02	1.404521e-01	0.000000e+00	-2.529713e+03	1.575506e+05
5.831000e-01	1.762238e+05	-5.072357e-02	1.406866e-01	0.000000e+00	-2.311956e+03	1.785357e+05
5.842900e-01	1.825918e+05	-5.089113e-02	1.409407e-01	0.000000e+00	-3.160426e+03	1.857523e+05
5.854800e-01	1.709741e+05	-5.105900e-02	1.411911e-01	0.000000e+00	-4.462250e+03	1.754364e+05
5.866700e-01	1.707426e+05	-5.122717e-02	1.414331e-01	0.000000e+00	-1.021963e+03	1.717646e+05
5.878600e-01	1.936248e+05	-5.139562e-02	1.416911e-01	0.000000e+00	-2.125442e+03	1.957502e+05
5.890500e-01	1.718154e+05	-5.156439e-02	1.419499e-01	0.000000e+00	-3.565382e+03	1.753808e+05
5.902400e-01	1.762736e+05	-5.173346e-02	1.421964e-01	0.000000e+00	-3.528803e+03	1.798024e+05
5.914300e-01	1.789929e+05	-5.190282e-02	1.424480e-01	0.000000e+00	-7.247127e+03	1.862400e+05
5.926200e-01	1.641639e+05	-5.207248e-02	1.426910e-01	0.000000e+00	-4.685631e+03	1.688495e+05
5.938100e-01	1.598779e+05	-5.224242e-02	1.429205e-01	0.000000e+00	-2.361155e+03	1.622391e+05
5.950000e-01	1.693736e+05	-5.241263e-02	1.431537e-01	0.000000e+00	-1.560541e+03	1.709342e+05
5.961900e-01	1.804693e+05	-5.258313e-02	1.434014e-01	0.000000e+00	-2.029843e+03	1.824991e+05
5.973800e-01	1.851679e+05	-5.275393e-02	1.436604e-01	0.000000e+00	-2.716080e+03	1.878839e+05
5.985700e-01	1.751937e+05	-5.292504e-02	1.439155e-01	0.000000e+00	-2.085716e+03	1.772794e+05
5.997600e-01	1.824674e+05	-5.309645e-02	1.441688e-01	0.000000e+00	-1.915589e+03	1.843830e+05
6.009500e-01	1.814425e+05	-5.326816e-02	1.444265e-01	0.000000e+00	-2.058403e+03	1.835009e+05
6.021400e-01	1.744304e+05	-5.344018e-02	1.446786e-01	0.000000e+00	-6.902513e+02	1.751207e+05
6.033300e-01	1.758645e+05	-5.361250e-02	1.449266e-01	0.000000e+00	-2.637171e+03	1.785017e+05
6.045200e-01	1.756116e+05	-5.378511e-02	1.451755e-01	0.000000e+00	-2.617232e+03	1.782288e+05
6.057100e-01	1.746599e+05	-5.395802e-02	1.454236e-01	0.000000e+00	-1.947848e+03	1.766077e+05
6.069000e-01	1.685071e+05	-5.413122e-02	1.456666e-01	0.000000e+00	-2.296619e+03	1.708037e+05
6.080900e-01	1.906292e+05	-5.430470e-02	1.459209e-01	0.000000e+00	-1.165049e+03	1.917943e+05
6.092800e-01	1.946996e+05	-5.447851e-02	1.461938e-01	0.000000e+00	-5.526315e+02	1.952523e+05
6.104700e-01	1.772861e+05	-5.465264e-02	1.464572e-01	0.000000e+00	-1.436078e+03	1.787221e+05
6.116600e-01	1.865314e+05	-5.482708e-02	1.467149e-01	0.000000e+00	-1.005136e+03	1.875365e+05
6.128500e-01	1.725011e+05	-5.500182e-02	1.469691e-01	0.000000e+00	-9.911395e+02	1.734923e+05
6.140400e-01	1.676665e+05	-5.517686e-02	1.472100e-01	0.000000e+00	-1.699231e+03	1.693657e+05
6.152300e-01	1.869822e+05	-5.535218e-02	1.474612e-01	0.000000e+00	-1.221105e+03	1.882033e+05
6.164200e-01	1.867879e+05	-5.552782e-02	1.477259e-01	0.000000e+00	-2.268189e+03	1.890561e+05
6.176100e-01	1.915407e+05	-5.570377e-02	1.479938e-01	0.000000e+00	-2.241994e+03	1.937827e+05
6.188000e-01	1.823335e+05	-5.588005e-02	1.482585e-01	0.000000e+00	-2.073055e+03	1.844066e+05
6.199900e-01	1.844845e+05	-5.605663e-02	1.485183e-01	0.000000e+00	-2.577254e+03	1.870618e+05
6.211800e-01	1.843229e+05	-5.623352e-02	1.487795e-01	0.000000e+00	-1.213748e+03	1.855366e+05
6.223700e-01	1.817023e+05	-5.641072e-02	1.490387e-01	0.000000e+00	-1.733962e+03	1.834362e+05
6.235600e-01	1.647153e+05	-5.658823e-02	1.492840e-01	0.000000e+00	-2.719061e+03	1.674343e+05
6.247500e-01	1.729452e+05	-5.676602e-02	1.495231e-01	0.000000e+00	-3.226691e+03	1.761719e+05
6.259400e-01	1.613484e+05	-5.694410e-02	1.497599e-01	0.000000e+00	-3.471611e+03	1.648200e+05
6.271300e-01	1.744588e+05	-5.712245e-02	1.499977e-01	0.000000e+00	-2.402141e+03	1.768610e+05
6.283200e-01	1.791670e+05	-5.730109e-02	1.502481e-01	0.000000e+00	-1.403937e+03	1.805709e+05
6.295100e-01	1.808804e+05	-5.748004e-02	1.505031e-01	0.000000e+00	-2.535330e+03	1.834158e+05
6.307000e-01	1.686571e+05	-5.765929e-02	1.507506e-01	0.000000e+00	-2.268558e+03	1.709256e+05
6.318900e-01	1.699295e+05	-5.783882e-02	1.509904e-01	0.000000e+00	-1.922344e+03	1.718518e+05
6.330800e-01	1.743342e+05	-5.801865e-02	1.512342e-01	0.000000e+00	-3.639253e+03	1.779735e+05
6.342700e-01	1.705657e+05	-5.819876e-02	1.514784e-01	0.000000e+00	-2.811797e+03	1.733775e+05
6.354600e-01	1.654070e+05	-5.837916e-02	1.517163e-01	0.000000e+00	-3.732803e+03	1.691398e+05
6.366500e-01	1.786376e+05	-5.855985e-02	1.519600e-01	0.000000e+00	-4.639893e+03	1.832775e+05
6.378400e-01	1.828398e+05	-5.874083e-02	1.522160e-01	0.000000e+00	-3.754843e+03	1.865946e+05
6.390300e-01	1.816050e+05	-5.892212e-02	1.524741e-01	0.000000e+00	-1.567929e+03	1.831730e+05
6.402200e-01	1.759599e+05	-5.910372e-02	1.527273e-01	0.000000e+00	-1.539640e+03	1.774995e+05
6.414100e-01	1.716919e+05	-5.928561e-02	1.529735e-01	0.000000e+00	-9.544943e+02	1.726464e+05
6.426000e-01	1.850478e+05	-5.946779e-02	1.532261e-01	0.000000e+00	-1.849243e+03	1.868970e+05
6.437900e-01	1.982425e+05	-5.965029e-02	1.534975e-01	0.000000e+00	-2.569342e+03	2.008119e+05
6.449800e-01	1.803688e+05	-5.983312e-02	1.537656e-01	0.000000e+00	-1.983575e+03	1.823524e+05
6.461700e-01	1.735728e+05	-6.001625e-02	1.540163e-01	0.000000e+00	-3.706639e+03	1.772795e+05
6.473600e-01	1.927309e+05	-6.019968e-02	1.542757e-01	0.000000e+00	-3.525245e+03	1.962561e+05
6.485500e-01	1.811285e+05	-6.038343e-02	1.545405e-01	0.000000e+00	-2.029834e+03	1.831583e+05
6.497400e-01	1.740929e+05	-6.056748e-02	1.547920e-01	0.000000e+00	-1.479567e+03	1.755724e+05
6.509300e-01	1.806858e+05	-6.075183e-02	1.550433e-01	0.000000e+00	-1.914358e+03	1.826002e+05
6.521200e-01	1.680355e+05	-6.093649e-02	1.552902e-01	0.000000e+00	-2.711891e+03	1.707474e+05
6.533100e-01	1.826371e+05	-6.112142e-02	1.555385e-01	0.000000e+00	-4.246831e+03	1.868840e+05
6.545000e-01	1.753906e+05	-6.130667e-02	1.557921e-01	0.000000e+00	-5.420817e+03	1.808115e+05
6.556900e-01	1.952079e+05	-6.149221e-02	1.560545e-01	0.000000e+00	-4.384117e+03	1.995920e+05
6.568800e-01	1.860598e+05	-6.167808e-02	1.563245e-01	0.000000e+00	-1.844474e+03	1.879043e+05
6.580700e-01	1.752123e+05	-6.186426e-02	1.565804e-01	0.000000e+00	-8.282110e+02	1.760405e+05
6.592600e-01	1.899160e+05	-6.205074e-02	1.568389e-01	0.000000e+00	-2.825094e+03	1.927411e+05
6.604500e-01	1.636492e+05	-6.223754e-02	1.570893e-01	0.000000e+00	-3.020367e+03	1.666695e+05
6.616400e-01	1.690248e+05	-6.242461e-02	1.573249e-01	0.000000e+00	-2.150965e+03	1.711758e+05
6.628300e-01	1.657437e+05	-6.261197e-02	1.575620e-01	0.000000e+00	-3.662700e+03	1.694064e+05
6.640200e-01	1.727695e+05	-6.279961e-02	1.578017e-01	0.000000e+00	-1.320761e+03	1.740902e+05
6.652100e-01	1.836960e+05	-6.298754e-02	1.580541e-01	0.000000e+00	-3.004941e+03	1.867010e+05
6.664000e-01	1.878871e+05	-6.317578e-02	1.583173e-01	0.000000e+00	-2.295769e+03	1.901829e+05
6.675900e-01	1.763782e+05	-6.336433e-02	1.585752e-01	0.000000e+00	-2.061785e+03	1.784400e+05
6.687800e-01	1.819804e+05	-6.355319e-02	1.588290e-01	0.000000e+00	-1.425564e+03	1.834059e+05
6.699700e-01	1.859158e+05	-6.374235e-02	1.590895e-01	0.000000e+00	-6.505696e+02	1.865663e+05
6.711600e-01	1.911329e+05	-6.393182e-02	1.593566e-01	0.000000e+00	-1.756236e+03	1.928892e+05
6.723500e-01	1.834874e+05	-6.412162e-02	1.596219e-01	0.000000e+00	-2.292265e+03	1.857797e+05
6.735400e-01	1.895925e+05	-6.431172e-02	1.598861e-01	0.000000e+00	-2.473713e+03	1.920662e+05
6.747300e-01	1.947554e+05	-6.450214e-02	1.601582e-01	0.000000e+00	-3.061036e+03	1.978164e+05
6.759200e-01	1.683429e+05	-6.469290e-02	1.604154e-01	0.000000e+00	-2.579966e+03	1.709228e+05
6.771100e-01	1.864888e+05	-6.488393e-02	1.606666e-01	0.000000e+00	-1.916428e+03	1.884053e+05
6.783000e-01	1.873400e+05	-6.507528e-02	1.609314e-01	0.000000e+00	-1.452858e+03	1.887929e+05
6.794900e-01	1.955620e+05	-6.526695e-02	1.612025e-01	0.000000e+00	-3.157083e+03	1.987191e+05
6.806800e-01	1.671291e+05	-6.545895e-02	1.614594e-01	0.000000e+00	-3.032543e+03	1.701616e+05
6.818700e-01	1.920384e+05	-6.565122e-02	1.617137e-01	0.000000e+00	-8.051376e+02	1.928436e+05
6.830600e-01	1.957360e+05	-6.584382e-02	1.619883e-01	0.000000e+00	-1.500004e+03	1.972360e+05
6.842500e-01	1.740054e+05	-6.603676e-02	1.622502e-01	0.000000e+00	-1.475486e+02	1.741529e+05
6.854400e-01	1.688959e+05	-6.622998e-02	1.624930e-01	0.000000e+00	-1.689956e+03	1.705859e+05
6.866300e-01	1.577507e+05	-6.642349e-02	1.627243e-01	0.000000e+00	-4.238046e+03	1.619887e+05
6.878200e-01	1.740735e+05	-6.661726e-02	1.629593e-01	0.000000e+00	-3.251119e+03	1.773247e+05
6.890100e-01	1.764099e+05	-6.681133e-02	1.632075e-01	0.000000e+00	-1.940924e+03	1.783508e+05
6.902000e-01	1.806641e+05	-6.700570e-02	1.634604e-01	0.000000e+00	-3.910747e+03	1.845748e+05
6.913900e-01	1.684614e+05	-6.720037e-02	1.637076e-01	0.000000e+00	-3.209144e+03	1.716706e+05
6.925800e-01	1.710336e+05	-6.739532e-02	1.639480e-01	0.000000e+00	-1.524949e+03	1.725586e+05
6.937700e-01	1.820001e+05	-6.759056e-02	1.641980e-01	0.000000e+00	-1.405626e+03	1.834057e+05
6.949600e-01	1.755806e+05	-6.778611e-02	1.644513e-01	0.000000e+00	-3.208427e+03	1.787891e+05
6.961500e-01	1.862695e+05	-6.798196e-02	1.647075e-01	0.000000e+00	-8.311460e+02	1.871007e+05
6.973400e-01	1.952177e+05	-6.817812e-02	1.649777e-01	0.000000e+00	-1.869999e+03	1.970877e+05
6.985300e-01	1.766663e+05	-6.837460e-02	1.652410e-01	0.000000e+00	-2.185826e+03	1.788521e+05
6.997200e-01	1.834569e+05	-6.857139e-02	1.654961e-01	0.000000e+00	-1.132855e+03	1.845898e+05
7.009100e-01	1.824844e+05	-6.876849e-02	1.657552e-01	0.000000e+00	-2.201388e+03	1.846858e+05
7.021000e-01	1.914241e+05	-6.896589e-02	1.660200e-01	0.000000e+00	-1.952896e+03	1.933770e+05
7.032900e-01	1.815551e+05	-6.916361e-02	1.662841e-01	0.000000e+00	-2.293266e+03	1.838483e+05
7.044800e-01	1.697390e+05	-6.936164e-02	1.665329e-01	0.000000e+00	-1.029890e+03	1.707689e+05
7.056700e-01	1.638125e+05	-6.955996e-02	1.667691e-01	0.000000e+00	-2.309248e+03	1.661218e+05
7.068600e-01	1.694967e+05	-6.975855e-02	1.670051e-01	0.000000e+00	-2.558014e+03	1.720547e+05
7.080500e-01	1.814569e+05	-6.995743e-02	1.672537e-01	0.000000e+00	-7.471765e+02	1.822041e+05
7.092400e-01	1.827617e+05	-7.015662e-02	1.675116e-01	0.000000e+00	-3.073205e+03	1.858349e+05
7.104300e-01	1.978170e+05	-7.035611e-02	1.677811e-01	0.000000e+00	-1.278641e+03	1.990956e+05
7.116200e-01	2.008341e+05	-7.055594e-02	1.680634e-01	0.000000e+00	-9.997864e+02	2.018338e+05
7.128100e-01	1.767171e+05	-7.075610e-02	1.683308e-01	0.000000e+00	-2.343443e+03	1.790606e+05
7.140000e-01	1.950383e+05	-7.095656e-02	1.685941e-01	0.000000e+00	-1.432294e+03	1.964706e+05
7.151900e-01	1.910408e+05	-7.115736e-02	1.688675e-01	0.000000e+00	-3.432211e+03	1.944730e+05
7.163800e-01	1.854116e+05	-7.135847e-02	1.691341e-01	0.000000e+00	-1.689884e+03	1.871015e+05
7.175700e-01	1.831034e+05	-7.155989e-02	1.693950e-01	0.000000e+00	-5.056354e+03	1.881598e+05
7.187600e-01	1.802114e+05	-7.176163e-02	1.696523e-01	0.000000e+00	-5.081666e+03	1.852931e+05
7.199500e-01	1.731457e+05	-7.196367e-02	1.699026e-01	0.000000e+00	-1.519771e+03	1.746655e+05
7.211400e-01	1.875122e+05	-7.216600e-02	1.701580e-01	0.000000e+00	-1.905627e+03	1.894179e+05
7.223300e-01	1.897751e+05	-7.236864e-02	1.704251e-01	0.000000e+00	-2.647794e+03	1.924229e+05
7.235200e-01	1.766039e+05	-7.257161e-02	1.706846e-01	0.000000e+00	-1.322902e+03	1.779268e+05
7.247100e-01	1.769291e+05	-7.277487e-02	1.709350e-01	0.000000e+00	-4.528567e+02	1.773819e+05
7.259000e-01	1.674243e+05	-7.297843e-02	1.711788e-01	0.000000e+00	-1.554462e+03	1.689788e+05
7.270900e-01	1.736821e+05	-7.318228e-02	1.714204e-01	0.000000e+00	-1.795816e+03	1.754779e+05
7.282800e-01	1.857150e+05	-7.338641e-02	1.716749e-01	0.000000e+00	-1.719117e+03	1.874341e+05
7.294700e-01	1.885083e+05	-7.359086e-02	1.719399e-01	0.000000e+00	-8.213531e+02	1.893297e+05
7.306600e-01	1.813295e+05	-7.379563e-02	1.722018e-01	0.000000e+00	-2.546574e+03	1.838761e+05
7.318500e-01	1.851355e+05	-7.400070e-02	1.724613e-01	0.000000e+00	-4.012946e+03	1.891485e+05
7.330400e-01	1.725341e+05	-7.420609e-02	1.727146e-01	0.000000e+00	-2.178409e+03	1.747125e+05
7.342300e-01	1.756913e+05	-7.441177e-02	1.729612e-01	0.000000e+00	-2.813963e+03	1.785053e+05
7.354200e-01	2.090445e+05	-7.461774e-02	1.732337e-01	0.000000e+00	-1.578914e+03	2.106234e+05
7.366100e-01	1.821769e+05	-7.482406e-02	1.735107e-01	0.000000e+00	-7.771963e+02	1.829541e+05
7.378000e-01	1.786868e+05	-7.503069e-02	1.737663e-01	0.000000e+00	-2.631643e+03	1.813185e+05
7.389900e-01	1.884136e+05	-7.523763e-02	1.740262e-01	0.000000e+00	-1.820125e+03	1.902337e+05
7.401800e-01	1.846936e+05	-7.544488e-02	1.742905e-01	0.000000e+00	-8.881096e+02	1.855817e+05
7.413700e-01	1.800245e+05	-7.565244e-02	1.745487e-01	0.000000e+00	-1.215317e+03	1.812398e+05
7.425600e-01	1.846944e+05	-7.586030e-02	1.748070e-01	0.000000e+00	-2.025517e+03	1.867199e+05
7.437500e-01	1.666195e+05	-7.606848e-02	1.750558e-01	0.000000e+00	-2.428512e+03	1.690480e+05
7.449400e-01	1.522567e+05	-7.627693e-02	1.752816e-01	0.000000e+00	-1.579055e+03	1.538358e+05
7.461300e-01	1.759787e+05	-7.648565e-02	1.755141e-01	0.000000e+00	-9.404532e+02	1.769191e+05
7.473200e-01	1.819213e+05	-7.669466e-02	1.757675e-01	0.000000e+00	-3.091847e+03	1.850131e+05
7.485100e-01	1.762362e+05	-7.690397e-02	1.760212e-01	0.000000e+00	-7.328961e+02	1.769691e+05
7.497000e-01	1.737373e+05	-7.711359e-02	1.762690e-01	0.000000e+00	-7.577023e+02	1.744950e+05
7.508900e-01	1.931560e+05	-7.732349e-02	1.765288e-01	0.000000e+00	-2.453121e+03	1.956091e+05
7.520800e-01	2.083466e+05	-7.753373e-02	1.768131e-01	0.000000e+00	-4.402157e+03	2.127488e+05
7.532700e-01	1.865961e+05	-7.774431e-02	1.770928e-01	0.000000e+00	-3.860744e+03	1.904569e+05
7.544600e-01	1.678375e+05	-7.795521e-02	1.773438e-01	0.000000e+00	-3.266333e+03	1.711038e+05
7.556500e-01	1.907014e+05	-7.816639e-02	1.775977e-01	0.000000e+00	-1.177541e+03	1.918789e+05
7.568400e-01	1.771985e+05	-7.837789e-02	1.778583e-01	0.000000e+00	-1.352543e+03	1.785510e+05
7.580300e-01	1.951418e+05	-7.858969e-02	1.781219e-01	0.000000e+00	-1.537514e+03	1.966793e+05
7.592200e-01	1.732691e+05	-7.880182e-02	1.783828e-01	0.000000e+00	-9.262051e+02	1.741954e+05
7.604100e-01	1.849619e+05	-7.901424e-02	1.786365e-01	0.000000e+00	-3.432351e+03	1.883943e+05
7.616000e-01	1.778905e+05	-7.922698e-02	1.788935e-01	0.000000e+00	-3.471126e+03	1.813616e+05
7.627900e-01	1.943873e+05	-7.944001e-02	1.791571e-01	0.000000e+00	-1.831451e+03	1.962188e+05
7.639800e-01	1.869719e+05	-7.965337e-02	1.794272e-01	0.000000e+00	-3.080811e+03	1.900528e+05
7.651700e-01	1.638281e+05	-7.986705e-02	1.796756e-01	0.000000e+00	-1.946459e+03	1.657745e+05
7.663600e-01	1.754152e+05	-8.008100e-02	1.799158e-01	0.000000e+00	-1.922814e+03	1.773380e+05
7.675500e-01	1.749063e+05	-8.029524e-02	1.801639e-01	0.000000e+00	-2.610974e+03	1.775173e+05
7.687400e-01	1.605812e+05	-8.050979e-02	1.804015e-01	0.000000e+00	-1.723317e+03	1.623045e+05
7.699300e-01	1.747001e+05	-8.072460e-02	1.806389e-01	0.000000e+00	-3.829010e+03	1.785291e+05
7.711200e-01	1.774844e+05	-8.093971e-02	1.808884e-01	0.000000e+00	-2.854264e+03	1.803386e+05
7.723100e-01	1.799759e+05	-8.115511e-02	1.811415e-01	0.000000e+00	-1.188461e+03	1.811644e+05
7.735000e-01	1.932996e+05	-8.137082e-02	1.814058e-01	0.000000e+00	0.000000e+00	1.932996e+05
7.746900e-01	1.788518e+05	-8.158686e-02	1.816694e-01	0.000000e+00	-7.712489e+02	1.796230e+05
7.758800e-01	1.648698e+05	-8.180320e-02	1.819128e-01	0.000000e+00	-1.304581e+03	1.661744e+05
7.770700e-01	1.717088e+05	-8.201981e-02	1.821511e-01	0.000000e+00	-1.869908e+03	1.735787e+05
7.782600e-01	1.815114e+05	-8.223672e-02	1.824013e-01	0.000000e+00	-1.995979e+03	1.835074e+05
7.794500e-01	1.880441e+05	-8.245393e-02	1.826630e-01	0.000000e+00	-1.637964e+03	1.896820e+05
7.806400e-01	1.809331e+05	-8.267146e-02	1.829243e-01	0.000000e+00	-2.548944e+03	1.834820e+05
7.818300e-01	1.752079e+05	-8.288929e-02	1.831765e-01	0.000000e+00	-2.801946e+03	1.780098e+05
7.830200e-01	1.864180e+05	-8.310742e-02	1.834326e-01	0.000000e+00	-2.439409e+03	1.888574e+05
7.842100e-01	1.922127e+05	-8.332586e-02	1.837007e-01	0.000000e+00	-6.227468e+03	1.984402e+05
7.854000e-01	1.895485e+05	-8.354462e-02	1.839711e-01	0.000000e+00	-3.200724e+03	1.927492e+05
7.865900e-01	1.745441e+05	-8.376371e-02	1.842289e-01	0.000000e+00	-2.142076e+03	1.766862e+05
7.877800e-01	1.898598e+05	-8.398309e-02	1.844870e-01	0.000000e+00	-2.020444e+03	1.918802e+05
7.889700e-01	1.783591e+05	-8.420279e-02	1.847477e-01	0.000000e+00	-2.084739e+03	1.804438e+05
7.901600e-01	1.989989e+05	-8.442279e-02	1.850149e-01	0.000000e+00	-1.991521e+03	2.009904e+05
7.913500e-01	1.919622e+05	-8.464312e-02	1.852918e-01	0.000000e+00	-5.764924e+02	1.925387e+05
7.925400e-01	1.935174e+05	-8.486378e-02	1.855648e-01	0.000000e+00	0.000000e+00	1.935174e+05
7.937300e-01	2.136041e+05	-8.508477e-02	1.858531e-01	0.000000e+00	-2.859523e+02	2.138901e+05
7.949200e-01	1.889961e+05	-8.530611e-02	1.861382e-01	0.000000e+00	-1.733584e+03	1.907297e+05
7.961100e-01	1.744757e+05	-8.552778e-02	1.863956e-01	0.000000e+00	-2.429329e+03	1.769050e+05
7.973000e-01	1.848677e+05	-8.574973e-02	1.866501e-01	0.000000e+00	-1.547110e+03	1.864148e+05
7.984900e-01	1.853178e+05	-8.597200e-02	1.869122e-01	0.000000e+00	-2.086910e+03	1.874047e+05
7.996800e-01	1.860710e+05	-8.619459e-02	1.871752e-01	0.000000e+00	-2.724339e+03	1.887954e+05
8.008700e-01	1.835217e+05	-8.641748e-02	1.874370e-01	0.000000e+00	-3.271269e+03	1.867930e+05
8.020600e-01	2.045537e+05	-8.664069e-02	1.877118e-01	0.000000e+00	-1.207840e+03	2.057616e+05
8.032500e-01	1.976626e+05	-8.686423e-02	1.879966e-01	0.000000e+00	-1.025380e+03	1.986880e+05
8.044400e-01	1.793735e+05	-8.708812e-02	1.882636e-01	0.000000e+00	-1.734421e+03	1.811079e+05
8.056300e-01	1.883316e+05	-8.731230e-02	1.885240e-01	0.000000e+00	-1.802942e+03	1.901346e+05
8.068200e-01	1.907850e+05	-8.753680e-02	1.887925e-01	0.000000e+00	-3.413367e+02	1.911264e+05
8.080100e-01	1.829886e+05	-8.776163e-02	1.890572e-01	0.000000e+00	-2.452180e+03	1.854408e+05
8.092000e-01	1.898856e+05	-8.798676e-02	1.893213e-01	0.000000e+00	-1.487505e+03	1.913731e+05
8.103900e-01	1.712098e+05	-8.821221e-02	1.895770e-01	0.000000e+00	-2.396499e+02	1.714494e+05
8.115800e-01	1.804466e+05	-8.843795e-02	1.898260e-01	0.000000e+00	-7.631368e+02	1.812097e+05
8.127700e-01	1.721386e+05	-8.866400e-02	1.900757e-01	0.000000e+00	-3.044661e+03	1.751833e+05
8.139600e-01	1.795144e+05	-8.889033e-02	1.903247e-01	0.000000e+00	-4.238443e+03	1.837529e+05
8.151500e-01	1.848442e+05	-8.911697e-02	1.905827e-01	0.000000e+00	-3.303683e+03	1.881478e+05
8.163400e-01	1.871149e+05	-8.934392e-02	1.908462e-01	0.000000e+00	-1.451470e+03	1.885663e+05
8.175300e-01	1.929562e+05	-8.957119e-02	1.911153e-01	0.000000e+00	-1.279862e+03	1.942361e+05
8.187200e-01	1.713957e+05	-8.979878e-02	1.913733e-01	0.000000e+00	-1.885130e+03	1.732808e+05
8.199100e-01	1.917936e+05	-9.002665e-02	1.916305e-01	0.000000e+00	-5.665925e+02	1.923602e+05
8.211000e-01	1.931682e+05	-9.025486e-02	1.919031e-01	0.000000e+00	-3.866765e+02	1.935549e+05
8.222900e-01	1.866593e+05	-9.048338e-02	1.921721e-01	0.000000e+00	-2.255217e+03	1.889145e+05
8.234800e-01	1.825982e+05	-9.071223e-02	1.924336e-01	0.000000e+00	-3.238030e+03	1.858363e+05
8.246700e-01	1.785696e+05	-9.094138e-02	1.926894e-01	0.000000e+00	-3.438642e+03	1.820083e+05
8.258600e-01	1.757741e+05	-9.117083e-02	1.929403e-01	0.000000e+00	-1.751989e+03	1.775261e+05
8.270500e-01	1.932495e+05	-9.140057e-02	1.932016e-01	0.000000e+00	-9.678942e+02	1.942174e+05
8.282400e-01	1.797502e+05	-9.163065e-02	1.934658e-01	0.000000e+00	-6.327465e+02	1.803829e+05
8.294300e-01	1.937079e+05	-9.186102e-02	1.937303e-01	0.000000e+00	-2.842126e+03	1.965500e+05
8.306200e-01	1.846911e+05	-9.209172e-02	1.939982e-01	0.000000e+00	-8.570243e+02	1.855482e+05
8.318100e-01	1.829578e+05	-9.232274e-02	1.942586e-01	0.000000e+00	-1.569713e+03	1.845275e+05
8.330000e-01	1.845898e+05	-9.255406e-02	1.945189e-01	0.000000e+00	-1.369709e+03	1.859595e+05
8.341900e-01	1.901184e+05	-9.278569e-02	1.947842e-01	0.000000e+00	-4.785215e+02	1.905969e+05
8.353800e-01	1.962475e+05	-9.301765e-02	1.950578e-01	0.000000e+00	-6.535212e+02	1.969010e+05
8.365700e-01	1.915641e+05	-9.324993e-02	1.953325e-01	0.000000e+00	-1.633028e+03	1.931972e+05
8.377600e-01	2.042265e+05	-9.348254e-02	1.956128e-01	0.000000e+00	-2.714147e+03	2.069407e+05
8.389500e-01	1.868199e+05	-9.371549e-02	1.958897e-01	0.000000e+00	-1.498808e+03	1.883188e+05
8.401400e-01	1.856431e+05	-9.394875e-02	1.961534e-01	0.000000e+00	-1.557073e+03	1.872002e+05
8.413300e-01	1.792277e+05	-9.418233e-02	1.964118e-01	0.000000e+00	-2.438978e+03	1.816666e+05
8.425200e-01	1.768707e+05	-9.441621e-02	1.966640e-01	0.000000e+00	-1.748137e+03	1.786188e+05
8.437100e-01	1.674564e+05	-9.465039e-02	1.969079e-01	0.000000e+00	-1.817253e+03	1.692737e+05
8.449000e-01	1.819814e+05	-9.488486e-02	1.971553e-01	0.000000e+00	-2.730144e+03	1.847116e+05
8.460900e-01	1.962198e+05	-9.511962e-02	1.974231e-01	0.000000e+00	-2.683373e+03	1.989031e+05
8.472800e-01	1.803159e+05	-9.535472e-02	1.976898e-01	0.000000e+00	-3.735181e+03	1.840511e+05
8.484700e-01	2.052360e+05	-9.559013e-02	1.979628e-01	0.000000e+00	-2.706629e+03	2.079427e+05
8.496600e-01	1.925772e+05	-9.582587e-02	1.982445e-01	0.000000e+00	-1.214984e+03	1.937922e+05
8.508500e-01	1.787694e+05	-9.606195e-02	1.985075e-01	0.000000e+00	-3.551808e+03	1.823212e+05
8.520400e-01	1.915565e+05	-9.629832e-02	1.987698e-01	0.000000e+00	-1.903230e+03	1.934598e+05
8.532300e-01	2.023158e+05	-9.653502e-02	1.990487e-01	0.000000e+00	0.000000e+00	2.023158e+05
8.544200e-01	2.074726e+05	-9.677206e-02	1.993389e-01	0.000000e+00	-1.071841e+03	2.085445e+05
8.556100e-01	2.074719e+05	-9.700945e-02	1.996327e-01	0.000000e+00	-2.081046e+03	2.095529e+05
8.568000e-01	2.057877e+05	-9.724718e-02	1.999254e-01	0.000000e+00	-1.889129e+03	2.076768e+05
8.579900e-01	1.867914e+05	-9.748527e-02	2.002034e-01	0.000000e+00	-3.483905e+02	1.871398e+05
8.591800e-01	1.765808e+05	-9.772367e-02	2.004607e-01	0.000000e+00	-1.424858e+03	1.780057e+05
8.603700e-01	1.997829e+05	-9.796237e-02	2.007273e-01	0.000000e+00	-1.108622e+03	2.008915e+05
8.615600e-01	1.960199e+05	-9.820140e-02	2.010076e-01	0.000000e+00	-8.661077e+02	1.968860e+05
8.627500e-01	1.712448e+05	-9.844076e-02	2.012676e-01	0.000000e+00	-8.544009e+02	1.720992e+05
8.639400e-01	1.857362e+05	-9.868042e-02	2.015204e-01	0.000000e+00	-1.096821e+03	1.868330e+05
8.651300e-01	1.764324e+05	-9.892038e-02	2.017769e-01	0.000000e+00	-2.874394e+03	1.793068e+05
8.663200e-01	1.667426e+05	-9.916064e-02	2.020199e-01	0.000000e+00	-3.708024e+03	1.704506e+05
8.675100e-01	1.622070e+05	-9.940119e-02	2.022529e-01	0.000000e+00	-2.166260e+03	1.643732e+05
8.687000e-01	1.871992e+05	-9.964201e-02	2.025003e-01	0.000000e+00	-7.021802e+02	1.879014e+05
8.698900e-01	1.759546e+05	-9.988314e-02	2.027575e-01	0.000000e+00	-1.404764e+03	1.773593e+05
8.710800e-01	2.119923e+05	-1.001246e-01	2.030322e-01	0.000000e+00	-8.865959e+02	2.128789e+05
8.722700e-01	1.914902e+05	-1.003664e-01	2.033180e-01	0.000000e+00	-1.126996e+03	1.926172e+05
8.734600e-01	1.866178e+05	-1.006085e-01	2.035857e-01	0.000000e+00	-1.866053e+03	1.884838e+05
8.746500e-01	1.799163e+05	-1.008509e-01	2.038453e-01	0.000000e+00	-5.739367e+02	1.804902e+05
8.758400e-01	1.785909e+05	-1.010936e-01	2.040992e-01	0.000000e+00	-8.440003e+02	1.794349e+05
8.770300e-01	1.989511e+05	-1.013366e-01	2.043665e-01	0.000000e+00	-9.102237e+02	1.998614e+05
8.782200e-01	1.940094e+05	-1.015800e-01	2.046448e-01	0.000000e+00	-1.359220e+03	1.953686e+05
8.794100e-01	1.915740e+05	-1.018237e-01	2.049179e-01	0.000000e+00	-1.651966e+03	1.932259e+05
8.806000e-01	1.999231e+05	-1.020677e-01	2.051951e-01	0.000000e+00	-4.701844e+02	2.003933e+05
8.817900e-01	1.908967e+05	-1.023121e-01	2.054719e-01	0.000000e+00	-6.467593e+02	1.915434e+05
8.829800e-01	1.842437e+05	-1.025567e-01	2.057375e-01	0.000000e+00	-3.457672e+02	1.845895e+05
8.841700e-01	1.924349e+05	-1.028017e-01	2.060043e-01	0.000000e+00	-1.260038e+03	1.936949e+05
8.853600e-01	1.727065e+05	-1.030470e-01	2.062629e-01	0.000000e+00	-2.234425e+03	1.749409e+05
8.865500e-01	1.813305e+05	-1.032926e-01	2.065136e-01	0.000000e+00	-3.614506e+02	1.816919e+05
8.877400e-01	1.756373e+05	-1.035385e-01	2.067664e-01	0.000000e+00	-8.575429e+02	1.764948e+05
8.889300e-01	1.787822e+05	-1.037847e-01	2.070174e-01	0.000000e+00	-3.086218e+03	1.818684e+05
8.901200e-01	1.702996e+05	-1.040312e-01	2.072646e-01	0.000000e+00	-3.233708e+03	1.735333e+05
8.913100e-01	1.736962e+05	-1.042780e-01	2.075082e-01	0.000000e+00	-1.225892e+03	1.749221e+05
8.925000e-01	1.766227e+05	-1.045251e-01	2.077563e-01	0.000000e+00	0.000000e+00	1.766227e+05
8.936900e-01	2.036885e+05	-1.047725e-01	2.080256e-01	0.000000e+00	-5.868051e+02	2.042753e+05
8.948800e-01	1.744646e+05	-1.050202e-01	2.082934e-01	0.000000e+00	-5.858710e+02	1.750504e+05
8.960700e-01	1.757515e+05	-1.052682e-01	2.085414e-01	0.000000e+00	-2.963358e+03	1.787149e+05
8.972600e-01	1.832809e+05	-1.055165e-01	2.087957e-01	0.000000e+00	-1.746319e+03	1.850272e+05
8.984500e-01	1.739238e+05	-1.057652e-01	2.090486e-01	0.000000e+00	-1.202414e+03	1.751262e+05
8.996400e-01	1.870622e+05	-1.060141e-01	2.093042e-01	0.000000e+00	-2.074923e+03	1.891371e+05
9.008300e-01	1.776644e+05	-1.062633e-01	2.095625e-01	0.000000e+00	-1.399557e+03	1.790640e+05
9.020200e-01	1.717057e+05	-1.065128e-01	2.098099e-01	0.000000e+00	-8.740739e+02	1.725797e+05
9.032100e-01	1.872149e+05	-1.067626e-01	2.100641e-01	0.000000e+00	-9.485195e+02	1.881634e+05
9.044000e-01	1.995434e+05	-1.070128e-01	2.103380e-01	0.000000e+00	-1.403740e+03	2.009472e+05
9.055900e-01	2.006056e+05	-1.072632e-01	2.106214e-01	0.000000e+00	-1.585167e+03	2.021908e+05
9.067800e-01	1.805721e+05	-1.075141e-01	2.108913e-01	0.000000e+00	-2.016873e+03	1.825889e+05
9.079700e-01	1.809947e+05	-1.077652e-01	2.111474e-01	0.000000e+00	-1.940110e+03	1.829348e+05
9.091600e-01	1.991268e+05	-1.080166e-01	2.114166e-01	0.000000e+00	-2.880702e+03	2.020075e+05
9.103500e-01	1.917397e+05	-1.082683e-01	2.116934e-01	0.000000e+00	-3.307639e+03	1.950473e+05
9.115400e-01	1.819953e+05	-1.085204e-01	2.119580e-01	0.000000e+00	-2.322243e+03	1.843176e+05
9.127300e-01	1.685698e+05	-1.087728e-01	2.122063e-01	0.000000e+00	-2.625153e+03	1.711950e+05
9.139200e-01	1.738901e+05	-1.090255e-01	2.124488e-01	0.000000e+00	-4.392761e+03	1.782828e+05
9.151100e-01	1.752267e+05	-1.092784e-01	2.126960e-01	0.000000e+00	-2.344331e+03	1.775710e+05
9.163000e-01	1.700344e+05	-1.095317e-01	2.129405e-01	0.000000e+00	-2.210593e+03	1.722450e+05
9.174900e-01	1.776075e+05	-1.097852e-01	2.131867e-01	0.000000e+00	-1.438099e+03	1.790456e+05
9.186800e-01	1.801130e+05	-1.100391e-01	2.134400e-01	0.000000e+00	-1.506027e+03	1.816191e+05
9.198700e-01	1.704311e+05	-1.102932e-01	2.136883e-01	0.000000e+00	-2.165803e+03	1.725969e+05
9.210600e-01	1.729676e+05	-1.105476e-01	2.139315e-01	0.000000e+00	-1.191467e+03	1.741591e+05
9.222500e-01	1.859879e+05	-1.108024e-01	2.141857e-01	0.000000e+00	-7.674637e+02	1.867553e+05
9.234400e-01	1.825761e+05	-1.110574e-01	2.144467e-01	0.000000e+00	-2.722907e+03	1.852990e+05
9.246300e-01	1.929732e+05	-1.113128e-01	2.147126e-01	0.000000e+00	-1.406323e+03	1.943795e+05
9.258200e-01	1.995058e+05	-1.115684e-01	2.149906e-01	0.000000e+00	-1.219136e+03	2.007249e+05
9.270100e-01	1.893796e+05	-1.118244e-01	2.152660e-01	0.000000e+00	-5.567306e+02	1.899363e+05
9.282000e-01	1.924191e+05	-1.120808e-01	2.155363e-01	0.000000e+00	-2.422841e+03	1.948419e+05
9.293900e-01	1.919387e+05	-1.123374e-01	2.158085e-01	0.000000e+00	-1.494570e+03	1.934333e+05
9.305800e-01	1.883775e+05	-1.125944e-01	2.160778e-01	0.000000e+00	-6.167281e+02	1.889942e+05
9.317700e-01	1.831657e+05	-1.128517e-01	2.163410e-01	0.000000e+00	-2.562706e+03	1.857284e+05
9.329600e-01	1.818733e+05	-1.131093e-01	2.165995e-01	0.000000e+00	-1.819106e+02	1.820552e+05
9.341500e-01	1.825087e+05	-1.133672e-01	2.168575e-01	0.000000e+00	-4.565483e+02	1.829652e+05
9.353400e-01	1.999447e+05	-1.136254e-01	2.171284e-01	0.000000e+00	-3.732222e+03	2.036769e+05
9.365300e-01	2.066926e+05	-1.138839e-01	2.174163e-01	0.000000e+00	-8.532463e+02	2.075459e+05
9.377200e-01	2.042878e+05	-1.141428e-01	2.177074e-01	0.000000e+00	-8.859177e+02	2.051737e+05
9.389100e-01	1.907671e+05	-1.144021e-01	2.179871e-01	0.000000e+00	-1.941511e+03	1.927086e+05
9.401000e-01	1.942356e+05	-1.146617e-01	2.182598e-01	0.000000e+00	-3.524730e+03	1.977604e+05
9.412900e-01	1.871241e+05	-1.149215e-01	2.185298e-01	0.000000e+00	-9.841658e+02	1.881082e+05
9.424800e-01	1.853454e+05	-1.151818e-01	2.187936e-01	0.000000e+00	-2.302510e+03	1.876480e+05
9.436700e-01	1.736107e+05	-1.154423e-01	2.190478e-01	0.000000e+00	-3.215593e+03	1.768263e+05
9.448600e-01	1.746668e+05	-1.157031e-01	2.192944e-01	0.000000e+00	-1.091452e+03	1.757582e+05
9.460500e-01	1.917404e+05	-1.159642e-01	2.195539e-01	0.000000e+00	-2.647685e+03	1.943881e+05
9.472400e-01	1.775253e+05	-1.162256e-01	2.198154e-01	0.000000e+00	-1.428719e+03	1.789540e+05
9.484300e-01	1.792737e+05	-1.164874e-01	2.200681e-01	0.000000e+00	-4.651106e+02	1.797388e+05
9.496200e-01	1.949811e+05	-1.167494e-01	2.203331e-01	0.000000e+00	-1.811825e+02	1.951622e+05
9.508100e-01	1.972934e+05	-1.170118e-01	2.206109e-01	0.000000e+00	-8.678621e+02	1.981613e+05
9.520000e-01	1.743719e+05	-1.172744e-01	2.208741e-01	0.000000e+00	-3.993963e+03	1.783659e+05
9.531900e-01	1.732143e+05	-1.175374e-01	2.211203e-01	0.000000e+00	-3.027336e+03	1.762417e+05
9.543800e-01	1.961231e+05	-1.178007e-01	2.213818e-01	0.000000e+00	-1.173353e+03	1.972965e+05
9.555700e-01	1.778863e+05	-1.180643e-01	2.216467e-01	0.000000e+00	-2.346635e+02	1.781210e+05
9.567600e-01	1.860105e+05	-1.183282e-01	2.219044e-01	0.000000e+00	-2.219299e+03	1.882298e+05
9.579500e-01	1.947055e+05	-1.185925e-01	2.221740e-01	0.000000e+00	-2.235246e+02	1.949290e+05
9.591400e-01	1.839960e+05	-1.188570e-01	2.224422e-01	0.000000e+00	-1.524194e+03	1.855202e+05
9.603300e-01	1.742401e+05	-1.191219e-01	2.226959e-01	0.000000e+00	-1.463986e+03	1.757041e+05
9.615200e-01	1.999227e+05	-1.193870e-01	2.229608e-01	0.000000e+00	-2.107732e+03	2.020304e+05
9.627100e-01	1.955241e+05	-1.196525e-01	2.232409e-01	0.000000e+00	-1.136123e+03	1.966602e+05
9.639000e-01	1.801794e+05	-1.199183e-01	2.235069e-01	0.000000e+00	-3.551772e+02	1.805346e+05
9.650900e-01	1.763896e+05	-1.201845e-01	2.237594e-01	0.000000e+00	-3.062875e+03	1.794524e+05
9.662800e-01	1.836338e+05	-1.204509e-01	2.240144e-01	0.000000e+00	-1.958141e+03	1.855919e+05
9.674700e-01	1.817138e+05	-1.207176e-01	2.242731e-01	0.000000e+00	-5.131252e+02	1.822270e+05
9.686600e-01	1.638178e+05	-1.209847e-01	2.245178e-01	0.000000e+00	-2.725818e+03	1.665436e+05
9.698500e-01	1.767142e+05	-1.212520e-01	2.247590e-01	0.000000e+00	-3.297233e+03	1.800114e+05
9.710400e-01	1.918758e+05	-1.215196e-01	2.250200e-01	0.000000e+00	-1.377440e+03	1.932533e+05
9.722300e-01	1.856860e+05	-1.217875e-01	2.252874e-01	0.000000e+00	-1.257843e+03	1.869439e+05
9.734200e-01	1.904252e+05	-1.220558e-01	2.255537e-01	0.000000e+00	-2.620512e+02	1.906872e+05
9.746100e-01	1.756918e+05	-1.223243e-01	2.258130e-01	0.000000e+00	-1.460080e+03	1.771519e+05
9.758000e-01	1.920398e+05	-1.225932e-01	2.260734e-01	0.000000e+00	-3.077878e+01	1.920706e+05
9.769900e-01	1.871537e+05	-1.228624e-01	2.263419e-01	0.000000e+00	-2.579602e+02	1.874116e+05
9.781800e-01	1.817590e+05	-1.231319e-01	2.266032e-01	0.000000e+00	-1.422712e+03	1.831817e+05
9.793700e-01	1.826783e+05	-1.234017e-01	2.268613e-01	0.000000e+00	0.000000e+00	1.826783e+05
9.805600e-01	1.804739e+05	-1.236718e-01	2.271184e-01	0.000000e+00	-5.620428e+02	1.810359e+05
9.817500e-01	1.677129e+05	-1.239422e-01	2.273650e-01	0.000000e+00	-2.782934e+02	1.679912e+05
9.829400e-01	1.852043e+05	-1.242129e-01	2.276149e-01	0.000000e+00	-8.616877e+02	1.860660e+05
9.841300e-01	1.849222e+05	-1.244840e-01	2.278770e-01	0.000000e+00	-8.189845e+02	1.857412e+05
9.853200e-01	1.725483e+05	-1.247553e-01	2.281302e-01	0.000000e+00	-3.186163e+02	1.728670e+05
9.865100e-01	1.679364e+05	-1.250269e-01	2.283713e-01	0.000000e+00	-5.217199e+02	1.684581e+05
9.877000e-01	1.807170e+05	-1.252988e-01	2.286182e-01	0.000000e+00	-7.764463e+02	1.814934e+05
9.888900e-01	1.902942e+05	-1.255710e-01	2.288810e-01	0.000000e+00	-2.565132e+03	1.928593e+05
9.900800e-01	1.922345e+05	-1.258436e-01	2.291518e-01	0.000000e+00	-1.412287e+03	1.936468e+05
9.912700e-01	2.024576e+05	-1.261164e-01	2.294314e-01	0.000000e+00	-2.881516e+02	2.027457e+05
9.924600e-01	1.848796e+05	-1.263896e-01	2.297057e-01	0.000000e+00	-7.767151e+02	1.856563e+05
9.936500e-01	1.881226e+05	-1.266631e-01	2.299698e-01	0.000000e+00	-3.860366e+02	1.885087e+05
9.948400e-01	1.691720e+05	-1.269369e-01	2.302228e-01	0.000000e+00	-2.624241e+03	1.717962e+05
9.960300e-01	1.908408e+05	-1.272110e-01	2.304778e-01	0.000000e+00	-1.720073e+03	1.925609e+05
9.972200e-01	1.995409e+05	-1.274855e-01	2.307542e-01	0.000000e+00	-1.215623e+03	2.007565e+05
9.984100e-01	1.819884e+05	-1.277602e-01	2.310244e-01	0.000000e+00	-6.927684e+02	1.826812e+05
9.996000e-01	1.996628e+05	-1.280353e-01	2.312947e-01	0.000000e+00	-5.404644e+02	2.002033e+05
1.000790e+00	2.061278e+05	-1.283107e-01	2.315821e-01	0.000000e+00	-8.627381e+02	2.069906e+05
1.001980e+00	1.997713e+05	-1.285865e-01	2.318695e-01	0.000000e+00	-6.555269e+02	2.004269e+05
1.003170e+00	1.910813e+05	-1.288626e-01	2.321463e-01	0.000000e+00	-1.450183e+03	1.925315e+05
1.004360e+00	1.740169e+05	-1.291390e-01	2.324048e-01	0.000000e+00	-8.248836e+02	1.748418e+05
1.005550e+00	1.845482e+05	-1.294157e-01	2.326588e-01	0.000000e+00	-1.598869e+03	1.861471e+05
1.006740e+00	1.829463e+05	-1.296927e-01	2.329190e-01	0.000000e+00	-6.736625e+02	1.836200e+05
1.007930e+00	1.886471e+05	-1.299700e-01	2.331822e-01	0.000000e+00	-5.936445e+02	1.892407e+05
1.009120e+00	1.756972e+05	-1.302477e-01	2.334402e-01	0.000000e+00	-2.116945e+03	1.778142e+05
1.010310e+00	1.752448e+05	-1.305256e-01	2.336887e-01	0.000000e+00	-8.929990e+02	1.761377e+05
1.011500e+00	1.737245e+05	-1.308039e-01	2.339358e-01	0.000000e+00	-2.168556e+01	1.737462e+05
1.012690e+00	1.829487e+05	-1.310824e-01	2.341884e-01	0.000000e+00	-7.108484e+02	1.836595e+05
1.013880e+00	1.799715e+05	-1.313612e-01	2.344454e-01	0.000000e+00	-1.327307e+02	1.801042e+05
1.015070e+00	1.767383e+05	-1.316404e-01	2.346980e-01	0.000000e+00	-8.370931e+02	1.775754e+05
1.016260e+00	1.767623e+05	-1.319198e-01	2.349484e-01	0.000000e+00	-9.914030e+01	1.768614e+05
1.017450e+00	1.833128e+05	-1.321995e-01	2.352033e-01	0.000000e+00	-3.033163e+03	1.863460e+05
1.018640e+00	1.719851e+05	-1.324796e-01	2.354550e-01	0.000000e+00	-2.464519e+03	1.744496e+05
1.019830e+00	1.629546e+05	-1.327599e-01	2.356922e-01	0.000000e+00	-3.349805e+03	1.663044e+05
1.021020e+00	1.855709e+05	-1.330405e-01	2.359390e-01	0.000000e+00	-2.302451e+03	1.878734e+05
1.022210e+00	1.963800e+05	-1.333215e-01	2.362094e-01	0.000000e+00	-1.332617e+03	1.977127e+05
1.023400e+00	1.935521e+05	-1.336027e-01	2.364856e-01	0.000000e+00	-2.334647e+01	1.935755e+05
1.024590e+00	1.926287e+05	-1.338843e-01	2.367591e-01	0.000000e+00	-1.233286e+02	1.927521e+05
1.025780e+00	2.043854e+05	-1.341662e-01	2.370402e-01	0.000000e+00	-1.481790e+03	2.058672e+05
1.026970e+00	1.892867e+05	-1.344485e-01	2.373190e-01	0.000000e+00	-7.555369e+01	1.893623e+05
1.028160e+00	1.856785e+05	-1.347310e-01	2.375845e-01	0.000000e+00	0.000000e+00	1.856785e+05
1.029350e+00	2.104876e+05	-1.350139e-01	2.378651e-01	0.000000e+00	-6.855315e+01	2.105562e+05
1.030540e+00	1.983317e+05	-1.352971e-01	2.381546e-01	0.000000e+00	-1.047145e+03	1.993788e+05
1.031730e+00	1.774837e+05	-1.355807e-01	2.384207e-01	0.000000e+00	-7.664627e+02	1.782502e+05
1.032920e+00	1.844608e+05	-1.358646e-01	2.386771e-01	0.000000e+00	-1.462708e+03	1.859235e+05
1.034110e+00	1.752320e+05	-1.361488e-01	2.389318e-01	0.000000e+00	-1.887057e+03	1.771191e+05
1.035300e+00	1.798038e+05	-1.364332e-01	2.391832e-01	0.000000e+00	-6.504273e+02	1.804542e+05
1.036490e+00	1.986205e+05	-1.367180e-01	2.394512e-01	0.000000e+00	0.000000e+00	1.986205e+05
1.037680e+00	1.934259e+05	-1.370031e-01	2.397288e-01	0.000000e+00	-5.322055e+02	1.939582e+05
1.038870e+00	1.835677e+05	-1.372886e-01	2.399958e-01	0.000000e+00	-7.199868e+02	1.842877e+05
1.040060e+00	1.883689e+05	-1.375743e-01	2.402592e-01	0.000000e+00	-7.979432e+02	1.891668e+05
1.041250e+00	2.092549e+05	-1.378604e-01	2.405408e-01	0.000000e+00	-1.058499e+03	2.103134e+05
1.042440e+00	2.074541e+05	-1.381468e-01	2.408359e-01	0.000000e+00	-1.510351e+03	2.089645e+05
1.043630e+00	1.879835e+05	-1.384336e-01	2.411159e-01	0.000000e+00	-1.206377e+03	1.891899e+05
1.044820e+00	1.922091e+05	-1.387207e-01	2.413851e-01	0.000000e+00	-1.409319e+03	1.936184e+05
1.046010e+00	1.841646e+05	-1.390081e-01	2.416517e-01	0.000000e+00	-9.329233e+02	1.850975e+05
1.047200e+00	1.678745e+05	-1.392958e-01	2.419010e-01	0.000000e+00	-2.357567e+02	1.681102e+05
1.048390e+00	1.848165e+05	-1.395838e-01	2.421507e-01	0.000000e+00	-7.856426e+02	1.856021e+05
1.049580e+00	1.786765e+05	-1.398721e-01	2.424082e-01	0.000000e+00	-5.469354e+01	1.787312e+05
1.050770e+00	1.915488e+05	-1.401607e-01	2.426703e-01	0.000000e+00	-5.406146e+02	1.920894e+05
1.051960e+00	1.908032e+05	-1.404497e-01	2.429411e-01	0.000000e+00	-2.997215e+02	1.911029e+05
1.053150e+00	1.801127e+05	-1.407389e-01	2.432038e-01	0.000000e+00	-1.466338e+03	1.815791e+05
1.054340e+00	1.946599e+05	-1.410285e-01	2.434692e-01	0.000000e+00	-1.114783e+03	1.957747e+05
1.055530e+00	1.699399e+05	-1.413184e-01	2.437274e-01	0.000000e+00	-1.570877e+03	1.715108e+05
1.056720e+00	1.794374e+05	-1.416086e-01	2.439748e-01	0.000000e+00	-1.571041e+03	1.810084e+05
1.057910e+00	1.834715e+05	-1.418991e-01	2.442318e-01	0.000000e+00	-5.394556e+02	1.840110e+05
1.059100e+00	1.854283e+05	-1.421898e-01	2.444930e-01	0.000000e+00	-1.557615e+03	1.869859e+05
1.060290e+00	1.953261e+05	-1.424809e-01	2.447627e-01	0.000000e+00	-9.725688e+02	1.962987e+05
1.061480e+00	1.951605e+05	-1.427724e-01	2.450392e-01	0.000000e+00	-4.510198e+02	1.956115e+05
1.062670e+00	1.833865e+05	-1.430641e-01	2.453073e-01	0.000000e+00	-1.122821e+03	1.845093e+05
1.063860e+00	1.785331e+05	-1.433562e-01	2.455636e-01	0.000000e+00	-5.578512e+02	1.790910e+05
1.065050e+00	1.893224e+05	-1.436486e-01	2.458241e-01	0.000000e+00	-6.222840e+00	1.893286e+05
1.066240e+00	1.763442e+05	-1.439413e-01	2.460830e-01	0.000000e+00	-9.309976e+02	1.772752e+05
1.067430e+00	1.829739e+05	-1.442343e-01	2.463375e-01	0.000000e+00	-1.178921e+03	1.841528e+05
1.068620e+00	1.857998e+05	-1.445276e-01	2.465986e-01	0.000000e+00	-8.809164e+02	1.866807e+05
1.069810e+00	1.835466e+05	-1.448212e-01	2.468602e-01	0.000000e+00	-1.584943e+03	1.851315e+05
1.071000e+00	1.826095e+05	-1.451151e-01	2.471195e-01	0.000000e+00	-4.600151e+02	1.830695e+05
1.072190e+00	1.853911e+05	-1.454093e-01	2.473801e-01	0.000000e+00	0.000000e+00	1.853911e+05
1.073380e+00	1.823922e+05	-1.457038e-01	2.476405e-01	0.000000e+00	-6.180907e+02	1.830103e+05
1.074570e+00	1.591808e+05	-1.459987e-01	2.478824e-01	0.000000e+00	-1.788634e+03	1.609694e+05
1.075760e+00	1.790281e+05	-1.462938e-01	2.481219e-01	0.000000e+00	-1.016868e+03	1.800450e+05
1.076950e+00	1.925783e+05	-1.465892e-01	2.483851e-01	0.000000e+00	-9.721309e+02	1.935504e+05
1.078140e+00	1.962290e+05	-1.468850e-01	2.486604e-01	0.000000e+00	-6.462937e+02	1.968753e+05
1.079330e+00	1.773230e+05	-1.471810e-01	2.489250e-01	0.000000e+00	-1.213808e+03	1.785368e+05
1.080520e+00	1.876536e+05	-1.474774e-01	2.491834e-01	0.000000e+00	-1.687749e+03	1.893413e+05
1.081710e+00	1.920999e+05	-1.477741e-01	2.494524e-01	0.000000e+00	-2.205273e+03	1.943052e+05
1.082900e+00	1.872981e+05	-1.480711e-01	2.497210e-01	0.000000e+00	-1.313938e+03	1.886120e+05
1.084090e+00	1.817263e+05	-1.483684e-01	2.499824e-01	0.000000e+00	-6.000519e+02	1.823263e+05
1.085280e+00	1.980692e+05	-1.486661e-01	2.502513e-01	0.000000e+00	-7.799511e+02	1.988492e+05
1.086470e+00	1.918464e+05	-1.489640e-01	2.505275e-01	0.000000e+00	-1.995699e+03	1.938421e+05
1.087660e+00	1.771042e+05	-1.492623e-01	2.507887e-01	0.000000e+00	-1.186498e+03	1.782907e+05
1.088850e+00	2.068055e+05	-1.495609e-01	2.510606e-01	0.000000e+00	-1.433121e+03	2.082386e+05
1.090040e+00	1.750603e+05	-1.498598e-01	2.513310e-01	0.000000e+00	-1.029289e+03	1.760895e+05
1.091230e+00	1.856730e+05	-1.501591e-01	2.515865e-01	0.000000e+00	-5.763512e+02	1.862494e+05
1.092420e+00	1.895304e+05	-1.504586e-01	2.518522e-01	0.000000e+00	-5.033211e+02	1.900338e+05
1.093610e+00	1.780617e+05	-1.507585e-01	2.521125e-01	0.000000e+00	-6.333355e+02	1.786950e+05
1.094800e+00	1.680841e+05	-1.510586e-01	2.523576e-01	0.000000e+00	-2.344652e+03	1.704287e+05
1.095990e+00	1.913843e+05	-1.513591e-01	2.526122e-01	0.000000e+00	-1.917474e+03	1.933018e+05
1.097180e+00	2.043123e+05	-1.516599e-01	2.528924e-01	0.000000e+00	-8.376356e+02	2.051499e+05
1.098370e+00	1.915215e+05	-1.519610e-01	2.531727e-01	0.000000e+00	-2.342053e+03	1.938635e+05
1.099560e+00	1.805762e+05	-1.522624e-01	2.534362e-01	0.000000e+00	-9.292115e+02	1.815055e+05
1.100750e+00	1.981070e+05	-1.525642e-01	2.537044e-01	0.000000e+00	-6.165686e+02	1.987236e+05
1.101940e+00	2.048847e+05	-1.528662e-01	2.539898e-01	0.000000e+00	-2.237675e+02	2.051085e+05
1.103130e+00	1.959290e+05	-1.531686e-01	2.542736e-01	0.000000e+00	-1.735931e+03	1.976649e+05
1.104320e+00	1.898123e+05	-1.534714e-01	2.545468e-01	0.000000e+00	-1.364597e+03	1.911769e+05
1.105510e+00	1.751256e+05	-1.537745e-01	2.548052e-01	0.000000e+00	-1.860864e+03	1.769865e+05
1.106700e+00	1.996069e+05	-1.540778e-01	2.550706e-01	0.000000e+00	-8.062437e+01	1.996875e+05
1.107890e+00	1.976343e+05	-1.543815e-01	2.553519e-01	0.000000e+00	0.000000e+00	1.976343e+05
1.109080e+00	2.019277e+05	-1.546856e-01	2.556349e-01	0.000000e+00	0.000000e+00	2.019277e+05
1.110270e+00	1.955999e+05	-1.549899e-01	2.559164e-01	0.000000e+00	0.000000e+00	1.955999e+05
1.111460e+00	1.852896e+05	-1.552947e-01	2.561861e-01	0.000000e+00	-6.404259e+02	1.859301e+05
1.112650e+00	1.789726e+05	-1.555997e-01	2.564441e-01	0.000000e+00	-1.711050e+03	1.806836e+05
1.113840e+00	1.823985e+05	-1.559050e-01	2.567000e-01	0.000000e+00	-1.009869e+03	1.834084e+05
1.115030e+00	1.808985e+05	-1.562106e-01	2.569573e-01	0.000000e+00	0.000000e+00	1.808985e+05
1.116220e+00	1.853449e+05	-1.565165e-01	2.572166e-01	0.000000e+00	-5.228272e+02	1.858678e+05
1.117410e+00	1.835836e+05	-1.568228e-01	2.574779e-01	0.000000e+00	-1.098964e+03	1.846825e+05
1.118600e+00	1.718471e+05	-1.571293e-01	2.577296e-01	0.000000e+00	-8.992173e+02	1.727463e+05
1.119790e+00	1.863296e+05	-1.574362e-01	2.579832e-01	0.000000e+00	-2.715442e+02	1.866011e+05
1.120980e+00	1.873466e+05	-1.577433e-01	2.582479e-01	0.000000e+00	-1.184263e+03	1.885309e+05
1.122170e+00	1.888341e+05	-1.580508e-01	2.585143e-01	0.000000e+00	-1.065202e+03	1.898993e+05
1.123360e+00	1.885353e+05	-1.583586e-01	2.587815e-01	0.000000e+00	0.000000e+00	1.885353e+05
1.124550e+00	1.973244e+05	-1.586667e-01	2.590548e-01	0.000000e+00	-4.531262e+02	1.977776e+05
1.125740e+00	1.953841e+05	-1.589752e-01	2.593329e-01	0.000000e+00	-1.008386e+03	1.963924e+05
1.126930e+00	1.864568e+05	-1.592839e-01	2.596033e-01	0.000000e+00	-9.271117e+02	1.873839e+05
1.128120e+00	1.864206e+05	-1.595930e-01	2.598673e-01	0.000000e+00	-1.323849e+02	1.865530e+05
1.129310e+00	1.944782e+05	-1.599024e-01	2.601371e-01	0.000000e+00	0.000000e+00	1.944782e+05
1.130500e+00	1.855432e+05	-1.602121e-01	2.604062e-01	0.000000e+00	-9.912798e+02	1.865345e+05
1.131690e+00	1.707336e+05	-1.605222e-01	2.606585e-01	0.000000e+00	-6.893925e+02	1.714230e+05
1.132880e+00	1.819014e+05	-1.608325e-01	2.609082e-01	0.000000e+00	0.000000e+00	1.819014e+05
1.134070e+00	1.863762e+05	-1.611431e-01	2.611690e-01	0.000000e+00	-4.958366e+02	1.868720e+05
1.135260e+00	1.850657e+05	-1.614541e-01	2.614321e-01	0.000000e+00	-3.444995e+02	1.854102e+05
1.136450e+00	1.885498e+05	-1.617654e-01	2.616966e-01	0.000000e+00	-3.151198e+02	1.888649e+05
1.137640e+00	1.720418e+05	-1.620769e-01	2.619520e-01	0.000000e+00	-1.301292e+03	1.733431e+05
1.138830e+00	1.748624e+05	-1.623888e-01	2.621977e-01	0.000000e+00	-6.426081e+01	1.749267e+05
1.140020e+00	2.066808e+05	-1.627010e-01	2.624679e-01	0.000000e+00	0.000000e+00	2.066808e+05
1.141210e+00	2.054036e+05	-1.630135e-01	2.627597e-01	0.000000e+00	0.000000e+00	2.054036e+05
1.142400e+00	1.804982e+05	-1.633263e-01	2.630330e-01	0.000000e+00	0.000000e+00	1.804982e+05
1.143590e+00	1.790103e+05	-1.636395e-01	2.632876e-01	0.000000e+00	0.000000e+00	1.790103e+05
1.144780e+00	1.885022e+05	-1.639530e-01	2.635478e-01	0.000000e+00	0.000000e+00	1.885022e+05
1.145970e+00	1.820829e+05	-1.642667e-01	2.638102e-01	0.000000e+00	0.000000e+00	1.820829e+05
1.147160e+00	1.787136e+05	-1.645808e-01	2.640657e-01	0.000000e+00	0.000000e+00	1.787136e+05
1.148350e+00	1.874647e+05	-1.648952e-01	2.643251e-01	0.000000e+00	-1.876142e+02	1.876523e+05
1.149540e+00	1.806825e+05	-1.652099e-01	2.645858e-01	0.000000e+00	-6.527220e+02	1.813352e+05
1.150730e+00	1.826755e+05	-1.655249e-01	2.648431e-01	0.000000e+00	-6.195777e+02	1.832951e+05
1.151920e+00	1.893347e+05	-1.658402e-01	2.651065e-01	0.000000e+00	-5.201475e+02	1.898549e+05
1.153110e+00	1.833417e+05	-1.661559e-01	2.653705e-01	0.000000e+00	-1.385673e+03	1.847273e+05
1.154300e+00	1.917972e+05	-1.664718e-01	2.656361e-01	0.000000e+00	-8.359460e+02	1.926332e+05
1.155490e+00	1.953184e+05	-1.667881e-01	2.659103e-01	0.000000e+00	0.000000e+00	1.953184e+05
1.156680e+00	1.983987e+05	-1.671047e-01	2.661891e-01	0.000000e+00	-3.713318e+02	1.987700e+05
1.157870e+00	1.912521e+05	-1.674216e-01	2.664650e-01	0.000000e+00	-1.002181e+03	1.922543e+05
1.159060e+00	1.829145e+05	-1.677389e-01	2.667300e-01	0.000000e+00	-3.071591e+02	1.832217e+05
1.160250e+00	1.910872e+05	-1.680564e-01	2.669948e-01	0.000000e+00	0.000000e+00	1.910872e+05
1.161440e+00	1.895270e+05	-1.683743e-01	2.672644e-01	0.000000e+00	0.000000e+00	1.895270e+05
1.162630e+00	2.128670e+05	-1.686925e-01	2.675493e-01	0.000000e+00	-1.173160e+03	2.140401e+05
1.163820e+00	1.906688e+05	-1.690111e-01	2.678351e-01	0.000000e+00	-5.075120e+02	1.911763e+05
1.165010e+00	1.930886e+05	-1.693300e-01	2.681069e-01	0.000000e+00	0.000000e+00	1.930886e+05
1.166200e+00	1.732472e+05	-1.696492e-01	2.683663e-01	0.000000e+00	0.000000e+00	1.732472e+05
1.167390e+00	1.987315e+05	-1.699687e-01	2.686297e-01	0.000000e+00	-2.530488e+02	1.989845e+05
1.168580e+00	1.827831e+05	-1.702885e-01	2.688999e-01	0.000000e+00	-1.352242e+03	1.841353e+05
1.169770e+00	1.790212e+05	-1.706087e-01	2.691561e-01	0.000000e+00	-6.486597e+02	1.796699e+05
1.170960e+00	1.852298e+05	-1.709291e-01	2.694141e-01	0.000000e+00	-8.282221e+02	1.860580e+05
1.172150e+00	1.784731e+05	-1.712499e-01	2.696716e-01	0.000000e+00	-1.119508e+03	1.795926e+05
1.173340e+00	1.935575e+05	-1.715709e-01	2.699351e-01	0.000000e+00	0.000000e+00	1.935575e+05
1.174530e+00	2.105623e+05	-1.718923e-01	2.702213e-01	0.000000e+00	0.000000e+00	2.105623e+05
1.175720e+00	1.942299e+05	-1.722141e-01	2.705079e-01	0.000000e+00	0.000000e+00	1.942299e+05
1.176910e+00	1.846704e+05	-1.725361e-01	2.707762e-01	0.000000e+00	0.000000e+00	1.846704e+05
1.178100e+00	1.963054e+05	-1.728585e-01	2.710460e-01	0.000000e+00	-7.449830e+02	1.970504e+05
1.179290e+00	1.738265e+05	-1.731812e-01	2.713082e-01	0.000000e+00	-9.356892e+02	1.747622e+05
1.180480e+00	1.868413e+05	-1.735042e-01	2.715636e-01	0.000000e+00	0.000000e+00	1.868413e+05
1.181670e+00	2.027297e+05	-1.738275e-01	2.718394e-01	0.000000e+00	0.000000e+00	2.027297e+05
1.182860e+00	2.025856e+05	-1.741512e-01	2.721265e-01	0.000000e+00	0.000000e+00	2.025856e+05
1.184050e+00	2.024751e+05	-1.744752e-01	2.724133e-01	0.000000e+00	0.000000e+00	2.024751e+05
1.185240e+00	1.841261e+05	-1.747995e-01	2.726871e-01	0.000000e+00	0.000000e+00	1.841261e+05
1.186430e+00	1.813042e+05	-1.751242e-01	2.729459e-01	0.000000e+00	-9.415515e+01	1.813983e+05
1.187620e+00	1.790175e+05	-1.754492e-01	2.732011e-01	0.000000e+00	-7.461810e+02	1.797637e+05
1.188810e+00	1.931553e+05	-1.757744e-01	2.734646e-01	0.000000e+00	0.000000e+00	1.931553e+05
1.190000e+00	1.066129e+05	-1.761000e-01	2.736769e-01	0.000000e+00	0.000000e+00	1.066129e+05
