#x	rho	phi	ex	bz	rhok[0]	rhok[1]
0.000000e+00	-2.776009e+03	0.000000e+00	3.109230e-02	0.000000e+00	-3.458796e+03	6.827867e+02
1.190000e-03	-3.389557e+03	-3.699749e-05	3.108793e-02	0.000000e+00	-6.829963e+03	3.440406e+03
2.380000e-03	3.899624e+03	-7.398927e-05	3.108829e-02	0.000000e+00	-7.050388e+03	1.095001e+04
3.570000e-03	4.762984e+03	-1.109876e-04	3.109443e-02	0.000000e+00	-7.579716e+03	1.234270e+04
4.760000e-03	5.699938e+03	-1.479940e-04	3.110184e-02	0.000000e+00	-7.640792e+03	1.334073e+04
5.950000e-03	1.023840e+04	-1.850100e-04	3.111312e-02	0.000000e+00	-7.975740e+03	1.821414e+04
7.140000e-03	9.962243e+03	-2.220432e-04	3.112743e-02	0.000000e+00	-9.003621e+03	1.896586e+04
8.330000e-03	1.317334e+04	-2.590933e-04	3.114381e-02	0.000000e+00	-4.289305e+03	1.746264e+04
9.520000e-03	1.267826e+04	-2.961655e-04	3.116212e-02	0.000000e+00	-4.541431e+03	1.721969e+04
1.071000e-02	1.038201e+04	-3.332591e-04	3.117845e-02	0.000000e+00	-6.077409e+03	1.645942e+04
1.190000e-02	1.289855e+04	-3.703702e-04	3.119494e-02	0.000000e+00	-8.862387e+03	2.176094e+04
1.309000e-02	2.052536e+04	-4.075031e-04	3.121861e-02	0.000000e+00	-4.968888e+03	2.549425e+04
1.428000e-02	2.305066e+04	-4.446705e-04	3.124946e-02	0.000000e+00	-5.356973e+03	2.840763e+04
1.547000e-02	2.474361e+04	-4.818768e-04	3.128331e-02	0.000000e+00	-4.424748e+03	2.916836e+04
1.666000e-02	2.219680e+04	-5.191248e-04	3.131655e-02	0.000000e+00	-5.714856e+03	2.791166e+04
1.785000e-02	2.147487e+04	-5.564102e-04	3.134748e-02	0.000000e+00	-8.026174e+03	2.950104e+04
1.904000e-02	2.668342e+04	-5.937318e-04	3.138158e-02	0.000000e+00	-6.175817e+03	3.285924e+04
2.023000e-02	2.850831e+04	-6.310983e-04	3.142067e-02	0.000000e+00	-8.100662e+03	3.660897e+04
2.142000e-02	2.761478e+04	-6.685130e-04	3.146041e-02	0.000000e+00	-4.394200e+03	3.200898e+04
2.261000e-02	3.268766e+04	-7.059741e-04	3.150312e-02	0.000000e+00	-5.464534e+03	3.815219e+04
2.380000e-02	3.335324e+04	-7.434904e-04	3.154988e-02	0.000000e+00	-4.027712e+03	3.738095e+04
2.499000e-02	3.074471e+04	-7.810629e-04	3.159528e-02	0.000000e+00	-7.124063e+03	3.786878e+04
2.618000e-02	4.401421e+04	-8.186871e-04	3.164822e-02	0.000000e+00	-4.318290e+03	4.833250e+04
2.737000e-02	5.397722e+04	-8.563856e-04	3.171761e-02	0.000000e+00	-5.463312e+03	5.944053e+04
2.856000e-02	4.442838e+04	-8.941751e-04	3.178730e-02	0.000000e+00	-6.349473e+03	5.077785e+04
2.975000e-02	3.847640e+04	-9.320394e-04	3.184601e-02	0.000000e+00	-5.828330e+03	4.430473e+04
3.094000e-02	4.198497e+04	-9.699686e-04	3.190299e-02	0.000000e+00	-8.990447e+03	5.097542e+04
3.213000e-02	5.400906e+04	-1.007968e-03	3.197097e-02	0.000000e+00	-6.796753e+03	6.080581e+04
3.332000e-02	4.896036e+04	-1.046059e-03	3.204389e-02	0.000000e+00	-6.139440e+03	5.509980e+04
3.451000e-02	4.763404e+04	-1.084233e-03	3.211229e-02	0.000000e+00	-5.829894e+03	5.346394e+04
3.570000e-02	5.718515e+04	-1.122487e-03	3.218652e-02	0.000000e+00	-4.117412e+03	6.130256e+04
3.689000e-02	6.412426e+04	-1.160837e-03	3.227243e-02	0.000000e+00	-7.709172e+03	7.183343e+04
3.808000e-02	5.263856e+04	-1.199295e-03	3.235512e-02	0.000000e+00	-6.678217e+03	5.931678e+04
3.927000e-02	5.176667e+04	-1.237842e-03	3.242905e-02	0.000000e+00	-3.124428e+03	5.489109e+04
4.046000e-02	6.126502e+04	-1.276476e-03	3.250910e-02	0.000000e+00	-4.766036e+03	6.603105e+04
4.165000e-02	5.127899e+04	-1.315214e-03	3.258880e-02	0.000000e+00	-7.861729e+03	5.914072e+04
4.284000e-02	5.413922e+04	-1.354038e-03	3.266345e-02	0.000000e+00	-5.040435e+03	5.917965e+04
4.403000e-02	7.020588e+04	-1.392953e-03	3.275151e-02	0.000000e+00	-5.676745e+03	7.588262e+04
4.522000e-02	6.255239e+04	-1.431986e-03	3.284552e-02	0.000000e+00	-9.583569e+03	7.213596e+04
4.641000e-02	6.033138e+04	-1.471125e-03	3.293254e-02	0.000000e+00	-9.499088e+03	6.983047e+04
4.760000e-02	6.315907e+04	-1.510366e-03	3.302000e-02	0.000000e+00	-7.358654e+03	7.051772e+04
4.879000e-02	6.651263e+04	-1.549713e-03	3.311182e-02	0.000000e+00	-4.857744e+03	7.137038e+04
4.998000e-02	6.678892e+04	-1.589172e-03	3.320622e-02	0.000000e+00	-8.277163e+03	7.506609e+04
5.117000e-02	6.046826e+04	-1.628743e-03	3.329634e-02	0.000000e+00	-4.959610e+03	6.542787e+04
5.236000e-02	7.630172e+04	-1.668417e-03	3.339320e-02	0.000000e+00	-4.213874e+03	8.051559e+04
5.355000e-02	6.971992e+04	-1.708219e-03	3.349661e-02	0.000000e+00	-6.360507e+03	7.608043e+04
5.474000e-02	7.072625e+04	-1.748139e-03	3.359607e-02	0.000000e+00	-1.205561e+04	8.278186e+04
5.593000e-02	6.602689e+04	-1.788178e-03	3.369291e-02	0.000000e+00	-1.064880e+04	7.667569e+04
5.712000e-02	6.543044e+04	-1.828328e-03	3.378600e-02	0.000000e+00	-7.512057e+03	7.294250e+04
5.831000e-02	7.480051e+04	-1.868589e-03	3.388531e-02	0.000000e+00	-3.681763e+03	7.848228e+04
5.950000e-02	7.381388e+04	-1.908975e-03	3.399055e-02	0.000000e+00	-5.577374e+03	7.939126e+04
6.069000e-02	7.085298e+04	-1.949486e-03	3.409300e-02	0.000000e+00	-6.344182e+03	7.719717e+04
6.188000e-02	7.015446e+04	-1.990116e-03	3.419286e-02	0.000000e+00	-5.081930e+03	7.523639e+04
6.307000e-02	7.055226e+04	-2.030865e-03	3.429250e-02	0.000000e+00	-5.598815e+03	7.615108e+04
6.426000e-02	8.276360e+04	-2.071733e-03	3.440107e-02	0.000000e+00	-5.952571e+03	8.871618e+04
6.545000e-02	9.292749e+04	-2.112740e-03	3.452549e-02	0.000000e+00	-5.276192e+03	9.820369e+04
6.664000e-02	6.894859e+04	-2.153903e-03	3.464013e-02	0.000000e+00	-5.795891e+03	7.474448e+04
6.783000e-02	8.430991e+04	-2.195183e-03	3.474866e-02	0.000000e+00	-6.499376e+03	9.080928e+04
6.902000e-02	8.082688e+04	-2.236605e-03	3.486560e-02	0.000000e+00	-4.833308e+03	8.566019e+04
7.021000e-02	9.178328e+04	-2.278163e-03	3.498784e-02	0.000000e+00	-6.512322e+03	9.829560e+04
7.140000e-02	9.094298e+04	-2.319876e-03	3.511724e-02	0.000000e+00	-6.432300e+03	9.737528e+04
7.259000e-02	8.728374e+04	-2.361742e-03	3.524345e-02	0.000000e+00	-7.193505e+03	9.447724e+04
7.378000e-02	8.677426e+04	-2.403756e-03	3.536672e-02	0.000000e+00	-4.792622e+03	9.156688e+04
7.497000e-02	9.369855e+04	-2.445915e-03	3.549452e-02	0.000000e+00	-3.820298e+03	9.751885e+04
7.616000e-02	8.445314e+04	-2.488233e-03	3.562068e-02	0.000000e+00	-7.209270e+03	9.166241e+04
7.735000e-02	8.568167e+04	-2.530692e-03	3.574116e-02	0.000000e+00	-5.956517e+03	9.163818e+04
7.854000e-02	8.384250e+04	-2.573297e-03	3.586121e-02	0.000000e+00	-6.839018e+03	9.068152e+04
7.973000e-02	9.733646e+04	-2.616042e-03	3.598952e-02	0.000000e+00	-5.383505e+03	1.027200e+05
8.092000e-02	7.932285e+04	-2.658952e-03	3.611462e-02	0.000000e+00	-8.530314e+03	8.785316e+04
8.211000e-02	1.016508e+05	-2.701995e-03	3.624278e-02	0.000000e+00	-5.724964e+03	1.073758e+05
8.330000e-02	9.743328e+04	-2.745209e-03	3.638377e-02	0.000000e+00	-6.554006e+03	1.039873e+05
8.449000e-02	9.013429e+04	-2.788588e-03	3.651660e-02	0.000000e+00	-5.098898e+03	9.523319e+04
8.568000e-02	9.007543e+04	-2.832119e-03	3.664421e-02	0.000000e+00	-6.684614e+03	9.676005e+04
8.687000e-02	9.862307e+04	-2.875801e-03	3.677784e-02	0.000000e+00	-7.848094e+03	1.064712e+05
8.806000e-02	1.084207e+05	-2.919650e-03	3.692446e-02	0.000000e+00	-5.240388e+03	1.136611e+05
8.925000e-02	9.079200e+04	-2.963682e-03	3.706554e-02	0.000000e+00	-6.644657e+03	9.743666e+04
9.044000e-02	9.654085e+04	-3.007866e-03	3.719820e-02	0.000000e+00	-5.391208e+03	1.019321e+05
9.163000e-02	9.717182e+04	-3.052213e-03	3.733538e-02	0.000000e+00	-7.681258e+03	1.048531e+05
9.282000e-02	9.701754e+04	-3.096724e-03	3.747290e-02	0.000000e+00	-4.697841e+03	1.017154e+05
9.401000e-02	9.329575e+04	-3.141399e-03	3.760767e-02	0.000000e+00	-6.761230e+03	1.000570e+05
9.520000e-02	7.853822e+04	-3.186231e-03	3.772936e-02	0.000000e+00	-8.535191e+03	8.707341e+04
9.639000e-02	9.471264e+04	-3.231195e-03	3.785205e-02	0.000000e+00	-5.865923e+03	1.005786e+05
9.758000e-02	1.035254e+05	-3.276318e-03	3.799244e-02	0.000000e+00	-3.563113e+03	1.070885e+05
9.877000e-02	1.021387e+05	-3.321617e-03	3.813808e-02	0.000000e+00	-3.561664e+03	1.057004e+05
9.996000e-02	1.063102e+05	-3.367087e-03	3.828570e-02	0.000000e+00	-4.946672e+03	1.112569e+05
1.011500e-01	1.107516e+05	-3.412737e-03	3.843941e-02	0.000000e+00	-6.074541e+03	1.168261e+05
1.023400e-01	1.146535e+05	-3.458573e-03	3.859904e-02	0.000000e+00	-5.594504e+03	1.202480e+05
1.035300e-01	1.170633e+05	-3.504602e-03	3.876313e-02	0.000000e+00	-2.657204e+03	1.197205e+05
1.047200e-01	1.175546e+05	-3.550829e-03	3.892928e-02	0.000000e+00	-2.428482e+03	1.199831e+05
1.059100e-01	1.117166e+05	-3.597254e-03	3.909164e-02	0.000000e+00	-4.383569e+03	1.161002e+05
1.071000e-01	1.221408e+05	-3.643867e-03	3.925725e-02	0.000000e+00	-6.354549e+03	1.284954e+05
1.082900e-01	1.070450e+05	-3.690686e-03	3.941955e-02	0.000000e+00	-4.312949e+03	1.113579e+05
1.094800e-01	1.129432e+05	-3.737686e-03	3.957534e-02	0.000000e+00	-2.778119e+03	1.157213e+05
1.106700e-01	9.920985e+04	-3.784876e-03	3.972558e-02	0.000000e+00	-6.331568e+03	1.055414e+05
1.118600e-01	1.081246e+05	-3.832233e-03	3.987240e-02	0.000000e+00	-5.617824e+03	1.137425e+05
1.130500e-01	1.126946e+05	-3.879772e-03	4.002878e-02	0.000000e+00	-6.055347e+03	1.187500e+05
1.142400e-01	9.960230e+04	-3.927501e-03	4.017912e-02	0.000000e+00	-3.762467e+03	1.033648e+05
1.154300e-01	1.176712e+05	-3.975398e-03	4.033299e-02	0.000000e+00	-6.800089e+03	1.244713e+05
1.166200e-01	1.179847e+05	-4.023494e-03	4.049987e-02	0.000000e+00	-7.249577e+03	1.252343e+05
1.178100e-01	1.045231e+05	-4.071788e-03	4.065744e-02	0.000000e+00	-6.761652e+03	1.112848e+05
1.190000e-01	1.146380e+05	-4.120258e-03	4.081264e-02	0.000000e+00	-1.023417e+04	1.248721e+05
1.201900e-01	1.157420e+05	-4.168922e-03	4.097579e-02	0.000000e+00	-5.383989e+03	1.211260e+05
1.213800e-01	1.224769e+05	-4.217781e-03	4.114449e-02	0.000000e+00	-6.408130e+03	1.288851e+05
1.225700e-01	1.072507e+05	-4.266846e-03	4.130718e-02	0.000000e+00	-2.619795e+03	1.098705e+05
1.237600e-01	1.078367e+05	-4.316092e-03	4.145949e-02	0.000000e+00	-4.760731e+03	1.125974e+05
1.249500e-01	1.041236e+05	-4.365520e-03	4.160960e-02	0.000000e+00	-3.160895e+03	1.072845e+05
1.261400e-01	1.175650e+05	-4.415123e-03	4.176659e-02	0.000000e+00	-3.573895e+03	1.211389e+05
1.273300e-01	1.146280e+05	-4.464924e-03	4.193102e-02	0.000000e+00	-6.022669e+03	1.206507e+05
1.285200e-01	1.088104e+05	-4.514919e-03	4.208925e-02	0.000000e+00	-7.698415e+03	1.165088e+05
1.297100e-01	1.195779e+05	-4.565096e-03	4.225099e-02	0.000000e+00	-5.937115e+03	1.255150e+05
1.309000e-01	1.404503e+05	-4.615476e-03	4.243513e-02	0.000000e+00	-3.326325e+03	1.437766e+05
1.320900e-01	1.255699e+05	-4.666092e-03	4.262351e-02	0.000000e+00	-5.115117e+03	1.306851e+05
1.332800e-01	1.072909e+05	-4.716920e-03	4.278842e-02	0.000000e+00	-4.548889e+03	1.118398e+05
1.344700e-01	1.190485e+05	-4.767928e-03	4.294870e-02	0.000000e+00	-3.039526e+03	1.220880e+05
1.356600e-01	1.387008e+05	-4.819138e-03	4.313123e-02	0.000000e+00	-1.446132e+03	1.401469e+05
1.368500e-01	1.268150e+05	-4.870581e-03	4.331926e-02	0.000000e+00	-5.629604e+03	1.324446e+05
1.380400e-01	1.253990e+05	-4.922238e-03	4.349787e-02	0.000000e+00	-6.118445e+03	1.315174e+05
1.392300e-01	1.239143e+05	-4.974106e-03	4.367443e-02	0.000000e+00	-3.603307e+03	1.275176e+05
1.404200e-01	1.227769e+05	-5.026183e-03	4.384912e-02	0.000000e+00	-4.123938e+03	1.269008e+05
1.416100e-01	1.268847e+05	-5.078467e-03	4.402593e-02	0.000000e+00	-4.576632e+03	1.314613e+05
1.428000e-01	1.246135e+05	-5.130964e-03	4.420403e-02	0.000000e+00	-3.650177e+03	1.282636e+05
1.439900e-01	1.459667e+05	-5.183672e-03	4.439564e-02	0.000000e+00	-1.652224e+03	1.476189e+05
1.451800e-01	1.372739e+05	-5.236626e-03	4.459622e-02	0.000000e+00	-2.782377e+03	1.400563e+05
1.463700e-01	1.174430e+05	-5.289811e-03	4.477661e-02	0.000000e+00	-4.296664e+03	1.217397e+05
1.475600e-01	1.199637e+05	-5.343194e-03	4.494473e-02	0.000000e+00	-6.896649e+03	1.268603e+05
1.487500e-01	1.204165e+05	-5.396780e-03	4.511496e-02	0.000000e+00	-4.638802e+03	1.250553e+05
1.499400e-01	1.231596e+05	-5.450568e-03	4.528745e-02	0.000000e+00	-7.588346e+03	1.307479e+05
1.511300e-01	1.190705e+05	-5.504564e-03	4.545899e-02	0.000000e+00	-5.214480e+03	1.242850e+05
1.523200e-01	1.340435e+05	-5.558760e-03	4.563823e-02	0.000000e+00	-4.874056e+03	1.389176e+05
1.535100e-01	1.429397e+05	-5.613183e-03	4.583438e-02	0.000000e+00	-3.671640e+03	1.466113e+05
1.547000e-01	1.300261e+05	-5.667846e-03	4.602769e-02	0.000000e+00	-6.249380e+03	1.362755e+05
1.558900e-01	1.296563e+05	-5.722729e-03	4.621159e-02	0.000000e+00	-7.604724e+03	1.372610e+05
1.570800e-01	1.349383e+05	-5.777830e-03	4.639896e-02	0.000000e+00	-6.374425e+03	1.413127e+05
1.582700e-01	1.351832e+05	-5.833158e-03	4.659025e-02	0.000000e+00	-7.483057e+03	1.426663e+05
1.594600e-01	1.366625e+05	-5.888715e-03	4.678277e-02	0.000000e+00	-4.203299e+03	1.408658e+05
1.606500e-01	1.242490e+05	-5.944501e-03	4.696753e-02	0.000000e+00	-4.716887e+03	1.289659e+05
1.618400e-01	1.360853e+05	-6.000497e-03	4.715189e-02	0.000000e+00	-1.861726e+03	1.379470e+05
1.630300e-01	1.423808e+05	-6.056723e-03	4.734909e-02	0.000000e+00	-1.699151e+03	1.440800e+05
1.642200e-01	1.302568e+05	-6.113188e-03	4.754217e-02	0.000000e+00	-9.485708e+03	1.397425e+05
1.654100e-01	1.357039e+05	-6.169873e-03	4.773051e-02	0.000000e+00	-7.040841e+03	1.427447e+05
1.666000e-01	1.206894e+05	-6.226787e-03	4.791208e-02	0.000000e+00	-4.382639e+03	1.250720e+05
1.677900e-01	1.332705e+05	-6.283904e-03	4.809192e-02	0.000000e+00	-4.011048e+03	1.372816e+05
1.689800e-01	1.383853e+05	-6.341246e-03	4.828430e-02	0.000000e+00	-4.240906e+03	1.426262e+05
1.701700e-01	1.314014e+05	-6.398820e-03	4.847535e-02	0.000000e+00	-4.372163e+03	1.357736e+05
1.713600e-01	1.481871e+05	-6.456617e-03	4.867335e-02	0.000000e+00	-4.552131e+03	1.527392e+05
1.725500e-01	1.299645e+05	-6.514663e-03	4.887033e-02	0.000000e+00	-7.635372e+03	1.375998e+05
1.737400e-01	1.289787e+05	-6.572928e-03	4.905370e-02	0.000000e+00	-5.085205e+03	1.340639e+05
1.749300e-01	1.225783e+05	-6.631411e-03	4.923184e-02	0.000000e+00	-6.136777e+03	1.287150e+05
1.761200e-01	1.347695e+05	-6.690100e-03	4.941409e-02	0.000000e+00	-4.963673e+03	1.397331e+05
1.773100e-01	1.525021e+05	-6.749016e-03	4.961752e-02	0.000000e+00	-3.453053e+03	1.559552e+05
1.785000e-01	1.685835e+05	-6.808190e-03	4.984491e-02	0.000000e+00	-3.848883e+03	1.724323e+05
1.796900e-01	1.659088e+05	-6.867647e-03	5.008178e-02	0.000000e+00	-4.803070e+03	1.707119e+05
1.808800e-01	1.423180e+05	-6.927384e-03	5.030006e-02	0.000000e+00	-3.453262e+03	1.457713e+05
1.820700e-01	1.281391e+05	-6.987361e-03	5.049159e-02	0.000000e+00	-5.184891e+03	1.333240e+05
1.832600e-01	1.482368e+05	-7.047554e-03	5.068731e-02	0.000000e+00	-3.886043e+03	1.521229e+05
1.844500e-01	1.480849e+05	-7.107997e-03	5.089715e-02	0.000000e+00	-4.422460e+03	1.525074e+05
1.856400e-01	1.513154e+05	-7.168690e-03	5.110917e-02	0.000000e+00	-4.539292e+03	1.558547e+05
1.868300e-01	1.345873e+05	-7.229637e-03	5.131164e-02	0.000000e+00	-7.004079e+03	1.415914e+05
1.880200e-01	1.610700e+05	-7.290811e-03	5.152101e-02	0.000000e+00	-5.227534e+03	1.662975e+05
1.892100e-01	1.479544e+05	-7.352257e-03	5.173986e-02	0.000000e+00	-6.038228e+03	1.539926e+05
1.904000e-01	1.443150e+05	-7.413952e-03	5.194683e-02	0.000000e+00	-7.707790e+03	1.520228e+05
1.915900e-01	1.522308e+05	-7.475891e-03	5.215683e-02	0.000000e+00	-6.262539e+03	1.584933e+05
1.927800e-01	1.504503e+05	-7.538085e-03	5.237118e-02	0.000000e+00	-8.448364e+03	1.588987e+05
1.939700e-01	1.506337e+05	-7.600534e-03	5.258440e-02	0.000000e+00	-1.942743e+03	1.525764e+05
1.951600e-01	1.350888e+05	-7.663236e-03	5.278674e-02	0.000000e+00	-4.966734e+03	1.400555e+05
1.963500e-01	1.346408e+05	-7.726166e-03	5.297775e-02	0.000000e+00	-5.002767e+03	1.396435e+05
1.975400e-01	1.396575e+05	-7.789323e-03	5.317200e-02	0.000000e+00	-9.070910e+03	1.487284e+05
1.987300e-01	1.401952e+05	-7.852716e-03	5.337018e-02	0.000000e+00	-7.314574e+03	1.475097e+05
1.999200e-01	1.456441e+05	-7.916344e-03	5.357260e-02	0.000000e+00	-4.003156e+03	1.496473e+05
2.011100e-01	1.418649e+05	-7.980219e-03	5.377621e-02	0.000000e+00	-2.999165e+03	1.448641e+05
2.023000e-01	1.388912e+05	-8.044332e-03	5.397503e-02	0.000000e+00	-2.744029e+03	1.416353e+05
2.034900e-01	1.515411e+05	-8.108679e-03	5.418070e-02	0.000000e+00	-4.126127e+03	1.556672e+05
2.046800e-01	1.511485e+05	-8.173282e-03	5.439505e-02	0.000000e+00	-4.726171e+03	1.558746e+05
2.058700e-01	1.568708e+05	-8.238139e-03	5.461318e-02	0.000000e+00	-7.168267e+03	1.640390e+05
2.070600e-01	1.364330e+05	-8.303261e-03	5.482089e-02	0.000000e+00	-6.364090e+03	1.427971e+05
2.082500e-01	1.475131e+05	-8.368613e-03	5.502197e-02	0.000000e+00	-3.541502e+03	1.510546e+05
2.094400e-01	1.522773e+05	-8.434213e-03	5.523427e-02	0.000000e+00	-2.894803e+03	1.551721e+05
2.106300e-01	1.484069e+05	-8.500071e-03	5.544721e-02	0.000000e+00	-3.812150e+03	1.522190e+05
2.118200e-01	1.633898e+05	-8.566178e-03	5.566801e-02	0.000000e+00	-2.781316e+03	1.661711e+05
2.130100e-01	1.749018e+05	-8.632560e-03	5.590758e-02	0.000000e+00	-3.430745e+03	1.783326e+05
2.142000e-01	1.686874e+05	-8.699238e-03	5.615089e-02	0.000000e+00	-2.975821e+03	1.716632e+05
2.153900e-01	1.651016e+05	-8.766200e-03	5.638727e-02	0.000000e+00	-3.457360e+03	1.685590e+05
2.165800e-01	1.479536e+05	-8.833440e-03	5.660897e-02	0.000000e+00	-4.397663e+03	1.523512e+05
2.177700e-01	1.409075e+05	-8.900929e-03	5.681353e-02	0.000000e+00	-2.933999e+03	1.438415e+05
2.189600e-01	1.599126e+05	-8.968656e-03	5.702656e-02	0.000000e+00	-3.741617e+03	1.636543e+05
2.201500e-01	1.427174e+05	-9.036652e-03	5.724087e-02	0.000000e+00	-7.529100e+03	1.502465e+05
2.213400e-01	1.700091e+05	-9.104889e-03	5.746233e-02	0.000000e+00	-2.103371e+03	1.721124e+05
2.225300e-01	1.636922e+05	-9.173412e-03	5.769865e-02	0.000000e+00	-3.396772e+03	1.670889e+05
2.237200e-01	1.692212e+05	-9.242212e-03	5.793440e-02	0.000000e+00	-2.274880e+03	1.714960e+05
2.249100e-01	1.761091e+05	-9.311296e-03	5.817895e-02	0.000000e+00	-2.480751e+03	1.785899e+05
2.261000e-01	1.630649e+05	-9.380678e-03	5.841915e-02	0.000000e+00	-2.729862e+03	1.657947e+05
2.272900e-01	1.561489e+05	-9.450334e-03	5.864520e-02	0.000000e+00	-3.280024e+03	1.594289e+05
2.284800e-01	1.569281e+05	-9.520253e-03	5.886691e-02	0.000000e+00	-4.522072e+03	1.614502e+05
2.296700e-01	1.567424e+05	-9.590437e-03	5.908904e-02	0.000000e+00	-5.051138e+03	1.617936e+05
2.308600e-01	1.573471e+05	-9.660885e-03	5.931147e-02	0.000000e+00	-5.161157e+03	1.625082e+05
2.320500e-01	1.436182e+05	-9.731598e-03	5.952460e-02	0.000000e+00	-7.847774e+03	1.514660e+05
2.332400e-01	1.608706e+05	-9.802554e-03	5.974023e-02	0.000000e+00	-4.984852e+03	1.658555e+05
2.344300e-01	1.584882e+05	-9.873780e-03	5.996639e-02	0.000000e+00	-3.531337e+03	1.620196e+05
2.356200e-01	1.619546e+05	-9.945274e-03	6.019332e-02	0.000000e+00	-4.485226e+03	1.664398e+05
2.368100e-01	1.718828e+05	-1.001704e-02	6.042973e-02	0.000000e+00	-6.327783e+03	1.782106e+05
2.380000e-01	1.564807e+05	-1.008910e-02	6.066226e-02	0.000000e+00	-5.157562e+03	1.616382e+05
2.391900e-01	1.560551e+05	-1.016142e-02	6.088359e-02	0.000000e+00	-2.782457e+03	1.588376e+05
2.403800e-01	1.658064e+05	-1.023400e-02	6.111152e-02	0.000000e+00	-2.903237e+03	1.687097e+05
2.415700e-01	1.591475e+05	-1.030686e-02	6.134164e-02	0.000000e+00	-4.880774e+03	1.640282e+05
2.427600e-01	1.716960e+05	-1.037999e-02	6.157593e-02	0.000000e+00	-4.026725e+03	1.757227e+05
2.439500e-01	1.680259e+05	-1.045341e-02	6.181651e-02	0.000000e+00	-2.410117e+03	1.704360e+05
2.451400e-01	1.795421e+05	-1.052712e-02	6.206265e-02	0.000000e+00	-2.128822e+03	1.816710e+05
2.463300e-01	1.653694e+05	-1.060112e-02	6.230690e-02	0.000000e+00	-3.176282e+03	1.685457e+05
2.475200e-01	1.680533e+05	-1.067541e-02	6.254302e-02	0.000000e+00	-3.785084e+03	1.718384e+05
2.487100e-01	1.679582e+05	-1.074997e-02	6.278097e-02	0.000000e+00	-2.513953e+03	1.704721e+05
2.499000e-01	1.672267e+05	-1.082483e-02	6.301834e-02	0.000000e+00	-6.046568e+03	1.732733e+05
2.510900e-01	1.587848e+05	-1.089996e-02	6.324921e-02	0.000000e+00	-6.322504e+03	1.651073e+05
2.522800e-01	1.668783e+05	-1.097536e-02	6.347983e-02	0.000000e+00	-4.024453e+03	1.709028e+05
2.534700e-01	1.623513e+05	-1.105104e-02	6.371298e-02	0.000000e+00	-3.682857e+03	1.660341e+05
2.546600e-01	1.812118e+05	-1.112700e-02	6.395628e-02	0.000000e+00	-3.427352e+03	1.846391e+05
2.558500e-01	1.728551e+05	-1.120326e-02	6.420702e-02	0.000000e+00	-3.946943e+03	1.768020e+05
2.570400e-01	1.606054e+05	-1.127981e-02	6.444316e-02	0.000000e+00	-5.391755e+03	1.659971e+05
2.582300e-01	1.817116e+05	-1.135663e-02	6.468558e-02	0.000000e+00	-4.600859e+03	1.863124e+05
2.594200e-01	1.874065e+05	-1.143376e-02	6.494697e-02	0.000000e+00	-4.411584e+03	1.918180e+05
2.606100e-01	1.849334e+05	-1.151120e-02	6.521065e-02	0.000000e+00	-5.422888e+03	1.903562e+05
2.618000e-01	1.756459e+05	-1.158896e-02	6.546600e-02	0.000000e+00	-5.492334e+03	1.811382e+05
2.629900e-01	1.807058e+05	-1.166701e-02	6.571836e-02	0.000000e+00	-3.111038e+03	1.838169e+05
2.641800e-01	1.753889e+05	-1.174537e-02	6.597053e-02	0.000000e+00	-1.751202e+03	1.771401e+05
2.653700e-01	1.663772e+05	-1.182402e-02	6.621256e-02	0.000000e+00	-4.670073e+03	1.710472e+05
2.665600e-01	1.716743e+05	-1.190296e-02	6.645195e-02	0.000000e+00	-3.067102e+03	1.747414e+05
2.677500e-01	1.667007e+05	-1.198218e-02	6.669158e-02	0.000000e+00	-4.554270e+03	1.712550e+05
2.689400e-01	1.558886e+05	-1.206168e-02	6.692003e-02	0.000000e+00	-1.707081e+03	1.575957e+05
2.701300e-01	1.694075e+05	-1.214145e-02	6.715039e-02	0.000000e+00	-3.743601e+03	1.731511e+05
2.713200e-01	1.696249e+05	-1.222150e-02	6.739048e-02	0.000000e+00	-3.481307e+03	1.731062e+05
2.725100e-01	1.769242e+05	-1.230184e-02	6.763589e-02	0.000000e+00	-5.517850e+03	1.824421e+05
2.737000e-01	1.805382e+05	-1.238247e-02	6.788904e-02	0.000000e+00	-1.397406e+03	1.819356e+05
2.748900e-01	1.558774e+05	-1.246341e-02	6.812727e-02	0.000000e+00	-4.315794e+03	1.601932e+05
2.760800e-01	1.669381e+05	-1.254462e-02	6.835588e-02	0.000000e+00	-6.544876e+03	1.734830e+05
2.772700e-01	1.762519e+05	-1.262610e-02	6.859891e-02	0.000000e+00	-3.190357e+03	1.794423e+05
2.784600e-01	1.733833e+05	-1.270788e-02	6.884651e-02	0.000000e+00	-1.573011e+03	1.749564e+05
2.796500e-01	1.747465e+05	-1.278996e-02	6.909305e-02	0.000000e+00	-5.604585e+03	1.803511e+05
2.808400e-01	1.771303e+05	-1.287232e-02	6.934223e-02	0.000000e+00	-4.984943e+03	1.821152e+05
2.820300e-01	1.588550e+05	-1.295499e-02	6.958017e-02	0.000000e+00	-4.299544e+03	1.631545e+05
2.832200e-01	1.679471e+05	-1.303792e-02	6.981160e-02	0.000000e+00	-9.523874e+02	1.688995e+05
2.844100e-01	1.682019e+05	-1.312114e-02	7.004965e-02	0.000000e+00	-5.600285e+03	1.738022e+05
2.856000e-01	1.643053e+05	-1.320464e-02	7.028512e-02	0.000000e+00	-7.913381e+03	1.722187e+05
2.867900e-01	1.931583e+05	-1.328842e-02	7.053826e-02	0.000000e+00	-3.321829e+03	1.964801e+05
2.879800e-01	1.834837e+05	-1.337252e-02	7.080498e-02	0.000000e+00	-5.269010e+03	1.887527e+05
2.891700e-01	1.636729e+05	-1.345694e-02	7.105083e-02	0.000000e+00	-2.444134e+03	1.661170e+05
2.903600e-01	1.626685e+05	-1.354162e-02	7.128193e-02	0.000000e+00	-5.326289e+03	1.679948e+05
2.915500e-01	1.648654e+05	-1.362659e-02	7.151388e-02	0.000000e+00	-4.486372e+03	1.693518e+05
2.927400e-01	1.715086e+05	-1.371183e-02	7.175209e-02	0.000000e+00	-3.610596e+03	1.751192e+05
2.939300e-01	1.822190e+05	-1.379736e-02	7.200258e-02	0.000000e+00	-3.718905e+03	1.859379e+05
2.951200e-01	1.731477e+05	-1.388319e-02	7.225424e-02	0.000000e+00	-5.453184e+03	1.786008e+05
2.963100e-01	1.678597e+05	-1.396932e-02	7.249573e-02	0.000000e+00	-2.669901e+03	1.705296e+05
2.975000e-01	1.722764e+05	-1.405573e-02	7.273660e-02	0.000000e+00	-2.669036e+03	1.749455e+05
2.986900e-01	1.858206e+05	-1.414244e-02	7.299020e-02	0.000000e+00	-3.681912e+03	1.895025e+05
2.998800e-01	1.702868e+05	-1.422945e-02	7.324238e-02	0.000000e+00	-3.609052e+03	1.738959e+05
3.010700e-01	1.889380e+05	-1.431675e-02	7.349677e-02	0.000000e+00	-2.859957e+03	1.917979e+05
3.022600e-01	1.780715e+05	-1.440437e-02	7.375667e-02	0.000000e+00	-5.015190e+03	1.830867e+05
3.034500e-01	1.708537e+05	-1.449229e-02	7.400377e-02	0.000000e+00	-4.584041e+03	1.754377e+05
3.046400e-01	1.884233e+05	-1.458050e-02	7.425820e-02	0.000000e+00	-4.768880e+03	1.931922e+05
3.058300e-01	1.939541e+05	-1.466903e-02	7.452898e-02	0.000000e+00	-3.809225e+03	1.977633e+05
3.070200e-01	1.702260e+05	-1.475788e-02	7.478688e-02	0.000000e+00	-4.400841e+03	1.746268e+05
3.082100e-01	1.767300e+05	-1.484702e-02	7.503258e-02	0.000000e+00	-4.028238e+03	1.807583e+05
3.094000e-01	1.734607e+05	-1.493646e-02	7.528058e-02	0.000000e+00	-6.635804e+03	1.800965e+05
3.105900e-01	1.725654e+05	-1.502619e-02	7.552562e-02	0.000000e+00	-4.731003e+03	1.772964e+05
3.117800e-01	1.647781e+05	-1.511621e-02	7.576451e-02	0.000000e+00	-5.766266e+03	1.705443e+05
3.129700e-01	1.916695e+05	-1.520651e-02	7.601694e-02	0.000000e+00	-2.845547e+03	1.945151e+05
3.141600e-01	1.801058e+05	-1.529713e-02	7.628022e-02	0.000000e+00	-3.172936e+03	1.832787e+05
3.153500e-01	1.866052e+05	-1.538805e-02	7.653991e-02	0.000000e+00	-4.256216e+03	1.908614e+05
3.165400e-01	1.946595e+05	-1.547929e-02	7.680991e-02	0.000000e+00	-5.096342e+03	1.997558e+05
3.177300e-01	1.870187e+05	-1.557086e-02	7.708020e-02	0.000000e+00	-4.369128e+03	1.913879e+05
3.189200e-01	1.849776e+05	-1.566275e-02	7.734363e-02	0.000000e+00	-6.102585e+03	1.910802e+05
3.201100e-01	2.019262e+05	-1.575494e-02	7.761762e-02	0.000000e+00	-2.132570e+03	2.040587e+05
3.213000e-01	1.823375e+05	-1.584747e-02	7.788975e-02	0.000000e+00	-2.551625e+03	1.848892e+05
3.224900e-01	1.820160e+05	-1.594032e-02	7.814777e-02	0.000000e+00	-5.370393e+03	1.873864e+05
3.236800e-01	1.722256e+05	-1.603347e-02	7.839863e-02	0.000000e+00	-3.101882e+03	1.753275e+05
3.248700e-01	1.728264e+05	-1.612691e-02	7.864298e-02	0.000000e+00	-2.327171e+03	1.751536e+05
3.260600e-01	1.730071e+05	-1.622064e-02	7.888789e-02	0.000000e+00	-2.931764e+03	1.759389e+05
3.272500e-01	1.750233e+05	-1.631466e-02	7.913435e-02	0.000000e+00	-3.644444e+03	1.786677e+05
3.284400e-01	1.717565e+05	-1.640898e-02	7.937993e-02	0.000000e+00	-5.096715e+03	1.768532e+05
3.296300e-01	1.648105e+05	-1.650358e-02	7.961828e-02	0.000000e+00	-4.805859e+03	1.696164e+05
3.308200e-01	1.558474e+05	-1.659847e-02	7.984535e-02	0.000000e+00	-3.807506e+03	1.596549e+05
3.320100e-01	1.774337e+05	-1.669362e-02	8.008137e-02	0.000000e+00	-2.996151e+03	1.804298e+05
3.332000e-01	1.784012e+05	-1.678906e-02	8.033336e-02	0.000000e+00	-1.965609e+03	1.803668e+05
3.343900e-01	2.029527e+05	-1.688481e-02	8.060342e-02	0.000000e+00	-3.565324e+03	2.065180e+05
3.355800e-01	1.943561e+05	-1.698090e-02	8.088478e-02	0.000000e+00	-6.573661e+02	1.950135e+05
3.367700e-01	1.862224e+05	-1.707731e-02	8.115430e-02	0.000000e+00	-3.507005e+03	1.897294e+05
3.379600e-01	1.764646e+05	-1.717405e-02	8.141114e-02	0.000000e+00	-1.025695e+03	1.774903e+05
3.391500e-01	1.764187e+05	-1.727107e-02	8.166104e-02	0.000000e+00	-1.401665e+03	1.778204e+05
3.403400e-01	1.878511e+05	-1.736840e-02	8.191900e-02	0.000000e+00	-1.392095e+03	1.892432e+05
3.415300e-01	1.930390e+05	-1.746604e-02	8.218873e-02	0.000000e+00	-2.530173e+03	1.955692e+05
3.427200e-01	1.877475e+05	-1.756401e-02	8.245839e-02	0.000000e+00	-6.110794e+03	1.938583e+05
3.439100e-01	1.888944e+05	-1.766229e-02	8.272512e-02	0.000000e+00	-4.288463e+03	1.931829e+05
3.451000e-01	1.740789e+05	-1.776089e-02	8.298216e-02	0.000000e+00	-5.868775e+03	1.799477e+05
3.462900e-01	1.936850e+05	-1.785979e-02	8.324260e-02	0.000000e+00	-2.176952e+03	1.958619e+05
3.474800e-01	1.917943e+05	-1.795901e-02	8.351558e-02	0.000000e+00	-5.587091e+02	1.923530e+05
3.486700e-01	1.872447e+05	-1.805856e-02	8.378400e-02	0.000000e+00	-3.769583e+03	1.910143e+05
3.498600e-01	1.898072e+05	-1.815842e-02	8.405102e-02	0.000000e+00	-2.471630e+03	1.922788e+05
3.510500e-01	1.939735e+05	-1.825860e-02	8.432280e-02	0.000000e+00	-4.550220e+03	1.985237e+05
3.522400e-01	1.847170e+05	-1.835911e-02	8.459097e-02	0.000000e+00	-3.366710e+03	1.880837e+05
3.534300e-01	1.912271e+05	-1.845992e-02	8.485720e-02	0.000000e+00	-2.239502e+03	1.934666e+05
3.546200e-01	1.964700e+05	-1.856107e-02	8.513176e-02	0.000000e+00	-1.537859e+03	1.980078e+05
3.558100e-01	1.881028e+05	-1.866254e-02	8.540410e-02	0.000000e+00	-1.294124e+03	1.893969e+05
3.570000e-01	1.851692e+05	-1.876433e-02	8.566844e-02	0.000000e+00	-3.077096e+03	1.882463e+05
3.581900e-01	1.728692e+05	-1.886643e-02	8.592199e-02	0.000000e+00	-2.390206e+03	1.752594e+05
3.593800e-01	1.901174e+05	-1.896882e-02	8.617904e-02	0.000000e+00	-2.826618e+03	1.929440e+05
3.605700e-01	1.849816e+05	-1.907153e-02	8.644467e-02	0.000000e+00	-3.679258e+03	1.886609e+05
3.617600e-01	1.966955e+05	-1.917456e-02	8.671496e-02	0.000000e+00	-1.854074e+03	1.985495e+05
3.629500e-01	1.889013e+05	-1.927792e-02	8.698803e-02	0.000000e+00	-4.071828e+03	1.929732e+05
3.641400e-01	1.906937e+05	-1.938159e-02	8.725685e-02	0.000000e+00	-4.517121e+03	1.952108e+05
3.653300e-01	1.744066e+05	-1.948559e-02	8.751540e-02	0.000000e+00	-3.632673e+03	1.780392e+05
3.665200e-01	1.820456e+05	-1.958988e-02	8.776782e-02	0.000000e+00	-3.337063e+03	1.853826e+05
3.677100e-01	1.721264e+05	-1.969447e-02	8.801864e-02	0.000000e+00	-3.654708e+03	1.757812e+05
3.689000e-01	1.791954e+05	-1.979936e-02	8.826743e-02	0.000000e+00	-5.790739e+03	1.849861e+05
3.700900e-01	1.879620e+05	-1.990455e-02	8.852744e-02	0.000000e+00	-5.664215e+03	1.936262e+05
3.712800e-01	1.962062e+05	-2.001006e-02	8.879949e-02	0.000000e+00	-3.192374e+03	1.993985e+05
3.724700e-01	1.827210e+05	-2.011589e-02	8.906783e-02	0.000000e+00	-3.293338e+03	1.860143e+05
3.736600e-01	1.868300e+05	-2.022204e-02	8.932954e-02	0.000000e+00	-2.627923e+03	1.894580e+05
3.748500e-01	2.012701e+05	-2.032850e-02	8.960438e-02	0.000000e+00	-4.054499e+03	2.053246e+05
3.760400e-01	2.001944e+05	-2.043530e-02	8.988868e-02	0.000000e+00	-3.309982e+03	2.035044e+05
3.772300e-01	1.905078e+05	-2.054243e-02	9.016536e-02	0.000000e+00	-4.343108e+03	1.948509e+05
3.784200e-01	1.857256e+05	-2.064989e-02	9.043180e-02	0.000000e+00	-5.239529e+03	1.909651e+05
3.796100e-01	1.876862e+05	-2.075766e-02	9.069623e-02	0.000000e+00	-2.216294e+03	1.899025e+05
3.808000e-01	2.037549e+05	-2.086575e-02	9.097344e-02	0.000000e+00	-2.481518e+03	2.062364e+05
3.819900e-01	1.785727e+05	-2.097418e-02	9.124419e-02	0.000000e+00	-4.013939e+03	1.825866e+05
3.831800e-01	1.908159e+05	-2.108291e-02	9.150578e-02	0.000000e+00	-4.127000e+03	1.949429e+05
3.843700e-01	1.860773e+05	-2.119196e-02	9.177268e-02	0.000000e+00	-2.786231e+03	1.888635e+05
3.855600e-01	1.954480e+05	-2.130133e-02	9.204286e-02	0.000000e+00	-4.656095e+03	2.001041e+05
3.867500e-01	1.988951e+05	-2.141102e-02	9.232212e-02	0.000000e+00	-4.415775e+03	2.033109e+05
3.879400e-01	2.060281e+05	-2.152105e-02	9.260887e-02	0.000000e+00	-3.508975e+03	2.095371e+05
3.891300e-01	1.998946e+05	-2.163143e-02	9.289633e-02	0.000000e+00	-2.833389e+01	1.999230e+05
3.903200e-01	1.796123e+05	-2.174215e-02	9.316509e-02	0.000000e+00	-1.930394e+03	1.815427e+05
3.915100e-01	1.713485e+05	-2.185317e-02	9.341363e-02	0.000000e+00	-3.122433e+03	1.744709e+05
3.927000e-01	1.844096e+05	-2.196447e-02	9.366556e-02	0.000000e+00	-3.290726e+03	1.877003e+05
3.938900e-01	1.967873e+05	-2.207609e-02	9.393551e-02	0.000000e+00	-9.770855e+02	1.977644e+05
3.950800e-01	1.924654e+05	-2.218804e-02	9.421117e-02	0.000000e+00	-1.273928e+03	1.937394e+05
3.962700e-01	1.972867e+05	-2.230031e-02	9.448718e-02	0.000000e+00	-2.346166e+03	1.996329e+05
3.974600e-01	2.027493e+05	-2.241292e-02	9.477047e-02	0.000000e+00	-1.807745e+03	2.045571e+05
3.986500e-01	1.921968e+05	-2.252587e-02	9.505015e-02	0.000000e+00	-4.888702e+03	1.970855e+05
3.998400e-01	1.998462e+05	-2.263914e-02	9.532778e-02	0.000000e+00	-2.003841e+03	2.018501e+05
4.010300e-01	1.872829e+05	-2.275275e-02	9.560194e-02	0.000000e+00	-4.374179e+03	1.916570e+05
4.022200e-01	1.965507e+05	-2.286667e-02	9.587375e-02	0.000000e+00	-4.318483e+03	2.008691e+05
4.034100e-01	1.925047e+05	-2.298093e-02	9.614927e-02	0.000000e+00	-1.845389e+03	1.943501e+05
4.046000e-01	1.912867e+05	-2.309551e-02	9.642106e-02	0.000000e+00	-2.221689e+03	1.935084e+05
4.057900e-01	1.800473e+05	-2.321041e-02	9.668402e-02	0.000000e+00	-3.786304e+03	1.838336e+05
4.069800e-01	1.682818e+05	-2.332561e-02	9.693070e-02	0.000000e+00	-3.752307e+03	1.720341e+05
4.081700e-01	2.003652e+05	-2.344110e-02	9.719176e-02	0.000000e+00	-2.187557e+03	2.025527e+05
4.093600e-01	2.016681e+05	-2.355693e-02	9.747646e-02	0.000000e+00	-1.509943e+03	2.031780e+05
4.105500e-01	1.984001e+05	-2.367310e-02	9.775978e-02	0.000000e+00	-2.400604e+03	2.008007e+05
4.117400e-01	2.082125e+05	-2.378960e-02	9.804773e-02	0.000000e+00	-2.119584e+03	2.103321e+05
4.129300e-01	2.004041e+05	-2.390645e-02	9.833710e-02	0.000000e+00	-4.233488e+03	2.046376e+05
4.141200e-01	2.093992e+05	-2.402364e-02	9.862730e-02	0.000000e+00	-5.347228e+03	2.147464e+05
4.153100e-01	1.951636e+05	-2.414118e-02	9.891380e-02	0.000000e+00	-3.157578e+03	1.983212e+05
4.165000e-01	1.686098e+05	-2.425906e-02	9.917141e-02	0.000000e+00	-1.888905e+03	1.704987e+05
4.176900e-01	1.851679e+05	-2.437721e-02	9.942194e-02	0.000000e+00	-2.785624e+03	1.879536e+05
4.188800e-01	1.970219e+05	-2.449568e-02	9.969260e-02	0.000000e+00	-7.582874e+02	1.977802e+05
4.200700e-01	2.114825e+05	-2.461448e-02	9.998189e-02	0.000000e+00	-1.592470e+03	2.130750e+05
4.212600e-01	2.157999e+05	-2.473364e-02	1.002845e-01	0.000000e+00	-8.931037e+02	2.166930e+05
4.224500e-01	1.856271e+05	-2.485316e-02	1.005687e-01	0.000000e+00	-2.242380e+03	1.878695e+05
4.236400e-01	1.837901e+05	-2.497299e-02	1.008304e-01	0.000000e+00	-5.046402e+03	1.888365e+05
4.248300e-01	1.898725e+05	-2.509313e-02	1.010950e-01	0.000000e+00	-5.127296e+03	1.949998e+05
4.260200e-01	2.044562e+05	-2.521360e-02	1.013742e-01	0.000000e+00	-7.886725e+03	2.123429e+05
4.272100e-01	1.945504e+05	-2.533440e-02	1.016568e-01	0.000000e+00	-3.759851e+03	1.983103e+05
4.284000e-01	1.960128e+05	-2.545554e-02	1.019334e-01	0.000000e+00	-5.291465e+03	2.013043e+05
4.295900e-01	1.897088e+05	-2.557701e-02	1.022065e-01	0.000000e+00	-6.155066e+03	1.958639e+05
4.307800e-01	2.057191e+05	-2.569879e-02	1.024866e-01	0.000000e+00	-5.546552e+03	2.112656e+05
4.319700e-01	1.995004e+05	-2.582092e-02	1.027735e-01	0.000000e+00	-2.572104e+03	2.020725e+05
4.331600e-01	1.854036e+05	-2.594339e-02	1.030461e-01	0.000000e+00	-3.878787e+03	1.892824e+05
4.343500e-01	1.834288e+05	-2.606617e-02	1.033073e-01	0.000000e+00	-2.629062e+03	1.860579e+05
4.355400e-01	2.027353e+05	-2.618926e-02	1.035807e-01	0.000000e+00	-1.867220e+03	2.046025e+05
4.367300e-01	2.008503e+05	-2.631270e-02	1.038666e-01	0.000000e+00	-1.794785e+03	2.026451e+05
4.379200e-01	2.016707e+05	-2.643647e-02	1.041516e-01	0.000000e+00	-7.316423e+03	2.089871e+05
4.391100e-01	2.027905e+05	-2.656058e-02	1.044380e-01	0.000000e+00	-4.819760e+03	2.076102e+05
4.403000e-01	2.109599e+05	-2.668503e-02	1.047310e-01	0.000000e+00	-1.907838e+03	2.128677e+05
4.414900e-01	1.720318e+05	-2.680984e-02	1.050023e-01	0.000000e+00	-5.803898e+02	1.726122e+05
4.426800e-01	1.835009e+05	-2.693493e-02	1.052540e-01	0.000000e+00	-2.899035e+03	1.864000e+05
4.438700e-01	1.994397e+05	-2.706034e-02	1.055252e-01	0.000000e+00	-1.971295e+03	2.014110e+05
4.450600e-01	2.105474e+05	-2.718608e-02	1.058156e-01	0.000000e+00	-2.511367e+03	2.130588e+05
4.462500e-01	1.983577e+05	-2.731218e-02	1.061051e-01	0.000000e+00	-2.547569e+03	2.009053e+05
4.474400e-01	1.917231e+05	-2.743861e-02	1.063814e-01	0.000000e+00	-1.190940e+03	1.929140e+05
4.486300e-01	1.920275e+05	-2.756537e-02	1.066531e-01	0.000000e+00	-2.427578e+03	1.944550e+05
4.498200e-01	2.049878e+05	-2.769245e-02	1.069343e-01	0.000000e+00	-2.587810e+03	2.075756e+05
4.510100e-01	1.962900e+05	-2.781987e-02	1.072185e-01	0.000000e+00	-8.402885e+02	1.971303e+05
4.522000e-01	1.922635e+05	-2.794763e-02	1.074936e-01	0.000000e+00	-1.860783e+03	1.941243e+05
4.533900e-01	2.012903e+05	-2.807571e-02	1.077723e-01	0.000000e+00	-3.805905e+03	2.050962e+05
4.545800e-01	2.101315e+05	-2.820413e-02	1.080637e-01	0.000000e+00	-1.636901e+03	2.117684e+05
4.557700e-01	2.185285e+05	-2.833290e-02	1.083672e-01	0.000000e+00	-2.563863e+03	2.210924e+05
4.569600e-01	2.013363e+05	-2.846204e-02	1.086646e-01	0.000000e+00	-2.254493e+03	2.035908e+05
4.581500e-01	2.034411e+05	-2.859152e-02	1.089512e-01	0.000000e+00	-5.362142e+03	2.088033e+05
4.593400e-01	1.956295e+05	-2.872134e-02	1.092338e-01	0.000000e+00	-3.108873e+03	1.987384e+05
4.605300e-01	1.761850e+05	-2.885150e-02	1.094971e-01	0.000000e+00	-1.474567e+03	1.776596e+05
4.617200e-01	2.164216e+05	-2.898195e-02	1.097752e-01	0.000000e+00	-1.823980e+03	2.182456e+05
4.629100e-01	2.171414e+05	-2.911276e-02	1.100822e-01	0.000000e+00	-2.838356e+03	2.199798e+05
4.641000e-01	2.006114e+05	-2.924394e-02	1.103780e-01	0.000000e+00	-2.924868e+03	2.035363e+05
4.652900e-01	1.969006e+05	-2.937546e-02	1.106595e-01	0.000000e+00	-2.392810e+03	1.992934e+05
4.664800e-01	1.904091e+05	-2.950731e-02	1.109338e-01	0.000000e+00	-4.708026e+03	1.951171e+05
4.676700e-01	2.029703e+05	-2.963948e-02	1.112124e-01	0.000000e+00	-2.672108e+03	2.056424e+05
4.688600e-01	1.979383e+05	-2.977200e-02	1.114963e-01	0.000000e+00	-2.171919e+03	2.001103e+05
4.700500e-01	1.977895e+05	-2.990485e-02	1.117765e-01	0.000000e+00	-2.180780e+03	1.999703e+05
4.712400e-01	2.144882e+05	-3.003803e-02	1.120685e-01	0.000000e+00	-1.541421e+03	2.160296e+05
4.724300e-01	1.907931e+05	-3.017157e-02	1.123555e-01	0.000000e+00	-4.914338e+03	1.957074e+05
4.736200e-01	2.056404e+05	-3.030543e-02	1.126362e-01	0.000000e+00	-1.723682e+03	2.073641e+05
4.748100e-01	2.063087e+05	-3.043964e-02	1.129280e-01	0.000000e+00	-1.551689e+03	2.078604e+05
4.760000e-01	2.091113e+05	-3.057420e-02	1.132222e-01	0.000000e+00	-6.392345e+02	2.097505e+05
4.771900e-01	1.919743e+05	-3.070911e-02	1.135062e-01	0.000000e+00	-1.402231e+03	1.933765e+05
4.783800e-01	2.159049e+05	-3.084435e-02	1.137950e-01	0.000000e+00	-1.388070e+03	2.172930e+05
4.795700e-01	2.012668e+05	-3.097994e-02	1.140905e-01	0.000000e+00	-3.026187e+03	2.042930e+05
4.807600e-01	1.972471e+05	-3.111588e-02	1.143727e-01	0.000000e+00	-5.241077e+03	2.024881e+05
4.819500e-01	2.166515e+05	-3.125215e-02	1.146658e-01	0.000000e+00	-4.455365e+03	2.211069e+05
4.831400e-01	2.046648e+05	-3.138879e-02	1.149641e-01	0.000000e+00	-2.899711e+03	2.075645e+05
4.843300e-01	2.030478e+05	-3.152577e-02	1.152529e-01	0.000000e+00	-2.356052e+03	2.054039e+05
4.855200e-01	2.093321e+05	-3.166309e-02	1.155449e-01	0.000000e+00	-1.238783e+03	2.105708e+05
4.867100e-01	2.055406e+05	-3.180076e-02	1.158387e-01	0.000000e+00	-2.570262e+03	2.081108e+05
4.879000e-01	1.808175e+05	-3.193878e-02	1.161123e-01	0.000000e+00	-4.450543e+03	1.852681e+05
4.890900e-01	1.885332e+05	-3.207711e-02	1.163739e-01	0.000000e+00	-3.789762e+03	1.923230e+05
4.902800e-01	1.960842e+05	-3.221575e-02	1.166462e-01	0.000000e+00	-3.529702e+03	1.996139e+05
4.914700e-01	2.079087e+05	-3.235473e-02	1.169323e-01	0.000000e+00	-6.118260e+02	2.085206e+05
4.926600e-01	2.055207e+05	-3.249405e-02	1.172251e-01	0.000000e+00	-2.999511e+03	2.085203e+05
4.938500e-01	2.034895e+05	-3.263372e-02	1.175148e-01	0.000000e+00	-2.766999e+03	2.062565e+05
4.950400e-01	1.849975e+05	-3.277374e-02	1.177899e-01	0.000000e+00	-4.657589e+03	1.896551e+05
4.962300e-01	1.815967e+05	-3.291406e-02	1.180495e-01	0.000000e+00	-2.350399e+03	1.839471e+05
4.974200e-01	1.834986e+05	-3.305469e-02	1.183080e-01	0.000000e+00	-4.446854e+03	1.879455e+05
4.986100e-01	2.368338e+05	-3.319564e-02	1.186057e-01	0.000000e+00	-6.179896e+03	2.430137e+05
4.998000e-01	2.086544e+05	-3.333698e-02	1.189212e-01	0.000000e+00	-6.873479e+03	2.155279e+05
5.009900e-01	1.971831e+05	-3.347867e-02	1.192086e-01	0.000000e+00	-2.795768e+03	1.999788e+05
5.021800e-01	1.937562e+05	-3.362069e-02	1.194854e-01	0.000000e+00	-3.769368e+03	1.975256e+05
5.033700e-01	1.928791e+05	-3.376304e-02	1.197592e-01	0.000000e+00	-3.708476e+03	1.965875e+05
5.045600e-01	2.013710e+05	-3.390572e-02	1.200384e-01	0.000000e+00	-2.870740e+03	2.042418e+05
5.057500e-01	2.184709e+05	-3.404874e-02	1.203357e-01	0.000000e+00	-2.244078e+03	2.207150e+05
5.069400e-01	2.122992e+05	-3.419212e-02	1.206408e-01	0.000000e+00	-3.560103e+03	2.158593e+05
5.081300e-01	2.070288e+05	-3.433586e-02	1.209377e-01	0.000000e+00	-2.085449e+03	2.091142e+05
5.093200e-01	2.008709e+05	-3.447995e-02	1.212266e-01	0.000000e+00	-2.230369e+03	2.031013e+05
5.105100e-01	1.982367e+05	-3.462438e-02	1.215092e-01	0.000000e+00	-2.957772e+03	2.011945e+05
5.117000e-01	1.815616e+05	-3.476914e-02	1.217782e-01	0.000000e+00	-2.771118e+03	1.843327e+05
5.128900e-01	1.968759e+05	-3.491421e-02	1.220462e-01	0.000000e+00	-2.472487e+03	1.993484e+05
5.140800e-01	1.969722e+05	-3.505961e-02	1.223251e-01	0.000000e+00	-2.890038e+03	1.998623e+05
5.152700e-01	2.060315e+05	-3.520535e-02	1.226105e-01	0.000000e+00	-3.058503e+03	2.090900e+05
5.164600e-01	2.087523e+05	-3.535143e-02	1.229042e-01	0.000000e+00	-3.326402e+03	2.120787e+05
5.176500e-01	1.980716e+05	-3.549786e-02	1.231923e-01	0.000000e+00	-3.094084e+03	2.011657e+05
5.188400e-01	1.966478e+05	-3.564462e-02	1.234719e-01	0.000000e+00	-2.648126e+03	1.992959e+05
5.200300e-01	2.149044e+05	-3.579172e-02	1.237633e-01	0.000000e+00	-3.026791e+03	2.179312e+05
5.212200e-01	2.111684e+05	-3.593918e-02	1.240650e-01	0.000000e+00	-3.719324e+03	2.148877e+05
5.224100e-01	2.095211e+05	-3.608700e-02	1.243630e-01	0.000000e+00	-2.323979e+03	2.118451e+05
5.236000e-01	2.012916e+05	-3.623516e-02	1.246539e-01	0.000000e+00	-6.975791e+02	2.019892e+05
5.247900e-01	2.007538e+05	-3.638367e-02	1.249386e-01	0.000000e+00	-4.869312e+03	2.056232e+05
5.259800e-01	1.999188e+05	-3.653252e-02	1.252223e-01	0.000000e+00	-3.537925e+03	2.034567e+05
5.271700e-01	1.958591e+05	-3.668170e-02	1.255026e-01	0.000000e+00	-3.350312e+03	1.992094e+05
5.283600e-01	1.978383e+05	-3.683121e-02	1.257814e-01	0.000000e+00	-1.937874e+03	1.997762e+05
5.295500e-01	2.230085e+05	-3.698106e-02	1.260794e-01	0.000000e+00	-2.310262e+03	2.253188e+05
5.307400e-01	2.123464e+05	-3.713128e-02	1.263877e-01	0.000000e+00	-1.277258e+03	2.136237e+05
5.319300e-01	2.238184e+05	-3.728186e-02	1.266966e-01	0.000000e+00	-7.217700e+02	2.245402e+05
5.331200e-01	2.107501e+05	-3.743282e-02	1.270044e-01	0.000000e+00	-1.415248e+03	2.121653e+05
5.343100e-01	2.019533e+05	-3.758413e-02	1.272966e-01	0.000000e+00	-1.401474e+03	2.033547e+05
5.355000e-01	2.082399e+05	-3.773579e-02	1.275871e-01	0.000000e+00	-3.257676e+03	2.114976e+05
5.366900e-01	2.118838e+05	-3.788779e-02	1.278846e-01	0.000000e+00	-1.875044e+03	2.137589e+05
5.378800e-01	2.083617e+05	-3.804015e-02	1.281822e-01	0.000000e+00	-7.027177e+02	2.090644e+05
5.390700e-01	2.110867e+05	-3.819286e-02	1.284793e-01	0.000000e+00	-1.528556e+03	2.126153e+05
5.402600e-01	1.920334e+05	-3.834593e-02	1.287647e-01	0.000000e+00	-4.964227e+03	1.969976e+05
5.414500e-01	2.164570e+05	-3.849932e-02	1.290540e-01	0.000000e+00	-3.144772e+03	2.196018e+05
5.426400e-01	2.020516e+05	-3.865308e-02	1.293504e-01	0.000000e+00	-3.720932e+03	2.057725e+05
5.438300e-01	2.036129e+05	-3.880718e-02	1.296377e-01	0.000000e+00	-1.117387e+03	2.047303e+05
5.450200e-01	2.020209e+05	-3.896162e-02	1.299249e-01	0.000000e+00	-4.648209e+03	2.066691e+05
5.462100e-01	2.016402e+05	-3.911640e-02	1.302108e-01	0.000000e+00	-2.660324e+03	2.043006e+05
5.474000e-01	2.130621e+05	-3.927152e-02	1.305045e-01	0.000000e+00	-3.167188e+03	2.162293e+05
5.485900e-01	2.184804e+05	-3.942700e-02	1.308101e-01	0.000000e+00	-2.584885e+02	2.187389e+05
5.497800e-01	1.965446e+05	-3.958285e-02	1.311040e-01	0.000000e+00	-4.940143e+02	1.970387e+05
5.509700e-01	2.059140e+05	-3.973903e-02	1.313890e-01	0.000000e+00	-1.358472e+03	2.072725e+05
5.521600e-01	2.120688e+05	-3.989555e-02	1.316850e-01	0.000000e+00	-7.304209e+03	2.193730e+05
5.533500e-01	1.995256e+05	-4.005244e-02	1.319765e-01	0.000000e+00	-2.844911e+03	2.023706e+05
5.545400e-01	2.024897e+05	-4.020966e-02	1.322612e-01	0.000000e+00	-6.034354e+02	2.030931e+05
5.557300e-01	1.982626e+05	-4.036722e-02	1.325449e-01	0.000000e+00	-2.359018e+03	2.006216e+05
5.569200e-01	1.924325e+05	-4.052512e-02	1.328216e-01	0.000000e+00	-2.318404e+03	1.947509e+05
5.581100e-01	2.237038e+05	-4.068334e-02	1.331163e-01	0.000000e+00	-3.670470e+03	2.273743e+05
5.593000e-01	2.121637e+05	-4.084193e-02	1.334250e-01	0.000000e+00	-6.963332e+03	2.191271e+05
5.604900e-01	2.174742e+05	-4.100089e-02	1.337292e-01	0.000000e+00	-1.180288e+03	2.186544e+05
5.616800e-01	2.165435e+05	-4.116021e-02	1.340366e-01	0.000000e+00	-1.155545e+03	2.176990e+05
5.628700e-01	2.382155e+05	-4.131989e-02	1.343586e-01	0.000000e+00	-2.161880e+03	2.403774e+05
5.640600e-01	2.170864e+05	-4.147998e-02	1.346811e-01	0.000000e+00	-5.249950e+03	2.223363e+05
5.652500e-01	2.030412e+05	-4.164043e-02	1.349786e-01	0.000000e+00	-4.070040e+03	2.071112e+05
5.664400e-01	2.122646e+05	-4.180123e-02	1.352727e-01	0.000000e+00	-2.472482e+03	2.147371e+05
5.676300e-01	2.103557e+05	-4.196238e-02	1.355720e-01	0.000000e+00	-2.004664e+03	2.123603e+05
5.688200e-01	2.017805e+05	-4.212389e-02	1.358638e-01	0.000000e+00	-2.364708e+03	2.041452e+05
5.700100e-01	2.109742e+05	-4.228574e-02	1.361561e-01	0.000000e+00	-2.731393e+03	2.137055e+05
5.712000e-01	2.029088e+05	-4.244794e-02	1.364492e-01	0.000000e+00	-1.633959e+03	2.045427e+05
5.723900e-01	2.261719e+05	-4.261049e-02	1.367531e-01	0.000000e+00	-9.791692e+02	2.271511e+05
5.735800e-01	2.163015e+05	-4.277342e-02	1.370664e-01	0.000000e+00	-3.347894e+03	2.196494e+05
5.747700e-01	1.963966e+05	-4.293671e-02	1.373587e-01	0.000000e+00	-7.461066e+03	2.038577e+05
5.759600e-01	2.002216e+05	-4.310033e-02	1.376396e-01	0.000000e+00	-4.550476e+03	2.047721e+05
5.771500e-01	1.930647e+05	-4.326429e-02	1.379181e-01	0.000000e+00	-4.776556e+03	1.978413e+05
5.783400e-01	2.286212e+05	-4.342857e-02	1.382167e-01	0.000000e+00	-1.507890e+03	2.301291e+05
5.795300e-01	2.157997e+05	-4.359325e-02	1.385314e-01	0.000000e+00	-2.663998e+03	2.184637e+05
5.807200e-01	2.046162e+05	-4.375828e-02	1.388291e-01	0.000000e+00	-1.955300e+03	2.065715e+05
5.819100e-01	2.063971e+05	-4.392366e-02	1.391202e-01	0.000000e+00	-1.459335e+03	2.078565e+05
5.831000e-01	1.884474e+05	-4.408939e-02	1.393998e-01	0.000000e+00	-1.723504e+03	1.901709e+05
5.842900e-01	2.047333e+05	-4.425543e-02	1.396783e-01	0.000000e+00	-2.415354e+03	2.071486e+05
5.854800e-01	2.169737e+05	-4.442182e-02	1.399769e-01	0.000000e+00	-2.833764e+03	2.198075e+05
5.866700e-01	1.915585e+05	-4.458858e-02	1.402662e-01	0.000000e+00	-1.534579e+03	1.930930e+05
5.878600e-01	2.181041e+05	-4.475565e-02	1.405563e-01	0.000000e+00	-4.944070e+03	2.230481e+05
5.890500e-01	2.023121e+05	-4.492310e-02	1.408540e-01	0.000000e+00	-3.005931e+03	2.053181e+05
5.902400e-01	2.018271e+05	-4.509089e-02	1.411402e-01	0.000000e+00	-3.269248e+03	2.050964e+05
5.914300e-01	1.965525e+05	-4.525901e-02	1.414224e-01	0.000000e+00	-4.960367e+03	2.015128e+05
5.926200e-01	2.135413e+05	-4.542747e-02	1.417128e-01	0.000000e+00	-4.603707e+03	2.181451e+05
5.938100e-01	2.238312e+05	-4.559629e-02	1.420225e-01	0.000000e+00	-3.787716e+03	2.276189e+05
5.950000e-01	2.202851e+05	-4.576548e-02	1.423370e-01	0.000000e+00	-2.404784e+03	2.226899e+05
5.961900e-01	2.066589e+05	-4.593505e-02	1.426394e-01	0.000000e+00	-2.559213e+03	2.092181e+05
5.973800e-01	2.042244e+05	-4.610497e-02	1.429303e-01	0.000000e+00	-5.347642e+03	2.095720e+05
5.985700e-01	2.218212e+05	-4.627523e-02	1.432320e-01	0.000000e+00	-2.367976e+03	2.241892e+05
5.997600e-01	2.151578e+05	-4.644586e-02	1.435415e-01	0.000000e+00	-2.381914e+03	2.175397e+05
6.009500e-01	2.295380e+05	-4.661685e-02	1.438564e-01	0.000000e+00	-1.309808e+03	2.308479e+05
6.021400e-01	2.266241e+05	-4.678824e-02	1.441795e-01	0.000000e+00	-6.537917e+02	2.272779e+05
6.033300e-01	2.128609e+05	-4.696000e-02	1.444907e-01	0.000000e+00	-2.251776e+03	2.151127e+05
6.045200e-01	1.960293e+05	-4.713212e-02	1.447802e-01	0.000000e+00	-1.693004e+03	1.977223e+05
6.057100e-01	1.990813e+05	-4.730458e-02	1.450600e-01	0.000000e+00	-1.724656e+03	2.008059e+05
6.069000e-01	1.944641e+05	-4.747737e-02	1.453387e-01	0.000000e+00	-1.447441e+03	1.959115e+05
6.080900e-01	2.100478e+05	-4.765048e-02	1.456252e-01	0.000000e+00	-1.248333e+03	2.112961e+05
6.092800e-01	1.980578e+05	-4.782396e-02	1.459142e-01	0.000000e+00	-1.549799e+03	1.996076e+05
6.104700e-01	2.144787e+05	-4.799776e-02	1.462064e-01	0.000000e+00	-1.570776e+03	2.160495e+05
6.116600e-01	2.113766e+05	-4.817193e-02	1.465079e-01	0.000000e+00	-5.228742e+02	2.118995e+05
6.128500e-01	2.282499e+05	-4.834645e-02	1.468193e-01	0.000000e+00	-1.289381e+03	2.295392e+05
6.140400e-01	2.095867e+05	-4.852136e-02	1.471293e-01	0.000000e+00	-3.615627e+03	2.132023e+05
6.152300e-01	2.105716e+05	-4.869662e-02	1.474269e-01	0.000000e+00	-4.118009e+03	2.146896e+05
6.164200e-01	2.144447e+05	-4.887223e-02	1.477278e-01	0.000000e+00	-3.393229e+03	2.178379e+05
6.176100e-01	1.960865e+05	-4.904821e-02	1.480186e-01	0.000000e+00	-3.247773e+03	1.993343e+05
6.188000e-01	2.328358e+05	-4.922452e-02	1.483223e-01	0.000000e+00	-7.438149e+02	2.335796e+05
6.199900e-01	2.116793e+05	-4.940122e-02	1.486371e-01	0.000000e+00	-2.891819e+03	2.145711e+05
6.211800e-01	2.074064e+05	-4.957827e-02	1.489339e-01	0.000000e+00	-1.436222e+03	2.088426e+05
6.223700e-01	2.197064e+05	-4.975568e-02	1.492363e-01	0.000000e+00	-1.055455e+03	2.207619e+05
6.235600e-01	2.181047e+05	-4.993346e-02	1.495464e-01	0.000000e+00	0.000000e+00	2.181047e+05
6.247500e-01	2.038717e+05	-5.011160e-02	1.498452e-01	0.000000e+00	-2.839608e+03	2.067113e+05
6.259400e-01	2.186102e+05	-5.029009e-02	1.501444e-01	0.000000e+00	-4.127482e+03	2.227377e+05
6.271300e-01	2.129278e+05	-5.046894e-02	1.504500e-01	0.000000e+00	-8.474822e+02	2.137753e+05
6.283200e-01	2.206276e+05	-5.064816e-02	1.507570e-01	0.000000e+00	-1.624451e+03	2.222521e+05
6.295100e-01	2.127815e+05	-5.082774e-02	1.510640e-01	0.000000e+00	-2.776400e+03	2.155579e+05
6.307000e-01	2.322419e+05	-5.100769e-02	1.513791e-01	0.000000e+00	-1.632992e+03	2.338749e+05
6.318900e-01	2.177879e+05	-5.118803e-02	1.516978e-01	0.000000e+00	-1.733397e+03	2.195213e+05
6.330800e-01	2.230652e+05	-5.136873e-02	1.520100e-01	0.000000e+00	-1.896159e+03	2.249614e+05
6.342700e-01	2.184835e+05	-5.154981e-02	1.523227e-01	0.000000e+00	-1.692468e+03	2.201760e+05
6.354600e-01	2.264587e+05	-5.173126e-02	1.526378e-01	0.000000e+00	-2.173381e+03	2.286320e+05
6.366500e-01	2.149742e+05	-5.191309e-02	1.529504e-01	0.000000e+00	-2.185593e+03	2.171598e+05
6.378400e-01	2.097055e+05	-5.209528e-02	1.532511e-01	0.000000e+00	-1.450391e+03	2.111559e+05
6.390300e-01	2.136863e+05	-5.227783e-02	1.535510e-01	0.000000e+00	-2.333927e+03	2.160202e+05
6.402200e-01	1.928675e+05	-5.246073e-02	1.538389e-01	0.000000e+00	-1.627545e+03	1.944950e+05
6.414100e-01	1.971442e+05	-5.264396e-02	1.541151e-01	0.000000e+00	-1.486522e+03	1.986307e+05
6.426000e-01	1.894860e+05	-5.282753e-02	1.543889e-01	0.000000e+00	-2.567622e+03	1.920537e+05
6.437900e-01	1.909589e+05	-5.301141e-02	1.546583e-01	0.000000e+00	-2.739890e+03	1.936987e+05
6.449800e-01	2.019953e+05	-5.319561e-02	1.549366e-01	0.000000e+00	-1.741721e+03	2.037370e+05
6.461700e-01	1.996247e+05	-5.338016e-02	1.552210e-01	0.000000e+00	-1.618662e+03	2.012434e+05
6.473600e-01	2.096184e+05	-5.356504e-02	1.555108e-01	0.000000e+00	-1.624459e+03	2.112429e+05
6.485500e-01	2.201886e+05	-5.375027e-02	1.558152e-01	0.000000e+00	-2.715299e+03	2.229039e+05
6.497400e-01	2.175302e+05	-5.393588e-02	1.561251e-01	0.000000e+00	-3.379970e+03	2.209102e+05
6.509300e-01	2.097416e+05	-5.412185e-02	1.564277e-01	0.000000e+00	-2.753807e+03	2.124954e+05
6.521200e-01	2.113225e+05	-5.430818e-02	1.567259e-01	0.000000e+00	-3.429590e+03	2.147521e+05
6.533100e-01	2.199537e+05	-5.449486e-02	1.570313e-01	0.000000e+00	-5.243368e+03	2.251970e+05
6.545000e-01	1.991061e+05	-5.468191e-02	1.573281e-01	0.000000e+00	-3.655275e+03	2.027614e+05
6.556900e-01	2.049724e+05	-5.486930e-02	1.576142e-01	0.000000e+00	-2.173287e+03	2.071457e+05
6.568800e-01	2.288244e+05	-5.505703e-02	1.579214e-01	0.000000e+00	-2.401398e+03	2.312258e+05
6.580700e-01	2.085812e+05	-5.524515e-02	1.582312e-01	0.000000e+00	-3.093618e+03	2.116749e+05
6.592600e-01	2.107862e+05	-5.543362e-02	1.585282e-01	0.000000e+00	-2.183776e+03	2.129700e+05
6.604500e-01	2.077338e+05	-5.562245e-02	1.588245e-01	0.000000e+00	-2.795958e+03	2.105298e+05
6.616400e-01	2.170800e+05	-5.581163e-02	1.591254e-01	0.000000e+00	-3.196102e+03	2.202761e+05
6.628300e-01	2.130683e+05	-5.600117e-02	1.594300e-01	0.000000e+00	-2.165438e+03	2.152337e+05
6.640200e-01	2.211926e+05	-5.619107e-02	1.597375e-01	0.000000e+00	-7.652339e+02	2.219578e+05
6.652100e-01	2.068507e+05	-5.638134e-02	1.600406e-01	0.000000e+00	-2.676935e+02	2.071184e+05
6.664000e-01	2.173897e+05	-5.657197e-02	1.603411e-01	0.000000e+00	-1.320227e+03	2.187100e+05
6.675900e-01	2.018697e+05	-5.676295e-02	1.606380e-01	0.000000e+00	-2.223831e+03	2.040935e+05
6.687800e-01	2.036844e+05	-5.695428e-02	1.609252e-01	0.000000e+00	-1.737448e+03	2.054219e+05
6.699700e-01	2.116269e+05	-5.714596e-02	1.612193e-01	0.000000e+00	-1.395017e+03	2.130220e+05
6.711600e-01	2.001072e+05	-5.733799e-02	1.615109e-01	0.000000e+00	-2.230006e+03	2.023372e+05
6.723500e-01	2.263531e+05	-5.753035e-02	1.618129e-01	0.000000e+00	-2.495352e+03	2.288485e+05
6.735400e-01	2.028475e+05	-5.772310e-02	1.621168e-01	0.000000e+00	-2.688168e+03	2.055357e+05
6.747300e-01	2.177614e+05	-5.791619e-02	1.624147e-01	0.000000e+00	-8.966086e+02	2.186580e+05
6.759200e-01	2.252668e+05	-5.810965e-02	1.627284e-01	0.000000e+00	-1.919335e+03	2.271862e+05
6.771100e-01	2.271629e+05	-5.830348e-02	1.630488e-01	0.000000e+00	-1.659836e+03	2.288227e+05
6.783000e-01	2.240029e+05	-5.849770e-02	1.633683e-01	0.000000e+00	-4.942091e+02	2.244971e+05
6.794900e-01	2.116024e+05	-5.869230e-02	1.636768e-01	0.000000e+00	-6.612911e+02	2.122637e+05
6.806800e-01	2.157712e+05	-5.888725e-02	1.639794e-01	0.000000e+00	-1.621332e+03	2.173925e+05
6.818700e-01	2.159973e+05	-5.908257e-02	1.642852e-01	0.000000e+00	-2.352453e+03	2.183497e+05
6.830600e-01	1.973121e+05	-5.927825e-02	1.645779e-01	0.000000e+00	-1.884884e+03	1.991970e+05
6.842500e-01	2.115925e+05	-5.947427e-02	1.648675e-01	0.000000e+00	-2.528515e+03	2.141210e+05
6.854400e-01	2.147086e+05	-5.967064e-02	1.651694e-01	0.000000e+00	-2.538500e+03	2.172471e+05
6.866300e-01	1.994328e+05	-5.986737e-02	1.654626e-01	0.000000e+00	-2.946086e+03	2.023789e+05
6.878200e-01	2.008800e+05	-6.006444e-02	1.657461e-01	0.000000e+00	-8.741322e+02	2.017542e+05
6.890100e-01	2.022337e+05	-6.026185e-02	1.660316e-01	0.000000e+00	-2.929768e+03	2.051635e+05
6.902000e-01	2.075754e+05	-6.045959e-02	1.663218e-01	0.000000e+00	-2.336887e+03	2.099123e+05
6.913900e-01	2.033747e+05	-6.065769e-02	1.666128e-01	0.000000e+00	-3.123163e+03	2.064979e+05
6.925800e-01	1.951501e+05	-6.085613e-02	1.668951e-01	0.000000e+00	-2.916042e+03	1.980661e+05
6.937700e-01	2.025905e+05	-6.105490e-02	1.671767e-01	0.000000e+00	-3.183386e+03	2.057739e+05
6.949600e-01	2.132659e+05	-6.125401e-02	1.674712e-01	0.000000e+00	-3.556614e+02	2.136216e+05
6.961500e-01	2.124238e+05	-6.145348e-02	1.677727e-01	0.000000e+00	-2.577229e+03	2.150011e+05
6.973400e-01	2.148286e+05	-6.165331e-02	1.680752e-01	0.000000e+00	-7.841157e+02	2.156127e+05
6.985300e-01	2.053685e+05	-6.185350e-02	1.683728e-01	0.000000e+00	-1.329778e+03	2.066983e+05
6.997200e-01	2.086286e+05	-6.205404e-02	1.686660e-01	0.000000e+00	-2.033515e+03	2.106621e+05
7.009100e-01	2.186571e+05	-6.225493e-02	1.689686e-01	0.000000e+00	-2.220910e+03	2.208780e+05
7.021000e-01	2.179355e+05	-6.245618e-02	1.692778e-01	0.000000e+00	-3.520004e+03	2.214555e+05
7.032900e-01	2.103233e+05	-6.265781e-02	1.695810e-01	0.000000e+00	-1.841593e+03	2.121649e+05
7.044800e-01	2.364365e+05	-6.285979e-02	1.698974e-01	0.000000e+00	-2.183691e+03	2.386202e+05
7.056700e-01	2.196595e+05	-6.306216e-02	1.702204e-01	0.000000e+00	-1.996558e+03	2.216560e+05
7.068600e-01	2.051049e+05	-6.326491e-02	1.705212e-01	0.000000e+00	-9.872373e+02	2.060922e+05
7.080500e-01	2.094058e+05	-6.346801e-02	1.708147e-01	0.000000e+00	-4.112988e+03	2.135187e+05
7.092400e-01	2.157179e+05	-6.367145e-02	1.711158e-01	0.000000e+00	-2.462800e+03	2.181807e+05
7.104300e-01	2.406193e+05	-6.387526e-02	1.714390e-01	0.000000e+00	0.000000e+00	2.406193e+05
7.116200e-01	2.319505e+05	-6.407948e-02	1.717736e-01	0.000000e+00	-1.310993e+02	2.320816e+05
7.128100e-01	2.184248e+05	-6.428408e-02	1.720926e-01	0.000000e+00	-4.066514e+03	2.224914e+05
7.140000e-01	2.170234e+05	-6.448906e-02	1.724009e-01	0.000000e+00	-4.316248e+03	2.213397e+05
7.151900e-01	2.316063e+05	-6.469440e-02	1.727186e-01	0.000000e+00	-2.238458e+03	2.338448e+05
7.163800e-01	1.969844e+05	-6.490013e-02	1.730221e-01	0.000000e+00	-2.969672e+03	1.999541e+05
7.175700e-01	1.935145e+05	-6.510619e-02	1.732987e-01	0.000000e+00	-2.244395e+03	1.957589e+05
7.187600e-01	2.066799e+05	-6.531258e-02	1.735821e-01	0.000000e+00	-6.249689e+02	2.073049e+05
7.199500e-01	2.052696e+05	-6.551931e-02	1.738738e-01	0.000000e+00	-1.560665e+03	2.068303e+05
7.211400e-01	2.035691e+05	-6.572640e-02	1.741633e-01	0.000000e+00	-4.872265e+03	2.084414e+05
7.223300e-01	1.991317e+05	-6.593382e-02	1.744485e-01	0.000000e+00	-1.982733e+03	2.011145e+05
7.235200e-01	2.131332e+05	-6.614158e-02	1.747405e-01	0.000000e+00	-2.055506e+03	2.151887e+05
7.247100e-01	2.325712e+05	-6.634971e-02	1.750561e-01	0.000000e+00	-1.421968e+03	2.339932e+05
7.259000e-01	2.034309e+05	-6.655822e-02	1.753649e-01	0.000000e+00	-2.008032e+03	2.054390e+05
7.270900e-01	2.086792e+05	-6.676707e-02	1.756567e-01	0.000000e+00	-1.686051e+03	2.103652e+05
7.282800e-01	2.184092e+05	-6.697628e-02	1.759592e-01	0.000000e+00	-3.561363e+03	2.219705e+05
7.294700e-01	2.099258e+05	-6.718586e-02	1.762625e-01	0.000000e+00	-2.475115e+03	2.124009e+05
7.306600e-01	2.246381e+05	-6.739579e-02	1.765702e-01	0.000000e+00	-8.012845e+02	2.254393e+05
7.318500e-01	2.148846e+05	-6.760609e-02	1.768815e-01	0.000000e+00	-2.460328e+03	2.173450e+05
7.330400e-01	2.231689e+05	-6.781676e-02	1.771917e-01	0.000000e+00	-4.016647e+03	2.271856e+05
7.342300e-01	2.103867e+05	-6.802781e-02	1.774987e-01	0.000000e+00	-3.319275e+03	2.137060e+05
7.354200e-01	1.959339e+05	-6.823921e-02	1.777865e-01	0.000000e+00	-1.699738e+03	1.976337e+05
7.366100e-01	2.087324e+05	-6.845094e-02	1.780730e-01	0.000000e+00	-7.481770e+02	2.094806e+05
7.378000e-01	2.024696e+05	-6.866302e-02	1.783642e-01	0.000000e+00	-6.156045e+02	2.030852e+05
7.389900e-01	2.027250e+05	-6.887545e-02	1.786512e-01	0.000000e+00	-1.860009e+03	2.045850e+05
7.401800e-01	2.197581e+05	-6.908821e-02	1.789504e-01	0.000000e+00	-1.368815e+03	2.211269e+05
7.413700e-01	2.095370e+05	-6.930135e-02	1.792544e-01	0.000000e+00	-6.154425e+02	2.101524e+05
7.425600e-01	2.174902e+05	-6.951484e-02	1.795568e-01	0.000000e+00	-8.411575e+02	2.183314e+05
7.437500e-01	2.211799e+05	-6.972870e-02	1.798674e-01	0.000000e+00	-1.655627e+03	2.228355e+05
7.449400e-01	1.965792e+05	-6.994292e-02	1.801633e-01	0.000000e+00	-8.849132e+02	1.974641e+05
7.461300e-01	1.964115e+05	-7.015748e-02	1.804416e-01	0.000000e+00	-2.010607e+03	1.984221e+05
7.473200e-01	2.177549e+05	-7.037238e-02	1.807349e-01	0.000000e+00	-2.723315e+03	2.204782e+05
7.485100e-01	2.381782e+05	-7.058763e-02	1.810578e-01	0.000000e+00	-1.116930e+03	2.392952e+05
7.497000e-01	2.171085e+05	-7.080329e-02	1.813802e-01	0.000000e+00	-1.925317e+03	2.190338e+05
7.508900e-01	2.235598e+05	-7.101932e-02	1.816922e-01	0.000000e+00	-1.735527e+03	2.252953e+05
7.520800e-01	2.361061e+05	-7.123572e-02	1.820178e-01	0.000000e+00	-1.590287e+03	2.376964e+05
7.532700e-01	2.097791e+05	-7.145252e-02	1.823335e-01	0.000000e+00	-1.563377e+03	2.113425e+05
7.544600e-01	2.073993e+05	-7.166967e-02	1.826290e-01	0.000000e+00	-3.525870e+03	2.109251e+05
7.556500e-01	2.183061e+05	-7.188718e-02	1.829304e-01	0.000000e+00	-1.177286e+03	2.194834e+05
7.568400e-01	2.220956e+05	-7.210505e-02	1.832423e-01	0.000000e+00	-8.787058e+02	2.229743e+05
7.580300e-01	2.119410e+05	-7.232329e-02	1.835497e-01	0.000000e+00	-1.341620e+03	2.132826e+05
7.592200e-01	2.194621e+05	-7.254190e-02	1.838552e-01	0.000000e+00	-2.247705e+03	2.217098e+05
7.604100e-01	2.223205e+05	-7.276087e-02	1.841680e-01	0.000000e+00	-1.446981e+03	2.237674e+05
7.616000e-01	2.171756e+05	-7.298022e-02	1.844793e-01	0.000000e+00	-2.453699e+03	2.196293e+05
7.627900e-01	2.138898e+05	-7.319993e-02	1.847845e-01	0.000000e+00	-8.504789e+02	2.147403e+05
7.639800e-01	1.972158e+05	-7.342000e-02	1.850757e-01	0.000000e+00	-1.859792e+03	1.990756e+05
7.651700e-01	2.400619e+05	-7.364041e-02	1.853853e-01	0.000000e+00	-2.564696e+03	2.426266e+05
7.663600e-01	2.193447e+05	-7.386122e-02	1.857107e-01	0.000000e+00	-2.121058e+03	2.214657e+05
7.675500e-01	2.188519e+05	-7.408240e-02	1.860210e-01	0.000000e+00	-1.041986e+03	2.198939e+05
7.687400e-01	2.187890e+05	-7.430395e-02	1.863309e-01	0.000000e+00	-1.333742e+03	2.201227e+05
7.699300e-01	2.107511e+05	-7.452587e-02	1.866351e-01	0.000000e+00	-2.143542e+03	2.128946e+05
7.711200e-01	2.113283e+05	-7.474814e-02	1.869340e-01	0.000000e+00	-5.250544e+03	2.165788e+05
7.723100e-01	2.043417e+05	-7.497077e-02	1.872283e-01	0.000000e+00	-2.060648e+03	2.064024e+05
7.735000e-01	2.020753e+05	-7.519375e-02	1.875162e-01	0.000000e+00	-1.201822e+03	2.032771e+05
7.746900e-01	2.185292e+05	-7.541706e-02	1.878140e-01	0.000000e+00	-1.416547e+03	2.199457e+05
7.758800e-01	2.157531e+05	-7.564074e-02	1.881216e-01	0.000000e+00	-1.274735e+03	2.170278e+05
7.770700e-01	2.003676e+05	-7.586479e-02	1.884162e-01	0.000000e+00	-3.445789e+03	2.038134e+05
7.782600e-01	2.281886e+05	-7.608917e-02	1.887197e-01	0.000000e+00	-3.638649e+03	2.318272e+05
7.794500e-01	2.238536e+05	-7.631394e-02	1.890398e-01	0.000000e+00	-1.808429e+03	2.256620e+05
7.806400e-01	2.085311e+05	-7.653909e-02	1.893460e-01	0.000000e+00	-1.635638e+03	2.101667e+05
7.818300e-01	2.123787e+05	-7.676459e-02	1.896441e-01	0.000000e+00	-7.115234e+02	2.130902e+05
7.830200e-01	2.161954e+05	-7.699044e-02	1.899476e-01	0.000000e+00	-1.041099e+03	2.172365e+05
7.842100e-01	2.017261e+05	-7.721666e-02	1.902436e-01	0.000000e+00	-1.331063e+03	2.030572e+05
7.854000e-01	2.413344e+05	-7.744322e-02	1.905573e-01	0.000000e+00	-1.616960e+03	2.429514e+05
7.865900e-01	2.299422e+05	-7.767019e-02	1.908911e-01	0.000000e+00	-1.337230e+03	2.312795e+05
7.877800e-01	2.179227e+05	-7.789754e-02	1.912082e-01	0.000000e+00	-1.121296e+03	2.190440e+05
7.889700e-01	2.104976e+05	-7.812526e-02	1.915116e-01	0.000000e+00	-1.503629e+03	2.120013e+05
7.901600e-01	2.073941e+05	-7.835334e-02	1.918076e-01	0.000000e+00	-9.112027e+02	2.083053e+05
7.913500e-01	2.230503e+05	-7.858177e-02	1.921124e-01	0.000000e+00	-2.518990e+03	2.255693e+05
7.925400e-01	2.096225e+05	-7.881057e-02	1.924188e-01	0.000000e+00	-2.104998e+03	2.117275e+05
7.937300e-01	2.083173e+05	-7.903972e-02	1.927148e-01	0.000000e+00	-9.996653e+02	2.093170e+05
7.949200e-01	2.259507e+05	-7.926923e-02	1.930223e-01	0.000000e+00	-2.517482e+03	2.284682e+05
7.961100e-01	2.050475e+05	-7.949912e-02	1.933275e-01	0.000000e+00	-1.918054e+03	2.069655e+05
7.973000e-01	2.062038e+05	-7.972935e-02	1.936188e-01	0.000000e+00	-3.778620e+03	2.099824e+05
7.984900e-01	2.184555e+05	-7.995993e-02	1.939195e-01	0.000000e+00	-1.798271e+03	2.202538e+05
7.996800e-01	2.167308e+05	-8.019088e-02	1.942277e-01	0.000000e+00	-2.951730e+03	2.196826e+05
8.008700e-01	2.110190e+05	-8.042219e-02	1.945306e-01	0.000000e+00	-2.731507e+03	2.137505e+05
8.020600e-01	2.417486e+05	-8.065386e-02	1.948512e-01	0.000000e+00	-8.771648e+02	2.426257e+05
8.032500e-01	2.284300e+05	-8.088594e-02	1.951842e-01	0.000000e+00	-2.358644e+03	2.307887e+05
8.044400e-01	2.154266e+05	-8.111840e-02	1.954985e-01	0.000000e+00	-2.406715e+03	2.178334e+05
8.056300e-01	2.137419e+05	-8.135122e-02	1.958024e-01	0.000000e+00	-1.055031e+03	2.147969e+05
8.068200e-01	2.075514e+05	-8.158441e-02	1.961008e-01	0.000000e+00	-2.791578e+03	2.103430e+05
8.080100e-01	2.330083e+05	-8.181794e-02	1.964128e-01	0.000000e+00	-1.413724e+03	2.344221e+05
8.092000e-01	2.072361e+05	-8.205187e-02	1.967245e-01	0.000000e+00	-1.721509e+03	2.089576e+05
8.103900e-01	2.018037e+05	-8.228615e-02	1.970142e-01	0.000000e+00	-2.371999e+03	2.041757e+05
8.115800e-01	2.074119e+05	-8.252076e-02	1.973040e-01	0.000000e+00	-3.813185e+03	2.112251e+05
8.127700e-01	2.121437e+05	-8.275573e-02	1.976011e-01	0.000000e+00	-1.012477e+03	2.131562e+05
8.139600e-01	2.306493e+05	-8.299105e-02	1.979147e-01	0.000000e+00	-3.212414e+03	2.338618e+05
8.151500e-01	2.305823e+05	-8.322677e-02	1.982413e-01	0.000000e+00	-2.032878e+03	2.326152e+05
8.163400e-01	2.104402e+05	-8.346287e-02	1.985536e-01	0.000000e+00	-2.104628e+03	2.125449e+05
8.175300e-01	1.907706e+05	-8.369932e-02	1.988377e-01	0.000000e+00	-8.216809e+02	1.915923e+05
8.187200e-01	2.248106e+05	-8.393610e-02	1.991320e-01	0.000000e+00	-1.255745e+03	2.260663e+05
8.199100e-01	2.241870e+05	-8.417326e-02	1.994500e-01	0.000000e+00	-4.201539e+02	2.246071e+05
8.211000e-01	2.355875e+05	-8.441079e-02	1.997756e-01	0.000000e+00	-1.329770e+03	2.369173e+05
8.222900e-01	2.248711e+05	-8.464872e-02	2.001017e-01	0.000000e+00	-3.743477e+03	2.286145e+05
8.234800e-01	2.089926e+05	-8.488704e-02	2.004089e-01	0.000000e+00	-3.531531e+03	2.125242e+05
8.246700e-01	2.169170e+05	-8.512570e-02	2.007105e-01	0.000000e+00	-2.683900e+03	2.196009e+05
8.258600e-01	2.065370e+05	-8.536473e-02	2.010104e-01	0.000000e+00	-2.488476e+03	2.090255e+05
8.270500e-01	2.018898e+05	-8.560410e-02	2.012996e-01	0.000000e+00	-5.965124e+02	2.024863e+05
8.282400e-01	2.272393e+05	-8.584382e-02	2.016035e-01	0.000000e+00	-2.866852e+03	2.301061e+05
8.294300e-01	2.246750e+05	-8.608392e-02	2.019236e-01	0.000000e+00	-1.655497e+03	2.263305e+05
8.306200e-01	2.152978e+05	-8.632440e-02	2.022351e-01	0.000000e+00	-2.110159e+03	2.174080e+05
8.318100e-01	2.115565e+05	-8.656524e-02	2.025374e-01	0.000000e+00	-2.116790e+03	2.136733e+05
8.330000e-01	2.386231e+05	-8.680644e-02	2.028562e-01	0.000000e+00	-4.645880e+02	2.390877e+05
8.341900e-01	2.386507e+05	-8.704804e-02	2.031942e-01	0.000000e+00	-2.666734e+03	2.413175e+05
8.353800e-01	2.169443e+05	-8.729004e-02	2.035169e-01	0.000000e+00	-1.871723e+03	2.188160e+05
8.365700e-01	2.379617e+05	-8.753241e-02	2.038390e-01	0.000000e+00	-2.339037e+03	2.403007e+05
8.377600e-01	2.195388e+05	-8.777518e-02	2.041630e-01	0.000000e+00	-2.791452e+03	2.223303e+05
8.389500e-01	2.186919e+05	-8.801831e-02	2.044733e-01	0.000000e+00	-1.635319e+03	2.203272e+05
8.401400e-01	2.219385e+05	-8.826182e-02	2.047854e-01	0.000000e+00	-1.244343e+03	2.231829e+05
8.413300e-01	2.114580e+05	-8.850570e-02	2.050923e-01	0.000000e+00	-1.282096e+03	2.127401e+05
8.425200e-01	2.140366e+05	-8.874994e-02	2.053936e-01	0.000000e+00	-2.018896e+03	2.160555e+05
8.437100e-01	2.262871e+05	-8.899454e-02	2.057054e-01	0.000000e+00	-1.139036e+02	2.264010e+05
8.449000e-01	2.300282e+05	-8.923952e-02	2.060286e-01	0.000000e+00	-1.285471e+03	2.313136e+05
8.460900e-01	2.260582e+05	-8.948489e-02	2.063516e-01	0.000000e+00	-1.272248e+03	2.273304e+05
8.472800e-01	2.152306e+05	-8.973064e-02	2.066641e-01	0.000000e+00	-4.653008e+03	2.198836e+05
8.484700e-01	2.165403e+05	-8.997675e-02	2.069698e-01	0.000000e+00	-4.667668e+03	2.212080e+05
8.496600e-01	2.218929e+05	-9.022323e-02	2.072803e-01	0.000000e+00	-3.139228e+03	2.250321e+05
8.508500e-01	2.064393e+05	-9.047008e-02	2.075836e-01	0.000000e+00	-3.785482e+03	2.102248e+05
8.520400e-01	2.235602e+05	-9.071727e-02	2.078881e-01	0.000000e+00	-1.730288e+03	2.252904e+05
8.532300e-01	2.047484e+05	-9.096485e-02	2.081915e-01	0.000000e+00	-8.863196e+02	2.056347e+05
8.544200e-01	2.381742e+05	-9.121277e-02	2.085051e-01	0.000000e+00	-3.151221e+02	2.384893e+05
8.556100e-01	2.114152e+05	-9.146109e-02	2.088235e-01	0.000000e+00	-4.747501e+02	2.118899e+05
8.568000e-01	2.091590e+05	-9.170977e-02	2.091213e-01	0.000000e+00	-1.196573e+03	2.103555e+05
8.579900e-01	2.161420e+05	-9.195880e-02	2.094225e-01	0.000000e+00	-2.390958e+03	2.185329e+05
8.591800e-01	2.378991e+05	-9.220820e-02	2.097441e-01	0.000000e+00	-1.820071e+03	2.397192e+05
8.603700e-01	2.308199e+05	-9.245799e-02	2.100760e-01	0.000000e+00	-1.101447e+03	2.319213e+05
8.615600e-01	2.118459e+05	-9.270818e-02	2.103895e-01	0.000000e+00	-1.419561e+03	2.132654e+05
8.627500e-01	2.081088e+05	-9.295872e-02	2.106869e-01	0.000000e+00	-1.918558e+03	2.100274e+05
8.639400e-01	2.364924e+05	-9.320961e-02	2.110017e-01	0.000000e+00	-1.303702e+03	2.377961e+05
8.651300e-01	2.381703e+05	-9.346090e-02	2.113379e-01	0.000000e+00	-1.159964e+03	2.393303e+05
8.663200e-01	2.284178e+05	-9.371260e-02	2.116683e-01	0.000000e+00	-6.597930e+02	2.290776e+05
8.675100e-01	2.163207e+05	-9.396467e-02	2.119832e-01	0.000000e+00	-8.301259e+02	2.171508e+05
8.687000e-01	2.258698e+05	-9.421712e-02	2.122964e-01	0.000000e+00	-1.021025e+01	2.258800e+05
8.698900e-01	2.294552e+05	-9.446994e-02	2.126188e-01	0.000000e+00	0.000000e+00	2.294552e+05
8.710800e-01	2.190837e+05	-9.472315e-02	2.129365e-01	0.000000e+00	-6.972342e+02	2.197809e+05
8.722700e-01	2.313663e+05	-9.497673e-02	2.132555e-01	0.000000e+00	-1.431020e+02	2.315094e+05
8.734600e-01	2.147305e+05	-9.523070e-02	2.135714e-01	0.000000e+00	-2.735862e+02	2.150040e+05
8.746500e-01	2.113854e+05	-9.548503e-02	2.138731e-01	0.000000e+00	-2.089688e+03	2.134751e+05
8.758400e-01	2.100593e+05	-9.573971e-02	2.141716e-01	0.000000e+00	-1.214759e+03	2.112741e+05
8.770300e-01	2.260863e+05	-9.599476e-02	2.144804e-01	0.000000e+00	-1.314190e+03	2.274005e+05
8.782200e-01	2.322454e+05	-9.625018e-02	2.148050e-01	0.000000e+00	-3.821247e+03	2.360667e+05
8.794100e-01	2.352694e+05	-9.650599e-02	2.151361e-01	0.000000e+00	-2.072899e+03	2.373423e+05
8.806000e-01	2.407152e+05	-9.676220e-02	2.154732e-01	0.000000e+00	-9.783367e+02	2.416936e+05
8.817900e-01	2.215054e+05	-9.701882e-02	2.158005e-01	0.000000e+00	0.000000e+00	2.215054e+05
8.829800e-01	2.133101e+05	-9.727581e-02	2.161084e-01	0.000000e+00	0.000000e+00	2.133101e+05
8.841700e-01	1.955028e+05	-9.753316e-02	2.163979e-01	0.000000e+00	-7.089785e+01	1.955737e+05
8.853600e-01	2.196873e+05	-9.779083e-02	2.166919e-01	0.000000e+00	-1.905155e+03	2.215925e+05
8.865500e-01	2.172436e+05	-9.804888e-02	2.170014e-01	0.000000e+00	-1.483852e+03	2.187274e+05
8.877400e-01	2.246193e+05	-9.830730e-02	2.173143e-01	0.000000e+00	-2.415463e+03	2.270347e+05
8.889300e-01	2.359498e+05	-9.856609e-02	2.176404e-01	0.000000e+00	-2.130926e+03	2.380807e+05
8.901200e-01	2.472870e+05	-9.882528e-02	2.179826e-01	0.000000e+00	-6.917238e+02	2.479788e+05
8.913100e-01	2.164975e+05	-9.908489e-02	2.183111e-01	0.000000e+00	-7.026824e+02	2.172001e+05
8.925000e-01	2.245453e+05	-9.934486e-02	2.186234e-01	0.000000e+00	-8.556041e+02	2.254009e+05
8.936900e-01	2.247415e+05	-9.960521e-02	2.189416e-01	0.000000e+00	-1.222013e+03	2.259635e+05
8.948800e-01	2.056130e+05	-9.986594e-02	2.192463e-01	0.000000e+00	-2.863881e+02	2.058994e+05
8.960700e-01	2.303143e+05	-1.001270e-01	2.195550e-01	0.000000e+00	0.000000e+00	2.303143e+05
8.972600e-01	2.344627e+05	-1.003885e-01	2.198842e-01	0.000000e+00	0.000000e+00	2.344627e+05
8.984500e-01	2.218085e+05	-1.006503e-01	2.202073e-01	0.000000e+00	-1.054215e+03	2.228628e+05
8.996400e-01	2.264005e+05	-1.009126e-01	2.205247e-01	0.000000e+00	-2.349222e+03	2.287497e+05
9.008300e-01	2.278033e+05	-1.011752e-01	2.208464e-01	0.000000e+00	-1.987123e+03	2.297904e+05
9.020200e-01	2.272353e+05	-1.014382e-01	2.211686e-01	0.000000e+00	-1.197501e+03	2.284328e+05
9.032100e-01	2.004258e+05	-1.017016e-01	2.214715e-01	0.000000e+00	-1.240054e+03	2.016658e+05
9.044000e-01	1.995732e+05	-1.019653e-01	2.217547e-01	0.000000e+00	-2.251233e+03	2.018244e+05
9.055900e-01	2.071581e+05	-1.022293e-01	2.220428e-01	0.000000e+00	-4.038894e+03	2.111970e+05
9.067800e-01	2.303495e+05	-1.024938e-01	2.223526e-01	0.000000e+00	-4.224475e+03	2.345740e+05
9.079700e-01	2.080538e+05	-1.027585e-01	2.226630e-01	0.000000e+00	-1.877193e+03	2.099310e+05
9.091600e-01	2.217075e+05	-1.030237e-01	2.229674e-01	0.000000e+00	-3.745501e+03	2.254530e+05
9.103500e-01	2.125943e+05	-1.032892e-01	2.232749e-01	0.000000e+00	-1.169245e+03	2.137636e+05
9.115400e-01	2.021540e+05	-1.035551e-01	2.235687e-01	0.000000e+00	-2.073399e+03	2.042274e+05
9.127300e-01	2.202164e+05	-1.038213e-01	2.238678e-01	0.000000e+00	-1.639325e+03	2.218557e+05
9.139200e-01	2.170864e+05	-1.040879e-01	2.241774e-01	0.000000e+00	-5.643859e+02	2.176507e+05
9.151100e-01	2.100623e+05	-1.043548e-01	2.244799e-01	0.000000e+00	-5.911200e+02	2.106534e+05
9.163000e-01	2.254678e+05	-1.046222e-01	2.247884e-01	0.000000e+00	-1.701201e+03	2.271690e+05
9.174900e-01	2.163740e+05	-1.048898e-01	2.251013e-01	0.000000e+00	-8.116508e+02	2.171856e+05
9.186800e-01	2.507221e+05	-1.051579e-01	2.254320e-01	0.000000e+00	-6.814515e+02	2.514035e+05
9.198700e-01	2.223211e+05	-1.054264e-01	2.257670e-01	0.000000e+00	-8.917946e+02	2.232129e+05
9.210600e-01	2.171863e+05	-1.056952e-01	2.260783e-01	0.000000e+00	-5.648163e+02	2.177511e+05
9.222500e-01	2.233031e+05	-1.059644e-01	2.263902e-01	0.000000e+00	-6.599350e+02	2.239631e+05
9.234400e-01	2.073278e+05	-1.062340e-01	2.266952e-01	0.000000e+00	-2.284816e+03	2.096126e+05
9.246300e-01	2.287217e+05	-1.065040e-01	2.270040e-01	0.000000e+00	-3.381763e+03	2.321035e+05
9.258200e-01	2.413535e+05	-1.067743e-01	2.273369e-01	0.000000e+00	-1.876830e+03	2.432303e+05
9.270100e-01	2.107929e+05	-1.070450e-01	2.276571e-01	0.000000e+00	-6.583783e+02	2.114513e+05
9.282000e-01	2.206446e+05	-1.073161e-01	2.279626e-01	0.000000e+00	-1.862630e+03	2.225072e+05
9.293900e-01	2.239340e+05	-1.075876e-01	2.282774e-01	0.000000e+00	-4.301280e+02	2.243641e+05
9.305800e-01	2.060471e+05	-1.078594e-01	2.285819e-01	0.000000e+00	-2.787431e+03	2.088345e+05
9.317700e-01	2.107841e+05	-1.081316e-01	2.288771e-01	0.000000e+00	-9.841216e+02	2.117682e+05
9.329600e-01	2.212069e+05	-1.084042e-01	2.291830e-01	0.000000e+00	-9.932476e+02	2.222001e+05
9.341500e-01	2.240827e+05	-1.086771e-01	2.294984e-01	0.000000e+00	-6.874247e+02	2.247701e+05
9.353400e-01	2.501912e+05	-1.089504e-01	2.298342e-01	0.000000e+00	-4.220424e+02	2.506132e+05
9.365300e-01	2.238366e+05	-1.092241e-01	2.301699e-01	0.000000e+00	-1.190866e+03	2.250275e+05
9.377200e-01	2.348764e+05	-1.094982e-01	2.304948e-01	0.000000e+00	-1.389298e+03	2.362657e+05
9.389100e-01	2.264524e+05	-1.097726e-01	2.308215e-01	0.000000e+00	-8.262602e+02	2.272787e+05
9.401000e-01	2.213515e+05	-1.100475e-01	2.311386e-01	0.000000e+00	-3.732143e+02	2.217247e+05
9.412900e-01	2.266491e+05	-1.103228e-01	2.314558e-01	0.000000e+00	-1.537833e+03	2.281869e+05
9.424800e-01	2.197525e+05	-1.105984e-01	2.317720e-01	0.000000e+00	-4.213352e+02	2.201739e+05
9.436700e-01	2.146345e+05	-1.108744e-01	2.320796e-01	0.000000e+00	-5.618404e+02	2.151963e+05
9.448600e-01	2.106732e+05	-1.111507e-01	2.323808e-01	0.000000e+00	-5.854631e+02	2.112587e+05
9.460500e-01	2.158546e+05	-1.114274e-01	2.326828e-01	0.000000e+00	-9.617952e+02	2.168164e+05
9.472400e-01	2.189372e+05	-1.117045e-01	2.329907e-01	0.000000e+00	-1.334140e+02	2.190706e+05
9.484300e-01	2.183540e+05	-1.119820e-01	2.333004e-01	0.000000e+00	-2.380744e+00	2.183564e+05
9.496200e-01	2.122057e+05	-1.122598e-01	2.336053e-01	0.000000e+00	-1.284953e+03	2.134907e+05
9.508100e-01	2.119044e+05	-1.125379e-01	2.339056e-01	0.000000e+00	-8.304721e+02	2.127348e+05
9.520000e-01	2.047506e+05	-1.128165e-01	2.342007e-01	0.000000e+00	-2.083875e+03	2.068344e+05
9.531900e-01	2.107036e+05	-1.130953e-01	2.344949e-01	0.000000e+00	-2.000127e+03	2.127037e+05
9.543800e-01	2.256041e+05	-1.133746e-01	2.348039e-01	0.000000e+00	-1.361218e+03	2.269653e+05
9.555700e-01	2.394030e+05	-1.136542e-01	2.351332e-01	0.000000e+00	-5.669320e+01	2.394597e+05
9.567600e-01	2.120416e+05	-1.139342e-01	2.354529e-01	0.000000e+00	-2.268207e+03	2.143098e+05
9.579500e-01	2.164564e+05	-1.142145e-01	2.357563e-01	0.000000e+00	-1.267033e+03	2.177235e+05
9.591400e-01	2.159666e+05	-1.144953e-01	2.360626e-01	0.000000e+00	-8.225961e+02	2.167892e+05
9.603300e-01	2.261675e+05	-1.147764e-01	2.363757e-01	0.000000e+00	-3.148442e+03	2.293159e+05
9.615200e-01	2.226622e+05	-1.150579e-01	2.366935e-01	0.000000e+00	-1.056505e+03	2.237187e+05
9.627100e-01	2.320620e+05	-1.153397e-01	2.370155e-01	0.000000e+00	-1.511169e+03	2.335732e+05
9.639000e-01	2.275979e+05	-1.156220e-01	2.373410e-01	0.000000e+00	-2.132059e+03	2.297300e+05
9.650900e-01	2.178281e+05	-1.159046e-01	2.376565e-01	0.000000e+00	-4.200213e+02	2.182482e+05
9.662800e-01	2.256032e+05	-1.161876e-01	2.379705e-01	0.000000e+00	-1.566587e+03	2.271698e+05
9.674700e-01	2.447965e+05	-1.164710e-01	2.383036e-01	0.000000e+00	-1.352705e+03	2.461492e+05
9.686600e-01	2.400846e+05	-1.167547e-01	2.386470e-01	0.000000e+00	-2.716515e+03	2.428011e+05
9.698500e-01	2.183398e+05	-1.170389e-01	2.389716e-01	0.000000e+00	-1.688615e+02	2.185086e+05
9.710400e-01	2.295966e+05	-1.173235e-01	2.392888e-01	0.000000e+00	0.000000e+00	2.295966e+05
9.722300e-01	2.350730e+05	-1.176084e-01	2.396179e-01	0.000000e+00	-3.174182e+03	2.382472e+05
9.734200e-01	2.279926e+05	-1.178938e-01	2.399458e-01	0.000000e+00	-2.566760e+03	2.305594e+05
9.746100e-01	2.344305e+05	-1.181795e-01	2.402733e-01	0.000000e+00	-2.934620e+02	2.347240e+05
9.758000e-01	2.206586e+05	-1.184656e-01	2.405956e-01	0.000000e+00	-2.370695e+03	2.230293e+05
9.769900e-01	2.361535e+05	-1.187521e-01	2.409191e-01	0.000000e+00	-4.810094e+03	2.409636e+05
9.781800e-01	2.301273e+05	-1.190390e-01	2.412493e-01	0.000000e+00	-1.070521e+03	2.311978e+05
9.793700e-01	2.375042e+05	-1.193263e-01	2.415805e-01	0.000000e+00	-2.888370e+01	2.375331e+05
9.805600e-01	2.214654e+05	-1.196140e-01	2.419055e-01	0.000000e+00	-1.540966e+03	2.230064e+05
9.817500e-01	2.254379e+05	-1.199020e-01	2.422220e-01	0.000000e+00	-1.547199e+03	2.269851e+05
9.829400e-01	2.137277e+05	-1.201905e-01	2.425330e-01	0.000000e+00	-1.924968e+03	2.156526e+05
9.841300e-01	2.283140e+05	-1.204793e-01	2.428460e-01	0.000000e+00	-7.408321e+02	2.290548e+05
9.853200e-01	2.142056e+05	-1.207684e-01	2.431594e-01	0.000000e+00	-1.506414e+03	2.157120e+05
9.865100e-01	2.316308e+05	-1.210580e-01	2.434751e-01	0.000000e+00	-3.350635e+03	2.349814e+05
9.877000e-01	2.515749e+05	-1.213479e-01	2.438173e-01	0.000000e+00	-1.616396e+03	2.531913e+05
9.888900e-01	2.369278e+05	-1.216383e-01	2.441632e-01	0.000000e+00	-3.487477e+02	2.372765e+05
9.900800e-01	2.177396e+05	-1.219290e-01	2.444852e-01	0.000000e+00	-5.605139e+02	2.183001e+05
9.912700e-01	2.185535e+05	-1.222201e-01	2.447942e-01	0.000000e+00	-2.057191e+03	2.206107e+05
9.924600e-01	1.964137e+05	-1.225116e-01	2.450880e-01	0.000000e+00	-2.999388e+03	1.994131e+05
9.936500e-01	2.083926e+05	-1.228035e-01	2.453747e-01	0.000000e+00	-2.061278e+03	2.104539e+05
9.948400e-01	2.114203e+05	-1.230956e-01	2.456720e-01	0.000000e+00	-1.496072e+03	2.129164e+05
9.960300e-01	2.340534e+05	-1.233882e-01	2.459875e-01	0.000000e+00	-1.655056e+03	2.357085e+05
9.972200e-01	2.074891e+05	-1.236811e-01	2.463002e-01	0.000000e+00	-1.666007e+03	2.091551e+05
9.984100e-01	2.152680e+05	-1.239743e-01	2.465995e-01	0.000000e+00	-2.538246e+03	2.178062e+05
9.996000e-01	2.262440e+05	-1.242680e-01	2.469122e-01	0.000000e+00	-1.772970e+03	2.280170e+05
1.000790e+00	2.247536e+05	-1.245620e-01	2.472316e-01	0.000000e+00	-8.404580e+02	2.255941e+05
1.001980e+00	2.177797e+05	-1.248564e-01	2.475450e-01	0.000000e+00	-2.029138e+03	2.198088e+05
1.003170e+00	2.176357e+05	-1.251512e-01	2.478533e-01	0.000000e+00	-2.074379e+03	2.197100e+05
1.004360e+00	2.218938e+05	-1.254463e-01	2.481646e-01	0.000000e+00	-1.259836e+03	2.231536e+05
1.005550e+00	2.235258e+05	-1.257418e-01	2.484800e-01	0.000000e+00	-8.253840e+02	2.243512e+05
1.006740e+00	2.242876e+05	-1.260377e-01	2.487971e-01	0.000000e+00	-2.466205e+03	2.267538e+05
1.007930e+00	2.264105e+05	-1.263339e-01	2.491163e-01	0.000000e+00	-3.251011e+03	2.296615e+05
1.009120e+00	2.375516e+05	-1.266306e-01	2.494449e-01	0.000000e+00	-1.539302e+03	2.390909e+05
1.010310e+00	2.146748e+05	-1.269276e-01	2.497651e-01	0.000000e+00	-2.140842e+02	2.148889e+05
1.011500e+00	2.082353e+05	-1.272250e-01	2.500646e-01	0.000000e+00	-1.443490e+03	2.096788e+05
1.012690e+00	2.176388e+05	-1.275228e-01	2.503662e-01	0.000000e+00	-2.245483e+02	2.178633e+05
1.013880e+00	2.275082e+05	-1.278209e-01	2.506814e-01	0.000000e+00	-1.144443e+03	2.286527e+05
1.015070e+00	2.182520e+05	-1.281194e-01	2.509971e-01	0.000000e+00	-1.213019e+03	2.194650e+05
1.016260e+00	2.155052e+05	-1.284182e-01	2.513043e-01	0.000000e+00	-1.707304e+03	2.172126e+05
1.017450e+00	2.254834e+05	-1.287175e-01	2.516166e-01	0.000000e+00	-1.616136e+03	2.270996e+05
1.018640e+00	2.153947e+05	-1.290171e-01	2.519288e-01	0.000000e+00	-7.245658e+02	2.161193e+05
1.019830e+00	2.217048e+05	-1.293171e-01	2.522383e-01	0.000000e+00	-6.886519e+02	2.223934e+05
1.021020e+00	2.092161e+05	-1.296174e-01	2.525435e-01	0.000000e+00	-2.674546e+02	2.094836e+05
1.022210e+00	2.176722e+05	-1.299181e-01	2.528458e-01	0.000000e+00	0.000000e+00	2.176722e+05
1.023400e+00	2.327299e+05	-1.302192e-01	2.531647e-01	0.000000e+00	-7.975610e+02	2.335275e+05
1.024590e+00	2.319551e+05	-1.305207e-01	2.534938e-01	0.000000e+00	-1.223927e+03	2.331790e+05
1.025780e+00	2.293517e+05	-1.308225e-01	2.538205e-01	0.000000e+00	-1.765037e+03	2.311168e+05
1.026970e+00	2.231142e+05	-1.311247e-01	2.541409e-01	0.000000e+00	-2.324696e+03	2.254389e+05
1.028160e+00	2.195315e+05	-1.314274e-01	2.544544e-01	0.000000e+00	-1.043039e+03	2.205745e+05
1.029350e+00	2.184067e+05	-1.317304e-01	2.547645e-01	0.000000e+00	-1.249101e+03	2.196558e+05
1.030540e+00	2.148526e+05	-1.320337e-01	2.550713e-01	0.000000e+00	0.000000e+00	2.148526e+05
1.031730e+00	2.050568e+05	-1.323374e-01	2.553687e-01	0.000000e+00	-1.328459e+03	2.063852e+05
1.032920e+00	1.952420e+05	-1.326415e-01	2.556522e-01	0.000000e+00	-1.361895e+03	1.966039e+05
1.034110e+00	2.214277e+05	-1.329459e-01	2.559473e-01	0.000000e+00	-1.206907e+03	2.226346e+05
1.035300e+00	2.211593e+05	-1.332506e-01	2.562607e-01	0.000000e+00	-6.310742e+02	2.217904e+05
1.036490e+00	2.181247e+05	-1.335558e-01	2.565718e-01	0.000000e+00	-1.430572e+03	2.195553e+05
1.037680e+00	2.016467e+05	-1.338613e-01	2.568690e-01	0.000000e+00	-7.637820e+02	2.024105e+05
1.038870e+00	2.250360e+05	-1.341671e-01	2.571712e-01	0.000000e+00	-1.249599e+03	2.262856e+05
1.040060e+00	2.420779e+05	-1.344733e-01	2.575020e-01	0.000000e+00	-2.471737e+03	2.445496e+05
1.041250e+00	2.469945e+05	-1.347800e-01	2.578483e-01	0.000000e+00	-8.584829e+02	2.478530e+05
1.042440e+00	2.318141e+05	-1.350870e-01	2.581874e-01	0.000000e+00	-4.621975e+02	2.322763e+05
1.043630e+00	2.230216e+05	-1.353945e-01	2.585095e-01	0.000000e+00	-3.577432e+02	2.233794e+05
1.044820e+00	2.124032e+05	-1.357023e-01	2.588179e-01	0.000000e+00	-2.160521e+03	2.145637e+05
1.046010e+00	2.357383e+05	-1.360104e-01	2.591352e-01	0.000000e+00	-2.744703e+00	2.357410e+05
1.047200e+00	2.244377e+05	-1.363190e-01	2.594611e-01	0.000000e+00	0.000000e+00	2.244377e+05
1.048390e+00	2.284293e+05	-1.366280e-01	2.597818e-01	0.000000e+00	-6.999959e+02	2.291293e+05
1.049580e+00	2.244695e+05	-1.369373e-01	2.601025e-01	0.000000e+00	-1.083900e+03	2.255534e+05
1.050770e+00	2.181903e+05	-1.372470e-01	2.604160e-01	0.000000e+00	-7.371130e+02	2.189274e+05
1.051960e+00	2.301927e+05	-1.375571e-01	2.607335e-01	0.000000e+00	-3.876116e+02	2.305803e+05
1.053150e+00	2.153671e+05	-1.378676e-01	2.610491e-01	0.000000e+00	-7.292401e+02	2.160963e+05
1.054340e+00	2.287581e+05	-1.381784e-01	2.613636e-01	0.000000e+00	-9.768376e+02	2.297349e+05
1.055530e+00	2.255564e+05	-1.384896e-01	2.616853e-01	0.000000e+00	-1.267655e+03	2.268241e+05
1.056720e+00	2.246817e+05	-1.388012e-01	2.620041e-01	0.000000e+00	-3.319917e+02	2.250137e+05
1.057910e+00	2.274755e+05	-1.391132e-01	2.623244e-01	0.000000e+00	-1.348681e+03	2.288242e+05
1.059100e+00	2.236822e+05	-1.394255e-01	2.626438e-01	0.000000e+00	0.000000e+00	2.236822e+05
1.060290e+00	2.439143e+05	-1.397383e-01	2.629750e-01	0.000000e+00	-1.556173e+03	2.454705e+05
1.061480e+00	2.364057e+05	-1.400514e-01	2.633151e-01	0.000000e+00	-1.244993e+02	2.365302e+05
1.062670e+00	2.231653e+05	-1.403650e-01	2.636406e-01	0.000000e+00	-8.061326e+02	2.239714e+05
1.063860e+00	2.182789e+05	-1.406789e-01	2.639532e-01	0.000000e+00	-2.203166e+03	2.204820e+05
1.065050e+00	2.205159e+05	-1.409932e-01	2.642639e-01	0.000000e+00	-1.277161e+03	2.217931e+05
1.066240e+00	2.094832e+05	-1.413078e-01	2.645684e-01	0.000000e+00	-7.555579e+02	2.102387e+05
1.067430e+00	2.050327e+05	-1.416228e-01	2.648620e-01	0.000000e+00	-7.758275e+02	2.058085e+05
1.068620e+00	2.342447e+05	-1.419382e-01	2.651731e-01	0.000000e+00	-6.450865e+01	2.343092e+05
1.069810e+00	2.392340e+05	-1.422539e-01	2.655084e-01	0.000000e+00	-5.093748e+02	2.397434e+05
1.071000e+00	2.272549e+05	-1.425701e-01	2.658387e-01	0.000000e+00	-3.936949e+02	2.276486e+05
1.072190e+00	2.184082e+05	-1.428866e-01	2.661543e-01	0.000000e+00	-1.056071e+03	2.194642e+05
1.073380e+00	2.238249e+05	-1.432036e-01	2.664675e-01	0.000000e+00	-9.990909e+02	2.248240e+05
1.074570e+00	2.113586e+05	-1.435208e-01	2.667757e-01	0.000000e+00	-9.042922e+02	2.122629e+05
1.075760e+00	2.352011e+05	-1.438385e-01	2.670919e-01	0.000000e+00	-5.374808e+02	2.357386e+05
1.076950e+00	2.429774e+05	-1.441565e-01	2.674305e-01	0.000000e+00	-6.420118e+02	2.436194e+05
1.078140e+00	2.185148e+05	-1.444750e-01	2.677574e-01	0.000000e+00	-1.501927e+02	2.186650e+05
1.079330e+00	2.085420e+05	-1.447938e-01	2.680598e-01	0.000000e+00	-1.538719e+03	2.100807e+05
1.080520e+00	2.449586e+05	-1.451129e-01	2.683809e-01	0.000000e+00	-2.251537e+03	2.472101e+05
1.081710e+00	2.078035e+05	-1.454325e-01	2.687016e-01	0.000000e+00	-1.014844e+03	2.088183e+05
1.082900e+00	2.246595e+05	-1.457525e-01	2.690078e-01	0.000000e+00	-9.270594e+02	2.255866e+05
1.084090e+00	2.295835e+05	-1.460728e-01	2.693295e-01	0.000000e+00	-7.746649e+02	2.303582e+05
1.085280e+00	2.099226e+05	-1.463935e-01	2.696407e-01	0.000000e+00	-8.066567e+02	2.107292e+05
1.086470e+00	2.000770e+05	-1.467145e-01	2.699311e-01	0.000000e+00	-9.835497e+02	2.010605e+05
1.087660e+00	2.225173e+05	-1.470359e-01	2.702304e-01	0.000000e+00	-1.053419e+03	2.235707e+05
1.088850e+00	2.416364e+05	-1.473577e-01	2.705591e-01	0.000000e+00	-1.423726e+03	2.430601e+05
1.090040e+00	2.384248e+05	-1.476798e-01	2.708990e-01	0.000000e+00	0.000000e+00	2.384248e+05
1.091230e+00	2.371412e+05	-1.480024e-01	2.712358e-01	0.000000e+00	0.000000e+00	2.371412e+05
1.092420e+00	2.150909e+05	-1.483254e-01	2.715561e-01	0.000000e+00	-5.300754e+02	2.156210e+05
1.093610e+00	2.282060e+05	-1.486487e-01	2.718700e-01	0.000000e+00	-1.941233e+03	2.301472e+05
1.094800e+00	2.120525e+05	-1.489724e-01	2.721818e-01	0.000000e+00	-7.340798e+02	2.127866e+05
1.095990e+00	2.413340e+05	-1.492965e-01	2.725028e-01	0.000000e+00	-1.559562e+02	2.414899e+05
1.097180e+00	2.145282e+05	-1.496210e-01	2.728257e-01	0.000000e+00	-7.241577e+02	2.152524e+05
1.098370e+00	2.265582e+05	-1.499458e-01	2.731380e-01	0.000000e+00	-1.035312e+03	2.275935e+05
1.099560e+00	2.218926e+05	-1.502710e-01	2.734556e-01	0.000000e+00	-8.356033e+02	2.227282e+05
1.100750e+00	2.173802e+05	-1.505966e-01	2.737667e-01	0.000000e+00	-1.113434e+03	2.184937e+05
1.101940e+00	2.469888e+05	-1.509226e-01	2.740955e-01	0.000000e+00	-4.931744e+02	2.474820e+05
1.103130e+00	2.086420e+05	-1.512490e-01	2.744182e-01	0.000000e+00	-7.215004e+02	2.093635e+05
1.104320e+00	2.164499e+05	-1.515757e-01	2.747192e-01	0.000000e+00	-5.962257e+02	2.170461e+05
1.105510e+00	2.349373e+05	-1.519028e-01	2.750389e-01	0.000000e+00	-6.792601e+02	2.356166e+05
1.106700e+00	2.310324e+05	-1.522303e-01	2.753689e-01	0.000000e+00	-1.487910e+03	2.325203e+05
1.107890e+00	2.309255e+05	-1.525582e-01	2.756960e-01	0.000000e+00	-1.484455e+03	2.324100e+05
1.109080e+00	2.285339e+05	-1.528865e-01	2.760214e-01	0.000000e+00	-8.033432e+02	2.293372e+05
1.110270e+00	2.435034e+05	-1.532151e-01	2.763556e-01	0.000000e+00	-1.610637e+03	2.451140e+05
1.111460e+00	2.110927e+05	-1.535442e-01	2.766776e-01	0.000000e+00	-6.344998e+02	2.117272e+05
1.112650e+00	2.217878e+05	-1.538736e-01	2.769841e-01	0.000000e+00	-3.855305e+02	2.221733e+05
1.113840e+00	2.373299e+05	-1.542034e-01	2.773093e-01	0.000000e+00	0.000000e+00	2.373299e+05
1.115030e+00	2.340468e+05	-1.545336e-01	2.776431e-01	0.000000e+00	0.000000e+00	2.340468e+05
1.116220e+00	2.335283e+05	-1.548642e-01	2.779742e-01	0.000000e+00	-3.712874e+02	2.338996e+05
1.117410e+00	2.154840e+05	-1.551952e-01	2.782922e-01	0.000000e+00	-4.690487e+02	2.159530e+05
1.118600e+00	2.183622e+05	-1.555265e-01	2.785994e-01	0.000000e+00	-3.271868e+02	2.186894e+05
1.119790e+00	2.197114e+05	-1.558583e-01	2.789096e-01	0.000000e+00	-5.532877e+02	2.202647e+05
1.120980e+00	2.275077e+05	-1.561904e-01	2.792263e-01	0.000000e+00	-9.843867e+02	2.284920e+05
1.122170e+00	2.165640e+05	-1.565228e-01	2.795408e-01	0.000000e+00	-1.138273e+03	2.177023e+05
1.123360e+00	2.200831e+05	-1.568557e-01	2.798500e-01	0.000000e+00	-2.561929e+03	2.226450e+05
1.124550e+00	2.348396e+05	-1.571889e-01	2.801722e-01	0.000000e+00	-3.172900e+02	2.351569e+05
1.125740e+00	2.230052e+05	-1.575225e-01	2.804964e-01	0.000000e+00	0.000000e+00	2.230052e+05
1.126930e+00	2.056645e+05	-1.578564e-01	2.808000e-01	0.000000e+00	0.000000e+00	2.056645e+05
1.128120e+00	2.089953e+05	-1.581908e-01	2.810936e-01	0.000000e+00	0.000000e+00	2.089953e+05
1.129310e+00	2.115968e+05	-1.585254e-01	2.813915e-01	0.000000e+00	0.000000e+00	2.115968e+05
1.130500e+00	2.336211e+05	-1.588605e-01	2.817068e-01	0.000000e+00	-1.691868e+02	2.337903e+05
1.131690e+00	2.202019e+05	-1.591959e-01	2.820282e-01	0.000000e+00	-1.996727e+03	2.221986e+05
1.132880e+00	2.144590e+05	-1.595317e-01	2.823360e-01	0.000000e+00	-1.375528e+03	2.158346e+05
1.134070e+00	2.113805e+05	-1.598679e-01	2.826375e-01	0.000000e+00	-6.602389e+02	2.120408e+05
1.135260e+00	2.048014e+05	-1.602044e-01	2.829323e-01	0.000000e+00	0.000000e+00	2.048014e+05
1.136450e+00	2.199888e+05	-1.605412e-01	2.832331e-01	0.000000e+00	0.000000e+00	2.199888e+05
1.137640e+00	2.454468e+05	-1.608785e-01	2.835627e-01	0.000000e+00	0.000000e+00	2.454468e+05
1.138830e+00	2.235636e+05	-1.612161e-01	2.838948e-01	0.000000e+00	0.000000e+00	2.235636e+05
1.140020e+00	2.591466e+05	-1.615542e-01	2.842367e-01	0.000000e+00	0.000000e+00	2.591466e+05
1.141210e+00	2.285957e+05	-1.618926e-01	2.845821e-01	0.000000e+00	-4.863046e+02	2.290820e+05
1.142400e+00	2.254514e+05	-1.622315e-01	2.849036e-01	0.000000e+00	-4.310917e+02	2.258825e+05
1.143590e+00	2.458378e+05	-1.625707e-01	2.852373e-01	0.000000e+00	-1.588753e+03	2.474265e+05
1.144780e+00	2.038399e+05	-1.629103e-01	2.855558e-01	0.000000e+00	-8.551954e+02	2.046951e+05
1.145970e+00	2.088535e+05	-1.632503e-01	2.858480e-01	0.000000e+00	0.000000e+00	2.088535e+05
1.147160e+00	2.395244e+05	-1.635906e-01	2.861656e-01	0.000000e+00	0.000000e+00	2.395244e+05
1.148350e+00	2.239320e+05	-1.639314e-01	2.864938e-01	0.000000e+00	-5.747815e+01	2.239895e+05
1.149540e+00	2.240301e+05	-1.642725e-01	2.868110e-01	0.000000e+00	-1.623194e+03	2.256533e+05
1.150730e+00	2.392496e+05	-1.646140e-01	2.871391e-01	0.000000e+00	0.000000e+00	2.392496e+05
1.151920e+00	2.392072e+05	-1.649559e-01	2.874779e-01	0.000000e+00	0.000000e+00	2.392072e+05
1.153110e+00	2.336732e+05	-1.652982e-01	2.878128e-01	0.000000e+00	-7.614914e+02	2.344347e+05
1.154300e+00	2.275139e+05	-1.656409e-01	2.881394e-01	0.000000e+00	-7.884478e+01	2.275927e+05
1.155490e+00	2.271782e+05	-1.659840e-01	2.884614e-01	0.000000e+00	-1.619044e+01	2.271944e+05
1.156680e+00	2.276308e+05	-1.663274e-01	2.887835e-01	0.000000e+00	-1.150726e+03	2.287816e+05
1.157870e+00	2.199726e+05	-1.666713e-01	2.891004e-01	0.000000e+00	-5.137554e+02	2.204863e+05
1.159060e+00	2.237236e+05	-1.670155e-01	2.894147e-01	0.000000e+00	0.000000e+00	2.237236e+05
1.160250e+00	2.517191e+05	-1.673601e-01	2.897513e-01	0.000000e+00	0.000000e+00	2.517191e+05
1.161440e+00	2.141517e+05	-1.677051e-01	2.900813e-01	0.000000e+00	0.000000e+00	2.141517e+05
1.162630e+00	2.192689e+05	-1.680505e-01	2.903882e-01	0.000000e+00	0.000000e+00	2.192689e+05
1.163820e+00	2.222519e+05	-1.683962e-01	2.907009e-01	0.000000e+00	-4.814016e+02	2.227333e+05
1.165010e+00	2.182936e+05	-1.687423e-01	2.910128e-01	0.000000e+00	-3.589345e+02	2.186525e+05
1.166200e+00	2.598469e+05	-1.690888e-01	2.913514e-01	0.000000e+00	0.000000e+00	2.598469e+05
1.167390e+00	2.451399e+05	-1.694357e-01	2.917091e-01	0.000000e+00	0.000000e+00	2.451399e+05
1.168580e+00	2.204984e+05	-1.697831e-01	2.920388e-01	0.000000e+00	-7.212382e+02	2.212197e+05
1.169770e+00	2.324099e+05	-1.701308e-01	2.923595e-01	0.000000e+00	-9.594341e+02	2.333693e+05
1.170960e+00	2.330266e+05	-1.704789e-01	2.926891e-01	0.000000e+00	-1.429810e+03	2.344564e+05
1.172150e+00	2.056275e+05	-1.708274e-01	2.929998e-01	0.000000e+00	-1.091198e+03	2.067187e+05
1.173340e+00	2.143192e+05	-1.711762e-01	2.932972e-01	0.000000e+00	-7.268090e+02	2.150460e+05
1.174530e+00	2.315167e+05	-1.715254e-01	2.936129e-01	0.000000e+00	-1.135271e+02	2.316302e+05
1.175720e+00	2.412470e+05	-1.718750e-01	2.939477e-01	0.000000e+00	0.000000e+00	2.412470e+05
1.176910e+00	2.373177e+05	-1.722250e-01	2.942866e-01	0.000000e+00	-3.401614e+01	2.373517e+05
1.178100e+00	2.220999e+05	-1.725754e-01	2.946119e-01	0.000000e+00	-8.063200e+02	2.229062e+05
1.179290e+00	2.257431e+05	-1.729262e-01	2.949291e-01	0.000000e+00	0.000000e+00	2.257431e+05
1.180480e+00	2.357382e+05	-1.732774e-01	2.952559e-01	0.000000e+00	0.000000e+00	2.357382e+05
1.181670e+00	2.157617e+05	-1.736289e-01	2.955756e-01	0.000000e+00	-7.249896e+02	2.164867e+05
1.182860e+00	2.242390e+05	-1.739808e-01	2.958872e-01	0.000000e+00	-1.153466e+02	2.243544e+05
1.184050e+00	2.055157e+05	-1.743331e-01	2.961916e-01	0.000000e+00	0.000000e+00	2.055157e+05
1.185240e+00	2.219078e+05	-1.746858e-01	2.964942e-01	0.000000e+00	0.000000e+00	2.219078e+05
1.186430e+00	2.122526e+05	-1.750388e-01	2.968017e-01	0.000000e+00	0.000000e+00	2.122526e+05
1.187620e+00	2.156530e+05	-1.753922e-01	2.971047e-01	0.000000e+00	0.000000e+00	2.156530e+05
1.188810e+00	2.125798e+05	-1.757459e-01	2.974080e-01	0.000000e+00	0.000000e+00	2.125798e+05
1.190000e+00	1.081716e+05	-1.761000e-01	2.976351e-01	0.000000e+00	0.000000e+00	1.081716e+05
