#x	rho	phi	ex	bz	rhok[0]	rhok[1]
0.000000e+00	-2.226313e+03	0.000000e+00	2.503661e-02	0.000000e+00	-4.058151e+03	1.831837e+03
1.190000e-03	-2.721313e+03	-2.979169e-05	2.503310e-02	0.000000e+00	-8.763225e+03	6.041912e+03
2.380000e-03	-1.576661e+02	-5.957879e-05	2.503107e-02	0.000000e+00	-8.765904e+03	8.608238e+03
3.570000e-03	2.814421e+03	-8.936562e-05	2.503295e-02	0.000000e+00	-9.850563e+03	1.266498e+04
4.760000e-03	8.614984e+03	-1.191572e-04	2.504104e-02	0.000000e+00	-7.279016e+03	1.589400e+04
5.950000e-03	1.542226e+04	-1.489633e-04	2.505806e-02	0.000000e+00	-6.726188e+03	2.214845e+04
7.140000e-03	1.511388e+04	-1.787954e-04	2.507969e-02	0.000000e+00	-5.926857e+03	2.104073e+04
8.330000e-03	1.064018e+04	-2.086530e-04	2.509793e-02	0.000000e+00	-6.781213e+03	1.742139e+04
9.520000e-03	1.118939e+04	-2.385285e-04	2.511338e-02	0.000000e+00	-8.194481e+03	1.938387e+04
1.071000e-02	1.449325e+04	-2.684228e-04	2.513157e-02	0.000000e+00	-1.035194e+04	2.484519e+04
1.190000e-02	1.744987e+04	-2.983416e-04	2.515419e-02	0.000000e+00	-1.183335e+04	2.928323e+04
1.309000e-02	2.452974e+04	-3.282898e-04	2.518392e-02	0.000000e+00	-3.891586e+03	2.842133e+04
1.428000e-02	2.165171e+04	-3.582793e-04	2.521663e-02	0.000000e+00	-6.394347e+03	2.804606e+04
1.547000e-02	2.406640e+04	-3.883054e-04	2.524900e-02	0.000000e+00	-9.364422e+03	3.343082e+04
1.666000e-02	2.599974e+04	-4.183720e-04	2.528446e-02	0.000000e+00	-4.688361e+03	3.068811e+04
1.785000e-02	2.957688e+04	-4.484824e-04	2.532381e-02	0.000000e+00	-6.138777e+03	3.571566e+04
1.904000e-02	3.246126e+04	-4.786426e-04	2.536775e-02	0.000000e+00	-6.797749e+03	3.925901e+04
2.023000e-02	3.029500e+04	-5.088576e-04	2.541219e-02	0.000000e+00	-6.622924e+03	3.691792e+04
2.142000e-02	3.545731e+04	-5.391236e-04	2.545875e-02	0.000000e+00	-5.517113e+03	4.097442e+04
2.261000e-02	4.219314e+04	-5.694494e-04	2.551374e-02	0.000000e+00	-7.571819e+03	4.976495e+04
2.380000e-02	4.699350e+04	-5.998463e-04	2.557690e-02	0.000000e+00	-3.594629e+03	5.058813e+04
2.499000e-02	4.804383e+04	-6.303225e-04	2.564420e-02	0.000000e+00	-9.611739e+03	5.765557e+04
2.618000e-02	4.091952e+04	-6.608796e-04	2.570720e-02	0.000000e+00	-6.365890e+03	4.728541e+04
2.737000e-02	4.161058e+04	-6.915056e-04	2.576565e-02	0.000000e+00	-3.901094e+03	4.551168e+04
2.856000e-02	5.278577e+04	-7.222018e-04	2.583250e-02	0.000000e+00	-5.049395e+03	5.783517e+04
2.975000e-02	5.373892e+04	-7.529869e-04	2.590793e-02	0.000000e+00	-5.717756e+03	5.945668e+04
3.094000e-02	4.393345e+04	-7.838627e-04	2.597710e-02	0.000000e+00	-7.097715e+03	5.103116e+04
3.213000e-02	5.166636e+04	-8.148125e-04	2.604480e-02	0.000000e+00	-6.628820e+03	5.829518e+04
3.332000e-02	4.463017e+04	-8.458493e-04	2.611300e-02	0.000000e+00	-4.564669e+03	4.919484e+04
3.451000e-02	5.590591e+04	-8.769614e-04	2.618419e-02	0.000000e+00	-5.406072e+03	6.131198e+04
3.570000e-02	5.182731e+04	-9.081677e-04	2.626049e-02	0.000000e+00	-6.241433e+03	5.806874e+04
3.689000e-02	4.461506e+04	-9.394613e-04	2.632878e-02	0.000000e+00	-6.698128e+03	5.131319e+04
3.808000e-02	4.753879e+04	-9.708302e-04	2.639404e-02	0.000000e+00	-4.314837e+03	5.185363e+04
3.927000e-02	6.496498e+04	-1.002279e-03	2.647371e-02	0.000000e+00	-8.786280e+03	7.375126e+04
4.046000e-02	5.813162e+04	-1.033838e-03	2.656089e-02	0.000000e+00	-7.131455e+03	6.526307e+04
4.165000e-02	4.918419e+04	-1.065494e-03	2.663688e-02	0.000000e+00	-8.299104e+03	5.748330e+04
4.284000e-02	6.091443e+04	-1.097233e-03	2.671485e-02	0.000000e+00	-9.031005e+03	6.994543e+04
4.403000e-02	6.602578e+04	-1.129075e-03	2.680475e-02	0.000000e+00	-5.417087e+03	7.144287e+04
4.522000e-02	7.368817e+04	-1.161029e-03	2.690369e-02	0.000000e+00	-5.461227e+03	7.914939e+04
4.641000e-02	7.966342e+04	-1.193106e-03	2.701228e-02	0.000000e+00	-3.362403e+03	8.302582e+04
4.760000e-02	7.313495e+04	-1.225318e-03	2.712049e-02	0.000000e+00	-4.684311e+03	7.781926e+04
4.879000e-02	6.645187e+04	-1.257653e-03	2.721934e-02	0.000000e+00	-5.646578e+03	7.209845e+04
4.998000e-02	6.457926e+04	-1.290100e-03	2.731213e-02	0.000000e+00	-5.600305e+03	7.017957e+04
5.117000e-02	8.142917e+04	-1.322656e-03	2.741553e-02	0.000000e+00	-7.154088e+03	8.858326e+04
5.236000e-02	7.203997e+04	-1.355349e-03	2.752421e-02	0.000000e+00	-6.533491e+03	7.857346e+04
5.355000e-02	7.261024e+04	-1.388163e-03	2.762665e-02	0.000000e+00	-6.102391e+03	7.871263e+04
5.474000e-02	7.916301e+04	-1.421100e-03	2.773413e-02	0.000000e+00	-4.640858e+03	8.380387e+04
5.593000e-02	8.174798e+04	-1.454171e-03	2.784808e-02	0.000000e+00	-7.001460e+03	8.874944e+04
5.712000e-02	7.934598e+04	-1.487379e-03	2.796216e-02	0.000000e+00	-5.783029e+03	8.512901e+04
5.831000e-02	7.334189e+04	-1.520721e-03	2.807029e-02	0.000000e+00	-8.896549e+03	8.223844e+04
5.950000e-02	6.966506e+04	-1.554186e-03	2.817156e-02	0.000000e+00	-7.670468e+03	7.733553e+04
6.069000e-02	7.245980e+04	-1.587769e-03	2.827221e-02	0.000000e+00	-1.139955e+04	8.385935e+04
6.188000e-02	7.724362e+04	-1.621474e-03	2.837822e-02	0.000000e+00	-8.200060e+03	8.544368e+04
6.307000e-02	8.313703e+04	-1.655309e-03	2.849180e-02	0.000000e+00	-8.781694e+03	9.191873e+04
6.426000e-02	9.066756e+04	-1.689284e-03	2.861488e-02	0.000000e+00	-6.172534e+03	9.684009e+04
6.545000e-02	1.072900e+05	-1.723413e-03	2.875507e-02	0.000000e+00	-2.563698e+03	1.098537e+05
6.664000e-02	9.310651e+04	-1.757721e-03	2.889698e-02	0.000000e+00	-5.954305e+03	9.906082e+04
6.783000e-02	8.789306e+04	-1.792187e-03	2.902516e-02	0.000000e+00	-6.582763e+03	9.447583e+04
6.902000e-02	7.996437e+04	-1.826801e-03	2.914403e-02	0.000000e+00	-7.344093e+03	8.730846e+04
7.021000e-02	9.437589e+04	-1.861550e-03	2.926749e-02	0.000000e+00	-6.674802e+03	1.010507e+05
7.140000e-02	8.293792e+04	-1.896458e-03	2.939306e-02	0.000000e+00	-7.526703e+03	9.046462e+04
7.259000e-02	8.562037e+04	-1.931506e-03	2.951243e-02	0.000000e+00	-5.643481e+03	9.126385e+04
7.378000e-02	8.884082e+04	-1.966698e-03	2.963597e-02	0.000000e+00	-9.329466e+03	9.817028e+04
7.497000e-02	8.935098e+04	-2.002039e-03	2.976216e-02	0.000000e+00	-6.754035e+03	9.610501e+04
7.616000e-02	9.605473e+04	-2.037532e-03	2.989346e-02	0.000000e+00	-5.335984e+03	1.013907e+05
7.735000e-02	9.647766e+04	-2.073186e-03	3.002981e-02	0.000000e+00	-4.318435e+03	1.007961e+05
7.854000e-02	9.288344e+04	-2.109002e-03	3.016391e-02	0.000000e+00	-4.843234e+03	9.772668e+04
7.973000e-02	1.011756e+05	-2.144976e-03	3.030133e-02	0.000000e+00	-7.692744e+03	1.088683e+05
8.092000e-02	9.254821e+04	-2.181120e-03	3.043852e-02	0.000000e+00	-1.100516e+04	1.035534e+05
8.211000e-02	8.482126e+04	-2.217419e-03	3.056413e-02	0.000000e+00	-5.520625e+03	9.034189e+04
8.330000e-02	1.050119e+05	-2.253862e-03	3.069856e-02	0.000000e+00	-5.249861e+03	1.102617e+05
8.449000e-02	1.057761e+05	-2.290482e-03	3.084783e-02	0.000000e+00	-4.010422e+03	1.097866e+05
8.568000e-02	1.014725e+05	-2.327280e-03	3.099460e-02	0.000000e+00	-3.297116e+03	1.047696e+05
8.687000e-02	1.222064e+05	-2.364249e-03	3.115300e-02	0.000000e+00	-6.123651e+03	1.283301e+05
8.806000e-02	9.557062e+04	-2.401424e-03	3.130722e-02	0.000000e+00	-6.171875e+03	1.017425e+05
8.925000e-02	1.014379e+05	-2.438760e-03	3.144674e-02	0.000000e+00	-5.586725e+03	1.070246e+05
9.044000e-02	1.129259e+05	-2.476267e-03	3.159854e-02	0.000000e+00	-6.928068e+03	1.198540e+05
9.163000e-02	9.834106e+04	-2.513965e-03	3.174815e-02	0.000000e+00	-6.483240e+03	1.048243e+05
9.282000e-02	1.136604e+05	-2.551828e-03	3.189828e-02	0.000000e+00	-6.809403e+03	1.204698e+05
9.401000e-02	1.159762e+05	-2.589883e-03	3.206091e-02	0.000000e+00	-6.830077e+03	1.228063e+05
9.520000e-02	1.082121e+05	-2.628133e-03	3.221967e-02	0.000000e+00	-7.911127e+03	1.161232e+05
9.639000e-02	1.174444e+05	-2.666566e-03	3.237947e-02	0.000000e+00	-5.317152e+03	1.227615e+05
9.758000e-02	1.221767e+05	-2.705196e-03	3.254916e-02	0.000000e+00	-3.738816e+03	1.259156e+05
9.877000e-02	9.910270e+04	-2.744033e-03	3.270586e-02	0.000000e+00	-6.229874e+03	1.053326e+05
9.996000e-02	1.175911e+05	-2.783036e-03	3.285932e-02	0.000000e+00	-2.537932e+03	1.201290e+05
1.011500e-01	1.126756e+05	-2.822238e-03	3.302238e-02	0.000000e+00	-2.963581e+03	1.156392e+05
1.023400e-01	1.277672e+05	-2.861629e-03	3.319266e-02	0.000000e+00	-2.305791e+03	1.300730e+05
1.035300e-01	1.272957e+05	-2.901236e-03	3.337328e-02	0.000000e+00	-4.309920e+03	1.316056e+05
1.047200e-01	1.100397e+05	-2.941058e-03	3.354136e-02	0.000000e+00	-8.842750e+03	1.188824e+05
1.059100e-01	1.120399e+05	-2.981065e-03	3.369863e-02	0.000000e+00	-5.945522e+03	1.179854e+05
1.071000e-01	1.115783e+05	-3.021261e-03	3.385698e-02	0.000000e+00	-5.740353e+03	1.173186e+05
1.082900e-01	1.145196e+05	-3.061644e-03	3.401710e-02	0.000000e+00	-6.114634e+03	1.206343e+05
1.094800e-01	1.067336e+05	-3.102221e-03	3.417378e-02	0.000000e+00	-7.198528e+03	1.139321e+05
1.106700e-01	1.193832e+05	-3.142978e-03	3.433391e-02	0.000000e+00	-5.151748e+03	1.245350e+05
1.118600e-01	1.235087e+05	-3.183936e-03	3.450592e-02	0.000000e+00	-5.654148e+03	1.291628e+05
1.130500e-01	1.239385e+05	-3.225102e-03	3.468115e-02	0.000000e+00	-5.407164e+03	1.293457e+05
1.142400e-01	1.113062e+05	-3.266477e-03	3.484774e-02	0.000000e+00	-1.055682e+04	1.218630e+05
1.154300e-01	1.229758e+05	-3.308040e-03	3.501365e-02	0.000000e+00	-9.037370e+03	1.320132e+05
1.166200e-01	1.185303e+05	-3.349810e-03	3.518468e-02	0.000000e+00	-8.434869e+03	1.269651e+05
1.178100e-01	1.259420e+05	-3.391779e-03	3.535781e-02	0.000000e+00	-6.344745e+03	1.322867e+05
1.190000e-01	1.417649e+05	-3.433961e-03	3.554739e-02	0.000000e+00	-3.984905e+03	1.457498e+05
1.201900e-01	1.475065e+05	-3.476382e-03	3.575224e-02	0.000000e+00	-4.099537e+03	1.516060e+05
1.213800e-01	1.412130e+05	-3.519051e-03	3.595670e-02	0.000000e+00	-5.820642e+03	1.470337e+05
1.225700e-01	1.147381e+05	-3.561959e-03	3.613796e-02	0.000000e+00	-7.770026e+03	1.225081e+05
1.237600e-01	1.216193e+05	-3.605060e-03	3.630534e-02	0.000000e+00	-5.981584e+03	1.276009e+05
1.249500e-01	1.242389e+05	-3.648366e-03	3.647944e-02	0.000000e+00	-6.161398e+03	1.304003e+05
1.261400e-01	1.322574e+05	-3.691881e-03	3.666108e-02	0.000000e+00	-4.057158e+03	1.363145e+05
1.273300e-01	1.356344e+05	-3.735619e-03	3.685080e-02	0.000000e+00	-6.551108e+03	1.421855e+05
1.285200e-01	1.311433e+05	-3.779586e-03	3.703972e-02	0.000000e+00	-6.899925e+03	1.380432e+05
1.297100e-01	1.315897e+05	-3.823774e-03	3.722578e-02	0.000000e+00	-4.590211e+03	1.361799e+05
1.309000e-01	1.537600e+05	-3.868183e-03	3.742785e-02	0.000000e+00	-6.592483e+03	1.603525e+05
1.320900e-01	1.358919e+05	-3.912852e-03	3.763297e-02	0.000000e+00	-4.365221e+03	1.402571e+05
1.332800e-01	1.373486e+05	-3.957750e-03	3.782647e-02	0.000000e+00	-4.789711e+03	1.421383e+05
1.344700e-01	1.450731e+05	-4.002879e-03	3.802647e-02	0.000000e+00	-5.147453e+03	1.502205e+05
1.356600e-01	1.348522e+05	-4.048253e-03	3.822471e-02	0.000000e+00	-1.609832e+03	1.364620e+05
1.368500e-01	1.368501e+05	-4.093854e-03	3.841712e-02	0.000000e+00	-2.023681e+03	1.388738e+05
1.380400e-01	1.407356e+05	-4.139685e-03	3.861369e-02	0.000000e+00	-6.323368e+03	1.470590e+05
1.392300e-01	1.285742e+05	-4.185754e-03	3.880441e-02	0.000000e+00	-9.736745e+03	1.383110e+05
1.404200e-01	1.240538e+05	-4.232040e-03	3.898331e-02	0.000000e+00	-8.944695e+03	1.329985e+05
1.416100e-01	1.492533e+05	-4.278535e-03	3.917686e-02	0.000000e+00	-5.724111e+03	1.549774e+05
1.428000e-01	1.493474e+05	-4.325281e-03	3.938832e-02	0.000000e+00	-6.386289e+03	1.557337e+05
1.439900e-01	1.597922e+05	-4.372279e-03	3.960724e-02	0.000000e+00	-4.442639e+03	1.642348e+05
1.451800e-01	1.322482e+05	-4.419546e-03	3.981405e-02	0.000000e+00	-5.071866e+03	1.373201e+05
1.463700e-01	1.475483e+05	-4.467036e-03	4.001219e-02	0.000000e+00	-4.993415e+03	1.525417e+05
1.475600e-01	1.447095e+05	-4.514775e-03	4.021916e-02	0.000000e+00	-8.022441e+03	1.527319e+05
1.487500e-01	1.389716e+05	-4.562758e-03	4.042005e-02	0.000000e+00	-6.239198e+03	1.452108e+05
1.499400e-01	1.461366e+05	-4.610975e-03	4.062196e-02	0.000000e+00	-6.986720e+03	1.531233e+05
1.511300e-01	1.443714e+05	-4.659438e-03	4.082768e-02	0.000000e+00	-4.554041e+03	1.489254e+05
1.523200e-01	1.302229e+05	-4.708145e-03	4.102214e-02	0.000000e+00	-6.423077e+03	1.366460e+05
1.535100e-01	1.473025e+05	-4.757071e-03	4.121867e-02	0.000000e+00	-4.021801e+03	1.513243e+05
1.547000e-01	1.416018e+05	-4.806245e-03	4.142327e-02	0.000000e+00	-3.953646e+03	1.455554e+05
1.558900e-01	1.387469e+05	-4.855658e-03	4.162180e-02	0.000000e+00	-3.113146e+03	1.418601e+05
1.570800e-01	1.427890e+05	-4.905305e-03	4.182117e-02	0.000000e+00	-3.959791e+03	1.467488e+05
1.582700e-01	1.393129e+05	-4.955192e-03	4.202095e-02	0.000000e+00	-4.333796e+03	1.436467e+05
1.594600e-01	1.410302e+05	-5.005315e-03	4.221948e-02	0.000000e+00	-5.575922e+03	1.466062e+05
1.606500e-01	1.467909e+05	-5.055675e-03	4.242330e-02	0.000000e+00	-3.182775e+03	1.499737e+05
1.618400e-01	1.481544e+05	-5.106282e-03	4.263217e-02	0.000000e+00	-4.087178e+03	1.522416e+05
1.630300e-01	1.308806e+05	-5.157139e-03	4.282977e-02	0.000000e+00	-3.810227e+03	1.346909e+05
1.642200e-01	1.377961e+05	-5.208217e-03	4.302004e-02	0.000000e+00	-5.871231e+03	1.436673e+05
1.654100e-01	1.469198e+05	-5.259527e-03	4.322167e-02	0.000000e+00	-4.125449e+03	1.510453e+05
1.666000e-01	1.607613e+05	-5.311085e-03	4.343956e-02	0.000000e+00	-5.232998e+03	1.659943e+05
1.677900e-01	1.493837e+05	-5.362913e-03	4.365919e-02	0.000000e+00	-7.345977e+03	1.567297e+05
1.689800e-01	1.550758e+05	-5.414994e-03	4.387480e-02	0.000000e+00	-5.305948e+03	1.603818e+05
1.701700e-01	1.384518e+05	-5.467335e-03	4.408266e-02	0.000000e+00	-7.148301e+03	1.456001e+05
1.713600e-01	1.439794e+05	-5.519910e-03	4.428267e-02	0.000000e+00	-4.857695e+03	1.488371e+05
1.725500e-01	1.600999e+05	-5.572728e-03	4.449801e-02	0.000000e+00	-5.082200e+03	1.651821e+05
1.737400e-01	1.521343e+05	-5.625816e-03	4.471912e-02	0.000000e+00	-6.593188e+03	1.587275e+05
1.749300e-01	1.572816e+05	-5.679160e-03	4.493824e-02	0.000000e+00	-3.208240e+03	1.604899e+05
1.761200e-01	1.496520e+05	-5.732769e-03	4.515560e-02	0.000000e+00	-4.975689e+03	1.546277e+05
1.773100e-01	1.486024e+05	-5.786630e-03	4.536681e-02	0.000000e+00	-5.063459e+03	1.536659e+05
1.785000e-01	1.498795e+05	-5.840742e-03	4.557819e-02	0.000000e+00	-4.700726e+03	1.545802e+05
1.796900e-01	1.600448e+05	-5.895106e-03	4.579766e-02	0.000000e+00	-5.205222e+03	1.652500e+05
1.808800e-01	1.545758e+05	-5.949740e-03	4.602047e-02	0.000000e+00	-7.743020e+03	1.623188e+05
1.820700e-01	1.539139e+05	-6.004635e-03	4.623893e-02	0.000000e+00	-8.123721e+03	1.620376e+05
1.832600e-01	1.514549e+05	-6.059789e-03	4.645518e-02	0.000000e+00	-3.499594e+03	1.549545e+05
1.844500e-01	1.485252e+05	-6.115198e-03	4.666762e-02	0.000000e+00	-3.287809e+03	1.518130e+05
1.856400e-01	1.499978e+05	-6.170858e-03	4.687902e-02	0.000000e+00	-3.599217e+03	1.535970e+05
1.868300e-01	1.607712e+05	-6.226770e-03	4.709910e-02	0.000000e+00	-4.136391e+03	1.649076e+05
1.880200e-01	1.516883e+05	-6.282953e-03	4.732037e-02	0.000000e+00	-4.501037e+03	1.561894e+05
1.892100e-01	1.535208e+05	-6.339393e-03	4.753651e-02	0.000000e+00	-6.419191e+03	1.599400e+05
1.904000e-01	1.735452e+05	-6.396090e-03	4.776812e-02	0.000000e+00	-5.567187e+03	1.791124e+05
1.915900e-01	1.517306e+05	-6.453081e-03	4.799847e-02	0.000000e+00	-6.292369e+03	1.580230e+05
1.927800e-01	1.442417e+05	-6.510327e-03	4.820807e-02	0.000000e+00	-6.259285e+03	1.505010e+05
1.939700e-01	1.716940e+05	-6.567816e-03	4.843180e-02	0.000000e+00	-4.098717e+03	1.757928e+05
1.951600e-01	1.521158e+05	-6.625594e-03	4.866111e-02	0.000000e+00	-6.923142e+03	1.590389e+05
1.963500e-01	1.706264e+05	-6.683629e-03	4.888967e-02	0.000000e+00	-5.565363e+03	1.761917e+05
1.975400e-01	1.719942e+05	-6.741952e-03	4.913230e-02	0.000000e+00	-5.822232e+03	1.778164e+05
1.987300e-01	1.590727e+05	-6.800564e-03	4.936675e-02	0.000000e+00	-4.811954e+03	1.638847e+05
1.999200e-01	1.648195e+05	-6.859445e-03	4.959612e-02	0.000000e+00	-3.229848e+03	1.680493e+05
2.011100e-01	1.687724e+05	-6.918603e-03	4.983236e-02	0.000000e+00	-5.275242e+03	1.740476e+05
2.023000e-01	1.731136e+05	-6.978046e-03	5.007447e-02	0.000000e+00	-7.822290e+03	1.809359e+05
2.034900e-01	1.541060e+05	-7.037780e-03	5.030619e-02	0.000000e+00	-7.912679e+03	1.620187e+05
2.046800e-01	1.568188e+05	-7.097774e-03	5.052638e-02	0.000000e+00	-1.001739e+04	1.668361e+05
2.058700e-01	1.590243e+05	-7.158033e-03	5.075005e-02	0.000000e+00	-4.738724e+03	1.637630e+05
2.070600e-01	1.459633e+05	-7.218560e-03	5.096603e-02	0.000000e+00	-5.148776e+03	1.511121e+05
2.082500e-01	1.615642e+05	-7.279332e-03	5.118381e-02	0.000000e+00	-7.716016e+03	1.692802e+05
2.094400e-01	1.734239e+05	-7.340377e-03	5.142104e-02	0.000000e+00	-6.558077e+03	1.799820e+05
2.106300e-01	1.703067e+05	-7.401714e-03	5.166446e-02	0.000000e+00	-9.855165e+03	1.801618e+05
2.118200e-01	1.621233e+05	-7.463338e-03	5.189987e-02	0.000000e+00	-3.306209e+03	1.654296e+05
2.130100e-01	1.672998e+05	-7.525236e-03	5.213316e-02	0.000000e+00	-3.999133e+03	1.712989e+05
2.142000e-01	1.778247e+05	-7.587415e-03	5.237756e-02	0.000000e+00	-4.404090e+03	1.822288e+05
2.153900e-01	1.637477e+05	-7.649895e-03	5.261945e-02	0.000000e+00	-3.847735e+03	1.675954e+05
2.165800e-01	1.656251e+05	-7.712650e-03	5.285270e-02	0.000000e+00	-2.810726e+03	1.684358e+05
2.177700e-01	1.665757e+05	-7.775684e-03	5.308795e-02	0.000000e+00	-5.777304e+03	1.723530e+05
2.189600e-01	1.528426e+05	-7.838999e-03	5.331416e-02	0.000000e+00	-3.036801e+03	1.558794e+05
2.201500e-01	1.851934e+05	-7.902572e-03	5.355354e-02	0.000000e+00	-4.405478e+03	1.895989e+05
2.213400e-01	1.702381e+05	-7.966456e-03	5.380524e-02	0.000000e+00	-4.677714e+03	1.749158e+05
2.225300e-01	1.669217e+05	-8.030628e-03	5.404401e-02	0.000000e+00	-4.428307e+03	1.713500e+05
2.237200e-01	1.794305e+05	-8.095081e-03	5.428928e-02	0.000000e+00	-7.102538e+03	1.865331e+05
2.249100e-01	1.743346e+05	-8.159837e-03	5.453981e-02	0.000000e+00	-3.146963e+03	1.774816e+05
2.261000e-01	1.844286e+05	-8.224886e-03	5.479387e-02	0.000000e+00	-3.810173e+03	1.882388e+05
2.272900e-01	1.681141e+05	-8.290246e-03	5.504353e-02	0.000000e+00	-5.049803e+03	1.731639e+05
2.284800e-01	1.573058e+05	-8.355890e-03	5.527398e-02	0.000000e+00	-6.653945e+03	1.639598e+05
2.296700e-01	1.730163e+05	-8.421798e-03	5.550790e-02	0.000000e+00	-2.462734e+03	1.754790e+05
2.308600e-01	1.754955e+05	-8.487998e-03	5.575471e-02	0.000000e+00	-4.033478e+03	1.795289e+05
2.320500e-01	1.688291e+05	-8.554494e-03	5.599855e-02	0.000000e+00	-5.385795e+03	1.742149e+05
2.332400e-01	1.602884e+05	-8.621275e-03	5.623161e-02	0.000000e+00	-4.095191e+03	1.643836e+05
2.344300e-01	1.662452e+05	-8.688326e-03	5.646285e-02	0.000000e+00	-3.809501e+03	1.700547e+05
2.356200e-01	1.577128e+05	-8.755656e-03	5.669227e-02	0.000000e+00	-3.497683e+03	1.612105e+05
2.368100e-01	1.851867e+05	-8.823253e-03	5.693510e-02	0.000000e+00	-3.447945e+03	1.886347e+05
2.380000e-01	1.817889e+05	-8.891162e-03	5.719498e-02	0.000000e+00	-3.166908e+03	1.849559e+05
2.391900e-01	1.690829e+05	-8.959377e-03	5.744345e-02	0.000000e+00	-3.711612e+03	1.727945e+05
2.403800e-01	1.632457e+05	-9.027877e-03	5.767880e-02	0.000000e+00	-6.088613e+03	1.693343e+05
2.415700e-01	1.724494e+05	-9.096653e-03	5.791652e-02	0.000000e+00	-5.047959e+03	1.774974e+05
2.427600e-01	1.675352e+05	-9.165719e-03	5.815729e-02	0.000000e+00	-3.252544e+03	1.707877e+05
2.439500e-01	1.539306e+05	-9.235067e-03	5.838494e-02	0.000000e+00	-5.691684e+03	1.596223e+05
2.451400e-01	1.653555e+05	-9.304675e-03	5.861105e-02	0.000000e+00	-4.753928e+03	1.701095e+05
2.463300e-01	1.864426e+05	-9.374561e-03	5.886018e-02	0.000000e+00	-5.986201e+03	1.924288e+05
2.475200e-01	1.743755e+05	-9.444762e-03	5.911570e-02	0.000000e+00	-5.270197e+03	1.796457e+05
2.487100e-01	1.698611e+05	-9.515257e-03	5.935947e-02	0.000000e+00	-3.922356e+03	1.737835e+05
2.499000e-01	1.766341e+05	-9.586038e-03	5.960485e-02	0.000000e+00	-4.987536e+03	1.816217e+05
2.510900e-01	1.683783e+05	-9.657116e-03	5.984917e-02	0.000000e+00	-1.949079e+03	1.703274e+05
2.522800e-01	1.771587e+05	-9.728479e-03	6.009387e-02	0.000000e+00	-4.688680e+03	1.818473e+05
2.534700e-01	1.814921e+05	-9.800140e-03	6.034786e-02	0.000000e+00	-5.600767e+03	1.870929e+05
2.546600e-01	1.665026e+05	-9.872107e-03	6.059429e-02	0.000000e+00	-3.072086e+03	1.695747e+05
2.558500e-01	1.693778e+05	-9.944354e-03	6.083215e-02	0.000000e+00	-1.703649e+03	1.710815e+05
2.570400e-01	1.795961e+05	-1.001689e-02	6.107928e-02	0.000000e+00	-1.359456e+03	1.809556e+05
2.582300e-01	1.868421e+05	-1.008972e-02	6.133878e-02	0.000000e+00	-2.496365e+03	1.893385e+05
2.594200e-01	1.600388e+05	-1.016287e-02	6.158443e-02	0.000000e+00	-4.473158e+03	1.645120e+05
2.606100e-01	1.762930e+05	-1.023629e-02	6.182261e-02	0.000000e+00	-3.494220e+03	1.797872e+05
2.618000e-01	1.869049e+05	-1.031001e-02	6.207981e-02	0.000000e+00	-3.492763e+03	1.903977e+05
2.629900e-01	1.745759e+05	-1.038404e-02	6.233580e-02	0.000000e+00	-2.346125e+03	1.769220e+05
2.641800e-01	1.821666e+05	-1.045837e-02	6.258843e-02	0.000000e+00	-3.316105e+03	1.854827e+05
2.653700e-01	1.996706e+05	-1.053300e-02	6.285884e-02	0.000000e+00	-4.188869e+03	2.038595e+05
2.665600e-01	1.825764e+05	-1.060797e-02	6.312953e-02	0.000000e+00	-3.854476e+03	1.864309e+05
2.677500e-01	1.671236e+05	-1.068325e-02	6.337718e-02	0.000000e+00	-6.517010e+03	1.736406e+05
2.689400e-01	1.775615e+05	-1.075881e-02	6.362127e-02	0.000000e+00	-4.858061e+03	1.824196e+05
2.701300e-01	1.659989e+05	-1.083467e-02	6.386457e-02	0.000000e+00	-4.116343e+03	1.701153e+05
2.713200e-01	1.779945e+05	-1.091081e-02	6.410817e-02	0.000000e+00	-6.602338e+03	1.845969e+05
2.725100e-01	1.803712e+05	-1.098725e-02	6.436195e-02	0.000000e+00	-3.750558e+03	1.841218e+05
2.737000e-01	1.854834e+05	-1.106399e-02	6.462104e-02	0.000000e+00	-3.515710e+03	1.889991e+05
2.748900e-01	1.957767e+05	-1.114105e-02	6.489103e-02	0.000000e+00	-6.421678e+03	2.021984e+05
2.760800e-01	1.910241e+05	-1.121843e-02	6.516495e-02	0.000000e+00	-1.846053e+03	1.928701e+05
2.772700e-01	1.826944e+05	-1.129614e-02	6.542961e-02	0.000000e+00	-1.688223e+03	1.843826e+05
2.784600e-01	1.844565e+05	-1.137415e-02	6.568961e-02	0.000000e+00	-3.471340e+03	1.879278e+05
2.796500e-01	1.638252e+05	-1.145248e-02	6.593625e-02	0.000000e+00	-7.349385e+03	1.711746e+05
2.808400e-01	1.636152e+05	-1.153108e-02	6.616813e-02	0.000000e+00	-3.024136e+03	1.666394e+05
2.820300e-01	1.752084e+05	-1.160996e-02	6.640807e-02	0.000000e+00	-4.801383e+03	1.800097e+05
2.832200e-01	1.954854e+05	-1.168913e-02	6.667059e-02	0.000000e+00	-7.780054e+03	2.032654e+05
2.844100e-01	1.847908e+05	-1.176864e-02	6.693989e-02	0.000000e+00	-3.070904e+03	1.878617e+05
2.856000e-01	1.899817e+05	-1.184845e-02	6.720529e-02	0.000000e+00	-2.396648e+03	1.923784e+05
2.867900e-01	1.898869e+05	-1.192859e-02	6.747430e-02	0.000000e+00	-7.038746e+03	1.969256e+05
2.879800e-01	2.071398e+05	-1.200904e-02	6.775546e-02	0.000000e+00	-4.979845e+03	2.121197e+05
2.891700e-01	1.956234e+05	-1.208984e-02	6.804068e-02	0.000000e+00	-3.853380e+03	1.994768e+05
2.903600e-01	2.018217e+05	-1.217098e-02	6.832213e-02	0.000000e+00	-4.625686e+03	2.064474e+05
2.915500e-01	1.797128e+05	-1.225245e-02	6.859232e-02	0.000000e+00	-2.874128e+03	1.825870e+05
2.927400e-01	1.995028e+05	-1.233423e-02	6.886087e-02	0.000000e+00	-3.007839e+03	2.025106e+05
2.939300e-01	1.922148e+05	-1.241634e-02	6.913827e-02	0.000000e+00	-2.860949e+03	1.950757e+05
2.951200e-01	1.742006e+05	-1.249878e-02	6.939775e-02	0.000000e+00	-2.569758e+03	1.767703e+05
2.963100e-01	2.009786e+05	-1.258151e-02	6.966344e-02	0.000000e+00	-1.844186e+03	2.028228e+05
2.975000e-01	1.764456e+05	-1.266457e-02	6.993072e-02	0.000000e+00	-2.074722e+03	1.785203e+05
2.986900e-01	1.777434e+05	-1.274794e-02	7.018155e-02	0.000000e+00	-3.423899e+03	1.811673e+05
2.998800e-01	1.700165e+05	-1.283161e-02	7.042782e-02	0.000000e+00	-4.926551e+03	1.749431e+05
3.010700e-01	1.746118e+05	-1.291556e-02	7.067187e-02	0.000000e+00	-3.312027e+03	1.779238e+05
3.022600e-01	1.947315e+05	-1.299981e-02	7.093343e-02	0.000000e+00	-5.208892e+03	1.999404e+05
3.034500e-01	1.902134e+05	-1.308438e-02	7.120603e-02	0.000000e+00	-3.354465e+03	1.935679e+05
3.046400e-01	1.811179e+05	-1.316928e-02	7.146899e-02	0.000000e+00	-3.772157e+03	1.848900e+05
3.058300e-01	1.861474e+05	-1.325448e-02	7.172908e-02	0.000000e+00	-5.372947e+03	1.915203e+05
3.070200e-01	2.015731e+05	-1.333999e-02	7.200365e-02	0.000000e+00	-1.092946e+03	2.026660e+05
3.082100e-01	1.735003e+05	-1.342585e-02	7.226926e-02	0.000000e+00	-1.808943e+03	1.753093e+05
3.094000e-01	1.753243e+05	-1.351199e-02	7.251629e-02	0.000000e+00	-4.109969e+03	1.794343e+05
3.105900e-01	1.790955e+05	-1.359843e-02	7.276728e-02	0.000000e+00	-3.594455e+03	1.826900e+05
3.117800e-01	1.754431e+05	-1.368518e-02	7.301835e-02	0.000000e+00	-1.994795e+03	1.774379e+05
3.129700e-01	2.083008e+05	-1.377222e-02	7.329010e-02	0.000000e+00	-4.675189e+03	2.129759e+05
3.141600e-01	1.805278e+05	-1.385961e-02	7.356546e-02	0.000000e+00	-2.077118e+03	1.826049e+05
3.153500e-01	1.695381e+05	-1.394730e-02	7.381336e-02	0.000000e+00	-1.260071e+03	1.707982e+05
3.165400e-01	1.850634e+05	-1.403528e-02	7.406448e-02	0.000000e+00	-2.807158e+03	1.878706e+05
3.177300e-01	1.790888e+05	-1.412358e-02	7.432236e-02	0.000000e+00	-6.827473e+03	1.859163e+05
3.189200e-01	1.794064e+05	-1.421217e-02	7.457623e-02	0.000000e+00	-5.776746e+03	1.851831e+05
3.201100e-01	1.856502e+05	-1.430107e-02	7.483475e-02	0.000000e+00	-2.571631e+03	1.882219e+05
3.213000e-01	2.009267e+05	-1.439028e-02	7.510851e-02	0.000000e+00	-6.612039e+02	2.015879e+05
3.224900e-01	1.933362e+05	-1.447983e-02	7.538771e-02	0.000000e+00	-7.754604e+02	1.941117e+05
3.236800e-01	1.954787e+05	-1.456970e-02	7.566306e-02	0.000000e+00	-2.985335e+03	1.984640e+05
3.248700e-01	1.931449e+05	-1.465990e-02	7.593827e-02	0.000000e+00	-3.414667e+03	1.965595e+05
3.260600e-01	2.006863e+05	-1.475043e-02	7.621717e-02	0.000000e+00	-6.445638e+03	2.071319e+05
3.272500e-01	2.070472e+05	-1.484130e-02	7.650591e-02	0.000000e+00	-6.748993e+03	2.137962e+05
3.284400e-01	2.026634e+05	-1.493252e-02	7.679605e-02	0.000000e+00	-2.646351e+03	2.053097e+05
3.296300e-01	1.946484e+05	-1.502408e-02	7.707741e-02	0.000000e+00	-1.605408e+03	1.962538e+05
3.308200e-01	1.849872e+05	-1.511596e-02	7.734626e-02	0.000000e+00	-5.442816e+03	1.904300e+05
3.320100e-01	1.983007e+05	-1.520816e-02	7.761769e-02	0.000000e+00	-4.090202e+03	2.023909e+05
3.332000e-01	1.976349e+05	-1.530069e-02	7.789808e-02	0.000000e+00	-6.240923e+03	2.038758e+05
3.343900e-01	1.896602e+05	-1.539356e-02	7.817234e-02	0.000000e+00	-3.081149e+03	1.927413e+05
3.355800e-01	2.050954e+05	-1.548674e-02	7.845190e-02	0.000000e+00	-2.438440e+03	2.075339e+05
3.367700e-01	2.326553e+05	-1.558027e-02	7.876190e-02	0.000000e+00	-3.327093e+03	2.359823e+05
3.379600e-01	2.107271e+05	-1.567420e-02	7.907588e-02	0.000000e+00	-3.612355e+03	2.143395e+05
3.391500e-01	1.925259e+05	-1.576847e-02	7.936145e-02	0.000000e+00	-4.757429e+03	1.972833e+05
3.403400e-01	1.986656e+05	-1.586308e-02	7.963848e-02	0.000000e+00	-3.355487e+03	2.020211e+05
3.415300e-01	1.931962e+05	-1.595801e-02	7.991598e-02	0.000000e+00	-3.949036e+03	1.971452e+05
3.427200e-01	2.104592e+05	-1.605328e-02	8.020184e-02	0.000000e+00	-4.691568e+03	2.151508e+05
3.439100e-01	2.113627e+05	-1.614889e-02	8.050056e-02	0.000000e+00	-3.276254e+03	2.146390e+05
3.451000e-01	2.070934e+05	-1.624487e-02	8.079689e-02	0.000000e+00	-3.300763e+03	2.103942e+05
3.462900e-01	2.051889e+05	-1.634119e-02	8.108886e-02	0.000000e+00	-3.707186e+03	2.088961e+05
3.474800e-01	1.944439e+05	-1.643786e-02	8.137186e-02	0.000000e+00	-1.805139e+03	1.962491e+05
3.486700e-01	1.991038e+05	-1.653486e-02	8.165056e-02	0.000000e+00	-4.132086e+03	2.032359e+05
3.498600e-01	2.081145e+05	-1.663219e-02	8.193894e-02	0.000000e+00	-2.477139e+03	2.105916e+05
3.510500e-01	1.955358e+05	-1.672987e-02	8.222479e-02	0.000000e+00	-2.724092e+03	1.982599e+05
3.522400e-01	1.802206e+05	-1.682788e-02	8.249089e-02	0.000000e+00	-6.909446e+03	1.871300e+05
3.534300e-01	1.899647e+05	-1.692620e-02	8.275304e-02	0.000000e+00	-4.189468e+03	1.941541e+05
3.546200e-01	2.034333e+05	-1.702483e-02	8.303163e-02	0.000000e+00	-2.610336e+03	2.060436e+05
3.558100e-01	2.086327e+05	-1.712381e-02	8.332344e-02	0.000000e+00	-2.810179e+03	2.114429e+05
3.570000e-01	1.845558e+05	-1.722314e-02	8.360188e-02	0.000000e+00	-4.431118e+03	1.889869e+05
3.581900e-01	1.821019e+05	-1.732279e-02	8.386154e-02	0.000000e+00	-2.050319e+03	1.841522e+05
3.593800e-01	1.649269e+05	-1.742273e-02	8.410729e-02	0.000000e+00	-4.561582e+03	1.694885e+05
3.605700e-01	1.841580e+05	-1.752296e-02	8.435450e-02	0.000000e+00	-4.712965e+03	1.888710e+05
3.617600e-01	2.006201e+05	-1.762350e-02	8.462699e-02	0.000000e+00	-5.334213e+03	2.059543e+05
3.629500e-01	1.975553e+05	-1.772437e-02	8.490896e-02	0.000000e+00	-2.639339e+03	2.001947e+05
3.641400e-01	1.855526e+05	-1.782558e-02	8.518026e-02	0.000000e+00	-2.843179e+03	1.883958e+05
3.653300e-01	1.936423e+05	-1.792710e-02	8.544879e-02	0.000000e+00	-5.163197e+03	1.988055e+05
3.665200e-01	1.917987e+05	-1.802895e-02	8.572175e-02	0.000000e+00	-4.257174e+03	1.960558e+05
3.677100e-01	2.108971e+05	-1.813112e-02	8.600693e-02	0.000000e+00	-6.230635e+03	2.171277e+05
3.689000e-01	1.991581e+05	-1.823365e-02	8.629731e-02	0.000000e+00	-4.956747e+03	2.041148e+05
3.700900e-01	2.019685e+05	-1.833651e-02	8.658138e-02	0.000000e+00	-2.088165e+03	2.040567e+05
3.712800e-01	2.043010e+05	-1.843971e-02	8.686908e-02	0.000000e+00	-1.234123e+03	2.055351e+05
3.724700e-01	1.977336e+05	-1.854326e-02	8.715379e-02	0.000000e+00	-5.064002e+03	2.027976e+05
3.736600e-01	2.000267e+05	-1.864714e-02	8.743547e-02	0.000000e+00	-3.587544e+03	2.036142e+05
3.748500e-01	2.041373e+05	-1.875135e-02	8.772168e-02	0.000000e+00	-3.493679e+03	2.076310e+05
3.760400e-01	1.897026e+05	-1.885591e-02	8.800059e-02	0.000000e+00	-4.152932e+03	1.938555e+05
3.772300e-01	1.816224e+05	-1.896079e-02	8.826355e-02	0.000000e+00	-2.504534e+03	1.841269e+05
3.784200e-01	1.869329e+05	-1.906598e-02	8.852454e-02	0.000000e+00	-2.869458e+03	1.898024e+05
3.796100e-01	2.017769e+05	-1.917148e-02	8.879981e-02	0.000000e+00	-3.760014e+03	2.055369e+05
3.808000e-01	2.086465e+05	-1.927732e-02	8.909046e-02	0.000000e+00	-3.271920e+03	2.119185e+05
3.819900e-01	2.033010e+05	-1.938352e-02	8.938219e-02	0.000000e+00	-3.172992e+03	2.064740e+05
3.831800e-01	2.072063e+05	-1.949005e-02	8.967289e-02	0.000000e+00	-2.269012e+03	2.094753e+05
3.843700e-01	2.112093e+05	-1.959694e-02	8.996920e-02	0.000000e+00	-2.928787e+03	2.141381e+05
3.855600e-01	1.891572e+05	-1.970418e-02	9.025273e-02	0.000000e+00	-2.578565e+03	1.917358e+05
3.867500e-01	2.036284e+05	-1.981174e-02	9.053088e-02	0.000000e+00	-1.549228e+03	2.051776e+05
3.879400e-01	2.103670e+05	-1.991964e-02	9.082406e-02	0.000000e+00	-3.785309e+03	2.141523e+05
3.891300e-01	2.089636e+05	-2.002790e-02	9.112102e-02	0.000000e+00	-5.691542e+03	2.146552e+05
3.903200e-01	1.975808e+05	-2.013651e-02	9.140892e-02	0.000000e+00	-4.492534e+03	2.020734e+05
3.915100e-01	2.073387e+05	-2.024546e-02	9.169567e-02	0.000000e+00	-4.034049e+03	2.113727e+05
3.927000e-01	1.916156e+05	-2.035475e-02	9.197819e-02	0.000000e+00	-3.589430e+03	1.952050e+05
3.938900e-01	1.941583e+05	-2.046436e-02	9.225138e-02	0.000000e+00	-3.241799e+03	1.974001e+05
3.950800e-01	1.959882e+05	-2.057431e-02	9.252767e-02	0.000000e+00	-8.446306e+02	1.968329e+05
3.962700e-01	2.026267e+05	-2.068458e-02	9.280996e-02	0.000000e+00	-2.753696e+03	2.053804e+05
3.974600e-01	1.986194e+05	-2.079519e-02	9.309410e-02	0.000000e+00	-1.543590e+03	2.001630e+05
3.986500e-01	2.105430e+05	-2.090614e-02	9.338386e-02	0.000000e+00	-3.083501e+03	2.136265e+05
3.998400e-01	1.997620e+05	-2.101745e-02	9.367442e-02	0.000000e+00	-3.090537e+03	2.028526e+05
4.010300e-01	1.958265e+05	-2.112909e-02	9.395456e-02	0.000000e+00	-4.914371e+03	2.007409e+05
4.022200e-01	1.985654e+05	-2.124106e-02	9.423386e-02	0.000000e+00	-1.218376e+03	1.997838e+05
4.034100e-01	2.088254e+05	-2.135336e-02	9.452236e-02	0.000000e+00	-3.170566e+03	2.119959e+05
4.046000e-01	2.013948e+05	-2.146602e-02	9.481286e-02	0.000000e+00	-2.806162e+03	2.042010e+05
4.057900e-01	1.880961e+05	-2.157902e-02	9.508869e-02	0.000000e+00	-4.072259e+03	1.921684e+05
4.069800e-01	1.981479e+05	-2.169233e-02	9.536221e-02	0.000000e+00	-4.828301e+03	2.029762e+05
4.081700e-01	2.167535e+05	-2.180598e-02	9.565603e-02	0.000000e+00	-3.214220e+03	2.199677e+05
4.093600e-01	1.996109e+05	-2.191999e-02	9.595088e-02	0.000000e+00	-9.667745e+02	2.005777e+05
4.105500e-01	2.075761e+05	-2.203434e-02	9.623924e-02	0.000000e+00	-1.539538e+03	2.091157e+05
4.117400e-01	2.229897e+05	-2.214904e-02	9.654415e-02	0.000000e+00	-9.784716e+02	2.239682e+05
4.129300e-01	2.190774e+05	-2.226412e-02	9.685721e-02	0.000000e+00	-2.856088e+03	2.219335e+05
4.141200e-01	2.075392e+05	-2.237956e-02	9.715932e-02	0.000000e+00	-5.376466e+03	2.129156e+05
4.153100e-01	2.128252e+05	-2.249536e-02	9.745701e-02	0.000000e+00	-2.910740e+03	2.157360e+05
4.165000e-01	2.349887e+05	-2.261151e-02	9.777413e-02	0.000000e+00	-1.723503e+03	2.367122e+05
4.176900e-01	2.144341e+05	-2.272806e-02	9.809240e-02	0.000000e+00	-3.017303e+03	2.174514e+05
4.188800e-01	2.009023e+05	-2.284497e-02	9.838653e-02	0.000000e+00	-2.888670e+03	2.037909e+05
4.200700e-01	2.004095e+05	-2.296222e-02	9.867072e-02	0.000000e+00	-2.207562e+03	2.026171e+05
4.212600e-01	2.021484e+05	-2.307981e-02	9.895580e-02	0.000000e+00	-1.625211e+03	2.037736e+05
4.224500e-01	2.122094e+05	-2.319774e-02	9.924923e-02	0.000000e+00	-2.663135e+03	2.148726e+05
4.236400e-01	2.118224e+05	-2.331602e-02	9.954952e-02	0.000000e+00	-7.344673e+03	2.191670e+05
4.248300e-01	2.221877e+05	-2.343466e-02	9.985687e-02	0.000000e+00	-3.373133e+03	2.255608e+05
4.260200e-01	2.051852e+05	-2.355368e-02	1.001595e-01	0.000000e+00	-4.066740e+03	2.092520e+05
4.272100e-01	2.029080e+05	-2.367304e-02	1.004485e-01	0.000000e+00	-2.651262e+03	2.055593e+05
4.284000e-01	1.959970e+05	-2.379275e-02	1.007310e-01	0.000000e+00	-3.827605e+03	1.998246e+05
4.295900e-01	2.147529e+05	-2.391278e-02	1.010219e-01	0.000000e+00	-3.362369e+03	2.181152e+05
4.307800e-01	2.130439e+05	-2.403318e-02	1.013248e-01	0.000000e+00	-2.065781e+03	2.151097e+05
4.319700e-01	2.040870e+05	-2.415394e-02	1.016202e-01	0.000000e+00	-2.385862e+03	2.064729e+05
4.331600e-01	2.017934e+05	-2.427504e-02	1.019077e-01	0.000000e+00	-3.760311e+03	2.055537e+05
4.343500e-01	2.002002e+05	-2.439648e-02	1.021923e-01	0.000000e+00	-3.978107e+03	2.041783e+05
4.355400e-01	1.836984e+05	-2.451825e-02	1.024642e-01	0.000000e+00	-2.130684e+03	1.858291e+05
4.367300e-01	1.884548e+05	-2.464034e-02	1.027277e-01	0.000000e+00	-1.602859e+03	1.900577e+05
4.379200e-01	2.109299e+05	-2.476275e-02	1.030106e-01	0.000000e+00	-1.614270e+03	2.125442e+05
4.391100e-01	1.992740e+05	-2.488551e-02	1.033011e-01	0.000000e+00	-1.812834e+03	2.010869e+05
4.403000e-01	1.914451e+05	-2.500860e-02	1.035778e-01	0.000000e+00	-3.392555e+03	1.948377e+05
4.414900e-01	2.216798e+05	-2.513202e-02	1.038703e-01	0.000000e+00	-2.103220e+03	2.237831e+05
4.426800e-01	2.254421e+05	-2.525581e-02	1.041870e-01	0.000000e+00	-1.062791e+03	2.265049e+05
4.438700e-01	2.096156e+05	-2.537999e-02	1.044951e-01	0.000000e+00	-5.386547e+02	2.101543e+05
4.450600e-01	1.909736e+05	-2.550451e-02	1.047787e-01	0.000000e+00	-3.399511e+03	1.943731e+05
4.462500e-01	1.987334e+05	-2.562936e-02	1.050547e-01	0.000000e+00	-3.320220e+03	2.020536e+05
4.474400e-01	1.881447e+05	-2.575454e-02	1.053287e-01	0.000000e+00	-4.988112e+03	1.931328e+05
4.486300e-01	2.013194e+05	-2.588004e-02	1.056045e-01	0.000000e+00	-3.259770e+03	2.045792e+05
4.498200e-01	2.078866e+05	-2.600588e-02	1.058943e-01	0.000000e+00	-1.682249e+03	2.095689e+05
4.510100e-01	2.068672e+05	-2.613207e-02	1.061880e-01	0.000000e+00	-2.091695e+03	2.089589e+05
4.522000e-01	2.061426e+05	-2.625861e-02	1.064805e-01	0.000000e+00	-3.198585e+03	2.093412e+05
4.533900e-01	2.089888e+05	-2.638549e-02	1.067745e-01	0.000000e+00	-1.719418e+03	2.107082e+05
4.545800e-01	2.114342e+05	-2.651273e-02	1.070722e-01	0.000000e+00	-2.441050e+03	2.138753e+05
4.557700e-01	2.141800e+05	-2.664033e-02	1.073736e-01	0.000000e+00	-1.740376e+03	2.159203e+05
4.569600e-01	2.180555e+05	-2.676828e-02	1.076797e-01	0.000000e+00	-2.684242e+03	2.207398e+05
4.581500e-01	2.049253e+05	-2.689660e-02	1.079792e-01	0.000000e+00	-3.180004e+03	2.081053e+05
4.593400e-01	2.022186e+05	-2.702527e-02	1.082675e-01	0.000000e+00	-2.106379e+03	2.043250e+05
4.605300e-01	1.959786e+05	-2.715428e-02	1.085495e-01	0.000000e+00	-1.557766e+03	1.975364e+05
4.617200e-01	2.090022e+05	-2.728362e-02	1.088363e-01	0.000000e+00	-2.428102e+03	2.114303e+05
4.629100e-01	2.087728e+05	-2.741331e-02	1.091322e-01	0.000000e+00	-3.072222e+03	2.118450e+05
4.641000e-01	2.029254e+05	-2.754335e-02	1.094237e-01	0.000000e+00	-3.050207e+03	2.059756e+05
4.652900e-01	2.052397e+05	-2.767374e-02	1.097128e-01	0.000000e+00	-1.159799e+03	2.063995e+05
4.664800e-01	2.138148e+05	-2.780447e-02	1.100095e-01	0.000000e+00	-2.114142e+03	2.159290e+05
4.676700e-01	1.918918e+05	-2.793556e-02	1.102968e-01	0.000000e+00	-4.344651e+03	1.962365e+05
4.688600e-01	1.954351e+05	-2.806698e-02	1.105711e-01	0.000000e+00	-5.371061e+03	2.008061e+05
4.700500e-01	2.026077e+05	-2.819872e-02	1.108530e-01	0.000000e+00	-3.134906e+03	2.057426e+05
4.712400e-01	2.244377e+05	-2.833081e-02	1.111554e-01	0.000000e+00	-1.729024e+03	2.261667e+05
4.724300e-01	2.175652e+05	-2.846327e-02	1.114684e-01	0.000000e+00	-1.293746e+03	2.188589e+05
4.736200e-01	2.416191e+05	-2.859610e-02	1.117936e-01	0.000000e+00	-2.523037e+03	2.441422e+05
4.748100e-01	2.136747e+05	-2.872934e-02	1.121160e-01	0.000000e+00	-2.270206e+03	2.159450e+05
4.760000e-01	2.059779e+05	-2.886294e-02	1.124132e-01	0.000000e+00	-6.375565e+03	2.123535e+05
4.771900e-01	2.288862e+05	-2.899688e-02	1.127212e-01	0.000000e+00	-3.057232e+03	2.319435e+05
4.783800e-01	2.267862e+05	-2.913121e-02	1.130439e-01	0.000000e+00	-7.061786e+02	2.274924e+05
4.795700e-01	2.151556e+05	-2.926593e-02	1.133568e-01	0.000000e+00	-9.744936e+02	2.161301e+05
4.807600e-01	2.154769e+05	-2.940100e-02	1.136618e-01	0.000000e+00	-3.766413e+03	2.192434e+05
4.819500e-01	1.985375e+05	-2.953644e-02	1.139550e-01	0.000000e+00	-3.763654e+03	2.023012e+05
4.831400e-01	1.983224e+05	-2.967222e-02	1.142360e-01	0.000000e+00	-2.840743e+03	2.011631e+05
4.843300e-01	2.308210e+05	-2.980833e-02	1.145399e-01	0.000000e+00	-3.504864e+03	2.343259e+05
4.855200e-01	2.324474e+05	-2.994482e-02	1.148680e-01	0.000000e+00	-2.866925e+03	2.353143e+05
4.867100e-01	1.897003e+05	-3.008171e-02	1.151670e-01	0.000000e+00	-3.364145e+03	1.930645e+05
4.879000e-01	2.014117e+05	-3.021892e-02	1.154439e-01	0.000000e+00	-2.071530e+03	2.034832e+05
4.890900e-01	2.200620e+05	-3.035647e-02	1.157424e-01	0.000000e+00	-2.604704e+03	2.226667e+05
4.902800e-01	2.242883e+05	-3.049439e-02	1.160571e-01	0.000000e+00	-3.641086e+03	2.279293e+05
4.914700e-01	2.282985e+05	-3.063268e-02	1.163776e-01	0.000000e+00	-2.525890e+03	2.308244e+05
4.926600e-01	2.163421e+05	-3.077137e-02	1.166925e-01	0.000000e+00	-4.215682e+03	2.205578e+05
4.938500e-01	2.044356e+05	-3.091041e-02	1.169904e-01	0.000000e+00	-3.523030e+03	2.079586e+05
4.950400e-01	1.972514e+05	-3.104980e-02	1.172749e-01	0.000000e+00	-2.567243e+03	1.998186e+05
4.962300e-01	1.917098e+05	-3.118953e-02	1.175504e-01	0.000000e+00	-4.938208e+03	1.966480e+05
4.974200e-01	2.179062e+05	-3.132957e-02	1.178404e-01	0.000000e+00	-1.508529e+03	2.194147e+05
4.986100e-01	2.063775e+05	-3.146999e-02	1.181409e-01	0.000000e+00	-1.154462e+03	2.075320e+05
4.998000e-01	2.063615e+05	-3.161075e-02	1.184332e-01	0.000000e+00	-2.705532e+03	2.090670e+05
5.009900e-01	1.966871e+05	-3.175186e-02	1.187186e-01	0.000000e+00	-3.591532e+03	2.002786e+05
5.021800e-01	2.075382e+05	-3.189330e-02	1.190049e-01	0.000000e+00	-2.300273e+03	2.098384e+05
5.033700e-01	2.120692e+05	-3.203509e-02	1.193020e-01	0.000000e+00	-2.643578e+03	2.147128e+05
5.045600e-01	2.142820e+05	-3.217724e-02	1.196039e-01	0.000000e+00	-2.044893e+03	2.163269e+05
5.057500e-01	2.068233e+05	-3.231975e-02	1.199022e-01	0.000000e+00	-4.703068e+03	2.115264e+05
5.069400e-01	2.112795e+05	-3.246260e-02	1.201982e-01	0.000000e+00	-2.941896e+03	2.142214e+05
5.081300e-01	2.179330e+05	-3.260582e-02	1.205022e-01	0.000000e+00	-1.640688e+03	2.195737e+05
5.093200e-01	2.028412e+05	-3.274940e-02	1.208002e-01	0.000000e+00	-3.947573e+03	2.067888e+05
5.105100e-01	1.944915e+05	-3.289332e-02	1.210815e-01	0.000000e+00	-2.462867e+03	1.969544e+05
5.117000e-01	2.036253e+05	-3.303757e-02	1.213635e-01	0.000000e+00	-4.168665e+03	2.077940e+05
5.128900e-01	2.291174e+05	-3.318217e-02	1.216699e-01	0.000000e+00	-1.150063e+03	2.302675e+05
5.140800e-01	2.412824e+05	-3.332715e-02	1.220030e-01	0.000000e+00	-2.890339e+03	2.441727e+05
5.152700e-01	2.046396e+05	-3.347253e-02	1.223188e-01	0.000000e+00	-5.603491e+03	2.102431e+05
5.164600e-01	2.096208e+05	-3.361827e-02	1.226122e-01	0.000000e+00	-2.466077e+03	2.120868e+05
5.176500e-01	2.188841e+05	-3.376435e-02	1.229157e-01	0.000000e+00	-4.805171e+02	2.193646e+05
5.188400e-01	2.070494e+05	-3.391081e-02	1.232173e-01	0.000000e+00	-3.221509e+03	2.102709e+05
5.200300e-01	2.141578e+05	-3.405761e-02	1.235156e-01	0.000000e+00	-1.736590e+03	2.158944e+05
5.212200e-01	2.172280e+05	-3.420477e-02	1.238211e-01	0.000000e+00	-3.092081e+03	2.203201e+05
5.224100e-01	2.273559e+05	-3.435230e-02	1.241359e-01	0.000000e+00	-4.278590e+03	2.316345e+05
5.236000e-01	2.175574e+05	-3.450022e-02	1.244510e-01	0.000000e+00	-2.589637e+03	2.201470e+05
5.247900e-01	2.342430e+05	-3.464850e-02	1.247709e-01	0.000000e+00	-1.918537e+03	2.361615e+05
5.259800e-01	2.308401e+05	-3.479717e-02	1.251003e-01	0.000000e+00	-2.239114e+03	2.330792e+05
5.271700e-01	2.292433e+05	-3.494623e-02	1.254261e-01	0.000000e+00	-1.933467e+03	2.311768e+05
5.283600e-01	2.059029e+05	-3.509568e-02	1.257342e-01	0.000000e+00	-1.585897e+03	2.074888e+05
5.295500e-01	2.063776e+05	-3.524548e-02	1.260262e-01	0.000000e+00	-2.783587e+03	2.091612e+05
5.307400e-01	2.050272e+05	-3.539563e-02	1.263175e-01	0.000000e+00	-3.463241e+03	2.084905e+05
5.319300e-01	2.039052e+05	-3.554612e-02	1.266071e-01	0.000000e+00	-2.452708e+03	2.063579e+05
5.331200e-01	2.209644e+05	-3.569695e-02	1.269080e-01	0.000000e+00	-2.307146e+03	2.232716e+05
5.343100e-01	2.360473e+05	-3.584816e-02	1.272317e-01	0.000000e+00	-3.549345e+03	2.395966e+05
5.355000e-01	2.106354e+05	-3.599976e-02	1.275480e-01	0.000000e+00	-2.413320e+03	2.130488e+05
5.366900e-01	2.269688e+05	-3.615172e-02	1.278579e-01	0.000000e+00	-5.201431e+03	2.321702e+05
5.378800e-01	2.102636e+05	-3.630407e-02	1.281675e-01	0.000000e+00	-2.919501e+03	2.131831e+05
5.390700e-01	1.949105e+05	-3.645676e-02	1.284544e-01	0.000000e+00	-4.502150e+03	1.994126e+05
5.402600e-01	2.236711e+05	-3.660979e-02	1.287509e-01	0.000000e+00	-1.632896e+03	2.253040e+05
5.414500e-01	2.266744e+05	-3.676319e-02	1.290698e-01	0.000000e+00	-3.068649e+03	2.297430e+05
5.426400e-01	2.053578e+05	-3.691697e-02	1.293757e-01	0.000000e+00	-1.877241e+03	2.072350e+05
5.438300e-01	1.991099e+05	-3.707110e-02	1.296622e-01	0.000000e+00	-4.509454e+03	2.036193e+05
5.450200e-01	2.082583e+05	-3.722557e-02	1.299506e-01	0.000000e+00	-2.931262e+03	2.111896e+05
5.462100e-01	2.294903e+05	-3.738039e-02	1.302606e-01	0.000000e+00	-5.390213e+02	2.300293e+05
5.474000e-01	2.174255e+05	-3.753559e-02	1.305771e-01	0.000000e+00	-4.355778e+02	2.178611e+05
5.485900e-01	2.171714e+05	-3.769116e-02	1.308849e-01	0.000000e+00	-2.908398e+03	2.200798e+05
5.497800e-01	2.282090e+05	-3.784710e-02	1.312003e-01	0.000000e+00	-4.483825e+03	2.326928e+05
5.509700e-01	2.345357e+05	-3.800342e-02	1.315280e-01	0.000000e+00	-2.457444e+03	2.369931e+05
5.521600e-01	2.119985e+05	-3.816013e-02	1.318442e-01	0.000000e+00	-2.228855e+03	2.142273e+05
5.533500e-01	2.083564e+05	-3.831721e-02	1.321419e-01	0.000000e+00	-3.833913e+03	2.121903e+05
5.545400e-01	2.226355e+05	-3.847463e-02	1.324471e-01	0.000000e+00	-3.411646e+03	2.260471e+05
5.557300e-01	2.088962e+05	-3.863243e-02	1.327527e-01	0.000000e+00	-3.041518e+03	2.119377e+05
5.569200e-01	2.195497e+05	-3.879058e-02	1.330561e-01	0.000000e+00	-4.323847e+03	2.238736e+05
5.581100e-01	2.249281e+05	-3.894910e-02	1.333709e-01	0.000000e+00	-3.469909e+03	2.283980e+05
5.593000e-01	2.138166e+05	-3.910800e-02	1.336816e-01	0.000000e+00	-2.060121e+03	2.158768e+05
5.604900e-01	2.173371e+05	-3.926727e-02	1.339869e-01	0.000000e+00	-3.406648e+03	2.207438e+05
5.616800e-01	2.081856e+05	-3.942689e-02	1.342883e-01	0.000000e+00	-2.580268e+03	2.107659e+05
5.628700e-01	2.039138e+05	-3.958687e-02	1.345801e-01	0.000000e+00	-1.930952e+03	2.058448e+05
5.640600e-01	2.093923e+05	-3.974719e-02	1.348728e-01	0.000000e+00	-2.255508e+03	2.116478e+05
5.652500e-01	2.129515e+05	-3.990787e-02	1.351719e-01	0.000000e+00	-3.425156e+03	2.163766e+05
5.664400e-01	2.128633e+05	-4.006890e-02	1.354734e-01	0.000000e+00	-2.529421e+03	2.153927e+05
5.676300e-01	2.217601e+05	-4.023030e-02	1.357812e-01	0.000000e+00	-7.968253e+02	2.225570e+05
5.688200e-01	2.305580e+05	-4.039206e-02	1.361015e-01	0.000000e+00	-4.244756e+02	2.309824e+05
5.700100e-01	2.244174e+05	-4.055422e-02	1.364237e-01	0.000000e+00	-1.167095e+03	2.255845e+05
5.712000e-01	2.219088e+05	-4.071675e-02	1.367398e-01	0.000000e+00	-1.257346e+03	2.231662e+05
5.723900e-01	2.259775e+05	-4.087966e-02	1.370570e-01	0.000000e+00	-2.047907e+03	2.280254e+05
5.735800e-01	2.292287e+05	-4.104295e-02	1.373793e-01	0.000000e+00	-2.962515e+03	2.321912e+05
5.747700e-01	2.169457e+05	-4.120662e-02	1.376953e-01	0.000000e+00	-3.619220e+03	2.205649e+05
5.759600e-01	2.264097e+05	-4.137066e-02	1.380093e-01	0.000000e+00	-3.685912e+03	2.300956e+05
5.771500e-01	2.032096e+05	-4.153508e-02	1.383135e-01	0.000000e+00	-4.688314e+03	2.078979e+05
5.783400e-01	2.116857e+05	-4.169985e-02	1.386073e-01	0.000000e+00	-4.700672e+03	2.163864e+05
5.795300e-01	2.271967e+05	-4.186497e-02	1.389181e-01	0.000000e+00	-3.326567e+03	2.305233e+05
5.807200e-01	2.128253e+05	-4.203047e-02	1.392297e-01	0.000000e+00	-3.479787e+03	2.163051e+05
5.819100e-01	1.993184e+05	-4.219633e-02	1.395216e-01	0.000000e+00	-3.858724e+03	2.031771e+05
5.831000e-01	2.056931e+05	-4.236253e-02	1.398084e-01	0.000000e+00	-1.727216e+03	2.074203e+05
5.842900e-01	2.265696e+05	-4.252908e-02	1.401145e-01	0.000000e+00	-1.852158e+03	2.284217e+05
5.854800e-01	2.208919e+05	-4.269601e-02	1.404314e-01	0.000000e+00	-2.202275e+03	2.230942e+05
5.866700e-01	2.112449e+05	-4.286331e-02	1.407374e-01	0.000000e+00	-4.066750e+03	2.153117e+05
5.878600e-01	2.031349e+05	-4.303096e-02	1.410309e-01	0.000000e+00	-5.426893e+03	2.085618e+05
5.890500e-01	2.112962e+05	-4.319896e-02	1.413244e-01	0.000000e+00	-3.571479e+03	2.148677e+05
5.902400e-01	2.222661e+05	-4.336731e-02	1.416314e-01	0.000000e+00	-2.065440e+03	2.243315e+05
5.914300e-01	2.236933e+05	-4.353604e-02	1.419472e-01	0.000000e+00	-4.063714e+03	2.277570e+05
5.926200e-01	2.182347e+05	-4.370515e-02	1.422602e-01	0.000000e+00	-1.852521e+03	2.200872e+05
5.938100e-01	2.344414e+05	-4.387462e-02	1.425807e-01	0.000000e+00	-2.773892e+03	2.372153e+05
5.950000e-01	2.117787e+05	-4.404449e-02	1.428967e-01	0.000000e+00	-2.531882e+03	2.143105e+05
5.961900e-01	2.061350e+05	-4.421471e-02	1.431927e-01	0.000000e+00	-3.361628e+03	2.094966e+05
5.973800e-01	2.167829e+05	-4.438529e-02	1.434922e-01	0.000000e+00	-2.397994e+03	2.191809e+05
5.985700e-01	2.209791e+05	-4.455623e-02	1.438022e-01	0.000000e+00	-2.414486e+03	2.233936e+05
5.997600e-01	2.099159e+05	-4.472754e-02	1.441073e-01	0.000000e+00	-9.437248e+02	2.108596e+05
6.009500e-01	1.916651e+05	-4.489920e-02	1.443917e-01	0.000000e+00	0.000000e+00	1.916651e+05
6.021400e-01	2.067813e+05	-4.507119e-02	1.446739e-01	0.000000e+00	-2.863398e+02	2.070676e+05
6.033300e-01	2.187387e+05	-4.524353e-02	1.449752e-01	0.000000e+00	-1.993387e+03	2.207321e+05
6.045200e-01	2.445546e+05	-4.541623e-02	1.453033e-01	0.000000e+00	-2.630502e+03	2.471851e+05
6.057100e-01	2.215775e+05	-4.558935e-02	1.456334e-01	0.000000e+00	-1.600661e+03	2.231781e+05
6.069000e-01	2.051249e+05	-4.576284e-02	1.459356e-01	0.000000e+00	-4.067904e+03	2.091928e+05
6.080900e-01	2.217388e+05	-4.593667e-02	1.462379e-01	0.000000e+00	-4.053575e+03	2.257924e+05
6.092800e-01	2.295236e+05	-4.611088e-02	1.465574e-01	0.000000e+00	-2.289893e+03	2.318135e+05
6.104700e-01	2.362401e+05	-4.628548e-02	1.468873e-01	0.000000e+00	-1.565133e+03	2.378053e+05
6.116600e-01	2.278835e+05	-4.646048e-02	1.472159e-01	0.000000e+00	-1.285102e+03	2.291686e+05
6.128500e-01	2.270892e+05	-4.663585e-02	1.475381e-01	0.000000e+00	-1.048148e+03	2.281373e+05
6.140400e-01	2.142857e+05	-4.681162e-02	1.478507e-01	0.000000e+00	-1.431669e+03	2.157174e+05
6.152300e-01	2.279235e+05	-4.698774e-02	1.481639e-01	0.000000e+00	-3.154006e+03	2.310775e+05
6.164200e-01	2.213969e+05	-4.716425e-02	1.484821e-01	0.000000e+00	-2.421140e+03	2.238181e+05
6.176100e-01	2.237150e+05	-4.734113e-02	1.487973e-01	0.000000e+00	-2.442960e+03	2.261579e+05
6.188000e-01	2.070404e+05	-4.751838e-02	1.491023e-01	0.000000e+00	-2.554485e+03	2.095949e+05
6.199900e-01	2.089064e+05	-4.769599e-02	1.493969e-01	0.000000e+00	-5.047180e+03	2.139536e+05
6.211800e-01	2.351907e+05	-4.787395e-02	1.497114e-01	0.000000e+00	-1.490679e+03	2.366814e+05
6.223700e-01	2.237861e+05	-4.805230e-02	1.500364e-01	0.000000e+00	-2.189305e+03	2.259755e+05
6.235600e-01	2.168967e+05	-4.823104e-02	1.503485e-01	0.000000e+00	-7.292566e+02	2.176259e+05
6.247500e-01	2.189460e+05	-4.841013e-02	1.506571e-01	0.000000e+00	-2.040343e+03	2.209863e+05
6.259400e-01	2.216333e+05	-4.858960e-02	1.509691e-01	0.000000e+00	-1.618373e+03	2.232517e+05
6.271300e-01	2.260387e+05	-4.876944e-02	1.512862e-01	0.000000e+00	-1.561077e+03	2.275997e+05
6.283200e-01	2.158235e+05	-4.894966e-02	1.515991e-01	0.000000e+00	-2.713518e+03	2.185371e+05
6.295100e-01	2.301675e+05	-4.913024e-02	1.519149e-01	0.000000e+00	-1.849146e+03	2.320167e+05
6.307000e-01	2.054969e+05	-4.931122e-02	1.522234e-01	0.000000e+00	-2.802552e+03	2.082995e+05
6.318900e-01	2.195291e+05	-4.949254e-02	1.525244e-01	0.000000e+00	-1.065703e+03	2.205948e+05
6.330800e-01	2.164247e+05	-4.967423e-02	1.528331e-01	0.000000e+00	-2.025640e+03	2.184504e+05
6.342700e-01	2.189678e+05	-4.985628e-02	1.531415e-01	0.000000e+00	-3.128715e+03	2.220965e+05
6.354600e-01	2.202577e+05	-5.003870e-02	1.534525e-01	0.000000e+00	-2.222413e+03	2.224801e+05
6.366500e-01	2.236429e+05	-5.022150e-02	1.537669e-01	0.000000e+00	-3.801687e+03	2.274446e+05
6.378400e-01	1.977372e+05	-5.040467e-02	1.540653e-01	0.000000e+00	-4.684481e+03	2.024217e+05
6.390300e-01	2.132166e+05	-5.058817e-02	1.543563e-01	0.000000e+00	-2.843608e+03	2.160602e+05
6.402200e-01	2.164745e+05	-5.077204e-02	1.546606e-01	0.000000e+00	-2.529681e+03	2.190042e+05
6.414100e-01	2.146188e+05	-5.095626e-02	1.549659e-01	0.000000e+00	-1.967916e+03	2.165867e+05
6.426000e-01	2.179043e+05	-5.114085e-02	1.552722e-01	0.000000e+00	-2.419675e+03	2.203240e+05
6.437900e-01	2.249880e+05	-5.132581e-02	1.555858e-01	0.000000e+00	-1.952209e+03	2.269402e+05
6.449800e-01	2.223077e+05	-5.151115e-02	1.559026e-01	0.000000e+00	-3.339163e+03	2.256469e+05
6.461700e-01	2.165309e+05	-5.169686e-02	1.562133e-01	0.000000e+00	-3.808341e+03	2.203392e+05
6.473600e-01	2.091749e+05	-5.188294e-02	1.565148e-01	0.000000e+00	-2.351213e+03	2.115261e+05
6.485500e-01	2.184083e+05	-5.206937e-02	1.568176e-01	0.000000e+00	-3.458442e+03	2.218667e+05
6.497400e-01	2.019949e+05	-5.225616e-02	1.571153e-01	0.000000e+00	-2.694441e+03	2.046893e+05
6.509300e-01	2.213647e+05	-5.244330e-02	1.574151e-01	0.000000e+00	-1.222210e+03	2.225869e+05
6.521200e-01	2.265171e+05	-5.263081e-02	1.577323e-01	0.000000e+00	-1.566619e+03	2.280837e+05
6.533100e-01	2.177567e+05	-5.281870e-02	1.580469e-01	0.000000e+00	-4.317210e+03	2.220739e+05
6.545000e-01	2.156011e+05	-5.300696e-02	1.583538e-01	0.000000e+00	-3.049084e+03	2.186502e+05
6.556900e-01	2.318157e+05	-5.319558e-02	1.586707e-01	0.000000e+00	-8.662547e+02	2.326820e+05
6.568800e-01	2.187510e+05	-5.338460e-02	1.589897e-01	0.000000e+00	-1.551711e+03	2.203027e+05
6.580700e-01	2.087986e+05	-5.357398e-02	1.592925e-01	0.000000e+00	-1.587928e+03	2.103865e+05
6.592600e-01	2.239829e+05	-5.376371e-02	1.595990e-01	0.000000e+00	-1.369712e+03	2.253526e+05
6.604500e-01	2.200776e+05	-5.395383e-02	1.599135e-01	0.000000e+00	-1.771977e+03	2.218495e+05
6.616400e-01	2.190237e+05	-5.414431e-02	1.602244e-01	0.000000e+00	-3.443526e+02	2.193680e+05
6.628300e-01	2.388097e+05	-5.433516e-02	1.605486e-01	0.000000e+00	-7.085220e+02	2.395183e+05
6.640200e-01	2.317391e+05	-5.452641e-02	1.608819e-01	0.000000e+00	-1.588795e+03	2.333279e+05
6.652100e-01	2.363692e+05	-5.471806e-02	1.612134e-01	0.000000e+00	-5.230598e+03	2.415998e+05
6.664000e-01	2.137062e+05	-5.491010e-02	1.615321e-01	0.000000e+00	-2.537316e+03	2.162435e+05
6.675900e-01	2.258451e+05	-5.510251e-02	1.618434e-01	0.000000e+00	-1.459718e+03	2.273048e+05
6.687800e-01	2.076530e+05	-5.529529e-02	1.621504e-01	0.000000e+00	-3.293843e+03	2.109468e+05
6.699700e-01	2.301325e+05	-5.548842e-02	1.624604e-01	0.000000e+00	-2.149556e+03	2.322821e+05
6.711600e-01	2.186463e+05	-5.568194e-02	1.627782e-01	0.000000e+00	-1.950558e+03	2.205968e+05
6.723500e-01	2.205860e+05	-5.587583e-02	1.630892e-01	0.000000e+00	-2.661599e+03	2.232476e+05
6.735400e-01	2.243134e+05	-5.607010e-02	1.634043e-01	0.000000e+00	-1.108571e+03	2.254219e+05
6.747300e-01	2.237835e+05	-5.626474e-02	1.637216e-01	0.000000e+00	-1.468275e+03	2.252517e+05
6.759200e-01	2.138209e+05	-5.645975e-02	1.640315e-01	0.000000e+00	-3.547603e+03	2.173685e+05
6.771100e-01	2.236095e+05	-5.665513e-02	1.643413e-01	0.000000e+00	-3.171162e+03	2.267807e+05
6.783000e-01	1.994108e+05	-5.685089e-02	1.646409e-01	0.000000e+00	-2.163214e+02	1.996271e+05
6.794900e-01	2.257763e+05	-5.704698e-02	1.649420e-01	0.000000e+00	-7.960481e+02	2.265723e+05
6.806800e-01	2.042174e+05	-5.724345e-02	1.652465e-01	0.000000e+00	-1.824274e+03	2.060416e+05
6.818700e-01	2.218962e+05	-5.744026e-02	1.655482e-01	0.000000e+00	-7.410222e+02	2.226373e+05
6.830600e-01	2.448044e+05	-5.763745e-02	1.658787e-01	0.000000e+00	-5.687440e+02	2.453732e+05
6.842500e-01	2.296055e+05	-5.783506e-02	1.662147e-01	0.000000e+00	-3.080761e+03	2.326863e+05
6.854400e-01	2.242858e+05	-5.803304e-02	1.665361e-01	0.000000e+00	-3.502337e+03	2.277881e+05
6.866300e-01	2.337857e+05	-5.823141e-02	1.668605e-01	0.000000e+00	-1.845339e+03	2.356311e+05
6.878200e-01	2.354708e+05	-5.843017e-02	1.671928e-01	0.000000e+00	-2.171821e+03	2.376426e+05
6.890100e-01	2.221655e+05	-5.862933e-02	1.675169e-01	0.000000e+00	-2.613049e+03	2.247786e+05
6.902000e-01	2.242879e+05	-5.882886e-02	1.678331e-01	0.000000e+00	-1.309947e+03	2.255978e+05
6.913900e-01	2.352657e+05	-5.902877e-02	1.681585e-01	0.000000e+00	-1.339794e+03	2.366055e+05
6.925800e-01	2.307729e+05	-5.922908e-02	1.684885e-01	0.000000e+00	-3.749311e+02	2.311478e+05
6.937700e-01	2.405428e+05	-5.942978e-02	1.688223e-01	0.000000e+00	-4.526487e+02	2.409955e+05
6.949600e-01	2.068317e+05	-5.963088e-02	1.691391e-01	0.000000e+00	-1.774278e+03	2.086060e+05
6.961500e-01	1.992471e+05	-5.983233e-02	1.694267e-01	0.000000e+00	-1.448475e+03	2.006955e+05
6.973400e-01	2.157991e+05	-6.003411e-02	1.697206e-01	0.000000e+00	-2.252287e+03	2.180514e+05
6.985300e-01	2.269245e+05	-6.023626e-02	1.700341e-01	0.000000e+00	-1.097658e+03	2.280221e+05
6.997200e-01	2.159491e+05	-6.043879e-02	1.703478e-01	0.000000e+00	-1.686046e+03	2.176352e+05
7.009100e-01	2.217015e+05	-6.064169e-02	1.706577e-01	0.000000e+00	-1.372642e+03	2.230742e+05
7.021000e-01	2.053907e+05	-6.084496e-02	1.709601e-01	0.000000e+00	-2.667285e+03	2.080580e+05
7.032900e-01	2.138929e+05	-6.104857e-02	1.712571e-01	0.000000e+00	-3.859122e+03	2.177520e+05
7.044800e-01	2.252799e+05	-6.125255e-02	1.715681e-01	0.000000e+00	-1.981598e+03	2.272615e+05
7.056700e-01	2.335258e+05	-6.145691e-02	1.718930e-01	0.000000e+00	-2.744314e+03	2.362701e+05
7.068600e-01	2.355222e+05	-6.166166e-02	1.722251e-01	0.000000e+00	-2.635891e+03	2.381581e+05
7.080500e-01	2.302560e+05	-6.186680e-02	1.725550e-01	0.000000e+00	-9.077576e+02	2.311638e+05
7.092400e-01	2.381167e+05	-6.207234e-02	1.728867e-01	0.000000e+00	-3.989094e+03	2.421058e+05
7.104300e-01	2.202574e+05	-6.227827e-02	1.732113e-01	0.000000e+00	-2.787912e+03	2.230453e+05
7.116200e-01	2.072813e+05	-6.248458e-02	1.735140e-01	0.000000e+00	-9.887839e+02	2.082701e+05
7.128100e-01	2.156419e+05	-6.269124e-02	1.738135e-01	0.000000e+00	-1.741842e+03	2.173837e+05
7.140000e-01	2.177406e+05	-6.289826e-02	1.741205e-01	0.000000e+00	-4.275277e+02	2.181681e+05
7.151900e-01	2.308164e+05	-6.310564e-02	1.744381e-01	0.000000e+00	-1.540573e+03	2.323570e+05
7.163800e-01	2.329923e+05	-6.331342e-02	1.747666e-01	0.000000e+00	-1.481181e+03	2.344735e+05
7.175700e-01	2.321849e+05	-6.352159e-02	1.750960e-01	0.000000e+00	-3.049277e+03	2.352342e+05
7.187600e-01	2.114385e+05	-6.373015e-02	1.754101e-01	0.000000e+00	-1.717330e+03	2.131558e+05
7.199500e-01	2.158630e+05	-6.393906e-02	1.757127e-01	0.000000e+00	-1.062850e+03	2.169259e+05
7.211400e-01	2.535459e+05	-6.414834e-02	1.760452e-01	0.000000e+00	-2.768889e+03	2.563148e+05
7.223300e-01	2.437385e+05	-6.435805e-02	1.763973e-01	0.000000e+00	-1.484846e+03	2.452233e+05
7.235200e-01	2.203756e+05	-6.456817e-02	1.767260e-01	0.000000e+00	-2.018816e+03	2.223944e+05
7.247100e-01	2.350068e+05	-6.477866e-02	1.770485e-01	0.000000e+00	-2.072685e+03	2.370795e+05
7.259000e-01	2.417192e+05	-6.498954e-02	1.773861e-01	0.000000e+00	-1.989385e+03	2.437086e+05
7.270900e-01	2.362792e+05	-6.520084e-02	1.777246e-01	0.000000e+00	-3.656099e+03	2.399353e+05
7.282800e-01	2.190087e+05	-6.541253e-02	1.780470e-01	0.000000e+00	-2.065643e+03	2.210743e+05
7.294700e-01	2.245602e+05	-6.562459e-02	1.783611e-01	0.000000e+00	-7.814671e+02	2.253416e+05
7.306600e-01	2.278929e+05	-6.583703e-02	1.786815e-01	0.000000e+00	-1.310203e+03	2.292031e+05
7.318500e-01	2.281648e+05	-6.604985e-02	1.790045e-01	0.000000e+00	-1.169794e+03	2.293346e+05
7.330400e-01	2.258909e+05	-6.626306e-02	1.793260e-01	0.000000e+00	-1.716156e+03	2.276071e+05
7.342300e-01	2.136203e+05	-6.647665e-02	1.796373e-01	0.000000e+00	-6.201987e+02	2.142405e+05
7.354200e-01	2.028682e+05	-6.669060e-02	1.799322e-01	0.000000e+00	-2.486750e+03	2.053549e+05
7.366100e-01	2.274342e+05	-6.690489e-02	1.802369e-01	0.000000e+00	-1.762528e+03	2.291967e+05
7.378000e-01	2.284681e+05	-6.711956e-02	1.805598e-01	0.000000e+00	-1.780672e+02	2.286461e+05
7.389900e-01	2.274932e+05	-6.733462e-02	1.808827e-01	0.000000e+00	-6.485819e+02	2.281417e+05
7.401800e-01	2.266813e+05	-6.755006e-02	1.812043e-01	0.000000e+00	-1.169777e+03	2.278511e+05
7.413700e-01	2.334287e+05	-6.776588e-02	1.815302e-01	0.000000e+00	-3.150806e+03	2.365795e+05
7.425600e-01	2.117203e+05	-6.798210e-02	1.818454e-01	0.000000e+00	-2.419200e+03	2.141395e+05
7.437500e-01	2.189761e+05	-6.819868e-02	1.821504e-01	0.000000e+00	-1.210625e+03	2.201867e+05
7.449400e-01	2.161061e+05	-6.841562e-02	1.824585e-01	0.000000e+00	-6.447081e+02	2.167509e+05
7.461300e-01	2.220138e+05	-6.863293e-02	1.827688e-01	0.000000e+00	-1.872448e+03	2.238862e+05
7.473200e-01	2.385621e+05	-6.885061e-02	1.830949e-01	0.000000e+00	-7.988928e+02	2.393610e+05
7.485100e-01	2.129020e+05	-6.906869e-02	1.834146e-01	0.000000e+00	-7.997843e+02	2.137018e+05
7.497000e-01	2.175240e+05	-6.928714e-02	1.837195e-01	0.000000e+00	-7.305554e+02	2.182546e+05
7.508900e-01	2.255442e+05	-6.950595e-02	1.840332e-01	0.000000e+00	0.000000e+00	2.255442e+05
7.520800e-01	2.283754e+05	-6.972514e-02	1.843547e-01	0.000000e+00	-2.077696e+03	2.304531e+05
7.532700e-01	2.050097e+05	-6.994471e-02	1.846616e-01	0.000000e+00	-1.283648e+03	2.062934e+05
7.544600e-01	2.126584e+05	-7.016463e-02	1.849574e-01	0.000000e+00	-2.089079e+03	2.147474e+05
7.556500e-01	2.254332e+05	-7.038491e-02	1.852676e-01	0.000000e+00	-1.660674e+03	2.270939e+05
7.568400e-01	2.154711e+05	-7.060557e-02	1.855798e-01	0.000000e+00	-1.685860e+03	2.171569e+05
7.580300e-01	2.399434e+05	-7.082659e-02	1.859023e-01	0.000000e+00	-1.854944e+03	2.417983e+05
7.592200e-01	2.312511e+05	-7.104801e-02	1.862360e-01	0.000000e+00	-1.503301e+03	2.327544e+05
7.604100e-01	2.217770e+05	-7.126983e-02	1.865568e-01	0.000000e+00	-4.792441e+02	2.222562e+05
7.616000e-01	2.138763e+05	-7.149202e-02	1.868654e-01	0.000000e+00	-1.700173e+03	2.155764e+05
7.627900e-01	2.476379e+05	-7.171457e-02	1.871922e-01	0.000000e+00	-3.504803e+03	2.511427e+05
7.639800e-01	2.182571e+05	-7.193754e-02	1.875221e-01	0.000000e+00	-3.166408e+03	2.214235e+05
7.651700e-01	2.186003e+05	-7.216087e-02	1.878315e-01	0.000000e+00	-5.042234e+03	2.236426e+05
7.663600e-01	2.122155e+05	-7.238458e-02	1.881366e-01	0.000000e+00	-1.954011e+03	2.141695e+05
7.675500e-01	2.239007e+05	-7.260864e-02	1.884454e-01	0.000000e+00	-1.657047e+03	2.255578e+05
7.687400e-01	2.108843e+05	-7.283308e-02	1.887533e-01	0.000000e+00	-3.667028e+03	2.145513e+05
7.699300e-01	1.871468e+05	-7.305787e-02	1.890352e-01	0.000000e+00	-3.890502e+03	1.910373e+05
7.711200e-01	2.268820e+05	-7.328298e-02	1.893284e-01	0.000000e+00	-1.993443e+03	2.288754e+05
7.723100e-01	2.436298e+05	-7.350847e-02	1.896616e-01	0.000000e+00	-1.542923e+03	2.451727e+05
7.735000e-01	2.179845e+05	-7.373437e-02	1.899885e-01	0.000000e+00	-1.177492e+03	2.191620e+05
7.746900e-01	2.152808e+05	-7.396064e-02	1.902953e-01	0.000000e+00	-1.057782e+03	2.163386e+05
7.758800e-01	2.231135e+05	-7.418728e-02	1.906058e-01	0.000000e+00	-1.665823e+03	2.247793e+05
7.770700e-01	2.261924e+05	-7.441429e-02	1.909239e-01	0.000000e+00	-2.332363e+03	2.285247e+05
7.782600e-01	2.037565e+05	-7.464168e-02	1.912284e-01	0.000000e+00	-3.282948e+03	2.070394e+05
7.794500e-01	2.295010e+05	-7.486941e-02	1.915352e-01	0.000000e+00	-1.599330e+03	2.311003e+05
7.806400e-01	2.156926e+05	-7.509753e-02	1.918505e-01	0.000000e+00	-4.013888e+02	2.160940e+05
7.818300e-01	2.310221e+05	-7.532601e-02	1.921669e-01	0.000000e+00	-1.783086e+03	2.328052e+05
7.830200e-01	2.237371e+05	-7.555489e-02	1.924889e-01	0.000000e+00	-1.954544e+03	2.256916e+05
7.842100e-01	2.075551e+05	-7.578414e-02	1.927943e-01	0.000000e+00	-2.995822e+03	2.105510e+05
7.854000e-01	2.242282e+05	-7.601374e-02	1.931001e-01	0.000000e+00	-1.268227e+03	2.254964e+05
7.865900e-01	2.071323e+05	-7.624372e-02	1.934056e-01	0.000000e+00	-2.090199e+03	2.092225e+05
7.877800e-01	2.080147e+05	-7.647404e-02	1.936996e-01	0.000000e+00	-1.503525e+03	2.095182e+05
7.889700e-01	2.349851e+05	-7.670472e-02	1.940133e-01	0.000000e+00	-8.817318e+02	2.358668e+05
7.901600e-01	2.211141e+05	-7.693580e-02	1.943363e-01	0.000000e+00	-8.268325e+02	2.219409e+05
7.913500e-01	2.256474e+05	-7.716724e-02	1.946527e-01	0.000000e+00	-2.092146e+03	2.277395e+05
7.925400e-01	2.270470e+05	-7.739907e-02	1.949732e-01	0.000000e+00	-1.147123e+03	2.281942e+05
7.937300e-01	2.300700e+05	-7.763128e-02	1.952970e-01	0.000000e+00	-1.403779e+03	2.314738e+05
7.949200e-01	2.330560e+05	-7.786388e-02	1.956249e-01	0.000000e+00	-1.894765e+03	2.349508e+05
7.961100e-01	2.019821e+05	-7.809687e-02	1.959330e-01	0.000000e+00	-2.411661e+03	2.043937e+05
7.973000e-01	2.227669e+05	-7.833020e-02	1.962338e-01	0.000000e+00	-1.109911e+03	2.238768e+05
7.984900e-01	2.176403e+05	-7.856390e-02	1.965457e-01	0.000000e+00	-5.069336e+03	2.227096e+05
7.996800e-01	2.270158e+05	-7.879797e-02	1.968606e-01	0.000000e+00	-2.904589e+03	2.299204e+05
8.008700e-01	2.168941e+05	-7.903243e-02	1.971749e-01	0.000000e+00	-1.383621e+03	2.182777e+05
8.020600e-01	2.186747e+05	-7.926725e-02	1.974834e-01	0.000000e+00	-7.232444e+02	2.193979e+05
8.032500e-01	2.340470e+05	-7.950244e-02	1.978040e-01	0.000000e+00	-6.619395e+02	2.347089e+05
8.044400e-01	2.303269e+05	-7.973802e-02	1.981328e-01	0.000000e+00	-5.945171e+02	2.309214e+05
8.056300e-01	2.304923e+05	-7.997400e-02	1.984592e-01	0.000000e+00	-1.744232e+03	2.322365e+05
8.068200e-01	2.221451e+05	-8.021036e-02	1.987797e-01	0.000000e+00	-3.606555e+02	2.225058e+05
8.080100e-01	2.166845e+05	-8.044709e-02	1.990905e-01	0.000000e+00	-1.309252e+03	2.179938e+05
8.092000e-01	2.314992e+05	-8.068419e-02	1.994079e-01	0.000000e+00	-3.714203e+02	2.318706e+05
8.103900e-01	2.411201e+05	-8.092168e-02	1.997426e-01	0.000000e+00	0.000000e+00	2.411201e+05
8.115800e-01	2.298348e+05	-8.115958e-02	2.000761e-01	0.000000e+00	0.000000e+00	2.298348e+05
8.127700e-01	2.416606e+05	-8.139786e-02	2.004100e-01	0.000000e+00	-1.352866e+03	2.430135e+05
8.139600e-01	2.271245e+05	-8.163656e-02	2.007419e-01	0.000000e+00	-3.337665e+03	2.304622e+05
8.151500e-01	2.354404e+05	-8.187563e-02	2.010695e-01	0.000000e+00	-1.191823e+03	2.366323e+05
8.163400e-01	2.246231e+05	-8.211510e-02	2.013953e-01	0.000000e+00	-1.237464e+03	2.258606e+05
8.175300e-01	2.245750e+05	-8.235495e-02	2.017134e-01	0.000000e+00	-1.267543e+03	2.258425e+05
8.187200e-01	2.098877e+05	-8.259518e-02	2.020211e-01	0.000000e+00	-1.113743e+03	2.110015e+05
8.199100e-01	2.176864e+05	-8.283576e-02	2.023239e-01	0.000000e+00	-3.367240e+03	2.210536e+05
8.211000e-01	2.261053e+05	-8.307671e-02	2.026382e-01	0.000000e+00	-5.063088e+03	2.311684e+05
8.222900e-01	2.282719e+05	-8.331804e-02	2.029599e-01	0.000000e+00	-2.887005e+03	2.311590e+05
8.234800e-01	1.933683e+05	-8.355975e-02	2.032585e-01	0.000000e+00	-1.202514e+03	1.945708e+05
8.246700e-01	2.260395e+05	-8.380179e-02	2.035555e-01	0.000000e+00	-1.936227e+03	2.279757e+05
8.258600e-01	2.151759e+05	-8.404422e-02	2.038680e-01	0.000000e+00	-1.252908e+03	2.164288e+05
8.270500e-01	2.230421e+05	-8.428700e-02	2.041783e-01	0.000000e+00	-6.609205e+02	2.237030e+05
8.282400e-01	2.129288e+05	-8.453016e-02	2.044871e-01	0.000000e+00	-1.237906e+03	2.141667e+05
8.294300e-01	2.367859e+05	-8.477368e-02	2.048055e-01	0.000000e+00	-2.075823e+03	2.388617e+05
8.306200e-01	2.283783e+05	-8.501760e-02	2.051349e-01	0.000000e+00	-1.902328e+03	2.302807e+05
8.318100e-01	2.032227e+05	-8.526190e-02	2.054406e-01	0.000000e+00	-2.480424e+03	2.057031e+05
8.330000e-01	2.169493e+05	-8.550655e-02	2.057381e-01	0.000000e+00	-8.693879e+02	2.178187e+05
8.341900e-01	2.430850e+05	-8.575156e-02	2.060639e-01	0.000000e+00	-1.183189e+03	2.442682e+05
8.353800e-01	2.310791e+05	-8.599698e-02	2.063997e-01	0.000000e+00	-5.143916e+02	2.315934e+05
8.365700e-01	2.358882e+05	-8.624279e-02	2.067304e-01	0.000000e+00	-1.542141e+03	2.374303e+05
8.377600e-01	2.408269e+05	-8.648900e-02	2.070680e-01	0.000000e+00	-1.385311e+02	2.409655e+05
8.389500e-01	2.282132e+05	-8.673561e-02	2.074002e-01	0.000000e+00	-1.385589e+03	2.295988e+05
8.401400e-01	2.134257e+05	-8.698261e-02	2.077129e-01	0.000000e+00	-2.735520e+03	2.161612e+05
8.413300e-01	2.455734e+05	-8.722997e-02	2.080380e-01	0.000000e+00	-1.046684e+03	2.466200e+05
8.425200e-01	2.334843e+05	-8.747774e-02	2.083772e-01	0.000000e+00	-1.888078e+03	2.353724e+05
8.437100e-01	2.378551e+05	-8.772591e-02	2.087110e-01	0.000000e+00	-8.584753e+02	2.387135e+05
8.449000e-01	2.236724e+05	-8.797447e-02	2.090378e-01	0.000000e+00	-1.047041e+03	2.247195e+05
8.460900e-01	2.203391e+05	-8.822342e-02	2.093523e-01	0.000000e+00	-3.056711e+03	2.233958e+05
8.472800e-01	2.015820e+05	-8.847273e-02	2.096510e-01	0.000000e+00	-2.642646e+03	2.042246e+05
8.484700e-01	2.018371e+05	-8.872238e-02	2.099367e-01	0.000000e+00	-1.177387e+03	2.030145e+05
8.496600e-01	2.226725e+05	-8.897238e-02	2.102374e-01	0.000000e+00	-2.586372e+03	2.252589e+05
8.508500e-01	2.171553e+05	-8.922275e-02	2.105488e-01	0.000000e+00	-1.008869e+03	2.181642e+05
8.520400e-01	2.200555e+05	-8.947349e-02	2.108584e-01	0.000000e+00	-1.611026e+03	2.216665e+05
8.532300e-01	2.248065e+05	-8.972459e-02	2.111735e-01	0.000000e+00	-2.278585e+03	2.270851e+05
8.544200e-01	2.319538e+05	-8.997608e-02	2.114969e-01	0.000000e+00	-2.837444e+03	2.347913e+05
8.556100e-01	2.271023e+05	-9.022796e-02	2.118220e-01	0.000000e+00	-1.555846e+03	2.286582e+05
8.568000e-01	2.242650e+05	-9.048022e-02	2.121417e-01	0.000000e+00	-1.458160e+03	2.257232e+05
8.579900e-01	2.223584e+05	-9.073285e-02	2.124580e-01	0.000000e+00	-3.576687e+03	2.259351e+05
8.591800e-01	2.203284e+05	-9.098587e-02	2.127715e-01	0.000000e+00	-2.801761e+03	2.231301e+05
8.603700e-01	2.078160e+05	-9.123925e-02	2.130746e-01	0.000000e+00	-3.412115e+03	2.112281e+05
8.615600e-01	2.143020e+05	-9.149298e-02	2.133736e-01	0.000000e+00	-3.660170e+03	2.179621e+05
8.627500e-01	2.182961e+05	-9.174708e-02	2.136799e-01	0.000000e+00	-1.602255e+03	2.198984e+05
8.639400e-01	2.297938e+05	-9.200154e-02	2.139972e-01	0.000000e+00	-2.709694e+03	2.325035e+05
8.651300e-01	2.308659e+05	-9.225639e-02	2.143235e-01	0.000000e+00	-1.808956e+03	2.326748e+05
8.663200e-01	2.294263e+05	-9.251163e-02	2.146494e-01	0.000000e+00	-3.984837e+03	2.334111e+05
8.675100e-01	2.346305e+05	-9.276726e-02	2.149781e-01	0.000000e+00	-2.061926e+03	2.366925e+05
8.687000e-01	2.215259e+05	-9.302328e-02	2.153011e-01	0.000000e+00	-6.693509e+02	2.221953e+05
8.698900e-01	2.301649e+05	-9.327967e-02	2.156210e-01	0.000000e+00	-4.332720e+01	2.302082e+05
8.710800e-01	2.268279e+05	-9.353646e-02	2.159446e-01	0.000000e+00	-1.148068e+03	2.279759e+05
8.722700e-01	2.464210e+05	-9.379362e-02	2.162797e-01	0.000000e+00	-1.075561e+03	2.474965e+05
8.734600e-01	2.329345e+05	-9.405120e-02	2.166192e-01	0.000000e+00	-2.540520e+02	2.331885e+05
8.746500e-01	2.198974e+05	-9.430918e-02	2.169399e-01	0.000000e+00	-6.501121e+02	2.205475e+05
8.758400e-01	2.144247e+05	-9.456752e-02	2.172474e-01	0.000000e+00	-2.196573e+03	2.166213e+05
8.770300e-01	2.374435e+05	-9.482622e-02	2.175674e-01	0.000000e+00	-2.316264e+03	2.397597e+05
8.782200e-01	2.348948e+05	-9.508533e-02	2.179019e-01	0.000000e+00	-3.769068e+03	2.386638e+05
8.794100e-01	2.127687e+05	-9.534483e-02	2.182190e-01	0.000000e+00	-1.803238e+03	2.145720e+05
8.806000e-01	2.221275e+05	-9.560469e-02	2.185269e-01	0.000000e+00	-9.782964e+02	2.231058e+05
8.817900e-01	2.269287e+05	-9.586493e-02	2.188449e-01	0.000000e+00	-1.353440e+03	2.282821e+05
8.829800e-01	2.195114e+05	-9.612554e-02	2.191611e-01	0.000000e+00	-2.899395e+03	2.224108e+05
8.841700e-01	2.095967e+05	-9.638653e-02	2.194650e-01	0.000000e+00	0.000000e+00	2.095967e+05
8.853600e-01	2.140268e+05	-9.664787e-02	2.197650e-01	0.000000e+00	-8.480542e+01	2.141116e+05
8.865500e-01	2.191851e+05	-9.690957e-02	2.200718e-01	0.000000e+00	-7.555307e+02	2.199406e+05
8.877400e-01	2.043900e+05	-9.717164e-02	2.203717e-01	0.000000e+00	-3.340292e+02	2.047240e+05
8.889300e-01	2.327647e+05	-9.743405e-02	2.206813e-01	0.000000e+00	-7.471472e+02	2.335119e+05
8.901200e-01	2.228529e+05	-9.769686e-02	2.210039e-01	0.000000e+00	-6.578878e+02	2.235108e+05
8.913100e-01	2.151380e+05	-9.796004e-02	2.213141e-01	0.000000e+00	-2.050685e+03	2.171887e+05
8.925000e-01	2.226378e+05	-9.822359e-02	2.216241e-01	0.000000e+00	-2.036518e+03	2.246743e+05
8.936900e-01	1.885140e+05	-9.848751e-02	2.219153e-01	0.000000e+00	-1.584267e+03	1.900983e+05
8.948800e-01	2.230878e+05	-9.875175e-02	2.222068e-01	0.000000e+00	-2.747094e+03	2.258349e+05
8.960700e-01	2.380493e+05	-9.901636e-02	2.225333e-01	0.000000e+00	-2.069183e+03	2.401184e+05
8.972600e-01	2.249558e+05	-9.928138e-02	2.228612e-01	0.000000e+00	-3.214322e+03	2.281701e+05
8.984500e-01	2.157488e+05	-9.954677e-02	2.231733e-01	0.000000e+00	-1.323539e+03	2.170724e+05
8.996400e-01	2.342121e+05	-9.981253e-02	2.234920e-01	0.000000e+00	-1.986234e+03	2.361983e+05
9.008300e-01	2.231435e+05	-1.000787e-01	2.238158e-01	0.000000e+00	-3.758265e+03	2.269018e+05
9.020200e-01	2.036038e+05	-1.003452e-01	2.241180e-01	0.000000e+00	-2.818132e+03	2.064219e+05
9.032100e-01	2.052053e+05	-1.006121e-01	2.244076e-01	0.000000e+00	-1.291759e+03	2.064970e+05
9.044000e-01	2.126242e+05	-1.008793e-01	2.247034e-01	0.000000e+00	-1.199100e+03	2.138233e+05
9.055900e-01	2.240061e+05	-1.011469e-01	2.250127e-01	0.000000e+00	-1.265550e+03	2.252716e+05
9.067800e-01	2.343227e+05	-1.014148e-01	2.253372e-01	0.000000e+00	-2.047459e+03	2.363702e+05
9.079700e-01	2.055326e+05	-1.016832e-01	2.256487e-01	0.000000e+00	-1.843586e+03	2.073762e+05
9.091600e-01	2.358062e+05	-1.019519e-01	2.259613e-01	0.000000e+00	-6.386895e+02	2.364449e+05
9.103500e-01	2.411984e+05	-1.022210e-01	2.262991e-01	0.000000e+00	-4.304683e+02	2.416288e+05
9.115400e-01	2.348393e+05	-1.024905e-01	2.266362e-01	0.000000e+00	-1.736481e+03	2.365758e+05
9.127300e-01	2.277764e+05	-1.027604e-01	2.269638e-01	0.000000e+00	-1.740028e+03	2.295164e+05
9.139200e-01	2.361586e+05	-1.030306e-01	2.272923e-01	0.000000e+00	-2.269313e+03	2.384280e+05
9.151100e-01	2.470371e+05	-1.033013e-01	2.276345e-01	0.000000e+00	-2.342497e+03	2.493796e+05
9.163000e-01	2.227688e+05	-1.035724e-01	2.279672e-01	0.000000e+00	-2.741632e+03	2.255104e+05
9.174900e-01	2.309061e+05	-1.038439e-01	2.282885e-01	0.000000e+00	-1.351129e+03	2.322572e+05
9.186800e-01	2.164599e+05	-1.041157e-01	2.286053e-01	0.000000e+00	-9.342566e+02	2.173941e+05
9.198700e-01	2.187744e+05	-1.043880e-01	2.289135e-01	0.000000e+00	-1.527614e+03	2.203020e+05
9.210600e-01	2.336658e+05	-1.046606e-01	2.292339e-01	0.000000e+00	-2.164295e+03	2.358301e+05
9.222500e-01	2.344932e+05	-1.049335e-01	2.295654e-01	0.000000e+00	-1.249682e+03	2.357429e+05
9.234400e-01	2.216818e+05	-1.052069e-01	2.298885e-01	0.000000e+00	-2.127075e+03	2.238089e+05
9.246300e-01	2.347661e+05	-1.054807e-01	2.302117e-01	0.000000e+00	-1.234269e+03	2.360003e+05
9.258200e-01	2.196404e+05	-1.057548e-01	2.305335e-01	0.000000e+00	-4.562759e+02	2.200966e+05
9.270100e-01	2.232032e+05	-1.060293e-01	2.308471e-01	0.000000e+00	-5.827587e+02	2.237859e+05
9.282000e-01	2.321144e+05	-1.063042e-01	2.311696e-01	0.000000e+00	-6.416376e+02	2.327560e+05
9.293900e-01	2.354899e+05	-1.065795e-01	2.315007e-01	0.000000e+00	-1.763449e+03	2.372534e+05
9.305800e-01	2.019946e+05	-1.068552e-01	2.318105e-01	0.000000e+00	-2.336435e+03	2.043310e+05
9.317700e-01	2.220178e+05	-1.071312e-01	2.321108e-01	0.000000e+00	-1.659416e+02	2.221837e+05
9.329600e-01	2.394439e+05	-1.074076e-01	2.324376e-01	0.000000e+00	-7.761905e+02	2.402201e+05
9.341500e-01	2.146073e+05	-1.076844e-01	2.327591e-01	0.000000e+00	-7.720153e+02	2.153793e+05
9.353400e-01	2.277696e+05	-1.079616e-01	2.330724e-01	0.000000e+00	-9.086570e+02	2.286782e+05
9.365300e-01	2.259018e+05	-1.082391e-01	2.333937e-01	0.000000e+00	-1.961313e+02	2.260979e+05
9.377200e-01	2.369535e+05	-1.085171e-01	2.337214e-01	0.000000e+00	-2.424185e+03	2.393777e+05
9.389100e-01	2.234580e+05	-1.087954e-01	2.340475e-01	0.000000e+00	-1.581365e+03	2.250393e+05
9.401000e-01	2.187663e+05	-1.090741e-01	2.343607e-01	0.000000e+00	0.000000e+00	2.187663e+05
9.412900e-01	1.917139e+05	-1.093532e-01	2.346514e-01	0.000000e+00	-7.891395e+02	1.925031e+05
9.424800e-01	2.021852e+05	-1.096326e-01	2.349303e-01	0.000000e+00	-1.680152e+03	2.038653e+05
9.436700e-01	2.254659e+05	-1.099123e-01	2.352331e-01	0.000000e+00	-4.669847e+02	2.259329e+05
9.448600e-01	2.364784e+05	-1.101924e-01	2.355603e-01	0.000000e+00	-5.553656e+02	2.370338e+05
9.460500e-01	2.430182e+05	-1.104729e-01	2.358998e-01	0.000000e+00	-1.231837e+03	2.442500e+05
9.472400e-01	2.528894e+05	-1.107539e-01	2.362510e-01	0.000000e+00	-1.320885e+03	2.542103e+05
9.484300e-01	2.278657e+05	-1.110352e-01	2.365915e-01	0.000000e+00	-9.726567e+02	2.288384e+05
9.496200e-01	2.231036e+05	-1.113170e-01	2.369108e-01	0.000000e+00	-1.386342e+03	2.244899e+05
9.508100e-01	2.400659e+05	-1.115991e-01	2.372388e-01	0.000000e+00	-5.855529e+02	2.406514e+05
9.520000e-01	2.316619e+05	-1.118816e-01	2.375729e-01	0.000000e+00	-2.547833e+02	2.319167e+05
9.531900e-01	2.248245e+05	-1.121645e-01	2.378962e-01	0.000000e+00	-6.482862e+02	2.254728e+05
9.543800e-01	2.257432e+05	-1.124478e-01	2.382152e-01	0.000000e+00	-1.292583e+03	2.270358e+05
9.555700e-01	2.406715e+05	-1.127315e-01	2.385455e-01	0.000000e+00	-7.139450e+02	2.413855e+05
9.567600e-01	2.204488e+05	-1.130155e-01	2.388721e-01	0.000000e+00	-9.751156e+02	2.214239e+05
9.579500e-01	2.193859e+05	-1.133000e-01	2.391836e-01	0.000000e+00	-5.717509e+02	2.199577e+05
9.591400e-01	2.122937e+05	-1.135848e-01	2.394893e-01	0.000000e+00	-6.692012e+02	2.129629e+05
9.603300e-01	2.297013e+05	-1.138700e-01	2.398023e-01	0.000000e+00	-1.711349e+02	2.298724e+05
9.615200e-01	2.252077e+05	-1.141555e-01	2.401244e-01	0.000000e+00	0.000000e+00	2.252077e+05
9.627100e-01	2.379782e+05	-1.144414e-01	2.404524e-01	0.000000e+00	-1.374210e+03	2.393524e+05
9.639000e-01	2.391125e+05	-1.147278e-01	2.407903e-01	0.000000e+00	-1.704797e+03	2.408173e+05
9.650900e-01	2.199747e+05	-1.150145e-01	2.411154e-01	0.000000e+00	-1.402236e+03	2.213770e+05
9.662800e-01	2.336879e+05	-1.153016e-01	2.414367e-01	0.000000e+00	-1.813732e+03	2.355016e+05
9.674700e-01	2.271538e+05	-1.155891e-01	2.417630e-01	0.000000e+00	-4.685298e+03	2.318391e+05
9.686600e-01	2.202882e+05	-1.158770e-01	2.420799e-01	0.000000e+00	-1.914312e+03	2.222025e+05
9.698500e-01	2.220189e+05	-1.161653e-01	2.423931e-01	0.000000e+00	-1.387149e+03	2.234061e+05
9.710400e-01	2.178649e+05	-1.164539e-01	2.427046e-01	0.000000e+00	-2.741276e+03	2.206062e+05
9.722300e-01	2.159781e+05	-1.167429e-01	2.430119e-01	0.000000e+00	-2.367387e+03	2.183455e+05
9.734200e-01	2.157919e+05	-1.170323e-01	2.433176e-01	0.000000e+00	-2.883127e+03	2.186750e+05
9.746100e-01	2.278841e+05	-1.173220e-01	2.436318e-01	0.000000e+00	-2.048761e+03	2.299329e+05
9.758000e-01	2.132625e+05	-1.176121e-01	2.439442e-01	0.000000e+00	-8.877991e+02	2.141503e+05
9.769900e-01	2.422072e+05	-1.179026e-01	2.442668e-01	0.000000e+00	-4.458581e+02	2.426531e+05
9.781800e-01	2.289481e+05	-1.181935e-01	2.446004e-01	0.000000e+00	-1.497659e+03	2.304457e+05
9.793700e-01	2.153235e+05	-1.184848e-01	2.449150e-01	0.000000e+00	-5.774912e+02	2.159010e+05
9.805600e-01	2.247113e+05	-1.187764e-01	2.452267e-01	0.000000e+00	-5.544034e+02	2.252657e+05
9.817500e-01	2.264182e+05	-1.190684e-01	2.455461e-01	0.000000e+00	-2.859327e+02	2.267042e+05
9.829400e-01	2.334894e+05	-1.193608e-01	2.458718e-01	0.000000e+00	-1.093164e+03	2.345826e+05
9.841300e-01	2.295300e+05	-1.196536e-01	2.461997e-01	0.000000e+00	-1.584035e+03	2.311140e+05
9.853200e-01	2.426455e+05	-1.199468e-01	2.465341e-01	0.000000e+00	-6.841460e+02	2.433297e+05
9.865100e-01	2.303655e+05	-1.202403e-01	2.468691e-01	0.000000e+00	0.000000e+00	2.303655e+05
9.877000e-01	2.520097e+05	-1.205343e-01	2.472107e-01	0.000000e+00	0.000000e+00	2.520097e+05
9.888900e-01	2.290433e+05	-1.208287e-01	2.475513e-01	0.000000e+00	-5.777247e+02	2.296210e+05
9.900800e-01	2.179506e+05	-1.211235e-01	2.478679e-01	0.000000e+00	-6.365550e+02	2.185871e+05
9.912700e-01	2.393124e+05	-1.214186e-01	2.481917e-01	0.000000e+00	-1.801533e+03	2.411139e+05
9.924600e-01	2.240099e+05	-1.217142e-01	2.485198e-01	0.000000e+00	-9.537106e+02	2.249636e+05
9.936500e-01	2.346651e+05	-1.220101e-01	2.488446e-01	0.000000e+00	-6.629365e+02	2.353281e+05
9.948400e-01	2.321893e+05	-1.223064e-01	2.491752e-01	0.000000e+00	-2.076762e+03	2.342661e+05
9.960300e-01	2.477028e+05	-1.226031e-01	2.495151e-01	0.000000e+00	-5.993666e+02	2.483021e+05
9.972200e-01	2.141577e+05	-1.229003e-01	2.498421e-01	0.000000e+00	-1.408840e+03	2.155665e+05
9.984100e-01	2.234355e+05	-1.231978e-01	2.501520e-01	0.000000e+00	-5.262690e+02	2.239618e+05
9.996000e-01	2.404118e+05	-1.234956e-01	2.504805e-01	0.000000e+00	-1.126812e+03	2.415386e+05
1.000790e+00	2.332825e+05	-1.237939e-01	2.508160e-01	0.000000e+00	-5.538599e+02	2.338364e+05
1.001980e+00	2.200232e+05	-1.240926e-01	2.511370e-01	0.000000e+00	0.000000e+00	2.200232e+05
1.003170e+00	2.511795e+05	-1.243916e-01	2.514707e-01	0.000000e+00	0.000000e+00	2.511795e+05
1.004360e+00	2.355885e+05	-1.246911e-01	2.518154e-01	0.000000e+00	-4.101697e+02	2.359987e+05
1.005550e+00	2.192400e+05	-1.249909e-01	2.521375e-01	0.000000e+00	-1.270503e+03	2.205105e+05
1.006740e+00	2.210628e+05	-1.252912e-01	2.524493e-01	0.000000e+00	-1.236552e+03	2.222994e+05
1.007930e+00	2.225892e+05	-1.255918e-01	2.527635e-01	0.000000e+00	-2.856374e+03	2.254456e+05
1.009120e+00	2.447284e+05	-1.258927e-01	2.530944e-01	0.000000e+00	-1.735531e+03	2.464639e+05
1.010310e+00	2.431666e+05	-1.261941e-01	2.534399e-01	0.000000e+00	-8.942313e+02	2.440609e+05
1.011500e+00	2.208619e+05	-1.264959e-01	2.537685e-01	0.000000e+00	-1.419806e+03	2.222817e+05
1.012690e+00	2.285884e+05	-1.267981e-01	2.540868e-01	0.000000e+00	-9.811317e+02	2.295696e+05
1.013880e+00	2.241540e+05	-1.271006e-01	2.544074e-01	0.000000e+00	-1.709359e+03	2.258634e+05
1.015070e+00	2.378745e+05	-1.274036e-01	2.547346e-01	0.000000e+00	-9.138453e+01	2.379659e+05
1.016260e+00	2.235258e+05	-1.277069e-01	2.550614e-01	0.000000e+00	-4.228394e+02	2.239486e+05
1.017450e+00	2.212092e+05	-1.280106e-01	2.553763e-01	0.000000e+00	-1.868838e+03	2.230781e+05
1.018640e+00	2.005231e+05	-1.283147e-01	2.556750e-01	0.000000e+00	-7.946382e+02	2.013177e+05
1.019830e+00	2.213203e+05	-1.286191e-01	2.559737e-01	0.000000e+00	-3.382467e+02	2.216585e+05
1.021020e+00	2.192238e+05	-1.289239e-01	2.562857e-01	0.000000e+00	-3.746131e+03	2.229699e+05
1.022210e+00	2.101197e+05	-1.292291e-01	2.565897e-01	0.000000e+00	-1.667468e+03	2.117872e+05
1.023400e+00	2.254729e+05	-1.295346e-01	2.568982e-01	0.000000e+00	-4.055358e+02	2.258785e+05
1.024590e+00	2.201001e+05	-1.298405e-01	2.572137e-01	0.000000e+00	0.000000e+00	2.201001e+05
1.025780e+00	2.211995e+05	-1.301468e-01	2.575262e-01	0.000000e+00	-6.925354e+02	2.218920e+05
1.026970e+00	2.254997e+05	-1.304534e-01	2.578426e-01	0.000000e+00	-9.475158e+02	2.264473e+05
1.028160e+00	2.489998e+05	-1.307604e-01	2.581786e-01	0.000000e+00	-8.348637e+02	2.498347e+05
1.029350e+00	2.325218e+05	-1.310679e-01	2.585196e-01	0.000000e+00	-4.609348e+01	2.325679e+05
1.030540e+00	2.307835e+05	-1.313757e-01	2.588477e-01	0.000000e+00	-3.258886e+02	2.311094e+05
1.031730e+00	2.521354e+05	-1.316839e-01	2.591897e-01	0.000000e+00	-1.360527e+03	2.534959e+05
1.032920e+00	2.448695e+05	-1.319926e-01	2.595416e-01	0.000000e+00	-1.030988e+03	2.459005e+05
1.034110e+00	2.482572e+05	-1.323017e-01	2.598909e-01	0.000000e+00	-6.439416e+02	2.489012e+05
1.035300e+00	2.337652e+05	-1.326111e-01	2.602322e-01	0.000000e+00	-1.829757e+02	2.339482e+05
1.036490e+00	2.288735e+05	-1.329210e-01	2.605598e-01	0.000000e+00	-8.623251e+02	2.297358e+05
1.037680e+00	2.215838e+05	-1.332313e-01	2.608788e-01	0.000000e+00	-2.484085e+03	2.240678e+05
1.038870e+00	2.311246e+05	-1.335419e-01	2.611994e-01	0.000000e+00	-8.258664e+02	2.319504e+05
1.040060e+00	2.136661e+05	-1.338529e-01	2.615144e-01	0.000000e+00	-6.867651e+02	2.143528e+05
1.041250e+00	2.046433e+05	-1.341643e-01	2.618106e-01	0.000000e+00	-3.703448e+02	2.050137e+05
1.042440e+00	2.190123e+05	-1.344760e-01	2.621107e-01	0.000000e+00	-4.699913e+02	2.194823e+05
1.043630e+00	2.122735e+05	-1.347881e-01	2.624161e-01	0.000000e+00	-6.643025e+02	2.129378e+05
1.044820e+00	2.256096e+05	-1.351006e-01	2.627262e-01	0.000000e+00	-5.429020e+02	2.261525e+05
1.046010e+00	2.360762e+05	-1.354134e-01	2.630531e-01	0.000000e+00	-1.313804e+03	2.373900e+05
1.047200e+00	2.297440e+05	-1.357266e-01	2.633830e-01	0.000000e+00	-7.234133e+02	2.304674e+05
1.048390e+00	2.361286e+05	-1.360403e-01	2.637129e-01	0.000000e+00	-5.419292e+02	2.366706e+05
1.049580e+00	2.280276e+05	-1.363543e-01	2.640416e-01	0.000000e+00	-7.968842e+02	2.288245e+05
1.050770e+00	2.180933e+05	-1.366687e-01	2.643575e-01	0.000000e+00	-4.587817e+02	2.185520e+05
1.051960e+00	2.201533e+05	-1.369835e-01	2.646679e-01	0.000000e+00	-5.787644e+02	2.207321e+05
1.053150e+00	2.108832e+05	-1.372986e-01	2.649731e-01	0.000000e+00	-1.791420e+03	2.126746e+05
1.054340e+00	2.315519e+05	-1.376141e-01	2.652865e-01	0.000000e+00	-9.371170e+02	2.324890e+05
1.055530e+00	2.294411e+05	-1.379300e-01	2.656129e-01	0.000000e+00	-8.401920e+02	2.302813e+05
1.056720e+00	2.207756e+05	-1.382462e-01	2.659317e-01	0.000000e+00	-2.037485e+03	2.228131e+05
1.057910e+00	2.421834e+05	-1.385629e-01	2.662596e-01	0.000000e+00	-7.311969e+02	2.429146e+05
1.059100e+00	2.168311e+05	-1.388799e-01	2.665846e-01	0.000000e+00	-8.098069e+02	2.176409e+05
1.060290e+00	2.296431e+05	-1.391974e-01	2.669008e-01	0.000000e+00	-6.773792e+02	2.303205e+05
1.061480e+00	2.154946e+05	-1.395152e-01	2.672161e-01	0.000000e+00	0.000000e+00	2.154946e+05
1.062670e+00	2.205141e+05	-1.398333e-01	2.675248e-01	0.000000e+00	0.000000e+00	2.205141e+05
1.063860e+00	2.163956e+05	-1.401519e-01	2.678342e-01	0.000000e+00	-3.583978e+02	2.167540e+05
1.065050e+00	2.197577e+05	-1.404708e-01	2.681431e-01	0.000000e+00	-1.737674e+03	2.214954e+05
1.066240e+00	2.449530e+05	-1.407901e-01	2.684722e-01	0.000000e+00	-4.249361e+02	2.453779e+05
1.067430e+00	2.335601e+05	-1.411097e-01	2.688111e-01	0.000000e+00	-5.050706e+02	2.340652e+05
1.068620e+00	2.219933e+05	-1.414298e-01	2.691337e-01	0.000000e+00	-1.216505e+03	2.232098e+05
1.069810e+00	2.107719e+05	-1.417503e-01	2.694401e-01	0.000000e+00	-7.994323e+02	2.115713e+05
1.071000e+00	2.250822e+05	-1.420711e-01	2.697488e-01	0.000000e+00	-3.511022e+02	2.254333e+05
1.072190e+00	2.272568e+05	-1.423923e-01	2.700691e-01	0.000000e+00	-4.892339e+02	2.277460e+05
1.073380e+00	2.231757e+05	-1.427139e-01	2.703881e-01	0.000000e+00	-1.144009e+02	2.232901e+05
1.074570e+00	2.250264e+05	-1.430358e-01	2.707055e-01	0.000000e+00	-1.326293e+03	2.263527e+05
1.075760e+00	2.288822e+05	-1.433581e-01	2.710269e-01	0.000000e+00	-2.399784e+02	2.291222e+05
1.076950e+00	2.385796e+05	-1.436809e-01	2.713580e-01	0.000000e+00	-2.672960e+02	2.388469e+05
1.078140e+00	2.375046e+05	-1.440040e-01	2.716951e-01	0.000000e+00	-1.756655e+03	2.392613e+05
1.079330e+00	2.137769e+05	-1.443275e-01	2.720147e-01	0.000000e+00	-1.211396e+03	2.149883e+05
1.080520e+00	2.278924e+05	-1.446514e-01	2.723275e-01	0.000000e+00	-9.669504e+02	2.288593e+05
1.081710e+00	2.255220e+05	-1.449756e-01	2.726486e-01	0.000000e+00	-8.397194e+02	2.263617e+05
1.082900e+00	2.291713e+05	-1.453003e-01	2.729706e-01	0.000000e+00	-1.239083e+03	2.304104e+05
1.084090e+00	2.263523e+05	-1.456253e-01	2.732932e-01	0.000000e+00	-1.281926e+03	2.276342e+05
1.085280e+00	2.109091e+05	-1.459507e-01	2.736028e-01	0.000000e+00	-9.355122e+01	2.110027e+05
1.086470e+00	2.234729e+05	-1.462765e-01	2.739104e-01	0.000000e+00	-1.284862e+03	2.247577e+05
1.087660e+00	2.232912e+05	-1.466026e-01	2.742268e-01	0.000000e+00	-1.318389e+03	2.246096e+05
1.088850e+00	2.210174e+05	-1.469291e-01	2.745414e-01	0.000000e+00	-6.645430e+02	2.216819e+05
1.090040e+00	2.324350e+05	-1.472560e-01	2.748626e-01	0.000000e+00	-7.373115e+02	2.331723e+05
1.091230e+00	2.192341e+05	-1.475833e-01	2.751824e-01	0.000000e+00	-1.677150e+03	2.209112e+05
1.092420e+00	2.046980e+05	-1.479110e-01	2.754826e-01	0.000000e+00	-8.719459e+02	2.055699e+05
1.093610e+00	2.357102e+05	-1.482390e-01	2.757945e-01	0.000000e+00	-1.507474e+03	2.372177e+05
1.094800e+00	2.241780e+05	-1.485674e-01	2.761202e-01	0.000000e+00	-2.481355e+02	2.244261e+05
1.095990e+00	2.293821e+05	-1.488961e-01	2.764414e-01	0.000000e+00	0.000000e+00	2.293821e+05
1.097180e+00	2.360960e+05	-1.492253e-01	2.767710e-01	0.000000e+00	-3.082692e+02	2.364043e+05
1.098370e+00	2.147935e+05	-1.495548e-01	2.770903e-01	0.000000e+00	-9.106512e+02	2.157042e+05
1.099560e+00	2.390439e+05	-1.498848e-01	2.774117e-01	0.000000e+00	-7.705962e+02	2.398145e+05
1.100750e+00	2.228309e+05	-1.502151e-01	2.777388e-01	0.000000e+00	-5.314918e+02	2.233624e+05
1.101940e+00	2.322091e+05	-1.505458e-01	2.780610e-01	0.000000e+00	0.000000e+00	2.322091e+05
1.103130e+00	2.481105e+05	-1.508769e-01	2.784012e-01	0.000000e+00	0.000000e+00	2.481105e+05
1.104320e+00	2.350056e+05	-1.512084e-01	2.787433e-01	0.000000e+00	-3.672123e+02	2.353729e+05
1.105510e+00	2.095964e+05	-1.515403e-01	2.790582e-01	0.000000e+00	-1.313460e+03	2.109099e+05
1.106700e+00	2.433012e+05	-1.518725e-01	2.793789e-01	0.000000e+00	-1.252160e+03	2.445534e+05
1.107890e+00	2.436111e+05	-1.522052e-01	2.797237e-01	0.000000e+00	-7.569427e+02	2.443680e+05
1.109080e+00	2.194181e+05	-1.525383e-01	2.800516e-01	0.000000e+00	-1.352242e+03	2.207704e+05
1.110270e+00	2.220650e+05	-1.528717e-01	2.803643e-01	0.000000e+00	0.000000e+00	2.220650e+05
1.111460e+00	2.253475e+05	-1.532055e-01	2.806811e-01	0.000000e+00	0.000000e+00	2.253475e+05
1.112650e+00	2.379613e+05	-1.535397e-01	2.810092e-01	0.000000e+00	0.000000e+00	2.379613e+05
1.113840e+00	2.469132e+05	-1.538743e-01	2.813526e-01	0.000000e+00	-2.639356e+01	2.469396e+05
1.115030e+00	2.241260e+05	-1.542094e-01	2.816861e-01	0.000000e+00	-8.139426e+02	2.249399e+05
1.116220e+00	2.256117e+05	-1.545448e-01	2.820046e-01	0.000000e+00	0.000000e+00	2.256117e+05
1.117410e+00	2.423591e+05	-1.548805e-01	2.823360e-01	0.000000e+00	0.000000e+00	2.423591e+05
1.118600e+00	2.276205e+05	-1.552167e-01	2.826689e-01	0.000000e+00	0.000000e+00	2.276205e+05
1.119790e+00	2.441600e+05	-1.555533e-01	2.830030e-01	0.000000e+00	-4.187716e+02	2.445788e+05
1.120980e+00	2.304856e+05	-1.558903e-01	2.833391e-01	0.000000e+00	-2.693316e+03	2.331789e+05
1.122170e+00	2.338181e+05	-1.562276e-01	2.836679e-01	0.000000e+00	-2.492569e+02	2.340674e+05
1.123360e+00	2.276666e+05	-1.565654e-01	2.839947e-01	0.000000e+00	0.000000e+00	2.276666e+05
1.124550e+00	2.254381e+05	-1.569035e-01	2.843156e-01	0.000000e+00	0.000000e+00	2.254381e+05
1.125740e+00	2.233089e+05	-1.572421e-01	2.846333e-01	0.000000e+00	-6.589471e+02	2.239679e+05
1.126930e+00	2.228115e+05	-1.575810e-01	2.849493e-01	0.000000e+00	-6.519853e+02	2.234635e+05
1.128120e+00	2.280414e+05	-1.579202e-01	2.852686e-01	0.000000e+00	-1.609543e+03	2.296510e+05
1.129310e+00	2.348732e+05	-1.582599e-01	2.855964e-01	0.000000e+00	-1.529708e+03	2.364029e+05
1.130500e+00	2.464867e+05	-1.586000e-01	2.859373e-01	0.000000e+00	-1.067484e+03	2.475542e+05
1.131690e+00	2.344509e+05	-1.589404e-01	2.862778e-01	0.000000e+00	-1.504326e+03	2.359553e+05
1.132880e+00	2.263118e+05	-1.592813e-01	2.866041e-01	0.000000e+00	-2.448155e+03	2.287600e+05
1.134070e+00	2.195160e+05	-1.596225e-01	2.869199e-01	0.000000e+00	-1.454221e+03	2.209702e+05
1.135260e+00	2.232330e+05	-1.599642e-01	2.872334e-01	0.000000e+00	0.000000e+00	2.232330e+05
1.136450e+00	2.318913e+05	-1.603062e-01	2.875557e-01	0.000000e+00	0.000000e+00	2.318913e+05
1.137640e+00	2.375840e+05	-1.606486e-01	2.878882e-01	0.000000e+00	0.000000e+00	2.375840e+05
1.138830e+00	2.398781e+05	-1.609913e-01	2.882263e-01	0.000000e+00	-6.536663e+02	2.405318e+05
1.140020e+00	2.286067e+05	-1.613345e-01	2.885580e-01	0.000000e+00	-5.993627e+02	2.292061e+05
1.141210e+00	2.561469e+05	-1.616781e-01	2.889013e-01	0.000000e+00	-4.276432e+02	2.565746e+05
1.142400e+00	2.339845e+05	-1.620221e-01	2.892484e-01	0.000000e+00	-5.554805e+02	2.345400e+05
1.143590e+00	2.247436e+05	-1.623665e-01	2.895733e-01	0.000000e+00	-9.679629e+02	2.257116e+05
1.144780e+00	2.073340e+05	-1.627113e-01	2.898793e-01	0.000000e+00	-1.500742e+03	2.088348e+05
1.145970e+00	2.388993e+05	-1.630564e-01	2.901953e-01	0.000000e+00	-1.155747e+03	2.400550e+05
1.147160e+00	2.359001e+05	-1.634020e-01	2.905315e-01	0.000000e+00	-2.476990e+02	2.361478e+05
1.148350e+00	2.415491e+05	-1.637479e-01	2.908696e-01	0.000000e+00	-1.435223e+03	2.429843e+05
1.149540e+00	2.078590e+05	-1.640942e-01	2.911879e-01	0.000000e+00	-1.949932e+01	2.078785e+05
1.150730e+00	2.078353e+05	-1.644409e-01	2.914823e-01	0.000000e+00	0.000000e+00	2.078353e+05
1.151920e+00	2.325135e+05	-1.647880e-01	2.917941e-01	0.000000e+00	0.000000e+00	2.325135e+05
1.153110e+00	2.413254e+05	-1.651354e-01	2.921297e-01	0.000000e+00	0.000000e+00	2.413254e+05
1.154300e+00	2.497907e+05	-1.654832e-01	2.924774e-01	0.000000e+00	0.000000e+00	2.497907e+05
1.155490e+00	2.289097e+05	-1.658315e-01	2.928164e-01	0.000000e+00	0.000000e+00	2.289097e+05
1.156680e+00	2.405066e+05	-1.661801e-01	2.931489e-01	0.000000e+00	-7.652275e+02	2.412718e+05
1.157870e+00	2.298532e+05	-1.665292e-01	2.934820e-01	0.000000e+00	-7.510861e+01	2.299283e+05
1.159060e+00	2.364190e+05	-1.668786e-01	2.938122e-01	0.000000e+00	0.000000e+00	2.364190e+05
1.160250e+00	2.089194e+05	-1.672285e-01	2.941275e-01	0.000000e+00	0.000000e+00	2.089194e+05
1.161440e+00	2.173282e+05	-1.675786e-01	2.944294e-01	0.000000e+00	-7.130546e+01	2.173995e+05
1.162630e+00	2.356567e+05	-1.679292e-01	2.947502e-01	0.000000e+00	-7.690307e+02	2.364257e+05
1.163820e+00	2.501951e+05	-1.682801e-01	2.950942e-01	0.000000e+00	0.000000e+00	2.501951e+05
1.165010e+00	2.367487e+05	-1.686315e-01	2.954391e-01	0.000000e+00	0.000000e+00	2.367487e+05
1.166200e+00	2.245245e+05	-1.689833e-01	2.957657e-01	0.000000e+00	0.000000e+00	2.245245e+05
1.167390e+00	2.491955e+05	-1.693354e-01	2.961012e-01	0.000000e+00	0.000000e+00	2.491955e+05
1.168580e+00	2.360067e+05	-1.696880e-01	2.964448e-01	0.000000e+00	-7.521131e+02	2.367588e+05
1.169770e+00	2.370114e+05	-1.700410e-01	2.967798e-01	0.000000e+00	-4.346679e+02	2.374460e+05
1.170960e+00	2.384246e+05	-1.703944e-01	2.971165e-01	0.000000e+00	-4.938913e+02	2.389185e+05
1.172150e+00	2.161961e+05	-1.707481e-01	2.974384e-01	0.000000e+00	0.000000e+00	2.161961e+05
1.173340e+00	2.238713e+05	-1.711023e-01	2.977500e-01	0.000000e+00	-6.743163e+02	2.245456e+05
1.174530e+00	2.263657e+05	-1.714568e-01	2.980689e-01	0.000000e+00	-1.660199e+02	2.265317e+05
1.175720e+00	2.109974e+05	-1.718117e-01	2.983786e-01	0.000000e+00	0.000000e+00	2.109974e+05
1.176910e+00	2.343078e+05	-1.721669e-01	2.986940e-01	0.000000e+00	-1.806047e+02	2.344884e+05
1.178100e+00	2.400035e+05	-1.725226e-01	2.990299e-01	0.000000e+00	-6.597315e+02	2.406632e+05
1.179290e+00	2.252458e+05	-1.728786e-01	2.993593e-01	0.000000e+00	-8.074755e+02	2.260533e+05
1.180480e+00	2.031168e+05	-1.732350e-01	2.996627e-01	0.000000e+00	-1.417097e+03	2.045339e+05
1.181670e+00	2.449867e+05	-1.735918e-01	2.999800e-01	0.000000e+00	-7.396139e+02	2.457263e+05
1.182860e+00	2.184291e+05	-1.739490e-01	3.003082e-01	0.000000e+00	-3.971583e+02	2.188263e+05
1.184050e+00	2.147341e+05	-1.743065e-01	3.006149e-01	0.000000e+00	0.000000e+00	2.147341e+05
1.185240e+00	2.311181e+05	-1.746644e-01	3.009307e-01	0.000000e+00	0.000000e+00	2.311181e+05
1.186430e+00	2.299921e+05	-1.750227e-01	3.012572e-01	0.000000e+00	0.000000e+00	2.299921e+05
1.187620e+00	2.350495e+05	-1.753814e-01	3.015865e-01	0.000000e+00	0.000000e+00	2.350495e+05
1.188810e+00	2.340578e+05	-1.757405e-01	3.019187e-01	0.000000e+00	0.000000e+00	2.340578e+05
1.190000e+00	1.266278e+05	-1.761000e-01	3.021742e-01	0.000000e+00	0.000000e+00	1.266278e+05
