#x	rho	phi	ex	bz	rhok[0]	rhok[1]
0.000000e+00	-2.690152e+03	0.000000e+00	9.647267e-02	0.000000e+00	-3.084894e+03	3.947420e+02
1.190000e-03	-3.330452e+02	-1.148002e-04	9.647052e-02	0.000000e+00	-4.544488e+03	4.211443e+03
2.380000e-03	2.293693e+03	-2.295998e-04	9.647191e-02	0.000000e+00	-2.538652e+03	4.832345e+03
3.570000e-03	6.361209e+03	-3.444034e-04	9.647804e-02	0.000000e+00	-1.197407e+03	7.558616e+03
4.760000e-03	6.651630e+03	-4.592176e-04	9.648726e-02	0.000000e+00	-2.275584e+03	8.927213e+03
5.950000e-03	1.201723e+04	-5.740430e-04	9.650048e-02	0.000000e+00	-1.621309e+03	1.363854e+04
7.140000e-03	4.207565e+03	-6.888887e-04	9.651197e-02	0.000000e+00	-3.155049e+03	7.362614e+03
8.330000e-03	9.219915e+03	-8.037415e-04	9.652148e-02	0.000000e+00	-3.453299e+03	1.267321e+04
9.520000e-03	1.138601e+04	-9.186098e-04	9.653607e-02	0.000000e+00	-5.251656e+03	1.663767e+04
1.071000e-02	1.110071e+04	-1.033497e-03	9.655199e-02	0.000000e+00	-3.307541e+03	1.440825e+04
1.190000e-02	1.260754e+04	-1.148404e-03	9.656878e-02	0.000000e+00	-5.039313e+03	1.764685e+04
1.309000e-02	1.642334e+04	-1.263331e-03	9.658934e-02	0.000000e+00	-4.331036e+03	2.075437e+04
1.428000e-02	2.312539e+04	-1.378286e-03	9.661735e-02	0.000000e+00	-5.677008e+03	2.880240e+04
1.547000e-02	1.843808e+04	-1.493280e-03	9.664678e-02	0.000000e+00	-4.851901e+03	2.328999e+04
1.666000e-02	1.747775e+04	-1.608306e-03	9.667222e-02	0.000000e+00	-1.647279e+03	1.912503e+04
1.785000e-02	2.192285e+04	-1.723360e-03	9.670012e-02	0.000000e+00	-4.788018e+03	2.671087e+04
1.904000e-02	2.510230e+04	-1.838452e-03	9.673342e-02	0.000000e+00	-2.458444e+03	2.756075e+04
2.023000e-02	2.765965e+04	-1.953586e-03	9.677078e-02	0.000000e+00	-1.724656e+03	2.938430e+04
2.142000e-02	1.793178e+04	-2.068766e-03	9.680307e-02	0.000000e+00	-3.709735e+03	2.164152e+04
2.261000e-02	2.837013e+04	-2.183977e-03	9.683586e-02	0.000000e+00	-4.937421e+03	3.330755e+04
2.380000e-02	2.753229e+04	-2.299236e-03	9.687545e-02	0.000000e+00	-4.566532e+03	3.209882e+04
2.499000e-02	2.237229e+04	-2.414541e-03	9.691079e-02	0.000000e+00	-6.244805e+03	2.861710e+04
2.618000e-02	1.976658e+04	-2.529883e-03	9.694063e-02	0.000000e+00	-4.181024e+03	2.394760e+04
2.737000e-02	2.266615e+04	-2.645259e-03	9.697068e-02	0.000000e+00	-3.634338e+03	2.630049e+04
2.856000e-02	2.242282e+04	-2.760674e-03	9.700261e-02	0.000000e+00	-3.458766e+03	2.588159e+04
2.975000e-02	3.314515e+04	-2.876126e-03	9.704196e-02	0.000000e+00	-4.082015e+03	3.722716e+04
3.094000e-02	3.260585e+04	-2.991633e-03	9.708852e-02	0.000000e+00	-3.987384e+03	3.659323e+04
3.213000e-02	2.899360e+04	-3.107196e-03	9.713215e-02	0.000000e+00	-5.291220e+03	3.428482e+04
3.332000e-02	2.893452e+04	-3.222808e-03	9.717317e-02	0.000000e+00	-4.471718e+03	3.340624e+04
3.451000e-02	3.166958e+04	-3.338468e-03	9.721609e-02	0.000000e+00	-4.329906e+03	3.599948e+04
3.570000e-02	4.312405e+04	-3.454182e-03	9.726905e-02	0.000000e+00	-2.172883e+03	4.529693e+04
3.689000e-02	4.047541e+04	-3.569969e-03	9.732825e-02	0.000000e+00	-2.467238e+03	4.294265e+04
3.808000e-02	4.004893e+04	-3.685823e-03	9.738528e-02	0.000000e+00	-2.394915e+03	4.244385e+04
3.927000e-02	3.973583e+04	-3.801746e-03	9.744178e-02	0.000000e+00	-3.292998e+03	4.302883e+04
4.046000e-02	4.123269e+04	-3.917735e-03	9.749912e-02	0.000000e+00	-3.476186e+03	4.470888e+04
4.165000e-02	4.273039e+04	-4.033794e-03	9.755858e-02	0.000000e+00	-4.085646e+03	4.681603e+04
4.284000e-02	4.827387e+04	-4.149924e-03	9.762302e-02	0.000000e+00	-2.416413e+03	5.069028e+04
4.403000e-02	3.534694e+04	-4.266136e-03	9.768224e-02	0.000000e+00	-5.061863e+03	4.040880e+04
4.522000e-02	3.444265e+04	-4.382408e-03	9.773166e-02	0.000000e+00	-5.937723e+03	4.038037e+04
4.641000e-02	3.527456e+04	-4.498738e-03	9.778104e-02	0.000000e+00	-2.821920e+03	3.809648e+04
4.760000e-02	4.715779e+04	-4.615127e-03	9.783941e-02	0.000000e+00	-3.552537e+03	5.071033e+04
4.879000e-02	4.377314e+04	-4.731596e-03	9.790381e-02	0.000000e+00	-1.418457e+03	4.519160e+04
4.998000e-02	4.382398e+04	-4.848138e-03	9.796584e-02	0.000000e+00	-1.007720e+03	4.483170e+04
5.117000e-02	3.879788e+04	-4.964754e-03	9.802435e-02	0.000000e+00	-3.222440e+03	4.202032e+04
5.236000e-02	4.751713e+04	-5.081436e-03	9.808547e-02	0.000000e+00	-4.221779e+03	5.173891e+04
5.355000e-02	4.029233e+04	-5.198198e-03	9.814766e-02	0.000000e+00	-5.315513e+03	4.560785e+04
5.474000e-02	4.145009e+04	-5.315027e-03	9.820554e-02	0.000000e+00	-3.608257e+03	4.505835e+04
5.593000e-02	3.590126e+04	-5.431927e-03	9.826032e-02	0.000000e+00	-4.136524e+03	4.003779e+04
5.712000e-02	4.022955e+04	-5.548887e-03	9.831424e-02	0.000000e+00	-3.900880e+03	4.413043e+04
5.831000e-02	4.089527e+04	-5.665915e-03	9.837168e-02	0.000000e+00	-4.290786e+03	4.518606e+04
5.950000e-02	3.843211e+04	-5.783012e-03	9.842786e-02	0.000000e+00	-7.001274e+03	4.543338e+04
6.069000e-02	5.086004e+04	-5.900173e-03	9.849110e-02	0.000000e+00	-3.705754e+03	5.456579e+04
6.188000e-02	4.833724e+04	-6.017420e-03	9.856134e-02	0.000000e+00	-4.727450e+03	5.306469e+04
6.307000e-02	4.678842e+04	-6.134749e-03	9.862871e-02	0.000000e+00	-2.181445e+03	4.896987e+04
6.426000e-02	5.471550e+04	-6.252157e-03	9.870059e-02	0.000000e+00	-3.129063e+03	5.784457e+04
6.545000e-02	4.564640e+04	-6.369656e-03	9.877166e-02	0.000000e+00	-4.133707e+03	4.978010e+04
6.664000e-02	5.220835e+04	-6.487233e-03	9.884096e-02	0.000000e+00	-2.139433e+03	5.434778e+04
6.783000e-02	5.231304e+04	-6.604898e-03	9.891498e-02	0.000000e+00	-3.631440e+03	5.594448e+04
6.902000e-02	5.245733e+04	-6.722651e-03	9.898917e-02	0.000000e+00	-3.816477e+03	5.627380e+04
7.021000e-02	5.065587e+04	-6.840492e-03	9.906219e-02	0.000000e+00	-4.005539e+03	5.466141e+04
7.140000e-02	5.378212e+04	-6.958419e-03	9.913615e-02	0.000000e+00	-3.996785e+03	5.777891e+04
7.259000e-02	5.473730e+04	-7.076436e-03	9.921300e-02	0.000000e+00	-3.925632e+03	5.866293e+04
7.378000e-02	6.334054e+04	-7.194546e-03	9.929662e-02	0.000000e+00	-4.141200e+03	6.748174e+04
7.497000e-02	6.333904e+04	-7.312762e-03	9.938633e-02	0.000000e+00	-3.761305e+03	6.710034e+04
7.616000e-02	5.702789e+04	-7.431085e-03	9.947157e-02	0.000000e+00	-3.402871e+03	6.043076e+04
7.735000e-02	5.394929e+04	-7.549504e-03	9.955016e-02	0.000000e+00	-3.962278e+03	5.791157e+04
7.854000e-02	6.193145e+04	-7.668015e-03	9.963222e-02	0.000000e+00	-4.256227e+03	6.618768e+04
7.973000e-02	6.020896e+04	-7.786629e-03	9.971872e-02	0.000000e+00	-2.350839e+03	6.255980e+04
8.092000e-02	5.581156e+04	-7.905345e-03	9.980088e-02	0.000000e+00	-3.440370e+03	5.925193e+04
8.211000e-02	6.340220e+04	-8.024155e-03	9.988530e-02	0.000000e+00	-4.237535e+03	6.763973e+04
8.330000e-02	5.737706e+04	-8.143072e-03	9.997084e-02	0.000000e+00	-6.081272e+03	6.345833e+04
8.449000e-02	6.182546e+04	-8.262086e-03	1.000553e-01	0.000000e+00	-4.328218e+03	6.615368e+04
8.568000e-02	6.140903e+04	-8.381204e-03	1.001425e-01	0.000000e+00	-2.272570e+03	6.368160e+04
8.687000e-02	5.661805e+04	-8.500425e-03	1.002261e-01	0.000000e+00	-3.692042e+03	6.031009e+04
8.806000e-02	6.247426e+04	-8.619742e-03	1.003104e-01	0.000000e+00	-2.345322e+03	6.481958e+04
8.925000e-02	6.427125e+04	-8.739164e-03	1.004002e-01	0.000000e+00	-3.931406e+03	6.820266e+04
9.044000e-02	6.274365e+04	-8.858694e-03	1.004901e-01	0.000000e+00	-5.431225e+03	6.817488e+04
9.163000e-02	6.081020e+04	-8.978330e-03	1.005776e-01	0.000000e+00	-5.246446e+03	6.605665e+04
9.282000e-02	5.703106e+04	-9.098069e-03	1.006611e-01	0.000000e+00	-6.728322e+03	6.375938e+04
9.401000e-02	5.913574e+04	-9.217904e-03	1.007434e-01	0.000000e+00	-3.033228e+03	6.216896e+04
9.520000e-02	6.653154e+04	-9.337838e-03	1.008324e-01	0.000000e+00	-2.370679e+03	6.890222e+04
9.639000e-02	7.029142e+04	-9.457885e-03	1.009292e-01	0.000000e+00	-3.461243e+03	7.375266e+04
9.758000e-02	7.114021e+04	-9.578050e-03	1.010294e-01	0.000000e+00	-2.734345e+03	7.387456e+04
9.877000e-02	6.577574e+04	-9.698335e-03	1.011264e-01	0.000000e+00	-2.317150e+03	6.809289e+04
9.996000e-02	6.239383e+04	-9.818731e-03	1.012171e-01	0.000000e+00	-2.868349e+03	6.526218e+04
1.011500e-01	5.990418e+04	-9.939232e-03	1.013037e-01	0.000000e+00	-5.020298e+03	6.492448e+04
1.023400e-01	6.446376e+04	-1.005983e-02	1.013918e-01	0.000000e+00	-3.029421e+03	6.749318e+04
1.035300e-01	6.811354e+04	-1.018054e-02	1.014857e-01	0.000000e+00	-2.012637e+03	7.012617e+04
1.047200e-01	6.513693e+04	-1.030137e-02	1.015801e-01	0.000000e+00	-5.788818e+03	7.092575e+04
1.059100e-01	5.737434e+04	-1.042230e-02	1.016668e-01	0.000000e+00	-7.616767e+03	6.499111e+04
1.071000e-01	7.025094e+04	-1.054334e-02	1.017572e-01	0.000000e+00	-5.604006e+03	7.585495e+04
1.082900e-01	6.822188e+04	-1.066449e-02	1.018553e-01	0.000000e+00	-5.611897e+03	7.383378e+04
1.094800e-01	5.724901e+04	-1.078575e-02	1.019441e-01	0.000000e+00	-4.118292e+03	6.136730e+04
1.106700e-01	6.558553e+04	-1.090711e-02	1.020311e-01	0.000000e+00	-3.022120e+03	6.860765e+04
1.118600e-01	5.901583e+04	-1.102859e-02	1.021193e-01	0.000000e+00	-6.189385e+03	6.520521e+04
1.130500e-01	7.071243e+04	-1.115016e-02	1.022112e-01	0.000000e+00	-2.033901e+03	7.274633e+04
1.142400e-01	5.599079e+04	-1.127185e-02	1.023009e-01	0.000000e+00	-4.518167e+03	6.050896e+04
1.154300e-01	7.114606e+04	-1.139363e-02	1.023910e-01	0.000000e+00	-4.928552e+03	7.607461e+04
1.166200e-01	8.587468e+04	-1.151554e-02	1.025022e-01	0.000000e+00	-4.056758e+03	8.993144e+04
1.178100e-01	7.557246e+04	-1.163759e-02	1.026165e-01	0.000000e+00	-3.710988e+03	7.928345e+04
1.190000e-01	5.976847e+04	-1.175977e-02	1.027123e-01	0.000000e+00	-2.457170e+03	6.222564e+04
1.201900e-01	6.506599e+04	-1.188204e-02	1.028007e-01	0.000000e+00	-3.283232e+03	6.834923e+04
1.213800e-01	7.321352e+04	-1.200443e-02	1.028987e-01	0.000000e+00	-4.653639e+03	7.786716e+04
1.225700e-01	6.742532e+04	-1.212694e-02	1.029983e-01	0.000000e+00	-3.480349e+03	7.090567e+04
1.237600e-01	8.542619e+04	-1.224957e-02	1.031065e-01	0.000000e+00	-4.596729e+03	9.002292e+04
1.249500e-01	6.834713e+04	-1.237234e-02	1.032154e-01	0.000000e+00	-4.805972e+03	7.315310e+04
1.261400e-01	6.755666e+04	-1.249522e-02	1.033116e-01	0.000000e+00	-4.149004e+03	7.170566e+04
1.273300e-01	7.191489e+04	-1.261822e-02	1.034104e-01	0.000000e+00	-6.653839e+03	7.856873e+04
1.285200e-01	6.160238e+04	-1.274134e-02	1.035050e-01	0.000000e+00	-3.219672e+03	6.482205e+04
1.297100e-01	7.214429e+04	-1.286456e-02	1.035997e-01	0.000000e+00	-3.050103e+03	7.519439e+04
1.309000e-01	7.511915e+04	-1.298790e-02	1.037040e-01	0.000000e+00	-3.908688e+03	7.902784e+04
1.320900e-01	7.597537e+04	-1.311138e-02	1.038110e-01	0.000000e+00	-4.076064e+03	8.005144e+04
1.332800e-01	7.368421e+04	-1.323497e-02	1.039169e-01	0.000000e+00	-3.941677e+03	7.762589e+04
1.344700e-01	6.918640e+04	-1.335870e-02	1.040181e-01	0.000000e+00	-3.146951e+03	7.233335e+04
1.356600e-01	8.106588e+04	-1.348254e-02	1.041245e-01	0.000000e+00	-3.041534e+03	8.410742e+04
1.368500e-01	6.872368e+04	-1.360651e-02	1.042306e-01	0.000000e+00	-2.537335e+03	7.126102e+04
1.380400e-01	7.836877e+04	-1.373061e-02	1.043348e-01	0.000000e+00	-2.294703e+03	8.066348e+04
1.392300e-01	8.556896e+04	-1.385483e-02	1.044509e-01	0.000000e+00	-5.614251e+03	9.118322e+04
1.404200e-01	7.378532e+04	-1.397920e-02	1.045637e-01	0.000000e+00	-5.078873e+03	7.886420e+04
1.416100e-01	7.250947e+04	-1.410369e-02	1.046673e-01	0.000000e+00	-6.061893e+03	7.857136e+04
1.428000e-01	7.540982e+04	-1.422831e-02	1.047721e-01	0.000000e+00	-5.051129e+03	8.046095e+04
1.439900e-01	7.762177e+04	-1.435305e-02	1.048804e-01	0.000000e+00	-6.955622e+03	8.457739e+04
1.451800e-01	7.076703e+04	-1.447792e-02	1.049855e-01	0.000000e+00	-4.927475e+03	7.569451e+04
1.463700e-01	6.994685e+04	-1.460292e-02	1.050852e-01	0.000000e+00	-6.087932e+03	7.603479e+04
1.475600e-01	6.971911e+04	-1.472803e-02	1.051841e-01	0.000000e+00	-4.256264e+03	7.397538e+04
1.487500e-01	7.234635e+04	-1.485325e-02	1.052847e-01	0.000000e+00	-3.713602e+03	7.605996e+04
1.499400e-01	8.849352e+04	-1.497860e-02	1.053986e-01	0.000000e+00	-2.791480e+03	9.128500e+04
1.511300e-01	8.782605e+04	-1.510410e-02	1.055234e-01	0.000000e+00	-1.668854e+03	8.949490e+04
1.523200e-01	8.085896e+04	-1.522975e-02	1.056429e-01	0.000000e+00	-3.663385e+03	8.452234e+04
1.535100e-01	8.545760e+04	-1.535553e-02	1.057607e-01	0.000000e+00	-6.263943e+03	9.172155e+04
1.547000e-01	7.828586e+04	-1.548146e-02	1.058766e-01	0.000000e+00	-4.878355e+03	8.316421e+04
1.558900e-01	7.572246e+04	-1.560752e-02	1.059857e-01	0.000000e+00	-5.876239e+03	8.159870e+04
1.570800e-01	7.177619e+04	-1.573371e-02	1.060902e-01	0.000000e+00	-5.507657e+03	7.728385e+04
1.582700e-01	7.031822e+04	-1.586001e-02	1.061908e-01	0.000000e+00	-3.286828e+03	7.360505e+04
1.594600e-01	7.828159e+04	-1.598644e-02	1.062960e-01	0.000000e+00	-3.520691e+03	8.180228e+04
1.606500e-01	7.297873e+04	-1.611300e-02	1.064031e-01	0.000000e+00	-7.527021e+03	8.050575e+04
1.618400e-01	7.406014e+04	-1.623968e-02	1.065073e-01	0.000000e+00	-4.144042e+03	7.820419e+04
1.630300e-01	8.230996e+04	-1.636649e-02	1.066180e-01	0.000000e+00	-4.092255e+03	8.640222e+04
1.642200e-01	6.941785e+04	-1.649343e-02	1.067254e-01	0.000000e+00	-3.342422e+03	7.276027e+04
1.654100e-01	6.459280e+04	-1.662049e-02	1.068203e-01	0.000000e+00	-5.412052e+03	7.000485e+04
1.666000e-01	7.455516e+04	-1.674766e-02	1.069189e-01	0.000000e+00	-5.961707e+03	8.051687e+04
1.677900e-01	8.225207e+04	-1.687496e-02	1.070299e-01	0.000000e+00	-2.685550e+03	8.493762e+04
1.689800e-01	7.187887e+04	-1.700239e-02	1.071391e-01	0.000000e+00	-4.049933e+03	7.592880e+04
1.701700e-01	7.762251e+04	-1.712995e-02	1.072450e-01	0.000000e+00	-3.016934e+03	8.063945e+04
1.713600e-01	7.738897e+04	-1.725764e-02	1.073547e-01	0.000000e+00	-1.100895e+03	7.848987e+04
1.725500e-01	8.145116e+04	-1.738545e-02	1.074672e-01	0.000000e+00	-2.040318e+03	8.349147e+04
1.737400e-01	7.605480e+04	-1.751341e-02	1.075787e-01	0.000000e+00	-3.709635e+03	7.976444e+04
1.749300e-01	7.942684e+04	-1.764149e-02	1.076889e-01	0.000000e+00	-2.752714e+03	8.217955e+04
1.761200e-01	8.001036e+04	-1.776971e-02	1.078018e-01	0.000000e+00	-3.641644e+03	8.365201e+04
1.773100e-01	8.294152e+04	-1.789806e-02	1.079172e-01	0.000000e+00	-2.737434e+03	8.567896e+04
1.785000e-01	6.959298e+04	-1.802655e-02	1.080252e-01	0.000000e+00	-5.690070e+03	7.528305e+04
1.796900e-01	7.016436e+04	-1.815516e-02	1.081242e-01	0.000000e+00	-3.705971e+03	7.387033e+04
1.808800e-01	8.431707e+04	-1.828389e-02	1.082336e-01	0.000000e+00	-2.636709e+03	8.695377e+04
1.820700e-01	8.869509e+04	-1.841276e-02	1.083561e-01	0.000000e+00	-2.265948e+03	9.096104e+04
1.832600e-01	8.041970e+04	-1.854177e-02	1.084758e-01	0.000000e+00	-3.648993e+03	8.406870e+04
1.844500e-01	7.830926e+04	-1.867093e-02	1.085882e-01	0.000000e+00	-3.671484e+03	8.198075e+04
1.856400e-01	7.216910e+04	-1.880021e-02	1.086948e-01	0.000000e+00	-2.400582e+03	7.456968e+04
1.868300e-01	6.809497e+04	-1.892962e-02	1.087941e-01	0.000000e+00	-3.730676e+03	7.182565e+04
1.880200e-01	7.632484e+04	-1.905914e-02	1.088964e-01	0.000000e+00	-2.382729e+03	7.870757e+04
1.892100e-01	7.804450e+04	-1.918880e-02	1.090057e-01	0.000000e+00	-2.779009e+03	8.082351e+04
1.904000e-01	8.067169e+04	-1.931858e-02	1.091181e-01	0.000000e+00	-5.200451e+03	8.587214e+04
1.915900e-01	8.483800e+04	-1.944850e-02	1.092353e-01	0.000000e+00	-3.140764e+03	8.797876e+04
1.927800e-01	8.192833e+04	-1.957856e-02	1.093534e-01	0.000000e+00	-3.031628e+03	8.495996e+04
1.939700e-01	8.365508e+04	-1.970876e-02	1.094707e-01	0.000000e+00	-2.645285e+03	8.630037e+04
1.951600e-01	8.512883e+04	-1.983910e-02	1.095902e-01	0.000000e+00	-1.326581e+03	8.645541e+04
1.963500e-01	8.078994e+04	-1.996958e-02	1.097077e-01	0.000000e+00	-2.519541e+03	8.330948e+04
1.975400e-01	7.277958e+04	-2.010020e-02	1.098165e-01	0.000000e+00	-4.557409e+03	7.733699e+04
1.987300e-01	7.568092e+04	-2.023095e-02	1.099216e-01	0.000000e+00	-4.108184e+03	7.978910e+04
1.999200e-01	8.229502e+04	-2.036182e-02	1.100335e-01	0.000000e+00	-4.792721e+03	8.708774e+04
2.011100e-01	9.335497e+04	-2.049282e-02	1.101579e-01	0.000000e+00	-5.772341e+03	9.912731e+04
2.023000e-01	7.677356e+04	-2.062399e-02	1.102783e-01	0.000000e+00	-4.618051e+03	8.139161e+04
2.034900e-01	8.253900e+04	-2.075529e-02	1.103912e-01	0.000000e+00	-3.303449e+03	8.584245e+04
2.046800e-01	7.702607e+04	-2.088672e-02	1.105042e-01	0.000000e+00	-4.753621e+03	8.177969e+04
2.058700e-01	7.077176e+04	-2.101829e-02	1.106088e-01	0.000000e+00	-5.842486e+03	7.661424e+04
2.070600e-01	6.429881e+04	-2.114997e-02	1.107045e-01	0.000000e+00	-2.950187e+03	6.724900e+04
2.082500e-01	8.227761e+04	-2.128176e-02	1.108083e-01	0.000000e+00	-3.158168e+03	8.543578e+04
2.094400e-01	7.298682e+04	-2.141370e-02	1.109182e-01	0.000000e+00	-4.359789e+03	7.734661e+04
2.106300e-01	7.394453e+04	-2.154575e-02	1.110223e-01	0.000000e+00	-2.690706e+03	7.663523e+04
2.118200e-01	7.444503e+04	-2.167793e-02	1.111274e-01	0.000000e+00	-2.881233e+03	7.732627e+04
2.130100e-01	8.269756e+04	-2.181023e-02	1.112386e-01	0.000000e+00	-3.968833e+03	8.666640e+04
2.142000e-01	7.620219e+04	-2.194268e-02	1.113512e-01	0.000000e+00	-4.056916e+03	8.025911e+04
2.153900e-01	7.871600e+04	-2.207525e-02	1.114609e-01	0.000000e+00	-5.161557e+03	8.387756e+04
2.165800e-01	8.111531e+04	-2.220795e-02	1.115741e-01	0.000000e+00	-6.568266e+03	8.768357e+04
2.177700e-01	7.900674e+04	-2.234079e-02	1.116875e-01	0.000000e+00	-5.848997e+03	8.485574e+04
2.189600e-01	8.258220e+04	-2.247377e-02	1.118019e-01	0.000000e+00	-2.387851e+03	8.497005e+04
2.201500e-01	8.063602e+04	-2.260688e-02	1.119175e-01	0.000000e+00	-1.933314e+03	8.256934e+04
2.213400e-01	7.891930e+04	-2.274013e-02	1.120305e-01	0.000000e+00	-5.482133e+03	8.440143e+04
2.225300e-01	7.892449e+04	-2.287352e-02	1.121422e-01	0.000000e+00	-2.857389e+03	8.178188e+04
2.237200e-01	8.095633e+04	-2.300703e-02	1.122555e-01	0.000000e+00	-2.143092e+03	8.309942e+04
2.249100e-01	7.333619e+04	-2.314068e-02	1.123647e-01	0.000000e+00	-3.681078e+03	7.701726e+04
2.261000e-01	8.135197e+04	-2.327446e-02	1.124743e-01	0.000000e+00	-4.589494e+03	8.594146e+04
2.272900e-01	8.117129e+04	-2.340837e-02	1.125894e-01	0.000000e+00	-3.329096e+03	8.450039e+04
2.284800e-01	7.166799e+04	-2.354242e-02	1.126976e-01	0.000000e+00	-6.610437e+03	7.827842e+04
2.296700e-01	8.506071e+04	-2.367659e-02	1.128086e-01	0.000000e+00	-3.806780e+03	8.886749e+04
2.308600e-01	8.330865e+04	-2.381091e-02	1.129278e-01	0.000000e+00	-3.013256e+03	8.632190e+04
2.320500e-01	8.787216e+04	-2.394536e-02	1.130491e-01	0.000000e+00	-4.909529e+03	9.278169e+04
2.332400e-01	7.430870e+04	-2.407996e-02	1.131639e-01	0.000000e+00	-5.351616e+03	7.966031e+04
2.344300e-01	8.925637e+04	-2.421469e-02	1.132797e-01	0.000000e+00	-2.986226e+03	9.224260e+04
2.356200e-01	8.899236e+04	-2.434957e-02	1.134060e-01	0.000000e+00	-3.151148e+03	9.214351e+04
2.368100e-01	8.542622e+04	-2.448460e-02	1.135295e-01	0.000000e+00	-1.509036e+03	8.693526e+04
2.380000e-01	7.026823e+04	-2.461977e-02	1.136397e-01	0.000000e+00	-3.788131e+03	7.405636e+04
2.391900e-01	8.825372e+04	-2.475506e-02	1.137520e-01	0.000000e+00	-2.495224e+03	9.074894e+04
2.403800e-01	8.525718e+04	-2.489050e-02	1.138749e-01	0.000000e+00	-1.143137e+03	8.640032e+04
2.415700e-01	8.641366e+04	-2.502608e-02	1.139964e-01	0.000000e+00	-3.942565e+03	9.035622e+04
2.427600e-01	8.799335e+04	-2.516181e-02	1.141200e-01	0.000000e+00	-4.331299e+03	9.232465e+04
2.439500e-01	7.966059e+04	-2.529769e-02	1.142387e-01	0.000000e+00	-2.667506e+03	8.232809e+04
2.451400e-01	8.134484e+04	-2.543370e-02	1.143527e-01	0.000000e+00	-2.127722e+03	8.347256e+04
2.463300e-01	7.605842e+04	-2.556985e-02	1.144642e-01	0.000000e+00	-2.812477e+03	7.887090e+04
2.475200e-01	7.010636e+04	-2.570612e-02	1.145677e-01	0.000000e+00	-3.353540e+03	7.345990e+04
2.487100e-01	7.290366e+04	-2.584252e-02	1.146690e-01	0.000000e+00	-3.183735e+03	7.608740e+04
2.499000e-01	7.743103e+04	-2.597904e-02	1.147754e-01	0.000000e+00	-4.705090e+03	8.213612e+04
2.510900e-01	7.017452e+04	-2.611568e-02	1.148799e-01	0.000000e+00	-3.414978e+03	7.358950e+04
2.522800e-01	7.956542e+04	-2.625245e-02	1.149860e-01	0.000000e+00	-2.708375e+03	8.227379e+04
2.534700e-01	8.796290e+04	-2.638935e-02	1.151046e-01	0.000000e+00	-2.342125e+03	9.030502e+04
2.546600e-01	8.493095e+04	-2.652640e-02	1.152271e-01	0.000000e+00	-3.380090e+03	8.831104e+04
2.558500e-01	8.330225e+04	-2.666359e-02	1.153462e-01	0.000000e+00	-5.597556e+03	8.889981e+04
2.570400e-01	7.782987e+04	-2.680092e-02	1.154603e-01	0.000000e+00	-5.003734e+03	8.283360e+04
2.582300e-01	8.491309e+04	-2.693839e-02	1.155756e-01	0.000000e+00	-3.803020e+03	8.871611e+04
2.594200e-01	8.281582e+04	-2.707599e-02	1.156943e-01	0.000000e+00	-3.497788e+03	8.631361e+04
2.606100e-01	9.105283e+04	-2.721374e-02	1.158175e-01	0.000000e+00	-3.773426e+03	9.482626e+04
2.618000e-01	7.677961e+04	-2.735164e-02	1.159363e-01	0.000000e+00	-2.679368e+03	7.945898e+04
2.629900e-01	8.430956e+04	-2.748967e-02	1.160504e-01	0.000000e+00	-1.799833e+03	8.610940e+04
2.641800e-01	9.000519e+04	-2.762784e-02	1.161738e-01	0.000000e+00	-2.134182e+03	9.213937e+04
2.653700e-01	8.857903e+04	-2.776616e-02	1.163003e-01	0.000000e+00	-2.720194e+03	9.129922e+04
2.665600e-01	8.473517e+04	-2.790463e-02	1.164230e-01	0.000000e+00	-4.244016e+03	8.897919e+04
2.677500e-01	7.901793e+04	-2.804325e-02	1.165390e-01	0.000000e+00	-6.787877e+03	8.580580e+04
2.689400e-01	7.245104e+04	-2.818200e-02	1.166463e-01	0.000000e+00	-5.866428e+03	7.831747e+04
2.701300e-01	8.301344e+04	-2.832087e-02	1.167564e-01	0.000000e+00	-2.626874e+03	8.564032e+04
2.713200e-01	7.185241e+04	-2.845988e-02	1.168660e-01	0.000000e+00	-4.519563e+03	7.637198e+04
2.725100e-01	8.178259e+04	-2.859901e-02	1.169748e-01	0.000000e+00	-1.793049e+03	8.357564e+04
2.737000e-01	7.993206e+04	-2.873828e-02	1.170893e-01	0.000000e+00	-2.196423e+03	8.212849e+04
2.748900e-01	7.118944e+04	-2.887768e-02	1.171964e-01	0.000000e+00	-2.767105e+03	7.395654e+04
2.760800e-01	7.030140e+04	-2.901720e-02	1.172966e-01	0.000000e+00	-4.718451e+03	7.501986e+04
2.772700e-01	6.767571e+04	-2.915685e-02	1.173943e-01	0.000000e+00	-4.837711e+03	7.251342e+04
2.784600e-01	7.273695e+04	-2.929660e-02	1.174937e-01	0.000000e+00	-2.474948e+03	7.521190e+04
2.796500e-01	8.103910e+04	-2.943648e-02	1.176026e-01	0.000000e+00	-4.154176e+03	8.519327e+04
2.808400e-01	7.917108e+04	-2.957650e-02	1.177161e-01	0.000000e+00	-3.110630e+03	8.228171e+04
2.820300e-01	7.747824e+04	-2.971664e-02	1.178270e-01	0.000000e+00	-4.002009e+03	8.148025e+04
2.832200e-01	6.992908e+04	-2.985692e-02	1.179314e-01	0.000000e+00	-4.305607e+03	7.423469e+04
2.844100e-01	7.378403e+04	-2.999732e-02	1.180332e-01	0.000000e+00	-4.339524e+03	7.812355e+04
2.856000e-01	6.645468e+04	-3.013784e-02	1.181325e-01	0.000000e+00	-4.172062e+03	7.062674e+04
2.867900e-01	7.082210e+04	-3.027848e-02	1.182297e-01	0.000000e+00	-4.223599e+03	7.504570e+04
2.879800e-01	6.545091e+04	-3.041923e-02	1.183262e-01	0.000000e+00	-5.325662e+03	7.077657e+04
2.891700e-01	6.595675e+04	-3.056009e-02	1.184193e-01	0.000000e+00	-5.191484e+03	7.114824e+04
2.903600e-01	7.368434e+04	-3.070107e-02	1.185181e-01	0.000000e+00	-6.360936e+03	8.004527e+04
2.915500e-01	7.413520e+04	-3.084217e-02	1.186228e-01	0.000000e+00	-3.932093e+03	7.806729e+04
2.927400e-01	7.723687e+04	-3.098339e-02	1.187300e-01	0.000000e+00	-4.568654e+03	8.180552e+04
2.939300e-01	6.886604e+04	-3.112474e-02	1.188335e-01	0.000000e+00	-4.509064e+03	7.337511e+04
2.951200e-01	8.383409e+04	-3.126621e-02	1.189416e-01	0.000000e+00	-1.986700e+03	8.582079e+04
2.963100e-01	7.804679e+04	-3.140782e-02	1.190563e-01	0.000000e+00	-3.751408e+03	8.179820e+04
2.975000e-01	8.839357e+04	-3.154957e-02	1.191741e-01	0.000000e+00	-5.630067e+03	9.402364e+04
2.986900e-01	9.704907e+04	-3.169146e-02	1.193054e-01	0.000000e+00	-1.540770e+03	9.858984e+04
2.998800e-01	7.895970e+04	-3.183351e-02	1.194301e-01	0.000000e+00	-3.385899e+03	8.234560e+04
3.010700e-01	7.632973e+04	-3.197570e-02	1.195401e-01	0.000000e+00	-3.670711e+03	8.000044e+04
3.022600e-01	8.880055e+04	-3.211802e-02	1.196570e-01	0.000000e+00	-2.648103e+03	9.144865e+04
3.034500e-01	8.167607e+04	-3.226049e-02	1.197777e-01	0.000000e+00	-4.253819e+03	8.592989e+04
3.046400e-01	7.304338e+04	-3.240309e-02	1.198873e-01	0.000000e+00	-5.266258e+03	7.830964e+04
3.058300e-01	7.922741e+04	-3.254582e-02	1.199951e-01	0.000000e+00	-3.290513e+03	8.251792e+04
3.070200e-01	7.518198e+04	-3.268868e-02	1.201045e-01	0.000000e+00	-2.838797e+03	7.802078e+04
3.082100e-01	8.295899e+04	-3.283167e-02	1.202165e-01	0.000000e+00	-3.805559e+03	8.676455e+04
3.094000e-01	8.083359e+04	-3.297479e-02	1.203325e-01	0.000000e+00	-5.996404e+03	8.683000e+04
3.105900e-01	8.120195e+04	-3.311806e-02	1.204472e-01	0.000000e+00	-2.909608e+03	8.411156e+04
3.117800e-01	7.820884e+04	-3.326146e-02	1.205601e-01	0.000000e+00	-3.977892e+03	8.218673e+04
3.129700e-01	8.597273e+04	-3.340499e-02	1.206764e-01	0.000000e+00	-2.073023e+03	8.804575e+04
3.141600e-01	7.175823e+04	-3.354867e-02	1.207881e-01	0.000000e+00	-4.798869e+03	7.655710e+04
3.153500e-01	9.080074e+04	-3.369247e-02	1.209032e-01	0.000000e+00	-3.517178e+03	9.431791e+04
3.165400e-01	7.813698e+04	-3.383642e-02	1.210228e-01	0.000000e+00	-3.000876e+03	8.113785e+04
3.177300e-01	7.830803e+04	-3.398050e-02	1.211336e-01	0.000000e+00	-5.915575e+02	7.889959e+04
3.189200e-01	6.989918e+04	-3.412472e-02	1.212386e-01	0.000000e+00	-2.149648e+03	7.204883e+04
3.201100e-01	7.930076e+04	-3.426905e-02	1.213442e-01	0.000000e+00	-3.016992e+03	8.231775e+04
3.213000e-01	7.676146e+04	-3.441352e-02	1.214547e-01	0.000000e+00	-4.766098e+03	8.152756e+04
3.224900e-01	7.985305e+04	-3.455811e-02	1.215656e-01	0.000000e+00	-3.999335e+03	8.385238e+04
3.236800e-01	9.143783e+04	-3.470284e-02	1.216869e-01	0.000000e+00	-3.332961e+03	9.477079e+04
3.248700e-01	8.642638e+04	-3.484773e-02	1.218129e-01	0.000000e+00	-2.876894e+03	8.930327e+04
3.260600e-01	8.435306e+04	-3.499276e-02	1.219338e-01	0.000000e+00	-2.053975e+03	8.640704e+04
3.272500e-01	8.070059e+04	-3.513793e-02	1.220507e-01	0.000000e+00	-2.474751e+03	8.317534e+04
3.284400e-01	7.741567e+04	-3.528324e-02	1.221627e-01	0.000000e+00	-8.091078e+02	7.822477e+04
3.296300e-01	7.914175e+04	-3.542868e-02	1.222736e-01	0.000000e+00	-3.946450e+03	8.308820e+04
3.308200e-01	8.238902e+04	-3.557425e-02	1.223880e-01	0.000000e+00	-3.534948e+03	8.592397e+04
3.320100e-01	7.762850e+04	-3.571996e-02	1.225013e-01	0.000000e+00	-1.607326e+03	7.923583e+04
3.332000e-01	7.878248e+04	-3.586580e-02	1.226120e-01	0.000000e+00	-2.011832e+03	8.079432e+04
3.343900e-01	8.931014e+04	-3.601178e-02	1.227311e-01	0.000000e+00	-8.287098e+02	9.013885e+04
3.355800e-01	8.374047e+04	-3.615790e-02	1.228536e-01	0.000000e+00	-1.516375e+03	8.525685e+04
3.367700e-01	6.784460e+04	-3.630417e-02	1.229610e-01	0.000000e+00	-2.765016e+03	7.060962e+04
3.379600e-01	7.929750e+04	-3.645055e-02	1.230652e-01	0.000000e+00	-1.137108e+03	8.043461e+04
3.391500e-01	8.282777e+04	-3.659706e-02	1.231800e-01	0.000000e+00	-4.118404e+03	8.694618e+04
3.403400e-01	8.110680e+04	-3.674372e-02	1.232961e-01	0.000000e+00	-2.970784e+03	8.407758e+04
3.415300e-01	8.126453e+04	-3.689051e-02	1.234111e-01	0.000000e+00	-1.399882e+03	8.266441e+04
3.427200e-01	8.510003e+04	-3.703743e-02	1.235289e-01	0.000000e+00	-3.794416e+03	8.889445e+04
3.439100e-01	7.761542e+04	-3.718451e-02	1.236441e-01	0.000000e+00	-2.758822e+03	8.037424e+04
3.451000e-01	8.341534e+04	-3.733171e-02	1.237581e-01	0.000000e+00	-4.012238e+03	8.742757e+04
3.462900e-01	7.170450e+04	-3.747905e-02	1.238680e-01	0.000000e+00	-5.271977e+03	7.697648e+04
3.474800e-01	7.236028e+04	-3.762651e-02	1.239700e-01	0.000000e+00	-1.881603e+03	7.424188e+04
3.486700e-01	7.195214e+04	-3.777410e-02	1.240722e-01	0.000000e+00	-2.075644e+03	7.402778e+04
3.498600e-01	7.962696e+04	-3.792181e-02	1.241796e-01	0.000000e+00	-4.300043e+03	8.392700e+04
3.510500e-01	8.400992e+04	-3.806965e-02	1.242954e-01	0.000000e+00	-1.722614e+03	8.573253e+04
3.522400e-01	8.804819e+04	-3.821763e-02	1.244173e-01	0.000000e+00	-3.252862e+03	9.130105e+04
3.534300e-01	7.678440e+04	-3.836576e-02	1.245340e-01	0.000000e+00	-2.441796e+03	7.922619e+04
3.546200e-01	8.065695e+04	-3.851402e-02	1.246455e-01	0.000000e+00	-3.195108e+03	8.385206e+04
3.558100e-01	7.636366e+04	-3.866242e-02	1.247567e-01	0.000000e+00	-5.308993e+02	7.689456e+04
3.570000e-01	8.123624e+04	-3.881094e-02	1.248683e-01	0.000000e+00	-3.203981e+03	8.444022e+04
3.581900e-01	7.290240e+04	-3.895960e-02	1.249775e-01	0.000000e+00	-6.915822e+03	7.981822e+04
3.593800e-01	8.004136e+04	-3.910839e-02	1.250858e-01	0.000000e+00	-2.184724e+03	8.222608e+04
3.605700e-01	8.486736e+04	-3.925731e-02	1.252026e-01	0.000000e+00	-3.461259e+03	8.832862e+04
3.617600e-01	7.021304e+04	-3.940637e-02	1.253124e-01	0.000000e+00	-4.650623e+03	7.486366e+04
3.629500e-01	6.919368e+04	-3.955555e-02	1.254111e-01	0.000000e+00	-2.368306e+03	7.156199e+04
3.641400e-01	6.415060e+04	-3.970485e-02	1.255055e-01	0.000000e+00	-4.674110e+03	6.882470e+04
3.653300e-01	7.127364e+04	-3.985425e-02	1.256014e-01	0.000000e+00	-3.347364e+03	7.462101e+04
3.665200e-01	6.003769e+04	-4.000378e-02	1.256944e-01	0.000000e+00	-3.563705e+03	6.360139e+04
3.677100e-01	7.616981e+04	-4.015341e-02	1.257909e-01	0.000000e+00	-3.892699e+03	8.006251e+04
3.689000e-01	7.461458e+04	-4.030316e-02	1.258977e-01	0.000000e+00	-3.358864e+03	7.797345e+04
3.700900e-01	8.834162e+04	-4.045304e-02	1.260131e-01	0.000000e+00	-1.664481e+03	9.000611e+04
3.712800e-01	8.034899e+04	-4.060307e-02	1.261325e-01	0.000000e+00	-1.797490e+03	8.214648e+04
3.724700e-01	6.513148e+04	-4.075324e-02	1.262355e-01	0.000000e+00	-4.873586e+03	7.000506e+04
3.736600e-01	7.793744e+04	-4.090351e-02	1.263369e-01	0.000000e+00	-2.624056e+03	8.056149e+04
3.748500e-01	8.177796e+04	-4.105392e-02	1.264500e-01	0.000000e+00	-2.831565e+03	8.460952e+04
3.760400e-01	8.305424e+04	-4.120446e-02	1.265667e-01	0.000000e+00	-2.303937e+03	8.535818e+04
3.772300e-01	6.721799e+04	-4.135515e-02	1.266731e-01	0.000000e+00	-5.284548e+03	7.250254e+04
3.784200e-01	9.457132e+04	-4.150595e-02	1.267877e-01	0.000000e+00	-2.076225e+03	9.664755e+04
3.796100e-01	7.779281e+04	-4.165690e-02	1.269097e-01	0.000000e+00	-2.230223e+03	8.002303e+04
3.808000e-01	8.511495e+04	-4.180799e-02	1.270251e-01	0.000000e+00	-2.809043e+03	8.792400e+04
3.819900e-01	7.909911e+04	-4.195922e-02	1.271414e-01	0.000000e+00	-4.890668e+03	8.398977e+04
3.831800e-01	8.855774e+04	-4.211059e-02	1.272601e-01	0.000000e+00	-1.069698e+03	8.962744e+04
3.843700e-01	7.287515e+04	-4.226210e-02	1.273745e-01	0.000000e+00	-1.329570e+03	7.420472e+04
3.855600e-01	6.999872e+04	-4.241374e-02	1.274756e-01	0.000000e+00	-1.742897e+03	7.174161e+04
3.867500e-01	7.077458e+04	-4.256549e-02	1.275753e-01	0.000000e+00	-2.454750e+03	7.322933e+04
3.879400e-01	8.219967e+04	-4.271737e-02	1.276837e-01	0.000000e+00	-2.729244e+03	8.492892e+04
3.891300e-01	7.923800e+04	-4.286938e-02	1.277980e-01	0.000000e+00	-1.076576e+03	8.031457e+04
3.903200e-01	8.421846e+04	-4.302153e-02	1.279137e-01	0.000000e+00	-1.984947e+03	8.620340e+04
3.915100e-01	9.333556e+04	-4.317382e-02	1.280395e-01	0.000000e+00	-2.392091e+03	9.572765e+04
3.927000e-01	8.577201e+04	-4.332626e-02	1.281663e-01	0.000000e+00	-5.147477e+03	9.091948e+04
3.938900e-01	7.641244e+04	-4.347885e-02	1.282812e-01	0.000000e+00	-3.313389e+03	7.972582e+04
3.950800e-01	7.687921e+04	-4.363157e-02	1.283897e-01	0.000000e+00	-2.052634e+03	7.893184e+04
3.962700e-01	7.953967e+04	-4.378442e-02	1.285005e-01	0.000000e+00	-3.098605e+03	8.263828e+04
3.974600e-01	8.309527e+04	-4.393740e-02	1.286157e-01	0.000000e+00	-2.118072e+03	8.521334e+04
3.986500e-01	7.886532e+04	-4.409052e-02	1.287304e-01	0.000000e+00	-2.501987e+03	8.136730e+04
3.998400e-01	8.433672e+04	-4.424378e-02	1.288459e-01	0.000000e+00	-2.027082e+03	8.636380e+04
4.010300e-01	7.249447e+04	-4.439718e-02	1.289570e-01	0.000000e+00	-2.338937e+03	7.483341e+04
4.022200e-01	7.042877e+04	-4.455070e-02	1.290582e-01	0.000000e+00	-3.993976e+03	7.442274e+04
4.034100e-01	7.688810e+04	-4.470434e-02	1.291625e-01	0.000000e+00	-7.433425e+03	8.432152e+04
4.046000e-01	7.508649e+04	-4.485810e-02	1.292702e-01	0.000000e+00	-3.522841e+03	7.860933e+04
4.057900e-01	7.687553e+04	-4.501200e-02	1.293778e-01	0.000000e+00	-2.828489e+03	7.970401e+04
4.069800e-01	8.081945e+04	-4.516602e-02	1.294894e-01	0.000000e+00	-3.178378e+03	8.399783e+04
4.081700e-01	7.992755e+04	-4.532018e-02	1.296033e-01	0.000000e+00	-3.439294e+03	8.336684e+04
4.093600e-01	6.939030e+04	-4.547448e-02	1.297090e-01	0.000000e+00	-3.009414e+03	7.239971e+04
4.105500e-01	7.975912e+04	-4.562889e-02	1.298146e-01	0.000000e+00	-3.205889e+03	8.296501e+04
4.117400e-01	9.196211e+04	-4.578344e-02	1.299362e-01	0.000000e+00	-1.238679e+03	9.320079e+04
4.129300e-01	8.402580e+04	-4.593814e-02	1.300609e-01	0.000000e+00	-2.416153e+03	8.644195e+04
4.141200e-01	7.551061e+04	-4.609298e-02	1.301739e-01	0.000000e+00	-8.511233e+02	7.636173e+04
4.153100e-01	6.851779e+04	-4.624795e-02	1.302758e-01	0.000000e+00	-4.551982e+03	7.306977e+04
4.165000e-01	6.383548e+04	-4.640304e-02	1.303696e-01	0.000000e+00	-7.004640e+03	7.084012e+04
4.176900e-01	8.027997e+04	-4.655823e-02	1.304716e-01	0.000000e+00	-1.035984e+03	8.131595e+04
4.188800e-01	7.345530e+04	-4.671356e-02	1.305805e-01	0.000000e+00	-3.757119e+03	7.721242e+04
4.200700e-01	7.496367e+04	-4.686901e-02	1.306856e-01	0.000000e+00	-5.081479e+03	8.004515e+04
4.212600e-01	8.619717e+04	-4.702459e-02	1.307997e-01	0.000000e+00	-1.975300e+03	8.817247e+04
4.224500e-01	8.227354e+04	-4.718032e-02	1.309190e-01	0.000000e+00	-4.141211e+03	8.641475e+04
4.236400e-01	7.152947e+04	-4.733618e-02	1.310280e-01	0.000000e+00	-2.534327e+03	7.406380e+04
4.248300e-01	7.590039e+04	-4.749216e-02	1.311324e-01	0.000000e+00	-5.339128e+03	8.123952e+04
4.260200e-01	8.547363e+04	-4.764828e-02	1.312466e-01	0.000000e+00	-5.029226e+03	9.050285e+04
4.272100e-01	7.318071e+04	-4.780453e-02	1.313590e-01	0.000000e+00	-2.635909e+03	7.581662e+04
4.284000e-01	7.619252e+04	-4.796091e-02	1.314648e-01	0.000000e+00	-2.094693e+03	7.828721e+04
4.295900e-01	8.119928e+04	-4.811742e-02	1.315762e-01	0.000000e+00	-2.546959e+03	8.374624e+04
4.307800e-01	8.104488e+04	-4.827406e-02	1.316911e-01	0.000000e+00	-3.618878e+03	8.466376e+04
4.319700e-01	8.241511e+04	-4.843084e-02	1.318069e-01	0.000000e+00	-5.231950e+03	8.764706e+04
4.331600e-01	6.885701e+04	-4.858776e-02	1.319140e-01	0.000000e+00	-3.444098e+03	7.230111e+04
4.343500e-01	7.372426e+04	-4.874480e-02	1.320150e-01	0.000000e+00	-4.244167e+03	7.796842e+04
4.355400e-01	8.333825e+04	-4.890196e-02	1.321262e-01	0.000000e+00	-2.918542e+03	8.625679e+04
4.367300e-01	7.766847e+04	-4.905926e-02	1.322402e-01	0.000000e+00	-5.208011e+03	8.287648e+04
4.379200e-01	8.578339e+04	-4.921669e-02	1.323560e-01	0.000000e+00	-3.455272e+03	8.923866e+04
4.391100e-01	8.471170e+04	-4.937427e-02	1.324767e-01	0.000000e+00	-3.840287e+03	8.855198e+04
4.403000e-01	8.101736e+04	-4.953198e-02	1.325941e-01	0.000000e+00	-3.999514e+03	8.501687e+04
4.414900e-01	7.364743e+04	-4.968984e-02	1.327036e-01	0.000000e+00	-5.396475e+03	7.904390e+04
4.426800e-01	8.388829e+04	-4.984782e-02	1.328152e-01	0.000000e+00	-4.177850e+03	8.806614e+04
4.438700e-01	9.171147e+04	-5.000594e-02	1.329395e-01	0.000000e+00	-4.686930e+03	9.639840e+04
4.450600e-01	7.975313e+04	-5.016421e-02	1.330610e-01	0.000000e+00	-2.901062e+03	8.265419e+04
4.462500e-01	8.684157e+04	-5.032262e-02	1.331789e-01	0.000000e+00	-1.988774e+03	8.883034e+04
4.474400e-01	8.550608e+04	-5.048118e-02	1.333010e-01	0.000000e+00	-3.510665e+03	8.901675e+04
4.486300e-01	8.113098e+04	-5.063988e-02	1.334190e-01	0.000000e+00	-3.540285e+03	8.467127e+04
4.498200e-01	8.795515e+04	-5.079872e-02	1.335387e-01	0.000000e+00	-1.960120e+03	8.991527e+04
4.510100e-01	9.004948e+04	-5.095770e-02	1.336648e-01	0.000000e+00	-2.927177e+03	9.297666e+04
4.522000e-01	9.299232e+04	-5.111684e-02	1.337944e-01	0.000000e+00	-1.052882e+03	9.404520e+04
4.533900e-01	7.889227e+04	-5.127613e-02	1.339161e-01	0.000000e+00	-2.220708e+03	8.111298e+04
4.545800e-01	6.797790e+04	-5.143556e-02	1.340201e-01	0.000000e+00	-8.568915e+02	6.883479e+04
4.557700e-01	7.814115e+04	-5.159510e-02	1.341236e-01	0.000000e+00	-2.808234e+03	8.094938e+04
4.569600e-01	7.741864e+04	-5.175477e-02	1.342338e-01	0.000000e+00	-3.523351e+03	8.094199e+04
4.581500e-01	7.251680e+04	-5.191458e-02	1.343400e-01	0.000000e+00	-1.705814e+03	7.422262e+04
4.593400e-01	7.714806e+04	-5.207450e-02	1.344459e-01	0.000000e+00	-3.421060e+03	8.056912e+04
4.605300e-01	8.843666e+04	-5.223456e-02	1.345632e-01	0.000000e+00	-5.198375e+03	9.363504e+04
4.617200e-01	8.913480e+04	-5.239476e-02	1.346890e-01	0.000000e+00	-1.619031e+03	9.075383e+04
4.629100e-01	8.786592e+04	-5.255512e-02	1.348143e-01	0.000000e+00	-2.047497e+03	8.991341e+04
4.641000e-01	8.139442e+04	-5.271562e-02	1.349342e-01	0.000000e+00	-7.337087e+03	8.873151e+04
4.652900e-01	8.551943e+04	-5.287626e-02	1.350524e-01	0.000000e+00	-2.030889e+03	8.755032e+04
4.664800e-01	9.389852e+04	-5.303705e-02	1.351794e-01	0.000000e+00	-1.642544e+03	9.554106e+04
4.676700e-01	8.303206e+04	-5.319799e-02	1.353047e-01	0.000000e+00	-3.229713e+03	8.626177e+04
4.688600e-01	6.846726e+04	-5.335907e-02	1.354120e-01	0.000000e+00	-6.748675e+03	7.521593e+04
4.700500e-01	8.725196e+04	-5.352027e-02	1.355223e-01	0.000000e+00	-1.604649e+03	8.885661e+04
4.712400e-01	8.534417e+04	-5.368161e-02	1.356445e-01	0.000000e+00	-1.799673e+03	8.714384e+04
4.724300e-01	7.575341e+04	-5.384310e-02	1.357586e-01	0.000000e+00	-1.829715e+03	7.758312e+04
4.736200e-01	7.078925e+04	-5.400472e-02	1.358624e-01	0.000000e+00	-3.009054e+03	7.379830e+04
4.748100e-01	8.638490e+04	-5.416646e-02	1.359737e-01	0.000000e+00	-2.044001e+03	8.842890e+04
4.760000e-01	7.923998e+04	-5.432834e-02	1.360910e-01	0.000000e+00	-1.629379e+03	8.086936e+04
4.771900e-01	8.221871e+04	-5.449035e-02	1.362053e-01	0.000000e+00	-2.981027e+03	8.519974e+04
4.783800e-01	8.099446e+04	-5.465251e-02	1.363209e-01	0.000000e+00	-2.914255e+03	8.390872e+04
4.795700e-01	8.974024e+04	-5.481480e-02	1.364418e-01	0.000000e+00	-2.462967e+03	9.220320e+04
4.807600e-01	9.596432e+04	-5.497724e-02	1.365733e-01	0.000000e+00	-2.480287e+03	9.844461e+04
4.819500e-01	7.688791e+04	-5.513984e-02	1.366957e-01	0.000000e+00	-5.148441e+03	8.203635e+04
4.831400e-01	8.763752e+04	-5.530257e-02	1.368122e-01	0.000000e+00	-2.609443e+03	9.024696e+04
4.843300e-01	8.407420e+04	-5.546545e-02	1.369338e-01	0.000000e+00	-3.774429e+03	8.784863e+04
4.855200e-01	7.940237e+04	-5.562848e-02	1.370496e-01	0.000000e+00	-3.138453e+03	8.254082e+04
4.867100e-01	7.974969e+04	-5.579163e-02	1.371623e-01	0.000000e+00	-1.818680e+03	8.156837e+04
4.879000e-01	9.071488e+04	-5.595492e-02	1.372830e-01	0.000000e+00	-1.813602e+03	9.252848e+04
4.890900e-01	7.450720e+04	-5.611837e-02	1.374000e-01	0.000000e+00	-3.436649e+03	7.794385e+04
4.902800e-01	7.211058e+04	-5.628193e-02	1.375038e-01	0.000000e+00	-4.349166e+03	7.645974e+04
4.914700e-01	7.859026e+04	-5.644562e-02	1.376106e-01	0.000000e+00	-3.101914e+03	8.169217e+04
4.926600e-01	7.584147e+04	-5.660945e-02	1.377199e-01	0.000000e+00	-3.024097e+03	7.886557e+04
4.938500e-01	7.968049e+04	-5.677340e-02	1.378301e-01	0.000000e+00	-3.010819e+03	8.269131e+04
4.950400e-01	7.737221e+04	-5.693748e-02	1.379413e-01	0.000000e+00	-1.972091e+03	7.934430e+04
4.962300e-01	8.935166e+04	-5.710170e-02	1.380594e-01	0.000000e+00	-1.231113e+03	9.058277e+04
4.974200e-01	8.986384e+04	-5.726606e-02	1.381863e-01	0.000000e+00	-1.186699e+03	9.105054e+04
4.986100e-01	8.117722e+04	-5.743058e-02	1.383074e-01	0.000000e+00	-4.385030e+03	8.556225e+04
4.998000e-01	7.532801e+04	-5.759524e-02	1.384182e-01	0.000000e+00	-3.204497e+03	7.853250e+04
5.009900e-01	6.684231e+04	-5.776002e-02	1.385189e-01	0.000000e+00	-5.774584e+03	7.261689e+04
5.021800e-01	6.747038e+04	-5.792491e-02	1.386140e-01	0.000000e+00	-3.952279e+03	7.142266e+04
5.033700e-01	7.553030e+04	-5.808992e-02	1.387153e-01	0.000000e+00	-2.838250e+03	7.836854e+04
5.045600e-01	7.712620e+04	-5.825505e-02	1.388234e-01	0.000000e+00	-2.471741e+03	7.959794e+04
5.057500e-01	9.179341e+04	-5.842032e-02	1.389430e-01	0.000000e+00	-1.985343e+03	9.377875e+04
5.069400e-01	8.185602e+04	-5.858574e-02	1.390660e-01	0.000000e+00	-3.496633e+03	8.535265e+04
5.081300e-01	7.946378e+04	-5.875130e-02	1.391802e-01	0.000000e+00	-3.629262e+03	8.309304e+04
5.093200e-01	7.636411e+04	-5.891699e-02	1.392906e-01	0.000000e+00	-4.222842e+03	8.058695e+04
5.105100e-01	7.524754e+04	-5.908281e-02	1.393979e-01	0.000000e+00	-2.677492e+03	7.792503e+04
5.117000e-01	7.685319e+04	-5.924875e-02	1.395057e-01	0.000000e+00	-5.846218e+03	8.269941e+04
5.128900e-01	7.608634e+04	-5.941483e-02	1.396140e-01	0.000000e+00	-3.922264e+03	8.000860e+04
5.140800e-01	7.422128e+04	-5.958104e-02	1.397204e-01	0.000000e+00	-4.630604e+03	7.885189e+04
5.152700e-01	7.485412e+04	-5.974736e-02	1.398260e-01	0.000000e+00	-2.315407e+03	7.716953e+04
5.164600e-01	6.700500e+04	-5.991382e-02	1.399264e-01	0.000000e+00	-1.492660e+03	6.849766e+04
5.176500e-01	8.513309e+04	-6.008039e-02	1.400342e-01	0.000000e+00	-3.407093e+03	8.854018e+04
5.188400e-01	7.833367e+04	-6.024710e-02	1.401499e-01	0.000000e+00	-4.774662e+03	8.310833e+04
5.200300e-01	7.657241e+04	-6.041395e-02	1.402596e-01	0.000000e+00	-5.086533e+03	8.165895e+04
5.212200e-01	7.966007e+04	-6.058092e-02	1.403703e-01	0.000000e+00	-2.929604e+03	8.258967e+04
5.224100e-01	7.849381e+04	-6.074803e-02	1.404823e-01	0.000000e+00	-2.999316e+03	8.149313e+04
5.236000e-01	7.542800e+04	-6.091527e-02	1.405913e-01	0.000000e+00	-3.307306e+03	7.873531e+04
5.247900e-01	8.014090e+04	-6.108264e-02	1.407014e-01	0.000000e+00	-2.946280e+03	8.308718e+04
5.259800e-01	7.780803e+04	-6.125014e-02	1.408133e-01	0.000000e+00	-1.568910e+03	7.937694e+04
5.271700e-01	9.246333e+04	-6.141777e-02	1.409339e-01	0.000000e+00	-1.023493e+03	9.348682e+04
5.283600e-01	8.754780e+04	-6.158556e-02	1.410614e-01	0.000000e+00	-1.804548e+03	8.935235e+04
5.295500e-01	9.890109e+04	-6.175350e-02	1.411934e-01	0.000000e+00	-1.836840e+03	1.007379e+05
5.307400e-01	9.620396e+04	-6.192160e-02	1.413316e-01	0.000000e+00	-4.267237e+03	1.004712e+05
5.319300e-01	8.111725e+04	-6.208987e-02	1.414571e-01	0.000000e+00	-9.743572e+02	8.209161e+04
5.331200e-01	8.743500e+04	-6.225827e-02	1.415765e-01	0.000000e+00	-1.732073e+02	8.760821e+04
5.343100e-01	7.693604e+04	-6.242682e-02	1.416929e-01	0.000000e+00	-2.439190e+03	7.937523e+04
5.355000e-01	8.484993e+04	-6.259550e-02	1.418075e-01	0.000000e+00	-1.761265e+03	8.661119e+04
5.366900e-01	7.715513e+04	-6.276432e-02	1.419222e-01	0.000000e+00	-1.867864e+03	7.902300e+04
5.378800e-01	7.702733e+04	-6.293327e-02	1.420314e-01	0.000000e+00	-2.200898e+03	7.922823e+04
5.390700e-01	8.400420e+04	-6.310235e-02	1.421454e-01	0.000000e+00	-3.373968e+03	8.737816e+04
5.402600e-01	9.264737e+04	-6.327158e-02	1.422705e-01	0.000000e+00	-2.393321e+03	9.504069e+04
5.414500e-01	8.344816e+04	-6.344096e-02	1.423952e-01	0.000000e+00	-5.367386e+02	8.398490e+04
5.426400e-01	8.756120e+04	-6.361048e-02	1.425163e-01	0.000000e+00	-1.486215e+03	8.904742e+04
5.438300e-01	7.332834e+04	-6.378015e-02	1.426303e-01	0.000000e+00	-3.941175e+03	7.726952e+04
5.450200e-01	7.170091e+04	-6.394994e-02	1.427330e-01	0.000000e+00	-3.926415e+03	7.562733e+04
5.462100e-01	8.118413e+04	-6.411985e-02	1.428412e-01	0.000000e+00	-3.108203e+03	8.429233e+04
5.474000e-01	8.399956e+04	-6.428990e-02	1.429582e-01	0.000000e+00	-2.479247e+03	8.647881e+04
5.485900e-01	8.163619e+04	-6.446009e-02	1.430755e-01	0.000000e+00	-1.748551e+03	8.338474e+04
5.497800e-01	7.214738e+04	-6.463042e-02	1.431844e-01	0.000000e+00	-4.965157e+02	7.264389e+04
5.509700e-01	6.580161e+04	-6.480087e-02	1.432821e-01	0.000000e+00	-2.387986e+03	6.818960e+04
5.521600e-01	7.023021e+04	-6.497143e-02	1.433784e-01	0.000000e+00	-2.490882e+03	7.272109e+04
5.533500e-01	8.686915e+04	-6.514211e-02	1.434897e-01	0.000000e+00	-2.287760e+03	8.915691e+04
5.545400e-01	8.217972e+04	-6.531294e-02	1.436094e-01	0.000000e+00	-3.949017e+03	8.612874e+04
5.557300e-01	7.378124e+04	-6.548390e-02	1.437198e-01	0.000000e+00	-2.582825e+03	7.636406e+04
5.569200e-01	8.003733e+04	-6.565499e-02	1.438288e-01	0.000000e+00	-4.384565e+03	8.442189e+04
5.581100e-01	8.001163e+04	-6.582621e-02	1.439421e-01	0.000000e+00	-4.505150e+03	8.451678e+04
5.593000e-01	7.815908e+04	-6.599757e-02	1.440541e-01	0.000000e+00	-1.020509e+03	7.917959e+04
5.604900e-01	6.966417e+04	-6.616906e-02	1.441588e-01	0.000000e+00	-3.491564e+03	7.315573e+04
5.616800e-01	6.716744e+04	-6.634067e-02	1.442557e-01	0.000000e+00	-3.000304e+03	7.016774e+04
5.628700e-01	7.413138e+04	-6.651239e-02	1.443558e-01	0.000000e+00	-2.937296e+03	7.706867e+04
5.640600e-01	7.900641e+04	-6.668424e-02	1.444642e-01	0.000000e+00	-3.518099e+03	8.252451e+04
5.652500e-01	8.378530e+04	-6.685622e-02	1.445795e-01	0.000000e+00	-2.043209e+03	8.582851e+04
5.664400e-01	8.212399e+04	-6.702834e-02	1.446970e-01	0.000000e+00	-1.038154e+03	8.316214e+04
5.676300e-01	8.361481e+04	-6.720060e-02	1.448144e-01	0.000000e+00	-1.783352e+03	8.539816e+04
5.688200e-01	7.661325e+04	-6.737300e-02	1.449278e-01	0.000000e+00	-3.237920e+03	7.985117e+04
5.700100e-01	8.388331e+04	-6.754552e-02	1.450415e-01	0.000000e+00	-5.555748e+03	8.943906e+04
5.712000e-01	7.171489e+04	-6.771819e-02	1.451517e-01	0.000000e+00	-4.438771e+03	7.615366e+04
5.723900e-01	7.460836e+04	-6.789098e-02	1.452553e-01	0.000000e+00	-2.575315e+03	7.718367e+04
5.735800e-01	7.652287e+04	-6.806390e-02	1.453623e-01	0.000000e+00	-2.974040e+03	7.949691e+04
5.747700e-01	8.613017e+04	-6.823695e-02	1.454775e-01	0.000000e+00	-3.442439e+03	8.957261e+04
5.759600e-01	7.091342e+04	-6.841014e-02	1.455887e-01	0.000000e+00	-2.307901e+03	7.322132e+04
5.771500e-01	7.188958e+04	-6.858345e-02	1.456899e-01	0.000000e+00	-7.991634e+02	7.268875e+04
5.783400e-01	6.940173e+04	-6.875688e-02	1.457899e-01	0.000000e+00	-2.333073e+03	7.173480e+04
5.795300e-01	7.891577e+04	-6.893043e-02	1.458949e-01	0.000000e+00	-3.516829e+03	8.243260e+04
5.807200e-01	9.107441e+04	-6.910411e-02	1.460153e-01	0.000000e+00	-1.893411e+03	9.296782e+04
5.819100e-01	8.575142e+04	-6.927794e-02	1.461405e-01	0.000000e+00	-2.274515e+03	8.802593e+04
5.831000e-01	7.531516e+04	-6.945192e-02	1.462546e-01	0.000000e+00	-1.872553e+03	7.718771e+04
5.842900e-01	7.133261e+04	-6.962603e-02	1.463585e-01	0.000000e+00	-2.624733e+03	7.395735e+04
5.854800e-01	7.547526e+04	-6.980026e-02	1.464624e-01	0.000000e+00	-2.029713e+03	7.750497e+04
5.866700e-01	7.972081e+04	-6.997461e-02	1.465723e-01	0.000000e+00	-7.670561e+02	8.048787e+04
5.878600e-01	7.511800e+04	-7.014910e-02	1.466820e-01	0.000000e+00	-3.861218e+03	7.897922e+04
5.890500e-01	8.889975e+04	-7.032371e-02	1.467981e-01	0.000000e+00	-1.868209e+03	9.076796e+04
5.902400e-01	9.047524e+04	-7.049848e-02	1.469252e-01	0.000000e+00	-8.546926e+02	9.132994e+04
5.914300e-01	8.128457e+04	-7.067340e-02	1.470468e-01	0.000000e+00	-2.886350e+03	8.417092e+04
5.926200e-01	7.378438e+04	-7.084845e-02	1.471566e-01	0.000000e+00	-5.833218e+02	7.436770e+04
5.938100e-01	8.371430e+04	-7.102363e-02	1.472681e-01	0.000000e+00	-3.370657e+02	8.405136e+04
5.950000e-01	7.611495e+04	-7.119895e-02	1.473813e-01	0.000000e+00	-3.009764e+03	7.912472e+04
5.961900e-01	7.822328e+04	-7.137440e-02	1.474906e-01	0.000000e+00	-3.509223e+03	8.173250e+04
5.973800e-01	7.921560e+04	-7.154998e-02	1.476021e-01	0.000000e+00	-3.825276e+03	8.304088e+04
5.985700e-01	7.645207e+04	-7.172569e-02	1.477124e-01	0.000000e+00	-2.686637e+03	7.913871e+04
5.997600e-01	8.284878e+04	-7.190153e-02	1.478252e-01	0.000000e+00	-1.172020e+03	8.402080e+04
6.009500e-01	7.451884e+04	-7.207751e-02	1.479366e-01	0.000000e+00	-2.826323e+03	7.734516e+04
6.021400e-01	6.577082e+04	-7.225362e-02	1.480360e-01	0.000000e+00	-3.481343e+03	6.925216e+04
6.033300e-01	8.518892e+04	-7.242984e-02	1.481429e-01	0.000000e+00	-2.955864e+03	8.814479e+04
6.045200e-01	9.352059e+04	-7.260620e-02	1.482694e-01	0.000000e+00	-1.042354e+03	9.456295e+04
6.057100e-01	8.589540e+04	-7.278272e-02	1.483965e-01	0.000000e+00	-2.563981e+03	8.845939e+04
6.069000e-01	8.248911e+04	-7.295938e-02	1.485157e-01	0.000000e+00	-2.316725e+03	8.480584e+04
6.080900e-01	7.971455e+04	-7.313619e-02	1.486306e-01	0.000000e+00	-2.241248e+03	8.195579e+04
6.092800e-01	8.093882e+04	-7.331313e-02	1.487444e-01	0.000000e+00	-2.073644e+03	8.301246e+04
6.104700e-01	7.018044e+04	-7.349020e-02	1.488514e-01	0.000000e+00	-1.823786e+03	7.200423e+04
6.116600e-01	8.425971e+04	-7.366739e-02	1.489607e-01	0.000000e+00	-3.278490e+03	8.753820e+04
6.128500e-01	7.513996e+04	-7.384473e-02	1.490736e-01	0.000000e+00	-1.711194e+03	7.685115e+04
6.140400e-01	6.917318e+04	-7.402219e-02	1.491758e-01	0.000000e+00	-1.257319e+03	7.043050e+04
6.152300e-01	6.811678e+04	-7.419976e-02	1.492730e-01	0.000000e+00	-3.639444e+03	7.175623e+04
6.164200e-01	6.586667e+04	-7.437746e-02	1.493679e-01	0.000000e+00	-4.789986e+03	7.065666e+04
6.176100e-01	7.347092e+04	-7.455526e-02	1.494666e-01	0.000000e+00	-5.219298e+03	7.869022e+04
6.188000e-01	7.868153e+04	-7.473319e-02	1.495743e-01	0.000000e+00	-5.012778e+03	8.369431e+04
6.199900e-01	8.105011e+04	-7.491125e-02	1.496875e-01	0.000000e+00	-1.376232e+03	8.242634e+04
6.211800e-01	8.692137e+04	-7.508944e-02	1.498064e-01	0.000000e+00	-1.158872e+03	8.808025e+04
6.223700e-01	8.974963e+04	-7.526779e-02	1.499315e-01	0.000000e+00	-2.382678e+03	9.213230e+04
6.235600e-01	8.700973e+04	-7.544628e-02	1.500567e-01	0.000000e+00	-2.062201e+03	8.907193e+04
6.247500e-01	7.984705e+04	-7.562492e-02	1.501749e-01	0.000000e+00	-2.766032e+03	8.261308e+04
6.259400e-01	7.223444e+04	-7.580370e-02	1.502826e-01	0.000000e+00	-4.485688e+03	7.672013e+04
6.271300e-01	8.382841e+04	-7.598259e-02	1.503931e-01	0.000000e+00	-4.099620e+03	8.792803e+04
6.283200e-01	7.817136e+04	-7.616163e-02	1.505078e-01	0.000000e+00	-5.994075e+03	8.416543e+04
6.295100e-01	7.523081e+04	-7.634080e-02	1.506164e-01	0.000000e+00	-2.426991e+03	7.765780e+04
6.307000e-01	7.704269e+04	-7.652010e-02	1.507243e-01	0.000000e+00	-1.649876e+03	7.869257e+04
6.318900e-01	9.584451e+04	-7.669953e-02	1.508467e-01	0.000000e+00	-7.399422e+02	9.658446e+04
6.330800e-01	7.945449e+04	-7.687911e-02	1.509708e-01	0.000000e+00	-2.300539e+03	8.175503e+04
6.342700e-01	8.887852e+04	-7.705884e-02	1.510901e-01	0.000000e+00	-1.795216e+03	9.067374e+04
6.354600e-01	8.317131e+04	-7.723871e-02	1.512119e-01	0.000000e+00	-2.480092e+03	8.565140e+04
6.366500e-01	7.174247e+04	-7.741872e-02	1.513216e-01	0.000000e+00	-1.301537e+03	7.304400e+04
6.378400e-01	7.205999e+04	-7.759885e-02	1.514234e-01	0.000000e+00	-1.904462e+03	7.396445e+04
6.390300e-01	7.351146e+04	-7.777911e-02	1.515265e-01	0.000000e+00	-2.252470e+03	7.576393e+04
6.402200e-01	7.856649e+04	-7.795949e-02	1.516342e-01	0.000000e+00	-1.947019e+03	8.051351e+04
6.414100e-01	8.275243e+04	-7.814000e-02	1.517485e-01	0.000000e+00	-1.371379e+03	8.412381e+04
6.426000e-01	8.641865e+04	-7.832065e-02	1.518683e-01	0.000000e+00	-2.259530e+03	8.867818e+04
6.437900e-01	9.562587e+04	-7.850144e-02	1.519972e-01	0.000000e+00	-7.892689e+02	9.641514e+04
6.449800e-01	7.937937e+04	-7.868240e-02	1.521211e-01	0.000000e+00	-3.534136e+03	8.291350e+04
6.461700e-01	8.091627e+04	-7.886349e-02	1.522346e-01	0.000000e+00	-2.434099e+03	8.335037e+04
6.473600e-01	8.534578e+04	-7.904472e-02	1.523524e-01	0.000000e+00	-1.943643e+03	8.728942e+04
6.485500e-01	8.443999e+04	-7.922609e-02	1.524726e-01	0.000000e+00	-2.245450e+03	8.668544e+04
6.497400e-01	7.708820e+04	-7.940761e-02	1.525870e-01	0.000000e+00	-3.951163e+03	8.103936e+04
6.509300e-01	7.712051e+04	-7.958925e-02	1.526962e-01	0.000000e+00	-3.460512e+03	8.058103e+04
6.521200e-01	9.151957e+04	-7.977102e-02	1.528156e-01	0.000000e+00	-4.810330e+03	9.632990e+04
6.533100e-01	7.820615e+04	-7.995295e-02	1.529358e-01	0.000000e+00	-3.433396e+03	8.163955e+04
6.545000e-01	7.446100e+04	-8.013501e-02	1.530439e-01	0.000000e+00	-2.932983e+03	7.739398e+04
6.556900e-01	9.053895e+04	-8.031719e-02	1.531608e-01	0.000000e+00	-1.390810e+03	9.192976e+04
6.568800e-01	8.288603e+04	-8.049953e-02	1.532836e-01	0.000000e+00	-3.071390e+03	8.595742e+04
6.580700e-01	8.746451e+04	-8.068201e-02	1.534042e-01	0.000000e+00	-2.513094e+03	8.997761e+04
6.592600e-01	9.975242e+04	-8.086463e-02	1.535368e-01	0.000000e+00	-2.205753e+03	1.019582e+05
6.604500e-01	8.095779e+04	-8.104743e-02	1.536648e-01	0.000000e+00	-2.530890e+03	8.348868e+04
6.616400e-01	6.937314e+04	-8.123036e-02	1.537712e-01	0.000000e+00	-8.047040e+02	7.017784e+04
6.628300e-01	8.249986e+04	-8.141340e-02	1.538788e-01	0.000000e+00	-1.928341e+02	8.269270e+04
6.640200e-01	8.282607e+04	-8.159659e-02	1.539959e-01	0.000000e+00	-2.166127e+03	8.499220e+04
6.652100e-01	7.612855e+04	-8.177991e-02	1.541084e-01	0.000000e+00	-3.306582e+03	7.943513e+04
6.664000e-01	8.299444e+04	-8.196337e-02	1.542211e-01	0.000000e+00	-2.963174e+03	8.595762e+04
6.675900e-01	7.101656e+04	-8.214696e-02	1.543302e-01	0.000000e+00	-2.831496e+03	7.384806e+04
6.687800e-01	8.147210e+04	-8.233067e-02	1.544382e-01	0.000000e+00	-3.868330e+02	8.185893e+04
6.699700e-01	7.637608e+04	-8.251452e-02	1.545500e-01	0.000000e+00	-1.204322e+03	7.758040e+04
6.711600e-01	7.948587e+04	-8.269850e-02	1.546603e-01	0.000000e+00	-3.940115e+02	7.987988e+04
6.723500e-01	7.983212e+04	-8.288261e-02	1.547732e-01	0.000000e+00	-3.189253e+03	8.302137e+04
6.735400e-01	8.489797e+04	-8.306686e-02	1.548898e-01	0.000000e+00	-1.140145e+03	8.603811e+04
6.747300e-01	8.684331e+04	-8.325125e-02	1.550114e-01	0.000000e+00	-1.102511e+03	8.794582e+04
6.759200e-01	7.879358e+04	-8.343579e-02	1.551287e-01	0.000000e+00	-4.504437e+02	7.924402e+04
6.771100e-01	8.165431e+04	-8.362046e-02	1.552423e-01	0.000000e+00	-6.376025e+02	8.229191e+04
6.783000e-01	8.185603e+04	-8.380526e-02	1.553581e-01	0.000000e+00	-1.325581e+03	8.318162e+04
6.794900e-01	7.270670e+04	-8.399021e-02	1.554676e-01	0.000000e+00	-1.493721e+03	7.420043e+04
6.806800e-01	7.350645e+04	-8.417528e-02	1.555711e-01	0.000000e+00	-3.240331e+03	7.674678e+04
6.818700e-01	7.463300e+04	-8.436047e-02	1.556760e-01	0.000000e+00	-3.813402e+03	7.844641e+04
6.830600e-01	7.362647e+04	-8.454579e-02	1.557810e-01	0.000000e+00	-3.833117e+03	7.745959e+04
6.842500e-01	8.331834e+04	-8.473123e-02	1.558922e-01	0.000000e+00	-2.364866e+03	8.568321e+04
6.854400e-01	8.630216e+04	-8.491681e-02	1.560123e-01	0.000000e+00	-2.600643e+03	8.890280e+04
6.866300e-01	7.955147e+04	-8.510254e-02	1.561298e-01	0.000000e+00	-2.539476e+03	8.209094e+04
6.878200e-01	7.035436e+04	-8.528840e-02	1.562359e-01	0.000000e+00	-1.687150e+03	7.204151e+04
6.890100e-01	7.700500e+04	-8.547438e-02	1.563403e-01	0.000000e+00	-2.900345e+03	7.990534e+04
6.902000e-01	9.382915e+04	-8.566049e-02	1.564612e-01	0.000000e+00	-2.126233e+03	9.595539e+04
6.913900e-01	8.786565e+04	-8.584676e-02	1.565899e-01	0.000000e+00	-1.515773e+03	8.938142e+04
6.925800e-01	9.072948e+04	-8.603317e-02	1.567164e-01	0.000000e+00	-1.014196e+03	9.174367e+04
6.937700e-01	8.918199e+04	-8.621974e-02	1.568438e-01	0.000000e+00	-5.824650e+02	8.976445e+04
6.949600e-01	8.887205e+04	-8.640646e-02	1.569699e-01	0.000000e+00	-2.377298e+03	9.124934e+04
6.961500e-01	7.882779e+04	-8.659333e-02	1.570886e-01	0.000000e+00	-2.082254e+03	8.091005e+04
6.973400e-01	8.729184e+04	-8.678033e-02	1.572063e-01	0.000000e+00	0.000000e+00	8.729184e+04
6.985300e-01	7.495834e+04	-8.696748e-02	1.573212e-01	0.000000e+00	-1.634566e+03	7.659291e+04
6.997200e-01	7.162427e+04	-8.715476e-02	1.574250e-01	0.000000e+00	-2.032362e+03	7.365664e+04
7.009100e-01	6.270470e+04	-8.734215e-02	1.575201e-01	0.000000e+00	-3.417700e+03	6.612240e+04
7.021000e-01	6.701903e+04	-8.752965e-02	1.576120e-01	0.000000e+00	-2.690228e+03	6.970925e+04
7.032900e-01	8.116285e+04	-8.771727e-02	1.577169e-01	0.000000e+00	-1.588640e+03	8.275149e+04
7.044800e-01	9.045951e+04	-8.790502e-02	1.578385e-01	0.000000e+00	-1.963475e+03	9.242298e+04
7.056700e-01	8.957091e+04	-8.809292e-02	1.579660e-01	0.000000e+00	-1.473239e+03	9.104415e+04
7.068600e-01	8.458633e+04	-8.828098e-02	1.580893e-01	0.000000e+00	-2.433520e+03	8.701985e+04
7.080500e-01	8.331397e+04	-8.846918e-02	1.582082e-01	0.000000e+00	-3.143649e+03	8.645762e+04
7.092400e-01	8.495609e+04	-8.865751e-02	1.583273e-01	0.000000e+00	-2.343638e+03	8.729973e+04
7.104300e-01	7.670864e+04	-8.884600e-02	1.584418e-01	0.000000e+00	-2.360959e+03	7.906959e+04
7.116200e-01	8.228293e+04	-8.903461e-02	1.585544e-01	0.000000e+00	-2.402738e+03	8.468567e+04
7.128100e-01	8.305373e+04	-8.922336e-02	1.586715e-01	0.000000e+00	-2.753965e+03	8.580769e+04
7.140000e-01	8.934174e+04	-8.941224e-02	1.587936e-01	0.000000e+00	-2.815060e+03	9.215680e+04
7.151900e-01	7.947681e+04	-8.960128e-02	1.589131e-01	0.000000e+00	-9.389395e+02	8.041575e+04
7.163800e-01	8.707503e+04	-8.979046e-02	1.590311e-01	0.000000e+00	-3.681704e+03	9.075673e+04
7.175700e-01	8.515373e+04	-8.997978e-02	1.591531e-01	0.000000e+00	-4.371325e+03	8.952506e+04
7.187600e-01	8.861762e+04	-9.016924e-02	1.592761e-01	0.000000e+00	-3.709158e+03	9.232678e+04
7.199500e-01	7.247809e+04	-9.035886e-02	1.593902e-01	0.000000e+00	-2.021110e+03	7.449920e+04
7.211400e-01	7.562007e+04	-9.054859e-02	1.594951e-01	0.000000e+00	-2.638665e+03	7.825873e+04
7.223300e-01	8.919109e+04	-9.073845e-02	1.596118e-01	0.000000e+00	-3.582887e+03	9.277397e+04
7.235200e-01	8.273671e+04	-9.092847e-02	1.597335e-01	0.000000e+00	-1.778704e+03	8.451541e+04
7.247100e-01	7.342873e+04	-9.111862e-02	1.598441e-01	0.000000e+00	-9.680854e+02	7.439682e+04
7.259000e-01	7.668159e+04	-9.130890e-02	1.599504e-01	0.000000e+00	-2.527467e+03	7.920906e+04
7.270900e-01	8.479229e+04	-9.149930e-02	1.600648e-01	0.000000e+00	-4.932618e+03	8.972491e+04
7.282800e-01	8.460182e+04	-9.168985e-02	1.601847e-01	0.000000e+00	-3.189679e+03	8.779149e+04
7.294700e-01	7.910536e+04	-9.188054e-02	1.603007e-01	0.000000e+00	-4.301395e+03	8.340675e+04
7.306600e-01	7.249406e+04	-9.207137e-02	1.604080e-01	0.000000e+00	-3.267806e+03	7.576186e+04
7.318500e-01	7.412915e+04	-9.226231e-02	1.605119e-01	0.000000e+00	-1.867227e+03	7.599637e+04
7.330400e-01	7.931177e+04	-9.245338e-02	1.606205e-01	0.000000e+00	-2.757259e+03	8.206903e+04
7.342300e-01	8.530037e+04	-9.264459e-02	1.607371e-01	0.000000e+00	-1.982692e+03	8.728307e+04
7.354200e-01	7.173502e+04	-9.283594e-02	1.608483e-01	0.000000e+00	-2.636207e+03	7.437123e+04
7.366100e-01	8.825369e+04	-9.302741e-02	1.609616e-01	0.000000e+00	-3.042462e+03	9.129616e+04
7.378000e-01	9.121334e+04	-9.321903e-02	1.610887e-01	0.000000e+00	-1.076451e+03	9.228979e+04
7.389900e-01	7.736344e+04	-9.341080e-02	1.612081e-01	0.000000e+00	-2.683954e+03	8.004739e+04
7.401800e-01	8.504300e+04	-9.360270e-02	1.613231e-01	0.000000e+00	-1.287501e+03	8.633050e+04
7.413700e-01	7.575986e+04	-9.379475e-02	1.614370e-01	0.000000e+00	-1.125633e+03	7.688549e+04
7.425600e-01	7.499522e+04	-9.398692e-02	1.615437e-01	0.000000e+00	-2.375651e+03	7.737087e+04
7.437500e-01	6.669675e+04	-9.417922e-02	1.616441e-01	0.000000e+00	-2.191419e+03	6.888817e+04
7.449400e-01	7.546929e+04	-9.437163e-02	1.617447e-01	0.000000e+00	-2.606922e+03	7.807621e+04
7.461300e-01	8.611632e+04	-9.456417e-02	1.618592e-01	0.000000e+00	-1.505543e+03	8.762187e+04
7.473200e-01	8.137543e+04	-9.475686e-02	1.619778e-01	0.000000e+00	-4.205655e+03	8.558109e+04
7.485100e-01	8.121211e+04	-9.494968e-02	1.620929e-01	0.000000e+00	-3.177101e+03	8.438921e+04
7.497000e-01	7.641806e+04	-9.514264e-02	1.622046e-01	0.000000e+00	-4.397386e+03	8.081544e+04
7.508900e-01	8.045681e+04	-9.533573e-02	1.623156e-01	0.000000e+00	-2.379220e+03	8.283603e+04
7.520800e-01	8.345361e+04	-9.552895e-02	1.624317e-01	0.000000e+00	-5.451582e+02	8.399877e+04
7.532700e-01	9.067320e+04	-9.572232e-02	1.625550e-01	0.000000e+00	-2.172644e+03	9.284585e+04
7.544600e-01	8.448147e+04	-9.591583e-02	1.626791e-01	0.000000e+00	-1.839970e+03	8.632144e+04
7.556500e-01	9.131142e+04	-9.610949e-02	1.628036e-01	0.000000e+00	-3.341488e+03	9.465291e+04
7.568400e-01	8.680899e+04	-9.630331e-02	1.629297e-01	0.000000e+00	-2.503876e+03	8.931286e+04
7.580300e-01	7.938615e+04	-9.649726e-02	1.630474e-01	0.000000e+00	-5.393519e+02	7.992550e+04
7.592200e-01	8.792536e+04	-9.669136e-02	1.631659e-01	0.000000e+00	-2.664546e+03	9.058991e+04
7.604100e-01	7.409572e+04	-9.688560e-02	1.632806e-01	0.000000e+00	-4.290842e+03	7.838657e+04
7.616000e-01	8.584869e+04	-9.707997e-02	1.633939e-01	0.000000e+00	-2.379273e+03	8.822796e+04
7.627900e-01	8.297325e+04	-9.727448e-02	1.635134e-01	0.000000e+00	-7.399940e+02	8.371325e+04
7.639800e-01	7.230106e+04	-9.746913e-02	1.636234e-01	0.000000e+00	-2.487293e+03	7.478836e+04
7.651700e-01	8.398264e+04	-9.766390e-02	1.637341e-01	0.000000e+00	-6.308018e+02	8.461344e+04
7.663600e-01	8.502318e+04	-9.785882e-02	1.638538e-01	0.000000e+00	-2.913828e+03	8.793701e+04
7.675500e-01	8.267200e+04	-9.805387e-02	1.639725e-01	0.000000e+00	-3.261367e+03	8.593337e+04
7.687400e-01	8.555927e+04	-9.824907e-02	1.640916e-01	0.000000e+00	-1.327162e+03	8.688643e+04
7.699300e-01	8.815420e+04	-9.844441e-02	1.642147e-01	0.000000e+00	-4.481090e+02	8.860230e+04
7.711200e-01	8.761975e+04	-9.863990e-02	1.643391e-01	0.000000e+00	-1.813763e+03	8.943351e+04
7.723100e-01	8.267453e+04	-9.883554e-02	1.644597e-01	0.000000e+00	-1.498678e+03	8.417320e+04
7.735000e-01	6.707347e+04	-9.903131e-02	1.645658e-01	0.000000e+00	-3.733898e+03	7.080737e+04
7.746900e-01	7.621314e+04	-9.922720e-02	1.646673e-01	0.000000e+00	-5.063660e+03	8.127680e+04
7.758800e-01	8.310508e+04	-9.942322e-02	1.647801e-01	0.000000e+00	-1.931874e+03	8.503695e+04
7.770700e-01	8.314535e+04	-9.961938e-02	1.648978e-01	0.000000e+00	-1.476405e+03	8.462176e+04
7.782600e-01	9.183112e+04	-9.981568e-02	1.650217e-01	0.000000e+00	-3.942443e+02	9.222537e+04
7.794500e-01	7.458408e+04	-1.000121e-01	1.651396e-01	0.000000e+00	-1.651147e+03	7.623523e+04
7.806400e-01	7.586103e+04	-1.002087e-01	1.652461e-01	0.000000e+00	-1.315953e+03	7.717698e+04
7.818300e-01	9.817885e+04	-1.004054e-01	1.653694e-01	0.000000e+00	-1.813506e+03	9.999235e+04
7.830200e-01	8.794950e+04	-1.006023e-01	1.655012e-01	0.000000e+00	-3.523280e+03	9.147278e+04
7.842100e-01	8.547718e+04	-1.007993e-01	1.656240e-01	0.000000e+00	-4.302345e+03	8.977952e+04
7.854000e-01	8.653070e+04	-1.009965e-01	1.657458e-01	0.000000e+00	-2.945876e+03	8.947657e+04
7.865900e-01	7.974804e+04	-1.011938e-01	1.658635e-01	0.000000e+00	-1.027983e+03	8.077602e+04
7.877800e-01	7.641406e+04	-1.013912e-01	1.659741e-01	0.000000e+00	-4.254900e+03	8.066896e+04
7.889700e-01	8.035849e+04	-1.015888e-01	1.660852e-01	0.000000e+00	-1.584592e+03	8.194308e+04
7.901600e-01	1.062482e+05	-1.017865e-01	1.662173e-01	0.000000e+00	-1.192479e+03	1.074406e+05
7.913500e-01	9.032502e+04	-1.019844e-01	1.663565e-01	0.000000e+00	-1.153240e+03	9.147826e+04
7.925400e-01	7.652712e+04	-1.021824e-01	1.664747e-01	0.000000e+00	-2.219709e+03	7.874683e+04
7.937300e-01	8.400613e+04	-1.023806e-01	1.665884e-01	0.000000e+00	-2.276528e+03	8.628266e+04
7.949200e-01	7.116089e+04	-1.025789e-01	1.666982e-01	0.000000e+00	-3.781177e+03	7.494207e+04
7.961100e-01	8.456330e+04	-1.027774e-01	1.668085e-01	0.000000e+00	-1.841423e+03	8.640473e+04
7.973000e-01	8.082454e+04	-1.029759e-01	1.669256e-01	0.000000e+00	-3.076594e+03	8.390113e+04
7.984900e-01	7.095894e+04	-1.031746e-01	1.670331e-01	0.000000e+00	-1.057456e+03	7.201639e+04
7.996800e-01	8.857198e+04	-1.033735e-01	1.671461e-01	0.000000e+00	-1.764039e+03	9.033602e+04
8.008700e-01	7.808326e+04	-1.035724e-01	1.672641e-01	0.000000e+00	-2.238079e+02	7.830707e+04
8.020600e-01	7.493740e+04	-1.037716e-01	1.673725e-01	0.000000e+00	-2.960363e+03	7.789777e+04
8.032500e-01	7.378262e+04	-1.039708e-01	1.674778e-01	0.000000e+00	-3.462158e+03	7.724478e+04
8.044400e-01	8.486455e+04	-1.041702e-01	1.675901e-01	0.000000e+00	-3.603759e+03	8.846831e+04
8.056300e-01	7.761688e+04	-1.043697e-01	1.677052e-01	0.000000e+00	-1.090258e+03	7.870714e+04
8.068200e-01	7.747138e+04	-1.045693e-01	1.678150e-01	0.000000e+00	-1.076940e+03	7.854832e+04
8.080100e-01	8.829139e+04	-1.047691e-01	1.679324e-01	0.000000e+00	-2.093175e+03	9.038456e+04
8.092000e-01	9.046037e+04	-1.049690e-01	1.680590e-01	0.000000e+00	-1.156936e+03	9.161731e+04
8.103900e-01	9.087649e+04	-1.051690e-01	1.681874e-01	0.000000e+00	-4.738912e+02	9.135038e+04
8.115800e-01	8.436287e+04	-1.053693e-01	1.683115e-01	0.000000e+00	-1.553090e+03	8.591596e+04
8.127700e-01	8.642621e+04	-1.055696e-01	1.684325e-01	0.000000e+00	-2.194596e+03	8.862080e+04
8.139600e-01	8.749186e+04	-1.057701e-01	1.685556e-01	0.000000e+00	-9.816058e+02	8.847347e+04
8.151500e-01	6.774409e+04	-1.059708e-01	1.686656e-01	0.000000e+00	-9.781601e+02	6.872225e+04
8.163400e-01	9.036915e+04	-1.061715e-01	1.687775e-01	0.000000e+00	-1.277187e+03	9.164634e+04
8.175300e-01	8.739751e+04	-1.063725e-01	1.689034e-01	0.000000e+00	-1.427137e+03	8.882465e+04
8.187200e-01	8.514900e+04	-1.065735e-01	1.690256e-01	0.000000e+00	-1.082983e+03	8.623198e+04
8.199100e-01	8.564755e+04	-1.067748e-01	1.691466e-01	0.000000e+00	-1.490553e+03	8.713811e+04
8.211000e-01	9.038821e+04	-1.069761e-01	1.692712e-01	0.000000e+00	-9.583305e+02	9.134654e+04
8.222900e-01	8.187530e+04	-1.071776e-01	1.693932e-01	0.000000e+00	-1.648919e+03	8.352422e+04
8.234800e-01	8.365168e+04	-1.073793e-01	1.695104e-01	0.000000e+00	-3.246887e+03	8.689857e+04
8.246700e-01	8.307326e+04	-1.075811e-01	1.696285e-01	0.000000e+00	-7.127289e+02	8.378598e+04
8.258600e-01	7.864676e+04	-1.077830e-01	1.697430e-01	0.000000e+00	-2.094597e+03	8.074136e+04
8.270500e-01	7.656185e+04	-1.079850e-01	1.698529e-01	0.000000e+00	-1.316851e+03	7.787870e+04
8.282400e-01	7.769978e+04	-1.081872e-01	1.699622e-01	0.000000e+00	-2.108196e+03	7.980798e+04
8.294300e-01	7.812695e+04	-1.083895e-01	1.700725e-01	0.000000e+00	-1.710011e+03	7.983696e+04
8.306200e-01	8.822348e+04	-1.085920e-01	1.701903e-01	0.000000e+00	-2.516602e+03	9.074008e+04
8.318100e-01	7.750598e+04	-1.087946e-01	1.703077e-01	0.000000e+00	-1.967533e+03	7.947351e+04
8.330000e-01	8.380830e+04	-1.089973e-01	1.704219e-01	0.000000e+00	-1.518876e+03	8.532718e+04
8.341900e-01	9.482019e+04	-1.092002e-01	1.705484e-01	0.000000e+00	-5.216443e+02	9.534183e+04
8.353800e-01	9.637832e+04	-1.094032e-01	1.706838e-01	0.000000e+00	-1.291719e+03	9.767004e+04
8.365700e-01	8.791948e+04	-1.096064e-01	1.708144e-01	0.000000e+00	-1.308467e+03	8.922795e+04
8.377600e-01	7.896334e+04	-1.098098e-01	1.709325e-01	0.000000e+00	-1.270991e+03	8.023433e+04
8.389500e-01	7.223734e+04	-1.100133e-01	1.710396e-01	0.000000e+00	-4.172967e+03	7.641030e+04
8.401400e-01	9.078072e+04	-1.102169e-01	1.711551e-01	0.000000e+00	-8.106002e+02	9.159132e+04
8.413300e-01	8.280200e+04	-1.104206e-01	1.712780e-01	0.000000e+00	-3.424969e+03	8.622697e+04
8.425200e-01	8.287252e+04	-1.106245e-01	1.713953e-01	0.000000e+00	-3.000012e+03	8.587253e+04
8.437100e-01	8.279932e+04	-1.108285e-01	1.715126e-01	0.000000e+00	-1.978381e+03	8.477770e+04
8.449000e-01	8.309292e+04	-1.110327e-01	1.716301e-01	0.000000e+00	-1.111449e+03	8.420437e+04
8.460900e-01	8.426934e+04	-1.112370e-01	1.717486e-01	0.000000e+00	-1.050436e+03	8.531978e+04
8.472800e-01	7.491259e+04	-1.114415e-01	1.718614e-01	0.000000e+00	-1.738084e+03	7.665067e+04
8.484700e-01	8.274002e+04	-1.116460e-01	1.719730e-01	0.000000e+00	-2.427893e+03	8.516791e+04
8.496600e-01	7.270086e+04	-1.118508e-01	1.720831e-01	0.000000e+00	-2.891931e+03	7.559279e+04
8.508500e-01	6.970045e+04	-1.120556e-01	1.721839e-01	0.000000e+00	-5.993735e+02	7.029982e+04
8.520400e-01	8.129066e+04	-1.122605e-01	1.722908e-01	0.000000e+00	-1.959595e+03	8.325025e+04
8.532300e-01	7.776373e+04	-1.124656e-01	1.724035e-01	0.000000e+00	-2.455097e+03	8.021883e+04
8.544200e-01	8.112432e+04	-1.126709e-01	1.725160e-01	0.000000e+00	-8.921909e+02	8.201651e+04
8.556100e-01	9.570369e+04	-1.128762e-01	1.726412e-01	0.000000e+00	0.000000e+00	9.570369e+04
8.568000e-01	9.294484e+04	-1.130818e-01	1.727748e-01	0.000000e+00	0.000000e+00	9.294484e+04
8.579900e-01	7.390578e+04	-1.132874e-01	1.728930e-01	0.000000e+00	-7.334114e+02	7.463919e+04
8.591800e-01	7.523073e+04	-1.134932e-01	1.729986e-01	0.000000e+00	-1.787597e+03	7.701832e+04
8.603700e-01	8.713048e+04	-1.136992e-01	1.731136e-01	0.000000e+00	-6.207402e+02	8.775122e+04
8.615600e-01	9.961790e+04	-1.139053e-01	1.732458e-01	0.000000e+00	-3.436925e+03	1.030548e+05
8.627500e-01	9.197717e+04	-1.141115e-01	1.733815e-01	0.000000e+00	-1.604424e+03	9.358160e+04
8.639400e-01	8.081575e+04	-1.143179e-01	1.735039e-01	0.000000e+00	-1.600467e+03	8.241621e+04
8.651300e-01	8.393317e+04	-1.145244e-01	1.736205e-01	0.000000e+00	-2.127992e+03	8.606117e+04
8.663200e-01	8.075000e+04	-1.147311e-01	1.737372e-01	0.000000e+00	-2.504408e+03	8.325441e+04
8.675100e-01	9.443228e+04	-1.149379e-01	1.738612e-01	0.000000e+00	-1.651026e+03	9.608330e+04
8.687000e-01	9.373909e+04	-1.151449e-01	1.739945e-01	0.000000e+00	-3.025518e+03	9.676461e+04
8.698900e-01	7.887130e+04	-1.153520e-01	1.741167e-01	0.000000e+00	-7.241562e+02	7.959546e+04
8.710800e-01	8.580835e+04	-1.155593e-01	1.742333e-01	0.000000e+00	-2.537052e+03	8.834540e+04
8.722700e-01	8.830003e+04	-1.157667e-01	1.743566e-01	0.000000e+00	-1.180403e+03	8.948044e+04
8.734600e-01	9.318721e+04	-1.159743e-01	1.744852e-01	0.000000e+00	-3.121030e+03	9.630824e+04
8.746500e-01	8.097393e+04	-1.161820e-01	1.746085e-01	0.000000e+00	-1.358197e+03	8.233212e+04
8.758400e-01	9.353818e+04	-1.163898e-01	1.747321e-01	0.000000e+00	-1.398419e+03	9.493660e+04
8.770300e-01	8.303333e+04	-1.165979e-01	1.748571e-01	0.000000e+00	-1.132165e+03	8.416550e+04
8.782200e-01	8.566975e+04	-1.168060e-01	1.749766e-01	0.000000e+00	-1.388844e+03	8.705859e+04
8.794100e-01	9.109288e+04	-1.170143e-01	1.751018e-01	0.000000e+00	-5.288914e+02	9.162177e+04
8.806000e-01	8.812791e+04	-1.172227e-01	1.752287e-01	0.000000e+00	-1.558736e+03	8.968664e+04
8.817900e-01	8.098381e+04	-1.174313e-01	1.753484e-01	0.000000e+00	-1.273717e+03	8.225753e+04
8.829800e-01	9.066628e+04	-1.176401e-01	1.754700e-01	0.000000e+00	-3.096760e+02	9.097595e+04
8.841700e-01	8.682816e+04	-1.178490e-01	1.755957e-01	0.000000e+00	-2.054439e+03	8.888260e+04
8.853600e-01	8.092288e+04	-1.180580e-01	1.757145e-01	0.000000e+00	-1.184655e+03	8.210754e+04
8.865500e-01	6.401583e+04	-1.182672e-01	1.758171e-01	0.000000e+00	-1.794240e+03	6.581007e+04
8.877400e-01	7.767764e+04	-1.184764e-01	1.759175e-01	0.000000e+00	-1.355590e+03	7.903323e+04
8.889300e-01	8.434782e+04	-1.186858e-01	1.760322e-01	0.000000e+00	-1.645323e+03	8.599314e+04
8.901200e-01	8.585070e+04	-1.188954e-01	1.761527e-01	0.000000e+00	-9.178175e+02	8.676852e+04
8.913100e-01	9.112442e+04	-1.191051e-01	1.762781e-01	0.000000e+00	-1.652602e+03	9.277703e+04
8.925000e-01	9.074354e+04	-1.193149e-01	1.764069e-01	0.000000e+00	-3.496695e+03	9.424024e+04
8.936900e-01	8.230572e+04	-1.195249e-01	1.765294e-01	0.000000e+00	-1.016323e+03	8.332204e+04
8.948800e-01	6.960032e+04	-1.197351e-01	1.766370e-01	0.000000e+00	-2.157754e+03	7.175807e+04
8.960700e-01	8.284833e+04	-1.199453e-01	1.767449e-01	0.000000e+00	-1.626914e+03	8.447525e+04
8.972600e-01	8.281536e+04	-1.201557e-01	1.768623e-01	0.000000e+00	-9.560396e+02	8.377140e+04
8.984500e-01	8.044100e+04	-1.203663e-01	1.769779e-01	0.000000e+00	-7.352966e+02	8.117630e+04
8.996400e-01	7.323666e+04	-1.205769e-01	1.770867e-01	0.000000e+00	-1.062417e+03	7.429907e+04
9.008300e-01	8.380951e+04	-1.207877e-01	1.771979e-01	0.000000e+00	-1.563631e+03	8.537314e+04
9.020200e-01	9.338716e+04	-1.209987e-01	1.773234e-01	0.000000e+00	-6.285153e+02	9.401568e+04
9.032100e-01	9.630137e+04	-1.212098e-01	1.774577e-01	0.000000e+00	-1.792884e+03	9.809426e+04
9.044000e-01	7.883014e+04	-1.214210e-01	1.775817e-01	0.000000e+00	-1.042371e+03	7.987251e+04
9.055900e-01	6.996050e+04	-1.216324e-01	1.776871e-01	0.000000e+00	-1.496803e+03	7.145730e+04
9.067800e-01	8.235748e+04	-1.218439e-01	1.777950e-01	0.000000e+00	-1.501356e+03	8.385884e+04
9.079700e-01	8.787235e+04	-1.220556e-01	1.779155e-01	0.000000e+00	-2.154799e+03	9.002715e+04
9.091600e-01	8.261444e+04	-1.222673e-01	1.780363e-01	0.000000e+00	-1.362375e+03	8.397682e+04
9.103500e-01	8.625589e+04	-1.224793e-01	1.781559e-01	0.000000e+00	-2.583223e+03	8.883911e+04
9.115400e-01	8.091673e+04	-1.226914e-01	1.782742e-01	0.000000e+00	-4.271571e+01	8.095944e+04
9.127300e-01	8.765869e+04	-1.229036e-01	1.783936e-01	0.000000e+00	-8.097298e+02	8.846842e+04
9.139200e-01	8.632240e+04	-1.231159e-01	1.785168e-01	0.000000e+00	-1.167511e+03	8.748991e+04
9.151100e-01	7.722157e+04	-1.233284e-01	1.786326e-01	0.000000e+00	-1.329799e+03	7.855137e+04
9.163000e-01	7.819482e+04	-1.235411e-01	1.787427e-01	0.000000e+00	-1.049136e+03	7.924396e+04
9.174900e-01	8.137460e+04	-1.237539e-01	1.788557e-01	0.000000e+00	-7.605107e+02	8.213511e+04
9.186800e-01	7.266010e+04	-1.239668e-01	1.789648e-01	0.000000e+00	-4.204053e+03	7.686415e+04
9.198700e-01	8.423536e+04	-1.241798e-01	1.790759e-01	0.000000e+00	-1.173899e+03	8.540926e+04
9.210600e-01	9.589562e+04	-1.243930e-01	1.792035e-01	0.000000e+00	-1.067324e+03	9.696295e+04
9.222500e-01	8.885444e+04	-1.246063e-01	1.793343e-01	0.000000e+00	-4.628148e+03	9.348259e+04
9.234400e-01	7.649328e+04	-1.248198e-01	1.794514e-01	0.000000e+00	-3.713399e+03	8.020668e+04
9.246300e-01	8.240031e+04	-1.250334e-01	1.795639e-01	0.000000e+00	-1.104894e+03	8.350520e+04
9.258200e-01	9.427609e+04	-1.252471e-01	1.796890e-01	0.000000e+00	-1.204558e+03	9.548064e+04
9.270100e-01	9.189803e+04	-1.254610e-01	1.798209e-01	0.000000e+00	-1.273878e+03	9.317191e+04
9.282000e-01	9.353193e+04	-1.256751e-01	1.799522e-01	0.000000e+00	-8.652769e+01	9.361846e+04
9.293900e-01	1.048730e+05	-1.258893e-01	1.800927e-01	0.000000e+00	-1.259991e+03	1.061330e+05
9.305800e-01	9.104567e+04	-1.261037e-01	1.802314e-01	0.000000e+00	-8.107637e+02	9.185643e+04
9.317700e-01	8.739449e+04	-1.263183e-01	1.803578e-01	0.000000e+00	-1.079108e+03	8.847360e+04
9.329600e-01	7.572110e+04	-1.265330e-01	1.804733e-01	0.000000e+00	-1.029342e+03	7.675044e+04
9.341500e-01	7.914338e+04	-1.267478e-01	1.805830e-01	0.000000e+00	-1.171827e+03	8.031521e+04
9.353400e-01	6.741709e+04	-1.269628e-01	1.806868e-01	0.000000e+00	-1.755765e+03	6.917286e+04
9.365300e-01	7.237481e+04	-1.271778e-01	1.807858e-01	0.000000e+00	-3.738286e+03	7.611310e+04
9.377200e-01	8.192280e+04	-1.273930e-01	1.808950e-01	0.000000e+00	-1.985885e+03	8.390868e+04
9.389100e-01	7.760128e+04	-1.276084e-01	1.810080e-01	0.000000e+00	-1.859966e+03	7.946125e+04
9.401000e-01	8.155784e+04	-1.278238e-01	1.811207e-01	0.000000e+00	-1.368821e+03	8.292666e+04
9.412900e-01	8.468085e+04	-1.280394e-01	1.812384e-01	0.000000e+00	-9.793274e+02	8.566018e+04
9.424800e-01	7.381513e+04	-1.282552e-01	1.813507e-01	0.000000e+00	-1.067266e+03	7.488240e+04
9.436700e-01	8.358779e+04	-1.284711e-01	1.814621e-01	0.000000e+00	-1.177427e+03	8.476522e+04
9.448600e-01	8.349520e+04	-1.286871e-01	1.815805e-01	0.000000e+00	-6.004753e+01	8.355525e+04
9.460500e-01	7.666459e+04	-1.289032e-01	1.816939e-01	0.000000e+00	-1.182318e+03	7.784691e+04
9.472400e-01	8.054655e+04	-1.291195e-01	1.818052e-01	0.000000e+00	-1.977626e+03	8.252417e+04
9.484300e-01	8.001082e+04	-1.293359e-01	1.819189e-01	0.000000e+00	-9.474784e+02	8.095830e+04
9.496200e-01	7.586046e+04	-1.295525e-01	1.820293e-01	0.000000e+00	-1.693630e+03	7.755409e+04
9.508100e-01	8.086729e+04	-1.297691e-01	1.821403e-01	0.000000e+00	-2.617894e+03	8.348518e+04
9.520000e-01	8.497145e+04	-1.299860e-01	1.822577e-01	0.000000e+00	-1.393388e+03	8.636484e+04
9.531900e-01	6.762289e+04	-1.302029e-01	1.823658e-01	0.000000e+00	-3.726148e+03	7.134904e+04
9.543800e-01	8.091586e+04	-1.304200e-01	1.824710e-01	0.000000e+00	-1.751700e+03	8.266756e+04
9.555700e-01	8.464646e+04	-1.306372e-01	1.825882e-01	0.000000e+00	-2.669060e+03	8.731552e+04
9.567600e-01	8.654938e+04	-1.308545e-01	1.827095e-01	0.000000e+00	-2.170841e+03	8.872022e+04
9.579500e-01	8.550305e+04	-1.310720e-01	1.828313e-01	0.000000e+00	-1.488657e+03	8.699171e+04
9.591400e-01	8.493254e+04	-1.312897e-01	1.829520e-01	0.000000e+00	-7.636058e+02	8.569615e+04
9.603300e-01	7.940013e+04	-1.315075e-01	1.830684e-01	0.000000e+00	-4.805383e+02	7.988067e+04
9.615200e-01	8.377580e+04	-1.317254e-01	1.831839e-01	0.000000e+00	-1.661613e+03	8.543742e+04
9.627100e-01	7.365608e+04	-1.319434e-01	1.832954e-01	0.000000e+00	-6.339107e+02	7.428999e+04
9.639000e-01	7.532833e+04	-1.321616e-01	1.834009e-01	0.000000e+00	-8.319642e+02	7.616029e+04
9.650900e-01	9.752022e+04	-1.323799e-01	1.835233e-01	0.000000e+00	0.000000e+00	9.752022e+04
9.662800e-01	8.708131e+04	-1.325984e-01	1.836540e-01	0.000000e+00	-2.125784e+02	8.729388e+04
9.674700e-01	7.311384e+04	-1.328170e-01	1.837675e-01	0.000000e+00	-1.000790e+03	7.411463e+04
9.686600e-01	7.049200e+04	-1.330358e-01	1.838692e-01	0.000000e+00	-2.684194e+03	7.317619e+04
9.698500e-01	8.152526e+04	-1.332546e-01	1.839768e-01	0.000000e+00	-1.704411e+03	8.322967e+04
9.710400e-01	7.126476e+04	-1.334736e-01	1.840850e-01	0.000000e+00	-1.102083e+03	7.236684e+04
9.722300e-01	8.740179e+04	-1.336928e-01	1.841974e-01	0.000000e+00	-1.932255e+03	8.933405e+04
9.734200e-01	7.896094e+04	-1.339120e-01	1.843152e-01	0.000000e+00	-2.433339e+03	8.139428e+04
9.746100e-01	9.023857e+04	-1.341314e-01	1.844350e-01	0.000000e+00	-3.277725e+03	9.351629e+04
9.758000e-01	9.202953e+04	-1.343510e-01	1.845641e-01	0.000000e+00	-3.054713e+03	9.508425e+04
9.769900e-01	7.721660e+04	-1.345707e-01	1.846840e-01	0.000000e+00	-9.499240e+02	7.816652e+04
9.781800e-01	7.862017e+04	-1.347905e-01	1.847943e-01	0.000000e+00	-2.228233e+02	7.884299e+04
9.793700e-01	8.751584e+04	-1.350105e-01	1.849120e-01	0.000000e+00	-2.915994e+03	9.043183e+04
9.805600e-01	8.508478e+04	-1.352306e-01	1.850342e-01	0.000000e+00	-1.726860e+03	8.681164e+04
9.817500e-01	6.450994e+04	-1.354509e-01	1.851401e-01	0.000000e+00	-1.371353e+03	6.588129e+04
9.829400e-01	6.522495e+04	-1.356713e-01	1.852320e-01	0.000000e+00	-1.849066e+03	6.707401e+04
9.841300e-01	8.558740e+04	-1.358917e-01	1.853388e-01	0.000000e+00	-1.302170e+03	8.688957e+04
9.853200e-01	7.069050e+04	-1.361124e-01	1.854495e-01	0.000000e+00	-1.063828e+03	7.175433e+04
9.865100e-01	7.772934e+04	-1.363331e-01	1.855546e-01	0.000000e+00	-1.454965e+03	7.918430e+04
9.877000e-01	7.263394e+04	-1.365540e-01	1.856611e-01	0.000000e+00	-8.333645e+02	7.346731e+04
9.888900e-01	7.601100e+04	-1.367750e-01	1.857663e-01	0.000000e+00	-3.476589e+02	7.635866e+04
9.900800e-01	8.987330e+04	-1.369961e-01	1.858838e-01	0.000000e+00	-1.074525e+03	9.094783e+04
9.912700e-01	7.953224e+04	-1.372174e-01	1.860038e-01	0.000000e+00	-1.215431e+03	8.074767e+04
9.924600e-01	6.802870e+04	-1.374388e-01	1.861083e-01	0.000000e+00	-2.149181e+03	7.017788e+04
9.936500e-01	8.023549e+04	-1.376603e-01	1.862133e-01	0.000000e+00	-2.552208e+02	8.049071e+04
9.948400e-01	7.449086e+04	-1.378820e-01	1.863228e-01	0.000000e+00	-2.569040e+03	7.705990e+04
9.960300e-01	8.471841e+04	-1.381038e-01	1.864356e-01	0.000000e+00	-2.653417e+03	8.737182e+04
9.972200e-01	8.755144e+04	-1.383257e-01	1.865576e-01	0.000000e+00	-2.382680e+03	8.993412e+04
9.984100e-01	8.192258e+04	-1.385478e-01	1.866776e-01	0.000000e+00	-3.319233e+03	8.524182e+04
9.996000e-01	8.664810e+04	-1.387700e-01	1.867970e-01	0.000000e+00	-1.207507e+03	8.785561e+04
1.000790e+00	1.006556e+05	-1.389924e-01	1.869296e-01	0.000000e+00	-4.731656e+02	1.011288e+05
1.001980e+00	8.934389e+04	-1.392149e-01	1.870642e-01	0.000000e+00	0.000000e+00	8.934389e+04
1.003170e+00	8.446574e+04	-1.394376e-01	1.871873e-01	0.000000e+00	-4.767092e+02	8.494245e+04
1.004360e+00	7.808588e+04	-1.396604e-01	1.873024e-01	0.000000e+00	-3.636269e+02	7.844951e+04
1.005550e+00	8.613040e+04	-1.398834e-01	1.874187e-01	0.000000e+00	-7.232353e+02	8.685364e+04
1.006740e+00	8.925787e+04	-1.401065e-01	1.875429e-01	0.000000e+00	-2.151693e+02	8.947304e+04
1.007930e+00	7.764646e+04	-1.403297e-01	1.876611e-01	0.000000e+00	-1.027321e+03	7.867378e+04
1.009120e+00	8.059564e+04	-1.405531e-01	1.877731e-01	0.000000e+00	-1.464334e+03	8.205998e+04
1.010310e+00	8.851419e+04	-1.407766e-01	1.878929e-01	0.000000e+00	-7.716206e+02	8.928581e+04
1.011500e+00	8.595941e+04	-1.410003e-01	1.880164e-01	0.000000e+00	-6.562264e+02	8.661563e+04
1.012690e+00	8.506554e+04	-1.412241e-01	1.881376e-01	0.000000e+00	-2.097187e+03	8.716273e+04
1.013880e+00	8.302522e+04	-1.414480e-01	1.882566e-01	0.000000e+00	-1.448267e+03	8.447349e+04
1.015070e+00	9.240180e+04	-1.416721e-01	1.883808e-01	0.000000e+00	0.000000e+00	9.240180e+04
1.016260e+00	7.489168e+04	-1.418964e-01	1.884993e-01	0.000000e+00	-7.277381e+01	7.496445e+04
1.017450e+00	8.064812e+04	-1.421208e-01	1.886094e-01	0.000000e+00	-7.675623e+02	8.141568e+04
1.018640e+00	7.451532e+04	-1.423453e-01	1.887193e-01	0.000000e+00	-2.515401e+03	7.703072e+04
1.019830e+00	8.910954e+04	-1.425699e-01	1.888352e-01	0.000000e+00	-1.974171e+03	9.108371e+04
1.021020e+00	8.871331e+04	-1.427947e-01	1.889611e-01	0.000000e+00	-1.307896e+03	9.002120e+04
1.022210e+00	8.281027e+04	-1.430196e-01	1.890826e-01	0.000000e+00	-3.401660e+03	8.621193e+04
1.023400e+00	8.157914e+04	-1.432447e-01	1.891990e-01	0.000000e+00	-3.067443e+03	8.464658e+04
1.024590e+00	7.903542e+04	-1.434699e-01	1.893127e-01	0.000000e+00	-3.773494e+02	7.941277e+04
1.025780e+00	8.591018e+04	-1.436953e-01	1.894296e-01	0.000000e+00	-8.237351e+02	8.673392e+04
1.026970e+00	8.025512e+04	-1.439208e-01	1.895472e-01	0.000000e+00	-1.290556e+03	8.154567e+04
1.028160e+00	7.370939e+04	-1.441464e-01	1.896563e-01	0.000000e+00	-6.927599e+02	7.440215e+04
1.029350e+00	7.392259e+04	-1.443722e-01	1.897608e-01	0.000000e+00	-1.711483e+03	7.563408e+04
1.030540e+00	7.114151e+04	-1.445980e-01	1.898635e-01	0.000000e+00	-1.324941e+03	7.246645e+04
1.031730e+00	8.256085e+04	-1.448240e-01	1.899724e-01	0.000000e+00	-7.970554e+02	8.335790e+04
1.032920e+00	9.151800e+04	-1.450502e-01	1.900957e-01	0.000000e+00	-8.836169e+02	9.240161e+04
1.034110e+00	7.006214e+04	-1.452765e-01	1.902101e-01	0.000000e+00	-1.305420e+03	7.136756e+04
1.035300e+00	8.350471e+04	-1.455029e-01	1.903188e-01	0.000000e+00	-1.215588e+03	8.472030e+04
1.036490e+00	7.975946e+04	-1.457294e-01	1.904345e-01	0.000000e+00	-1.551254e+03	8.131071e+04
1.037680e+00	8.425120e+04	-1.459561e-01	1.905506e-01	0.000000e+00	-1.294186e+02	8.438062e+04
1.038870e+00	7.650915e+04	-1.461829e-01	1.906644e-01	0.000000e+00	0.000000e+00	7.650915e+04
1.040060e+00	6.609981e+04	-1.464099e-01	1.907654e-01	0.000000e+00	-1.759636e+03	6.785944e+04
1.041250e+00	8.400606e+04	-1.466370e-01	1.908717e-01	0.000000e+00	-1.433614e+03	8.543967e+04
1.042440e+00	6.977194e+04	-1.468642e-01	1.909806e-01	0.000000e+00	-6.431632e+02	7.041511e+04
1.043630e+00	7.272158e+04	-1.470915e-01	1.910815e-01	0.000000e+00	-5.133959e+02	7.323497e+04
1.044820e+00	8.605942e+04	-1.473189e-01	1.911940e-01	0.000000e+00	-1.129100e+03	8.718852e+04
1.046010e+00	8.461100e+04	-1.475465e-01	1.913148e-01	0.000000e+00	-4.034446e+02	8.501444e+04
1.047200e+00	9.481600e+04	-1.477743e-01	1.914419e-01	0.000000e+00	-2.382237e+02	9.505423e+04
1.048390e+00	9.748417e+04	-1.480022e-01	1.915781e-01	0.000000e+00	-1.360976e+03	9.884514e+04
1.049580e+00	9.831348e+04	-1.482302e-01	1.917168e-01	0.000000e+00	-3.952503e+02	9.870873e+04
1.050770e+00	7.931726e+04	-1.484585e-01	1.918425e-01	0.000000e+00	-1.733998e+03	8.105126e+04
1.051960e+00	8.159695e+04	-1.486868e-01	1.919565e-01	0.000000e+00	-5.211386e+02	8.211809e+04
1.053150e+00	8.304096e+04	-1.489153e-01	1.920731e-01	0.000000e+00	-7.924302e+02	8.383339e+04
1.054340e+00	8.162090e+04	-1.491439e-01	1.921897e-01	0.000000e+00	-8.194818e+02	8.244038e+04
1.055530e+00	8.254836e+04	-1.493727e-01	1.923060e-01	0.000000e+00	-2.302702e+03	8.485106e+04
1.056720e+00	8.043135e+04	-1.496016e-01	1.924214e-01	0.000000e+00	-6.711551e+02	8.110251e+04
1.057910e+00	7.612908e+04	-1.498307e-01	1.925322e-01	0.000000e+00	-4.083421e+02	7.653742e+04
1.059100e+00	7.400333e+04	-1.500599e-01	1.926386e-01	0.000000e+00	0.000000e+00	7.400333e+04
1.060290e+00	7.053039e+04	-1.502892e-01	1.927409e-01	0.000000e+00	-2.221440e+03	7.275183e+04
1.061480e+00	7.661204e+04	-1.505186e-01	1.928451e-01	0.000000e+00	-1.980240e+03	7.859228e+04
1.062670e+00	8.884235e+04	-1.507481e-01	1.929623e-01	0.000000e+00	-7.408485e+02	8.958320e+04
1.063860e+00	8.849518e+04	-1.509778e-01	1.930879e-01	0.000000e+00	-2.413904e+03	9.090908e+04
1.065050e+00	7.972715e+04	-1.512077e-01	1.932070e-01	0.000000e+00	-6.326866e+02	8.035983e+04
1.066240e+00	8.529217e+04	-1.514377e-01	1.933239e-01	0.000000e+00	-1.254577e+03	8.654675e+04
1.067430e+00	8.715024e+04	-1.516678e-01	1.934460e-01	0.000000e+00	-3.508597e+02	8.750110e+04
1.068620e+00	9.943363e+04	-1.518981e-01	1.935781e-01	0.000000e+00	-1.741452e+03	1.011751e+05
1.069810e+00	9.254982e+04	-1.521285e-01	1.937141e-01	0.000000e+00	-1.259462e+03	9.380929e+04
1.071000e+00	8.734174e+04	-1.523591e-01	1.938415e-01	0.000000e+00	-1.661500e+03	8.900324e+04
1.072190e+00	7.483368e+04	-1.525899e-01	1.939563e-01	0.000000e+00	-8.690796e+02	7.570276e+04
1.073380e+00	8.039949e+04	-1.528207e-01	1.940662e-01	0.000000e+00	-1.509538e+02	8.055045e+04
1.074570e+00	7.315189e+04	-1.530517e-01	1.941750e-01	0.000000e+00	-1.306243e+03	7.445814e+04
1.075760e+00	7.130626e+04	-1.532829e-01	1.942773e-01	0.000000e+00	-7.650845e+02	7.207134e+04
1.076950e+00	7.588833e+04	-1.535141e-01	1.943815e-01	0.000000e+00	-1.798541e+03	7.768687e+04
1.078140e+00	8.801980e+04	-1.537455e-01	1.944976e-01	0.000000e+00	-1.808587e+02	8.820066e+04
1.079330e+00	8.284686e+04	-1.539770e-01	1.946186e-01	0.000000e+00	-8.050430e+02	8.365190e+04
1.080520e+00	7.989069e+04	-1.542087e-01	1.947338e-01	0.000000e+00	-7.565806e+02	8.064727e+04
1.081710e+00	7.435594e+04	-1.544405e-01	1.948431e-01	0.000000e+00	-9.659378e+02	7.532188e+04
1.082900e+00	7.351027e+04	-1.546724e-01	1.949478e-01	0.000000e+00	-1.674119e+03	7.518439e+04
1.084090e+00	9.282019e+04	-1.549045e-01	1.950656e-01	0.000000e+00	-6.522608e+01	9.288541e+04
1.085280e+00	8.166427e+04	-1.551367e-01	1.951891e-01	0.000000e+00	-1.773600e+03	8.343787e+04
1.086470e+00	8.164175e+04	-1.553690e-01	1.953048e-01	0.000000e+00	-1.329160e+03	8.297091e+04
1.087660e+00	9.287001e+04	-1.556015e-01	1.954284e-01	0.000000e+00	-1.933587e+02	9.306337e+04
1.088850e+00	9.242793e+04	-1.558341e-01	1.955596e-01	0.000000e+00	-6.112468e+02	9.303917e+04
1.090040e+00	7.256581e+04	-1.560669e-01	1.956764e-01	0.000000e+00	-2.295272e+03	7.486108e+04
1.091230e+00	7.591055e+04	-1.562998e-01	1.957816e-01	0.000000e+00	-1.701577e+03	7.761212e+04
1.092420e+00	8.335297e+04	-1.565329e-01	1.958944e-01	0.000000e+00	-1.113811e+03	8.446678e+04
1.093610e+00	8.118426e+04	-1.567661e-01	1.960109e-01	0.000000e+00	-2.994095e+02	8.148367e+04
1.094800e+00	7.554815e+04	-1.569994e-01	1.961219e-01	0.000000e+00	-2.327352e+03	7.787550e+04
1.095990e+00	7.885691e+04	-1.572328e-01	1.962312e-01	0.000000e+00	-9.512357e+02	7.980815e+04
1.097180e+00	7.864831e+04	-1.574664e-01	1.963428e-01	0.000000e+00	-1.206147e+03	7.985446e+04
1.098370e+00	7.219084e+04	-1.577001e-01	1.964496e-01	0.000000e+00	-1.213222e+03	7.340407e+04
1.099560e+00	7.401366e+04	-1.579340e-01	1.965531e-01	0.000000e+00	-8.857688e+02	7.489943e+04
1.100750e+00	7.766345e+04	-1.581679e-01	1.966605e-01	0.000000e+00	-1.023893e+03	7.868734e+04
1.101940e+00	7.340130e+04	-1.584020e-01	1.967675e-01	0.000000e+00	-1.073537e+03	7.447483e+04
1.103130e+00	7.607792e+04	-1.586362e-01	1.968734e-01	0.000000e+00	-2.096816e+03	7.817473e+04
1.104320e+00	7.929339e+04	-1.588706e-01	1.969834e-01	0.000000e+00	-3.329298e+02	7.962632e+04
1.105510e+00	7.101571e+04	-1.591051e-01	1.970898e-01	0.000000e+00	-2.264221e+03	7.327993e+04
1.106700e+00	7.952577e+04	-1.593396e-01	1.971964e-01	0.000000e+00	-8.130837e+02	8.033885e+04
1.107890e+00	7.352003e+04	-1.595744e-01	1.973048e-01	0.000000e+00	-1.006833e+03	7.452686e+04
1.109080e+00	8.408702e+04	-1.598092e-01	1.974164e-01	0.000000e+00	-9.785097e+02	8.506553e+04
1.110270e+00	8.780510e+04	-1.600442e-01	1.975382e-01	0.000000e+00	-5.703781e+02	8.837547e+04
1.111460e+00	8.149985e+04	-1.602794e-01	1.976581e-01	0.000000e+00	-1.560465e+03	8.306032e+04
1.112650e+00	7.770769e+04	-1.605147e-01	1.977708e-01	0.000000e+00	-4.732225e+01	7.775501e+04
1.113840e+00	6.705790e+04	-1.607501e-01	1.978733e-01	0.000000e+00	-1.925302e+03	6.898320e+04
1.115030e+00	6.838861e+04	-1.609856e-01	1.979692e-01	0.000000e+00	-1.003579e+03	6.939219e+04
1.116220e+00	6.915399e+04	-1.612212e-01	1.980666e-01	0.000000e+00	-1.269519e+03	7.042351e+04
1.117410e+00	8.229410e+04	-1.614570e-01	1.981739e-01	0.000000e+00	0.000000e+00	8.229410e+04
1.118600e+00	7.998323e+04	-1.616929e-01	1.982888e-01	0.000000e+00	-2.446392e+02	8.022787e+04
1.119790e+00	8.506294e+04	-1.619289e-01	1.984057e-01	0.000000e+00	-1.436033e+03	8.649898e+04
1.120980e+00	9.231631e+04	-1.621651e-01	1.985313e-01	0.000000e+00	-4.195824e+02	9.273589e+04
1.122170e+00	7.806593e+04	-1.624014e-01	1.986520e-01	0.000000e+00	-4.207538e+02	7.848668e+04
1.123360e+00	7.565662e+04	-1.626379e-01	1.987608e-01	0.000000e+00	-1.219327e+03	7.687595e+04
1.124550e+00	7.491352e+04	-1.628745e-01	1.988674e-01	0.000000e+00	-9.557861e+02	7.586931e+04
1.125740e+00	8.676977e+04	-1.631112e-01	1.989819e-01	0.000000e+00	-7.869096e+02	8.755668e+04
1.126930e+00	8.524239e+04	-1.633481e-01	1.991038e-01	0.000000e+00	-1.290038e+03	8.653242e+04
1.128120e+00	9.220166e+04	-1.635851e-01	1.992294e-01	0.000000e+00	-1.004597e+03	9.320626e+04
1.129310e+00	8.412187e+04	-1.638222e-01	1.993543e-01	0.000000e+00	-6.256942e+02	8.474757e+04
1.130500e+00	8.170518e+04	-1.640595e-01	1.994717e-01	0.000000e+00	-5.755607e+01	8.176273e+04
1.131690e+00	8.564489e+04	-1.642970e-01	1.995902e-01	0.000000e+00	-8.026603e+02	8.644755e+04
1.132880e+00	8.954608e+04	-1.645345e-01	1.997143e-01	0.000000e+00	-1.094827e+03	9.064091e+04
1.134070e+00	8.247497e+04	-1.647723e-01	1.998361e-01	0.000000e+00	-1.671426e+03	8.414639e+04
1.135260e+00	8.038450e+04	-1.650102e-01	1.999514e-01	0.000000e+00	-2.002677e+03	8.238718e+04
1.136450e+00	9.117854e+04	-1.652482e-01	2.000729e-01	0.000000e+00	-1.747945e+03	9.292649e+04
1.137640e+00	8.513669e+04	-1.654863e-01	2.001978e-01	0.000000e+00	-1.026270e+03	8.616296e+04
1.138830e+00	9.115685e+04	-1.657246e-01	2.003226e-01	0.000000e+00	-4.388908e+02	9.159574e+04
1.140020e+00	8.417652e+04	-1.659631e-01	2.004468e-01	0.000000e+00	-4.014454e+02	8.457797e+04
1.141210e+00	7.365895e+04	-1.662017e-01	2.005586e-01	0.000000e+00	0.000000e+00	7.365895e+04
1.142400e+00	7.978419e+04	-1.664404e-01	2.006672e-01	0.000000e+00	-6.673927e+02	8.045158e+04
1.143590e+00	7.440213e+04	-1.666793e-01	2.007764e-01	0.000000e+00	-4.652990e+02	7.486743e+04
1.144780e+00	7.601347e+04	-1.669183e-01	2.008830e-01	0.000000e+00	-8.088895e+02	7.682236e+04
1.145970e+00	8.009972e+04	-1.671574e-01	2.009935e-01	0.000000e+00	-1.032993e+03	8.113271e+04
1.147160e+00	7.851809e+04	-1.673966e-01	2.011058e-01	0.000000e+00	-1.496477e+03	8.001457e+04
1.148350e+00	7.112416e+04	-1.676360e-01	2.012118e-01	0.000000e+00	-5.709653e+02	7.169513e+04
1.149540e+00	7.368456e+04	-1.678755e-01	2.013144e-01	0.000000e+00	-7.774444e+02	7.446200e+04
1.150730e+00	8.286732e+04	-1.681152e-01	2.014252e-01	0.000000e+00	-6.289177e+01	8.293021e+04
1.151920e+00	8.183638e+04	-1.683549e-01	2.015419e-01	0.000000e+00	-1.113211e+03	8.294959e+04
1.153110e+00	8.608125e+04	-1.685948e-01	2.016608e-01	0.000000e+00	-9.727831e+02	8.705404e+04
1.154300e+00	7.985223e+04	-1.688349e-01	2.017783e-01	0.000000e+00	-1.986914e+03	8.183914e+04
1.155490e+00	7.439184e+04	-1.690751e-01	2.018875e-01	0.000000e+00	-1.287729e+02	7.452061e+04
1.156680e+00	8.117934e+04	-1.693154e-01	2.019977e-01	0.000000e+00	0.000000e+00	8.117934e+04
1.157870e+00	7.479813e+04	-1.695558e-01	2.021081e-01	0.000000e+00	-1.255280e+03	7.605341e+04
1.159060e+00	7.784952e+04	-1.697964e-01	2.022162e-01	0.000000e+00	-2.784573e+03	8.063409e+04
1.160250e+00	8.795696e+04	-1.700371e-01	2.023337e-01	0.000000e+00	-1.618275e+02	8.811879e+04
1.161440e+00	8.275501e+04	-1.702779e-01	2.024545e-01	0.000000e+00	-5.085509e+02	8.326357e+04
1.162630e+00	8.222361e+04	-1.705189e-01	2.025714e-01	0.000000e+00	-3.317852e+02	8.255540e+04
1.163820e+00	8.725134e+04	-1.707601e-01	2.026914e-01	0.000000e+00	-3.678183e+02	8.761916e+04
1.165010e+00	8.503794e+04	-1.710013e-01	2.028134e-01	0.000000e+00	-4.725178e+02	8.551046e+04
1.166200e+00	9.160889e+04	-1.712427e-01	2.029385e-01	0.000000e+00	0.000000e+00	9.160889e+04
1.167390e+00	7.742884e+04	-1.714843e-01	2.030582e-01	0.000000e+00	-8.904397e+01	7.751788e+04
1.168580e+00	7.007901e+04	-1.717260e-01	2.031627e-01	0.000000e+00	-8.202762e+02	7.089928e+04
1.169770e+00	8.458282e+04	-1.719679e-01	2.032722e-01	0.000000e+00	-1.124535e+03	8.570735e+04
1.170960e+00	8.692004e+04	-1.722098e-01	2.033936e-01	0.000000e+00	-4.871532e+02	8.740719e+04
1.172150e+00	8.590234e+04	-1.724519e-01	2.035160e-01	0.000000e+00	-9.067058e+02	8.680905e+04
1.173340e+00	7.907919e+04	-1.726942e-01	2.036329e-01	0.000000e+00	-1.231138e+03	8.031033e+04
1.174530e+00	7.885296e+04	-1.729366e-01	2.037447e-01	0.000000e+00	-3.831642e+02	7.923613e+04
1.175720e+00	8.367538e+04	-1.731791e-01	2.038598e-01	0.000000e+00	-2.813051e+02	8.395669e+04
1.176910e+00	7.535777e+04	-1.734218e-01	2.039724e-01	0.000000e+00	-1.399367e+03	7.675713e+04
1.178100e+00	7.730555e+04	-1.736646e-01	2.040805e-01	0.000000e+00	0.000000e+00	7.730555e+04
1.179290e+00	9.538732e+04	-1.739075e-01	2.042028e-01	0.000000e+00	-7.453887e+02	9.613271e+04
1.180480e+00	7.951884e+04	-1.741506e-01	2.043267e-01	0.000000e+00	-9.494740e+01	7.961379e+04
1.181670e+00	6.675143e+04	-1.743938e-01	2.044303e-01	0.000000e+00	0.000000e+00	6.675143e+04
1.182860e+00	7.917776e+04	-1.746371e-01	2.045336e-01	0.000000e+00	0.000000e+00	7.917776e+04
1.184050e+00	8.822904e+04	-1.748806e-01	2.046522e-01	0.000000e+00	0.000000e+00	8.822904e+04
1.185240e+00	7.459278e+04	-1.751242e-01	2.047675e-01	0.000000e+00	0.000000e+00	7.459278e+04
1.186430e+00	7.614924e+04	-1.753679e-01	2.048742e-01	0.000000e+00	0.000000e+00	7.614924e+04
1.187620e+00	9.954242e+04	-1.756118e-01	2.049986e-01	0.000000e+00	0.000000e+00	9.954242e+04
1.188810e+00	9.805487e+04	-1.758558e-01	2.051386e-01	0.000000e+00	0.000000e+00	9.805487e+04
1.190000e+00	4.635402e+04	-1.761000e-01	2.052408e-01	0.000000e+00	0.000000e+00	4.635402e+04
