#x	rho	phi	ex	bz	rhok[0]	rhok[1]
0.000000e+00	-3.824664e+03	0.000000e+00	5.611405e-02	0.000000e+00	-4.470811e+03	6.461471e+02
1.190000e-03	-9.671448e+02	-6.677250e-05	5.611066e-02	0.000000e+00	-4.027029e+03	3.059884e+03
2.380000e-03	8.168167e+03	-1.335434e-04	5.611576e-02	0.000000e+00	-1.836513e+03	1.000468e+04
3.570000e-03	7.873585e+03	-2.003280e-04	5.612712e-02	0.000000e+00	-3.727140e+03	1.160073e+04
4.760000e-03	1.029148e+04	-2.671259e-04	5.613998e-02	0.000000e+00	-3.208019e+03	1.349950e+04
5.950000e-03	1.077056e+04	-3.339411e-04	5.615489e-02	0.000000e+00	-4.106254e+03	1.487681e+04
7.140000e-03	1.034574e+04	-4.007745e-04	5.616985e-02	0.000000e+00	-3.132897e+03	1.347864e+04
8.330000e-03	1.613969e+04	-4.676254e-04	5.618860e-02	0.000000e+00	-6.266611e+03	2.240630e+04
9.520000e-03	1.546687e+04	-5.345034e-04	5.621099e-02	0.000000e+00	-4.986145e+03	2.045301e+04
1.071000e-02	1.365771e+04	-6.014075e-04	5.623161e-02	0.000000e+00	-7.037682e+03	2.069539e+04
1.190000e-02	8.901221e+03	-6.683347e-04	5.624759e-02	0.000000e+00	-6.376698e+03	1.527792e+04
1.309000e-02	1.928599e+04	-7.352768e-04	5.626755e-02	0.000000e+00	-5.290276e+03	2.457627e+04
1.428000e-02	2.567196e+04	-8.022514e-04	5.629939e-02	0.000000e+00	-4.160010e+03	2.983197e+04
1.547000e-02	1.960281e+04	-8.692693e-04	5.633145e-02	0.000000e+00	-6.957109e+03	2.655992e+04
1.666000e-02	2.171352e+04	-9.363203e-04	5.636071e-02	0.000000e+00	-5.502196e+03	2.721572e+04
1.785000e-02	2.358566e+04	-1.003408e-03	5.639279e-02	0.000000e+00	-6.585204e+03	3.017086e+04
1.904000e-02	2.833514e+04	-1.070535e-03	5.642956e-02	0.000000e+00	-3.401791e+03	3.173693e+04
2.023000e-02	2.603065e+04	-1.137710e-03	5.646806e-02	0.000000e+00	-4.983101e+03	3.101375e+04
2.142000e-02	2.477349e+04	-1.204929e-03	5.650403e-02	0.000000e+00	-5.047087e+03	2.982057e+04
2.261000e-02	3.042895e+04	-1.272190e-03	5.654313e-02	0.000000e+00	-6.225361e+03	3.665431e+04
2.380000e-02	2.637238e+04	-1.339502e-03	5.658335e-02	0.000000e+00	-3.864867e+03	3.023725e+04
2.499000e-02	2.902710e+04	-1.406858e-03	5.662258e-02	0.000000e+00	-3.591315e+03	3.261842e+04
2.618000e-02	4.486526e+04	-1.474263e-03	5.667491e-02	0.000000e+00	-4.433418e+03	4.929868e+04
2.737000e-02	3.272786e+04	-1.541744e-03	5.672986e-02	0.000000e+00	-4.281740e+03	3.700960e+04
2.856000e-02	2.585289e+04	-1.609281e-03	5.677134e-02	0.000000e+00	-5.198193e+03	3.105109e+04
2.975000e-02	3.147118e+04	-1.676860e-03	5.681194e-02	0.000000e+00	-8.977715e+03	4.044890e+04
3.094000e-02	4.446613e+04	-1.744493e-03	5.686571e-02	0.000000e+00	-4.590532e+03	4.905666e+04
3.213000e-02	4.058633e+04	-1.812201e-03	5.692595e-02	0.000000e+00	-3.626629e+03	4.421296e+04
3.332000e-02	3.917497e+04	-1.879977e-03	5.698243e-02	0.000000e+00	-3.697002e+03	4.287197e+04
3.451000e-02	3.394136e+04	-1.947819e-03	5.703421e-02	0.000000e+00	-6.790238e+03	4.073160e+04
3.570000e-02	4.072151e+04	-2.015718e-03	5.708708e-02	0.000000e+00	-3.704960e+03	4.442647e+04
3.689000e-02	3.911572e+04	-2.083686e-03	5.714362e-02	0.000000e+00	-6.009573e+03	4.512530e+04
3.808000e-02	3.623189e+04	-2.151720e-03	5.719698e-02	0.000000e+00	-4.594122e+03	4.082601e+04
3.927000e-02	3.734272e+04	-2.219815e-03	5.724908e-02	0.000000e+00	-8.175542e+03	4.551826e+04
4.046000e-02	3.815704e+04	-2.287973e-03	5.730255e-02	0.000000e+00	-8.484318e+03	4.664136e+04
4.165000e-02	4.119079e+04	-2.356195e-03	5.735874e-02	0.000000e+00	-1.959077e+03	4.314987e+04
4.284000e-02	4.016039e+04	-2.424487e-03	5.741635e-02	0.000000e+00	-4.601474e+03	4.476187e+04
4.403000e-02	4.924480e+04	-2.492846e-03	5.747966e-02	0.000000e+00	-5.255392e+03	5.450019e+04
4.522000e-02	4.150481e+04	-2.561288e-03	5.754393e-02	0.000000e+00	-5.400139e+03	4.690495e+04
4.641000e-02	4.395660e+04	-2.629800e-03	5.760445e-02	0.000000e+00	-4.901856e+03	4.885846e+04
4.760000e-02	5.493791e+04	-2.698387e-03	5.767448e-02	0.000000e+00	-2.909211e+03	5.784712e+04
4.879000e-02	5.955888e+04	-2.767066e-03	5.775556e-02	0.000000e+00	-1.576887e+03	6.113576e+04
4.998000e-02	4.787075e+04	-2.835845e-03	5.783164e-02	0.000000e+00	-5.157219e+03	5.302797e+04
5.117000e-02	4.963643e+04	-2.904705e-03	5.790069e-02	0.000000e+00	-4.377204e+03	5.401364e+04
5.236000e-02	5.051193e+04	-2.973649e-03	5.797162e-02	0.000000e+00	-5.052040e+03	5.556397e+04
5.355000e-02	5.803705e+04	-3.042677e-03	5.804849e-02	0.000000e+00	-7.161126e+03	6.519818e+04
5.474000e-02	5.361171e+04	-3.111804e-03	5.812755e-02	0.000000e+00	-3.225357e+03	5.683707e+04
5.593000e-02	5.536015e+04	-3.181021e-03	5.820472e-02	0.000000e+00	-4.891993e+03	6.025214e+04
5.712000e-02	5.609022e+04	-3.250331e-03	5.828365e-02	0.000000e+00	-2.693651e+03	5.878387e+04
5.831000e-02	5.493189e+04	-3.319736e-03	5.836227e-02	0.000000e+00	-2.942175e+03	5.787407e+04
5.950000e-02	5.318482e+04	-3.389233e-03	5.843883e-02	0.000000e+00	-5.473542e+03	5.865836e+04
6.069000e-02	5.755600e+04	-3.458820e-03	5.851726e-02	0.000000e+00	-4.279176e+03	6.183518e+04
6.188000e-02	5.755168e+04	-3.528505e-03	5.859877e-02	0.000000e+00	-4.332294e+03	6.188397e+04
6.307000e-02	5.099204e+04	-3.598286e-03	5.867564e-02	0.000000e+00	-4.632895e+03	5.562494e+04
6.426000e-02	6.217923e+04	-3.668153e-03	5.875578e-02	0.000000e+00	-4.307062e+03	6.648630e+04
6.545000e-02	6.298177e+04	-3.738124e-03	5.884442e-02	0.000000e+00	-6.638349e+03	6.962012e+04
6.664000e-02	5.642414e+04	-3.808202e-03	5.892898e-02	0.000000e+00	-3.647588e+03	6.007173e+04
6.783000e-02	5.237978e+04	-3.878375e-03	5.900603e-02	0.000000e+00	-6.689426e+03	5.906920e+04
6.902000e-02	6.788187e+04	-3.948637e-03	5.909119e-02	0.000000e+00	-2.941083e+03	7.082295e+04
7.021000e-02	7.295964e+04	-4.019012e-03	5.919093e-02	0.000000e+00	-3.002828e+03	7.596247e+04
7.140000e-02	5.640137e+04	-4.089511e-03	5.928254e-02	0.000000e+00	-4.647673e+03	6.104904e+04
7.259000e-02	6.894468e+04	-4.160105e-03	5.937131e-02	0.000000e+00	-3.885907e+03	7.283059e+04
7.378000e-02	6.992233e+04	-4.230815e-03	5.946965e-02	0.000000e+00	-5.554901e+03	7.547723e+04
7.497000e-02	6.803491e+04	-4.301643e-03	5.956734e-02	0.000000e+00	-3.156261e+03	7.119117e+04
7.616000e-02	6.822597e+04	-4.372585e-03	5.966384e-02	0.000000e+00	-7.264609e+03	7.549058e+04
7.735000e-02	6.717821e+04	-4.443642e-03	5.975973e-02	0.000000e+00	-9.071887e+03	7.625010e+04
7.854000e-02	8.220721e+04	-4.514813e-03	5.986552e-02	0.000000e+00	-6.841858e+03	8.904907e+04
7.973000e-02	7.568747e+04	-4.586122e-03	5.997733e-02	0.000000e+00	-5.915921e+03	8.160339e+04
8.092000e-02	7.110744e+04	-4.657559e-03	6.008129e-02	0.000000e+00	-5.471967e+03	7.657941e+04
8.211000e-02	7.343641e+04	-4.729116e-03	6.018365e-02	0.000000e+00	-4.237967e+03	7.767438e+04
8.330000e-02	7.045155e+04	-4.800796e-03	6.028554e-02	0.000000e+00	-5.767371e+03	7.621892e+04
8.449000e-02	7.274983e+04	-4.872595e-03	6.038695e-02	0.000000e+00	-5.298164e+03	7.804799e+04
8.568000e-02	7.595365e+04	-4.944517e-03	6.049226e-02	0.000000e+00	-3.614832e+03	7.956848e+04
8.687000e-02	7.976380e+04	-5.016567e-03	6.060253e-02	0.000000e+00	-6.464640e+03	8.622844e+04
8.806000e-02	9.002766e+04	-5.088751e-03	6.072277e-02	0.000000e+00	-4.799574e+03	9.482723e+04
8.925000e-02	8.332553e+04	-5.161087e-03	6.084554e-02	0.000000e+00	-3.627793e+03	8.695333e+04
9.044000e-02	9.571259e+04	-5.233564e-03	6.097233e-02	0.000000e+00	-2.764874e+03	9.847746e+04
9.163000e-02	7.571020e+04	-5.306201e-03	6.109372e-02	0.000000e+00	-7.770955e+03	8.348115e+04
9.282000e-02	7.861509e+04	-5.378967e-03	6.120301e-02	0.000000e+00	-5.949039e+03	8.456413e+04
9.401000e-02	7.832230e+04	-5.451865e-03	6.131415e-02	0.000000e+00	-4.015925e+03	8.233823e+04
9.520000e-02	8.427363e+04	-5.524894e-03	6.142929e-02	0.000000e+00	-3.374669e+03	8.764830e+04
9.639000e-02	8.269815e+04	-5.598066e-03	6.154753e-02	0.000000e+00	-6.099903e+03	8.879805e+04
9.758000e-02	8.063284e+04	-5.671377e-03	6.166320e-02	0.000000e+00	-4.068657e+03	8.470150e+04
9.877000e-02	8.788213e+04	-5.744825e-03	6.178254e-02	0.000000e+00	-3.803739e+03	9.168587e+04
9.996000e-02	8.932428e+04	-5.818420e-03	6.190803e-02	0.000000e+00	-5.215724e+03	9.454001e+04
1.011500e-01	8.016752e+04	-5.892166e-03	6.202806e-02	0.000000e+00	-5.806229e+03	8.597375e+04
1.023400e-01	8.896634e+04	-5.966047e-03	6.214783e-02	0.000000e+00	-2.768900e+03	9.173524e+04
1.035300e-01	8.910469e+04	-6.040078e-03	6.227393e-02	0.000000e+00	-5.080609e+03	9.418529e+04
1.047200e-01	7.516064e+04	-6.114259e-03	6.239026e-02	0.000000e+00	-3.382742e+03	7.854338e+04
1.059100e-01	8.636092e+04	-6.188566e-03	6.250464e-02	0.000000e+00	-2.377525e+03	8.873845e+04
1.071000e-01	8.355770e+04	-6.263020e-03	6.262497e-02	0.000000e+00	-5.035395e+03	8.859310e+04
1.082900e-01	6.821209e+04	-6.337614e-03	6.273245e-02	0.000000e+00	-6.231269e+03	7.444336e+04
1.094800e-01	7.536388e+04	-6.412323e-03	6.283413e-02	0.000000e+00	-3.129088e+03	7.849297e+04
1.106700e-01	8.438703e+04	-6.487159e-03	6.294726e-02	0.000000e+00	-4.307330e+03	8.869436e+04
1.118600e-01	8.856688e+04	-6.562137e-03	6.306974e-02	0.000000e+00	-5.308979e+03	9.387586e+04
1.130500e-01	8.011356e+04	-6.637265e-03	6.318919e-02	0.000000e+00	-5.647041e+03	8.576060e+04
1.142400e-01	9.447840e+04	-6.712528e-03	6.331283e-02	0.000000e+00	-4.219222e+03	9.869763e+04
1.154300e-01	9.673415e+04	-6.787950e-03	6.344824e-02	0.000000e+00	-3.578375e+03	1.003125e+05
1.166200e-01	8.549912e+04	-6.863535e-03	6.357729e-02	0.000000e+00	-5.910210e+03	9.140933e+04
1.178100e-01	8.292333e+04	-6.939264e-03	6.369656e-02	0.000000e+00	-5.054734e+03	8.797806e+04
1.190000e-01	8.460874e+04	-7.015132e-03	6.381520e-02	0.000000e+00	-5.100244e+03	8.970898e+04
1.201900e-01	9.213637e+04	-7.091144e-03	6.394037e-02	0.000000e+00	-5.361078e+03	9.749744e+04
1.213800e-01	9.338506e+04	-7.167310e-03	6.407175e-02	0.000000e+00	-6.742346e+03	1.001274e+05
1.225700e-01	9.226451e+04	-7.243634e-03	6.420322e-02	0.000000e+00	-6.209049e+03	9.847356e+04
1.237600e-01	9.660435e+04	-7.320114e-03	6.433697e-02	0.000000e+00	-3.523271e+03	1.001276e+05
1.249500e-01	1.024896e+05	-7.396756e-03	6.447796e-02	0.000000e+00	-4.180058e+03	1.066697e+05
1.261400e-01	8.577412e+04	-7.473572e-03	6.461128e-02	0.000000e+00	-2.903291e+03	8.867741e+04
1.273300e-01	8.959692e+04	-7.550531e-03	6.473547e-02	0.000000e+00	-2.944146e+03	9.254107e+04
1.285200e-01	9.672436e+04	-7.627642e-03	6.486742e-02	0.000000e+00	-5.072970e+03	1.017973e+05
1.297100e-01	1.081655e+05	-7.704916e-03	6.501252e-02	0.000000e+00	-5.774509e+03	1.139400e+05
1.309000e-01	9.504459e+04	-7.782372e-03	6.515642e-02	0.000000e+00	-4.656770e+03	9.970136e+04
1.320900e-01	1.032226e+05	-7.859988e-03	6.529683e-02	0.000000e+00	-2.595754e+03	1.058183e+05
1.332800e-01	8.973060e+04	-7.937778e-03	6.543347e-02	0.000000e+00	-4.272212e+03	9.400281e+04
1.344700e-01	8.096569e+04	-8.015720e-03	6.555435e-02	0.000000e+00	-4.434738e+03	8.540043e+04
1.356600e-01	8.364655e+04	-8.093798e-03	6.567092e-02	0.000000e+00	-5.319910e+03	8.896646e+04
1.368500e-01	8.892971e+04	-8.172017e-03	6.579314e-02	0.000000e+00	-1.931229e+03	9.086094e+04
1.380400e-01	9.238321e+04	-8.250385e-03	6.592154e-02	0.000000e+00	-1.883217e+03	9.426643e+04
1.392300e-01	9.141580e+04	-8.328910e-03	6.605170e-02	0.000000e+00	-5.142716e+03	9.655852e+04
1.404200e-01	9.676529e+04	-8.407588e-03	6.618496e-02	0.000000e+00	-5.222654e+03	1.019879e+05
1.416100e-01	1.036655e+05	-8.486430e-03	6.632690e-02	0.000000e+00	-6.801119e+03	1.104666e+05
1.428000e-01	1.077940e+05	-8.565446e-03	6.647664e-02	0.000000e+00	-3.175142e+03	1.109692e+05
1.439900e-01	1.126135e+05	-8.644644e-03	6.663273e-02	0.000000e+00	-3.005229e+03	1.156188e+05
1.451800e-01	9.830873e+04	-8.724032e-03	6.678210e-02	0.000000e+00	-2.786008e+03	1.010947e+05
1.463700e-01	9.604671e+04	-8.803586e-03	6.691973e-02	0.000000e+00	-2.600459e+03	9.864717e+04
1.475600e-01	1.174224e+05	-8.883301e-03	6.707090e-02	0.000000e+00	-2.417079e+03	1.198395e+05
1.487500e-01	1.048406e+05	-8.963215e-03	6.722830e-02	0.000000e+00	-4.221235e+03	1.090618e+05
1.499400e-01	9.726486e+04	-9.043305e-03	6.737143e-02	0.000000e+00	-5.418706e+03	1.026836e+05
1.511300e-01	1.108100e+05	-9.123559e-03	6.751878e-02	0.000000e+00	-1.574159e+03	1.123842e+05
1.523200e-01	1.122130e+05	-9.203999e-03	6.767672e-02	0.000000e+00	-2.131640e+03	1.143447e+05
1.535100e-01	1.152933e+05	-9.284629e-03	6.783783e-02	0.000000e+00	-2.809704e+03	1.181030e+05
1.547000e-01	1.225671e+05	-9.365453e-03	6.800627e-02	0.000000e+00	-2.518280e+03	1.250854e+05
1.558900e-01	1.122591e+05	-9.446484e-03	6.817257e-02	0.000000e+00	-4.475437e+03	1.167346e+05
1.570800e-01	1.097064e+05	-9.527704e-03	6.832976e-02	0.000000e+00	-3.763800e+03	1.134702e+05
1.582700e-01	1.112865e+05	-9.609109e-03	6.848625e-02	0.000000e+00	-2.229982e+03	1.135165e+05
1.594600e-01	1.093020e+05	-9.690701e-03	6.864247e-02	0.000000e+00	-5.447986e+03	1.147500e+05
1.606500e-01	1.040062e+05	-9.772478e-03	6.879353e-02	0.000000e+00	-4.580207e+03	1.085865e+05
1.618400e-01	9.921920e+04	-9.854430e-03	6.893744e-02	0.000000e+00	-7.112942e+03	1.063321e+05
1.630300e-01	1.048704e+05	-9.936549e-03	6.908197e-02	0.000000e+00	-6.692511e+03	1.115629e+05
1.642200e-01	1.061200e+05	-1.001884e-02	6.923139e-02	0.000000e+00	-5.551509e+03	1.116715e+05
1.654100e-01	1.012535e+05	-1.010132e-02	6.937824e-02	0.000000e+00	-2.206527e+03	1.034600e+05
1.666000e-01	1.023852e+05	-1.018397e-02	6.952245e-02	0.000000e+00	-5.032145e+03	1.074174e+05
1.677900e-01	1.051253e+05	-1.026678e-02	6.966940e-02	0.000000e+00	-5.423241e+03	1.105486e+05
1.689800e-01	1.080601e+05	-1.034978e-02	6.982037e-02	0.000000e+00	-4.309365e+03	1.123695e+05
1.701700e-01	1.062541e+05	-1.043296e-02	6.997214e-02	0.000000e+00	-6.279835e+03	1.125339e+05
1.713600e-01	1.093046e+05	-1.051631e-02	7.012479e-02	0.000000e+00	-7.472776e+03	1.167774e+05
1.725500e-01	1.107177e+05	-1.059985e-02	7.028061e-02	0.000000e+00	-6.091922e+03	1.168096e+05
1.737400e-01	1.221845e+05	-1.068358e-02	7.044554e-02	0.000000e+00	-3.555243e+03	1.257398e+05
1.749300e-01	1.122477e+05	-1.076751e-02	7.061156e-02	0.000000e+00	-3.551127e+02	1.126028e+05
1.761200e-01	1.120946e+05	-1.085164e-02	7.077043e-02	0.000000e+00	-1.854062e+03	1.139487e+05
1.773100e-01	9.669580e+04	-1.093595e-02	7.091829e-02	0.000000e+00	-1.918263e+03	9.861407e+04
1.785000e-01	1.025219e+05	-1.102042e-02	7.105936e-02	0.000000e+00	-6.210264e+02	1.031430e+05
1.796900e-01	1.118206e+05	-1.110507e-02	7.121115e-02	0.000000e+00	-4.345475e+03	1.161660e+05
1.808800e-01	1.009744e+05	-1.118990e-02	7.136185e-02	0.000000e+00	-5.445625e+03	1.064200e+05
1.820700e-01	1.170162e+05	-1.127491e-02	7.151622e-02	0.000000e+00	-4.306107e+03	1.213223e+05
1.832600e-01	1.105851e+05	-1.136011e-02	7.167740e-02	0.000000e+00	-4.925051e+03	1.155102e+05
1.844500e-01	1.317975e+05	-1.144550e-02	7.184905e-02	0.000000e+00	-1.442698e+03	1.332402e+05
1.856400e-01	1.284846e+05	-1.153111e-02	7.203337e-02	0.000000e+00	-1.823779e+03	1.303084e+05
1.868300e-01	1.094759e+05	-1.161694e-02	7.220189e-02	0.000000e+00	-5.451086e+03	1.149270e+05
1.880200e-01	1.170337e+05	-1.170295e-02	7.236229e-02	0.000000e+00	-4.607326e+03	1.216410e+05
1.892100e-01	1.058690e+05	-1.178916e-02	7.252014e-02	0.000000e+00	-3.469906e+03	1.093389e+05
1.904000e-01	1.028507e+05	-1.187555e-02	7.266795e-02	0.000000e+00	-4.368085e+03	1.072187e+05
1.915900e-01	1.061742e+05	-1.196211e-02	7.281598e-02	0.000000e+00	-5.492046e+03	1.116663e+05
1.927800e-01	1.152285e+05	-1.204885e-02	7.297277e-02	0.000000e+00	-5.559209e+03	1.207878e+05
1.939700e-01	1.331059e+05	-1.213579e-02	7.314863e-02	0.000000e+00	-1.699690e+03	1.348056e+05
1.951600e-01	1.276896e+05	-1.222295e-02	7.333331e-02	0.000000e+00	-3.343522e+03	1.310331e+05
1.963500e-01	1.077432e+05	-1.231032e-02	7.350004e-02	0.000000e+00	-4.179698e+03	1.119229e+05
1.975400e-01	1.039180e+05	-1.239788e-02	7.364993e-02	0.000000e+00	-7.745552e+03	1.116635e+05
1.987300e-01	1.139841e+05	-1.248561e-02	7.380424e-02	0.000000e+00	-3.096397e+03	1.170805e+05
1.999200e-01	1.323395e+05	-1.257353e-02	7.397868e-02	0.000000e+00	-3.703544e+03	1.360431e+05
2.011100e-01	1.178167e+05	-1.266168e-02	7.415583e-02	0.000000e+00	-5.076124e+03	1.228929e+05
2.023000e-01	1.167187e+05	-1.275002e-02	7.432192e-02	0.000000e+00	-2.172125e+03	1.188909e+05
2.034900e-01	1.256180e+05	-1.283856e-02	7.449353e-02	0.000000e+00	-3.339343e+03	1.289573e+05
2.046800e-01	1.102892e+05	-1.292732e-02	7.466059e-02	0.000000e+00	-9.477211e+02	1.112369e+05
2.058700e-01	1.028771e+05	-1.301626e-02	7.481155e-02	0.000000e+00	-2.860561e+03	1.057376e+05
2.070600e-01	1.158253e+05	-1.310537e-02	7.496643e-02	0.000000e+00	-4.021611e+03	1.198469e+05
2.082500e-01	1.245351e+05	-1.319468e-02	7.513664e-02	0.000000e+00	-4.068282e+03	1.286034e+05
2.094400e-01	1.237680e+05	-1.328419e-02	7.531248e-02	0.000000e+00	-3.915534e+03	1.276835e+05
2.106300e-01	1.157016e+05	-1.337392e-02	7.548207e-02	0.000000e+00	-5.614525e+03	1.213161e+05
2.118200e-01	1.206778e+05	-1.346384e-02	7.564946e-02	0.000000e+00	-8.039040e+03	1.287168e+05
2.130100e-01	1.014825e+05	-1.355397e-02	7.580679e-02	0.000000e+00	-5.091195e+03	1.065737e+05
2.142000e-01	1.261805e+05	-1.364426e-02	7.596801e-02	0.000000e+00	-2.696026e+03	1.288765e+05
2.153900e-01	1.127097e+05	-1.373477e-02	7.613719e-02	0.000000e+00	-3.075613e+03	1.157853e+05
2.165800e-01	1.229768e+05	-1.382547e-02	7.630409e-02	0.000000e+00	-3.648221e+03	1.266250e+05
2.177700e-01	1.073309e+05	-1.391637e-02	7.646719e-02	0.000000e+00	-4.447713e+03	1.117786e+05
2.189600e-01	1.207626e+05	-1.400746e-02	7.662871e-02	0.000000e+00	-1.815210e+03	1.225778e+05
2.201500e-01	1.178293e+05	-1.409875e-02	7.679768e-02	0.000000e+00	-8.793936e+03	1.266233e+05
2.213400e-01	1.156432e+05	-1.419024e-02	7.696301e-02	0.000000e+00	-3.299313e+03	1.189425e+05
2.225300e-01	1.365212e+05	-1.428192e-02	7.714159e-02	0.000000e+00	-2.329922e+03	1.388511e+05
2.237200e-01	1.326352e+05	-1.437383e-02	7.733219e-02	0.000000e+00	-4.266575e+03	1.369018e+05
2.249100e-01	1.190492e+05	-1.446597e-02	7.751043e-02	0.000000e+00	-4.989781e+03	1.240390e+05
2.261000e-01	1.175803e+05	-1.455831e-02	7.767800e-02	0.000000e+00	-2.903359e+03	1.204836e+05
2.272900e-01	1.134555e+05	-1.465085e-02	7.784161e-02	0.000000e+00	-3.320945e+03	1.167765e+05
2.284800e-01	1.396609e+05	-1.474357e-02	7.802086e-02	0.000000e+00	-3.271681e+03	1.429325e+05
2.296700e-01	1.230313e+05	-1.483654e-02	7.820689e-02	0.000000e+00	-1.919663e+02	1.232233e+05
2.308600e-01	1.371143e+05	-1.492970e-02	7.839112e-02	0.000000e+00	-3.000033e+03	1.401143e+05
2.320500e-01	1.245316e+05	-1.502311e-02	7.857640e-02	0.000000e+00	-3.981494e+03	1.285131e+05
2.332400e-01	1.220276e+05	-1.511672e-02	7.875101e-02	0.000000e+00	-5.469580e+03	1.274972e+05
2.344300e-01	1.150503e+05	-1.521053e-02	7.891890e-02	0.000000e+00	-3.001601e+03	1.180519e+05
2.356200e-01	1.313999e+05	-1.530454e-02	7.909343e-02	0.000000e+00	-4.287986e+03	1.356879e+05
2.368100e-01	1.117445e+05	-1.539878e-02	7.926561e-02	0.000000e+00	-3.489057e+03	1.152336e+05
2.380000e-01	1.149670e+05	-1.549320e-02	7.942616e-02	0.000000e+00	-4.604336e+03	1.195713e+05
2.391900e-01	1.374729e+05	-1.558781e-02	7.960493e-02	0.000000e+00	-2.043661e+03	1.395165e+05
2.403800e-01	1.276756e+05	-1.568266e-02	7.979270e-02	0.000000e+00	-2.754680e+03	1.304303e+05
2.415700e-01	1.134951e+05	-1.577772e-02	7.996349e-02	0.000000e+00	-7.257216e+03	1.207523e+05
2.427600e-01	1.172670e+05	-1.587297e-02	8.012691e-02	0.000000e+00	-4.406044e+03	1.216730e+05
2.439500e-01	1.222587e+05	-1.596842e-02	8.029653e-02	0.000000e+00	-7.104738e+03	1.293634e+05
2.451400e-01	1.373391e+05	-1.606407e-02	8.048037e-02	0.000000e+00	-5.336558e+03	1.426756e+05
2.463300e-01	1.255068e+05	-1.615996e-02	8.066650e-02	0.000000e+00	-3.568620e+03	1.290754e+05
2.475200e-01	1.312952e+05	-1.625606e-02	8.084836e-02	0.000000e+00	-4.520764e+03	1.358160e+05
2.487100e-01	1.266853e+05	-1.635238e-02	8.103106e-02	0.000000e+00	-9.088263e+03	1.357736e+05
2.499000e-01	1.245434e+05	-1.644891e-02	8.120897e-02	0.000000e+00	-6.963013e+03	1.315064e+05
2.510900e-01	1.196988e+05	-1.654566e-02	8.138193e-02	0.000000e+00	-8.463015e+03	1.281618e+05
2.522800e-01	1.304937e+05	-1.664260e-02	8.155911e-02	0.000000e+00	-1.968433e+03	1.324621e+05
2.534700e-01	1.208240e+05	-1.673977e-02	8.173708e-02	0.000000e+00	-3.890757e+03	1.247147e+05
2.546600e-01	1.243242e+05	-1.683714e-02	8.191069e-02	0.000000e+00	-2.305559e+03	1.266297e+05
2.558500e-01	1.361166e+05	-1.693472e-02	8.209512e-02	0.000000e+00	-2.308843e+03	1.384254e+05
2.570400e-01	1.401310e+05	-1.703252e-02	8.229075e-02	0.000000e+00	-5.444820e+03	1.455758e+05
2.582300e-01	1.482170e+05	-1.713057e-02	8.249495e-02	0.000000e+00	-1.924685e+03	1.501416e+05
2.594200e-01	1.496429e+05	-1.722886e-02	8.270588e-02	0.000000e+00	-5.956096e+02	1.502385e+05
2.606100e-01	1.258739e+05	-1.732741e-02	8.290099e-02	0.000000e+00	-5.279095e+03	1.311530e+05
2.618000e-01	1.424840e+05	-1.742617e-02	8.309104e-02	0.000000e+00	-5.360732e+03	1.478447e+05
2.629900e-01	1.443637e+05	-1.752517e-02	8.329417e-02	0.000000e+00	-3.058670e+03	1.474224e+05
2.641800e-01	1.392989e+05	-1.762441e-02	8.349505e-02	0.000000e+00	-4.217245e+03	1.435162e+05
2.653700e-01	1.169042e+05	-1.772388e-02	8.367649e-02	0.000000e+00	-2.467826e+03	1.193720e+05
2.665600e-01	1.310159e+05	-1.782356e-02	8.385205e-02	0.000000e+00	-2.999990e+03	1.340159e+05
2.677500e-01	1.343458e+05	-1.792345e-02	8.403997e-02	0.000000e+00	-4.630061e+03	1.389759e+05
2.689400e-01	1.375370e+05	-1.802357e-02	8.423251e-02	0.000000e+00	-3.440406e+03	1.409774e+05
2.701300e-01	1.541677e+05	-1.812392e-02	8.443909e-02	0.000000e+00	-3.848492e+03	1.580162e+05
2.713200e-01	1.477787e+05	-1.822454e-02	8.465291e-02	0.000000e+00	-3.402553e+03	1.511813e+05
2.725100e-01	1.460257e+05	-1.832540e-02	8.486098e-02	0.000000e+00	-3.171513e+03	1.491972e+05
2.737000e-01	1.271205e+05	-1.842651e-02	8.505441e-02	0.000000e+00	-1.823956e+03	1.289445e+05
2.748900e-01	1.286992e+05	-1.852783e-02	8.523557e-02	0.000000e+00	-4.009742e+03	1.327090e+05
2.760800e-01	1.252991e+05	-1.862937e-02	8.541544e-02	0.000000e+00	-2.490528e+03	1.277896e+05
2.772700e-01	1.221444e+05	-1.873112e-02	8.559067e-02	0.000000e+00	-3.260271e+03	1.254046e+05
2.784600e-01	1.295264e+05	-1.883307e-02	8.576890e-02	0.000000e+00	-3.192661e+03	1.327190e+05
2.796500e-01	1.209689e+05	-1.893525e-02	8.594629e-02	0.000000e+00	-2.898189e+03	1.238671e+05
2.808400e-01	1.259248e+05	-1.903762e-02	8.612113e-02	0.000000e+00	-5.189572e+03	1.311144e+05
2.820300e-01	1.463530e+05	-1.914022e-02	8.631395e-02	0.000000e+00	-2.849684e+03	1.492027e+05
2.832200e-01	1.420810e+05	-1.924305e-02	8.651821e-02	0.000000e+00	-1.808239e+03	1.438892e+05
2.844100e-01	1.440470e+05	-1.934613e-02	8.672083e-02	0.000000e+00	-2.968772e+03	1.470158e+05
2.856000e-01	1.432076e+05	-1.944945e-02	8.692426e-02	0.000000e+00	-3.920671e+03	1.471283e+05
2.867900e-01	1.354585e+05	-1.955301e-02	8.712160e-02	0.000000e+00	-7.193937e+03	1.426524e+05
2.879800e-01	1.467616e+05	-1.965680e-02	8.732146e-02	0.000000e+00	-2.435180e+03	1.491968e+05
2.891700e-01	1.372619e+05	-1.976083e-02	8.752259e-02	0.000000e+00	-4.258433e+03	1.415203e+05
2.903600e-01	1.428799e+05	-1.986510e-02	8.772098e-02	0.000000e+00	-4.829961e+03	1.477099e+05
2.915500e-01	1.253684e+05	-1.996961e-02	8.791094e-02	0.000000e+00	-2.415701e+03	1.277841e+05
2.927400e-01	1.348954e+05	-2.007433e-02	8.809525e-02	0.000000e+00	-2.881325e+03	1.377768e+05
2.939300e-01	1.383888e+05	-2.017928e-02	8.828878e-02	0.000000e+00	-2.841599e+03	1.412304e+05
2.951200e-01	1.461929e+05	-2.028446e-02	8.849031e-02	0.000000e+00	-1.261385e+03	1.474543e+05
2.963100e-01	1.450032e+05	-2.038988e-02	8.869653e-02	0.000000e+00	-2.992634e+03	1.479959e+05
2.975000e-01	1.424020e+05	-2.049555e-02	8.890006e-02	0.000000e+00	-4.091452e+03	1.464935e+05
2.986900e-01	1.618537e+05	-2.060146e-02	8.911552e-02	0.000000e+00	-2.708265e+03	1.645620e+05
2.998800e-01	1.338353e+05	-2.070765e-02	8.932492e-02	0.000000e+00	-3.850806e+03	1.376861e+05
3.010700e-01	1.313412e+05	-2.081406e-02	8.951271e-02	0.000000e+00	-3.714345e+03	1.350555e+05
3.022600e-01	1.469037e+05	-2.092069e-02	8.970975e-02	0.000000e+00	-2.916775e+03	1.498205e+05
3.034500e-01	1.356050e+05	-2.102757e-02	8.990981e-02	0.000000e+00	-3.445160e+03	1.390501e+05
3.046400e-01	1.249716e+05	-2.113467e-02	9.009434e-02	0.000000e+00	-4.614637e+03	1.295863e+05
3.058300e-01	1.365662e+05	-2.124199e-02	9.027956e-02	0.000000e+00	-6.084750e+03	1.426510e+05
3.070200e-01	1.419525e+05	-2.134954e-02	9.047679e-02	0.000000e+00	-5.414264e+03	1.473668e+05
3.082100e-01	1.423180e+05	-2.145733e-02	9.067810e-02	0.000000e+00	-4.635430e+03	1.469535e+05
3.094000e-01	1.448263e+05	-2.156535e-02	9.088145e-02	0.000000e+00	-1.941614e+03	1.467679e+05
3.105900e-01	1.441563e+05	-2.167362e-02	9.108610e-02	0.000000e+00	-1.677254e+03	1.458335e+05
3.117800e-01	1.487000e+05	-2.178214e-02	9.129349e-02	0.000000e+00	-1.956967e+03	1.506570e+05
3.129700e-01	1.464483e+05	-2.189090e-02	9.150250e-02	0.000000e+00	-2.764791e+03	1.492131e+05
3.141600e-01	1.417452e+05	-2.199991e-02	9.170659e-02	0.000000e+00	-4.769384e+03	1.465146e+05
3.153500e-01	1.307200e+05	-2.210916e-02	9.189954e-02	0.000000e+00	-5.267528e+03	1.359876e+05
3.165400e-01	1.386375e+05	-2.221864e-02	9.209029e-02	0.000000e+00	-4.323698e+03	1.429612e+05
3.177300e-01	1.368834e+05	-2.232834e-02	9.228540e-02	0.000000e+00	-2.499143e+03	1.393826e+05
3.189200e-01	1.494907e+05	-2.243827e-02	9.248820e-02	0.000000e+00	-5.755900e+03	1.552466e+05
3.201100e-01	1.311499e+05	-2.254846e-02	9.268694e-02	0.000000e+00	-3.145485e+03	1.342954e+05
3.213000e-01	1.382596e+05	-2.265887e-02	9.287773e-02	0.000000e+00	-2.236284e+03	1.404959e+05
3.224900e-01	1.375100e+05	-2.276951e-02	9.307302e-02	0.000000e+00	-5.068354e+03	1.425784e+05
3.236800e-01	1.299862e+05	-2.288038e-02	9.326245e-02	0.000000e+00	-7.866644e+03	1.378528e+05
3.248700e-01	1.331639e+05	-2.299148e-02	9.344881e-02	0.000000e+00	-3.846592e+03	1.370105e+05
3.260600e-01	1.585049e+05	-2.310279e-02	9.365535e-02	0.000000e+00	-4.275605e+03	1.627805e+05
3.272500e-01	1.538432e+05	-2.321437e-02	9.387655e-02	0.000000e+00	-5.263225e+03	1.591064e+05
3.284400e-01	1.490037e+05	-2.332622e-02	9.409101e-02	0.000000e+00	-2.267009e+03	1.512707e+05
3.296300e-01	1.386693e+05	-2.343831e-02	9.429473e-02	0.000000e+00	-4.159475e+03	1.428288e+05
3.308200e-01	1.502953e+05	-2.355064e-02	9.449937e-02	0.000000e+00	-4.391330e+03	1.546867e+05
3.320100e-01	1.557272e+05	-2.366322e-02	9.471608e-02	0.000000e+00	-3.147904e+03	1.588751e+05
3.332000e-01	1.451385e+05	-2.377606e-02	9.492915e-02	0.000000e+00	-1.888009e+03	1.470265e+05
3.343900e-01	1.553390e+05	-2.388915e-02	9.514193e-02	0.000000e+00	-3.005453e+03	1.583444e+05
3.355800e-01	1.541429e+05	-2.400250e-02	9.536110e-02	0.000000e+00	-3.365806e+03	1.575087e+05
3.367700e-01	1.454690e+05	-2.411611e-02	9.557327e-02	0.000000e+00	-5.842120e+03	1.513111e+05
3.379600e-01	1.405659e+05	-2.422997e-02	9.577583e-02	0.000000e+00	-3.663032e+03	1.442290e+05
3.391500e-01	1.350312e+05	-2.434406e-02	9.597100e-02	0.000000e+00	-1.057963e+03	1.360891e+05
3.403400e-01	1.455256e+05	-2.445838e-02	9.616968e-02	0.000000e+00	-1.737688e+03	1.472633e+05
3.415300e-01	1.419772e+05	-2.457294e-02	9.637328e-02	0.000000e+00	-3.767600e+03	1.457448e+05
3.427200e-01	1.246396e+05	-2.468774e-02	9.656209e-02	0.000000e+00	-7.849717e+03	1.324894e+05
3.439100e-01	1.322903e+05	-2.480276e-02	9.674404e-02	0.000000e+00	-3.964388e+03	1.362547e+05
3.451000e-01	1.451234e+05	-2.491800e-02	9.694049e-02	0.000000e+00	-3.659956e+03	1.487834e+05
3.462900e-01	1.497184e+05	-2.503348e-02	9.714929e-02	0.000000e+00	-3.775242e+03	1.534937e+05
3.474800e-01	1.499938e+05	-2.514921e-02	9.736153e-02	0.000000e+00	-2.375322e+03	1.523691e+05
3.486700e-01	1.551292e+05	-2.526520e-02	9.757761e-02	0.000000e+00	-1.466212e+03	1.565954e+05
3.498600e-01	1.427658e+05	-2.538145e-02	9.778857e-02	0.000000e+00	-3.914471e+03	1.466803e+05
3.510500e-01	1.443943e+05	-2.549793e-02	9.799193e-02	0.000000e+00	-1.917639e+03	1.463119e+05
3.522400e-01	1.521440e+05	-2.561467e-02	9.820192e-02	0.000000e+00	-3.331013e+03	1.554750e+05
3.534300e-01	1.563599e+05	-2.573166e-02	9.842040e-02	0.000000e+00	-3.000139e+03	1.593600e+05
3.546200e-01	1.464440e+05	-2.584891e-02	9.863483e-02	0.000000e+00	-3.169288e+03	1.496133e+05
3.558100e-01	1.421288e+05	-2.596641e-02	9.883919e-02	0.000000e+00	-4.359649e+03	1.464884e+05
3.570000e-01	1.480247e+05	-2.608414e-02	9.904466e-02	0.000000e+00	-4.641760e+03	1.526665e+05
3.581900e-01	1.344179e+05	-2.620213e-02	9.924468e-02	0.000000e+00	-2.994223e+03	1.374121e+05
3.593800e-01	1.385314e+05	-2.632035e-02	9.943797e-02	0.000000e+00	-3.143738e+03	1.416752e+05
3.605700e-01	1.499700e+05	-2.643879e-02	9.964228e-02	0.000000e+00	-3.664330e+03	1.536343e+05
3.617600e-01	1.554468e+05	-2.655750e-02	9.985857e-02	0.000000e+00	-2.452752e+03	1.578995e+05
3.629500e-01	1.533161e+05	-2.667646e-02	1.000772e-01	0.000000e+00	-4.637843e+03	1.579539e+05
3.641400e-01	1.490599e+05	-2.679568e-02	1.002914e-01	0.000000e+00	-6.075299e+03	1.551352e+05
3.653300e-01	1.579776e+05	-2.691515e-02	1.005088e-01	0.000000e+00	-4.156593e+03	1.621342e+05
3.665200e-01	1.614194e+05	-2.703489e-02	1.007350e-01	0.000000e+00	-3.702729e+03	1.651222e+05
3.677100e-01	1.563986e+05	-2.715490e-02	1.009600e-01	0.000000e+00	-4.369016e+03	1.607676e+05
3.689000e-01	1.399685e+05	-2.727517e-02	1.011699e-01	0.000000e+00	-4.528252e+03	1.444967e+05
3.700900e-01	1.504573e+05	-2.739569e-02	1.013756e-01	0.000000e+00	-4.115302e+03	1.545726e+05
3.712800e-01	1.445218e+05	-2.751645e-02	1.015845e-01	0.000000e+00	-3.994631e+03	1.485164e+05
3.724700e-01	1.563841e+05	-2.763746e-02	1.017976e-01	0.000000e+00	-3.293338e+03	1.596775e+05
3.736600e-01	1.688342e+05	-2.775873e-02	1.020279e-01	0.000000e+00	-5.227076e+03	1.740613e+05
3.748500e-01	1.558721e+05	-2.788028e-02	1.022578e-01	0.000000e+00	-4.894271e+03	1.607663e+05
3.760400e-01	1.695944e+05	-2.800210e-02	1.024883e-01	0.000000e+00	-2.612594e+03	1.722070e+05
3.772300e-01	1.688370e+05	-2.812420e-02	1.027280e-01	0.000000e+00	-5.333145e+03	1.741702e+05
3.784200e-01	1.583023e+05	-2.824659e-02	1.029596e-01	0.000000e+00	-4.409100e+03	1.627114e+05
3.796100e-01	1.548295e+05	-2.836925e-02	1.031814e-01	0.000000e+00	-6.406216e+03	1.612357e+05
3.808000e-01	1.509927e+05	-2.849216e-02	1.033980e-01	0.000000e+00	-4.774561e+03	1.557673e+05
3.819900e-01	1.501365e+05	-2.861534e-02	1.036112e-01	0.000000e+00	-2.729966e+03	1.528664e+05
3.831800e-01	1.553514e+05	-2.873876e-02	1.038275e-01	0.000000e+00	-2.164284e+03	1.575157e+05
3.843700e-01	1.548932e+05	-2.886245e-02	1.040473e-01	0.000000e+00	-5.210759e+03	1.601040e+05
3.855600e-01	1.473932e+05	-2.898639e-02	1.042613e-01	0.000000e+00	-6.267242e+03	1.536605e+05
3.867500e-01	1.457787e+05	-2.911059e-02	1.044689e-01	0.000000e+00	-3.261866e+03	1.490405e+05
3.879400e-01	1.424313e+05	-2.923503e-02	1.046730e-01	0.000000e+00	-3.580769e+03	1.460120e+05
3.891300e-01	1.422229e+05	-2.935971e-02	1.048746e-01	0.000000e+00	-2.421878e+03	1.446447e+05
3.903200e-01	1.550675e+05	-2.948463e-02	1.050851e-01	0.000000e+00	-2.059933e+03	1.571275e+05
3.915100e-01	1.503245e+05	-2.960981e-02	1.053014e-01	0.000000e+00	-4.170487e+03	1.544949e+05
3.927000e-01	1.706367e+05	-2.973525e-02	1.055287e-01	0.000000e+00	-2.529110e+03	1.731658e+05
3.938900e-01	1.646858e+05	-2.986097e-02	1.057662e-01	0.000000e+00	-2.607799e+03	1.672936e+05
3.950800e-01	1.579891e+05	-2.998697e-02	1.059947e-01	0.000000e+00	-4.392120e+03	1.623813e+05
3.962700e-01	1.604482e+05	-3.011324e-02	1.062202e-01	0.000000e+00	-1.947984e+03	1.623962e+05
3.974600e-01	1.497181e+05	-3.023977e-02	1.064398e-01	0.000000e+00	-3.920479e+03	1.536386e+05
3.986500e-01	1.514281e+05	-3.036656e-02	1.066531e-01	0.000000e+00	-6.896935e+03	1.583250e+05
3.998400e-01	1.509638e+05	-3.049361e-02	1.068672e-01	0.000000e+00	-4.015702e+03	1.549795e+05
4.010300e-01	1.487788e+05	-3.062091e-02	1.070795e-01	0.000000e+00	-3.634810e+03	1.524136e+05
4.022200e-01	1.593712e+05	-3.074846e-02	1.072977e-01	0.000000e+00	-4.182707e+03	1.635540e+05
4.034100e-01	1.720242e+05	-3.087628e-02	1.075324e-01	0.000000e+00	-1.438448e+03	1.734626e+05
4.046000e-01	1.584582e+05	-3.100439e-02	1.077664e-01	0.000000e+00	-3.572390e+03	1.620306e+05
4.057900e-01	1.676574e+05	-3.113276e-02	1.079974e-01	0.000000e+00	-2.959573e+03	1.706170e+05
4.069800e-01	1.597750e+05	-3.126142e-02	1.082293e-01	0.000000e+00	-2.280630e+03	1.620557e+05
4.081700e-01	1.473119e+05	-3.139035e-02	1.084467e-01	0.000000e+00	-2.636343e+03	1.499482e+05
4.093600e-01	1.551446e+05	-3.151952e-02	1.086609e-01	0.000000e+00	-4.578153e+03	1.597228e+05
4.105500e-01	1.419339e+05	-3.164896e-02	1.088713e-01	0.000000e+00	-2.607563e+03	1.445414e+05
4.117400e-01	1.600793e+05	-3.177864e-02	1.090852e-01	0.000000e+00	-2.696832e+03	1.627761e+05
4.129300e-01	1.608709e+05	-3.190858e-02	1.093125e-01	0.000000e+00	-5.667550e+03	1.665385e+05
4.141200e-01	1.509183e+05	-3.203880e-02	1.095333e-01	0.000000e+00	-3.600874e+03	1.545192e+05
4.153100e-01	1.658511e+05	-3.216927e-02	1.097576e-01	0.000000e+00	-3.825585e+03	1.696767e+05
4.165000e-01	1.716308e+05	-3.230002e-02	1.099966e-01	0.000000e+00	-3.410251e+03	1.750410e+05
4.176900e-01	1.605180e+05	-3.243106e-02	1.102318e-01	0.000000e+00	-3.252609e+03	1.637706e+05
4.188800e-01	1.564393e+05	-3.256237e-02	1.104563e-01	0.000000e+00	-2.759540e+03	1.591988e+05
4.200700e-01	1.567440e+05	-3.269395e-02	1.106780e-01	0.000000e+00	-1.502218e+03	1.582463e+05
4.212600e-01	1.527145e+05	-3.282579e-02	1.108972e-01	0.000000e+00	-1.289432e+03	1.540039e+05
4.224500e-01	1.531447e+05	-3.295788e-02	1.111138e-01	0.000000e+00	-2.994320e+03	1.561390e+05
4.236400e-01	1.473263e+05	-3.309024e-02	1.113266e-01	0.000000e+00	-2.912139e+03	1.502385e+05
4.248300e-01	1.476121e+05	-3.322284e-02	1.115354e-01	0.000000e+00	-1.777831e+03	1.493900e+05
4.260200e-01	1.626819e+05	-3.335569e-02	1.117552e-01	0.000000e+00	-3.713034e+03	1.663949e+05
4.272100e-01	1.650410e+05	-3.348882e-02	1.119873e-01	0.000000e+00	-2.380425e+03	1.674215e+05
4.284000e-01	1.473389e+05	-3.362222e-02	1.122085e-01	0.000000e+00	-2.111086e+03	1.494500e+05
4.295900e-01	1.593165e+05	-3.375588e-02	1.124256e-01	0.000000e+00	-2.806427e+03	1.621230e+05
4.307800e-01	1.665648e+05	-3.388980e-02	1.126564e-01	0.000000e+00	-4.283842e+03	1.708486e+05
4.319700e-01	1.498787e+05	-3.402400e-02	1.128805e-01	0.000000e+00	-1.655209e+03	1.515339e+05
4.331600e-01	1.475699e+05	-3.415845e-02	1.130911e-01	0.000000e+00	-4.343716e+03	1.519136e+05
4.343500e-01	1.441938e+05	-3.429315e-02	1.132978e-01	0.000000e+00	-3.639822e+03	1.478336e+05
4.355400e-01	1.604953e+05	-3.442810e-02	1.135135e-01	0.000000e+00	-3.121123e+03	1.636164e+05
4.367300e-01	1.434853e+05	-3.456332e-02	1.137288e-01	0.000000e+00	-2.114783e+03	1.456001e+05
4.379200e-01	1.571193e+05	-3.469877e-02	1.139417e-01	0.000000e+00	-3.188302e+03	1.603076e+05
4.391100e-01	1.521995e+05	-3.483450e-02	1.141607e-01	0.000000e+00	-2.991532e+03	1.551910e+05
4.403000e-01	1.561287e+05	-3.497048e-02	1.143791e-01	0.000000e+00	-2.267930e+03	1.583966e+05
4.414900e-01	1.657966e+05	-3.510672e-02	1.146071e-01	0.000000e+00	-3.571270e+03	1.693679e+05
4.426800e-01	1.388538e+05	-3.524324e-02	1.148228e-01	0.000000e+00	-3.389552e+03	1.422434e+05
4.438700e-01	1.577120e+05	-3.538000e-02	1.150328e-01	0.000000e+00	-1.981210e+03	1.596932e+05
4.450600e-01	1.545979e+05	-3.551702e-02	1.152540e-01	0.000000e+00	-3.931185e+03	1.585291e+05
4.462500e-01	1.613493e+05	-3.565430e-02	1.154777e-01	0.000000e+00	-2.466530e+03	1.638159e+05
4.474400e-01	1.848345e+05	-3.579186e-02	1.157229e-01	0.000000e+00	-7.437794e+02	1.855782e+05
4.486300e-01	1.558218e+05	-3.592972e-02	1.159641e-01	0.000000e+00	-2.180327e+03	1.580021e+05
4.498200e-01	1.456948e+05	-3.606785e-02	1.161776e-01	0.000000e+00	-2.974445e+03	1.486693e+05
4.510100e-01	1.585318e+05	-3.620623e-02	1.163931e-01	0.000000e+00	-7.551734e+02	1.592870e+05
4.522000e-01	1.534078e+05	-3.634487e-02	1.166140e-01	0.000000e+00	-2.603568e+03	1.560114e+05
4.533900e-01	1.548641e+05	-3.648377e-02	1.168323e-01	0.000000e+00	-3.967181e+03	1.588313e+05
4.545800e-01	1.486505e+05	-3.662293e-02	1.170472e-01	0.000000e+00	-6.385605e+03	1.550361e+05
4.557700e-01	1.582415e+05	-3.676234e-02	1.172646e-01	0.000000e+00	-1.908963e+03	1.601505e+05
4.569600e-01	1.667075e+05	-3.690202e-02	1.174947e-01	0.000000e+00	-3.841454e+03	1.705490e+05
4.581500e-01	1.689544e+05	-3.704198e-02	1.177324e-01	0.000000e+00	-3.026728e+03	1.719811e+05
4.593400e-01	1.647584e+05	-3.718222e-02	1.179687e-01	0.000000e+00	-3.256642e+03	1.680151e+05
4.605300e-01	1.731131e+05	-3.732274e-02	1.182080e-01	0.000000e+00	-4.384838e+03	1.774979e+05
4.617200e-01	1.601724e+05	-3.746356e-02	1.184440e-01	0.000000e+00	-6.998565e+03	1.671710e+05
4.629100e-01	1.618638e+05	-3.760464e-02	1.186721e-01	0.000000e+00	-4.324708e+03	1.661885e+05
4.641000e-01	1.523210e+05	-3.774600e-02	1.188945e-01	0.000000e+00	-1.933307e+03	1.542544e+05
4.652900e-01	1.549640e+05	-3.788761e-02	1.191122e-01	0.000000e+00	-1.142098e+03	1.561061e+05
4.664800e-01	1.597812e+05	-3.802948e-02	1.193350e-01	0.000000e+00	-2.211575e+03	1.619927e+05
4.676700e-01	1.683851e+05	-3.817163e-02	1.195674e-01	0.000000e+00	-2.099908e+03	1.704850e+05
4.688600e-01	1.830461e+05	-3.831405e-02	1.198163e-01	0.000000e+00	-3.593937e+03	1.866400e+05
4.700500e-01	1.726066e+05	-3.845679e-02	1.200682e-01	0.000000e+00	-3.974641e+03	1.765812e+05
4.712400e-01	1.644424e+05	-3.859982e-02	1.203069e-01	0.000000e+00	-3.108603e+03	1.675510e+05
4.724300e-01	1.656891e+05	-3.874312e-02	1.205406e-01	0.000000e+00	-3.626555e+03	1.693157e+05
4.736200e-01	1.707185e+05	-3.888670e-02	1.207789e-01	0.000000e+00	-3.160740e+03	1.738792e+05
4.748100e-01	1.601973e+05	-3.903057e-02	1.210132e-01	0.000000e+00	-9.221013e+02	1.611194e+05
4.760000e-01	1.765656e+05	-3.917471e-02	1.212517e-01	0.000000e+00	-1.374149e+03	1.779398e+05
4.771900e-01	1.710077e+05	-3.931915e-02	1.214978e-01	0.000000e+00	-3.807222e+03	1.748149e+05
4.783800e-01	1.636442e+05	-3.946388e-02	1.217348e-01	0.000000e+00	-3.867848e+03	1.675121e+05
4.795700e-01	1.557424e+05	-3.960888e-02	1.219610e-01	0.000000e+00	-2.236481e+03	1.579789e+05
4.807600e-01	1.608192e+05	-3.975415e-02	1.221852e-01	0.000000e+00	-2.632680e+03	1.634519e+05
4.819500e-01	1.619324e+05	-3.989968e-02	1.224138e-01	0.000000e+00	-7.661162e+02	1.626985e+05
4.831400e-01	1.750105e+05	-4.004549e-02	1.226524e-01	0.000000e+00	-2.457628e+03	1.774681e+05
4.843300e-01	1.653002e+05	-4.019159e-02	1.228934e-01	0.000000e+00	-1.558246e+03	1.668584e+05
4.855200e-01	1.482391e+05	-4.033798e-02	1.231154e-01	0.000000e+00	-3.767902e+03	1.520070e+05
4.867100e-01	1.585907e+05	-4.048461e-02	1.233327e-01	0.000000e+00	-3.464163e+03	1.620549e+05
4.879000e-01	1.707391e+05	-4.063151e-02	1.235659e-01	0.000000e+00	-3.824335e+03	1.745634e+05
4.890900e-01	1.747266e+05	-4.077870e-02	1.238105e-01	0.000000e+00	-3.670816e+03	1.783974e+05
4.902800e-01	1.651109e+05	-4.092618e-02	1.240512e-01	0.000000e+00	-4.759591e+03	1.698705e+05
4.914700e-01	1.757725e+05	-4.107394e-02	1.242926e-01	0.000000e+00	-2.846056e+03	1.786186e+05
4.926600e-01	1.723725e+05	-4.122199e-02	1.245392e-01	0.000000e+00	-3.531561e+03	1.759040e+05
4.938500e-01	1.555434e+05	-4.137034e-02	1.247714e-01	0.000000e+00	-5.873788e+03	1.614172e+05
4.950400e-01	1.614056e+05	-4.151895e-02	1.249958e-01	0.000000e+00	-2.994061e+03	1.643996e+05
4.962300e-01	1.724945e+05	-4.166783e-02	1.252323e-01	0.000000e+00	-3.741930e+03	1.762365e+05
4.974200e-01	1.546754e+05	-4.181700e-02	1.254640e-01	0.000000e+00	-2.575303e+03	1.572507e+05
4.986100e-01	1.532475e+05	-4.196643e-02	1.256820e-01	0.000000e+00	-2.430251e+03	1.556778e+05
4.998000e-01	1.702991e+05	-4.211613e-02	1.259112e-01	0.000000e+00	-2.433657e+03	1.727328e+05
5.009900e-01	1.604574e+05	-4.226610e-02	1.261454e-01	0.000000e+00	-5.129575e+03	1.655870e+05
5.021800e-01	1.783734e+05	-4.241635e-02	1.263853e-01	0.000000e+00	-1.042198e+03	1.794156e+05
5.033700e-01	1.503568e+05	-4.256690e-02	1.266181e-01	0.000000e+00	-3.882285e+03	1.542391e+05
5.045600e-01	1.589362e+05	-4.271770e-02	1.268372e-01	0.000000e+00	-2.154467e+03	1.610907e+05
5.057500e-01	1.605426e+05	-4.286877e-02	1.270634e-01	0.000000e+00	-2.831947e+03	1.633746e+05
5.069400e-01	1.620872e+05	-4.302011e-02	1.272919e-01	0.000000e+00	-2.132415e+03	1.642196e+05
5.081300e-01	1.648570e+05	-4.317173e-02	1.275234e-01	0.000000e+00	-4.379421e+03	1.692364e+05
5.093200e-01	1.585833e+05	-4.332362e-02	1.277525e-01	0.000000e+00	-3.642536e+03	1.622258e+05
5.105100e-01	1.688592e+05	-4.347578e-02	1.279843e-01	0.000000e+00	-2.777524e+03	1.716367e+05
5.117000e-01	1.532479e+05	-4.362822e-02	1.282124e-01	0.000000e+00	-3.341369e+03	1.565893e+05
5.128900e-01	1.645177e+05	-4.378092e-02	1.284375e-01	0.000000e+00	-2.265754e+03	1.667835e+05
5.140800e-01	1.699514e+05	-4.393390e-02	1.286743e-01	0.000000e+00	-2.223646e+03	1.721750e+05
5.152700e-01	1.622887e+05	-4.408717e-02	1.289096e-01	0.000000e+00	-2.708926e+03	1.649976e+05
5.164600e-01	1.597838e+05	-4.424071e-02	1.291377e-01	0.000000e+00	-4.184556e+03	1.639683e+05
5.176500e-01	1.674993e+05	-4.439452e-02	1.293695e-01	0.000000e+00	-1.679597e+03	1.691789e+05
5.188400e-01	1.494896e+05	-4.454861e-02	1.295939e-01	0.000000e+00	-3.557609e+03	1.530472e+05
5.200300e-01	1.543898e+05	-4.470295e-02	1.298091e-01	0.000000e+00	-2.682232e+03	1.570720e+05
5.212200e-01	1.554309e+05	-4.485755e-02	1.300285e-01	0.000000e+00	-2.752523e+03	1.581834e+05
5.224100e-01	1.763618e+05	-4.501242e-02	1.302635e-01	0.000000e+00	-3.688075e+03	1.800499e+05
5.236000e-01	1.679957e+05	-4.516758e-02	1.305074e-01	0.000000e+00	-1.799744e+03	1.697954e+05
5.247900e-01	1.531678e+05	-4.532303e-02	1.307348e-01	0.000000e+00	-2.840008e+03	1.560078e+05
5.259800e-01	1.644508e+05	-4.547873e-02	1.309597e-01	0.000000e+00	-5.397848e+03	1.698487e+05
5.271700e-01	1.807897e+05	-4.563471e-02	1.312042e-01	0.000000e+00	-3.348998e+03	1.841387e+05
5.283600e-01	1.538305e+05	-4.579100e-02	1.314412e-01	0.000000e+00	-2.996196e+03	1.568267e+05
5.295500e-01	1.620448e+05	-4.594754e-02	1.316649e-01	0.000000e+00	-5.525649e+03	1.675705e+05
5.307400e-01	1.708713e+05	-4.610436e-02	1.319006e-01	0.000000e+00	-4.880946e+03	1.757522e+05
5.319300e-01	1.780776e+05	-4.626146e-02	1.321478e-01	0.000000e+00	-2.460575e+03	1.805381e+05
5.331200e-01	1.541451e+05	-4.641887e-02	1.323830e-01	0.000000e+00	-1.971835e+03	1.561169e+05
5.343100e-01	1.538095e+05	-4.657654e-02	1.326011e-01	0.000000e+00	-2.798483e+03	1.566079e+05
5.355000e-01	1.645914e+05	-4.673446e-02	1.328266e-01	0.000000e+00	-4.404487e+03	1.689959e+05
5.366900e-01	1.696874e+05	-4.689266e-02	1.330633e-01	0.000000e+00	-2.679602e+03	1.723670e+05
5.378800e-01	1.651229e+05	-4.705115e-02	1.333004e-01	0.000000e+00	-3.951230e+03	1.690742e+05
5.390700e-01	1.678129e+05	-4.720992e-02	1.335362e-01	0.000000e+00	-2.151545e+03	1.699644e+05
5.402600e-01	1.522240e+05	-4.736897e-02	1.337628e-01	0.000000e+00	-1.668015e+03	1.538920e+05
5.414500e-01	1.609276e+05	-4.752827e-02	1.339846e-01	0.000000e+00	-1.864431e+03	1.627921e+05
5.426400e-01	1.650671e+05	-4.768785e-02	1.342154e-01	0.000000e+00	-2.902844e+03	1.679700e+05
5.438300e-01	1.515704e+05	-4.784771e-02	1.344397e-01	0.000000e+00	-7.537714e+02	1.523242e+05
5.450200e-01	1.688045e+05	-4.800782e-02	1.346666e-01	0.000000e+00	-1.524010e+03	1.703285e+05
5.462100e-01	1.626249e+05	-4.816821e-02	1.349013e-01	0.000000e+00	-2.330941e+03	1.649558e+05
5.474000e-01	1.539553e+05	-4.832888e-02	1.351255e-01	0.000000e+00	-5.229400e+03	1.591847e+05
5.485900e-01	1.614812e+05	-4.848981e-02	1.353488e-01	0.000000e+00	-1.304128e+03	1.627853e+05
5.497800e-01	1.645420e+05	-4.865101e-02	1.355797e-01	0.000000e+00	-1.049891e+03	1.655919e+05
5.509700e-01	1.596029e+05	-4.881249e-02	1.358093e-01	0.000000e+00	-1.339814e+03	1.609427e+05
5.521600e-01	1.793636e+05	-4.897424e-02	1.360493e-01	0.000000e+00	-1.491807e+03	1.808554e+05
5.533500e-01	1.666248e+05	-4.913629e-02	1.362943e-01	0.000000e+00	-2.408133e+03	1.690329e+05
5.545400e-01	1.551251e+05	-4.929862e-02	1.365222e-01	0.000000e+00	-3.192299e+03	1.583174e+05
5.557300e-01	1.585025e+05	-4.946121e-02	1.367443e-01	0.000000e+00	-2.808193e+03	1.613107e+05
5.569200e-01	1.713051e+05	-4.962407e-02	1.369778e-01	0.000000e+00	-1.844501e+03	1.731496e+05
5.581100e-01	1.570878e+05	-4.978722e-02	1.372104e-01	0.000000e+00	-1.731042e+03	1.588188e+05
5.593000e-01	1.662415e+05	-4.995063e-02	1.374394e-01	0.000000e+00	-2.721208e+03	1.689627e+05
5.604900e-01	1.640336e+05	-5.011432e-02	1.376732e-01	0.000000e+00	-2.632005e+03	1.666656e+05
5.616800e-01	1.731837e+05	-5.027829e-02	1.379121e-01	0.000000e+00	-2.840703e+03	1.760244e+05
5.628700e-01	1.537222e+05	-5.044255e-02	1.381436e-01	0.000000e+00	-4.924379e+03	1.586466e+05
5.640600e-01	1.489880e+05	-5.060707e-02	1.383579e-01	0.000000e+00	-3.250430e+03	1.522385e+05
5.652500e-01	1.655730e+05	-5.077185e-02	1.385807e-01	0.000000e+00	-3.059204e+03	1.686322e+05
5.664400e-01	1.412332e+05	-5.093690e-02	1.387980e-01	0.000000e+00	-4.869803e+03	1.461030e+05
5.676300e-01	1.555537e+05	-5.110218e-02	1.390081e-01	0.000000e+00	-5.256185e+03	1.608099e+05
5.688200e-01	1.472964e+05	-5.126774e-02	1.392226e-01	0.000000e+00	-2.467937e+03	1.497644e+05
5.700100e-01	1.625305e+05	-5.143353e-02	1.394420e-01	0.000000e+00	-4.142895e+03	1.666734e+05
5.712000e-01	1.758353e+05	-5.159961e-02	1.396816e-01	0.000000e+00	-1.182020e+03	1.770174e+05
5.723900e-01	1.658789e+05	-5.176598e-02	1.399236e-01	0.000000e+00	-2.656943e+03	1.685359e+05
5.735800e-01	1.702752e+05	-5.193263e-02	1.401617e-01	0.000000e+00	-4.865812e+03	1.751410e+05
5.747700e-01	1.656042e+05	-5.209956e-02	1.403995e-01	0.000000e+00	-2.849924e+03	1.684541e+05
5.759600e-01	1.576706e+05	-5.226678e-02	1.406285e-01	0.000000e+00	-1.749349e+03	1.594200e+05
5.771500e-01	1.729870e+05	-5.243426e-02	1.408626e-01	0.000000e+00	-3.229393e+03	1.762163e+05
5.783400e-01	1.791211e+05	-5.260203e-02	1.411120e-01	0.000000e+00	-2.872737e+03	1.819938e+05
5.795300e-01	1.548812e+05	-5.277010e-02	1.413485e-01	0.000000e+00	-2.275162e+03	1.571564e+05
5.807200e-01	1.549085e+05	-5.293844e-02	1.415679e-01	0.000000e+00	-2.982573e+03	1.578911e+05
5.819100e-01	1.651619e+05	-5.310704e-02	1.417945e-01	0.000000e+00	-2.471523e+03	1.676334e+05
5.831000e-01	1.690555e+05	-5.327591e-02	1.420312e-01	0.000000e+00	-2.893207e+03	1.719487e+05
5.842900e-01	1.710421e+05	-5.344507e-02	1.422721e-01	0.000000e+00	-1.956644e+03	1.729987e+05
5.854800e-01	1.644362e+05	-5.361452e-02	1.425096e-01	0.000000e+00	-8.675694e+02	1.653038e+05
5.866700e-01	1.647378e+05	-5.378424e-02	1.427427e-01	0.000000e+00	-3.643759e+03	1.683816e+05
5.878600e-01	1.633514e+05	-5.395425e-02	1.429751e-01	0.000000e+00	-2.325870e+03	1.656773e+05
5.890500e-01	1.520970e+05	-5.412452e-02	1.431985e-01	0.000000e+00	-3.770307e+03	1.558673e+05
5.902400e-01	1.658549e+05	-5.429506e-02	1.434236e-01	0.000000e+00	-4.649914e+03	1.705048e+05
5.914300e-01	1.515071e+05	-5.446587e-02	1.436484e-01	0.000000e+00	-5.145397e+03	1.566525e+05
5.926200e-01	1.581005e+05	-5.463694e-02	1.438676e-01	0.000000e+00	-2.534320e+03	1.606348e+05
5.938100e-01	1.572835e+05	-5.480828e-02	1.440910e-01	0.000000e+00	-1.113658e+03	1.583972e+05
5.950000e-01	1.525112e+05	-5.497988e-02	1.443104e-01	0.000000e+00	-2.496817e+03	1.550080e+05
5.961900e-01	1.579791e+05	-5.515174e-02	1.445302e-01	0.000000e+00	-1.375386e+03	1.593544e+05
5.973800e-01	1.656315e+05	-5.532386e-02	1.447594e-01	0.000000e+00	-3.772423e+03	1.694039e+05
5.985700e-01	1.750677e+05	-5.549626e-02	1.450007e-01	0.000000e+00	-5.255202e+03	1.803229e+05
5.997600e-01	1.779087e+05	-5.566896e-02	1.452507e-01	0.000000e+00	-9.818935e+02	1.788906e+05
6.009500e-01	1.723266e+05	-5.584196e-02	1.454987e-01	0.000000e+00	0.000000e+00	1.723266e+05
6.021400e-01	1.659365e+05	-5.601525e-02	1.457382e-01	0.000000e+00	-7.588540e+02	1.666954e+05
6.033300e-01	1.588987e+05	-5.618882e-02	1.459683e-01	0.000000e+00	-2.942468e+02	1.591929e+05
6.045200e-01	1.643747e+05	-5.636265e-02	1.461972e-01	0.000000e+00	-8.059699e+02	1.651807e+05
6.057100e-01	1.429846e+05	-5.653677e-02	1.464149e-01	0.000000e+00	-2.934072e+03	1.459187e+05
6.069000e-01	1.432690e+05	-5.671112e-02	1.466176e-01	0.000000e+00	-4.583217e+03	1.478522e+05
6.080900e-01	1.574284e+05	-5.688572e-02	1.468305e-01	0.000000e+00	-7.587547e+02	1.581871e+05
6.092800e-01	1.622426e+05	-5.706058e-02	1.470569e-01	0.000000e+00	-3.241502e+03	1.654841e+05
6.104700e-01	1.635308e+05	-5.723571e-02	1.472876e-01	0.000000e+00	-2.366652e+03	1.658975e+05
6.116600e-01	1.904769e+05	-5.741112e-02	1.475383e-01	0.000000e+00	-1.663249e+03	1.921402e+05
6.128500e-01	1.577405e+05	-5.758685e-02	1.477849e-01	0.000000e+00	-2.464336e+03	1.602048e+05
6.140400e-01	1.626118e+05	-5.776285e-02	1.480117e-01	0.000000e+00	-2.078623e+03	1.646905e+05
6.152300e-01	1.719395e+05	-5.793912e-02	1.482487e-01	0.000000e+00	-3.874444e+03	1.758139e+05
6.164200e-01	1.783312e+05	-5.811568e-02	1.484967e-01	0.000000e+00	-2.670982e+03	1.810021e+05
6.176100e-01	1.846093e+05	-5.829254e-02	1.487537e-01	0.000000e+00	-2.942219e+03	1.875515e+05
6.188000e-01	1.607505e+05	-5.846971e-02	1.489983e-01	0.000000e+00	-2.264192e+03	1.630147e+05
6.199900e-01	1.558139e+05	-5.864716e-02	1.492225e-01	0.000000e+00	-4.019561e+03	1.598335e+05
6.211800e-01	1.576068e+05	-5.882486e-02	1.494444e-01	0.000000e+00	-2.801213e+03	1.604080e+05
6.223700e-01	1.631804e+05	-5.900284e-02	1.496716e-01	0.000000e+00	-2.335056e+03	1.655154e+05
6.235600e-01	1.716733e+05	-5.918108e-02	1.499087e-01	0.000000e+00	-1.436452e+03	1.731097e+05
6.247500e-01	1.635327e+05	-5.935962e-02	1.501461e-01	0.000000e+00	-4.048387e+03	1.675811e+05
6.259400e-01	1.576678e+05	-5.953843e-02	1.503736e-01	0.000000e+00	-3.975138e+02	1.580653e+05
6.271300e-01	1.638731e+05	-5.971751e-02	1.506013e-01	0.000000e+00	-5.442995e+02	1.644174e+05
6.283200e-01	1.513185e+05	-5.989686e-02	1.508245e-01	0.000000e+00	-1.534213e+03	1.528527e+05
6.295100e-01	1.654346e+05	-6.007647e-02	1.510488e-01	0.000000e+00	-1.362941e+03	1.667975e+05
6.307000e-01	1.629734e+05	-6.025636e-02	1.512814e-01	0.000000e+00	-2.976366e+03	1.659498e+05
6.318900e-01	1.667097e+05	-6.043652e-02	1.515148e-01	0.000000e+00	-1.085673e+03	1.677954e+05
6.330800e-01	1.729346e+05	-6.061696e-02	1.517554e-01	0.000000e+00	-9.843195e+02	1.739189e+05
6.342700e-01	1.779337e+05	-6.079770e-02	1.520038e-01	0.000000e+00	-1.518090e+03	1.794518e+05
6.354600e-01	1.732046e+05	-6.097873e-02	1.522525e-01	0.000000e+00	-8.457424e+02	1.740503e+05
6.366500e-01	1.638922e+05	-6.116006e-02	1.524912e-01	0.000000e+00	-2.680062e+03	1.665723e+05
6.378400e-01	1.527084e+05	-6.134166e-02	1.527154e-01	0.000000e+00	-4.911539e+03	1.576199e+05
6.390300e-01	1.534544e+05	-6.152352e-02	1.529322e-01	0.000000e+00	-4.646432e+03	1.581009e+05
6.402200e-01	1.613246e+05	-6.170564e-02	1.531552e-01	0.000000e+00	-4.265153e+03	1.655898e+05
6.414100e-01	1.547926e+05	-6.188803e-02	1.533790e-01	0.000000e+00	-5.439582e+02	1.553365e+05
6.426000e-01	1.611875e+05	-6.207068e-02	1.536028e-01	0.000000e+00	-2.904033e+03	1.640915e+05
6.437900e-01	1.509065e+05	-6.225361e-02	1.538238e-01	0.000000e+00	-3.037504e+03	1.539440e+05
6.449800e-01	1.720718e+05	-6.243678e-02	1.540525e-01	0.000000e+00	-1.453791e+03	1.735256e+05
6.461700e-01	1.912508e+05	-6.262025e-02	1.543098e-01	0.000000e+00	-1.208881e+03	1.924597e+05
6.473600e-01	1.757085e+05	-6.280404e-02	1.545697e-01	0.000000e+00	-1.743132e+03	1.774517e+05
6.485500e-01	1.858843e+05	-6.298813e-02	1.548258e-01	0.000000e+00	-2.676569e+03	1.885609e+05
6.497400e-01	1.695543e+05	-6.317253e-02	1.550775e-01	0.000000e+00	-2.395910e+03	1.719502e+05
6.509300e-01	1.626474e+05	-6.335721e-02	1.553127e-01	0.000000e+00	-1.298322e+03	1.639457e+05
6.521200e-01	1.607918e+05	-6.354217e-02	1.555418e-01	0.000000e+00	-3.926431e+03	1.647183e+05
6.533100e-01	1.631095e+05	-6.372740e-02	1.557711e-01	0.000000e+00	-4.398337e+03	1.675079e+05
6.545000e-01	1.625125e+05	-6.391290e-02	1.560017e-01	0.000000e+00	-2.124731e+03	1.646372e+05
6.556900e-01	1.534919e+05	-6.409868e-02	1.562255e-01	0.000000e+00	-4.073816e+03	1.575658e+05
6.568800e-01	1.550815e+05	-6.428472e-02	1.564440e-01	0.000000e+00	-1.733360e+03	1.568149e+05
6.580700e-01	1.618646e+05	-6.447102e-02	1.566685e-01	0.000000e+00	-2.479174e+03	1.643438e+05
6.592600e-01	1.690394e+05	-6.465759e-02	1.569028e-01	0.000000e+00	-1.480941e+03	1.705203e+05
6.604500e-01	1.584627e+05	-6.484445e-02	1.571347e-01	0.000000e+00	-9.608351e+02	1.594236e+05
6.616400e-01	1.753495e+05	-6.503157e-02	1.573711e-01	0.000000e+00	-5.919961e+02	1.759415e+05
6.628300e-01	1.546750e+05	-6.521899e-02	1.576049e-01	0.000000e+00	-3.034014e+02	1.549784e+05
6.640200e-01	1.518584e+05	-6.540667e-02	1.578219e-01	0.000000e+00	-2.709871e+03	1.545682e+05
6.652100e-01	1.527107e+05	-6.559461e-02	1.580376e-01	0.000000e+00	-2.221596e+03	1.549323e+05
6.664000e-01	1.589276e+05	-6.578280e-02	1.582583e-01	0.000000e+00	-9.007237e+02	1.598283e+05
6.675900e-01	1.551827e+05	-6.597126e-02	1.584807e-01	0.000000e+00	-5.870968e+02	1.557698e+05
6.687800e-01	1.679570e+05	-6.615999e-02	1.587096e-01	0.000000e+00	0.000000e+00	1.679570e+05
6.699700e-01	1.668053e+05	-6.634899e-02	1.589466e-01	0.000000e+00	-1.543351e+03	1.683487e+05
6.711600e-01	1.590610e+05	-6.653828e-02	1.591774e-01	0.000000e+00	-3.350255e+03	1.624113e+05
6.723500e-01	1.511890e+05	-6.672783e-02	1.593971e-01	0.000000e+00	-9.887468e+02	1.521777e+05
6.735400e-01	1.597593e+05	-6.691764e-02	1.596173e-01	0.000000e+00	-1.746433e+02	1.599340e+05
6.747300e-01	1.567252e+05	-6.710772e-02	1.598414e-01	0.000000e+00	-3.303885e+03	1.600291e+05
6.759200e-01	1.634517e+05	-6.729807e-02	1.600682e-01	0.000000e+00	-2.089708e+03	1.655414e+05
6.771100e-01	1.765169e+05	-6.748869e-02	1.603089e-01	0.000000e+00	-2.892714e+03	1.794096e+05
6.783000e-01	1.742386e+05	-6.767960e-02	1.605573e-01	0.000000e+00	-1.829748e+03	1.760684e+05
6.794900e-01	1.690097e+05	-6.787081e-02	1.608004e-01	0.000000e+00	-2.609331e+03	1.716190e+05
6.806800e-01	1.654195e+05	-6.806231e-02	1.610372e-01	0.000000e+00	-2.424860e+03	1.678444e+05
6.818700e-01	1.579147e+05	-6.825408e-02	1.612662e-01	0.000000e+00	-2.741244e+03	1.606559e+05
6.830600e-01	1.700200e+05	-6.844612e-02	1.614984e-01	0.000000e+00	-3.601687e+03	1.736217e+05
6.842500e-01	1.683105e+05	-6.863845e-02	1.617380e-01	0.000000e+00	-1.021256e+03	1.693317e+05
6.854400e-01	1.814026e+05	-6.883106e-02	1.619857e-01	0.000000e+00	-1.254862e+03	1.826575e+05
6.866300e-01	1.750526e+05	-6.902397e-02	1.622381e-01	0.000000e+00	-1.794337e+03	1.768469e+05
6.878200e-01	1.593552e+05	-6.921718e-02	1.624749e-01	0.000000e+00	-4.862983e+03	1.642182e+05
6.890100e-01	1.611054e+05	-6.941066e-02	1.627019e-01	0.000000e+00	-2.245445e+03	1.633509e+05
6.902000e-01	1.693445e+05	-6.960441e-02	1.629359e-01	0.000000e+00	-3.765129e+03	1.731096e+05
6.913900e-01	1.729385e+05	-6.979845e-02	1.631783e-01	0.000000e+00	-1.794079e+03	1.747325e+05
6.925800e-01	1.583432e+05	-6.999278e-02	1.634129e-01	0.000000e+00	-2.767607e+03	1.611108e+05
6.937700e-01	1.493581e+05	-7.018737e-02	1.636308e-01	0.000000e+00	-1.442800e+03	1.508009e+05
6.949600e-01	1.617346e+05	-7.038222e-02	1.638511e-01	0.000000e+00	-1.883661e+03	1.636183e+05
6.961500e-01	1.810319e+05	-7.057734e-02	1.640938e-01	0.000000e+00	-1.579628e+03	1.826115e+05
6.973400e-01	1.645454e+05	-7.077276e-02	1.643386e-01	0.000000e+00	-2.580433e+03	1.671259e+05
6.985300e-01	1.607164e+05	-7.096847e-02	1.645689e-01	0.000000e+00	-1.600050e+03	1.623165e+05
6.997200e-01	1.629348e+05	-7.116444e-02	1.647981e-01	0.000000e+00	-1.591370e+03	1.645262e+05
7.009100e-01	1.782285e+05	-7.136068e-02	1.650397e-01	0.000000e+00	-1.847184e+03	1.800757e+05
7.021000e-01	1.735599e+05	-7.155723e-02	1.652888e-01	0.000000e+00	-5.090395e+02	1.740689e+05
7.032900e-01	1.624953e+05	-7.175407e-02	1.655268e-01	0.000000e+00	-6.945296e+02	1.631898e+05
7.044800e-01	1.593845e+05	-7.195119e-02	1.657547e-01	0.000000e+00	-9.767310e+02	1.603613e+05
7.056700e-01	1.458201e+05	-7.214857e-02	1.659709e-01	0.000000e+00	-2.495588e+03	1.483157e+05
7.068600e-01	1.618838e+05	-7.234620e-02	1.661888e-01	0.000000e+00	-4.038873e+03	1.659227e+05
7.080500e-01	1.770894e+05	-7.254410e-02	1.664288e-01	0.000000e+00	-2.334240e+03	1.794236e+05
7.092400e-01	1.547342e+05	-7.274230e-02	1.666638e-01	0.000000e+00	-1.038436e+03	1.557726e+05
7.104300e-01	1.586908e+05	-7.294076e-02	1.668858e-01	0.000000e+00	-2.274109e+03	1.609649e+05
7.116200e-01	1.729331e+05	-7.313949e-02	1.671206e-01	0.000000e+00	-3.633893e+03	1.765670e+05
7.128100e-01	1.751615e+05	-7.333850e-02	1.673671e-01	0.000000e+00	-2.441898e+03	1.776034e+05
7.140000e-01	1.689160e+05	-7.353782e-02	1.676108e-01	0.000000e+00	-4.278432e+03	1.731945e+05
7.151900e-01	1.695873e+05	-7.373742e-02	1.678505e-01	0.000000e+00	-4.101159e+03	1.736885e+05
7.163800e-01	1.623462e+05	-7.393730e-02	1.680856e-01	0.000000e+00	-2.358378e+03	1.647045e+05
7.175700e-01	1.838775e+05	-7.413746e-02	1.683308e-01	0.000000e+00	-8.263920e+02	1.847039e+05
7.187600e-01	1.725807e+05	-7.433793e-02	1.685832e-01	0.000000e+00	-6.362179e+01	1.726443e+05
7.199500e-01	1.695284e+05	-7.453869e-02	1.688255e-01	0.000000e+00	-2.734213e+03	1.722626e+05
7.211400e-01	1.720147e+05	-7.473974e-02	1.690673e-01	0.000000e+00	-3.026954e+03	1.750416e+05
7.223300e-01	1.762648e+05	-7.494107e-02	1.693140e-01	0.000000e+00	-2.649577e+03	1.789144e+05
7.235200e-01	1.849348e+05	-7.514270e-02	1.695698e-01	0.000000e+00	-3.136800e+03	1.880716e+05
7.247100e-01	1.603348e+05	-7.534465e-02	1.698143e-01	0.000000e+00	-1.135703e+03	1.614705e+05
7.259000e-01	1.706290e+05	-7.554686e-02	1.700486e-01	0.000000e+00	-2.315664e+03	1.729446e+05
7.270900e-01	1.832195e+05	-7.574936e-02	1.702992e-01	0.000000e+00	-1.929483e+03	1.851489e+05
7.282800e-01	1.759460e+05	-7.595217e-02	1.705536e-01	0.000000e+00	-7.809743e+02	1.767269e+05
7.294700e-01	1.752700e+05	-7.615528e-02	1.708023e-01	0.000000e+00	-1.764732e+03	1.770347e+05
7.306600e-01	1.749524e+05	-7.635868e-02	1.710503e-01	0.000000e+00	-2.041929e+03	1.769944e+05
7.318500e-01	1.628714e+05	-7.656238e-02	1.712895e-01	0.000000e+00	-1.377045e+03	1.642485e+05
7.330400e-01	1.531804e+05	-7.676635e-02	1.715134e-01	0.000000e+00	-4.349421e+03	1.575298e+05
7.342300e-01	1.601368e+05	-7.697058e-02	1.717352e-01	0.000000e+00	-2.000421e+03	1.621373e+05
7.354200e-01	1.718550e+05	-7.717508e-02	1.719703e-01	0.000000e+00	-1.808331e+03	1.736634e+05
7.366100e-01	1.737738e+05	-7.737987e-02	1.722151e-01	0.000000e+00	-1.871350e+03	1.756452e+05
7.378000e-01	1.745627e+05	-7.758495e-02	1.724618e-01	0.000000e+00	-1.757937e+03	1.763206e+05
7.389900e-01	1.626954e+05	-7.779033e-02	1.727006e-01	0.000000e+00	-2.209852e+03	1.649052e+05
7.401800e-01	1.671263e+05	-7.799598e-02	1.729342e-01	0.000000e+00	-2.666113e+03	1.697924e+05
7.413700e-01	1.757018e+05	-7.820191e-02	1.731770e-01	0.000000e+00	-1.055764e+03	1.767575e+05
7.425600e-01	1.681172e+05	-7.840814e-02	1.734204e-01	0.000000e+00	-1.461153e+03	1.695784e+05
7.437500e-01	1.605708e+05	-7.861465e-02	1.736532e-01	0.000000e+00	-7.340487e+02	1.613049e+05
7.449400e-01	1.539802e+05	-7.882144e-02	1.738760e-01	0.000000e+00	-1.537391e+03	1.555176e+05
7.461300e-01	1.604981e+05	-7.902848e-02	1.740987e-01	0.000000e+00	-2.734417e+02	1.607716e+05
7.473200e-01	1.933524e+05	-7.923579e-02	1.743492e-01	0.000000e+00	-9.080217e+02	1.942604e+05
7.485100e-01	1.730400e+05	-7.944343e-02	1.746087e-01	0.000000e+00	-9.043938e+02	1.739444e+05
7.497000e-01	1.721495e+05	-7.965136e-02	1.748532e-01	0.000000e+00	-7.507799e+02	1.729003e+05
7.508900e-01	1.704956e+05	-7.985958e-02	1.750958e-01	0.000000e+00	-2.118577e+03	1.726142e+05
7.520800e-01	1.763784e+05	-8.006809e-02	1.753415e-01	0.000000e+00	-7.334399e+02	1.771118e+05
7.532700e-01	1.611364e+05	-8.027689e-02	1.755805e-01	0.000000e+00	-3.189420e+03	1.643259e+05
7.544600e-01	1.664830e+05	-8.048597e-02	1.758125e-01	0.000000e+00	-1.349241e+03	1.678323e+05
7.556500e-01	1.672011e+05	-8.069533e-02	1.760488e-01	0.000000e+00	-2.254062e+03	1.694551e+05
7.568400e-01	1.608567e+05	-8.090497e-02	1.762811e-01	0.000000e+00	-1.490028e+03	1.623467e+05
7.580300e-01	1.613823e+05	-8.111488e-02	1.765093e-01	0.000000e+00	-1.183521e+03	1.625658e+05
7.592200e-01	1.697177e+05	-8.132506e-02	1.767438e-01	0.000000e+00	-1.654410e+03	1.713721e+05
7.604100e-01	1.665858e+05	-8.153553e-02	1.769819e-01	0.000000e+00	-1.823539e+03	1.684094e+05
7.616000e-01	1.669923e+05	-8.174627e-02	1.772182e-01	0.000000e+00	-1.678475e+03	1.686707e+05
7.627900e-01	1.784084e+05	-8.195730e-02	1.774628e-01	0.000000e+00	0.000000e+00	1.784084e+05
7.639800e-01	1.487966e+05	-8.216864e-02	1.776945e-01	0.000000e+00	-1.463752e+03	1.502604e+05
7.651700e-01	1.653601e+05	-8.238022e-02	1.779170e-01	0.000000e+00	-3.482184e+03	1.688422e+05
7.663600e-01	1.737735e+05	-8.259208e-02	1.781571e-01	0.000000e+00	-4.083354e+03	1.778568e+05
7.675500e-01	1.756749e+05	-8.280423e-02	1.784046e-01	0.000000e+00	-2.491070e+03	1.781660e+05
7.687400e-01	1.735178e+05	-8.301668e-02	1.786519e-01	0.000000e+00	-1.678181e+03	1.751960e+05
7.699300e-01	1.744899e+05	-8.322942e-02	1.788983e-01	0.000000e+00	-6.334167e+02	1.751233e+05
7.711200e-01	1.739846e+05	-8.344246e-02	1.791451e-01	0.000000e+00	-6.579646e+02	1.746426e+05
7.723100e-01	1.795062e+05	-8.365579e-02	1.793954e-01	0.000000e+00	-1.892910e+03	1.813991e+05
7.735000e-01	1.829345e+05	-8.386942e-02	1.796521e-01	0.000000e+00	-2.302818e+03	1.852374e+05
7.746900e-01	1.698470e+05	-8.408336e-02	1.799019e-01	0.000000e+00	-2.753093e+03	1.726001e+05
7.758800e-01	1.621876e+05	-8.429759e-02	1.801371e-01	0.000000e+00	-2.407641e+03	1.645952e+05
7.770700e-01	1.422031e+05	-8.451209e-02	1.803526e-01	0.000000e+00	-3.181897e+03	1.453850e+05
7.782600e-01	1.656159e+05	-8.472683e-02	1.805706e-01	0.000000e+00	-2.296559e+03	1.679124e+05
7.794500e-01	1.740742e+05	-8.494184e-02	1.808112e-01	0.000000e+00	-9.628779e+02	1.750371e+05
7.806400e-01	1.741796e+05	-8.515716e-02	1.810578e-01	0.000000e+00	-4.477964e+03	1.786576e+05
7.818300e-01	1.599298e+05	-8.537276e-02	1.812944e-01	0.000000e+00	-3.093205e+03	1.630230e+05
7.830200e-01	1.716520e+05	-8.558864e-02	1.815292e-01	0.000000e+00	-3.940395e+03	1.755924e+05
7.842100e-01	1.701491e+05	-8.580480e-02	1.817712e-01	0.000000e+00	-2.717700e+03	1.728668e+05
7.854000e-01	1.676088e+05	-8.602125e-02	1.820104e-01	0.000000e+00	-8.611671e+02	1.684700e+05
7.865900e-01	1.540750e+05	-8.623799e-02	1.822382e-01	0.000000e+00	-1.676102e+03	1.557511e+05
7.877800e-01	1.662343e+05	-8.645498e-02	1.824651e-01	0.000000e+00	-5.733987e+02	1.668077e+05
7.889700e-01	1.741455e+05	-8.667225e-02	1.827061e-01	0.000000e+00	-2.715076e+02	1.744170e+05
7.901600e-01	1.701474e+05	-8.688982e-02	1.829499e-01	0.000000e+00	-1.819619e+03	1.719671e+05
7.913500e-01	1.688182e+05	-8.710767e-02	1.831900e-01	0.000000e+00	-2.437170e+03	1.712554e+05
7.925400e-01	1.758120e+05	-8.732581e-02	1.834340e-01	0.000000e+00	-2.319309e+03	1.781313e+05
7.937300e-01	1.709225e+05	-8.754425e-02	1.836796e-01	0.000000e+00	-1.827263e+03	1.727497e+05
7.949200e-01	1.729620e+05	-8.776297e-02	1.839231e-01	0.000000e+00	-7.537905e+02	1.737158e+05
7.961100e-01	1.711461e+05	-8.798198e-02	1.841668e-01	0.000000e+00	-2.641112e+03	1.737873e+05
7.973000e-01	1.706797e+05	-8.820129e-02	1.844089e-01	0.000000e+00	-1.164249e+03	1.718440e+05
7.984900e-01	1.602437e+05	-8.842088e-02	1.846432e-01	0.000000e+00	-1.896695e+03	1.621404e+05
7.996800e-01	1.777101e+05	-8.864074e-02	1.848825e-01	0.000000e+00	-1.399873e+03	1.791100e+05
8.008700e-01	1.700642e+05	-8.886090e-02	1.851288e-01	0.000000e+00	-1.736095e+03	1.718003e+05
8.020600e-01	1.751440e+05	-8.908134e-02	1.853733e-01	0.000000e+00	-1.423609e+03	1.765676e+05
8.032500e-01	1.676799e+05	-8.930209e-02	1.856161e-01	0.000000e+00	-2.725772e+03	1.704057e+05
8.044400e-01	1.698459e+05	-8.952311e-02	1.858551e-01	0.000000e+00	-1.522014e+03	1.713680e+05
8.056300e-01	1.794190e+05	-8.974442e-02	1.861024e-01	0.000000e+00	-8.616916e+02	1.802807e+05
8.068200e-01	1.842649e+05	-8.996603e-02	1.863600e-01	0.000000e+00	-2.016135e+03	1.862810e+05
8.080100e-01	1.681225e+05	-9.018796e-02	1.866095e-01	0.000000e+00	-2.684436e+03	1.708070e+05
8.092000e-01	1.689453e+05	-9.041016e-02	1.868482e-01	0.000000e+00	-9.207966e+02	1.698661e+05
8.103900e-01	1.651973e+05	-9.063266e-02	1.870848e-01	0.000000e+00	-1.932157e+03	1.671295e+05
8.115800e-01	1.693507e+05	-9.085543e-02	1.873218e-01	0.000000e+00	-3.779644e+03	1.731303e+05
8.127700e-01	1.674300e+05	-9.107848e-02	1.875603e-01	0.000000e+00	-1.113360e+03	1.685433e+05
8.139600e-01	1.664283e+05	-9.130182e-02	1.877967e-01	0.000000e+00	-2.204376e+02	1.666488e+05
8.151500e-01	1.747596e+05	-9.152544e-02	1.880383e-01	0.000000e+00	-1.786790e+03	1.765464e+05
8.163400e-01	1.575595e+05	-9.174935e-02	1.882736e-01	0.000000e+00	-2.194453e+03	1.597539e+05
8.175300e-01	1.713947e+05	-9.197353e-02	1.885066e-01	0.000000e+00	0.000000e+00	1.713947e+05
8.187200e-01	1.711190e+05	-9.219800e-02	1.887491e-01	0.000000e+00	-2.426679e+02	1.713617e+05
8.199100e-01	1.725192e+05	-9.242275e-02	1.889925e-01	0.000000e+00	-1.616680e+03	1.741359e+05
8.211000e-01	1.633944e+05	-9.264780e-02	1.892304e-01	0.000000e+00	-7.024189e+02	1.640968e+05
8.222900e-01	1.631967e+05	-9.287312e-02	1.894617e-01	0.000000e+00	-1.033706e+03	1.642304e+05
8.234800e-01	1.694355e+05	-9.309872e-02	1.896972e-01	0.000000e+00	-8.258976e+02	1.702614e+05
8.246700e-01	1.714283e+05	-9.332460e-02	1.899386e-01	0.000000e+00	-8.623038e+02	1.722906e+05
8.258600e-01	1.752187e+05	-9.355077e-02	1.901841e-01	0.000000e+00	-1.872490e+03	1.770912e+05
8.270500e-01	1.774565e+05	-9.377724e-02	1.904338e-01	0.000000e+00	-1.620617e+03	1.790771e+05
8.282400e-01	1.805231e+05	-9.400400e-02	1.906873e-01	0.000000e+00	-1.964812e+03	1.824879e+05
8.294300e-01	1.941363e+05	-9.423107e-02	1.909527e-01	0.000000e+00	-7.832593e+02	1.949196e+05
8.306200e-01	1.877307e+05	-9.445847e-02	1.912231e-01	0.000000e+00	-2.398542e+02	1.879705e+05
8.318100e-01	1.646915e+05	-9.468619e-02	1.914727e-01	0.000000e+00	-8.605468e+01	1.647776e+05
8.330000e-01	1.553012e+05	-9.491418e-02	1.916993e-01	0.000000e+00	-7.542815e+02	1.560555e+05
8.341900e-01	1.708264e+05	-9.514243e-02	1.919302e-01	0.000000e+00	0.000000e+00	1.708264e+05
8.353800e-01	1.615507e+05	-9.537097e-02	1.921656e-01	0.000000e+00	-1.029251e+03	1.625800e+05
8.365700e-01	1.678456e+05	-9.559978e-02	1.923989e-01	0.000000e+00	-8.468692e+02	1.686925e+05
8.377600e-01	1.718358e+05	-9.582888e-02	1.926394e-01	0.000000e+00	-8.728869e+02	1.727087e+05
8.389500e-01	1.608655e+05	-9.605827e-02	1.928750e-01	0.000000e+00	-6.904039e+02	1.615559e+05
8.401400e-01	1.630580e+05	-9.628792e-02	1.931044e-01	0.000000e+00	-1.725023e+03	1.647831e+05
8.413300e-01	1.493946e+05	-9.651785e-02	1.933257e-01	0.000000e+00	-2.046777e+03	1.514414e+05
8.425200e-01	1.580234e+05	-9.674804e-02	1.935434e-01	0.000000e+00	-3.084294e+03	1.611077e+05
8.437100e-01	1.501610e+05	-9.697849e-02	1.937616e-01	0.000000e+00	-3.059316e+03	1.532203e+05
8.449000e-01	1.634404e+05	-9.720919e-02	1.939837e-01	0.000000e+00	-3.184569e+03	1.666249e+05
8.460900e-01	1.444551e+05	-9.744017e-02	1.942018e-01	0.000000e+00	-3.775382e+03	1.482305e+05
8.472800e-01	1.540566e+05	-9.767139e-02	1.944132e-01	0.000000e+00	-1.382902e+03	1.554395e+05
8.484700e-01	1.672556e+05	-9.790287e-02	1.946407e-01	0.000000e+00	-9.083262e+02	1.681639e+05
8.496600e-01	1.777037e+05	-9.813464e-02	1.948850e-01	0.000000e+00	-6.926823e+02	1.783964e+05
8.508500e-01	1.732940e+05	-9.836670e-02	1.951335e-01	0.000000e+00	-2.307303e+02	1.735247e+05
8.520400e-01	1.702532e+05	-9.859905e-02	1.953768e-01	0.000000e+00	-1.751964e+03	1.720051e+05
8.532300e-01	1.656713e+05	-9.883169e-02	1.956147e-01	0.000000e+00	-3.255830e+03	1.689272e+05
8.544200e-01	1.667640e+05	-9.906462e-02	1.958501e-01	0.000000e+00	-1.387243e+03	1.681512e+05
8.556100e-01	1.761713e+05	-9.929782e-02	1.960930e-01	0.000000e+00	-2.259161e+03	1.784305e+05
8.568000e-01	1.798838e+05	-9.953132e-02	1.963451e-01	0.000000e+00	-3.294563e+03	1.831784e+05
8.579900e-01	1.506683e+05	-9.976512e-02	1.965792e-01	0.000000e+00	-1.749741e+03	1.524181e+05
8.591800e-01	1.596005e+05	-9.999918e-02	1.967989e-01	0.000000e+00	-5.872130e+02	1.601877e+05
8.603700e-01	1.596867e+05	-1.002335e-01	1.970251e-01	0.000000e+00	-3.824743e+01	1.597249e+05
8.615600e-01	1.617860e+05	-1.004681e-01	1.972527e-01	0.000000e+00	-1.286376e+03	1.630723e+05
8.627500e-01	1.756484e+05	-1.007030e-01	1.974917e-01	0.000000e+00	-1.927618e+03	1.775761e+05
8.639400e-01	1.654627e+05	-1.009381e-01	1.977332e-01	0.000000e+00	-1.979105e+03	1.674418e+05
8.651300e-01	1.696556e+05	-1.011736e-01	1.979706e-01	0.000000e+00	-3.165544e+03	1.728211e+05
8.663200e-01	1.908286e+05	-1.014093e-01	1.982258e-01	0.000000e+00	-1.838479e+03	1.926671e+05
8.675100e-01	1.685861e+05	-1.016453e-01	1.984804e-01	0.000000e+00	-6.890006e+02	1.692751e+05
8.687000e-01	1.518052e+05	-1.018817e-01	1.987073e-01	0.000000e+00	-6.519071e+02	1.524571e+05
8.698900e-01	1.642132e+05	-1.021183e-01	1.989310e-01	0.000000e+00	-2.541395e+03	1.667546e+05
8.710800e-01	1.707243e+05	-1.023551e-01	1.991682e-01	0.000000e+00	-1.255996e+03	1.719802e+05
8.722700e-01	1.599589e+05	-1.025923e-01	1.994024e-01	0.000000e+00	-2.151242e+03	1.621102e+05
8.734600e-01	1.564173e+05	-1.028297e-01	1.996265e-01	0.000000e+00	-1.505387e+03	1.579226e+05
8.746500e-01	1.736004e+05	-1.030674e-01	1.998602e-01	0.000000e+00	-1.226320e+03	1.748267e+05
8.758400e-01	1.762174e+05	-1.033054e-01	2.001079e-01	0.000000e+00	-1.164115e+03	1.773815e+05
8.770300e-01	1.855173e+05	-1.035437e-01	2.003641e-01	0.000000e+00	-4.280074e+02	1.859453e+05
8.782200e-01	1.584378e+05	-1.037822e-01	2.006076e-01	0.000000e+00	-7.371927e+02	1.591750e+05
8.794100e-01	1.568269e+05	-1.040211e-01	2.008309e-01	0.000000e+00	-2.840246e+03	1.596671e+05
8.806000e-01	1.651511e+05	-1.042602e-01	2.010589e-01	0.000000e+00	-1.847909e+03	1.669990e+05
8.817900e-01	1.522153e+05	-1.044996e-01	2.012837e-01	0.000000e+00	-1.098977e+03	1.533142e+05
8.829800e-01	1.700828e+05	-1.047393e-01	2.015119e-01	0.000000e+00	-1.796690e+03	1.718795e+05
8.841700e-01	1.738026e+05	-1.049792e-01	2.017554e-01	0.000000e+00	-2.222854e+03	1.760254e+05
8.853600e-01	1.603114e+05	-1.052195e-01	2.019920e-01	0.000000e+00	-6.453660e+02	1.609567e+05
8.865500e-01	1.584921e+05	-1.054600e-01	2.022178e-01	0.000000e+00	-1.379583e+03	1.598717e+05
8.877400e-01	1.577722e+05	-1.057007e-01	2.024418e-01	0.000000e+00	-2.546923e+03	1.603191e+05
8.889300e-01	1.664675e+05	-1.059418e-01	2.026714e-01	0.000000e+00	-8.506453e+02	1.673181e+05
8.901200e-01	1.639509e+05	-1.061831e-01	2.029054e-01	0.000000e+00	-6.729635e+02	1.646239e+05
8.913100e-01	1.627657e+05	-1.064247e-01	2.031367e-01	0.000000e+00	-1.410770e+03	1.641765e+05
8.925000e-01	1.659850e+05	-1.066666e-01	2.033696e-01	0.000000e+00	-2.581928e+03	1.685670e+05
8.936900e-01	1.759326e+05	-1.069087e-01	2.036117e-01	0.000000e+00	-2.802565e+03	1.787352e+05
8.948800e-01	1.979809e+05	-1.071512e-01	2.038765e-01	0.000000e+00	-1.315068e+03	1.992960e+05
8.960700e-01	1.704556e+05	-1.073939e-01	2.041374e-01	0.000000e+00	-2.926782e+03	1.733824e+05
8.972600e-01	1.808354e+05	-1.076370e-01	2.043862e-01	0.000000e+00	-3.064865e+03	1.839003e+05
8.984500e-01	1.550951e+05	-1.078804e-01	2.046241e-01	0.000000e+00	-1.191446e+03	1.562866e+05
8.996400e-01	1.767848e+05	-1.081240e-01	2.048591e-01	0.000000e+00	-8.274421e+01	1.768675e+05
9.008300e-01	1.789086e+05	-1.083679e-01	2.051110e-01	0.000000e+00	-2.368843e+03	1.812774e+05
9.020200e-01	1.765613e+05	-1.086122e-01	2.053627e-01	0.000000e+00	-9.479841e+02	1.775093e+05
9.032100e-01	1.727633e+05	-1.088567e-01	2.056101e-01	0.000000e+00	-3.272268e+03	1.760356e+05
9.044000e-01	1.730960e+05	-1.091015e-01	2.058550e-01	0.000000e+00	-3.837222e+03	1.769332e+05
9.055900e-01	1.666823e+05	-1.093466e-01	2.060956e-01	0.000000e+00	-4.420010e+03	1.711023e+05
9.067800e-01	1.587765e+05	-1.095920e-01	2.063261e-01	0.000000e+00	-2.148345e+03	1.609248e+05
9.079700e-01	1.712081e+05	-1.098377e-01	2.065598e-01	0.000000e+00	-7.102601e+02	1.719183e+05
9.091600e-01	1.583983e+05	-1.100836e-01	2.067932e-01	0.000000e+00	-1.184055e+03	1.595824e+05
9.103500e-01	1.812051e+05	-1.103299e-01	2.070337e-01	0.000000e+00	-9.949793e+02	1.822001e+05
9.115400e-01	1.554269e+05	-1.105764e-01	2.072721e-01	0.000000e+00	-1.370031e+03	1.567969e+05
9.127300e-01	1.736538e+05	-1.108232e-01	2.075051e-01	0.000000e+00	-3.033007e+03	1.766868e+05
9.139200e-01	1.679529e+05	-1.110702e-01	2.077470e-01	0.000000e+00	-1.808498e+03	1.697614e+05
9.151100e-01	1.574616e+05	-1.113176e-01	2.079775e-01	0.000000e+00	-2.271296e+03	1.597329e+05
9.163000e-01	1.714235e+05	-1.115652e-01	2.082104e-01	0.000000e+00	-1.248427e+03	1.726719e+05
9.174900e-01	1.922841e+05	-1.118131e-01	2.084680e-01	0.000000e+00	-3.218954e+03	1.955030e+05
9.186800e-01	1.715696e+05	-1.120614e-01	2.087256e-01	0.000000e+00	-6.965224e+02	1.722661e+05
9.198700e-01	1.536585e+05	-1.123099e-01	2.089559e-01	0.000000e+00	-9.852470e+02	1.546438e+05
9.210600e-01	1.563095e+05	-1.125587e-01	2.091755e-01	0.000000e+00	-2.744641e+03	1.590541e+05
9.222500e-01	1.584500e+05	-1.128078e-01	2.093984e-01	0.000000e+00	-4.717924e+02	1.589218e+05
9.234400e-01	1.793944e+05	-1.130571e-01	2.096376e-01	0.000000e+00	-5.539702e+01	1.794498e+05
9.246300e-01	1.502933e+05	-1.133067e-01	2.098711e-01	0.000000e+00	-2.335969e+03	1.526293e+05
9.258200e-01	1.709405e+05	-1.135566e-01	2.100986e-01	0.000000e+00	-1.017496e+03	1.719580e+05
9.270100e-01	1.693392e+05	-1.138067e-01	2.103395e-01	0.000000e+00	-1.580934e+03	1.709201e+05
9.282000e-01	1.587538e+05	-1.140572e-01	2.105719e-01	0.000000e+00	-5.222063e+01	1.588060e+05
9.293900e-01	1.814076e+05	-1.143079e-01	2.108128e-01	0.000000e+00	-1.111464e+03	1.825190e+05
9.305800e-01	1.807357e+05	-1.145589e-01	2.110692e-01	0.000000e+00	-1.591217e+03	1.823269e+05
9.317700e-01	1.792232e+05	-1.148102e-01	2.113241e-01	0.000000e+00	-1.120563e+03	1.803437e+05
9.329600e-01	1.760398e+05	-1.150619e-01	2.115757e-01	0.000000e+00	-1.180619e+03	1.772204e+05
9.341500e-01	1.645720e+05	-1.153138e-01	2.118169e-01	0.000000e+00	-2.047691e+03	1.666197e+05
9.353400e-01	1.682944e+05	-1.155660e-01	2.120527e-01	0.000000e+00	-5.114723e+02	1.688058e+05
9.365300e-01	1.623356e+05	-1.158185e-01	2.122868e-01	0.000000e+00	-1.637717e+01	1.623519e+05
9.377200e-01	1.501185e+05	-1.160712e-01	2.125081e-01	0.000000e+00	-1.818208e+03	1.519367e+05
9.389100e-01	1.605865e+05	-1.163242e-01	2.127281e-01	0.000000e+00	-3.693779e+03	1.642803e+05
9.401000e-01	1.436129e+05	-1.165775e-01	2.129435e-01	0.000000e+00	-2.915533e+03	1.465285e+05
9.412900e-01	1.744838e+05	-1.168310e-01	2.131688e-01	0.000000e+00	-7.998002e+02	1.752836e+05
9.424800e-01	1.695372e+05	-1.170849e-01	2.134124e-01	0.000000e+00	0.000000e+00	1.695372e+05
9.436700e-01	1.703460e+05	-1.173390e-01	2.136531e-01	0.000000e+00	-2.522435e+03	1.728684e+05
9.448600e-01	1.565765e+05	-1.175934e-01	2.138846e-01	0.000000e+00	-1.357286e+03	1.579338e+05
9.460500e-01	1.706854e+05	-1.178480e-01	2.141164e-01	0.000000e+00	-3.899007e+02	1.710753e+05
9.472400e-01	1.661130e+05	-1.181029e-01	2.143549e-01	0.000000e+00	-1.809977e+03	1.679230e+05
9.484300e-01	1.635536e+05	-1.183582e-01	2.145883e-01	0.000000e+00	-1.844384e+03	1.653980e+05
9.496200e-01	1.658638e+05	-1.186137e-01	2.148216e-01	0.000000e+00	-1.534180e+03	1.673980e+05
9.508100e-01	1.652451e+05	-1.188694e-01	2.150561e-01	0.000000e+00	-1.456862e+03	1.667020e+05
9.520000e-01	1.626472e+05	-1.191255e-01	2.152883e-01	0.000000e+00	-9.344446e+00	1.626566e+05
9.531900e-01	1.643906e+05	-1.193818e-01	2.155199e-01	0.000000e+00	0.000000e+00	1.643906e+05
9.543800e-01	1.660966e+05	-1.196384e-01	2.157539e-01	0.000000e+00	-1.270257e+02	1.662237e+05
9.555700e-01	1.731541e+05	-1.198953e-01	2.159942e-01	0.000000e+00	-7.133104e+02	1.738674e+05
9.567600e-01	1.651959e+05	-1.201525e-01	2.162338e-01	0.000000e+00	-1.929288e+03	1.671252e+05
9.579500e-01	1.609032e+05	-1.204100e-01	2.164647e-01	0.000000e+00	-5.917201e+02	1.614949e+05
9.591400e-01	1.724057e+05	-1.206677e-01	2.167008e-01	0.000000e+00	-6.437960e+02	1.730494e+05
9.603300e-01	1.738286e+05	-1.209257e-01	2.169460e-01	0.000000e+00	-1.319922e+03	1.751485e+05
9.615200e-01	1.858657e+05	-1.211840e-01	2.172007e-01	0.000000e+00	-5.572901e+02	1.864230e+05
9.627100e-01	1.773990e+05	-1.214426e-01	2.174579e-01	0.000000e+00	-1.221822e+03	1.786208e+05
9.639000e-01	1.671141e+05	-1.217016e-01	2.177019e-01	0.000000e+00	-4.588501e+02	1.675729e+05
9.650900e-01	1.768475e+05	-1.219608e-01	2.179455e-01	0.000000e+00	-2.863319e+02	1.771338e+05
9.662800e-01	1.756031e+05	-1.222203e-01	2.181951e-01	0.000000e+00	-2.338002e+03	1.779411e+05
9.674700e-01	1.724048e+05	-1.224801e-01	2.184415e-01	0.000000e+00	-2.486165e+03	1.748909e+05
9.686600e-01	1.699709e+05	-1.227402e-01	2.186840e-01	0.000000e+00	-2.776360e+03	1.727473e+05
9.698500e-01	1.747556e+05	-1.230006e-01	2.189281e-01	0.000000e+00	-1.172097e+03	1.759277e+05
9.710400e-01	1.654519e+05	-1.232612e-01	2.191690e-01	0.000000e+00	-7.235830e+02	1.661755e+05
9.722300e-01	1.754438e+05	-1.235222e-01	2.194104e-01	0.000000e+00	-3.014949e+02	1.757453e+05
9.734200e-01	1.743043e+05	-1.237834e-01	2.196581e-01	0.000000e+00	-1.861547e+03	1.761659e+05
9.746100e-01	1.757815e+05	-1.240450e-01	2.199060e-01	0.000000e+00	-2.728656e+03	1.785101e+05
9.758000e-01	1.670999e+05	-1.243068e-01	2.201489e-01	0.000000e+00	-1.292150e+03	1.683920e+05
9.769900e-01	1.562804e+05	-1.245689e-01	2.203779e-01	0.000000e+00	-2.035282e+02	1.564840e+05
9.781800e-01	1.554152e+05	-1.248313e-01	2.205986e-01	0.000000e+00	-1.477144e+03	1.568924e+05
9.793700e-01	1.575859e+05	-1.250939e-01	2.208202e-01	0.000000e+00	-6.265645e+02	1.582125e+05
9.805600e-01	1.772632e+05	-1.253568e-01	2.210574e-01	0.000000e+00	-7.895112e+02	1.780527e+05
9.817500e-01	1.666001e+05	-1.256201e-01	2.213009e-01	0.000000e+00	-2.645966e+02	1.668647e+05
9.829400e-01	1.649734e+05	-1.258835e-01	2.215357e-01	0.000000e+00	0.000000e+00	1.649734e+05
9.841300e-01	1.584827e+05	-1.261473e-01	2.217648e-01	0.000000e+00	0.000000e+00	1.584827e+05
9.853200e-01	1.632026e+05	-1.264113e-01	2.219926e-01	0.000000e+00	-2.411994e+03	1.656146e+05
9.865100e-01	1.625742e+05	-1.266757e-01	2.222233e-01	0.000000e+00	-1.789687e+03	1.643639e+05
9.877000e-01	1.812180e+05	-1.269402e-01	2.224667e-01	0.000000e+00	-8.465682e+02	1.820646e+05
9.888900e-01	1.771729e+05	-1.272051e-01	2.227205e-01	0.000000e+00	-1.033305e+03	1.782062e+05
9.900800e-01	1.632655e+05	-1.274703e-01	2.229616e-01	0.000000e+00	-1.184502e+03	1.644500e+05
9.912700e-01	1.618826e+05	-1.277358e-01	2.231919e-01	0.000000e+00	-1.515879e+03	1.633985e+05
9.924600e-01	1.670976e+05	-1.280015e-01	2.234248e-01	0.000000e+00	-5.511915e+02	1.676488e+05
9.936500e-01	1.501922e+05	-1.282675e-01	2.236495e-01	0.000000e+00	-7.509068e+02	1.509431e+05
9.948400e-01	1.659000e+05	-1.285338e-01	2.238734e-01	0.000000e+00	0.000000e+00	1.659000e+05
9.960300e-01	1.716985e+05	-1.288003e-01	2.241125e-01	0.000000e+00	-3.070874e+02	1.720056e+05
9.972200e-01	1.715755e+05	-1.290672e-01	2.243556e-01	0.000000e+00	-6.668032e+02	1.722423e+05
9.984100e-01	1.721490e+05	-1.293343e-01	2.245990e-01	0.000000e+00	-1.801138e+03	1.739501e+05
9.996000e-01	1.762565e+05	-1.296017e-01	2.248457e-01	0.000000e+00	-2.306090e+03	1.785626e+05
1.000790e+00	1.911411e+05	-1.298694e-01	2.251059e-01	0.000000e+00	-8.012348e+02	1.919423e+05
1.001980e+00	1.656263e+05	-1.301375e-01	2.253585e-01	0.000000e+00	-8.685175e+02	1.664948e+05
1.003170e+00	1.808362e+05	-1.304058e-01	2.256039e-01	0.000000e+00	-1.947395e+03	1.827836e+05
1.004360e+00	1.792370e+05	-1.306744e-01	2.258589e-01	0.000000e+00	-1.891693e+03	1.811287e+05
1.005550e+00	1.777671e+05	-1.309433e-01	2.261117e-01	0.000000e+00	-1.174747e+03	1.789419e+05
1.006740e+00	1.622800e+05	-1.312126e-01	2.263525e-01	0.000000e+00	-2.016091e+03	1.642961e+05
1.007930e+00	1.585723e+05	-1.314821e-01	2.265797e-01	0.000000e+00	-3.522893e+03	1.620952e+05
1.009120e+00	1.770410e+05	-1.317518e-01	2.268174e-01	0.000000e+00	-1.355585e+03	1.783966e+05
1.010310e+00	1.642957e+05	-1.320219e-01	2.270591e-01	0.000000e+00	-2.297295e+03	1.665930e+05
1.011500e+00	1.804867e+05	-1.322922e-01	2.273033e-01	0.000000e+00	-7.541060e+02	1.812409e+05
1.012690e+00	1.786213e+05	-1.325629e-01	2.275576e-01	0.000000e+00	-1.273211e+03	1.798945e+05
1.013880e+00	1.556110e+05	-1.328338e-01	2.277943e-01	0.000000e+00	-2.291842e+03	1.579029e+05
1.015070e+00	1.699489e+05	-1.331050e-01	2.280248e-01	0.000000e+00	-2.041777e+03	1.719907e+05
1.016260e+00	1.810094e+05	-1.333765e-01	2.282734e-01	0.000000e+00	-1.492295e+03	1.825017e+05
1.017450e+00	1.710556e+05	-1.336483e-01	2.285227e-01	0.000000e+00	-7.885552e+02	1.718442e+05
1.018640e+00	1.785140e+05	-1.339204e-01	2.287702e-01	0.000000e+00	-1.967341e+03	1.804814e+05
1.019830e+00	1.631155e+05	-1.341928e-01	2.290122e-01	0.000000e+00	-3.670747e+02	1.634826e+05
1.021020e+00	1.501099e+05	-1.344654e-01	2.292340e-01	0.000000e+00	0.000000e+00	1.501099e+05
1.022210e+00	1.498519e+05	-1.347384e-01	2.294464e-01	0.000000e+00	-1.409823e+03	1.512617e+05
1.023400e+00	1.688616e+05	-1.350115e-01	2.296721e-01	0.000000e+00	-1.111185e+03	1.699727e+05
1.024590e+00	1.854004e+05	-1.352850e-01	2.299230e-01	0.000000e+00	-5.388986e+02	1.859393e+05
1.025780e+00	1.758580e+05	-1.355587e-01	2.301788e-01	0.000000e+00	-8.672759e+02	1.767252e+05
1.026970e+00	1.682590e+05	-1.358328e-01	2.304225e-01	0.000000e+00	-9.905612e+02	1.692496e+05
1.028160e+00	1.483226e+05	-1.361071e-01	2.306467e-01	0.000000e+00	-1.951997e+03	1.502746e+05
1.029350e+00	1.761506e+05	-1.363817e-01	2.308765e-01	0.000000e+00	-1.657231e+03	1.778079e+05
1.030540e+00	1.795322e+05	-1.366566e-01	2.311283e-01	0.000000e+00	-9.863788e+02	1.805186e+05
1.031730e+00	1.620315e+05	-1.369318e-01	2.313702e-01	0.000000e+00	-9.390903e+02	1.629706e+05
1.032920e+00	1.761272e+05	-1.372073e-01	2.316097e-01	0.000000e+00	-1.312265e+03	1.774395e+05
1.034110e+00	1.704384e+05	-1.374831e-01	2.318551e-01	0.000000e+00	-1.312108e+03	1.717506e+05
1.035300e+00	1.702425e+05	-1.377591e-01	2.320964e-01	0.000000e+00	-1.130545e+03	1.713730e+05
1.036490e+00	1.637556e+05	-1.380354e-01	2.323329e-01	0.000000e+00	-8.059266e+02	1.645615e+05
1.037680e+00	1.680117e+05	-1.383121e-01	2.325679e-01	0.000000e+00	-2.016210e+02	1.682133e+05
1.038870e+00	1.543327e+05	-1.385890e-01	2.327961e-01	0.000000e+00	-1.333716e+03	1.556664e+05
1.040060e+00	1.699618e+05	-1.388661e-01	2.330258e-01	0.000000e+00	-1.059129e+03	1.710209e+05
1.041250e+00	1.809044e+05	-1.391436e-01	2.332743e-01	0.000000e+00	-9.644732e+02	1.818689e+05
1.042440e+00	1.606358e+05	-1.394213e-01	2.335161e-01	0.000000e+00	-1.119723e+03	1.617556e+05
1.043630e+00	1.626931e+05	-1.396993e-01	2.337451e-01	0.000000e+00	-4.761194e+02	1.631692e+05
1.044820e+00	1.575513e+05	-1.399776e-01	2.339719e-01	0.000000e+00	0.000000e+00	1.575513e+05
1.046010e+00	1.781060e+05	-1.402562e-01	2.342096e-01	0.000000e+00	-2.486806e+02	1.783547e+05
1.047200e+00	1.844624e+05	-1.405350e-01	2.344663e-01	0.000000e+00	-3.104797e+03	1.875672e+05
1.048390e+00	1.787929e+05	-1.408142e-01	2.347236e-01	0.000000e+00	-1.865475e+03	1.806584e+05
1.049580e+00	1.652809e+05	-1.410937e-01	2.349672e-01	0.000000e+00	-6.634000e+02	1.659443e+05
1.050770e+00	1.727717e+05	-1.413734e-01	2.352066e-01	0.000000e+00	-3.300642e+02	1.731017e+05
1.051960e+00	1.842422e+05	-1.416535e-01	2.354595e-01	0.000000e+00	-5.102719e+02	1.847525e+05
1.053150e+00	1.780232e+05	-1.419338e-01	2.357160e-01	0.000000e+00	-1.139608e+03	1.791628e+05
1.054340e+00	1.569360e+05	-1.422145e-01	2.359532e-01	0.000000e+00	-1.381400e+03	1.583174e+05
1.055530e+00	1.687444e+05	-1.424954e-01	2.361838e-01	0.000000e+00	-3.886841e+02	1.691330e+05
1.056720e+00	1.794644e+05	-1.427766e-01	2.364304e-01	0.000000e+00	-4.516521e+02	1.799161e+05
1.057910e+00	1.739002e+05	-1.430581e-01	2.366807e-01	0.000000e+00	-7.598728e+02	1.746601e+05
1.059100e+00	1.713781e+05	-1.433399e-01	2.369252e-01	0.000000e+00	-9.207994e+02	1.722989e+05
1.060290e+00	1.724194e+05	-1.436220e-01	2.371687e-01	0.000000e+00	0.000000e+00	1.724194e+05
1.061480e+00	1.780779e+05	-1.439044e-01	2.374169e-01	0.000000e+00	-7.491787e+02	1.788271e+05
1.062670e+00	1.601444e+05	-1.441870e-01	2.376564e-01	0.000000e+00	-6.261028e+02	1.607705e+05
1.063860e+00	1.547152e+05	-1.444700e-01	2.378794e-01	0.000000e+00	-9.221148e+02	1.556373e+05
1.065050e+00	1.695666e+05	-1.447532e-01	2.381090e-01	0.000000e+00	-2.583592e+03	1.721502e+05
1.066240e+00	1.812393e+05	-1.450367e-01	2.383574e-01	0.000000e+00	-1.001365e+03	1.822407e+05
1.067430e+00	1.741638e+05	-1.453205e-01	2.386091e-01	0.000000e+00	0.000000e+00	1.741638e+05
1.068620e+00	1.714843e+05	-1.456046e-01	2.388539e-01	0.000000e+00	0.000000e+00	1.714843e+05
1.069810e+00	1.908062e+05	-1.458889e-01	2.391105e-01	0.000000e+00	0.000000e+00	1.908062e+05
1.071000e+00	1.790914e+05	-1.461737e-01	2.393724e-01	0.000000e+00	0.000000e+00	1.790914e+05
1.072190e+00	1.832729e+05	-1.464587e-01	2.396290e-01	0.000000e+00	0.000000e+00	1.832729e+05
1.073380e+00	1.823095e+05	-1.467440e-01	2.398879e-01	0.000000e+00	-8.389742e+02	1.831484e+05
1.074570e+00	1.667315e+05	-1.470296e-01	2.401351e-01	0.000000e+00	-1.671744e+02	1.668986e+05
1.075760e+00	1.828331e+05	-1.473155e-01	2.403826e-01	0.000000e+00	-1.208972e+03	1.840420e+05
1.076950e+00	1.719982e+05	-1.476017e-01	2.406339e-01	0.000000e+00	-1.986560e+03	1.739848e+05
1.078140e+00	1.667563e+05	-1.478882e-01	2.408738e-01	0.000000e+00	0.000000e+00	1.667563e+05
1.079330e+00	1.755110e+05	-1.481750e-01	2.411162e-01	0.000000e+00	-1.384922e+03	1.768960e+05
1.080520e+00	1.702110e+05	-1.484621e-01	2.413610e-01	0.000000e+00	-1.067821e+03	1.712788e+05
1.081710e+00	1.688766e+05	-1.487494e-01	2.416011e-01	0.000000e+00	-6.953691e+02	1.695720e+05
1.082900e+00	1.733792e+05	-1.490371e-01	2.418435e-01	0.000000e+00	-6.775930e+02	1.740568e+05
1.084090e+00	1.678345e+05	-1.493250e-01	2.420852e-01	0.000000e+00	-1.216311e+03	1.690508e+05
1.085280e+00	1.723871e+05	-1.496132e-01	2.423261e-01	0.000000e+00	0.000000e+00	1.723871e+05
1.086470e+00	1.563533e+05	-1.499017e-01	2.425589e-01	0.000000e+00	0.000000e+00	1.563533e+05
1.087660e+00	1.670241e+05	-1.501905e-01	2.427879e-01	0.000000e+00	0.000000e+00	1.670241e+05
1.088850e+00	1.517301e+05	-1.504796e-01	2.430136e-01	0.000000e+00	0.000000e+00	1.517301e+05
1.090040e+00	1.698057e+05	-1.507689e-01	2.432413e-01	0.000000e+00	0.000000e+00	1.698057e+05
1.091230e+00	1.641436e+05	-1.510585e-01	2.434778e-01	0.000000e+00	0.000000e+00	1.641436e+05
1.092420e+00	1.652647e+05	-1.513484e-01	2.437111e-01	0.000000e+00	-1.176014e+02	1.653823e+05
1.093610e+00	1.593608e+05	-1.516385e-01	2.439410e-01	0.000000e+00	-1.730318e+03	1.610911e+05
1.094800e+00	1.664347e+05	-1.519289e-01	2.441717e-01	0.000000e+00	-1.088523e+03	1.675232e+05
1.095990e+00	1.782282e+05	-1.522197e-01	2.444158e-01	0.000000e+00	-2.498482e+03	1.807267e+05
1.097180e+00	1.805767e+05	-1.525107e-01	2.446699e-01	0.000000e+00	-4.474282e+02	1.810241e+05
1.098370e+00	1.893191e+05	-1.528020e-01	2.449318e-01	0.000000e+00	-3.128035e+02	1.896319e+05
1.099560e+00	1.854545e+05	-1.530936e-01	2.451972e-01	0.000000e+00	-9.668257e+02	1.864213e+05
1.100750e+00	1.754487e+05	-1.533855e-01	2.454528e-01	0.000000e+00	-4.010430e+02	1.758497e+05
1.101940e+00	1.864130e+05	-1.536778e-01	2.457091e-01	0.000000e+00	0.000000e+00	1.864130e+05
1.103130e+00	1.650469e+05	-1.539703e-01	2.459579e-01	0.000000e+00	-7.146604e+02	1.657615e+05
1.104320e+00	1.605146e+05	-1.542632e-01	2.461885e-01	0.000000e+00	-5.789381e+02	1.610935e+05
1.105510e+00	1.587340e+05	-1.545563e-01	2.464146e-01	0.000000e+00	-1.370402e+03	1.601044e+05
1.106700e+00	1.710288e+05	-1.548496e-01	2.466481e-01	0.000000e+00	-1.537680e+03	1.725665e+05
1.107890e+00	1.737634e+05	-1.551433e-01	2.468923e-01	0.000000e+00	-1.193405e+03	1.749568e+05
1.109080e+00	1.707917e+05	-1.554372e-01	2.471363e-01	0.000000e+00	-2.114840e+03	1.729066e+05
1.110270e+00	1.636824e+05	-1.557315e-01	2.473731e-01	0.000000e+00	-9.502812e+02	1.646327e+05
1.111460e+00	1.666113e+05	-1.560260e-01	2.476070e-01	0.000000e+00	-2.484285e+03	1.690956e+05
1.112650e+00	1.577100e+05	-1.563208e-01	2.478367e-01	0.000000e+00	-8.202145e+02	1.585302e+05
1.113840e+00	1.646112e+05	-1.566158e-01	2.480650e-01	0.000000e+00	-1.039624e+03	1.656508e+05
1.115030e+00	1.664621e+05	-1.569112e-01	2.482994e-01	0.000000e+00	-1.144656e+03	1.676067e+05
1.116220e+00	1.642984e+05	-1.572068e-01	2.485337e-01	0.000000e+00	-5.579550e+02	1.648563e+05
1.117410e+00	1.876055e+05	-1.575027e-01	2.487829e-01	0.000000e+00	-1.117662e+03	1.887231e+05
1.118600e+00	1.782080e+05	-1.577989e-01	2.490419e-01	0.000000e+00	-1.182120e+03	1.793901e+05
1.119790e+00	1.922967e+05	-1.580954e-01	2.493043e-01	0.000000e+00	0.000000e+00	1.922967e+05
1.120980e+00	1.662528e+05	-1.583922e-01	2.495582e-01	0.000000e+00	0.000000e+00	1.662528e+05
1.122170e+00	1.696253e+05	-1.586893e-01	2.497961e-01	0.000000e+00	-7.867733e+02	1.704121e+05
1.123360e+00	1.695862e+05	-1.589867e-01	2.500363e-01	0.000000e+00	-5.356284e+01	1.696397e+05
1.124550e+00	1.794777e+05	-1.592844e-01	2.502835e-01	0.000000e+00	0.000000e+00	1.794777e+05
1.125740e+00	1.576363e+05	-1.595824e-01	2.505222e-01	0.000000e+00	0.000000e+00	1.576363e+05
1.126930e+00	1.513691e+05	-1.598807e-01	2.507410e-01	0.000000e+00	0.000000e+00	1.513691e+05
1.128120e+00	1.677744e+05	-1.601792e-01	2.509670e-01	0.000000e+00	0.000000e+00	1.677744e+05
1.129310e+00	1.606841e+05	-1.604780e-01	2.511996e-01	0.000000e+00	-1.272623e+03	1.619568e+05
1.130500e+00	1.759460e+05	-1.607770e-01	2.514380e-01	0.000000e+00	-4.715251e+02	1.764175e+05
1.131690e+00	1.889226e+05	-1.610764e-01	2.516964e-01	0.000000e+00	-8.683924e+02	1.897910e+05
1.132880e+00	1.900101e+05	-1.613761e-01	2.519648e-01	0.000000e+00	-7.488036e+02	1.907589e+05
1.134070e+00	1.670043e+05	-1.616761e-01	2.522176e-01	0.000000e+00	-5.794739e+02	1.675838e+05
1.135260e+00	1.690833e+05	-1.619763e-01	2.524556e-01	0.000000e+00	-2.608623e+02	1.693442e+05
1.136450e+00	1.714371e+05	-1.622769e-01	2.526967e-01	0.000000e+00	-9.968489e+02	1.724339e+05
1.137640e+00	1.749128e+05	-1.625778e-01	2.529420e-01	0.000000e+00	-1.154348e+03	1.760671e+05
1.138830e+00	1.820499e+05	-1.628789e-01	2.531948e-01	0.000000e+00	-3.698111e+02	1.824197e+05
1.140020e+00	1.711942e+05	-1.631804e-01	2.534450e-01	0.000000e+00	-6.031670e+02	1.717973e+05
1.141210e+00	1.517084e+05	-1.634821e-01	2.536736e-01	0.000000e+00	-1.077505e+03	1.527859e+05
1.142400e+00	1.690481e+05	-1.637841e-01	2.539008e-01	0.000000e+00	-4.847115e+02	1.695328e+05
1.143590e+00	1.695030e+05	-1.640864e-01	2.541405e-01	0.000000e+00	-7.765815e+02	1.702796e+05
1.144780e+00	1.814090e+05	-1.643890e-01	2.543890e-01	0.000000e+00	-4.193792e+02	1.818284e+05
1.145970e+00	1.716264e+05	-1.646918e-01	2.546390e-01	0.000000e+00	-2.153151e+03	1.737796e+05
1.147160e+00	1.694388e+05	-1.649950e-01	2.548806e-01	0.000000e+00	-1.652016e+03	1.710908e+05
1.148350e+00	1.817712e+05	-1.652985e-01	2.551293e-01	0.000000e+00	-5.158454e+02	1.822870e+05
1.149540e+00	1.729567e+05	-1.656022e-01	2.553805e-01	0.000000e+00	-7.210043e+02	1.736777e+05
1.150730e+00	1.638937e+05	-1.659063e-01	2.556190e-01	0.000000e+00	0.000000e+00	1.638937e+05
1.151920e+00	1.517176e+05	-1.662106e-01	2.558425e-01	0.000000e+00	0.000000e+00	1.517176e+05
1.153110e+00	1.844983e+05	-1.665152e-01	2.560806e-01	0.000000e+00	0.000000e+00	1.844983e+05
1.154300e+00	1.715495e+05	-1.668201e-01	2.563328e-01	0.000000e+00	-1.391941e+03	1.729415e+05
1.155490e+00	1.660171e+05	-1.671252e-01	2.565718e-01	0.000000e+00	-6.554671e+02	1.666726e+05
1.156680e+00	1.719144e+05	-1.674307e-01	2.568111e-01	0.000000e+00	-5.450981e+02	1.724595e+05
1.157870e+00	1.643678e+05	-1.677364e-01	2.570493e-01	0.000000e+00	-1.229456e+03	1.655973e+05
1.159060e+00	1.527763e+05	-1.680425e-01	2.572739e-01	0.000000e+00	-3.797188e+02	1.531561e+05
1.160250e+00	1.543541e+05	-1.683488e-01	2.574914e-01	0.000000e+00	-7.554263e+02	1.551095e+05
1.161440e+00	1.619345e+05	-1.686553e-01	2.577154e-01	0.000000e+00	-6.891714e+02	1.626237e+05
1.162630e+00	1.821573e+05	-1.689621e-01	2.579590e-01	0.000000e+00	-2.360746e+02	1.823934e+05
1.163820e+00	1.848059e+05	-1.692692e-01	2.582189e-01	0.000000e+00	0.000000e+00	1.848059e+05
1.165010e+00	1.641239e+05	-1.695767e-01	2.584660e-01	0.000000e+00	-8.846368e+02	1.650085e+05
1.166200e+00	1.621178e+05	-1.698844e-01	2.586970e-01	0.000000e+00	-1.227570e+03	1.633453e+05
1.167390e+00	1.870855e+05	-1.701924e-01	2.589443e-01	0.000000e+00	-4.088018e+02	1.874943e+05
1.168580e+00	1.674568e+05	-1.705007e-01	2.591954e-01	0.000000e+00	0.000000e+00	1.674568e+05
1.169770e+00	1.858119e+05	-1.708093e-01	2.594456e-01	0.000000e+00	-6.040044e+02	1.864159e+05
1.170960e+00	1.648913e+05	-1.711182e-01	2.596939e-01	0.000000e+00	-7.905553e+02	1.656819e+05
1.172150e+00	1.698361e+05	-1.714273e-01	2.599310e-01	0.000000e+00	-1.126449e+03	1.709625e+05
1.173340e+00	1.716722e+05	-1.717368e-01	2.601728e-01	0.000000e+00	0.000000e+00	1.716722e+05
1.174530e+00	1.837871e+05	-1.720466e-01	2.604245e-01	0.000000e+00	-7.544938e+02	1.845416e+05
1.175720e+00	1.682970e+05	-1.723566e-01	2.606739e-01	0.000000e+00	-8.584237e+01	1.683828e+05
1.176910e+00	1.734477e+05	-1.726670e-01	2.609159e-01	0.000000e+00	0.000000e+00	1.734477e+05
1.178100e+00	1.775638e+05	-1.729776e-01	2.611645e-01	0.000000e+00	0.000000e+00	1.775638e+05
1.179290e+00	1.680487e+05	-1.732885e-01	2.614092e-01	0.000000e+00	0.000000e+00	1.680487e+05
1.180480e+00	1.695028e+05	-1.735997e-01	2.616482e-01	0.000000e+00	0.000000e+00	1.695028e+05
1.181670e+00	1.776294e+05	-1.739112e-01	2.618941e-01	0.000000e+00	0.000000e+00	1.776294e+05
1.182860e+00	1.744117e+05	-1.742231e-01	2.621434e-01	0.000000e+00	-6.525940e+02	1.750643e+05
1.184050e+00	1.710868e+05	-1.745352e-01	2.623880e-01	0.000000e+00	-1.877421e+02	1.712745e+05
1.185240e+00	1.745258e+05	-1.748475e-01	2.626328e-01	0.000000e+00	0.000000e+00	1.745258e+05
1.186430e+00	1.805995e+05	-1.751602e-01	2.628843e-01	0.000000e+00	-4.030400e+02	1.810025e+05
1.187620e+00	1.650083e+05	-1.754732e-01	2.631290e-01	0.000000e+00	-4.372961e+02	1.654456e+05
1.188810e+00	1.620536e+05	-1.757865e-01	2.633606e-01	0.000000e+00	0.000000e+00	1.620536e+05
1.190000e+00	8.173205e+04	-1.761000e-01	2.635333e-01	0.000000e+00	0.000000e+00	8.173205e+04
