#x	rho	phi	ex	bz	rhok[0]	rhok[1]
0.000000e+00	-2.355310e+03	0.000000e+00	4.469238e-02	0.000000e+00	-3.835651e+03	1.480341e+03
1.190000e-03	6.338609e+01	-5.318195e-05	4.469076e-02	0.000000e+00	-4.223616e+03	4.287002e+03
2.380000e-03	-2.038641e+03	-1.063640e-04	4.468936e-02	0.000000e+00	-8.295924e+03	6.257282e+03
3.570000e-03	2.136622e+03	-1.595426e-04	4.468943e-02	0.000000e+00	-4.641014e+03	6.777636e+03
4.760000e-03	6.193562e+03	-2.127248e-04	4.469533e-02	0.000000e+00	-3.749565e+03	9.943127e+03
5.950000e-03	6.361615e+03	-2.659175e-04	4.470422e-02	0.000000e+00	-6.621072e+03	1.298269e+04
7.140000e-03	1.315262e+04	-3.191209e-04	4.471804e-02	0.000000e+00	-4.300954e+03	1.745358e+04
8.330000e-03	1.614450e+04	-3.723464e-04	4.473879e-02	0.000000e+00	-3.063695e+03	1.920819e+04
9.520000e-03	1.574117e+04	-4.255992e-04	4.476137e-02	0.000000e+00	-3.721564e+03	1.946273e+04
1.071000e-02	1.492739e+04	-4.788785e-04	4.478308e-02	0.000000e+00	-4.663546e+03	1.959094e+04
1.190000e-02	1.556793e+04	-5.321829e-04	4.480468e-02	0.000000e+00	-7.105497e+03	2.267342e+04
1.309000e-02	2.678081e+04	-5.855136e-04	4.483467e-02	0.000000e+00	-5.724291e+03	3.250510e+04
1.428000e-02	2.600554e+04	-6.388895e-04	4.487205e-02	0.000000e+00	-4.853694e+03	3.085923e+04
1.547000e-02	2.068999e+04	-6.923091e-04	4.490512e-02	0.000000e+00	-7.173231e+03	2.786322e+04
1.666000e-02	3.024689e+04	-7.457636e-04	4.494119e-02	0.000000e+00	-5.080418e+03	3.532731e+04
1.785000e-02	2.338758e+04	-7.992691e-04	4.497917e-02	0.000000e+00	-9.685760e+03	3.307334e+04
1.904000e-02	2.439448e+04	-8.528141e-04	4.501301e-02	0.000000e+00	-5.650213e+03	3.004469e+04
2.023000e-02	2.704702e+04	-9.064001e-04	4.504944e-02	0.000000e+00	-5.122002e+03	3.216903e+04
2.142000e-02	3.038125e+04	-9.600317e-04	4.509011e-02	0.000000e+00	-6.281973e+03	3.666322e+04
2.261000e-02	2.312602e+04	-1.013715e-03	4.512800e-02	0.000000e+00	-8.437983e+03	3.156401e+04
2.380000e-02	2.951323e+04	-1.067436e-03	4.516528e-02	0.000000e+00	-4.828841e+03	3.434207e+04
2.499000e-02	2.360817e+04	-1.121208e-03	4.520290e-02	0.000000e+00	-5.332630e+03	2.894080e+04
2.618000e-02	2.921414e+04	-1.175019e-03	4.524030e-02	0.000000e+00	-9.323298e+03	3.853744e+04
2.737000e-02	3.277924e+04	-1.228880e-03	4.528421e-02	0.000000e+00	-6.905355e+03	3.968459e+04
2.856000e-02	3.760775e+04	-1.282796e-03	4.533405e-02	0.000000e+00	-6.770176e+03	4.437792e+04
2.975000e-02	3.736779e+04	-1.336775e-03	4.538715e-02	0.000000e+00	-6.699026e+03	4.406682e+04
3.094000e-02	4.484067e+04	-1.390817e-03	4.544536e-02	0.000000e+00	-4.088213e+03	4.892888e+04
3.213000e-02	4.342442e+04	-1.444935e-03	4.550787e-02	0.000000e+00	-3.161641e+03	4.658607e+04
3.332000e-02	3.461743e+04	-1.499126e-03	4.556314e-02	0.000000e+00	-6.169934e+03	4.078736e+04
3.451000e-02	4.270254e+04	-1.553375e-03	4.561789e-02	0.000000e+00	-5.644645e+03	4.834719e+04
3.570000e-02	3.566682e+04	-1.607696e-03	4.567339e-02	0.000000e+00	-5.512871e+03	4.117969e+04
3.689000e-02	5.219723e+04	-1.662078e-03	4.573561e-02	0.000000e+00	-6.134652e+03	5.833189e+04
3.808000e-02	6.373690e+04	-1.716547e-03	4.581771e-02	0.000000e+00	-4.692166e+03	6.842906e+04
3.927000e-02	4.708110e+04	-1.771124e-03	4.589619e-02	0.000000e+00	-5.295982e+03	5.237708e+04
4.046000e-02	4.812252e+04	-1.825780e-03	4.596361e-02	0.000000e+00	-5.537713e+03	5.366023e+04
4.165000e-02	4.765999e+04	-1.880517e-03	4.603144e-02	0.000000e+00	-6.118643e+03	5.377863e+04
4.284000e-02	5.167780e+04	-1.935335e-03	4.610179e-02	0.000000e+00	-2.530413e+03	5.420821e+04
4.403000e-02	5.830574e+04	-1.990240e-03	4.617967e-02	0.000000e+00	-1.846540e+03	6.015228e+04
4.522000e-02	5.247758e+04	-2.045243e-03	4.625813e-02	0.000000e+00	-1.186474e+03	5.366405e+04
4.641000e-02	5.464537e+04	-2.100334e-03	4.633399e-02	0.000000e+00	-4.211490e+03	5.885686e+04
4.760000e-02	6.598549e+04	-2.155517e-03	4.641941e-02	0.000000e+00	-2.347931e+03	6.833342e+04
4.879000e-02	6.359029e+04	-2.210812e-03	4.651117e-02	0.000000e+00	-4.873018e+03	6.846331e+04
4.998000e-02	5.757905e+04	-2.266214e-03	4.659698e-02	0.000000e+00	-4.509948e+03	6.208900e+04
5.117000e-02	5.983231e+04	-2.321713e-03	4.668013e-02	0.000000e+00	-3.649490e+03	6.348180e+04
5.236000e-02	5.746193e+04	-2.377313e-03	4.676319e-02	0.000000e+00	-8.326786e+03	6.578872e+04
5.355000e-02	6.716222e+04	-2.433009e-03	4.685145e-02	0.000000e+00	-5.359508e+03	7.252173e+04
5.474000e-02	5.325729e+04	-2.488819e-03	4.693672e-02	0.000000e+00	-4.492608e+03	5.774989e+04
5.593000e-02	5.244787e+04	-2.544719e-03	4.701158e-02	0.000000e+00	-7.066536e+03	5.951440e+04
5.712000e-02	5.538947e+04	-2.600707e-03	4.708795e-02	0.000000e+00	-6.009911e+03	6.139938e+04
5.831000e-02	5.803301e+04	-2.656788e-03	4.716827e-02	0.000000e+00	-7.374159e+03	6.540716e+04
5.950000e-02	6.167781e+04	-2.712967e-03	4.725304e-02	0.000000e+00	-2.623679e+03	6.430149e+04
6.069000e-02	6.367122e+04	-2.769250e-03	4.734181e-02	0.000000e+00	-5.605689e+03	6.927691e+04
6.188000e-02	7.293930e+04	-2.825641e-03	4.743855e-02	0.000000e+00	-4.229708e+03	7.716901e+04
6.307000e-02	7.944737e+04	-2.882154e-03	4.754647e-02	0.000000e+00	-3.127405e+03	8.257478e+04
6.426000e-02	6.245943e+04	-2.938801e-03	4.764696e-02	0.000000e+00	-5.770993e+03	6.823042e+04
6.545000e-02	6.698036e+04	-2.995554e-03	4.773863e-02	0.000000e+00	-4.628158e+03	7.160852e+04
6.664000e-02	7.631496e+04	-3.052419e-03	4.784010e-02	0.000000e+00	-5.088832e+03	8.140379e+04
6.783000e-02	7.141501e+04	-3.109413e-03	4.794472e-02	0.000000e+00	-6.040224e+03	7.745523e+04
6.902000e-02	7.233476e+04	-3.166528e-03	4.804652e-02	0.000000e+00	-6.784099e+03	7.911886e+04
7.021000e-02	7.038168e+04	-3.223764e-03	4.814759e-02	0.000000e+00	-7.128929e+03	7.751060e+04
7.140000e-02	7.436839e+04	-3.281119e-03	4.825009e-02	0.000000e+00	-5.965558e+03	8.033395e+04
7.259000e-02	8.207029e+04	-3.338599e-03	4.836088e-02	0.000000e+00	-6.125200e+03	8.819549e+04
7.378000e-02	6.740236e+04	-3.396218e-03	4.846673e-02	0.000000e+00	-7.525240e+03	7.492760e+04
7.497000e-02	9.004964e+04	-3.453950e-03	4.857823e-02	0.000000e+00	-3.235098e+03	9.328474e+04
7.616000e-02	6.670413e+04	-3.511834e-03	4.868924e-02	0.000000e+00	-6.609840e+03	7.331397e+04
7.735000e-02	7.724860e+04	-3.569830e-03	4.879118e-02	0.000000e+00	-4.394141e+03	8.164274e+04
7.854000e-02	7.764248e+04	-3.627957e-03	4.890087e-02	0.000000e+00	-1.590118e+03	7.923260e+04
7.973000e-02	7.332719e+04	-3.686214e-03	4.900778e-02	0.000000e+00	-5.655717e+03	7.898291e+04
8.092000e-02	7.856005e+04	-3.744596e-03	4.911534e-02	0.000000e+00	-7.207192e+03	8.576725e+04
8.211000e-02	7.307948e+04	-3.803109e-03	4.922273e-02	0.000000e+00	-6.614437e+03	7.969392e+04
8.330000e-02	8.073412e+04	-3.861746e-03	4.933165e-02	0.000000e+00	-6.450910e+03	8.718503e+04
8.449000e-02	7.817853e+04	-3.920518e-03	4.944419e-02	0.000000e+00	-4.829471e+03	8.300800e+04
8.568000e-02	7.885989e+04	-3.979423e-03	4.955540e-02	0.000000e+00	-8.214548e+03	8.707444e+04
8.687000e-02	8.435516e+04	-4.038460e-03	4.967098e-02	0.000000e+00	-8.044763e+03	9.239992e+04
8.806000e-02	8.207152e+04	-4.097640e-03	4.978884e-02	0.000000e+00	-3.018428e+03	8.508995e+04
8.925000e-02	8.351963e+04	-4.156958e-03	4.990610e-02	0.000000e+00	-4.249961e+03	8.776959e+04
9.044000e-02	7.898592e+04	-4.216416e-03	5.002118e-02	0.000000e+00	-6.033082e+03	8.501900e+04
9.163000e-02	9.510241e+04	-4.276008e-03	5.014447e-02	0.000000e+00	-5.732270e+03	1.008347e+05
9.282000e-02	8.172193e+04	-4.335760e-03	5.026969e-02	0.000000e+00	-5.519304e+03	8.724124e+04
9.401000e-02	8.267407e+04	-4.395650e-03	5.038611e-02	0.000000e+00	-3.513261e+03	8.618733e+04
9.520000e-02	8.600467e+04	-4.455679e-03	5.050556e-02	0.000000e+00	-4.218088e+03	9.022275e+04
9.639000e-02	9.499460e+04	-4.515853e-03	5.063374e-02	0.000000e+00	-1.215881e+03	9.621049e+04
9.758000e-02	9.523900e+04	-4.576187e-03	5.076845e-02	0.000000e+00	-5.399876e+03	1.006389e+05
9.877000e-02	8.949872e+04	-4.636682e-03	5.089928e-02	0.000000e+00	-7.725439e+03	9.722416e+04
9.996000e-02	8.308954e+04	-4.697328e-03	5.102150e-02	0.000000e+00	-6.450881e+03	8.954042e+04
1.011500e-01	9.670683e+04	-4.758113e-03	5.114883e-02	0.000000e+00	-3.658053e+03	1.003649e+05
1.023400e-01	8.355881e+04	-4.819062e-03	5.127648e-02	0.000000e+00	-7.050468e+03	9.060928e+04
1.035300e-01	7.920394e+04	-4.880151e-03	5.139175e-02	0.000000e+00	-5.730779e+03	8.493472e+04
1.047200e-01	8.168122e+04	-4.941374e-03	5.150568e-02	0.000000e+00	-9.436288e+03	9.111751e+04
1.059100e-01	8.487419e+04	-5.002735e-03	5.162363e-02	0.000000e+00	-5.370685e+03	9.024488e+04
1.071000e-01	9.413251e+04	-5.064238e-03	5.175039e-02	0.000000e+00	-3.709680e+03	9.784219e+04
1.082900e-01	8.065375e+04	-5.125901e-03	5.187417e-02	0.000000e+00	-6.409734e+03	8.706348e+04
1.094800e-01	8.954663e+04	-5.187699e-03	5.199470e-02	0.000000e+00	-7.656155e+03	9.720279e+04
1.106700e-01	9.510681e+04	-5.249648e-03	5.212547e-02	0.000000e+00	-3.571741e+03	9.867855e+04
1.118600e-01	9.475751e+04	-5.311758e-03	5.225992e-02	0.000000e+00	-7.236520e+03	1.019940e+05
1.130500e-01	9.908465e+04	-5.374027e-03	5.239719e-02	0.000000e+00	-5.903504e+03	1.049882e+05
1.142400e-01	9.035407e+04	-5.436463e-03	5.253135e-02	0.000000e+00	-4.216414e+03	9.457049e+04
1.154300e-01	1.042732e+05	-5.499051e-03	5.266918e-02	0.000000e+00	-5.549304e+03	1.098225e+05
1.166200e-01	9.470436e+04	-5.561816e-03	5.281009e-02	0.000000e+00	-3.264778e+03	9.796914e+04
1.178100e-01	9.041221e+04	-5.624739e-03	5.294118e-02	0.000000e+00	-2.674160e+03	9.308637e+04
1.190000e-01	1.031510e+05	-5.687816e-03	5.307825e-02	0.000000e+00	-3.533812e+03	1.066848e+05
1.201900e-01	9.923254e+04	-5.751066e-03	5.322157e-02	0.000000e+00	-7.307347e+03	1.065399e+05
1.213800e-01	9.276197e+04	-5.814483e-03	5.335754e-02	0.000000e+00	-5.991580e+03	9.875355e+04
1.225700e-01	8.800698e+04	-5.878057e-03	5.348555e-02	0.000000e+00	-4.736712e+03	9.274369e+04
1.237600e-01	9.848166e+04	-5.941778e-03	5.361762e-02	0.000000e+00	-9.165597e+02	9.939822e+04
1.249500e-01	8.830304e+04	-6.005666e-03	5.374989e-02	0.000000e+00	-4.713152e+03	9.301620e+04
1.261400e-01	9.638850e+04	-6.069703e-03	5.388068e-02	0.000000e+00	-4.407736e+03	1.007962e+05
1.273300e-01	1.024586e+05	-6.133902e-03	5.402150e-02	0.000000e+00	-5.461684e+03	1.079203e+05
1.285200e-01	1.085806e+05	-6.198274e-03	5.417095e-02	0.000000e+00	-3.394958e+03	1.119755e+05
1.297100e-01	1.018634e+05	-6.262829e-03	5.431998e-02	0.000000e+00	-4.756003e+03	1.066194e+05
1.309000e-01	9.533594e+04	-6.327556e-03	5.445963e-02	0.000000e+00	-5.287415e+03	1.006234e+05
1.320900e-01	1.098952e+05	-6.392443e-03	5.460497e-02	0.000000e+00	-5.107137e+03	1.150023e+05
1.332800e-01	1.137359e+05	-6.457516e-03	5.476333e-02	0.000000e+00	-5.000606e+03	1.187365e+05
1.344700e-01	1.116115e+05	-6.522780e-03	5.492292e-02	0.000000e+00	-6.134503e+03	1.177460e+05
1.356600e-01	1.123636e+05	-6.588232e-03	5.508153e-02	0.000000e+00	-3.628892e+03	1.159925e+05
1.368500e-01	1.053749e+05	-6.653874e-03	5.523572e-02	0.000000e+00	-4.098141e+03	1.094730e+05
1.380400e-01	1.170254e+05	-6.719693e-03	5.539322e-02	0.000000e+00	-3.980793e+03	1.210062e+05
1.392300e-01	1.099637e+05	-6.785710e-03	5.555396e-02	0.000000e+00	-4.442571e+03	1.144063e+05
1.404200e-01	1.324496e+05	-6.851912e-03	5.572563e-02	0.000000e+00	-3.722893e+03	1.361725e+05
1.416100e-01	1.150105e+05	-6.918337e-03	5.590088e-02	0.000000e+00	-3.328908e+03	1.183394e+05
1.428000e-01	1.068100e+05	-6.984956e-03	5.605796e-02	0.000000e+00	-4.133695e+03	1.109437e+05
1.439900e-01	1.116644e+05	-7.051755e-03	5.621268e-02	0.000000e+00	-5.381612e+03	1.170460e+05
1.451800e-01	1.169382e+05	-7.118742e-03	5.637456e-02	0.000000e+00	-7.053392e+03	1.239916e+05
1.463700e-01	1.227770e+05	-7.185926e-03	5.654432e-02	0.000000e+00	-6.869883e+03	1.296469e+05
1.475600e-01	1.088195e+05	-7.253317e-03	5.670833e-02	0.000000e+00	-6.211400e+03	1.150309e+05
1.487500e-01	1.072156e+05	-7.320892e-03	5.686132e-02	0.000000e+00	-1.904482e+03	1.091201e+05
1.499400e-01	1.060566e+05	-7.388647e-03	5.701235e-02	0.000000e+00	-3.631568e+03	1.096882e+05
1.511300e-01	1.024963e+05	-7.456581e-03	5.716004e-02	0.000000e+00	-4.042433e+03	1.065387e+05
1.523200e-01	1.140740e+05	-7.524688e-03	5.731341e-02	0.000000e+00	-3.992262e+03	1.180663e+05
1.535100e-01	1.228941e+05	-7.592987e-03	5.748122e-02	0.000000e+00	-3.190979e+03	1.260850e+05
1.547000e-01	1.173071e+05	-7.661494e-03	5.765132e-02	0.000000e+00	-2.753624e+03	1.200607e+05
1.558900e-01	1.240445e+05	-7.730198e-03	5.782224e-02	0.000000e+00	-2.115225e+03	1.261597e+05
1.570800e-01	1.144982e+05	-7.799111e-03	5.799117e-02	0.000000e+00	-2.857674e+03	1.173558e+05
1.582700e-01	1.009935e+05	-7.868217e-03	5.814377e-02	0.000000e+00	-4.948265e+03	1.059418e+05
1.594600e-01	1.101742e+05	-7.937493e-03	5.829331e-02	0.000000e+00	-5.850629e+03	1.160248e+05
1.606500e-01	1.207772e+05	-8.006955e-03	5.845686e-02	0.000000e+00	-7.217023e+03	1.279942e+05
1.618400e-01	1.076282e+05	-8.076620e-03	5.861861e-02	0.000000e+00	-3.206121e+03	1.108343e+05
1.630300e-01	1.200231e+05	-8.146467e-03	5.877983e-02	0.000000e+00	-4.765874e+03	1.247890e+05
1.642200e-01	1.067495e+05	-8.216516e-03	5.894042e-02	0.000000e+00	-8.482774e+03	1.152322e+05
1.654100e-01	1.176008e+05	-8.286745e-03	5.909930e-02	0.000000e+00	-6.787317e+03	1.243882e+05
1.666000e-01	1.287424e+05	-8.357172e-03	5.927375e-02	0.000000e+00	-6.345590e+03	1.350880e+05
1.677900e-01	1.096772e+05	-8.427817e-03	5.944259e-02	0.000000e+00	-3.276181e+03	1.129534e+05
1.689800e-01	1.238440e+05	-8.498646e-03	5.960796e-02	0.000000e+00	-5.998378e+03	1.298424e+05
1.701700e-01	1.238788e+05	-8.569684e-03	5.978339e-02	0.000000e+00	-8.311231e+03	1.321901e+05
1.713600e-01	1.150317e+05	-8.640930e-03	5.995258e-02	0.000000e+00	-6.891270e+03	1.219229e+05
1.725500e-01	1.083295e+05	-8.712371e-03	6.011075e-02	0.000000e+00	-5.697519e+03	1.140270e+05
1.737400e-01	1.091345e+05	-8.783994e-03	6.026475e-02	0.000000e+00	-6.233509e+03	1.153681e+05
1.749300e-01	1.030056e+05	-8.855801e-03	6.041498e-02	0.000000e+00	-7.014585e+03	1.100202e+05
1.761200e-01	1.088310e+05	-8.927781e-03	6.056500e-02	0.000000e+00	-3.045620e+03	1.118767e+05
1.773100e-01	1.145064e+05	-8.999946e-03	6.072316e-02	0.000000e+00	-3.239695e+03	1.177461e+05
1.785000e-01	1.150830e+05	-9.072303e-03	6.088575e-02	0.000000e+00	-3.701019e+03	1.187840e+05
1.796900e-01	1.274500e+05	-9.144854e-03	6.105750e-02	0.000000e+00	-1.530060e+03	1.289801e+05
1.808800e-01	1.297591e+05	-9.217619e-03	6.123965e-02	0.000000e+00	-1.626036e+03	1.313851e+05
1.820700e-01	1.211125e+05	-9.290604e-03	6.141730e-02	0.000000e+00	-3.306250e+03	1.244188e+05
1.832600e-01	1.104571e+05	-9.363793e-03	6.158129e-02	0.000000e+00	-8.967871e+03	1.194250e+05
1.844500e-01	1.254272e+05	-9.437167e-03	6.174834e-02	0.000000e+00	-5.096370e+03	1.305236e+05
1.856400e-01	1.427900e+05	-9.510754e-03	6.193828e-02	0.000000e+00	-3.839432e+03	1.466294e+05
1.868300e-01	1.354674e+05	-9.584581e-03	6.213533e-02	0.000000e+00	-1.856260e+03	1.373236e+05
1.880200e-01	1.225453e+05	-9.658636e-03	6.231805e-02	0.000000e+00	-3.723103e+03	1.262684e+05
1.892100e-01	1.191552e+05	-9.732897e-03	6.248921e-02	0.000000e+00	-3.813314e+03	1.229685e+05
1.904000e-01	1.204546e+05	-9.807360e-03	6.265889e-02	0.000000e+00	-3.010836e+03	1.234655e+05
1.915900e-01	1.349163e+05	-9.882026e-03	6.283974e-02	0.000000e+00	-3.839813e+03	1.387561e+05
1.927800e-01	1.201963e+05	-9.956919e-03	6.302040e-02	0.000000e+00	-4.140317e+03	1.243366e+05
1.939700e-01	1.279931e+05	-1.003201e-02	6.319616e-02	0.000000e+00	-4.037367e+03	1.320305e+05
1.951600e-01	1.540642e+05	-1.010733e-02	6.339590e-02	0.000000e+00	-7.718886e+03	1.617831e+05
1.963500e-01	1.361445e+05	-1.018290e-02	6.360142e-02	0.000000e+00	-4.065594e+03	1.402101e+05
1.975400e-01	1.260655e+05	-1.025870e-02	6.378711e-02	0.000000e+00	-4.011080e+03	1.300766e+05
1.987300e-01	1.213643e+05	-1.033471e-02	6.396233e-02	0.000000e+00	-6.136531e+03	1.275008e+05
1.999200e-01	1.245260e+05	-1.041093e-02	6.413646e-02	0.000000e+00	-6.707786e+03	1.312338e+05
2.011100e-01	1.306081e+05	-1.048735e-02	6.431714e-02	0.000000e+00	-6.150566e+03	1.367587e+05
2.023000e-01	1.237417e+05	-1.056400e-02	6.449726e-02	0.000000e+00	-5.314363e+03	1.290561e+05
2.034900e-01	1.221666e+05	-1.064086e-02	6.467140e-02	0.000000e+00	-5.117956e+03	1.272845e+05
2.046800e-01	1.185603e+05	-1.071792e-02	6.484188e-02	0.000000e+00	-5.287378e+03	1.238477e+05
2.058700e-01	1.259576e+05	-1.079518e-02	6.501503e-02	0.000000e+00	-5.064529e+03	1.310222e+05
2.070600e-01	1.324014e+05	-1.087266e-02	6.519799e-02	0.000000e+00	-3.748677e+03	1.361501e+05
2.082500e-01	1.218621e+05	-1.095035e-02	6.537806e-02	0.000000e+00	-3.359232e+03	1.252214e+05
2.094400e-01	1.151497e+05	-1.102826e-02	6.554590e-02	0.000000e+00	-4.507107e+03	1.196568e+05
2.106300e-01	1.299236e+05	-1.110635e-02	6.571945e-02	0.000000e+00	-4.943420e+03	1.348670e+05
2.118200e-01	1.333731e+05	-1.118467e-02	6.590591e-02	0.000000e+00	-2.736971e+03	1.361101e+05
2.130100e-01	1.260641e+05	-1.126321e-02	6.608963e-02	0.000000e+00	-4.087802e+03	1.301519e+05
2.142000e-01	1.270744e+05	-1.134196e-02	6.626890e-02	0.000000e+00	-3.847129e+03	1.309215e+05
2.153900e-01	1.260688e+05	-1.142093e-02	6.644816e-02	0.000000e+00	-3.141743e+03	1.292105e+05
2.165800e-01	1.482453e+05	-1.150011e-02	6.664242e-02	0.000000e+00	-3.642695e+03	1.518880e+05
2.177700e-01	1.436191e+05	-1.157954e-02	6.684911e-02	0.000000e+00	-6.915630e+03	1.505347e+05
2.189600e-01	1.420756e+05	-1.165921e-02	6.705143e-02	0.000000e+00	-6.346787e+03	1.484224e+05
2.201500e-01	1.302794e+05	-1.173912e-02	6.724430e-02	0.000000e+00	-4.523776e+03	1.348032e+05
2.213400e-01	1.412603e+05	-1.181925e-02	6.743660e-02	0.000000e+00	-2.576042e+03	1.438363e+05
2.225300e-01	1.327773e+05	-1.189962e-02	6.763066e-02	0.000000e+00	-3.205193e+03	1.359825e+05
2.237200e-01	1.259689e+05	-1.198021e-02	6.781390e-02	0.000000e+00	-5.090686e+03	1.310596e+05
2.249100e-01	1.268105e+05	-1.206102e-02	6.799291e-02	0.000000e+00	-4.686822e+03	1.314973e+05
2.261000e-01	1.162762e+05	-1.214203e-02	6.816505e-02	0.000000e+00	-5.436230e+03	1.217125e+05
2.272900e-01	1.296151e+05	-1.222325e-02	6.833918e-02	0.000000e+00	-1.554801e+03	1.311699e+05
2.284800e-01	1.168260e+05	-1.230468e-02	6.851370e-02	0.000000e+00	-5.168245e+03	1.219942e+05
2.296700e-01	1.232615e+05	-1.238631e-02	6.868372e-02	0.000000e+00	-4.666157e+03	1.279277e+05
2.308600e-01	1.361370e+05	-1.246815e-02	6.886742e-02	0.000000e+00	-3.655772e+03	1.397927e+05
2.320500e-01	1.398494e+05	-1.255022e-02	6.906287e-02	0.000000e+00	-6.351289e+03	1.462007e+05
2.332400e-01	1.485014e+05	-1.263252e-02	6.926707e-02	0.000000e+00	-3.633130e+03	1.521345e+05
2.344300e-01	1.456128e+05	-1.271507e-02	6.947535e-02	0.000000e+00	-7.863095e+03	1.534759e+05
2.356200e-01	1.528370e+05	-1.279787e-02	6.968670e-02	0.000000e+00	-6.299651e+03	1.591366e+05
2.368100e-01	1.605400e+05	-1.288093e-02	6.990862e-02	0.000000e+00	-3.967211e+03	1.645072e+05
2.380000e-01	1.432026e+05	-1.296425e-02	7.012372e-02	0.000000e+00	-4.907083e+03	1.481097e+05
2.391900e-01	1.357232e+05	-1.304782e-02	7.032125e-02	0.000000e+00	-3.753272e+03	1.394765e+05
2.403800e-01	1.384023e+05	-1.313162e-02	7.051537e-02	0.000000e+00	-1.942209e+03	1.403445e+05
2.415700e-01	1.418308e+05	-1.321565e-02	7.071382e-02	0.000000e+00	-5.345809e+03	1.471766e+05
2.427600e-01	1.470660e+05	-1.329992e-02	7.091841e-02	0.000000e+00	-4.647126e+03	1.517131e+05
2.439500e-01	1.499569e+05	-1.338443e-02	7.112875e-02	0.000000e+00	-4.061411e+03	1.540184e+05
2.451400e-01	1.310393e+05	-1.346920e-02	7.132774e-02	0.000000e+00	-7.951801e+03	1.389911e+05
2.463300e-01	1.295256e+05	-1.355419e-02	7.151227e-02	0.000000e+00	-2.566940e+03	1.320926e+05
2.475200e-01	1.688005e+05	-1.363940e-02	7.172353e-02	0.000000e+00	-2.493715e+03	1.712943e+05
2.487100e-01	1.593627e+05	-1.372489e-02	7.195592e-02	0.000000e+00	-3.693902e+03	1.630566e+05
2.499000e-01	1.647706e+05	-1.381066e-02	7.218546e-02	0.000000e+00	-1.736479e+03	1.665071e+05
2.510900e-01	1.594795e+05	-1.389670e-02	7.241508e-02	0.000000e+00	-2.011159e+03	1.614907e+05
2.522800e-01	1.527741e+05	-1.398300e-02	7.263621e-02	0.000000e+00	-2.929036e+03	1.557032e+05
2.534700e-01	1.351292e+05	-1.406957e-02	7.284010e-02	0.000000e+00	-4.184282e+03	1.393135e+05
2.546600e-01	1.266227e+05	-1.415636e-02	7.302546e-02	0.000000e+00	-5.675183e+03	1.322978e+05
2.558500e-01	1.291620e+05	-1.424337e-02	7.320660e-02	0.000000e+00	-6.443834e+03	1.356058e+05
2.570400e-01	1.390004e+05	-1.433060e-02	7.339650e-02	0.000000e+00	-5.421485e+03	1.444219e+05
2.582300e-01	1.539617e+05	-1.441805e-02	7.360396e-02	0.000000e+00	-4.802071e+03	1.587637e+05
2.594200e-01	1.393707e+05	-1.450577e-02	7.381169e-02	0.000000e+00	-1.460122e+03	1.408309e+05
2.606100e-01	1.445816e+05	-1.459373e-02	7.401278e-02	0.000000e+00	-3.814617e+03	1.483962e+05
2.618000e-01	1.401819e+05	-1.468192e-02	7.421444e-02	0.000000e+00	-5.156635e+03	1.453385e+05
2.629900e-01	1.457614e+05	-1.477036e-02	7.441693e-02	0.000000e+00	-5.025508e+03	1.507869e+05
2.641800e-01	1.564208e+05	-1.485904e-02	7.463093e-02	0.000000e+00	-2.437801e+03	1.588586e+05
2.653700e-01	1.386331e+05	-1.494798e-02	7.483987e-02	0.000000e+00	-1.580953e+03	1.402140e+05
2.665600e-01	1.294325e+05	-1.503715e-02	7.502971e-02	0.000000e+00	-2.043237e+03	1.314757e+05
2.677500e-01	1.249627e+05	-1.512655e-02	7.520986e-02	0.000000e+00	-1.804700e+03	1.267674e+05
2.689400e-01	1.434410e+05	-1.521615e-02	7.539994e-02	0.000000e+00	-4.320976e+03	1.477620e+05
2.701300e-01	1.485846e+05	-1.530600e-02	7.560674e-02	0.000000e+00	-4.884583e+03	1.534692e+05
2.713200e-01	1.610633e+05	-1.539610e-02	7.582602e-02	0.000000e+00	-4.142818e+03	1.652061e+05
2.725100e-01	1.507791e+05	-1.548647e-02	7.604686e-02	0.000000e+00	-4.293288e+03	1.550724e+05
2.737000e-01	1.486122e+05	-1.557709e-02	7.625887e-02	0.000000e+00	-3.856943e+03	1.524692e+05
2.748900e-01	1.532031e+05	-1.566796e-02	7.647261e-02	0.000000e+00	-3.928008e+03	1.571311e+05
2.760800e-01	1.358554e+05	-1.575909e-02	7.667731e-02	0.000000e+00	-4.737523e+03	1.405929e+05
2.772700e-01	1.461544e+05	-1.585045e-02	7.687702e-02	0.000000e+00	-3.937267e+03	1.500917e+05
2.784600e-01	1.401016e+05	-1.594206e-02	7.707974e-02	0.000000e+00	-2.873210e+03	1.429748e+05
2.796500e-01	1.508290e+05	-1.603390e-02	7.728576e-02	0.000000e+00	-3.927600e+03	1.547566e+05
2.808400e-01	1.637983e+05	-1.612600e-02	7.750857e-02	0.000000e+00	-4.069366e+03	1.678677e+05
2.820300e-01	1.414948e+05	-1.621837e-02	7.772477e-02	0.000000e+00	-5.199040e+03	1.466939e+05
2.832200e-01	1.492280e+05	-1.631099e-02	7.793065e-02	0.000000e+00	-4.910544e+03	1.541386e+05
2.844100e-01	1.358895e+05	-1.640385e-02	7.813256e-02	0.000000e+00	-2.991328e+03	1.388808e+05
2.856000e-01	1.368674e+05	-1.649694e-02	7.832571e-02	0.000000e+00	-2.175882e+03	1.390433e+05
2.867900e-01	1.524581e+05	-1.659027e-02	7.853060e-02	0.000000e+00	-2.386507e+03	1.548446e+05
2.879800e-01	1.595121e+05	-1.668384e-02	7.875153e-02	0.000000e+00	-3.976615e+03	1.634887e+05
2.891700e-01	1.478489e+05	-1.677769e-02	7.896919e-02	0.000000e+00	-4.968651e+03	1.528175e+05
2.903600e-01	1.427453e+05	-1.687179e-02	7.917498e-02	0.000000e+00	-3.520936e+03	1.462662e+05
2.915500e-01	1.645740e+05	-1.696613e-02	7.939261e-02	0.000000e+00	-3.460733e+03	1.680347e+05
2.927400e-01	1.622368e+05	-1.706075e-02	7.962405e-02	0.000000e+00	-2.902931e+03	1.651398e+05
2.939300e-01	1.623097e+05	-1.715564e-02	7.985388e-02	0.000000e+00	-6.006951e+03	1.683167e+05
2.951200e-01	1.517804e+05	-1.725080e-02	8.007631e-02	0.000000e+00	-4.888292e+03	1.566687e+05
2.963100e-01	1.440310e+05	-1.734622e-02	8.028579e-02	0.000000e+00	-2.272693e+03	1.463037e+05
2.975000e-01	1.607826e+05	-1.744188e-02	8.050165e-02	0.000000e+00	-5.138451e+03	1.659211e+05
2.986900e-01	1.597545e+05	-1.753781e-02	8.072864e-02	0.000000e+00	-3.744986e+03	1.634994e+05
2.998800e-01	1.430514e+05	-1.763401e-02	8.094308e-02	0.000000e+00	-3.041895e+03	1.460933e+05
3.010700e-01	1.557058e+05	-1.773046e-02	8.115465e-02	0.000000e+00	-4.301211e+03	1.600070e+05
3.022600e-01	1.609310e+05	-1.782716e-02	8.137888e-02	0.000000e+00	-3.883200e+03	1.648142e+05
3.034500e-01	1.505873e+05	-1.792414e-02	8.159949e-02	0.000000e+00	-7.023100e+03	1.576104e+05
3.046400e-01	1.638454e+05	-1.802137e-02	8.182216e-02	0.000000e+00	-2.550441e+03	1.663958e+05
3.058300e-01	1.552570e+05	-1.811887e-02	8.204814e-02	0.000000e+00	-4.212863e+03	1.594699e+05
3.070200e-01	1.614085e+05	-1.821664e-02	8.227239e-02	0.000000e+00	-3.760976e+03	1.651695e+05
3.082100e-01	1.555036e+05	-1.831468e-02	8.249681e-02	0.000000e+00	-3.291139e+03	1.587947e+05
3.094000e-01	1.507646e+05	-1.841298e-02	8.271370e-02	0.000000e+00	-4.214606e+03	1.549792e+05
3.105900e-01	1.557675e+05	-1.851154e-02	8.293078e-02	0.000000e+00	-1.419261e+03	1.571868e+05
3.117800e-01	1.445547e+05	-1.861036e-02	8.314345e-02	0.000000e+00	-4.281542e+03	1.488363e+05
3.129700e-01	1.660731e+05	-1.870942e-02	8.336343e-02	0.000000e+00	-4.903287e+03	1.709764e+05
3.141600e-01	1.615441e+05	-1.880876e-02	8.359544e-02	0.000000e+00	-3.374512e+03	1.649186e+05
3.153500e-01	1.681590e+05	-1.890838e-02	8.382892e-02	0.000000e+00	-4.089525e+03	1.722486e+05
3.165400e-01	1.292752e+05	-1.900828e-02	8.403955e-02	0.000000e+00	-7.705924e+03	1.369811e+05
3.177300e-01	1.532179e+05	-1.910839e-02	8.423960e-02	0.000000e+00	-4.029331e+03	1.572473e+05
3.189200e-01	1.516091e+05	-1.920877e-02	8.445547e-02	0.000000e+00	-5.654005e+03	1.572631e+05
3.201100e-01	1.606302e+05	-1.930940e-02	8.467659e-02	0.000000e+00	-2.043526e+03	1.626738e+05
3.213000e-01	1.429038e+05	-1.941030e-02	8.489154e-02	0.000000e+00	-4.467733e+03	1.473716e+05
3.224900e-01	1.697605e+05	-1.951144e-02	8.511296e-02	0.000000e+00	-3.731008e+03	1.734915e+05
3.236800e-01	1.509259e+05	-1.961287e-02	8.534006e-02	0.000000e+00	-4.627203e+03	1.555531e+05
3.248700e-01	1.612402e+05	-1.971455e-02	8.556112e-02	0.000000e+00	-1.423800e+03	1.626640e+05
3.260600e-01	1.541457e+05	-1.981650e-02	8.578447e-02	0.000000e+00	-2.538314e+03	1.566840e+05
3.272500e-01	1.805825e+05	-1.991872e-02	8.602151e-02	0.000000e+00	-6.759106e+02	1.812584e+05
3.284400e-01	1.542190e+05	-2.002123e-02	8.625861e-02	0.000000e+00	-4.684033e+03	1.589030e+05
3.296300e-01	1.350589e+05	-2.012401e-02	8.646346e-02	0.000000e+00	-7.458697e+03	1.425176e+05
3.308200e-01	1.343336e+05	-2.022702e-02	8.665424e-02	0.000000e+00	-3.952560e+03	1.382862e+05
3.320100e-01	1.477980e+05	-2.033025e-02	8.685403e-02	0.000000e+00	-3.027878e+03	1.508259e+05
3.332000e-01	1.585942e+05	-2.043373e-02	8.707101e-02	0.000000e+00	-1.678598e+03	1.602728e+05
3.343900e-01	1.543097e+05	-2.053748e-02	8.729260e-02	0.000000e+00	-2.000644e+03	1.563103e+05
3.355800e-01	1.550711e+05	-2.064149e-02	8.751169e-02	0.000000e+00	-3.042396e+03	1.581135e+05
3.367700e-01	1.517349e+05	-2.074576e-02	8.772896e-02	0.000000e+00	-5.336900e+03	1.570718e+05
3.379600e-01	1.678356e+05	-2.085028e-02	8.795527e-02	0.000000e+00	-3.281400e+03	1.711170e+05
3.391500e-01	1.605569e+05	-2.095509e-02	8.818782e-02	0.000000e+00	-3.475454e+03	1.640324e+05
3.403400e-01	1.732415e+05	-2.106017e-02	8.842421e-02	0.000000e+00	-2.587122e+03	1.758287e+05
3.415300e-01	1.608590e+05	-2.116554e-02	8.866080e-02	0.000000e+00	-3.931132e+03	1.647901e+05
3.427200e-01	1.501238e+05	-2.127118e-02	8.888103e-02	0.000000e+00	-4.990906e+03	1.551147e+05
3.439100e-01	1.659292e+05	-2.137708e-02	8.910485e-02	0.000000e+00	-1.112030e+03	1.670412e+05
3.451000e-01	1.667154e+05	-2.148325e-02	8.934042e-02	0.000000e+00	-2.784036e+03	1.694994e+05
3.462900e-01	1.649237e+05	-2.158971e-02	8.957527e-02	0.000000e+00	-3.934374e+03	1.688581e+05
3.474800e-01	1.633577e+05	-2.169644e-02	8.980775e-02	0.000000e+00	-3.306987e+03	1.666647e+05
3.486700e-01	1.698344e+05	-2.180345e-02	9.004370e-02	0.000000e+00	-3.163039e+03	1.729975e+05
3.498600e-01	1.718723e+05	-2.191074e-02	9.028569e-02	0.000000e+00	-1.608709e+03	1.734810e+05
3.510500e-01	1.597511e+05	-2.201833e-02	9.052053e-02	0.000000e+00	-7.604929e+02	1.605116e+05
3.522400e-01	1.525977e+05	-2.212618e-02	9.074173e-02	0.000000e+00	-3.909525e+03	1.565072e+05
3.534300e-01	1.489183e+05	-2.223429e-02	9.095525e-02	0.000000e+00	-2.425750e+03	1.513440e+05
3.546200e-01	1.528445e+05	-2.234266e-02	9.116895e-02	0.000000e+00	-1.491512e+03	1.543360e+05
3.558100e-01	1.570840e+05	-2.245128e-02	9.138843e-02	0.000000e+00	-6.270176e+03	1.633542e+05
3.570000e-01	1.680656e+05	-2.256016e-02	9.161869e-02	0.000000e+00	-3.007342e+03	1.710730e+05
3.581900e-01	1.553394e+05	-2.266933e-02	9.184771e-02	0.000000e+00	-2.020056e+03	1.573595e+05
3.593800e-01	1.628620e+05	-2.277876e-02	9.207305e-02	0.000000e+00	-3.994061e+03	1.668561e+05
3.605700e-01	1.728515e+05	-2.288846e-02	9.231079e-02	0.000000e+00	-3.798476e+03	1.766499e+05
3.617600e-01	1.777088e+05	-2.299846e-02	9.255904e-02	0.000000e+00	-4.948346e+03	1.826571e+05
3.629500e-01	1.692054e+05	-2.310875e-02	9.280472e-02	0.000000e+00	-4.656438e+03	1.738619e+05
3.641400e-01	1.395526e+05	-2.321933e-02	9.302337e-02	0.000000e+00	-3.601536e+03	1.431541e+05
3.653300e-01	1.550515e+05	-2.333015e-02	9.323200e-02	0.000000e+00	-1.089319e+03	1.561408e+05
3.665200e-01	1.597986e+05	-2.344122e-02	9.345496e-02	0.000000e+00	-5.141424e+03	1.649401e+05
3.677100e-01	1.642743e+05	-2.355257e-02	9.368446e-02	0.000000e+00	-5.795885e+03	1.700702e+05
3.689000e-01	1.617708e+05	-2.366419e-02	9.391535e-02	0.000000e+00	-4.125457e+03	1.658963e+05
3.700900e-01	1.536924e+05	-2.377609e-02	9.413875e-02	0.000000e+00	-4.046945e+03	1.577394e+05
3.712800e-01	1.660108e+05	-2.388824e-02	9.436516e-02	0.000000e+00	-2.471464e+03	1.684823e+05
3.724700e-01	1.536222e+05	-2.400068e-02	9.459151e-02	0.000000e+00	-2.323797e+03	1.559460e+05
3.736600e-01	1.605256e+05	-2.411337e-02	9.481398e-02	0.000000e+00	-2.605333e+03	1.631309e+05
3.748500e-01	1.530144e+05	-2.422634e-02	9.503601e-02	0.000000e+00	-3.364362e+03	1.563787e+05
3.760400e-01	1.632766e+05	-2.433956e-02	9.526000e-02	0.000000e+00	-4.101755e+03	1.673784e+05
3.772300e-01	1.649055e+05	-2.445305e-02	9.549241e-02	0.000000e+00	-2.749724e+03	1.676552e+05
3.784200e-01	1.658371e+05	-2.456683e-02	9.572663e-02	0.000000e+00	-4.400811e+02	1.662772e+05
3.796100e-01	1.607641e+05	-2.468088e-02	9.595792e-02	0.000000e+00	-4.451606e+03	1.652157e+05
3.808000e-01	1.752035e+05	-2.479521e-02	9.619584e-02	0.000000e+00	-3.523161e+03	1.787266e+05
3.819900e-01	1.748744e+05	-2.490983e-02	9.644375e-02	0.000000e+00	-4.873713e+03	1.797481e+05
3.831800e-01	1.657440e+05	-2.502474e-02	9.668496e-02	0.000000e+00	-4.142442e+03	1.698864e+05
3.843700e-01	1.709076e+05	-2.513994e-02	9.692337e-02	0.000000e+00	-2.652317e+03	1.735599e+05
3.855600e-01	1.720985e+05	-2.525542e-02	9.716627e-02	0.000000e+00	-2.427891e+03	1.745264e+05
3.867500e-01	1.527843e+05	-2.537120e-02	9.739634e-02	0.000000e+00	-2.131255e+03	1.549155e+05
3.879400e-01	1.605248e+05	-2.548723e-02	9.761822e-02	0.000000e+00	-3.252597e+03	1.637774e+05
3.891300e-01	1.548484e+05	-2.560353e-02	9.784155e-02	0.000000e+00	-3.865571e+03	1.587139e+05
3.903200e-01	1.514183e+05	-2.572009e-02	9.805844e-02	0.000000e+00	-5.124656e+03	1.565429e+05
3.915100e-01	1.504675e+05	-2.583691e-02	9.827223e-02	0.000000e+00	-3.189617e+03	1.536571e+05
3.927000e-01	1.546810e+05	-2.595398e-02	9.848832e-02	0.000000e+00	-4.342377e+03	1.590234e+05
3.938900e-01	1.631929e+05	-2.607131e-02	9.871343e-02	0.000000e+00	-4.902187e+03	1.680951e+05
3.950800e-01	1.601315e+05	-2.618891e-02	9.894239e-02	0.000000e+00	-3.943050e+03	1.640745e+05
3.962700e-01	1.543182e+05	-2.630679e-02	9.916508e-02	0.000000e+00	-5.385657e+03	1.597039e+05
3.974600e-01	1.658701e+05	-2.642493e-02	9.939182e-02	0.000000e+00	-2.808641e+03	1.686787e+05
3.986500e-01	1.858521e+05	-2.654334e-02	9.964090e-02	0.000000e+00	-2.366092e+03	1.882182e+05
3.998400e-01	1.727995e+05	-2.666207e-02	9.989488e-02	0.000000e+00	-4.063400e+03	1.768629e+05
4.010300e-01	1.769453e+05	-2.678109e-02	1.001426e-01	0.000000e+00	-2.729527e+03	1.796749e+05
4.022200e-01	1.771826e+05	-2.690041e-02	1.003933e-01	0.000000e+00	-3.362786e+03	1.805454e+05
4.034100e-01	1.811667e+05	-2.702003e-02	1.006471e-01	0.000000e+00	-4.176172e+03	1.853429e+05
4.046000e-01	1.804371e+05	-2.713995e-02	1.009032e-01	0.000000e+00	-1.627131e+03	1.820642e+05
4.057900e-01	1.606301e+05	-2.726018e-02	1.011447e-01	0.000000e+00	-2.537399e+03	1.631675e+05
4.069800e-01	1.556004e+05	-2.738068e-02	1.013687e-01	0.000000e+00	-2.868843e+03	1.584692e+05
4.081700e-01	1.581546e+05	-2.750144e-02	1.015909e-01	0.000000e+00	-2.229574e+03	1.603842e+05
4.093600e-01	1.692794e+05	-2.762246e-02	1.018227e-01	0.000000e+00	-3.940740e+03	1.732201e+05
4.105500e-01	1.702857e+05	-2.774377e-02	1.020632e-01	0.000000e+00	-4.995647e+03	1.752814e+05
4.117400e-01	1.685542e+05	-2.786537e-02	1.023032e-01	0.000000e+00	-3.914666e+03	1.724689e+05
4.129300e-01	1.710119e+05	-2.798726e-02	1.025436e-01	0.000000e+00	-1.783307e+03	1.727952e+05
4.141200e-01	1.900176e+05	-2.810943e-02	1.027993e-01	0.000000e+00	-4.292183e+03	1.943098e+05
4.153100e-01	1.744302e+05	-2.823192e-02	1.030574e-01	0.000000e+00	-2.492554e+03	1.769228e+05
4.165000e-01	1.789368e+05	-2.835470e-02	1.033076e-01	0.000000e+00	-2.597152e+03	1.815340e+05
4.176900e-01	1.712697e+05	-2.847779e-02	1.035556e-01	0.000000e+00	-5.659036e+03	1.769287e+05
4.188800e-01	1.730429e+05	-2.860117e-02	1.037995e-01	0.000000e+00	-2.995754e+03	1.760386e+05
4.200700e-01	1.747827e+05	-2.872483e-02	1.040458e-01	0.000000e+00	-1.891000e+03	1.766737e+05
4.212600e-01	1.846633e+05	-2.884880e-02	1.043003e-01	0.000000e+00	-3.261082e+03	1.879244e+05
4.224500e-01	1.771132e+05	-2.897307e-02	1.045565e-01	0.000000e+00	-4.091590e+03	1.812048e+05
4.236400e-01	1.678578e+05	-2.909764e-02	1.048008e-01	0.000000e+00	-3.946151e+03	1.718039e+05
4.248300e-01	1.626010e+05	-2.922249e-02	1.050348e-01	0.000000e+00	-5.082991e+03	1.676840e+05
4.260200e-01	1.670616e+05	-2.934762e-02	1.052683e-01	0.000000e+00	-1.990115e+03	1.690518e+05
4.272100e-01	1.696891e+05	-2.947303e-02	1.055068e-01	0.000000e+00	-2.201527e+03	1.718906e+05
4.284000e-01	1.680974e+05	-2.959873e-02	1.057460e-01	0.000000e+00	-3.196528e+03	1.712939e+05
4.295900e-01	1.784809e+05	-2.972471e-02	1.059914e-01	0.000000e+00	-1.601483e+03	1.800824e+05
4.307800e-01	1.545614e+05	-2.985099e-02	1.062273e-01	0.000000e+00	-2.289831e+03	1.568513e+05
4.319700e-01	1.722756e+05	-2.997753e-02	1.064587e-01	0.000000e+00	-5.164112e+03	1.774397e+05
4.331600e-01	1.708033e+05	-3.010436e-02	1.067017e-01	0.000000e+00	-6.567436e+03	1.773707e+05
4.343500e-01	1.654648e+05	-3.023148e-02	1.069398e-01	0.000000e+00	-7.069901e+03	1.725347e+05
4.355400e-01	1.735801e+05	-3.035888e-02	1.071799e-01	0.000000e+00	-5.063130e+03	1.786433e+05
4.367300e-01	1.842899e+05	-3.048657e-02	1.074333e-01	0.000000e+00	-1.750724e+03	1.860406e+05
4.379200e-01	1.722248e+05	-3.061457e-02	1.076858e-01	0.000000e+00	-2.510636e+03	1.747354e+05
4.391100e-01	1.705675e+05	-3.074286e-02	1.079286e-01	0.000000e+00	-2.486452e+03	1.730539e+05
4.403000e-01	1.683339e+05	-3.087144e-02	1.081686e-01	0.000000e+00	-1.916245e+03	1.702501e+05
4.414900e-01	1.912890e+05	-3.100030e-02	1.084232e-01	0.000000e+00	-3.488082e+03	1.947771e+05
4.426800e-01	1.767434e+05	-3.112949e-02	1.086839e-01	0.000000e+00	-5.114528e+03	1.818579e+05
4.438700e-01	1.644051e+05	-3.125897e-02	1.089254e-01	0.000000e+00	-3.236093e+03	1.676412e+05
4.450600e-01	1.809060e+05	-3.138873e-02	1.091700e-01	0.000000e+00	-6.890979e+02	1.815951e+05
4.462500e-01	1.733875e+05	-3.151879e-02	1.094209e-01	0.000000e+00	-2.055379e+03	1.754429e+05
4.474400e-01	1.662149e+05	-3.164915e-02	1.096614e-01	0.000000e+00	-5.741830e+03	1.719567e+05
4.486300e-01	1.775065e+05	-3.177979e-02	1.099048e-01	0.000000e+00	-3.071386e+03	1.805779e+05
4.498200e-01	1.800117e+05	-3.191072e-02	1.101580e-01	0.000000e+00	-3.700358e+03	1.837120e+05
4.510100e-01	1.580329e+05	-3.204196e-02	1.103974e-01	0.000000e+00	-3.463080e+03	1.614960e+05
4.522000e-01	1.616476e+05	-3.217347e-02	1.106237e-01	0.000000e+00	-2.249878e+03	1.638975e+05
4.533900e-01	1.821037e+05	-3.230525e-02	1.108672e-01	0.000000e+00	-2.156426e+03	1.842601e+05
4.545800e-01	1.546095e+05	-3.243733e-02	1.111056e-01	0.000000e+00	-5.863815e+03	1.604733e+05
4.557700e-01	1.812154e+05	-3.256968e-02	1.113434e-01	0.000000e+00	-2.762175e+03	1.839776e+05
4.569600e-01	1.811577e+05	-3.270233e-02	1.116001e-01	0.000000e+00	-2.851684e+03	1.840093e+05
4.581500e-01	1.884020e+05	-3.283529e-02	1.118618e-01	0.000000e+00	-3.690128e+03	1.920921e+05
4.593400e-01	1.848596e+05	-3.296856e-02	1.121261e-01	0.000000e+00	-4.471184e+03	1.893308e+05
4.605300e-01	1.782219e+05	-3.310215e-02	1.123832e-01	0.000000e+00	-1.351260e+03	1.795732e+05
4.617200e-01	1.792382e+05	-3.323603e-02	1.126364e-01	0.000000e+00	-3.370778e+03	1.826090e+05
4.629100e-01	1.786917e+05	-3.337022e-02	1.128898e-01	0.000000e+00	-4.454722e+03	1.831464e+05
4.641000e-01	1.927219e+05	-3.350471e-02	1.131529e-01	0.000000e+00	-4.594205e+03	1.973162e+05
4.652900e-01	1.858273e+05	-3.363952e-02	1.134209e-01	0.000000e+00	-2.048706e+03	1.878760e+05
4.664800e-01	1.814613e+05	-3.377465e-02	1.136810e-01	0.000000e+00	-3.044901e+03	1.845062e+05
4.676700e-01	1.706732e+05	-3.391009e-02	1.139304e-01	0.000000e+00	-6.149414e+03	1.768227e+05
4.688600e-01	1.631751e+05	-3.404581e-02	1.141668e-01	0.000000e+00	-2.597992e+03	1.657731e+05
4.700500e-01	1.787289e+05	-3.418180e-02	1.144089e-01	0.000000e+00	-2.640079e+03	1.813690e+05
4.712400e-01	1.738847e+05	-3.431810e-02	1.146587e-01	0.000000e+00	-2.245276e+03	1.761299e+05
4.724300e-01	1.852520e+05	-3.445469e-02	1.149130e-01	0.000000e+00	-3.209935e+03	1.884620e+05
4.736200e-01	1.581440e+05	-3.459159e-02	1.151562e-01	0.000000e+00	-4.679891e+03	1.628239e+05
4.748100e-01	1.525000e+05	-3.472876e-02	1.153762e-01	0.000000e+00	-6.656318e+03	1.591563e+05
4.760000e-01	1.662509e+05	-3.486619e-02	1.156019e-01	0.000000e+00	-5.035450e+03	1.712863e+05
4.771900e-01	1.570888e+05	-3.500389e-02	1.158309e-01	0.000000e+00	-8.088382e+03	1.651771e+05
4.783800e-01	1.789459e+05	-3.514187e-02	1.160688e-01	0.000000e+00	-3.540432e+03	1.824863e+05
4.795700e-01	1.860611e+05	-3.528014e-02	1.163273e-01	0.000000e+00	-2.191792e+03	1.882528e+05
4.807600e-01	1.722347e+05	-3.541872e-02	1.165810e-01	0.000000e+00	-2.366946e+03	1.746016e+05
4.819500e-01	1.805922e+05	-3.555760e-02	1.168309e-01	0.000000e+00	-1.177433e+03	1.817696e+05
4.831400e-01	1.894047e+05	-3.569678e-02	1.170929e-01	0.000000e+00	-2.061258e+03	1.914660e+05
4.843300e-01	1.895045e+05	-3.583628e-02	1.173613e-01	0.000000e+00	-1.930546e+03	1.914351e+05
4.855200e-01	1.821296e+05	-3.597610e-02	1.176244e-01	0.000000e+00	-4.359078e+03	1.864886e+05
4.867100e-01	1.716168e+05	-3.611623e-02	1.178749e-01	0.000000e+00	-3.422133e+03	1.750390e+05
4.879000e-01	1.759532e+05	-3.625664e-02	1.181211e-01	0.000000e+00	-2.335790e+03	1.782890e+05
4.890900e-01	1.800958e+05	-3.639736e-02	1.183732e-01	0.000000e+00	-4.071240e+03	1.841670e+05
4.902800e-01	1.833046e+05	-3.653837e-02	1.186306e-01	0.000000e+00	-2.605092e+03	1.859097e+05
4.914700e-01	1.843356e+05	-3.667970e-02	1.188909e-01	0.000000e+00	-4.515774e+03	1.888513e+05
4.926600e-01	1.982168e+05	-3.682133e-02	1.191618e-01	0.000000e+00	-1.630659e+03	1.998475e+05
4.938500e-01	1.709867e+05	-3.696330e-02	1.194233e-01	0.000000e+00	-2.190313e+03	1.731770e+05
4.950400e-01	1.820474e+05	-3.710556e-02	1.196733e-01	0.000000e+00	-1.357999e+03	1.834054e+05
4.962300e-01	1.642610e+05	-3.724813e-02	1.199185e-01	0.000000e+00	-1.278321e+03	1.655393e+05
4.974200e-01	1.711249e+05	-3.739097e-02	1.201560e-01	0.000000e+00	-3.538757e+03	1.746637e+05
4.986100e-01	1.794835e+05	-3.753410e-02	1.204043e-01	0.000000e+00	-4.722770e+03	1.842063e+05
4.998000e-01	1.882496e+05	-3.767753e-02	1.206647e-01	0.000000e+00	-2.851093e+02	1.885347e+05
5.009900e-01	1.829482e+05	-3.782128e-02	1.209276e-01	0.000000e+00	-2.677894e+03	1.856261e+05
5.021800e-01	1.957052e+05	-3.796534e-02	1.211958e-01	0.000000e+00	-2.936367e+03	1.986416e+05
5.033700e-01	1.836584e+05	-3.810972e-02	1.214644e-01	0.000000e+00	-3.207270e+03	1.868657e+05
5.045600e-01	1.966197e+05	-3.825442e-02	1.217337e-01	0.000000e+00	-3.732938e+03	2.003526e+05
5.057500e-01	2.003533e+05	-3.839945e-02	1.220148e-01	0.000000e+00	-2.709614e+03	2.030629e+05
5.069400e-01	1.702374e+05	-3.854482e-02	1.222773e-01	0.000000e+00	-4.465946e+03	1.747033e+05
5.081300e-01	1.716323e+05	-3.869047e-02	1.225194e-01	0.000000e+00	-5.528511e+03	1.771608e+05
5.093200e-01	1.847315e+05	-3.883641e-02	1.227717e-01	0.000000e+00	-4.027148e+03	1.887586e+05
5.105100e-01	1.794902e+05	-3.898267e-02	1.230297e-01	0.000000e+00	-1.579868e+03	1.810701e+05
5.117000e-01	1.708071e+05	-3.912922e-02	1.232777e-01	0.000000e+00	-5.300344e+02	1.713371e+05
5.128900e-01	1.809703e+05	-3.927607e-02	1.235269e-01	0.000000e+00	-2.329221e+03	1.832996e+05
5.140800e-01	1.803604e+05	-3.942322e-02	1.237827e-01	0.000000e+00	-3.603090e+03	1.839635e+05
5.152700e-01	1.746067e+05	-3.957067e-02	1.240341e-01	0.000000e+00	-4.815172e+03	1.794219e+05
5.164600e-01	1.758826e+05	-3.971842e-02	1.242823e-01	0.000000e+00	-3.470811e+03	1.793534e+05
5.176500e-01	1.795260e+05	-3.986646e-02	1.245340e-01	0.000000e+00	-3.373031e+03	1.828990e+05
5.188400e-01	1.915100e+05	-4.001481e-02	1.247968e-01	0.000000e+00	-3.417997e+03	1.949280e+05
5.200300e-01	1.857130e+05	-4.016348e-02	1.250639e-01	0.000000e+00	-1.867915e+03	1.875809e+05
5.212200e-01	2.077886e+05	-4.031246e-02	1.253426e-01	0.000000e+00	-1.910390e+03	2.096990e+05
5.224100e-01	1.853891e+05	-4.046179e-02	1.256210e-01	0.000000e+00	-1.842059e+03	1.872312e+05
5.236000e-01	1.814369e+05	-4.061144e-02	1.258808e-01	0.000000e+00	-2.806360e+03	1.842433e+05
5.247900e-01	1.972686e+05	-4.076139e-02	1.261490e-01	0.000000e+00	-2.515592e+03	1.997842e+05
5.259800e-01	1.824484e+05	-4.091167e-02	1.264179e-01	0.000000e+00	-2.223683e+03	1.846721e+05
5.271700e-01	1.847169e+05	-4.106227e-02	1.266779e-01	0.000000e+00	-2.555199e+03	1.872721e+05
5.283600e-01	1.940535e+05	-4.121317e-02	1.269461e-01	0.000000e+00	-4.099993e+03	1.981535e+05
5.295500e-01	1.853718e+05	-4.136440e-02	1.272148e-01	0.000000e+00	-4.405697e+03	1.897774e+05
5.307400e-01	1.830987e+05	-4.151594e-02	1.274757e-01	0.000000e+00	-1.759074e+03	1.848577e+05
5.319300e-01	1.937778e+05	-4.166779e-02	1.277426e-01	0.000000e+00	-2.627132e+03	1.964049e+05
5.331200e-01	1.855043e+05	-4.181997e-02	1.280112e-01	0.000000e+00	-2.863905e+03	1.883682e+05
5.343100e-01	1.708535e+05	-4.197246e-02	1.282636e-01	0.000000e+00	-3.836086e+03	1.746896e+05
5.355000e-01	1.662409e+05	-4.212523e-02	1.285023e-01	0.000000e+00	-3.775918e+03	1.700168e+05
5.366900e-01	1.785406e+05	-4.227829e-02	1.287465e-01	0.000000e+00	-1.850575e+03	1.803912e+05
5.378800e-01	1.861098e+05	-4.243165e-02	1.290047e-01	0.000000e+00	-2.966537e+03	1.890763e+05
5.390700e-01	1.848179e+05	-4.258532e-02	1.292674e-01	0.000000e+00	-6.151970e+03	1.909698e+05
5.402600e-01	1.733763e+05	-4.273931e-02	1.295210e-01	0.000000e+00	-3.517332e+03	1.768936e+05
5.414500e-01	1.846974e+05	-4.289358e-02	1.297746e-01	0.000000e+00	-1.570020e+03	1.862675e+05
5.426400e-01	1.822676e+05	-4.304817e-02	1.300345e-01	0.000000e+00	-1.210578e+03	1.834782e+05
5.438300e-01	1.744488e+05	-4.320306e-02	1.302871e-01	0.000000e+00	-2.683783e+03	1.771326e+05
5.450200e-01	1.713200e+05	-4.335825e-02	1.305320e-01	0.000000e+00	-1.304791e+03	1.726248e+05
5.462100e-01	1.786781e+05	-4.351373e-02	1.307798e-01	0.000000e+00	-4.482440e+03	1.831605e+05
5.474000e-01	1.751102e+05	-4.366951e-02	1.310303e-01	0.000000e+00	-2.081581e+03	1.771918e+05
5.485900e-01	1.915398e+05	-4.382558e-02	1.312900e-01	0.000000e+00	-1.019803e+03	1.925596e+05
5.497800e-01	1.785150e+05	-4.398198e-02	1.315521e-01	0.000000e+00	-1.502738e+03	1.800177e+05
5.509700e-01	1.871255e+05	-4.413868e-02	1.318110e-01	0.000000e+00	-4.426181e+02	1.875682e+05
5.521600e-01	1.639336e+05	-4.429569e-02	1.320596e-01	0.000000e+00	-3.180997e+03	1.671146e+05
5.533500e-01	2.001868e+05	-4.445298e-02	1.323175e-01	0.000000e+00	-3.489320e+03	2.036761e+05
5.545400e-01	1.904957e+05	-4.461061e-02	1.325941e-01	0.000000e+00	-2.152298e+03	1.926480e+05
5.557300e-01	1.752991e+05	-4.476855e-02	1.328532e-01	0.000000e+00	-5.194108e+03	1.804932e+05
5.569200e-01	1.924177e+05	-4.492680e-02	1.331136e-01	0.000000e+00	-5.366922e+03	1.977846e+05
5.581100e-01	1.959130e+05	-4.508536e-02	1.333886e-01	0.000000e+00	-4.221686e+03	2.001347e+05
5.593000e-01	1.945120e+05	-4.524426e-02	1.336651e-01	0.000000e+00	-1.895443e+03	1.964075e+05
5.604900e-01	1.892415e+05	-4.540349e-02	1.339368e-01	0.000000e+00	-1.722695e+03	1.909642e+05
5.616800e-01	1.936726e+05	-4.556303e-02	1.342080e-01	0.000000e+00	-3.403522e+03	1.970762e+05
5.628700e-01	1.862254e+05	-4.572290e-02	1.344770e-01	0.000000e+00	-4.447064e+03	1.906725e+05
5.640600e-01	1.801265e+05	-4.588309e-02	1.347365e-01	0.000000e+00	-1.089461e+03	1.812160e+05
5.652500e-01	1.756500e+05	-4.604357e-02	1.349884e-01	0.000000e+00	-2.860974e+03	1.785109e+05
5.664400e-01	1.788901e+05	-4.620436e-02	1.352395e-01	0.000000e+00	-1.946197e+03	1.808363e+05
5.676300e-01	1.744970e+05	-4.636544e-02	1.354897e-01	0.000000e+00	-2.610737e+03	1.771077e+05
5.688200e-01	1.877817e+05	-4.652682e-02	1.357463e-01	0.000000e+00	-1.272620e+03	1.890543e+05
5.700100e-01	2.004503e+05	-4.668852e-02	1.360212e-01	0.000000e+00	-1.953183e+03	2.024035e+05
5.712000e-01	2.148327e+05	-4.685055e-02	1.363153e-01	0.000000e+00	-2.810778e+03	2.176435e+05
5.723900e-01	1.969521e+05	-4.701295e-02	1.366069e-01	0.000000e+00	-2.759961e+03	1.997121e+05
5.735800e-01	1.906950e+05	-4.717568e-02	1.368814e-01	0.000000e+00	-3.068259e+03	1.937632e+05
5.747700e-01	1.836344e+05	-4.733873e-02	1.371465e-01	0.000000e+00	-3.017528e+03	1.866519e+05
5.759600e-01	1.740967e+05	-4.750209e-02	1.373999e-01	0.000000e+00	-1.660065e+03	1.757568e+05
5.771500e-01	1.973769e+05	-4.766574e-02	1.376629e-01	0.000000e+00	-2.446707e+03	1.998236e+05
5.783400e-01	2.023933e+05	-4.782972e-02	1.379460e-01	0.000000e+00	-2.316293e+03	2.047096e+05
5.795300e-01	1.807108e+05	-4.799405e-02	1.382173e-01	0.000000e+00	-3.880700e+03	1.845915e+05
5.807200e-01	1.651185e+05	-4.815868e-02	1.384622e-01	0.000000e+00	-1.353536e+03	1.664720e+05
5.819100e-01	1.856621e+05	-4.832359e-02	1.387106e-01	0.000000e+00	-3.830054e+03	1.894922e+05
5.831000e-01	1.824349e+05	-4.848881e-02	1.389713e-01	0.000000e+00	-2.155392e+03	1.845903e+05
5.842900e-01	1.979141e+05	-4.865434e-02	1.392407e-01	0.000000e+00	-2.475624e+03	2.003897e+05
5.854800e-01	1.961838e+05	-4.882021e-02	1.395197e-01	0.000000e+00	-2.985014e+03	1.991688e+05
5.866700e-01	1.834369e+05	-4.898640e-02	1.397886e-01	0.000000e+00	-3.967762e+03	1.874046e+05
5.878600e-01	1.876116e+05	-4.915290e-02	1.400513e-01	0.000000e+00	-2.191956e+03	1.898035e+05
5.890500e-01	2.109921e+05	-4.931972e-02	1.403336e-01	0.000000e+00	-2.365519e+03	2.133577e+05
5.902400e-01	1.938468e+05	-4.948690e-02	1.406203e-01	0.000000e+00	-1.982616e+03	1.958295e+05
5.914300e-01	1.812471e+05	-4.965440e-02	1.408859e-01	0.000000e+00	-3.736089e+03	1.849832e+05
5.926200e-01	1.763975e+05	-4.982221e-02	1.411392e-01	0.000000e+00	-2.056700e+03	1.784542e+05
5.938100e-01	1.863299e+05	-4.999031e-02	1.413961e-01	0.000000e+00	-3.637868e+03	1.899678e+05
5.950000e-01	1.956153e+05	-5.015873e-02	1.416666e-01	0.000000e+00	-5.727400e+02	1.961880e+05
5.961900e-01	2.126958e+05	-5.032748e-02	1.419557e-01	0.000000e+00	-8.819196e+01	2.127839e+05
5.973800e-01	2.014310e+05	-5.049658e-02	1.422490e-01	0.000000e+00	-2.330387e+03	2.037614e+05
5.985700e-01	1.895423e+05	-5.066603e-02	1.425259e-01	0.000000e+00	-1.386290e+03	1.909286e+05
5.997600e-01	1.757649e+05	-5.083579e-02	1.427846e-01	0.000000e+00	-3.968114e+02	1.761617e+05
6.009500e-01	1.948781e+05	-5.100586e-02	1.430470e-01	0.000000e+00	-1.417271e+03	1.962953e+05
6.021400e-01	2.005442e+05	-5.117625e-02	1.433271e-01	0.000000e+00	-2.426231e+03	2.029705e+05
6.033300e-01	2.004750e+05	-5.134697e-02	1.436110e-01	0.000000e+00	-1.401420e+03	2.018764e+05
6.045200e-01	1.788025e+05	-5.151804e-02	1.438796e-01	0.000000e+00	-2.407643e+03	1.812101e+05
6.057100e-01	1.829174e+05	-5.168941e-02	1.441358e-01	0.000000e+00	-4.261988e+03	1.871794e+05
6.069000e-01	1.763788e+05	-5.186108e-02	1.443902e-01	0.000000e+00	-2.799571e+03	1.791783e+05
6.080900e-01	1.842467e+05	-5.203306e-02	1.446456e-01	0.000000e+00	-1.252263e+03	1.854989e+05
6.092800e-01	1.881819e+05	-5.220534e-02	1.449094e-01	0.000000e+00	-1.255726e+03	1.894376e+05
6.104700e-01	1.753517e+05	-5.237794e-02	1.451668e-01	0.000000e+00	-2.514499e+03	1.778662e+05
6.116600e-01	1.947340e+05	-5.255084e-02	1.454289e-01	0.000000e+00	-2.972260e+03	1.977063e+05
6.128500e-01	1.944860e+05	-5.272406e-02	1.457045e-01	0.000000e+00	-1.219374e+03	1.957053e+05
6.140400e-01	1.949746e+05	-5.289761e-02	1.459803e-01	0.000000e+00	-2.620862e+03	1.975955e+05
6.152300e-01	1.921517e+05	-5.307150e-02	1.462545e-01	0.000000e+00	-1.181985e+03	1.933337e+05
6.164200e-01	1.744579e+05	-5.324570e-02	1.465141e-01	0.000000e+00	-7.760755e+02	1.752340e+05
6.176100e-01	1.770104e+05	-5.342020e-02	1.467630e-01	0.000000e+00	-1.819505e+03	1.788299e+05
6.188000e-01	1.983648e+05	-5.359500e-02	1.470288e-01	0.000000e+00	-2.277629e+03	2.006424e+05
6.199900e-01	2.180220e+05	-5.377013e-02	1.473237e-01	0.000000e+00	-2.668640e+03	2.206907e+05
6.211800e-01	1.943707e+05	-5.394563e-02	1.476157e-01	0.000000e+00	-1.701847e+03	1.960726e+05
6.223700e-01	1.724579e+05	-5.412145e-02	1.478755e-01	0.000000e+00	-1.207711e+03	1.736656e+05
6.235600e-01	1.799051e+05	-5.429757e-02	1.481250e-01	0.000000e+00	-2.806649e+03	1.827117e+05
6.247500e-01	1.798036e+05	-5.447399e-02	1.483798e-01	0.000000e+00	-3.311947e+03	1.831155e+05
6.259400e-01	1.944735e+05	-5.465071e-02	1.486448e-01	0.000000e+00	-2.611734e+03	1.970853e+05
6.271300e-01	2.013595e+05	-5.482776e-02	1.489251e-01	0.000000e+00	-1.916975e+03	2.032765e+05
6.283200e-01	1.946612e+05	-5.500516e-02	1.492056e-01	0.000000e+00	-2.298205e+03	1.969594e+05
6.295100e-01	1.877633e+05	-5.518287e-02	1.494764e-01	0.000000e+00	-3.025865e+03	1.907891e+05
6.307000e-01	1.986010e+05	-5.536091e-02	1.497500e-01	0.000000e+00	-4.004581e+03	2.026056e+05
6.318900e-01	1.959607e+05	-5.553928e-02	1.500294e-01	0.000000e+00	-3.385035e+03	1.993457e+05
6.330800e-01	1.875665e+05	-5.571798e-02	1.503010e-01	0.000000e+00	-1.373675e+03	1.889402e+05
6.342700e-01	1.975748e+05	-5.589700e-02	1.505738e-01	0.000000e+00	-1.343811e+03	1.989186e+05
6.354600e-01	1.878826e+05	-5.607634e-02	1.508467e-01	0.000000e+00	-1.934537e+03	1.898171e+05
6.366500e-01	1.843961e+05	-5.625601e-02	1.511104e-01	0.000000e+00	-1.948515e+03	1.863446e+05
6.378400e-01	1.900095e+05	-5.643599e-02	1.513755e-01	0.000000e+00	-4.358421e+03	1.943679e+05
6.390300e-01	1.818143e+05	-5.661628e-02	1.516388e-01	0.000000e+00	-1.857991e+03	1.836723e+05
6.402200e-01	1.870986e+05	-5.679689e-02	1.519001e-01	0.000000e+00	-1.875540e+03	1.889742e+05
6.414100e-01	1.883698e+05	-5.697781e-02	1.521660e-01	0.000000e+00	-2.755614e+03	1.911255e+05
6.426000e-01	1.959459e+05	-5.715904e-02	1.524381e-01	0.000000e+00	-1.564539e+03	1.975104e+05
6.437900e-01	1.848773e+05	-5.734061e-02	1.527078e-01	0.000000e+00	-2.268053e+03	1.871453e+05
6.449800e-01	1.944791e+05	-5.752249e-02	1.529764e-01	0.000000e+00	-3.704571e+03	1.981836e+05
6.461700e-01	1.987091e+05	-5.770469e-02	1.532549e-01	0.000000e+00	-1.706535e+03	2.004157e+05
6.473600e-01	1.940589e+05	-5.788723e-02	1.535330e-01	0.000000e+00	0.000000e+00	1.940589e+05
6.485500e-01	1.914755e+05	-5.807010e-02	1.538061e-01	0.000000e+00	-9.762341e+02	1.924518e+05
6.497400e-01	2.113662e+05	-5.825329e-02	1.540913e-01	0.000000e+00	-1.967461e+03	2.133336e+05
6.509300e-01	2.007988e+05	-5.843684e-02	1.543832e-01	0.000000e+00	-6.329278e+03	2.071281e+05
6.521200e-01	1.899416e+05	-5.862072e-02	1.546599e-01	0.000000e+00	-3.061750e+03	1.930033e+05
6.533100e-01	1.931584e+05	-5.880493e-02	1.549312e-01	0.000000e+00	-1.683780e+03	1.948422e+05
6.545000e-01	1.812476e+05	-5.898946e-02	1.551964e-01	0.000000e+00	-2.779584e+03	1.840271e+05
6.556900e-01	1.876415e+05	-5.917430e-02	1.554576e-01	0.000000e+00	-2.290732e+03	1.899322e+05
6.568800e-01	1.970416e+05	-5.935945e-02	1.557300e-01	0.000000e+00	-7.470370e+02	1.977886e+05
6.580700e-01	1.851804e+05	-5.954493e-02	1.560007e-01	0.000000e+00	-2.656703e+03	1.878371e+05
6.592600e-01	1.737475e+05	-5.973073e-02	1.562549e-01	0.000000e+00	-3.971044e+03	1.777186e+05
6.604500e-01	1.630481e+05	-5.991682e-02	1.564934e-01	0.000000e+00	-3.536755e+03	1.665848e+05
6.616400e-01	1.788133e+05	-6.010319e-02	1.567355e-01	0.000000e+00	-2.460435e+03	1.812737e+05
6.628300e-01	1.873069e+05	-6.028985e-02	1.569947e-01	0.000000e+00	-2.660413e+03	1.899673e+05
6.640200e-01	2.128722e+05	-6.047683e-02	1.572781e-01	0.000000e+00	-2.228779e+03	2.151010e+05
6.652100e-01	1.960766e+05	-6.066417e-02	1.575677e-01	0.000000e+00	-2.392187e+03	1.984688e+05
6.664000e-01	1.932417e+05	-6.085184e-02	1.578434e-01	0.000000e+00	-6.016755e+02	1.938434e+05
6.675900e-01	2.171301e+05	-6.103984e-02	1.581341e-01	0.000000e+00	-2.983111e+03	2.201132e+05
6.687800e-01	1.972015e+05	-6.122820e-02	1.584275e-01	0.000000e+00	-5.944881e+02	1.977960e+05
6.699700e-01	1.850357e+05	-6.141690e-02	1.586982e-01	0.000000e+00	-1.538183e+03	1.865738e+05
6.711600e-01	2.059790e+05	-6.160591e-02	1.589751e-01	0.000000e+00	-1.286187e+03	2.072652e+05
6.723500e-01	2.007160e+05	-6.179526e-02	1.592631e-01	0.000000e+00	-3.158166e+03	2.038742e+05
6.735400e-01	1.959390e+05	-6.198495e-02	1.595440e-01	0.000000e+00	-2.552728e+03	1.984918e+05
6.747300e-01	1.852884e+05	-6.217497e-02	1.598139e-01	0.000000e+00	-1.098187e+03	1.863866e+05
6.759200e-01	1.915626e+05	-6.236531e-02	1.600808e-01	0.000000e+00	-1.400479e+03	1.929631e+05
6.771100e-01	1.918778e+05	-6.255597e-02	1.603523e-01	0.000000e+00	-2.187482e+03	1.940653e+05
6.783000e-01	2.004431e+05	-6.274695e-02	1.606302e-01	0.000000e+00	-7.439054e+01	2.005175e+05
6.794900e-01	2.230772e+05	-6.293827e-02	1.609301e-01	0.000000e+00	-1.255387e+03	2.243326e+05
6.806800e-01	1.945765e+05	-6.312996e-02	1.612259e-01	0.000000e+00	-3.477112e+03	1.980537e+05
6.818700e-01	1.919283e+05	-6.332198e-02	1.614996e-01	0.000000e+00	-1.075464e+03	1.930038e+05
6.830600e-01	2.031153e+05	-6.351433e-02	1.617793e-01	0.000000e+00	0.000000e+00	2.031153e+05
6.842500e-01	1.901652e+05	-6.370702e-02	1.620578e-01	0.000000e+00	-2.044666e+03	1.922099e+05
6.854400e-01	1.913262e+05	-6.390003e-02	1.623280e-01	0.000000e+00	-2.019710e+03	1.933459e+05
6.866300e-01	2.017771e+05	-6.409336e-02	1.626064e-01	0.000000e+00	-4.234789e+02	2.022006e+05
6.878200e-01	1.948968e+05	-6.428703e-02	1.628873e-01	0.000000e+00	-1.415139e+03	1.963119e+05
6.890100e-01	1.941152e+05	-6.448103e-02	1.631628e-01	0.000000e+00	-2.176562e+03	1.962918e+05
6.902000e-01	1.920265e+05	-6.467536e-02	1.634362e-01	0.000000e+00	-1.583996e+03	1.936105e+05
6.913900e-01	2.211243e+05	-6.487001e-02	1.637288e-01	0.000000e+00	-2.670991e+03	2.237953e+05
6.925800e-01	1.994201e+05	-6.506503e-02	1.640266e-01	0.000000e+00	-1.258854e+03	2.006789e+05
6.937700e-01	1.780868e+05	-6.526039e-02	1.642940e-01	0.000000e+00	-1.137000e+03	1.792238e+05
6.949600e-01	2.009301e+05	-6.545605e-02	1.645624e-01	0.000000e+00	-2.446622e+03	2.033767e+05
6.961500e-01	1.960407e+05	-6.565205e-02	1.648435e-01	0.000000e+00	-3.234772e+03	1.992755e+05
6.973400e-01	2.026981e+05	-6.584838e-02	1.651259e-01	0.000000e+00	-1.529994e+03	2.042281e+05
6.985300e-01	1.975387e+05	-6.604505e-02	1.654093e-01	0.000000e+00	-7.941529e+02	1.983329e+05
6.997200e-01	1.923419e+05	-6.624205e-02	1.656854e-01	0.000000e+00	-3.274316e+03	1.956162e+05
7.009100e-01	1.878932e+05	-6.643938e-02	1.659547e-01	0.000000e+00	-3.542364e+03	1.914356e+05
7.021000e-01	2.018183e+05	-6.663703e-02	1.662306e-01	0.000000e+00	-2.072250e+03	2.038905e+05
7.032900e-01	1.926514e+05	-6.683501e-02	1.665100e-01	0.000000e+00	-1.148241e+03	1.937996e+05
7.044800e-01	2.003358e+05	-6.703332e-02	1.667883e-01	0.000000e+00	-3.867909e+02	2.007226e+05
7.056700e-01	2.085298e+05	-6.723197e-02	1.670778e-01	0.000000e+00	-9.969662e+02	2.095268e+05
7.068600e-01	2.130957e+05	-6.743096e-02	1.673764e-01	0.000000e+00	-2.242860e+03	2.153386e+05
7.080500e-01	1.877431e+05	-6.763032e-02	1.676603e-01	0.000000e+00	-3.689123e+03	1.914323e+05
7.092400e-01	1.738609e+05	-6.783000e-02	1.679163e-01	0.000000e+00	-3.195257e+03	1.770561e+05
7.104300e-01	2.018498e+05	-6.802996e-02	1.681824e-01	0.000000e+00	-2.916282e+03	2.047660e+05
7.116200e-01	1.917989e+05	-6.823027e-02	1.684612e-01	0.000000e+00	-4.764048e+03	1.965629e+05
7.128100e-01	1.952622e+05	-6.843090e-02	1.687353e-01	0.000000e+00	-2.986654e+03	1.982489e+05
7.140000e-01	2.089854e+05	-6.863186e-02	1.690216e-01	0.000000e+00	-1.706621e+03	2.106920e+05
7.151900e-01	2.084015e+05	-6.883317e-02	1.693171e-01	0.000000e+00	-1.906747e+03	2.103083e+05
7.163800e-01	2.052129e+05	-6.903484e-02	1.696100e-01	0.000000e+00	-8.021668e+02	2.060151e+05
7.175700e-01	2.044761e+05	-6.923684e-02	1.699002e-01	0.000000e+00	-8.039035e+02	2.052800e+05
7.187600e-01	1.893994e+05	-6.943920e-02	1.701791e-01	0.000000e+00	-1.333673e+03	1.907330e+05
7.199500e-01	1.899260e+05	-6.964187e-02	1.704477e-01	0.000000e+00	0.000000e+00	1.899260e+05
7.211400e-01	1.916286e+05	-6.984486e-02	1.707179e-01	0.000000e+00	-2.668218e+03	1.942968e+05
7.223300e-01	1.843262e+05	-7.004818e-02	1.709842e-01	0.000000e+00	-3.615207e+03	1.879414e+05
7.235200e-01	2.016196e+05	-7.025181e-02	1.712575e-01	0.000000e+00	-2.911420e+03	2.045310e+05
7.247100e-01	1.920194e+05	-7.045577e-02	1.715362e-01	0.000000e+00	-1.956545e+03	1.939759e+05
7.259000e-01	2.149090e+05	-7.066006e-02	1.718244e-01	0.000000e+00	-2.531629e+03	2.174406e+05
7.270900e-01	1.952311e+05	-7.086471e-02	1.721149e-01	0.000000e+00	-1.985374e+03	1.972164e+05
7.282800e-01	1.839612e+05	-7.106969e-02	1.723834e-01	0.000000e+00	-8.132051e+02	1.847744e+05
7.294700e-01	2.083674e+05	-7.127499e-02	1.726612e-01	0.000000e+00	-5.778398e+02	2.089453e+05
7.306600e-01	1.969068e+05	-7.148063e-02	1.729482e-01	0.000000e+00	-2.049026e+03	1.989558e+05
7.318500e-01	1.951205e+05	-7.168660e-02	1.732258e-01	0.000000e+00	-2.571218e+03	1.976917e+05
7.330400e-01	1.920044e+05	-7.189291e-02	1.735000e-01	0.000000e+00	-9.844068e+02	1.929888e+05
7.342300e-01	1.962541e+05	-7.209953e-02	1.737749e-01	0.000000e+00	-1.934837e+03	1.981889e+05
7.354200e-01	1.823363e+05	-7.230649e-02	1.740430e-01	0.000000e+00	-2.428610e+03	1.847649e+05
7.366100e-01	1.947511e+05	-7.251376e-02	1.743101e-01	0.000000e+00	-2.180777e+03	1.969319e+05
7.378000e-01	1.869327e+05	-7.272135e-02	1.745804e-01	0.000000e+00	-3.534691e+03	1.904674e+05
7.389900e-01	1.629999e+05	-7.292926e-02	1.748282e-01	0.000000e+00	-2.913667e+03	1.659136e+05
7.401800e-01	1.899862e+05	-7.313744e-02	1.750782e-01	0.000000e+00	-6.057195e+02	1.905919e+05
7.413700e-01	1.937863e+05	-7.334594e-02	1.753499e-01	0.000000e+00	-1.205280e+03	1.949915e+05
7.425600e-01	2.098872e+05	-7.355477e-02	1.756358e-01	0.000000e+00	-2.002576e+03	2.118898e+05
7.437500e-01	1.897437e+05	-7.376396e-02	1.759188e-01	0.000000e+00	-1.987871e+03	1.917316e+05
7.449400e-01	2.102428e+05	-7.397346e-02	1.762021e-01	0.000000e+00	-2.252813e+03	2.124956e+05
7.461300e-01	1.924985e+05	-7.418332e-02	1.764873e-01	0.000000e+00	-2.813011e+03	1.953115e+05
7.473200e-01	1.781430e+05	-7.439350e-02	1.767497e-01	0.000000e+00	-4.009036e+03	1.821521e+05
7.485100e-01	1.961077e+05	-7.460398e-02	1.770148e-01	0.000000e+00	-3.057175e+03	1.991649e+05
7.497000e-01	1.841770e+05	-7.481479e-02	1.772841e-01	0.000000e+00	-5.213473e+03	1.893905e+05
7.508900e-01	1.756572e+05	-7.502592e-02	1.775389e-01	0.000000e+00	-3.048395e+03	1.787056e+05
7.520800e-01	2.004322e+05	-7.523734e-02	1.778052e-01	0.000000e+00	-5.332419e+03	2.057646e+05
7.532700e-01	2.027996e+05	-7.544909e-02	1.780908e-01	0.000000e+00	-2.942432e+03	2.057420e+05
7.544600e-01	2.016458e+05	-7.566119e-02	1.783772e-01	0.000000e+00	-2.182473e+03	2.038282e+05
7.556500e-01	1.993019e+05	-7.587363e-02	1.786611e-01	0.000000e+00	-3.238540e+03	2.025404e+05
7.568400e-01	1.874319e+05	-7.608641e-02	1.789350e-01	0.000000e+00	-4.367472e+03	1.917994e+05
7.580300e-01	1.996878e+05	-7.629950e-02	1.792092e-01	0.000000e+00	-3.343374e+03	2.030312e+05
7.592200e-01	2.028073e+05	-7.651292e-02	1.794942e-01	0.000000e+00	-7.748840e+02	2.035822e+05
7.604100e-01	2.022638e+05	-7.672669e-02	1.797811e-01	0.000000e+00	-1.437755e+03	2.037016e+05
7.616000e-01	2.032446e+05	-7.694080e-02	1.800682e-01	0.000000e+00	-2.401205e+03	2.056458e+05
7.627900e-01	2.036024e+05	-7.715526e-02	1.803563e-01	0.000000e+00	-9.263782e+02	2.045287e+05
7.639800e-01	1.830058e+05	-7.737005e-02	1.806301e-01	0.000000e+00	-1.465007e+03	1.844708e+05
7.651700e-01	1.730896e+05	-7.758516e-02	1.808823e-01	0.000000e+00	-2.961471e+03	1.760511e+05
7.663600e-01	1.873906e+05	-7.780055e-02	1.811376e-01	0.000000e+00	-1.813904e+03	1.892046e+05
7.675500e-01	2.179312e+05	-7.801626e-02	1.814246e-01	0.000000e+00	-8.413178e+02	2.187725e+05
7.687400e-01	1.990501e+05	-7.823234e-02	1.817199e-01	0.000000e+00	-3.594260e+03	2.026444e+05
7.699300e-01	1.926012e+05	-7.844876e-02	1.819972e-01	0.000000e+00	-1.939542e+03	1.945407e+05
7.711200e-01	2.041297e+05	-7.866550e-02	1.822782e-01	0.000000e+00	-2.281833e+03	2.064115e+05
7.723100e-01	2.146382e+05	-7.888258e-02	1.825748e-01	0.000000e+00	-5.053933e+02	2.151435e+05
7.735000e-01	1.912760e+05	-7.910002e-02	1.828622e-01	0.000000e+00	0.000000e+00	1.912760e+05
7.746900e-01	2.072582e+05	-7.931779e-02	1.831444e-01	0.000000e+00	-7.874912e+02	2.080457e+05
7.758800e-01	1.945849e+05	-7.953591e-02	1.834290e-01	0.000000e+00	-2.237711e+03	1.968226e+05
7.770700e-01	1.969694e+05	-7.975435e-02	1.837063e-01	0.000000e+00	-2.055015e+03	1.990244e+05
7.782600e-01	2.013947e+05	-7.997313e-02	1.839884e-01	0.000000e+00	-2.526363e+03	2.039210e+05
7.794500e-01	2.058093e+05	-8.019224e-02	1.842768e-01	0.000000e+00	-2.175638e+03	2.079849e+05
7.806400e-01	2.027628e+05	-8.041171e-02	1.845661e-01	0.000000e+00	-4.808711e+03	2.075715e+05
7.818300e-01	1.949751e+05	-8.063151e-02	1.848478e-01	0.000000e+00	-1.980543e+03	1.969557e+05
7.830200e-01	2.092377e+05	-8.085164e-02	1.851340e-01	0.000000e+00	-3.204101e+03	2.124418e+05
7.842100e-01	1.973468e+05	-8.107213e-02	1.854219e-01	0.000000e+00	-2.620172e+03	1.999670e+05
7.854000e-01	1.799489e+05	-8.129295e-02	1.856891e-01	0.000000e+00	-3.522601e+03	1.834715e+05
7.865900e-01	2.039254e+05	-8.151407e-02	1.859610e-01	0.000000e+00	-2.417108e+03	2.063425e+05
7.877800e-01	1.853505e+05	-8.173554e-02	1.862367e-01	0.000000e+00	-2.088698e+03	1.874392e+05
7.889700e-01	2.139033e+05	-8.195731e-02	1.865194e-01	0.000000e+00	-2.034004e+03	2.159373e+05
7.901600e-01	1.784091e+05	-8.217945e-02	1.867972e-01	0.000000e+00	-2.841474e+03	1.812506e+05
7.913500e-01	2.004206e+05	-8.240189e-02	1.870655e-01	0.000000e+00	-1.557411e+03	2.019780e+05
7.925400e-01	1.883277e+05	-8.262467e-02	1.873408e-01	0.000000e+00	-2.521894e+03	1.908496e+05
7.937300e-01	1.952309e+05	-8.284776e-02	1.876124e-01	0.000000e+00	-9.572005e+02	1.961881e+05
7.949200e-01	1.942288e+05	-8.307118e-02	1.878882e-01	0.000000e+00	-1.609147e+03	1.958379e+05
7.961100e-01	2.001676e+05	-8.329494e-02	1.881675e-01	0.000000e+00	-1.320753e+03	2.014884e+05
7.973000e-01	2.036886e+05	-8.351902e-02	1.884535e-01	0.000000e+00	-1.092541e+03	2.047811e+05
7.984900e-01	1.960870e+05	-8.374345e-02	1.887366e-01	0.000000e+00	-1.439881e+03	1.975268e+05
7.996800e-01	1.836486e+05	-8.396822e-02	1.890055e-01	0.000000e+00	-2.284380e+03	1.859330e+05
8.008700e-01	1.867301e+05	-8.419329e-02	1.892678e-01	0.000000e+00	-4.136733e+03	1.908669e+05
8.020600e-01	1.941595e+05	-8.441867e-02	1.895375e-01	0.000000e+00	-2.150124e+03	1.963097e+05
8.032500e-01	1.982931e+05	-8.464439e-02	1.898155e-01	0.000000e+00	-8.487604e+02	1.991419e+05
8.044400e-01	2.260791e+05	-8.487043e-02	1.901160e-01	0.000000e+00	-7.791497e+02	2.268583e+05
8.056300e-01	2.093527e+05	-8.509686e-02	1.904243e-01	0.000000e+00	-2.167484e+03	2.115202e+05
8.068200e-01	1.916627e+05	-8.532364e-02	1.907083e-01	0.000000e+00	-3.541024e+03	1.952038e+05
8.080100e-01	2.036787e+05	-8.555075e-02	1.909883e-01	0.000000e+00	-1.727732e+03	2.054064e+05
8.092000e-01	1.949659e+05	-8.577820e-02	1.912706e-01	0.000000e+00	-2.530951e+03	1.974969e+05
8.103900e-01	1.975892e+05	-8.600597e-02	1.915486e-01	0.000000e+00	-4.217610e+02	1.980110e+05
8.115800e-01	2.014734e+05	-8.623408e-02	1.918312e-01	0.000000e+00	-1.198816e+03	2.026722e+05
8.127700e-01	1.837673e+05	-8.646253e-02	1.921040e-01	0.000000e+00	-2.869539e+03	1.866368e+05
8.139600e-01	1.970256e+05	-8.669129e-02	1.923737e-01	0.000000e+00	-1.126428e+03	1.981520e+05
8.151500e-01	2.054307e+05	-8.692038e-02	1.926587e-01	0.000000e+00	-1.939425e+03	2.073701e+05
8.163400e-01	2.110746e+05	-8.714982e-02	1.929536e-01	0.000000e+00	-1.078104e+03	2.121527e+05
8.175300e-01	2.021789e+05	-8.737961e-02	1.932463e-01	0.000000e+00	-1.780713e+03	2.039596e+05
8.187200e-01	2.204097e+05	-8.760974e-02	1.935456e-01	0.000000e+00	-1.449768e+03	2.218594e+05
8.199100e-01	2.001244e+05	-8.784025e-02	1.938434e-01	0.000000e+00	-2.297036e+03	2.024214e+05
8.211000e-01	1.877424e+05	-8.807109e-02	1.941180e-01	0.000000e+00	-2.080257e+03	1.898227e+05
8.222900e-01	1.917171e+05	-8.830225e-02	1.943868e-01	0.000000e+00	-7.243115e+02	1.924414e+05
8.234800e-01	2.143850e+05	-8.853373e-02	1.946743e-01	0.000000e+00	-2.551499e+03	2.169365e+05
8.246700e-01	1.925128e+05	-8.876557e-02	1.949625e-01	0.000000e+00	-2.607584e+03	1.951204e+05
8.258600e-01	1.999138e+05	-8.899774e-02	1.952404e-01	0.000000e+00	-4.550714e+02	2.003688e+05
8.270500e-01	1.919510e+05	-8.923025e-02	1.955179e-01	0.000000e+00	-2.533162e+03	1.944841e+05
8.282400e-01	2.048309e+05	-8.946308e-02	1.957989e-01	0.000000e+00	-1.925844e+03	2.067567e+05
8.294300e-01	2.103236e+05	-8.969625e-02	1.960929e-01	0.000000e+00	-1.778940e+03	2.121025e+05
8.306200e-01	2.205905e+05	-8.992978e-02	1.963980e-01	0.000000e+00	-1.886327e+03	2.224768e+05
8.318100e-01	1.902781e+05	-9.016368e-02	1.966890e-01	0.000000e+00	-4.336176e+03	1.946143e+05
8.330000e-01	2.025126e+05	-9.039790e-02	1.969672e-01	0.000000e+00	-3.756396e+03	2.062690e+05
8.341900e-01	1.893456e+05	-9.063246e-02	1.972447e-01	0.000000e+00	-2.320708e+03	1.916663e+05
8.353800e-01	1.904245e+05	-9.086734e-02	1.975136e-01	0.000000e+00	-1.299898e+03	1.917244e+05
8.365700e-01	1.814538e+05	-9.110254e-02	1.977770e-01	0.000000e+00	-5.162320e+02	1.819700e+05
8.377600e-01	1.922987e+05	-9.133805e-02	1.980416e-01	0.000000e+00	-8.427328e+02	1.931414e+05
8.389500e-01	1.925814e+05	-9.157388e-02	1.983142e-01	0.000000e+00	-1.210065e+03	1.937914e+05
8.401400e-01	1.937885e+05	-9.181004e-02	1.985878e-01	0.000000e+00	-1.691385e+03	1.954799e+05
8.413300e-01	2.083510e+05	-9.204652e-02	1.988726e-01	0.000000e+00	-8.024066e+02	2.091535e+05
8.425200e-01	1.939747e+05	-9.228335e-02	1.991575e-01	0.000000e+00	0.000000e+00	1.939747e+05
8.437100e-01	2.009854e+05	-9.252051e-02	1.994372e-01	0.000000e+00	-2.289375e+02	2.012144e+05
8.449000e-01	2.019215e+05	-9.275801e-02	1.997225e-01	0.000000e+00	-1.719675e+03	2.036412e+05
8.460900e-01	1.747013e+05	-9.299585e-02	1.999892e-01	0.000000e+00	-1.193525e+03	1.758948e+05
8.472800e-01	1.966832e+05	-9.323399e-02	2.002522e-01	0.000000e+00	-3.799814e+03	2.004830e+05
8.484700e-01	1.925373e+05	-9.347245e-02	2.005279e-01	0.000000e+00	-1.204232e+03	1.937415e+05
8.496600e-01	2.080620e+05	-9.371124e-02	2.008116e-01	0.000000e+00	-2.571770e+02	2.083192e+05
8.508500e-01	1.890871e+05	-9.395038e-02	2.010928e-01	0.000000e+00	-7.319657e+01	1.891603e+05
8.520400e-01	2.003120e+05	-9.418984e-02	2.013686e-01	0.000000e+00	-1.181488e+03	2.014934e+05
8.532300e-01	2.272718e+05	-9.442964e-02	2.016714e-01	0.000000e+00	-2.657700e+03	2.299295e+05
8.544200e-01	1.972243e+05	-9.466982e-02	2.019720e-01	0.000000e+00	-5.890975e+03	2.031152e+05
8.556100e-01	1.995686e+05	-9.491033e-02	2.022530e-01	0.000000e+00	-4.045623e+03	2.036142e+05
8.568000e-01	2.163865e+05	-9.515118e-02	2.025475e-01	0.000000e+00	-3.532427e+03	2.199189e+05
8.579900e-01	2.055216e+05	-9.539240e-02	2.028463e-01	0.000000e+00	-2.860925e+03	2.083825e+05
8.591800e-01	2.019876e+05	-9.563396e-02	2.031349e-01	0.000000e+00	-1.652491e+03	2.036401e+05
8.603700e-01	2.072560e+05	-9.587586e-02	2.034247e-01	0.000000e+00	-1.303330e+03	2.085593e+05
8.615600e-01	2.088572e+05	-9.611811e-02	2.037194e-01	0.000000e+00	-2.044915e+03	2.109021e+05
8.627500e-01	2.020025e+05	-9.636071e-02	2.040103e-01	0.000000e+00	-8.073494e+02	2.028099e+05
8.639400e-01	2.064605e+05	-9.660365e-02	2.042996e-01	0.000000e+00	-9.130745e+02	2.073736e+05
8.651300e-01	2.121480e+05	-9.684694e-02	2.045960e-01	0.000000e+00	-1.412308e+03	2.135603e+05
8.663200e-01	2.039364e+05	-9.709059e-02	2.048907e-01	0.000000e+00	-1.956259e+02	2.041321e+05
8.675100e-01	2.007881e+05	-9.733458e-02	2.051773e-01	0.000000e+00	-2.554936e+02	2.010435e+05
8.687000e-01	1.885152e+05	-9.757891e-02	2.054530e-01	0.000000e+00	-5.848425e+02	1.891001e+05
8.698900e-01	2.134963e+05	-9.782356e-02	2.057377e-01	0.000000e+00	-1.503867e+03	2.150002e+05
8.710800e-01	1.908290e+05	-9.806857e-02	2.060240e-01	0.000000e+00	-1.017142e+03	1.918461e+05
8.722700e-01	2.075675e+05	-9.831390e-02	2.063062e-01	0.000000e+00	0.000000e+00	2.075675e+05
8.734600e-01	1.988180e+05	-9.855958e-02	2.065939e-01	0.000000e+00	-1.526229e+03	2.003442e+05
8.746500e-01	2.182550e+05	-9.880559e-02	2.068893e-01	0.000000e+00	-1.766405e+03	2.200214e+05
8.758400e-01	2.026148e+05	-9.905198e-02	2.071873e-01	0.000000e+00	-3.904668e+02	2.030053e+05
8.770300e-01	2.026910e+05	-9.929870e-02	2.074744e-01	0.000000e+00	-5.569665e+02	2.032480e+05
8.782200e-01	1.887530e+05	-9.954576e-02	2.077516e-01	0.000000e+00	-2.899771e+03	1.916527e+05
8.794100e-01	1.845949e+05	-9.979315e-02	2.080160e-01	0.000000e+00	-1.675282e+03	1.862702e+05
8.806000e-01	2.012769e+05	-1.000408e-01	2.082892e-01	0.000000e+00	-8.395037e+02	2.021164e+05
8.817900e-01	2.069841e+05	-1.002889e-01	2.085783e-01	0.000000e+00	-1.463361e+03	2.084475e+05
8.829800e-01	1.930111e+05	-1.005373e-01	2.088616e-01	0.000000e+00	-1.177568e+03	1.941887e+05
8.841700e-01	2.172814e+05	-1.007860e-01	2.091522e-01	0.000000e+00	-1.990160e+03	2.192715e+05
8.853600e-01	2.008275e+05	-1.010350e-01	2.094483e-01	0.000000e+00	-2.428871e+03	2.032564e+05
8.865500e-01	1.929720e+05	-1.012845e-01	2.097271e-01	0.000000e+00	-1.772810e+03	1.947448e+05
8.877400e-01	2.113005e+05	-1.015342e-01	2.100134e-01	0.000000e+00	-1.458412e+03	2.127589e+05
8.889300e-01	2.074306e+05	-1.017843e-01	2.103099e-01	0.000000e+00	-1.612218e+03	2.090428e+05
8.901200e-01	1.927740e+05	-1.020347e-01	2.105934e-01	0.000000e+00	-2.582235e+03	1.953563e+05
8.913100e-01	1.903379e+05	-1.022855e-01	2.108647e-01	0.000000e+00	-1.069824e+03	1.914077e+05
8.925000e-01	1.850565e+05	-1.025366e-01	2.111305e-01	0.000000e+00	-5.457514e+02	1.856023e+05
8.936900e-01	2.149229e+05	-1.027880e-01	2.114138e-01	0.000000e+00	-1.134921e+03	2.160578e+05
8.948800e-01	2.233695e+05	-1.030398e-01	2.117241e-01	0.000000e+00	-8.763859e+02	2.242459e+05
8.960700e-01	1.782425e+05	-1.032919e-01	2.120085e-01	0.000000e+00	-1.912441e+03	1.801550e+05
8.972600e-01	1.888759e+05	-1.035443e-01	2.122685e-01	0.000000e+00	-5.725176e+02	1.894484e+05
8.984500e-01	2.043099e+05	-1.037971e-01	2.125470e-01	0.000000e+00	-1.634108e+03	2.059440e+05
8.996400e-01	1.931635e+05	-1.040502e-01	2.128284e-01	0.000000e+00	-1.737474e+03	1.949010e+05
9.008300e-01	2.008442e+05	-1.043036e-01	2.131075e-01	0.000000e+00	-8.300981e+02	2.016743e+05
9.020200e-01	1.970283e+05	-1.045574e-01	2.133892e-01	0.000000e+00	-1.365909e+03	1.983942e+05
9.032100e-01	1.975161e+05	-1.048115e-01	2.136686e-01	0.000000e+00	-1.801434e+03	1.993176e+05
9.044000e-01	2.107046e+05	-1.050659e-01	2.139577e-01	0.000000e+00	-6.926497e+02	2.113972e+05
9.055900e-01	2.246074e+05	-1.053207e-01	2.142660e-01	0.000000e+00	-1.182024e+03	2.257894e+05
9.067800e-01	2.114610e+05	-1.055759e-01	2.145748e-01	0.000000e+00	-7.312542e+02	2.121922e+05
9.079700e-01	1.991289e+05	-1.058314e-01	2.148656e-01	0.000000e+00	-9.494181e+02	2.000783e+05
9.091600e-01	2.137400e+05	-1.060873e-01	2.151579e-01	0.000000e+00	-1.785298e+02	2.139185e+05
9.103500e-01	2.044847e+05	-1.063435e-01	2.154541e-01	0.000000e+00	-2.156471e+03	2.066412e+05
9.115400e-01	2.155446e+05	-1.066000e-01	2.157516e-01	0.000000e+00	-3.094411e+03	2.186390e+05
9.127300e-01	2.045057e+05	-1.068570e-01	2.160490e-01	0.000000e+00	-2.021304e+03	2.065271e+05
9.139200e-01	2.024562e+05	-1.071142e-01	2.163372e-01	0.000000e+00	-1.734086e+03	2.041903e+05
9.151100e-01	2.049141e+05	-1.073718e-01	2.166257e-01	0.000000e+00	-4.699508e+02	2.053841e+05
9.163000e-01	1.959917e+05	-1.076298e-01	2.169096e-01	0.000000e+00	-4.292809e+02	1.964210e+05
9.174900e-01	1.955721e+05	-1.078881e-01	2.171869e-01	0.000000e+00	-1.062106e+03	1.966342e+05
9.186800e-01	2.128339e+05	-1.081467e-01	2.174761e-01	0.000000e+00	-1.981850e+03	2.148157e+05
9.198700e-01	2.167926e+05	-1.084057e-01	2.177804e-01	0.000000e+00	-3.689471e+02	2.171615e+05
9.210600e-01	2.046098e+05	-1.086650e-01	2.180788e-01	0.000000e+00	-1.439197e+03	2.060490e+05
9.222500e-01	2.193699e+05	-1.089247e-01	2.183790e-01	0.000000e+00	-1.629447e+03	2.209994e+05
9.234400e-01	2.245610e+05	-1.091848e-01	2.186934e-01	0.000000e+00	-1.081478e+03	2.256425e+05
9.246300e-01	2.153357e+05	-1.094452e-01	2.190049e-01	0.000000e+00	0.000000e+00	2.153357e+05
9.258200e-01	2.107363e+05	-1.097060e-01	2.193067e-01	0.000000e+00	-6.380660e+02	2.113744e+05
9.270100e-01	2.283516e+05	-1.099671e-01	2.196176e-01	0.000000e+00	-3.739870e+02	2.287256e+05
9.282000e-01	2.068002e+05	-1.102287e-01	2.199258e-01	0.000000e+00	-1.508955e+03	2.083091e+05
9.293900e-01	2.109982e+05	-1.104906e-01	2.202216e-01	0.000000e+00	-3.352738e+02	2.113334e+05
9.305800e-01	1.963573e+05	-1.107528e-01	2.205101e-01	0.000000e+00	-5.050623e+02	1.968624e+05
9.317700e-01	2.073435e+05	-1.110154e-01	2.207960e-01	0.000000e+00	-1.520751e+02	2.074956e+05
9.329600e-01	2.042703e+05	-1.112783e-01	2.210875e-01	0.000000e+00	-6.882610e+02	2.049586e+05
9.341500e-01	2.101006e+05	-1.115416e-01	2.213809e-01	0.000000e+00	-2.175703e+03	2.122763e+05
9.353400e-01	2.111232e+05	-1.118052e-01	2.216792e-01	0.000000e+00	-2.053784e+03	2.131769e+05
9.365300e-01	1.891875e+05	-1.120692e-01	2.219627e-01	0.000000e+00	-1.050756e+03	1.902383e+05
9.377200e-01	2.075627e+05	-1.123335e-01	2.222437e-01	0.000000e+00	-2.648993e+03	2.102117e+05
9.389100e-01	1.917342e+05	-1.125981e-01	2.225265e-01	0.000000e+00	-1.107375e+03	1.928416e+05
9.401000e-01	2.073082e+05	-1.128631e-01	2.228090e-01	0.000000e+00	-4.613048e+02	2.077695e+05
9.412900e-01	2.057508e+05	-1.131284e-01	2.231016e-01	0.000000e+00	-1.056823e+03	2.068076e+05
9.424800e-01	1.977245e+05	-1.133941e-01	2.233873e-01	0.000000e+00	-2.037131e+03	1.997616e+05
9.436700e-01	1.920158e+05	-1.136601e-01	2.236633e-01	0.000000e+00	-1.266460e+03	1.932822e+05
9.448600e-01	2.190566e+05	-1.139264e-01	2.239544e-01	0.000000e+00	-2.108056e+03	2.211647e+05
9.460500e-01	2.035193e+05	-1.141931e-01	2.242536e-01	0.000000e+00	-5.961383e+02	2.041154e+05
9.472400e-01	2.116449e+05	-1.144601e-01	2.245476e-01	0.000000e+00	-4.306550e+02	2.120756e+05
9.484300e-01	1.931048e+05	-1.147275e-01	2.248343e-01	0.000000e+00	-6.538790e+02	1.937587e+05
9.496200e-01	1.865535e+05	-1.149952e-01	2.251031e-01	0.000000e+00	-7.418406e+02	1.872954e+05
9.508100e-01	1.966105e+05	-1.152632e-01	2.253745e-01	0.000000e+00	-9.388317e+02	1.975493e+05
9.520000e-01	1.883634e+05	-1.155316e-01	2.256471e-01	0.000000e+00	-8.311556e+02	1.891946e+05
9.531900e-01	2.121986e+05	-1.158003e-01	2.259308e-01	0.000000e+00	-9.180583e+00	2.122077e+05
9.543800e-01	2.097464e+05	-1.160693e-01	2.262296e-01	0.000000e+00	-7.501426e+02	2.104966e+05
9.555700e-01	1.998604e+05	-1.163387e-01	2.265196e-01	0.000000e+00	-5.235917e+02	2.003840e+05
9.567600e-01	2.056899e+05	-1.166084e-01	2.268068e-01	0.000000e+00	-4.304661e+02	2.061204e+05
9.579500e-01	2.078643e+05	-1.168785e-01	2.270997e-01	0.000000e+00	-1.615259e+03	2.094796e+05
9.591400e-01	1.925029e+05	-1.171489e-01	2.273832e-01	0.000000e+00	-4.188519e+01	1.925448e+05
9.603300e-01	1.920385e+05	-1.174197e-01	2.276556e-01	0.000000e+00	-5.692540e+01	1.920954e+05
9.615200e-01	1.958358e+05	-1.176907e-01	2.279302e-01	0.000000e+00	-1.059643e+03	1.968955e+05
9.627100e-01	1.922309e+05	-1.179622e-01	2.282050e-01	0.000000e+00	-1.564836e+03	1.937957e+05
9.639000e-01	2.001954e+05	-1.182339e-01	2.284829e-01	0.000000e+00	-2.347378e+03	2.025428e+05
9.650900e-01	2.083781e+05	-1.185059e-01	2.287723e-01	0.000000e+00	-7.868789e+02	2.091650e+05
9.662800e-01	2.155153e+05	-1.187784e-01	2.290725e-01	0.000000e+00	-9.070277e+02	2.164223e+05
9.674700e-01	2.106328e+05	-1.190511e-01	2.293743e-01	0.000000e+00	0.000000e+00	2.106328e+05
9.686600e-01	2.040156e+05	-1.193243e-01	2.296679e-01	0.000000e+00	-1.207834e+03	2.052235e+05
9.698500e-01	2.032227e+05	-1.195977e-01	2.299563e-01	0.000000e+00	-1.313174e+03	2.045359e+05
9.710400e-01	2.158746e+05	-1.198716e-01	2.302531e-01	0.000000e+00	-1.105948e+03	2.169805e+05
9.722300e-01	1.896086e+05	-1.201457e-01	2.305402e-01	0.000000e+00	-1.362631e+03	1.909712e+05
9.734200e-01	2.222712e+05	-1.204202e-01	2.308319e-01	0.000000e+00	-2.941421e+02	2.225654e+05
9.746100e-01	2.092571e+05	-1.206951e-01	2.311375e-01	0.000000e+00	-6.239370e+02	2.098810e+05
9.758000e-01	2.056805e+05	-1.209704e-01	2.314313e-01	0.000000e+00	-9.782983e+02	2.066588e+05
9.769900e-01	1.992663e+05	-1.212459e-01	2.317181e-01	0.000000e+00	-6.770601e+02	1.999434e+05
9.781800e-01	1.985862e+05	-1.215218e-01	2.319999e-01	0.000000e+00	-1.084076e+03	1.996703e+05
9.793700e-01	2.062344e+05	-1.217981e-01	2.322865e-01	0.000000e+00	-2.120688e+03	2.083551e+05
9.805600e-01	2.223797e+05	-1.220747e-01	2.325901e-01	0.000000e+00	-1.090026e+03	2.234697e+05
9.817500e-01	2.145920e+05	-1.223517e-01	2.328995e-01	0.000000e+00	-1.108630e+03	2.157006e+05
9.829400e-01	2.071008e+05	-1.226290e-01	2.331981e-01	0.000000e+00	-1.319268e+03	2.084201e+05
9.841300e-01	2.080847e+05	-1.229067e-01	2.334922e-01	0.000000e+00	0.000000e+00	2.080847e+05
9.853200e-01	2.030932e+05	-1.231847e-01	2.337833e-01	0.000000e+00	-6.876663e+02	2.037809e+05
9.865100e-01	1.985350e+05	-1.234631e-01	2.340678e-01	0.000000e+00	-1.653299e+03	2.001883e+05
9.877000e-01	1.893027e+05	-1.237418e-01	2.343424e-01	0.000000e+00	-1.950684e+03	1.912534e+05
9.888900e-01	1.850478e+05	-1.240208e-01	2.346075e-01	0.000000e+00	-7.503680e+02	1.857982e+05
9.900800e-01	2.160232e+05	-1.243001e-01	2.348915e-01	0.000000e+00	-1.178101e+03	2.172013e+05
9.912700e-01	2.306079e+05	-1.245798e-01	2.352078e-01	0.000000e+00	-1.681996e+03	2.322899e+05
9.924600e-01	2.211694e+05	-1.248599e-01	2.355278e-01	0.000000e+00	-2.166375e+03	2.233357e+05
9.936500e-01	2.215119e+05	-1.251404e-01	2.358413e-01	0.000000e+00	-2.536553e+03	2.240484e+05
9.948400e-01	2.059945e+05	-1.254212e-01	2.361440e-01	0.000000e+00	-6.980787e+02	2.066925e+05
9.960300e-01	2.086590e+05	-1.257024e-01	2.364376e-01	0.000000e+00	-5.511070e+02	2.092101e+05
9.972200e-01	1.922755e+05	-1.259840e-01	2.367216e-01	0.000000e+00	-9.076316e+02	1.931831e+05
9.984100e-01	1.985898e+05	-1.262658e-01	2.369984e-01	0.000000e+00	-1.818791e+03	2.004086e+05
9.996000e-01	2.088247e+05	-1.265480e-01	2.372869e-01	0.000000e+00	-1.859478e+03	2.106842e+05
1.000790e+00	1.879796e+05	-1.268306e-01	2.375679e-01	0.000000e+00	-1.266610e+03	1.892462e+05
1.001980e+00	1.730711e+05	-1.271134e-01	2.378236e-01	0.000000e+00	-4.882140e+02	1.735593e+05
1.003170e+00	1.997954e+05	-1.273966e-01	2.380876e-01	0.000000e+00	-1.507723e+03	2.013031e+05
1.004360e+00	2.147778e+05	-1.276801e-01	2.383812e-01	0.000000e+00	-8.632613e+02	2.156410e+05
1.005550e+00	2.116283e+05	-1.279639e-01	2.386832e-01	0.000000e+00	-9.634755e+02	2.125918e+05
1.006740e+00	1.956240e+05	-1.282481e-01	2.389716e-01	0.000000e+00	-8.382028e+02	1.964622e+05
1.007930e+00	2.120737e+05	-1.285327e-01	2.392603e-01	0.000000e+00	-6.142562e+02	2.126880e+05
1.009120e+00	2.066704e+05	-1.288176e-01	2.395568e-01	0.000000e+00	-9.364074e+02	2.076068e+05
1.010310e+00	2.229401e+05	-1.291028e-01	2.398611e-01	0.000000e+00	-4.288406e+02	2.233690e+05
1.011500e+00	2.039838e+05	-1.293885e-01	2.401634e-01	0.000000e+00	-8.595329e+02	2.048433e+05
1.012690e+00	2.121163e+05	-1.296744e-01	2.404581e-01	0.000000e+00	-3.420143e+03	2.155364e+05
1.013880e+00	2.001974e+05	-1.299607e-01	2.407500e-01	0.000000e+00	-1.149232e+03	2.013467e+05
1.015070e+00	2.112059e+05	-1.302474e-01	2.410414e-01	0.000000e+00	-5.927186e+02	2.117986e+05
1.016260e+00	1.994856e+05	-1.305344e-01	2.413322e-01	0.000000e+00	-1.037251e+03	2.005229e+05
1.017450e+00	1.981737e+05	-1.308218e-01	2.416138e-01	0.000000e+00	-1.830280e+03	2.000040e+05
1.018640e+00	2.107712e+05	-1.311095e-01	2.419034e-01	0.000000e+00	-1.103088e+03	2.118743e+05
1.019830e+00	1.872190e+05	-1.313975e-01	2.421853e-01	0.000000e+00	-1.659507e+03	1.888785e+05
1.021020e+00	2.004697e+05	-1.316859e-01	2.424598e-01	0.000000e+00	-1.555157e+03	2.020248e+05
1.022210e+00	1.994711e+05	-1.319746e-01	2.427431e-01	0.000000e+00	-1.520971e+03	2.009921e+05
1.023400e+00	1.977933e+05	-1.322636e-01	2.430244e-01	0.000000e+00	-1.286320e+03	1.990796e+05
1.024590e+00	2.066915e+05	-1.325530e-01	2.433108e-01	0.000000e+00	-2.019332e+03	2.087108e+05
1.025780e+00	1.979205e+05	-1.328427e-01	2.435974e-01	0.000000e+00	-7.496395e+02	1.986702e+05
1.026970e+00	2.109222e+05	-1.331327e-01	2.438869e-01	0.000000e+00	-9.876037e+02	2.119098e+05
1.028160e+00	2.131431e+05	-1.334231e-01	2.441872e-01	0.000000e+00	-1.086880e+03	2.142299e+05
1.029350e+00	2.089506e+05	-1.337139e-01	2.444861e-01	0.000000e+00	-1.153352e+03	2.101040e+05
1.030540e+00	2.117052e+05	-1.340050e-01	2.447840e-01	0.000000e+00	-1.398260e+03	2.131034e+05
1.031730e+00	1.914990e+05	-1.342965e-01	2.450695e-01	0.000000e+00	-7.832879e+02	1.922823e+05
1.032920e+00	1.966488e+05	-1.345883e-01	2.453444e-01	0.000000e+00	-7.208321e+02	1.973696e+05
1.034110e+00	2.066185e+05	-1.348804e-01	2.456300e-01	0.000000e+00	-3.056005e+02	2.069241e+05
1.035300e+00	1.874006e+05	-1.351729e-01	2.459090e-01	0.000000e+00	-2.046017e+03	1.894466e+05
1.036490e+00	2.089146e+05	-1.354657e-01	2.461897e-01	0.000000e+00	-7.302808e+02	2.096449e+05
1.037680e+00	1.956985e+05	-1.357588e-01	2.464762e-01	0.000000e+00	-2.794458e+02	1.959779e+05
1.038870e+00	2.136320e+05	-1.360523e-01	2.467661e-01	0.000000e+00	-1.314740e+02	2.137635e+05
1.040060e+00	2.060623e+05	-1.363461e-01	2.470633e-01	0.000000e+00	-1.288931e+03	2.073512e+05
1.041250e+00	1.929282e+05	-1.366403e-01	2.473458e-01	0.000000e+00	-1.291251e+03	1.942195e+05
1.042440e+00	1.954153e+05	-1.369348e-01	2.476208e-01	0.000000e+00	-3.059860e+03	1.984751e+05
1.043630e+00	1.947158e+05	-1.372296e-01	2.478971e-01	0.000000e+00	-1.004102e+03	1.957199e+05
1.044820e+00	1.909397e+05	-1.375248e-01	2.481702e-01	0.000000e+00	-1.542048e+03	1.924817e+05
1.046010e+00	2.061327e+05	-1.378203e-01	2.484514e-01	0.000000e+00	-9.260321e+02	2.070587e+05
1.047200e+00	1.973027e+05	-1.381161e-01	2.487371e-01	0.000000e+00	-6.825654e+02	1.979853e+05
1.048390e+00	1.893206e+05	-1.384123e-01	2.490109e-01	0.000000e+00	-1.577708e+02	1.894783e+05
1.049580e+00	1.804425e+05	-1.387087e-01	2.492728e-01	0.000000e+00	0.000000e+00	1.804425e+05
1.050770e+00	1.976011e+05	-1.390055e-01	2.495405e-01	0.000000e+00	-2.895010e+02	1.978906e+05
1.051960e+00	1.997405e+05	-1.393026e-01	2.498219e-01	0.000000e+00	-1.833085e+03	2.015736e+05
1.053150e+00	1.965954e+05	-1.396001e-01	2.501025e-01	0.000000e+00	-9.198425e+02	1.975153e+05
1.054340e+00	1.958188e+05	-1.398979e-01	2.503804e-01	0.000000e+00	-2.257437e+03	1.980762e+05
1.055530e+00	1.981006e+05	-1.401960e-01	2.506594e-01	0.000000e+00	-1.960572e+03	2.000612e+05
1.056720e+00	2.113208e+05	-1.404945e-01	2.509493e-01	0.000000e+00	-3.025884e+02	2.116234e+05
1.057910e+00	2.051106e+05	-1.407933e-01	2.512442e-01	0.000000e+00	0.000000e+00	2.051106e+05
1.059100e+00	2.005680e+05	-1.410924e-01	2.515315e-01	0.000000e+00	-1.739356e+03	2.023073e+05
1.060290e+00	1.995946e+05	-1.413919e-01	2.518149e-01	0.000000e+00	-1.621989e+03	2.012166e+05
1.061480e+00	2.024458e+05	-1.416917e-01	2.520996e-01	0.000000e+00	-1.025021e+03	2.034708e+05
1.062670e+00	2.271990e+05	-1.419919e-01	2.524039e-01	0.000000e+00	-1.578659e+03	2.287777e+05
1.063860e+00	2.049961e+05	-1.422925e-01	2.527099e-01	0.000000e+00	-7.576650e+02	2.057537e+05
1.065050e+00	1.859461e+05	-1.425934e-01	2.529868e-01	0.000000e+00	0.000000e+00	1.859461e+05
1.066240e+00	1.879598e+05	-1.428946e-01	2.532516e-01	0.000000e+00	0.000000e+00	1.879598e+05
1.067430e+00	1.907901e+05	-1.431961e-01	2.535198e-01	0.000000e+00	-4.845943e+02	1.912747e+05
1.068620e+00	1.970342e+05	-1.434979e-01	2.537944e-01	0.000000e+00	-3.557418e+02	1.973900e+05
1.069810e+00	2.024382e+05	-1.438001e-01	2.540773e-01	0.000000e+00	-3.490454e+02	2.027872e+05
1.071000e+00	1.882961e+05	-1.441027e-01	2.543540e-01	0.000000e+00	-4.912907e+02	1.887873e+05
1.072190e+00	2.093405e+05	-1.444055e-01	2.546356e-01	0.000000e+00	0.000000e+00	2.093405e+05
1.073380e+00	2.184112e+05	-1.447087e-01	2.549385e-01	0.000000e+00	0.000000e+00	2.184112e+05
1.074570e+00	1.973252e+05	-1.450122e-01	2.552330e-01	0.000000e+00	0.000000e+00	1.973252e+05
1.075760e+00	1.964222e+05	-1.453161e-01	2.555118e-01	0.000000e+00	0.000000e+00	1.964222e+05
1.076950e+00	2.016672e+05	-1.456204e-01	2.557937e-01	0.000000e+00	-4.380300e+02	2.021052e+05
1.078140e+00	2.119845e+05	-1.459249e-01	2.560866e-01	0.000000e+00	-4.023061e+02	2.123868e+05
1.079330e+00	2.127261e+05	-1.462298e-01	2.563874e-01	0.000000e+00	-2.410336e+03	2.151365e+05
1.080520e+00	1.958387e+05	-1.465351e-01	2.566767e-01	0.000000e+00	-4.611965e+03	2.004507e+05
1.081710e+00	2.148549e+05	-1.468407e-01	2.569676e-01	0.000000e+00	-3.750025e+03	2.186050e+05
1.082900e+00	2.096737e+05	-1.471467e-01	2.572682e-01	0.000000e+00	-1.832716e+03	2.115064e+05
1.084090e+00	1.967102e+05	-1.474530e-01	2.575560e-01	0.000000e+00	-7.155239e+02	1.974257e+05
1.085280e+00	2.197093e+05	-1.477597e-01	2.578509e-01	0.000000e+00	-9.651484e+02	2.206745e+05
1.086470e+00	2.124847e+05	-1.480667e-01	2.581570e-01	0.000000e+00	-8.523764e+02	2.133371e+05
1.087660e+00	2.083926e+05	-1.483741e-01	2.584550e-01	0.000000e+00	-1.600209e+03	2.099928e+05
1.088850e+00	2.146282e+05	-1.486818e-01	2.587546e-01	0.000000e+00	-6.542744e+02	2.152825e+05
1.090040e+00	2.106822e+05	-1.489899e-01	2.590558e-01	0.000000e+00	-1.848763e+03	2.125309e+05
1.091230e+00	2.218485e+05	-1.492984e-01	2.593621e-01	0.000000e+00	-1.767066e+03	2.236156e+05
1.092420e+00	2.203250e+05	-1.496072e-01	2.596752e-01	0.000000e+00	0.000000e+00	2.203250e+05
1.093610e+00	2.084759e+05	-1.499164e-01	2.599789e-01	0.000000e+00	-6.736288e+02	2.091495e+05
1.094800e+00	2.015809e+05	-1.502260e-01	2.602693e-01	0.000000e+00	-1.007043e+03	2.025879e+05
1.095990e+00	1.859033e+05	-1.505359e-01	2.605437e-01	0.000000e+00	-6.182528e+02	1.865215e+05
1.097180e+00	1.894002e+05	-1.508461e-01	2.608094e-01	0.000000e+00	-2.220833e+02	1.896223e+05
1.098370e+00	2.007376e+05	-1.511566e-01	2.610857e-01	0.000000e+00	-1.334382e+03	2.020720e+05
1.099560e+00	1.926398e+05	-1.514675e-01	2.613643e-01	0.000000e+00	-3.462901e+02	1.929861e+05
1.100750e+00	1.949636e+05	-1.517786e-01	2.616388e-01	0.000000e+00	0.000000e+00	1.949636e+05
1.101940e+00	2.088484e+05	-1.520902e-01	2.619247e-01	0.000000e+00	-3.306706e+02	2.091791e+05
1.103130e+00	2.060352e+05	-1.524020e-01	2.622185e-01	0.000000e+00	-8.236389e+02	2.068589e+05
1.104320e+00	2.096840e+05	-1.527142e-01	2.625129e-01	0.000000e+00	-1.257142e+03	2.109411e+05
1.105510e+00	2.056230e+05	-1.530268e-01	2.628070e-01	0.000000e+00	-2.870933e+02	2.059100e+05
1.106700e+00	2.032877e+05	-1.533397e-01	2.630966e-01	0.000000e+00	-1.338947e+03	2.046266e+05
1.107890e+00	1.923322e+05	-1.536530e-01	2.633768e-01	0.000000e+00	-2.226958e+03	1.945591e+05
1.109080e+00	2.003432e+05	-1.539666e-01	2.636549e-01	0.000000e+00	-4.582390e+02	2.008014e+05
1.110270e+00	1.929756e+05	-1.542805e-01	2.639334e-01	0.000000e+00	0.000000e+00	1.929756e+05
1.111460e+00	1.981633e+05	-1.545947e-01	2.642104e-01	0.000000e+00	0.000000e+00	1.981633e+05
1.112650e+00	2.049833e+05	-1.549093e-01	2.644959e-01	0.000000e+00	-4.498269e+02	2.054331e+05
1.113840e+00	2.101291e+05	-1.552242e-01	2.647899e-01	0.000000e+00	-6.673925e+02	2.107965e+05
1.115030e+00	1.971250e+05	-1.555395e-01	2.650783e-01	0.000000e+00	-1.004849e+03	1.981298e+05
1.116220e+00	2.043974e+05	-1.558551e-01	2.653626e-01	0.000000e+00	-3.989403e+02	2.047963e+05
1.117410e+00	1.930864e+05	-1.561711e-01	2.656441e-01	0.000000e+00	-8.211134e+02	1.939075e+05
1.118600e+00	2.140394e+05	-1.564873e-01	2.659324e-01	0.000000e+00	-1.922275e+01	2.140586e+05
1.119790e+00	2.036251e+05	-1.568040e-01	2.662282e-01	0.000000e+00	0.000000e+00	2.036251e+05
1.120980e+00	1.951328e+05	-1.571210e-01	2.665106e-01	0.000000e+00	0.000000e+00	1.951328e+05
1.122170e+00	2.174837e+05	-1.574383e-01	2.668028e-01	0.000000e+00	-2.473639e+02	2.177311e+05
1.123360e+00	2.196589e+05	-1.577559e-01	2.671123e-01	0.000000e+00	-7.374083e+02	2.203963e+05
1.124550e+00	2.034352e+05	-1.580740e-01	2.674120e-01	0.000000e+00	-6.959001e+02	2.041311e+05
1.125740e+00	2.083371e+05	-1.583924e-01	2.677036e-01	0.000000e+00	-8.226688e+02	2.091598e+05
1.126930e+00	2.038795e+05	-1.587111e-01	2.679955e-01	0.000000e+00	-1.342955e+03	2.052225e+05
1.128120e+00	2.182036e+05	-1.590302e-01	2.682944e-01	0.000000e+00	-3.553843e+02	2.185590e+05
1.129310e+00	2.102975e+05	-1.593497e-01	2.685978e-01	0.000000e+00	0.000000e+00	2.102975e+05
1.130500e+00	2.092225e+05	-1.596695e-01	2.688949e-01	0.000000e+00	-8.427734e+02	2.100653e+05
1.131690e+00	2.264374e+05	-1.599896e-01	2.692034e-01	0.000000e+00	-8.378988e+02	2.272753e+05
1.132880e+00	2.137214e+05	-1.603102e-01	2.695151e-01	0.000000e+00	0.000000e+00	2.137214e+05
1.134070e+00	1.990603e+05	-1.606311e-01	2.698075e-01	0.000000e+00	0.000000e+00	1.990603e+05
1.135260e+00	2.125620e+05	-1.609523e-01	2.700990e-01	0.000000e+00	0.000000e+00	2.125620e+05
1.136450e+00	1.984018e+05	-1.612739e-01	2.703900e-01	0.000000e+00	0.000000e+00	1.984018e+05
1.137640e+00	1.923630e+05	-1.615959e-01	2.706667e-01	0.000000e+00	0.000000e+00	1.923630e+05
1.138830e+00	1.959332e+05	-1.619181e-01	2.709417e-01	0.000000e+00	-8.600567e+01	1.960192e+05
1.140020e+00	2.073984e+05	-1.622407e-01	2.712273e-01	0.000000e+00	-7.543305e+02	2.081528e+05
1.141210e+00	2.124868e+05	-1.625636e-01	2.715247e-01	0.000000e+00	0.000000e+00	2.124868e+05
1.142400e+00	2.242083e+05	-1.628869e-01	2.718339e-01	0.000000e+00	0.000000e+00	2.242083e+05
1.143590e+00	2.057370e+05	-1.632106e-01	2.721384e-01	0.000000e+00	0.000000e+00	2.057370e+05
1.144780e+00	2.048662e+05	-1.635346e-01	2.724292e-01	0.000000e+00	-5.046811e+01	2.049167e+05
1.145970e+00	2.018445e+05	-1.638590e-01	2.727172e-01	0.000000e+00	-1.080901e+03	2.029254e+05
1.147160e+00	2.132883e+05	-1.641837e-01	2.730112e-01	0.000000e+00	-1.389640e+03	2.146780e+05
1.148350e+00	1.948276e+05	-1.645087e-01	2.733002e-01	0.000000e+00	-2.118209e+02	1.950394e+05
1.149540e+00	1.837886e+05	-1.648341e-01	2.735683e-01	0.000000e+00	-1.468851e+03	1.852575e+05
1.150730e+00	2.020708e+05	-1.651598e-01	2.738415e-01	0.000000e+00	-4.862335e+02	2.025571e+05
1.151920e+00	1.969969e+05	-1.654859e-01	2.741242e-01	0.000000e+00	-3.541027e+02	1.973510e+05
1.153110e+00	1.937611e+05	-1.658123e-01	2.744009e-01	0.000000e+00	0.000000e+00	1.937611e+05
1.154300e+00	1.962891e+05	-1.661390e-01	2.746771e-01	0.000000e+00	0.000000e+00	1.962891e+05
1.155490e+00	2.138979e+05	-1.664660e-01	2.749676e-01	0.000000e+00	-6.907244e+01	2.139669e+05
1.156680e+00	1.917276e+05	-1.667934e-01	2.752548e-01	0.000000e+00	-1.105315e+03	1.928330e+05
1.157870e+00	1.961352e+05	-1.671211e-01	2.755295e-01	0.000000e+00	-7.259521e+02	1.968611e+05
1.159060e+00	2.099565e+05	-1.674491e-01	2.758171e-01	0.000000e+00	-6.206688e+02	2.105772e+05
1.160250e+00	2.267218e+05	-1.677775e-01	2.761263e-01	0.000000e+00	-2.913978e+02	2.270131e+05
1.161440e+00	2.099752e+05	-1.681063e-01	2.764356e-01	0.000000e+00	-5.489383e+02	2.105241e+05
1.162630e+00	2.283546e+05	-1.684355e-01	2.767460e-01	0.000000e+00	-1.106528e+03	2.294612e+05
1.163820e+00	2.005955e+05	-1.687650e-01	2.770497e-01	0.000000e+00	-9.797005e+02	2.015752e+05
1.165010e+00	1.882431e+05	-1.690948e-01	2.773251e-01	0.000000e+00	-8.101744e+02	1.890532e+05
1.166200e+00	2.147557e+05	-1.694250e-01	2.776105e-01	0.000000e+00	-4.649411e+02	2.152206e+05
1.167390e+00	2.255038e+05	-1.697555e-01	2.779223e-01	0.000000e+00	-8.301083e+02	2.263339e+05
1.168580e+00	1.978389e+05	-1.700865e-01	2.782221e-01	0.000000e+00	-1.022786e+01	1.978491e+05
1.169770e+00	1.991509e+05	-1.704177e-01	2.785032e-01	0.000000e+00	0.000000e+00	1.991509e+05
1.170960e+00	1.964347e+05	-1.707493e-01	2.787833e-01	0.000000e+00	-8.252434e+02	1.972599e+05
1.172150e+00	2.052981e+05	-1.710812e-01	2.790678e-01	0.000000e+00	-3.302577e+02	2.056283e+05
1.173340e+00	1.980086e+05	-1.714135e-01	2.793534e-01	0.000000e+00	-5.251712e+02	1.985338e+05
1.174530e+00	1.971765e+05	-1.717461e-01	2.796333e-01	0.000000e+00	0.000000e+00	1.971765e+05
1.175720e+00	1.948407e+05	-1.720790e-01	2.799109e-01	0.000000e+00	0.000000e+00	1.948407e+05
1.176910e+00	1.974029e+05	-1.724123e-01	2.801887e-01	0.000000e+00	0.000000e+00	1.974029e+05
1.178100e+00	1.917554e+05	-1.727459e-01	2.804643e-01	0.000000e+00	0.000000e+00	1.917554e+05
1.179290e+00	1.867445e+05	-1.730798e-01	2.807323e-01	0.000000e+00	0.000000e+00	1.867445e+05
1.180480e+00	1.933275e+05	-1.734140e-01	2.810015e-01	0.000000e+00	0.000000e+00	1.933275e+05
1.181670e+00	1.955274e+05	-1.737486e-01	2.812768e-01	0.000000e+00	0.000000e+00	1.955274e+05
1.182860e+00	2.106627e+05	-1.740834e-01	2.815645e-01	0.000000e+00	0.000000e+00	2.106627e+05
1.184050e+00	2.143327e+05	-1.744187e-01	2.818655e-01	0.000000e+00	0.000000e+00	2.143327e+05
1.185240e+00	2.015199e+05	-1.747543e-01	2.821599e-01	0.000000e+00	0.000000e+00	2.015199e+05
1.186430e+00	1.767082e+05	-1.750902e-01	2.824278e-01	0.000000e+00	-6.018866e+02	1.773101e+05
1.187620e+00	2.064551e+05	-1.754265e-01	2.826991e-01	0.000000e+00	-2.384495e+02	2.066935e+05
1.188810e+00	2.218720e+05	-1.757630e-01	2.830025e-01	0.000000e+00	0.000000e+00	2.218720e+05
1.190000e+00	1.094600e+05	-1.761000e-01	2.832371e-01	0.000000e+00	0.000000e+00	1.094600e+05
