#x	rho	phi	ex	bz	rhok[0]	rhok[1]
0.000000e+00	-4.353744e+03	0.000000e+00	2.574683e-02	0.000000e+00	-4.353744e+03	0.000000e+00
1.190000e-03	-5.010035e+03	-3.063505e-05	2.574019e-02	0.000000e+00	-9.648512e+03	4.638476e+03
2.380000e-03	-2.053443e+03	-6.126166e-05	2.573519e-02	0.000000e+00	-9.144050e+03	7.090607e+03
3.570000e-03	3.660220e+03	-9.188481e-05	2.573633e-02	0.000000e+00	-7.546078e+03	1.120630e+04
4.760000e-03	7.213626e+03	-1.225141e-04	2.574403e-02	0.000000e+00	-6.313273e+03	1.352690e+04
5.950000e-03	1.288718e+04	-1.531556e-04	2.575827e-02	0.000000e+00	-4.406803e+03	1.729398e+04
7.140000e-03	6.740501e+03	-1.838188e-04	2.577217e-02	0.000000e+00	-8.014620e+03	1.475512e+04
8.330000e-03	1.328077e+04	-2.144934e-04	2.578634e-02	0.000000e+00	-7.127515e+03	2.040828e+04
9.520000e-03	1.406108e+04	-2.451903e-04	2.580571e-02	0.000000e+00	-1.070434e+04	2.476542e+04
1.071000e-02	1.049250e+04	-2.759109e-04	2.582309e-02	0.000000e+00	-1.165757e+04	2.215006e+04
1.190000e-02	2.167341e+04	-3.066493e-04	2.584587e-02	0.000000e+00	-8.228916e+03	2.990232e+04
1.309000e-02	2.159954e+04	-3.374241e-04	2.587652e-02	0.000000e+00	-9.450444e+03	3.104999e+04
1.428000e-02	2.617380e+04	-3.682354e-04	2.591035e-02	0.000000e+00	-6.990862e+03	3.316467e+04
1.547000e-02	2.762977e+04	-3.990908e-04	2.594845e-02	0.000000e+00	-3.964469e+03	3.159424e+04
1.666000e-02	2.778761e+04	-4.299927e-04	2.598770e-02	0.000000e+00	-8.261771e+03	3.604939e+04
1.785000e-02	2.132466e+04	-4.609415e-04	2.602247e-02	0.000000e+00	-9.615214e+03	3.093987e+04
1.904000e-02	2.610292e+04	-4.919262e-04	2.605606e-02	0.000000e+00	-7.696818e+03	3.379974e+04
2.023000e-02	2.348010e+04	-5.229549e-04	2.609117e-02	0.000000e+00	-1.045741e+04	3.393751e+04
2.142000e-02	2.907346e+04	-5.540232e-04	2.612839e-02	0.000000e+00	-5.395608e+03	3.446906e+04
2.261000e-02	2.952788e+04	-5.851405e-04	2.616989e-02	0.000000e+00	-6.193858e+03	3.572174e+04
2.380000e-02	2.963567e+04	-6.163075e-04	2.621179e-02	0.000000e+00	-1.081621e+04	4.045189e+04
2.499000e-02	3.294327e+04	-6.475245e-04	2.625610e-02	0.000000e+00	-8.171094e+03	4.111436e+04
2.618000e-02	4.179767e+04	-6.787970e-04	2.630903e-02	0.000000e+00	-2.937894e+03	4.473556e+04
2.737000e-02	5.010426e+04	-7.101400e-04	2.637411e-02	0.000000e+00	-4.823982e+03	5.492824e+04
2.856000e-02	4.991956e+04	-7.415674e-04	2.644495e-02	0.000000e+00	-4.522330e+03	5.444190e+04
2.975000e-02	5.017696e+04	-7.730790e-04	2.651583e-02	0.000000e+00	-4.293884e+03	5.447084e+04
3.094000e-02	5.447377e+04	-8.046751e-04	2.658994e-02	0.000000e+00	-4.020698e+03	5.849446e+04
3.213000e-02	4.677119e+04	-8.363631e-04	2.666164e-02	0.000000e+00	-5.618150e+03	5.238934e+04
3.332000e-02	6.028889e+04	-8.681298e-04	2.673746e-02	0.000000e+00	-6.625413e+03	6.691430e+04
3.451000e-02	5.575690e+04	-8.999982e-04	2.681964e-02	0.000000e+00	-5.423843e+03	6.118075e+04
3.570000e-02	5.529990e+04	-9.319606e-04	2.689828e-02	0.000000e+00	-5.986672e+03	6.128657e+04
3.689000e-02	5.612484e+04	-9.640161e-04	2.697719e-02	0.000000e+00	-8.626489e+03	6.475133e+04
3.808000e-02	7.343812e+04	-9.961663e-04	2.706894e-02	0.000000e+00	-6.025070e+03	7.946318e+04
3.927000e-02	7.001737e+04	-1.028440e-03	2.717053e-02	0.000000e+00	-7.637520e+03	7.765489e+04
4.046000e-02	5.624065e+04	-1.060832e-03	2.725994e-02	0.000000e+00	-9.052491e+03	6.529314e+04
4.165000e-02	6.701129e+04	-1.093319e-03	2.734723e-02	0.000000e+00	-9.879363e+03	7.689065e+04
4.284000e-02	7.457456e+04	-1.125919e-03	2.744749e-02	0.000000e+00	-6.237761e+03	8.081233e+04
4.403000e-02	7.251384e+04	-1.158644e-03	2.755166e-02	0.000000e+00	-4.053217e+03	7.656705e+04
4.522000e-02	6.454062e+04	-1.191491e-03	2.764871e-02	0.000000e+00	-5.584574e+03	7.012519e+04
4.641000e-02	7.318185e+04	-1.224448e-03	2.774624e-02	0.000000e+00	-3.447820e+03	7.662967e+04
4.760000e-02	7.166438e+04	-1.257528e-03	2.784882e-02	0.000000e+00	-4.736046e+03	7.640043e+04
4.879000e-02	7.063684e+04	-1.290728e-03	2.794959e-02	0.000000e+00	-7.509076e+03	7.814592e+04
4.998000e-02	7.378422e+04	-1.324048e-03	2.805186e-02	0.000000e+00	-9.178992e+03	8.296321e+04
5.117000e-02	7.083659e+04	-1.357491e-03	2.815428e-02	0.000000e+00	-8.700686e+03	7.953727e+04
5.236000e-02	8.311105e+04	-1.391055e-03	2.826330e-02	0.000000e+00	-5.584731e+03	8.869578e+04
5.355000e-02	7.547471e+04	-1.424758e-03	2.837560e-02	0.000000e+00	-7.584758e+03	8.305946e+04
5.474000e-02	7.861196e+04	-1.458589e-03	2.848472e-02	0.000000e+00	-1.011191e+04	8.872386e+04
5.593000e-02	8.024575e+04	-1.492552e-03	2.859722e-02	0.000000e+00	-7.477770e+03	8.772352e+04
5.712000e-02	7.444423e+04	-1.526650e-03	2.870677e-02	0.000000e+00	-7.733001e+03	8.217723e+04
5.831000e-02	7.406951e+04	-1.560874e-03	2.881194e-02	0.000000e+00	-9.016235e+03	8.308575e+04
5.950000e-02	6.996860e+04	-1.595222e-03	2.891394e-02	0.000000e+00	-8.286996e+03	7.825559e+04
6.069000e-02	6.738036e+04	-1.629689e-03	2.901121e-02	0.000000e+00	-6.976979e+03	7.435734e+04
6.188000e-02	6.626056e+04	-1.664269e-03	2.910585e-02	0.000000e+00	-8.808809e+03	7.506937e+04
6.307000e-02	7.948221e+04	-1.698961e-03	2.920906e-02	0.000000e+00	-7.205215e+03	8.668742e+04
6.426000e-02	8.015095e+04	-1.733787e-03	2.932210e-02	0.000000e+00	-7.486814e+03	8.763777e+04
6.545000e-02	8.261596e+04	-1.768748e-03	2.943737e-02	0.000000e+00	-5.654053e+03	8.827001e+04
6.664000e-02	7.904145e+04	-1.803848e-03	2.955185e-02	0.000000e+00	-3.471164e+03	8.251262e+04
6.783000e-02	9.968917e+04	-1.839081e-03	2.967842e-02	0.000000e+00	-3.856366e+03	1.035455e+05
6.902000e-02	9.741513e+04	-1.874482e-03	2.981800e-02	0.000000e+00	-4.444963e+03	1.018601e+05
7.021000e-02	7.869536e+04	-1.910048e-03	2.994272e-02	0.000000e+00	-4.527927e+03	8.322328e+04
7.140000e-02	8.998420e+04	-1.945746e-03	3.006217e-02	0.000000e+00	-4.210866e+03	9.419507e+04
7.259000e-02	9.349562e+04	-1.981596e-03	3.019210e-02	0.000000e+00	-5.678463e+03	9.917409e+04
7.378000e-02	1.027428e+05	-2.017603e-03	3.033107e-02	0.000000e+00	-7.143330e+03	1.098861e+05
7.497000e-02	8.488511e+04	-2.053784e-03	3.046395e-02	0.000000e+00	-4.846294e+03	8.973140e+04
7.616000e-02	8.658950e+04	-2.090107e-03	3.058538e-02	0.000000e+00	-4.947982e+03	9.153748e+04
7.735000e-02	8.997967e+04	-2.126577e-03	3.071042e-02	0.000000e+00	-4.273512e+03	9.425318e+04
7.854000e-02	1.012155e+05	-2.163198e-03	3.084582e-02	0.000000e+00	-6.180893e+03	1.073964e+05
7.973000e-02	1.168396e+05	-2.199990e-03	3.100023e-02	0.000000e+00	-4.802259e+03	1.216419e+05
8.092000e-02	1.096984e+05	-2.236979e-03	3.116066e-02	0.000000e+00	-6.075890e+03	1.157743e+05
8.211000e-02	9.472616e+04	-2.274152e-03	3.130543e-02	0.000000e+00	-5.867611e+03	1.005938e+05
8.330000e-02	9.894575e+04	-2.311486e-03	3.144258e-02	0.000000e+00	-5.814289e+03	1.047600e+05
8.449000e-02	8.737752e+04	-2.348986e-03	3.157453e-02	0.000000e+00	-5.118755e+03	9.249627e+04
8.568000e-02	9.261579e+04	-2.386633e-03	3.170199e-02	0.000000e+00	-4.681459e+03	9.729725e+04
8.687000e-02	9.943871e+04	-2.424436e-03	3.183800e-02	0.000000e+00	-4.620648e+03	1.040594e+05
8.806000e-02	1.067697e+05	-2.462407e-03	3.198403e-02	0.000000e+00	-4.877248e+03	1.116470e+05
8.925000e-02	1.045666e+05	-2.500558e-03	3.213369e-02	0.000000e+00	-4.504639e+03	1.090713e+05
9.044000e-02	1.015895e+05	-2.538886e-03	3.227968e-02	0.000000e+00	-2.775864e+03	1.043654e+05
9.163000e-02	1.087202e+05	-2.577384e-03	3.242861e-02	0.000000e+00	-3.556865e+03	1.122770e+05
9.282000e-02	1.168525e+05	-2.616066e-03	3.258836e-02	0.000000e+00	-3.684296e+03	1.205368e+05
9.401000e-02	1.069041e+05	-2.654944e-03	3.274681e-02	0.000000e+00	-6.338341e+03	1.132424e+05
9.520000e-02	1.055796e+05	-2.694003e-03	3.289729e-02	0.000000e+00	-3.667113e+03	1.092468e+05
9.639000e-02	1.070361e+05	-2.733240e-03	3.304785e-02	0.000000e+00	-6.658976e+03	1.136951e+05
9.758000e-02	1.190594e+05	-2.772657e-03	3.320797e-02	0.000000e+00	-1.682805e+03	1.207422e+05
9.877000e-02	1.241515e+05	-2.812275e-03	3.338020e-02	0.000000e+00	-6.361083e+03	1.305126e+05
9.996000e-02	1.166559e+05	-2.852102e-03	3.355073e-02	0.000000e+00	-5.957260e+03	1.226131e+05
1.011500e-01	1.173747e+05	-2.892126e-03	3.371646e-02	0.000000e+00	-4.507036e+03	1.218817e+05
1.023400e-01	1.240685e+05	-2.932347e-03	3.388744e-02	0.000000e+00	-5.408669e+03	1.294771e+05
1.035300e-01	1.182972e+05	-2.972778e-03	3.405908e-02	0.000000e+00	-4.087849e+03	1.223851e+05
1.047200e-01	1.192240e+05	-3.013408e-03	3.422728e-02	0.000000e+00	-4.292827e+03	1.235168e+05
1.059100e-01	1.288064e+05	-3.054239e-03	3.440293e-02	0.000000e+00	-4.550213e+03	1.333567e+05
1.071000e-01	1.238294e+05	-3.095287e-03	3.458184e-02	0.000000e+00	-4.586110e+03	1.284155e+05
1.082900e-01	1.111502e+05	-3.136543e-03	3.474824e-02	0.000000e+00	-3.912751e+03	1.150629e+05
1.094800e-01	1.203136e+05	-3.177987e-03	3.491216e-02	0.000000e+00	-5.406205e+03	1.257198e+05
1.106700e-01	1.197384e+05	-3.219634e-03	3.508215e-02	0.000000e+00	-8.709328e+03	1.284477e+05
1.118600e-01	1.367961e+05	-3.261483e-03	3.526382e-02	0.000000e+00	-7.974068e+03	1.447701e+05
1.130500e-01	1.248817e+05	-3.303562e-03	3.544913e-02	0.000000e+00	-6.905352e+03	1.317871e+05
1.142400e-01	1.241269e+05	-3.345852e-03	3.562547e-02	0.000000e+00	-7.966692e+03	1.320936e+05
1.154300e-01	1.151745e+05	-3.388351e-03	3.579494e-02	0.000000e+00	-8.170451e+03	1.233449e+05
1.166200e-01	1.208919e+05	-3.431044e-03	3.596211e-02	0.000000e+00	-8.292871e+03	1.291847e+05
1.178100e-01	1.252181e+05	-3.473941e-03	3.613640e-02	0.000000e+00	-7.139467e+03	1.323575e+05
1.190000e-01	1.173224e+05	-3.517049e-03	3.630816e-02	0.000000e+00	-6.515387e+03	1.238378e+05
1.201900e-01	1.105503e+05	-3.560354e-03	3.646953e-02	0.000000e+00	-6.677337e+03	1.172276e+05
1.213800e-01	1.346910e+05	-3.603846e-03	3.664320e-02	0.000000e+00	-3.904111e+03	1.385951e+05
1.225700e-01	1.392389e+05	-3.647565e-03	3.683719e-02	0.000000e+00	-2.182331e+03	1.414213e+05
1.237600e-01	1.233701e+05	-3.691518e-03	3.702316e-02	0.000000e+00	-6.036657e+03	1.294067e+05
1.249500e-01	1.216588e+05	-3.735680e-03	3.719668e-02	0.000000e+00	-5.320899e+03	1.269797e+05
1.261400e-01	1.359376e+05	-3.780047e-03	3.737910e-02	0.000000e+00	-5.038639e+03	1.409762e+05
1.273300e-01	1.201952e+05	-3.824642e-03	3.756048e-02	0.000000e+00	-8.088982e+03	1.282842e+05
1.285200e-01	1.172929e+05	-3.869441e-03	3.772866e-02	0.000000e+00	-4.089528e+03	1.213824e+05
1.297100e-01	1.264361e+05	-3.914436e-03	3.790126e-02	0.000000e+00	-4.116623e+03	1.305527e+05
1.309000e-01	1.379225e+05	-3.959646e-03	3.808847e-02	0.000000e+00	-7.601525e+03	1.455240e+05
1.320900e-01	1.305458e+05	-4.005087e-03	3.827859e-02	0.000000e+00	-7.107266e+03	1.376531e+05
1.332800e-01	1.312922e+05	-4.050749e-03	3.846402e-02	0.000000e+00	-3.483604e+03	1.347758e+05
1.344700e-01	1.276535e+05	-4.096631e-03	3.864739e-02	0.000000e+00	-4.819874e+03	1.324734e+05
1.356600e-01	1.305675e+05	-4.142729e-03	3.883026e-02	0.000000e+00	-4.687377e+03	1.352549e+05
1.368500e-01	1.197184e+05	-4.189047e-03	3.900750e-02	0.000000e+00	-3.724584e+03	1.234430e+05
1.380400e-01	1.402443e+05	-4.235567e-03	3.919160e-02	0.000000e+00	-4.926133e+03	1.451705e+05
1.392300e-01	1.517498e+05	-4.282323e-03	3.939838e-02	0.000000e+00	-4.477178e+03	1.562270e+05
1.404200e-01	1.262834e+05	-4.329335e-03	3.959527e-02	0.000000e+00	-3.704783e+03	1.299882e+05
1.416100e-01	1.122207e+05	-4.376560e-03	3.976417e-02	0.000000e+00	-4.664444e+03	1.168851e+05
1.428000e-01	1.186298e+05	-4.423974e-03	3.992765e-02	0.000000e+00	-5.710859e+03	1.243407e+05
1.439900e-01	1.437885e+05	-4.471588e-03	4.011348e-02	0.000000e+00	-5.097843e+03	1.488864e+05
1.451800e-01	1.476388e+05	-4.519444e-03	4.031986e-02	0.000000e+00	-3.270627e+03	1.509095e+05
1.463700e-01	1.310236e+05	-4.567549e-03	4.051720e-02	0.000000e+00	-4.019107e+03	1.350427e+05
1.475600e-01	1.331832e+05	-4.615875e-03	4.070430e-02	0.000000e+00	-5.020477e+03	1.382037e+05
1.487500e-01	1.339774e+05	-4.664425e-03	4.089350e-02	0.000000e+00	-3.887720e+03	1.378651e+05
1.499400e-01	1.431055e+05	-4.713202e-03	4.108972e-02	0.000000e+00	-4.606913e+03	1.477124e+05
1.511300e-01	1.427389e+05	-4.762219e-03	4.129214e-02	0.000000e+00	-5.926598e+03	1.486655e+05
1.523200e-01	1.308962e+05	-4.811477e-03	4.148592e-02	0.000000e+00	-5.819218e+03	1.367154e+05
1.535100e-01	1.459510e+05	-4.860955e-03	4.168197e-02	0.000000e+00	-5.767042e+03	1.517181e+05
1.547000e-01	1.392315e+05	-4.910680e-03	4.188393e-02	0.000000e+00	-7.163235e+03	1.463947e+05
1.558900e-01	1.415549e+05	-4.960639e-03	4.208277e-02	0.000000e+00	-4.675115e+03	1.462300e+05
1.570800e-01	1.425408e+05	-5.010837e-03	4.228396e-02	0.000000e+00	-6.264122e+03	1.488049e+05
1.582700e-01	1.357685e+05	-5.061275e-03	4.248105e-02	0.000000e+00	-6.174066e+03	1.419426e+05
1.594600e-01	1.302961e+05	-5.111942e-03	4.266947e-02	0.000000e+00	-4.832688e+03	1.351288e+05
1.606500e-01	1.479744e+05	-5.162828e-03	4.286653e-02	0.000000e+00	-6.648762e+03	1.546232e+05
1.618400e-01	1.450922e+05	-5.213964e-03	4.307407e-02	0.000000e+00	-4.037294e+03	1.491295e+05
1.630300e-01	1.532248e+05	-5.265345e-03	4.328533e-02	0.000000e+00	-7.808713e+03	1.610335e+05
1.642200e-01	1.524006e+05	-5.316983e-03	4.350176e-02	0.000000e+00	-3.856299e+03	1.562569e+05
1.654100e-01	1.285787e+05	-5.368879e-03	4.370074e-02	0.000000e+00	-6.437589e+03	1.350163e+05
1.666000e-01	1.474914e+05	-5.420991e-03	4.389624e-02	0.000000e+00	-5.258395e+03	1.527498e+05
1.677900e-01	1.620460e+05	-5.473352e-03	4.411544e-02	0.000000e+00	-5.891751e+03	1.679378e+05
1.689800e-01	1.596943e+05	-5.525986e-03	4.434329e-02	0.000000e+00	-4.334726e+03	1.640290e+05
1.701700e-01	1.578263e+05	-5.578889e-03	4.456815e-02	0.000000e+00	-3.566600e+03	1.613929e+05
1.713600e-01	1.437486e+05	-5.632058e-03	4.478171e-02	0.000000e+00	-2.618165e+03	1.463668e+05
1.725500e-01	1.488946e+05	-5.685469e-03	4.498895e-02	0.000000e+00	-1.873785e+03	1.507684e+05
1.737400e-01	1.637610e+05	-5.739132e-03	4.521036e-02	0.000000e+00	-5.050607e+03	1.688116e+05
1.749300e-01	1.418362e+05	-5.793070e-03	4.542678e-02	0.000000e+00	-4.054311e+03	1.458905e+05
1.761200e-01	1.552380e+05	-5.847247e-03	4.563715e-02	0.000000e+00	-4.681617e+03	1.599196e+05
1.773100e-01	1.468938e+05	-5.901686e-03	4.585111e-02	0.000000e+00	-7.356447e+03	1.542502e+05
1.785000e-01	1.463759e+05	-5.956373e-03	4.605880e-02	0.000000e+00	-6.237218e+03	1.526131e+05
1.796900e-01	1.386766e+05	-6.011306e-03	4.626066e-02	0.000000e+00	-3.832177e+03	1.425087e+05
1.808800e-01	1.575964e+05	-6.066473e-03	4.647047e-02	0.000000e+00	-4.495932e+03	1.620923e+05
1.820700e-01	1.578893e+05	-6.121906e-03	4.669389e-02	0.000000e+00	-2.343643e+03	1.602329e+05
1.832600e-01	1.638574e+05	-6.177605e-03	4.692174e-02	0.000000e+00	-2.596346e+03	1.664538e+05
1.844500e-01	1.465657e+05	-6.233580e-03	4.714157e-02	0.000000e+00	-5.843395e+03	1.524091e+05
1.856400e-01	1.652165e+05	-6.289802e-03	4.736236e-02	0.000000e+00	-9.146895e+03	1.743634e+05
1.868300e-01	1.439013e+05	-6.346302e-03	4.758127e-02	0.000000e+00	-5.751519e+03	1.496528e+05
1.880200e-01	1.455483e+05	-6.403045e-03	4.778624e-02	0.000000e+00	-5.333239e+03	1.508815e+05
1.892100e-01	1.618008e+05	-6.460034e-03	4.800390e-02	0.000000e+00	-2.698732e+03	1.644995e+05
1.904000e-01	1.522925e+05	-6.517295e-03	4.822633e-02	0.000000e+00	-3.712897e+03	1.560054e+05
1.915900e-01	1.566230e+05	-6.574812e-03	4.844509e-02	0.000000e+00	-2.934425e+03	1.595574e+05
1.927800e-01	1.510664e+05	-6.632594e-03	4.866298e-02	0.000000e+00	-4.249925e+03	1.553164e+05
1.939700e-01	1.529034e+05	-6.690630e-03	4.887825e-02	0.000000e+00	-4.025245e+03	1.569286e+05
1.951600e-01	1.585245e+05	-6.748924e-03	4.909879e-02	0.000000e+00	-1.822195e+03	1.603467e+05
1.963500e-01	1.745166e+05	-6.807485e-03	4.933464e-02	0.000000e+00	-2.209195e+03	1.767258e+05
1.975400e-01	1.581838e+05	-6.866341e-03	4.957024e-02	0.000000e+00	-6.190716e+03	1.643745e+05
1.987300e-01	1.750810e+05	-6.925462e-03	4.980625e-02	0.000000e+00	-3.302998e+03	1.783840e+05
1.999200e-01	1.587603e+05	-6.984879e-03	5.004266e-02	0.000000e+00	-5.209059e+03	1.639693e+05
2.011100e-01	1.476632e+05	-7.044564e-03	5.025966e-02	0.000000e+00	-5.898591e+03	1.535618e+05
2.023000e-01	1.558765e+05	-7.104497e-03	5.047462e-02	0.000000e+00	-2.776371e+03	1.586529e+05
2.034900e-01	1.611709e+05	-7.164694e-03	5.069914e-02	0.000000e+00	-4.025649e+03	1.651966e+05
2.046800e-01	1.671124e+05	-7.225161e-03	5.093162e-02	0.000000e+00	-2.406586e+03	1.695190e+05
2.058700e-01	1.647379e+05	-7.285911e-03	5.116662e-02	0.000000e+00	-3.518421e+03	1.682563e+05
2.070600e-01	1.714600e+05	-7.346938e-03	5.140471e-02	0.000000e+00	-1.997396e+03	1.734574e+05
2.082500e-01	1.749577e+05	-7.408254e-03	5.165003e-02	0.000000e+00	-3.981612e+03	1.789393e+05
2.094400e-01	1.732165e+05	-7.469865e-03	5.189659e-02	0.000000e+00	-3.481853e+03	1.766983e+05
2.106300e-01	1.600767e+05	-7.531768e-03	5.213262e-02	0.000000e+00	-8.618766e+03	1.686954e+05
2.118200e-01	1.535130e+05	-7.593941e-03	5.235469e-02	0.000000e+00	-5.984615e+03	1.594976e+05
2.130100e-01	1.560268e+05	-7.656372e-03	5.257390e-02	0.000000e+00	-5.233198e+03	1.612600e+05
2.142000e-01	1.762711e+05	-7.719066e-03	5.280922e-02	0.000000e+00	-3.285024e+03	1.795562e+05
2.153900e-01	1.609809e+05	-7.782058e-03	5.304805e-02	0.000000e+00	-2.828947e+03	1.638099e+05
2.165800e-01	1.593157e+05	-7.845321e-03	5.327487e-02	0.000000e+00	-4.701649e+03	1.640173e+05
2.177700e-01	1.659651e+05	-7.908852e-03	5.350522e-02	0.000000e+00	-5.676156e+03	1.716413e+05
2.189600e-01	1.663454e+05	-7.972663e-03	5.374055e-02	0.000000e+00	-2.304341e+03	1.686498e+05
2.201500e-01	1.863851e+05	-8.036755e-03	5.399035e-02	0.000000e+00	-3.743298e+03	1.901284e+05
2.213400e-01	1.769648e+05	-8.101160e-03	5.424766e-02	0.000000e+00	-3.967892e+03	1.809327e+05
2.225300e-01	1.731608e+05	-8.165864e-03	5.449560e-02	0.000000e+00	-3.065969e+03	1.762267e+05
2.237200e-01	1.947428e+05	-8.230860e-03	5.475614e-02	0.000000e+00	-4.295781e+03	1.990386e+05
2.249100e-01	1.570143e+05	-8.296184e-03	5.500524e-02	0.000000e+00	-4.758247e+03	1.617726e+05
2.261000e-01	1.631352e+05	-8.361772e-03	5.523196e-02	0.000000e+00	-2.562733e+03	1.656979e+05
2.272900e-01	1.546190e+05	-8.427636e-03	5.545698e-02	0.000000e+00	-2.513334e+03	1.571324e+05
2.284800e-01	1.529882e+05	-8.493760e-03	5.567482e-02	0.000000e+00	-4.541575e+03	1.575298e+05
2.296700e-01	1.570229e+05	-8.560142e-03	5.589436e-02	0.000000e+00	-4.252654e+03	1.612756e+05
2.308600e-01	1.607340e+05	-8.626788e-03	5.611938e-02	0.000000e+00	-3.914814e+03	1.646488e+05
2.320500e-01	1.717337e+05	-8.693706e-03	5.635482e-02	0.000000e+00	-6.133073e+03	1.778668e+05
2.332400e-01	1.552188e+05	-8.760913e-03	5.658636e-02	0.000000e+00	-3.587856e+03	1.588066e+05
2.344300e-01	1.690175e+05	-8.828382e-03	5.681597e-02	0.000000e+00	-2.982925e+03	1.720004e+05
2.356200e-01	1.633298e+05	-8.896135e-03	5.705133e-02	0.000000e+00	-2.281202e+03	1.656110e+05
2.368100e-01	1.624104e+05	-8.964164e-03	5.728201e-02	0.000000e+00	-3.376940e+03	1.657873e+05
2.380000e-01	1.917206e+05	-9.032466e-03	5.753279e-02	0.000000e+00	-4.313265e+03	1.960339e+05
2.391900e-01	1.664273e+05	-9.101092e-03	5.778642e-02	0.000000e+00	-2.963929e+03	1.693912e+05
2.403800e-01	1.718073e+05	-9.169998e-03	5.802594e-02	0.000000e+00	-6.673130e+03	1.784804e+05
2.415700e-01	1.756095e+05	-9.239193e-03	5.827197e-02	0.000000e+00	-2.664668e+03	1.782742e+05
2.427600e-01	1.563190e+05	-9.308685e-03	5.850703e-02	0.000000e+00	-5.863745e+03	1.621828e+05
2.439500e-01	1.692568e+05	-9.378440e-03	5.873759e-02	0.000000e+00	-6.310594e+03	1.755674e+05
2.451400e-01	1.711153e+05	-9.448481e-03	5.897863e-02	0.000000e+00	-5.783929e+03	1.768992e+05
2.463300e-01	1.762899e+05	-9.518809e-03	5.922465e-02	0.000000e+00	-3.163098e+03	1.794530e+05
2.475200e-01	1.680900e+05	-9.589435e-03	5.946853e-02	0.000000e+00	-2.548537e+03	1.706385e+05
2.487100e-01	1.716739e+05	-9.660344e-03	5.970914e-02	0.000000e+00	-3.315205e+03	1.749891e+05
2.499000e-01	1.792696e+05	-9.731543e-03	5.995767e-02	0.000000e+00	-3.377663e+03	1.826472e+05
2.510900e-01	1.686840e+05	-9.803044e-03	6.020407e-02	0.000000e+00	-6.033113e+03	1.747171e+05
2.522800e-01	1.568243e+05	-9.874829e-03	6.043459e-02	0.000000e+00	-5.222792e+03	1.620471e+05
2.534700e-01	1.838348e+05	-9.946878e-03	6.067583e-02	0.000000e+00	-2.547586e+03	1.863823e+05
2.546600e-01	2.037378e+05	-1.001924e-02	6.095030e-02	0.000000e+00	-2.560679e+03	2.062985e+05
2.558500e-01	1.784412e+05	-1.009194e-02	6.122094e-02	0.000000e+00	-3.413610e+03	1.818548e+05
2.570400e-01	1.767170e+05	-1.016494e-02	6.147245e-02	0.000000e+00	-4.708747e+03	1.814258e+05
2.582300e-01	1.795779e+05	-1.023824e-02	6.172477e-02	0.000000e+00	-3.092813e+03	1.826707e+05
2.594200e-01	1.811858e+05	-1.031185e-02	6.198025e-02	0.000000e+00	-5.914687e+03	1.871005e+05
2.606100e-01	1.986586e+05	-1.038576e-02	6.224924e-02	0.000000e+00	-6.292623e+03	2.049513e+05
2.618000e-01	1.865765e+05	-1.046000e-02	6.252205e-02	0.000000e+00	-4.487054e+03	1.910635e+05
2.629900e-01	1.721617e+05	-1.053456e-02	6.277610e-02	0.000000e+00	-7.714020e+03	1.798758e+05
2.641800e-01	1.831883e+05	-1.060941e-02	6.302774e-02	0.000000e+00	-4.445023e+03	1.876333e+05
2.653700e-01	1.737481e+05	-1.068457e-02	6.328051e-02	0.000000e+00	-1.748528e+03	1.754966e+05
2.665600e-01	1.881364e+05	-1.076002e-02	6.353679e-02	0.000000e+00	-3.219950e+03	1.913563e+05
2.677500e-01	1.789228e+05	-1.083578e-02	6.379672e-02	0.000000e+00	-5.159229e+03	1.840820e+05
2.689400e-01	1.868075e+05	-1.091185e-02	6.405572e-02	0.000000e+00	-4.581333e+03	1.913889e+05
2.701300e-01	1.889129e+05	-1.098824e-02	6.432179e-02	0.000000e+00	-4.087267e+03	1.930002e+05
2.713200e-01	1.908749e+05	-1.106494e-02	6.459075e-02	0.000000e+00	-1.022259e+03	1.918972e+05
2.725100e-01	1.819833e+05	-1.114196e-02	6.485479e-02	0.000000e+00	-3.519177e+03	1.855024e+05
2.737000e-01	1.807679e+05	-1.121929e-02	6.511168e-02	0.000000e+00	-4.016896e+03	1.847848e+05
2.748900e-01	1.885955e+05	-1.129693e-02	6.537325e-02	0.000000e+00	-3.277218e+03	1.918727e+05
2.760800e-01	1.882045e+05	-1.137488e-02	6.564009e-02	0.000000e+00	-3.663172e+03	1.918677e+05
2.772700e-01	1.968643e+05	-1.145315e-02	6.591278e-02	0.000000e+00	-1.489924e+03	1.983543e+05
2.784600e-01	1.765114e+05	-1.153175e-02	6.617719e-02	0.000000e+00	-6.068370e+02	1.771182e+05
2.796500e-01	1.743599e+05	-1.161065e-02	6.642566e-02	0.000000e+00	-2.994426e+03	1.773543e+05
2.808400e-01	1.791075e+05	-1.168985e-02	6.667598e-02	0.000000e+00	-2.679034e+03	1.817866e+05
2.820300e-01	1.856626e+05	-1.176934e-02	6.693429e-02	0.000000e+00	-2.823216e+03	1.884858e+05
2.832200e-01	1.892186e+05	-1.184915e-02	6.719977e-02	0.000000e+00	-4.671016e+03	1.938896e+05
2.844100e-01	1.684012e+05	-1.192928e-02	6.745303e-02	0.000000e+00	-2.598815e+03	1.710001e+05
2.856000e-01	1.796396e+05	-1.200969e-02	6.769950e-02	0.000000e+00	-7.364993e+03	1.870046e+05
2.867900e-01	1.787595e+05	-1.209040e-02	6.795330e-02	0.000000e+00	-4.720440e+03	1.834800e+05
2.879800e-01	1.803995e+05	-1.217142e-02	6.820765e-02	0.000000e+00	-4.071797e+03	1.844713e+05
2.891700e-01	1.793434e+05	-1.225274e-02	6.846240e-02	0.000000e+00	-2.228658e+03	1.815720e+05
2.903600e-01	1.915571e+05	-1.233436e-02	6.872506e-02	0.000000e+00	-4.476134e+03	1.960332e+05
2.915500e-01	1.804713e+05	-1.241630e-02	6.898852e-02	0.000000e+00	-4.634411e+03	1.851057e+05
2.927400e-01	1.809218e+05	-1.249855e-02	6.924444e-02	0.000000e+00	-3.952553e+03	1.848744e+05
2.939300e-01	1.795517e+05	-1.258110e-02	6.949972e-02	0.000000e+00	-3.181173e+03	1.827329e+05
2.951200e-01	1.980348e+05	-1.266396e-02	6.976711e-02	0.000000e+00	-1.497528e+03	1.995323e+05
2.963100e-01	1.920696e+05	-1.274715e-02	7.004337e-02	0.000000e+00	-3.696926e+03	1.957665e+05
2.975000e-01	1.906773e+05	-1.283066e-02	7.031442e-02	0.000000e+00	-5.378216e+03	1.960555e+05
2.986900e-01	1.871355e+05	-1.291450e-02	7.058197e-02	0.000000e+00	-2.704019e+03	1.898395e+05
2.998800e-01	2.003798e+05	-1.299865e-02	7.085640e-02	0.000000e+00	-5.256709e+02	2.009054e+05
3.010700e-01	1.885353e+05	-1.308314e-02	7.113181e-02	0.000000e+00	-3.326904e+03	1.918622e+05
3.022600e-01	1.803161e+05	-1.316794e-02	7.139302e-02	0.000000e+00	-4.173681e+03	1.844898e+05
3.034500e-01	1.784136e+05	-1.325305e-02	7.164706e-02	0.000000e+00	-2.646641e+03	1.810602e+05
3.046400e-01	2.021156e+05	-1.333846e-02	7.191654e-02	0.000000e+00	-5.463773e+03	2.075794e+05
3.058300e-01	1.965131e+05	-1.342421e-02	7.219883e-02	0.000000e+00	-9.489705e+02	1.974621e+05
3.070200e-01	1.777188e+05	-1.351029e-02	7.246385e-02	0.000000e+00	-2.930698e+03	1.806495e+05
3.082100e-01	1.892674e+05	-1.359668e-02	7.272374e-02	0.000000e+00	-2.875565e+03	1.921430e+05
3.094000e-01	2.024578e+05	-1.368338e-02	7.300114e-02	0.000000e+00	-3.298248e+03	2.057561e+05
3.105900e-01	2.068855e+05	-1.377042e-02	7.329102e-02	0.000000e+00	-2.610068e+03	2.094955e+05
3.117800e-01	1.972994e+05	-1.385781e-02	7.357725e-02	0.000000e+00	-4.751751e+03	2.020511e+05
3.129700e-01	1.759542e+05	-1.394553e-02	7.384158e-02	0.000000e+00	-4.141740e+03	1.800959e+05
3.141600e-01	1.725267e+05	-1.403355e-02	7.408836e-02	0.000000e+00	-3.679056e+03	1.762058e+05
3.153500e-01	1.763533e+05	-1.412186e-02	7.433543e-02	0.000000e+00	-1.860197e+03	1.782135e+05
3.165400e-01	1.955306e+05	-1.421047e-02	7.459878e-02	0.000000e+00	-2.518710e+03	1.980493e+05
3.177300e-01	1.857633e+05	-1.429941e-02	7.486880e-02	0.000000e+00	-5.306210e+03	1.910695e+05
3.189200e-01	1.727110e+05	-1.438866e-02	7.512266e-02	0.000000e+00	-7.340220e+03	1.800513e+05
3.201100e-01	1.710416e+05	-1.447820e-02	7.536609e-02	0.000000e+00	-5.348384e+03	1.763900e+05
3.213000e-01	1.907352e+05	-1.456803e-02	7.562229e-02	0.000000e+00	-2.878823e+03	1.936140e+05
3.224900e-01	2.010967e+05	-1.465818e-02	7.589977e-02	0.000000e+00	-5.223651e+03	2.063204e+05
3.236800e-01	2.031296e+05	-1.474867e-02	7.618603e-02	0.000000e+00	-6.313599e+03	2.094432e+05
3.248700e-01	1.764542e+05	-1.483950e-02	7.645484e-02	0.000000e+00	-3.440909e+03	1.798951e+05
3.260600e-01	1.935475e+05	-1.493063e-02	7.671686e-02	0.000000e+00	-3.689687e+03	1.972372e+05
3.272500e-01	1.867170e+05	-1.502209e-02	7.698615e-02	0.000000e+00	-2.851206e+03	1.895682e+05
3.284400e-01	2.058598e+05	-1.511386e-02	7.726416e-02	0.000000e+00	-2.604249e+03	2.084640e+05
3.296300e-01	1.879521e+05	-1.520598e-02	7.754304e-02	0.000000e+00	-3.408558e+03	1.913607e+05
3.308200e-01	1.993267e+05	-1.529841e-02	7.781730e-02	0.000000e+00	-6.299883e+03	2.056266e+05
3.320100e-01	2.143492e+05	-1.539118e-02	7.811025e-02	0.000000e+00	-4.094982e+03	2.184442e+05
3.332000e-01	2.052885e+05	-1.548432e-02	7.840742e-02	0.000000e+00	-2.984795e+03	2.082733e+05
3.343900e-01	1.840965e+05	-1.557779e-02	7.868317e-02	0.000000e+00	-2.928361e+03	1.870249e+05
3.355800e-01	1.930603e+05	-1.567158e-02	7.895026e-02	0.000000e+00	-1.930682e+03	1.949910e+05
3.367700e-01	1.977474e+05	-1.576570e-02	7.922702e-02	0.000000e+00	-3.449581e+03	2.011970e+05
3.379600e-01	1.948506e+05	-1.586014e-02	7.950504e-02	0.000000e+00	-3.858352e+03	1.987089e+05
3.391500e-01	1.795436e+05	-1.595492e-02	7.977017e-02	0.000000e+00	-2.455574e+03	1.819992e+05
3.403400e-01	1.776687e+05	-1.605000e-02	8.002314e-02	0.000000e+00	-2.046039e+03	1.797147e+05
3.415300e-01	1.867269e+05	-1.614537e-02	8.028119e-02	0.000000e+00	-3.141750e+03	1.898686e+05
3.427200e-01	1.848438e+05	-1.624106e-02	8.054432e-02	0.000000e+00	-6.622729e+03	1.914665e+05
3.439100e-01	1.937986e+05	-1.633707e-02	8.081247e-02	0.000000e+00	-2.714973e+03	1.965136e+05
3.451000e-01	1.870620e+05	-1.643340e-02	8.108218e-02	0.000000e+00	-4.305486e+03	1.913675e+05
3.462900e-01	1.841873e+05	-1.653004e-02	8.134508e-02	0.000000e+00	-6.849802e+03	1.910371e+05
3.474800e-01	1.954575e+05	-1.662700e-02	8.161393e-02	0.000000e+00	-3.279370e+03	1.987369e+05
3.486700e-01	2.027129e+05	-1.672428e-02	8.189591e-02	0.000000e+00	-2.883291e+03	2.055962e+05
3.498600e-01	2.054592e+05	-1.682191e-02	8.218496e-02	0.000000e+00	-5.132277e+03	2.105914e+05
3.510500e-01	1.936324e+05	-1.691988e-02	8.246758e-02	0.000000e+00	-3.994316e+03	1.976267e+05
3.522400e-01	2.015044e+05	-1.701818e-02	8.274740e-02	0.000000e+00	-4.312866e+03	2.058173e+05
3.534300e-01	2.075200e+05	-1.711682e-02	8.303706e-02	0.000000e+00	-5.393656e+03	2.129137e+05
3.546200e-01	1.852886e+05	-1.721581e-02	8.331523e-02	0.000000e+00	-3.278362e+03	1.885670e+05
3.558100e-01	1.989965e+05	-1.731511e-02	8.358737e-02	0.000000e+00	-2.393332e+03	2.013898e+05
3.570000e-01	2.059848e+05	-1.741475e-02	8.387416e-02	0.000000e+00	-3.562981e+03	2.095477e+05
3.581900e-01	2.110152e+05	-1.751473e-02	8.416947e-02	0.000000e+00	-3.672534e+03	2.146878e+05
3.593800e-01	2.156120e+05	-1.761507e-02	8.447159e-02	0.000000e+00	-2.526983e+03	2.181389e+05
3.605700e-01	2.075230e+05	-1.771578e-02	8.477124e-02	0.000000e+00	-3.051525e+03	2.105746e+05
3.617600e-01	1.819289e+05	-1.781683e-02	8.504704e-02	0.000000e+00	-6.428325e+03	1.883572e+05
3.629500e-01	2.029253e+05	-1.791819e-02	8.531958e-02	0.000000e+00	-2.581833e+03	2.055071e+05
3.641400e-01	1.998233e+05	-1.801989e-02	8.560479e-02	0.000000e+00	-1.905011e+03	2.017283e+05
3.653300e-01	2.115003e+05	-1.812193e-02	8.589607e-02	0.000000e+00	-2.743325e+03	2.142436e+05
3.665200e-01	1.863384e+05	-1.822432e-02	8.617781e-02	0.000000e+00	-3.122248e+03	1.894607e+05
3.677100e-01	1.921585e+05	-1.832703e-02	8.644585e-02	0.000000e+00	-4.166624e+03	1.963251e+05
3.689000e-01	2.178172e+05	-1.843006e-02	8.673618e-02	0.000000e+00	-4.221518e+03	2.220388e+05
3.700900e-01	2.076293e+05	-1.853346e-02	8.703746e-02	0.000000e+00	-4.320722e+03	2.119500e+05
3.712800e-01	2.124419e+05	-1.863721e-02	8.733494e-02	0.000000e+00	-5.185321e+03	2.176272e+05
3.724700e-01	1.925275e+05	-1.874132e-02	8.762173e-02	0.000000e+00	-4.551270e+03	1.970787e+05
3.736600e-01	1.997751e+05	-1.884575e-02	8.789954e-02	0.000000e+00	-2.491840e+03	2.022669e+05
3.748500e-01	1.922004e+05	-1.895052e-02	8.817713e-02	0.000000e+00	-2.806256e+03	1.950067e+05
3.760400e-01	1.949754e+05	-1.905561e-02	8.845131e-02	0.000000e+00	-2.517297e+03	1.974927e+05
3.772300e-01	1.942367e+05	-1.916104e-02	8.872694e-02	0.000000e+00	-5.743590e+03	1.999803e+05
3.784200e-01	1.862988e+05	-1.926678e-02	8.899642e-02	0.000000e+00	-5.013451e+03	1.913123e+05
3.796100e-01	1.930957e+05	-1.937285e-02	8.926509e-02	0.000000e+00	-3.998029e+03	1.970937e+05
3.808000e-01	1.872363e+05	-1.947924e-02	8.953443e-02	0.000000e+00	-1.323093e+03	1.885594e+05
3.819900e-01	2.062738e+05	-1.958594e-02	8.981310e-02	0.000000e+00	-1.942340e+03	2.082162e+05
3.831800e-01	2.073243e+05	-1.969299e-02	9.010600e-02	0.000000e+00	-2.226278e+03	2.095506e+05
3.843700e-01	2.072740e+05	-1.980039e-02	9.039960e-02	0.000000e+00	-1.111120e+03	2.083851e+05
3.855600e-01	2.073275e+05	-1.990814e-02	9.069321e-02	0.000000e+00	-1.452176e+03	2.087797e+05
3.867500e-01	2.111188e+05	-2.001624e-02	9.098953e-02	0.000000e+00	-5.929067e+03	2.170478e+05
3.879400e-01	2.041334e+05	-2.012470e-02	9.128360e-02	0.000000e+00	-6.761680e+03	2.108951e+05
3.891300e-01	2.087202e+05	-2.023350e-02	9.157597e-02	0.000000e+00	-4.399649e+03	2.131198e+05
3.903200e-01	2.125430e+05	-2.034265e-02	9.187429e-02	0.000000e+00	-3.440667e+03	2.159836e+05
3.915100e-01	2.061062e+05	-2.045216e-02	9.217077e-02	0.000000e+00	-1.406293e+03	2.075125e+05
3.927000e-01	1.961398e+05	-2.056201e-02	9.245562e-02	0.000000e+00	-2.053232e+03	1.981931e+05
3.938900e-01	2.202787e+05	-2.067220e-02	9.275052e-02	0.000000e+00	-3.306013e+03	2.235847e+05
3.950800e-01	2.048560e+05	-2.078276e-02	9.305158e-02	0.000000e+00	-3.636234e+03	2.084922e+05
3.962700e-01	1.851636e+05	-2.089366e-02	9.332778e-02	0.000000e+00	-4.570001e+03	1.897336e+05
3.974600e-01	1.829173e+05	-2.100488e-02	9.358844e-02	0.000000e+00	-4.026356e+03	1.869437e+05
3.986500e-01	2.088332e+05	-2.111640e-02	9.386586e-02	0.000000e+00	-2.563751e+03	2.113970e+05
3.998400e-01	2.005028e+05	-2.122828e-02	9.415574e-02	0.000000e+00	-5.451498e+03	2.059543e+05
4.010300e-01	2.173285e+05	-2.134050e-02	9.445164e-02	0.000000e+00	-5.586185e+03	2.229147e+05
4.022200e-01	2.054270e+05	-2.145308e-02	9.475102e-02	0.000000e+00	-4.053480e+03	2.094805e+05
4.034100e-01	1.884077e+05	-2.156600e-02	9.502992e-02	0.000000e+00	-3.245949e+03	1.916537e+05
4.046000e-01	1.877645e+05	-2.167925e-02	9.529631e-02	0.000000e+00	-3.395087e+03	1.911596e+05
4.057900e-01	1.855887e+05	-2.179281e-02	9.556070e-02	0.000000e+00	-3.566043e+03	1.891547e+05
4.069800e-01	1.975908e+05	-2.190668e-02	9.583206e-02	0.000000e+00	-4.868194e+03	2.024590e+05
4.081700e-01	2.142449e+05	-2.202089e-02	9.612370e-02	0.000000e+00	-2.411813e+03	2.166567e+05
4.093600e-01	2.063746e+05	-2.213546e-02	9.642157e-02	0.000000e+00	-3.673820e+03	2.100485e+05
4.105500e-01	2.097433e+05	-2.225037e-02	9.671625e-02	0.000000e+00	-5.095052e+03	2.148383e+05
4.117400e-01	2.034634e+05	-2.236564e-02	9.700887e-02	0.000000e+00	-2.069710e+03	2.055331e+05
4.129300e-01	2.082571e+05	-2.248125e-02	9.730044e-02	0.000000e+00	-1.625423e+03	2.098825e+05
4.141200e-01	2.011746e+05	-2.259722e-02	9.759038e-02	0.000000e+00	-7.412026e+02	2.019158e+05
4.153100e-01	2.079571e+05	-2.271352e-02	9.788011e-02	0.000000e+00	-4.200977e+03	2.121581e+05
4.165000e-01	1.925057e+05	-2.283017e-02	9.816371e-02	0.000000e+00	-5.698394e+03	1.982040e+05
4.176900e-01	2.082195e+05	-2.294715e-02	9.844749e-02	0.000000e+00	-4.595161e+03	2.128147e+05
4.188800e-01	2.182226e+05	-2.306448e-02	9.874948e-02	0.000000e+00	-2.790262e+03	2.210129e+05
4.200700e-01	2.138445e+05	-2.318217e-02	9.905545e-02	0.000000e+00	-2.932770e+03	2.167772e+05
4.212600e-01	1.846065e+05	-2.330023e-02	9.933762e-02	0.000000e+00	-4.253230e+03	1.888597e+05
4.224500e-01	2.138381e+05	-2.341859e-02	9.961979e-02	0.000000e+00	-2.639061e+03	2.164772e+05
4.236400e-01	2.065136e+05	-2.353732e-02	9.991747e-02	0.000000e+00	-2.933917e+03	2.094475e+05
4.248300e-01	1.971896e+05	-2.365640e-02	1.002034e-01	0.000000e+00	-4.248361e+03	2.014380e+05
4.260200e-01	2.011679e+05	-2.377581e-02	1.004855e-01	0.000000e+00	-5.187713e+03	2.063557e+05
4.272100e-01	1.999727e+05	-2.389555e-02	1.007695e-01	0.000000e+00	-2.795633e+03	2.027683e+05
4.284000e-01	2.070111e+05	-2.401564e-02	1.010577e-01	0.000000e+00	-1.928531e+03	2.089396e+05
4.295900e-01	2.080671e+05	-2.413607e-02	1.013517e-01	0.000000e+00	-2.796710e+03	2.108638e+05
4.307800e-01	1.976456e+05	-2.425685e-02	1.016390e-01	0.000000e+00	-1.460940e+03	1.991065e+05
4.319700e-01	2.014512e+05	-2.437797e-02	1.019216e-01	0.000000e+00	-3.143603e+03	2.045948e+05
4.331600e-01	1.994995e+05	-2.449943e-02	1.022056e-01	0.000000e+00	-3.905708e+03	2.034052e+05
4.343500e-01	1.921937e+05	-2.462122e-02	1.024829e-01	0.000000e+00	-3.494627e+03	1.956883e+05
4.355400e-01	2.163417e+05	-2.474334e-02	1.027723e-01	0.000000e+00	-3.321012e+03	2.196627e+05
4.367300e-01	1.890990e+05	-2.486582e-02	1.030594e-01	0.000000e+00	-4.078944e+03	1.931780e+05
4.379200e-01	2.180964e+05	-2.498862e-02	1.033477e-01	0.000000e+00	-3.368826e+03	2.214652e+05
4.391100e-01	2.262279e+05	-2.511179e-02	1.036624e-01	0.000000e+00	-2.260499e+03	2.284884e+05
4.403000e-01	2.216850e+05	-2.523534e-02	1.039796e-01	0.000000e+00	-2.505099e+03	2.241901e+05
4.414900e-01	1.930097e+05	-2.535926e-02	1.042733e-01	0.000000e+00	-2.535794e+03	1.955455e+05
4.426800e-01	1.897907e+05	-2.548351e-02	1.045443e-01	0.000000e+00	-2.026225e+03	1.918169e+05
4.438700e-01	1.982904e+05	-2.560807e-02	1.048192e-01	0.000000e+00	-1.634842e+03	1.999252e+05
4.450600e-01	2.015204e+05	-2.573298e-02	1.051023e-01	0.000000e+00	-3.735166e+03	2.052555e+05
4.462500e-01	1.900723e+05	-2.585822e-02	1.053796e-01	0.000000e+00	-5.196607e+03	1.952689e+05
4.474400e-01	2.028870e+05	-2.598378e-02	1.056579e-01	0.000000e+00	-1.924533e+03	2.048115e+05
4.486300e-01	1.934068e+05	-2.610968e-02	1.059385e-01	0.000000e+00	-1.014893e+03	1.944217e+05
4.498200e-01	2.031394e+05	-2.623591e-02	1.062194e-01	0.000000e+00	-3.442493e+03	2.065819e+05
4.510100e-01	2.065791e+05	-2.636249e-02	1.065095e-01	0.000000e+00	-4.410832e+03	2.109899e+05
4.522000e-01	2.233702e+05	-2.648941e-02	1.068140e-01	0.000000e+00	-2.513626e+03	2.258838e+05
4.533900e-01	2.215286e+05	-2.661670e-02	1.071290e-01	0.000000e+00	-2.717672e+03	2.242462e+05
4.545800e-01	2.192062e+05	-2.674437e-02	1.074412e-01	0.000000e+00	-2.156429e+03	2.213626e+05
4.557700e-01	2.303053e+05	-2.687241e-02	1.077595e-01	0.000000e+00	-2.566125e+03	2.328714e+05
4.569600e-01	2.214415e+05	-2.700084e-02	1.080794e-01	0.000000e+00	-3.352355e+03	2.247939e+05
4.581500e-01	2.125067e+05	-2.712964e-02	1.083867e-01	0.000000e+00	-4.145637e+03	2.166523e+05
4.593400e-01	1.914256e+05	-2.725880e-02	1.086727e-01	0.000000e+00	-4.723044e+03	1.961486e+05
4.605300e-01	2.037242e+05	-2.738828e-02	1.089526e-01	0.000000e+00	-3.400757e+03	2.071250e+05
4.617200e-01	2.112054e+05	-2.751811e-02	1.092464e-01	0.000000e+00	-1.105793e+03	2.123112e+05
4.629100e-01	2.088278e+05	-2.764829e-02	1.095439e-01	0.000000e+00	-1.914213e+03	2.107420e+05
4.641000e-01	2.107022e+05	-2.777882e-02	1.098410e-01	0.000000e+00	-4.051967e+03	2.147542e+05
4.652900e-01	2.099445e+05	-2.790971e-02	1.101389e-01	0.000000e+00	-1.602124e+03	2.115466e+05
4.664800e-01	2.058210e+05	-2.804095e-02	1.104333e-01	0.000000e+00	-2.500297e+03	2.083213e+05
4.676700e-01	2.078186e+05	-2.817254e-02	1.107262e-01	0.000000e+00	-3.509076e+03	2.113277e+05
4.688600e-01	2.079583e+05	-2.830448e-02	1.110206e-01	0.000000e+00	-4.211349e+03	2.121697e+05
4.700500e-01	2.069842e+05	-2.843677e-02	1.113145e-01	0.000000e+00	-2.035063e+03	2.090192e+05
4.712400e-01	2.073949e+05	-2.856941e-02	1.116079e-01	0.000000e+00	-2.613624e+03	2.100085e+05
4.724300e-01	2.010702e+05	-2.870240e-02	1.118972e-01	0.000000e+00	-1.697977e+03	2.027682e+05
4.736200e-01	2.104737e+05	-2.883572e-02	1.121886e-01	0.000000e+00	-3.196733e+03	2.136705e+05
4.748100e-01	2.068108e+05	-2.896941e-02	1.124842e-01	0.000000e+00	-4.533550e+03	2.113444e+05
4.760000e-01	2.090392e+05	-2.910344e-02	1.127786e-01	0.000000e+00	-3.438710e+03	2.124779e+05
4.771900e-01	2.066173e+05	-2.923782e-02	1.130730e-01	0.000000e+00	-4.213046e+03	2.108303e+05
4.783800e-01	1.940143e+05	-2.937255e-02	1.133567e-01	0.000000e+00	-3.460637e+03	1.974749e+05
4.795700e-01	1.995365e+05	-2.950761e-02	1.136354e-01	0.000000e+00	-4.159854e+03	2.036964e+05
4.807600e-01	2.076347e+05	-2.964300e-02	1.139238e-01	0.000000e+00	-4.061405e+03	2.116961e+05
4.819500e-01	1.999459e+05	-2.977875e-02	1.142124e-01	0.000000e+00	-5.167079e+03	2.051130e+05
4.831400e-01	1.872397e+05	-2.991483e-02	1.144866e-01	0.000000e+00	-6.059644e+03	1.932994e+05
4.843300e-01	2.025989e+05	-3.005123e-02	1.147626e-01	0.000000e+00	-3.179884e+03	2.057788e+05
4.855200e-01	2.116282e+05	-3.018796e-02	1.150560e-01	0.000000e+00	-1.456695e+03	2.130849e+05
4.867100e-01	2.308715e+05	-3.032506e-02	1.153694e-01	0.000000e+00	-3.339856e+03	2.342113e+05
4.879000e-01	2.178321e+05	-3.046254e-02	1.156871e-01	0.000000e+00	-3.007421e+03	2.208395e+05
4.890900e-01	2.188380e+05	-3.060039e-02	1.159963e-01	0.000000e+00	-2.261996e+03	2.211000e+05
4.902800e-01	2.196950e+05	-3.073861e-02	1.163069e-01	0.000000e+00	-1.350208e+03	2.210452e+05
4.914700e-01	2.087419e+05	-3.087720e-02	1.166103e-01	0.000000e+00	-1.508130e+03	2.102501e+05
4.926600e-01	2.224147e+05	-3.101615e-02	1.169156e-01	0.000000e+00	-3.372793e+03	2.257875e+05
4.938500e-01	2.278231e+05	-3.115546e-02	1.172345e-01	0.000000e+00	-1.645521e+03	2.294686e+05
4.950400e-01	2.146324e+05	-3.129516e-02	1.175478e-01	0.000000e+00	-1.130796e+03	2.157631e+05
4.962300e-01	2.256742e+05	-3.143523e-02	1.178596e-01	0.000000e+00	-1.169281e+03	2.268435e+05
4.974200e-01	2.128445e+05	-3.157567e-02	1.181702e-01	0.000000e+00	-2.921407e+03	2.157659e+05
4.986100e-01	1.892351e+05	-3.171647e-02	1.184549e-01	0.000000e+00	-4.308484e+03	1.935436e+05
4.998000e-01	1.973591e+05	-3.185759e-02	1.187287e-01	0.000000e+00	-2.392230e+03	1.997513e+05
5.009900e-01	2.257888e+05	-3.199905e-02	1.190283e-01	0.000000e+00	-4.470871e+03	2.302596e+05
5.021800e-01	2.236614e+05	-3.214088e-02	1.193466e-01	0.000000e+00	-6.070117e+03	2.297315e+05
5.033700e-01	2.211830e+05	-3.228309e-02	1.196616e-01	0.000000e+00	-1.414411e+03	2.225974e+05
5.045600e-01	2.259412e+05	-3.242568e-02	1.199783e-01	0.000000e+00	-1.549239e+03	2.274905e+05
5.057500e-01	2.133947e+05	-3.256864e-02	1.202894e-01	0.000000e+00	-4.976792e+03	2.183715e+05
5.069400e-01	2.304447e+05	-3.271196e-02	1.206037e-01	0.000000e+00	-2.220855e+03	2.326656e+05
5.081300e-01	2.304724e+05	-3.285568e-02	1.209301e-01	0.000000e+00	-6.288563e+02	2.311013e+05
5.093200e-01	2.095418e+05	-3.299978e-02	1.212417e-01	0.000000e+00	-2.266242e+03	2.118080e+05
5.105100e-01	1.973514e+05	-3.314423e-02	1.215299e-01	0.000000e+00	-1.145947e+03	1.984974e+05
5.117000e-01	1.936783e+05	-3.328902e-02	1.218068e-01	0.000000e+00	-3.027504e+03	1.967058e+05
5.128900e-01	2.095999e+05	-3.343413e-02	1.220924e-01	0.000000e+00	-3.804070e+03	2.134039e+05
5.140800e-01	2.191780e+05	-3.357960e-02	1.223960e-01	0.000000e+00	-2.655976e+03	2.218340e+05
5.152700e-01	2.117120e+05	-3.372543e-02	1.227011e-01	0.000000e+00	-2.257346e+03	2.139693e+05
5.164600e-01	2.308101e+05	-3.387163e-02	1.230145e-01	0.000000e+00	-3.037165e+03	2.338473e+05
5.176500e-01	2.404750e+05	-3.401821e-02	1.233483e-01	0.000000e+00	-2.730055e+03	2.432051e+05
5.188400e-01	2.146215e+05	-3.416520e-02	1.236706e-01	0.000000e+00	-3.199253e+03	2.178207e+05
5.200300e-01	2.150267e+05	-3.431254e-02	1.239748e-01	0.000000e+00	-3.415170e+03	2.184418e+05
5.212200e-01	2.006186e+05	-3.446026e-02	1.242692e-01	0.000000e+00	-6.174262e+03	2.067929e+05
5.224100e-01	2.069332e+05	-3.460831e-02	1.245578e-01	0.000000e+00	-3.015130e+03	2.099483e+05
5.236000e-01	2.201588e+05	-3.475670e-02	1.248602e-01	0.000000e+00	-3.405556e+03	2.235643e+05
5.247900e-01	2.249350e+05	-3.490547e-02	1.251754e-01	0.000000e+00	-3.260169e+03	2.281952e+05
5.259800e-01	2.269586e+05	-3.505462e-02	1.254954e-01	0.000000e+00	-3.297613e+03	2.302562e+05
5.271700e-01	2.233863e+05	-3.520415e-02	1.258144e-01	0.000000e+00	-1.075655e+03	2.244620e+05
5.283600e-01	2.173950e+05	-3.535406e-02	1.261265e-01	0.000000e+00	-1.605046e+03	2.190001e+05
5.295500e-01	2.004109e+05	-3.550433e-02	1.264224e-01	0.000000e+00	-1.907664e+03	2.023186e+05
5.307400e-01	1.930136e+05	-3.565494e-02	1.267010e-01	0.000000e+00	-3.358765e+03	1.963723e+05
5.319300e-01	2.053551e+05	-3.580588e-02	1.269831e-01	0.000000e+00	-3.022474e+03	2.083776e+05
5.331200e-01	2.231461e+05	-3.595716e-02	1.272866e-01	0.000000e+00	-1.030422e+03	2.241765e+05
5.343100e-01	2.132292e+05	-3.610882e-02	1.275956e-01	0.000000e+00	-3.132432e+03	2.163616e+05
5.355000e-01	2.146523e+05	-3.626084e-02	1.278986e-01	0.000000e+00	-4.619219e+03	2.192715e+05
5.366900e-01	2.176098e+05	-3.641322e-02	1.282047e-01	0.000000e+00	-5.952484e+03	2.235623e+05
5.378800e-01	2.133429e+05	-3.656597e-02	1.285099e-01	0.000000e+00	-4.692761e+03	2.180357e+05
5.390700e-01	2.218738e+05	-3.671908e-02	1.288181e-01	0.000000e+00	-3.112516e+03	2.249863e+05
5.402600e-01	2.070965e+05	-3.687256e-02	1.291219e-01	0.000000e+00	-3.672354e+03	2.107688e+05
5.414500e-01	2.047604e+05	-3.702639e-02	1.294135e-01	0.000000e+00	-2.472707e+03	2.072331e+05
5.426400e-01	1.976264e+05	-3.718056e-02	1.296985e-01	0.000000e+00	-1.724405e+03	1.993508e+05
5.438300e-01	2.041879e+05	-3.733507e-02	1.299830e-01	0.000000e+00	-1.153767e+03	2.053416e+05
5.450200e-01	2.194775e+05	-3.748992e-02	1.302831e-01	0.000000e+00	-2.304122e+03	2.217816e+05
5.462100e-01	2.261444e+05	-3.764514e-02	1.305986e-01	0.000000e+00	-2.212505e+03	2.283569e+05
5.474000e-01	2.364639e+05	-3.780074e-02	1.309262e-01	0.000000e+00	-1.245372e+03	2.377093e+05
5.485900e-01	2.143565e+05	-3.795675e-02	1.312455e-01	0.000000e+00	-3.111221e+03	2.174678e+05
5.497800e-01	2.341719e+05	-3.811311e-02	1.315631e-01	0.000000e+00	-1.379512e+03	2.355514e+05
5.509700e-01	2.113214e+05	-3.826987e-02	1.318786e-01	0.000000e+00	-3.607980e+03	2.149294e+05
5.521600e-01	2.191116e+05	-3.842698e-02	1.321834e-01	0.000000e+00	-2.465651e+03	2.215773e+05
5.533500e-01	2.099323e+05	-3.858446e-02	1.324873e-01	0.000000e+00	-4.922650e+03	2.148549e+05
5.545400e-01	2.288115e+05	-3.874230e-02	1.327980e-01	0.000000e+00	-4.071193e+03	2.328827e+05
5.557300e-01	2.219820e+05	-3.890052e-02	1.331172e-01	0.000000e+00	-2.871017e+03	2.248530e+05
5.569200e-01	2.137152e+05	-3.905912e-02	1.334258e-01	0.000000e+00	-3.152172e+03	2.168674e+05
5.581100e-01	2.206538e+05	-3.921808e-02	1.337334e-01	0.000000e+00	-1.531487e+03	2.221852e+05
5.593000e-01	2.193963e+05	-3.937740e-02	1.340450e-01	0.000000e+00	-2.612514e+03	2.220088e+05
5.604900e-01	2.075133e+05	-3.953710e-02	1.343473e-01	0.000000e+00	-4.420070e+03	2.119334e+05
5.616800e-01	2.008719e+05	-3.969715e-02	1.346365e-01	0.000000e+00	-1.828798e+03	2.027007e+05
5.628700e-01	2.094601e+05	-3.985754e-02	1.349271e-01	0.000000e+00	-1.126929e+03	2.105871e+05
5.640600e-01	1.925148e+05	-4.001828e-02	1.352118e-01	0.000000e+00	-3.470624e+03	1.959854e+05
5.652500e-01	2.089702e+05	-4.017934e-02	1.354961e-01	0.000000e+00	-1.284800e+03	2.102550e+05
5.664400e-01	2.228559e+05	-4.034076e-02	1.358019e-01	0.000000e+00	-2.075486e+03	2.249314e+05
5.676300e-01	1.995688e+05	-4.050255e-02	1.361010e-01	0.000000e+00	-4.379482e+03	2.039483e+05
5.688200e-01	1.902809e+05	-4.066468e-02	1.363771e-01	0.000000e+00	-4.882919e+03	1.951638e+05
5.700100e-01	1.987268e+05	-4.082713e-02	1.366526e-01	0.000000e+00	-3.872325e+03	2.025991e+05
5.712000e-01	2.216384e+05	-4.098991e-02	1.369503e-01	0.000000e+00	-3.376902e+03	2.250153e+05
5.723900e-01	2.162920e+05	-4.115307e-02	1.372604e-01	0.000000e+00	-3.214594e+03	2.195066e+05
5.735800e-01	2.348734e+05	-4.131659e-02	1.375799e-01	0.000000e+00	-3.387236e+03	2.382607e+05
5.747700e-01	2.215342e+05	-4.148051e-02	1.379031e-01	0.000000e+00	-3.267610e+03	2.248019e+05
5.759600e-01	2.194944e+05	-4.164480e-02	1.382154e-01	0.000000e+00	-1.566191e+03	2.210606e+05
5.771500e-01	2.107616e+05	-4.180946e-02	1.385201e-01	0.000000e+00	-9.587144e+02	2.117203e+05
5.783400e-01	2.158504e+05	-4.197448e-02	1.388222e-01	0.000000e+00	-2.727262e+03	2.185777e+05
5.795300e-01	2.123690e+05	-4.213986e-02	1.391255e-01	0.000000e+00	-7.450591e+02	2.131141e+05
5.807200e-01	2.246793e+05	-4.230560e-02	1.394350e-01	0.000000e+00	-1.173919e+03	2.258532e+05
5.819100e-01	2.132409e+05	-4.247171e-02	1.397451e-01	0.000000e+00	-4.396953e+03	2.176378e+05
5.831000e-01	2.143224e+05	-4.263819e-02	1.400479e-01	0.000000e+00	-1.184632e+03	2.155071e+05
5.842900e-01	2.024727e+05	-4.280503e-02	1.403431e-01	0.000000e+00	-1.863409e+03	2.043361e+05
5.854800e-01	2.110374e+05	-4.297221e-02	1.406359e-01	0.000000e+00	-6.382977e+02	2.116757e+05
5.866700e-01	1.863105e+05	-4.313974e-02	1.409173e-01	0.000000e+00	-2.485144e+03	1.887956e+05
5.878600e-01	1.744732e+05	-4.330759e-02	1.411728e-01	0.000000e+00	-2.448260e+03	1.769214e+05
5.890500e-01	2.042487e+05	-4.347573e-02	1.414410e-01	0.000000e+00	-4.054542e+03	2.083032e+05
5.902400e-01	2.300517e+05	-4.364422e-02	1.417485e-01	0.000000e+00	-2.303754e+03	2.323555e+05
5.914300e-01	2.302764e+05	-4.381309e-02	1.420745e-01	0.000000e+00	-3.670840e+03	2.339472e+05
5.926200e-01	2.129314e+05	-4.398236e-02	1.423884e-01	0.000000e+00	-5.624121e+03	2.185555e+05
5.938100e-01	2.171226e+05	-4.415198e-02	1.426929e-01	0.000000e+00	-1.331586e+03	2.184542e+05
5.950000e-01	2.244949e+05	-4.432197e-02	1.430057e-01	0.000000e+00	-2.299550e+03	2.267945e+05
5.961900e-01	2.149720e+05	-4.449233e-02	1.433169e-01	0.000000e+00	-2.148597e+03	2.171206e+05
5.973800e-01	2.205614e+05	-4.466306e-02	1.436253e-01	0.000000e+00	-3.455395e+03	2.240168e+05
5.985700e-01	2.026434e+05	-4.483416e-02	1.439250e-01	0.000000e+00	-5.603023e+03	2.082464e+05
5.997600e-01	2.058138e+05	-4.500560e-02	1.442143e-01	0.000000e+00	-3.646057e+03	2.094599e+05
6.009500e-01	2.050975e+05	-4.517739e-02	1.445052e-01	0.000000e+00	-3.123857e+03	2.082213e+05
6.021400e-01	2.141435e+05	-4.534952e-02	1.448021e-01	0.000000e+00	-3.723125e+03	2.178666e+05
6.033300e-01	2.042122e+05	-4.552202e-02	1.450984e-01	0.000000e+00	-1.313997e+03	2.055262e+05
6.045200e-01	2.157752e+05	-4.569486e-02	1.453958e-01	0.000000e+00	-1.545495e+03	2.173207e+05
6.057100e-01	2.100638e+05	-4.586806e-02	1.456974e-01	0.000000e+00	-2.832058e+03	2.128958e+05
6.069000e-01	2.108255e+05	-4.604162e-02	1.459954e-01	0.000000e+00	-4.131324e+03	2.149568e+05
6.080900e-01	2.037188e+05	-4.621553e-02	1.462890e-01	0.000000e+00	-3.897552e+03	2.076164e+05
6.092800e-01	2.168433e+05	-4.638979e-02	1.465868e-01	0.000000e+00	-3.285711e+03	2.201290e+05
6.104700e-01	2.328743e+05	-4.656441e-02	1.469053e-01	0.000000e+00	-8.770809e+01	2.329620e+05
6.116600e-01	2.312668e+05	-4.673942e-02	1.472340e-01	0.000000e+00	-1.920513e+03	2.331873e+05
6.128500e-01	2.069726e+05	-4.691482e-02	1.475444e-01	0.000000e+00	-2.587010e+03	2.095596e+05
6.140400e-01	2.172676e+05	-4.709058e-02	1.478448e-01	0.000000e+00	-2.883103e+03	2.201507e+05
6.152300e-01	2.199853e+05	-4.726669e-02	1.481544e-01	0.000000e+00	-2.349750e+03	2.223350e+05
6.164200e-01	2.252136e+05	-4.744318e-02	1.484697e-01	0.000000e+00	-2.680452e+03	2.278941e+05
6.176100e-01	2.083154e+05	-4.762005e-02	1.487767e-01	0.000000e+00	-3.620014e+03	2.119354e+05
6.188000e-01	1.953561e+05	-4.779727e-02	1.490626e-01	0.000000e+00	-2.446553e+03	1.978026e+05
6.199900e-01	2.093390e+05	-4.797482e-02	1.493492e-01	0.000000e+00	-8.404074e+02	2.101795e+05
6.211800e-01	2.323937e+05	-4.815272e-02	1.496620e-01	0.000000e+00	-2.920755e+03	2.353144e+05
6.223700e-01	2.372730e+05	-4.833102e-02	1.499946e-01	0.000000e+00	-2.201721e+03	2.394747e+05
6.235600e-01	2.256180e+05	-4.850971e-02	1.503224e-01	0.000000e+00	-9.236378e+02	2.265416e+05
6.247500e-01	2.277557e+05	-4.868878e-02	1.506435e-01	0.000000e+00	-2.481585e+03	2.302373e+05
6.259400e-01	2.148693e+05	-4.886824e-02	1.509569e-01	0.000000e+00	-5.271440e+03	2.201407e+05
6.271300e-01	2.204743e+05	-4.904806e-02	1.512652e-01	0.000000e+00	-2.167176e+03	2.226415e+05
6.283200e-01	2.289651e+05	-4.922825e-02	1.515835e-01	0.000000e+00	-2.477538e+03	2.314426e+05
6.295100e-01	2.202427e+05	-4.940883e-02	1.519016e-01	0.000000e+00	-3.164292e+03	2.234070e+05
6.307000e-01	2.143466e+05	-4.958978e-02	1.522094e-01	0.000000e+00	-4.613220e+03	2.189598e+05
6.318900e-01	2.138676e+05	-4.977109e-02	1.525126e-01	0.000000e+00	-2.550981e+03	2.164186e+05
6.330800e-01	2.044371e+05	-4.995276e-02	1.528088e-01	0.000000e+00	-2.312075e+03	2.067492e+05
6.342700e-01	2.156189e+05	-5.013477e-02	1.531063e-01	0.000000e+00	-1.735067e+03	2.173540e+05
6.354600e-01	2.145912e+05	-5.031715e-02	1.534110e-01	0.000000e+00	-2.713157e+03	2.173043e+05
6.366500e-01	2.092513e+05	-5.049989e-02	1.537111e-01	0.000000e+00	-1.923083e+03	2.111744e+05
6.378400e-01	2.264197e+05	-5.068298e-02	1.540196e-01	0.000000e+00	-1.622437e+03	2.280421e+05
6.390300e-01	2.184025e+05	-5.086646e-02	1.543346e-01	0.000000e+00	-1.138346e+03	2.195409e+05
6.402200e-01	2.185963e+05	-5.105030e-02	1.546441e-01	0.000000e+00	-8.979733e+02	2.194942e+05
6.414100e-01	2.276023e+05	-5.123451e-02	1.549601e-01	0.000000e+00	-1.525034e+03	2.291274e+05
6.426000e-01	2.104588e+05	-5.141911e-02	1.552703e-01	0.000000e+00	-2.517790e+03	2.129766e+05
6.437900e-01	2.147520e+05	-5.160405e-02	1.555714e-01	0.000000e+00	-3.124552e+03	2.178766e+05
6.449800e-01	2.032813e+05	-5.178937e-02	1.558675e-01	0.000000e+00	-3.062926e+03	2.063442e+05
6.461700e-01	1.989451e+05	-5.197502e-02	1.561523e-01	0.000000e+00	-3.538078e+03	2.024832e+05
6.473600e-01	2.200877e+05	-5.216101e-02	1.564491e-01	0.000000e+00	-4.477936e+03	2.245657e+05
6.485500e-01	2.219712e+05	-5.234737e-02	1.567621e-01	0.000000e+00	-4.474672e+03	2.264459e+05
6.497400e-01	2.193263e+05	-5.253410e-02	1.570746e-01	0.000000e+00	-3.439013e+03	2.227653e+05
6.509300e-01	2.326562e+05	-5.272121e-02	1.573947e-01	0.000000e+00	-7.926698e+02	2.334489e+05
6.521200e-01	2.183119e+05	-5.290870e-02	1.577141e-01	0.000000e+00	0.000000e+00	2.183119e+05
6.533100e-01	2.032613e+05	-5.309657e-02	1.580126e-01	0.000000e+00	-3.133596e+03	2.063949e+05
6.545000e-01	2.192507e+05	-5.328477e-02	1.583118e-01	0.000000e+00	-2.937632e+03	2.221884e+05
6.556900e-01	2.155790e+05	-5.347335e-02	1.586197e-01	0.000000e+00	-2.807794e+03	2.183868e+05
6.568800e-01	2.231792e+05	-5.366229e-02	1.589304e-01	0.000000e+00	-1.343513e+03	2.245228e+05
6.580700e-01	2.136546e+05	-5.385160e-02	1.592398e-01	0.000000e+00	-1.542171e+03	2.151968e+05
6.592600e-01	2.251581e+05	-5.404128e-02	1.595506e-01	0.000000e+00	-5.708563e+02	2.257290e+05
6.604500e-01	2.150248e+05	-5.423133e-02	1.598623e-01	0.000000e+00	-2.841024e+03	2.178659e+05
6.616400e-01	2.245634e+05	-5.442175e-02	1.601736e-01	0.000000e+00	-2.433033e+03	2.269964e+05
6.628300e-01	2.057074e+05	-5.461255e-02	1.604783e-01	0.000000e+00	-1.253678e+03	2.069610e+05
6.640200e-01	1.860930e+05	-5.480369e-02	1.607557e-01	0.000000e+00	-3.528363e+03	1.896213e+05
6.652100e-01	2.142858e+05	-5.499514e-02	1.610393e-01	0.000000e+00	-1.449948e+03	2.157357e+05
6.664000e-01	2.321866e+05	-5.518696e-02	1.613554e-01	0.000000e+00	-2.759350e+03	2.349460e+05
6.675900e-01	2.153586e+05	-5.537917e-02	1.616724e-01	0.000000e+00	-1.785505e+03	2.171441e+05
6.687800e-01	2.208620e+05	-5.557174e-02	1.619813e-01	0.000000e+00	-2.818217e+03	2.236803e+05
6.699700e-01	2.156334e+05	-5.576469e-02	1.622904e-01	0.000000e+00	-2.524064e+03	2.181574e+05
6.711600e-01	2.326498e+05	-5.595799e-02	1.626079e-01	0.000000e+00	-1.370764e+03	2.340206e+05
6.723500e-01	2.328943e+05	-5.615169e-02	1.629375e-01	0.000000e+00	-7.504850e+02	2.336447e+05
6.735400e-01	2.039208e+05	-5.634578e-02	1.632469e-01	0.000000e+00	-2.917286e+03	2.068381e+05
6.747300e-01	2.158645e+05	-5.654022e-02	1.635442e-01	0.000000e+00	-3.086420e+03	2.189509e+05
6.759200e-01	2.175790e+05	-5.673502e-02	1.638511e-01	0.000000e+00	-1.640828e+03	2.192198e+05
6.771100e-01	2.198572e+05	-5.693019e-02	1.641609e-01	0.000000e+00	-1.872019e+03	2.217292e+05
6.783000e-01	1.974608e+05	-5.712572e-02	1.644564e-01	0.000000e+00	-9.280490e+02	1.983889e+05
6.794900e-01	2.062170e+05	-5.732159e-02	1.647423e-01	0.000000e+00	-1.224029e+03	2.074410e+05
6.806800e-01	2.021626e+05	-5.751781e-02	1.650315e-01	0.000000e+00	-3.251557e+03	2.054142e+05
6.818700e-01	2.191556e+05	-5.771437e-02	1.653299e-01	0.000000e+00	-3.208356e+03	2.223640e+05
6.830600e-01	2.077781e+05	-5.791129e-02	1.656322e-01	0.000000e+00	-1.204498e+03	2.089825e+05
6.842500e-01	2.089621e+05	-5.810857e-02	1.659273e-01	0.000000e+00	-2.458971e+03	2.114211e+05
6.854400e-01	2.162032e+05	-5.830620e-02	1.662284e-01	0.000000e+00	-2.766026e+03	2.189693e+05
6.866300e-01	2.162312e+05	-5.850419e-02	1.665346e-01	0.000000e+00	-1.512465e+03	2.177436e+05
6.878200e-01	2.111578e+05	-5.870255e-02	1.668373e-01	0.000000e+00	-1.479342e+03	2.126372e+05
6.890100e-01	2.372394e+05	-5.890127e-02	1.671548e-01	0.000000e+00	-2.043155e+03	2.392825e+05
6.902000e-01	2.170635e+05	-5.910038e-02	1.674766e-01	0.000000e+00	-5.841699e+03	2.229052e+05
6.913900e-01	2.342432e+05	-5.929986e-02	1.677962e-01	0.000000e+00	-2.035947e+03	2.362791e+05
6.925800e-01	2.239504e+05	-5.949974e-02	1.681206e-01	0.000000e+00	-2.512996e+03	2.264634e+05
6.937700e-01	2.108567e+05	-5.969999e-02	1.684285e-01	0.000000e+00	-1.278512e+03	2.121352e+05
6.949600e-01	2.366516e+05	-5.990060e-02	1.687455e-01	0.000000e+00	-1.751075e+03	2.384027e+05
6.961500e-01	2.109441e+05	-6.010160e-02	1.690624e-01	0.000000e+00	-8.464745e+02	2.117905e+05
6.973400e-01	2.268278e+05	-6.030297e-02	1.693724e-01	0.000000e+00	-1.882252e+03	2.287101e+05
6.985300e-01	2.176591e+05	-6.050471e-02	1.696872e-01	0.000000e+00	-8.968263e+02	2.185560e+05
6.997200e-01	2.143455e+05	-6.070682e-02	1.699931e-01	0.000000e+00	-1.050943e+03	2.153964e+05
7.009100e-01	2.201134e+05	-6.090929e-02	1.703008e-01	0.000000e+00	-1.326109e+03	2.214395e+05
7.021000e-01	2.146972e+05	-6.111214e-02	1.706087e-01	0.000000e+00	-1.160365e+03	2.158575e+05
7.032900e-01	2.106219e+05	-6.131534e-02	1.709099e-01	0.000000e+00	-4.000574e+03	2.146225e+05
7.044800e-01	2.142163e+05	-6.151890e-02	1.712108e-01	0.000000e+00	-4.022918e+03	2.182392e+05
7.056700e-01	2.333416e+05	-6.172282e-02	1.715277e-01	0.000000e+00	-1.970335e+03	2.353119e+05
7.068600e-01	2.167764e+05	-6.192714e-02	1.718465e-01	0.000000e+00	-1.022633e+03	2.177990e+05
7.080500e-01	2.109686e+05	-6.213182e-02	1.721494e-01	0.000000e+00	-1.343414e+03	2.123120e+05
7.092400e-01	2.115834e+05	-6.233685e-02	1.724486e-01	0.000000e+00	-1.919146e+03	2.135026e+05
7.104300e-01	2.135830e+05	-6.254225e-02	1.727497e-01	0.000000e+00	-1.319469e+03	2.149025e+05
7.116200e-01	2.116268e+05	-6.274800e-02	1.730508e-01	0.000000e+00	-2.856018e+03	2.144828e+05
7.128100e-01	2.253323e+05	-6.295411e-02	1.733603e-01	0.000000e+00	-9.309132e+02	2.262633e+05
7.140000e-01	2.345715e+05	-6.316060e-02	1.736860e-01	0.000000e+00	-1.906206e+03	2.364777e+05
7.151900e-01	2.318352e+05	-6.336748e-02	1.740163e-01	0.000000e+00	-4.356390e+03	2.361916e+05
7.163800e-01	2.117102e+05	-6.357475e-02	1.743304e-01	0.000000e+00	-2.094089e+03	2.138043e+05
7.175700e-01	2.375216e+05	-6.378239e-02	1.746485e-01	0.000000e+00	-1.811699e+03	2.393333e+05
7.187600e-01	2.146690e+05	-6.399042e-02	1.749687e-01	0.000000e+00	-3.476370e+03	2.181454e+05
7.199500e-01	2.127266e+05	-6.419881e-02	1.752714e-01	0.000000e+00	-1.138637e+03	2.138653e+05
7.211400e-01	2.112364e+05	-6.440756e-02	1.755716e-01	0.000000e+00	-1.516277e+03	2.127527e+05
7.223300e-01	2.074487e+05	-6.461667e-02	1.758681e-01	0.000000e+00	-6.834820e+02	2.081322e+05
7.235200e-01	1.960857e+05	-6.482613e-02	1.761539e-01	0.000000e+00	-5.663295e+02	1.966520e+05
7.247100e-01	2.150537e+05	-6.503592e-02	1.764450e-01	0.000000e+00	-2.738422e+03	2.177921e+05
7.259000e-01	2.050264e+05	-6.524607e-02	1.767425e-01	0.000000e+00	-4.475627e+03	2.095021e+05
7.270900e-01	2.233825e+05	-6.545657e-02	1.770459e-01	0.000000e+00	-3.643001e+03	2.270255e+05
7.282800e-01	2.108666e+05	-6.566744e-02	1.773534e-01	0.000000e+00	-3.533514e+03	2.144001e+05
7.294700e-01	2.216412e+05	-6.587867e-02	1.776597e-01	0.000000e+00	-1.709855e+03	2.233511e+05
7.306600e-01	2.233366e+05	-6.609027e-02	1.779748e-01	0.000000e+00	-2.467847e+03	2.258044e+05
7.318500e-01	2.194675e+05	-6.630225e-02	1.782884e-01	0.000000e+00	-1.656557e+03	2.211240e+05
7.330400e-01	2.289945e+05	-6.651459e-02	1.786060e-01	0.000000e+00	-2.632120e+03	2.316267e+05
7.342300e-01	2.180394e+05	-6.672733e-02	1.789226e-01	0.000000e+00	-3.484853e+03	2.215243e+05
7.354200e-01	2.237746e+05	-6.694043e-02	1.792355e-01	0.000000e+00	-6.545426e+02	2.244291e+05
7.366100e-01	2.264933e+05	-6.715391e-02	1.795543e-01	0.000000e+00	-1.263335e+03	2.277566e+05
7.378000e-01	2.135609e+05	-6.736777e-02	1.798659e-01	0.000000e+00	-5.131257e+02	2.140740e+05
7.389900e-01	2.180078e+05	-6.758199e-02	1.801716e-01	0.000000e+00	-1.274142e+03	2.192820e+05
7.401800e-01	1.886132e+05	-6.779658e-02	1.804595e-01	0.000000e+00	-3.889516e+03	1.925027e+05
7.413700e-01	2.226679e+05	-6.801148e-02	1.807508e-01	0.000000e+00	-3.428624e+03	2.260966e+05
7.425600e-01	2.288749e+05	-6.822676e-02	1.810705e-01	0.000000e+00	-2.861913e+03	2.317368e+05
7.437500e-01	2.158413e+05	-6.844243e-02	1.813855e-01	0.000000e+00	-8.861396e+02	2.167274e+05
7.449400e-01	2.454432e+05	-6.865846e-02	1.817121e-01	0.000000e+00	-1.046038e+03	2.464893e+05
7.461300e-01	2.255556e+05	-6.887491e-02	1.820457e-01	0.000000e+00	-2.290911e+03	2.278465e+05
7.473200e-01	2.344871e+05	-6.909173e-02	1.823715e-01	0.000000e+00	-1.507768e+03	2.359949e+05
7.485100e-01	2.172686e+05	-6.930895e-02	1.826914e-01	0.000000e+00	-1.480898e+03	2.187495e+05
7.497000e-01	2.178476e+05	-6.952654e-02	1.829995e-01	0.000000e+00	-1.195744e+03	2.190433e+05
7.508900e-01	2.200681e+05	-6.974449e-02	1.833096e-01	0.000000e+00	-2.988404e+03	2.230566e+05
7.520800e-01	2.214275e+05	-6.996281e-02	1.836223e-01	0.000000e+00	-1.261654e+03	2.226891e+05
7.532700e-01	2.212419e+05	-7.018151e-02	1.839358e-01	0.000000e+00	-1.388891e+03	2.226308e+05
7.544600e-01	2.194871e+05	-7.040058e-02	1.842479e-01	0.000000e+00	-1.570941e+03	2.210580e+05
7.556500e-01	2.240054e+05	-7.062002e-02	1.845619e-01	0.000000e+00	-3.819966e+02	2.243874e+05
7.568400e-01	2.197290e+05	-7.083984e-02	1.848762e-01	0.000000e+00	-1.476272e+03	2.212052e+05
7.580300e-01	2.190606e+05	-7.106003e-02	1.851869e-01	0.000000e+00	-8.488628e+02	2.199094e+05
7.592200e-01	2.262677e+05	-7.128058e-02	1.855023e-01	0.000000e+00	-2.048002e+03	2.283157e+05
7.604100e-01	2.484189e+05	-7.150152e-02	1.858384e-01	0.000000e+00	-1.896181e+03	2.503151e+05
7.616000e-01	2.337792e+05	-7.172288e-02	1.861799e-01	0.000000e+00	-1.267316e+03	2.350465e+05
7.627900e-01	2.228573e+05	-7.194463e-02	1.865033e-01	0.000000e+00	-3.005232e+03	2.258625e+05
7.639800e-01	2.365497e+05	-7.216676e-02	1.868286e-01	0.000000e+00	-3.258369e+03	2.398080e+05
7.651700e-01	2.356603e+05	-7.238928e-02	1.871630e-01	0.000000e+00	-5.729483e+03	2.413898e+05
7.663600e-01	2.301819e+05	-7.261220e-02	1.874929e-01	0.000000e+00	-2.926250e+03	2.331081e+05
7.675500e-01	2.194250e+05	-7.283551e-02	1.878113e-01	0.000000e+00	-1.275811e+03	2.207008e+05
7.687400e-01	2.246617e+05	-7.305920e-02	1.881258e-01	0.000000e+00	-1.226679e+03	2.258883e+05
7.699300e-01	2.198215e+05	-7.328325e-02	1.884406e-01	0.000000e+00	-3.236741e+03	2.230583e+05
7.711200e-01	2.140817e+05	-7.350768e-02	1.887478e-01	0.000000e+00	-2.268126e+03	2.163498e+05
7.723100e-01	2.275148e+05	-7.373247e-02	1.890606e-01	0.000000e+00	-2.420508e+03	2.299353e+05
7.735000e-01	2.307209e+05	-7.395765e-02	1.893851e-01	0.000000e+00	-1.831277e+03	2.325521e+05
7.746900e-01	2.120222e+05	-7.418321e-02	1.896986e-01	0.000000e+00	-2.094070e+03	2.141163e+05
7.758800e-01	2.131812e+05	-7.440913e-02	1.899997e-01	0.000000e+00	-3.069024e+03	2.162502e+05
7.770700e-01	2.249783e+05	-7.463541e-02	1.903100e-01	0.000000e+00	-3.003200e+03	2.279815e+05
7.782600e-01	2.044254e+05	-7.486207e-02	1.906141e-01	0.000000e+00	-2.801015e+03	2.072264e+05
7.794500e-01	2.064328e+05	-7.508907e-02	1.909051e-01	0.000000e+00	-1.180531e+03	2.076133e+05
7.806400e-01	2.122862e+05	-7.531642e-02	1.912016e-01	0.000000e+00	-5.048588e+02	2.127911e+05
7.818300e-01	2.219287e+05	-7.554413e-02	1.915091e-01	0.000000e+00	-8.011367e+02	2.227299e+05
7.830200e-01	2.093013e+05	-7.577221e-02	1.918145e-01	0.000000e+00	-1.983638e+03	2.112849e+05
7.842100e-01	2.045803e+05	-7.600065e-02	1.921076e-01	0.000000e+00	-3.834995e+03	2.084153e+05
7.854000e-01	2.301105e+05	-7.622943e-02	1.924154e-01	0.000000e+00	-2.645744e+03	2.327562e+05
7.865900e-01	2.164486e+05	-7.645860e-02	1.927316e-01	0.000000e+00	-1.199475e+03	2.176481e+05
7.877800e-01	2.212706e+05	-7.668813e-02	1.930416e-01	0.000000e+00	-2.155449e+03	2.234261e+05
7.889700e-01	2.245016e+05	-7.691804e-02	1.933573e-01	0.000000e+00	-1.149241e+03	2.256508e+05
7.901600e-01	2.090173e+05	-7.714832e-02	1.936643e-01	0.000000e+00	-2.195305e+03	2.112126e+05
7.913500e-01	2.293159e+05	-7.737896e-02	1.939747e-01	0.000000e+00	-6.203101e+02	2.299362e+05
7.925400e-01	2.454814e+05	-7.760998e-02	1.943109e-01	0.000000e+00	-1.538905e+03	2.470203e+05
7.937300e-01	2.225531e+05	-7.784142e-02	1.946424e-01	0.000000e+00	-2.072450e+03	2.246255e+05
7.949200e-01	2.254859e+05	-7.807323e-02	1.949597e-01	0.000000e+00	-2.827905e+03	2.283138e+05
7.961100e-01	2.242857e+05	-7.830542e-02	1.952782e-01	0.000000e+00	-6.498326e+02	2.249355e+05
7.973000e-01	2.300965e+05	-7.853799e-02	1.956000e-01	0.000000e+00	-2.627584e+03	2.327241e+05
7.984900e-01	2.327796e+05	-7.877095e-02	1.959277e-01	0.000000e+00	-2.059475e+03	2.348391e+05
7.996800e-01	2.159071e+05	-7.900430e-02	1.962455e-01	0.000000e+00	-2.203489e+03	2.181106e+05
8.008700e-01	2.283701e+05	-7.923801e-02	1.965601e-01	0.000000e+00	-9.751607e+02	2.293453e+05
8.020600e-01	2.220388e+05	-7.947211e-02	1.968791e-01	0.000000e+00	-1.264240e+03	2.233030e+05
8.032500e-01	2.084163e+05	-7.970659e-02	1.971839e-01	0.000000e+00	-2.928014e+03	2.113443e+05
8.044400e-01	2.314678e+05	-7.994141e-02	1.974954e-01	0.000000e+00	-1.863794e+03	2.333316e+05
8.056300e-01	2.315187e+05	-8.017663e-02	1.978233e-01	0.000000e+00	-2.168210e+03	2.336869e+05
8.068200e-01	2.134658e+05	-8.041223e-02	1.981384e-01	0.000000e+00	-2.740305e+03	2.162061e+05
8.080100e-01	2.153419e+05	-8.064820e-02	1.984421e-01	0.000000e+00	-3.660031e+03	2.190020e+05
8.092000e-01	2.002792e+05	-8.088452e-02	1.987364e-01	0.000000e+00	-1.229613e+03	2.015089e+05
8.103900e-01	2.172977e+05	-8.112119e-02	1.990321e-01	0.000000e+00	-2.173592e+03	2.194713e+05
8.115800e-01	2.156843e+05	-8.135822e-02	1.993387e-01	0.000000e+00	-2.133637e+03	2.178179e+05
8.127700e-01	2.081483e+05	-8.159561e-02	1.996389e-01	0.000000e+00	-7.347879e+02	2.088831e+05
8.139600e-01	2.278236e+05	-8.183336e-02	1.999476e-01	0.000000e+00	0.000000e+00	2.278236e+05
8.151500e-01	2.387025e+05	-8.207149e-02	2.002780e-01	0.000000e+00	-1.018695e+03	2.397212e+05
8.163400e-01	2.209104e+05	-8.231002e-02	2.006035e-01	0.000000e+00	-1.711615e+03	2.226220e+05
8.175300e-01	2.083851e+05	-8.254893e-02	2.009075e-01	0.000000e+00	-1.198227e+03	2.095833e+05
8.187200e-01	2.301824e+05	-8.278818e-02	2.012181e-01	0.000000e+00	-2.731439e+02	2.304555e+05
8.199100e-01	2.501031e+05	-8.302782e-02	2.015582e-01	0.000000e+00	-4.982825e+02	2.506014e+05
8.211000e-01	2.225264e+05	-8.326789e-02	2.018929e-01	0.000000e+00	-8.286511e+02	2.233551e+05
8.222900e-01	2.327136e+05	-8.350833e-02	2.022153e-01	0.000000e+00	-1.636569e+03	2.343502e+05
8.234800e-01	2.259293e+05	-8.374916e-02	2.025401e-01	0.000000e+00	-1.076431e+03	2.270058e+05
8.246700e-01	2.050510e+05	-8.399038e-02	2.028453e-01	0.000000e+00	-2.613656e+03	2.076647e+05
8.258600e-01	2.262358e+05	-8.423193e-02	2.031507e-01	0.000000e+00	-1.749772e+03	2.279855e+05
8.270500e-01	2.292527e+05	-8.447387e-02	2.034733e-01	0.000000e+00	-9.210532e+02	2.301737e+05
8.282400e-01	2.340649e+05	-8.471620e-02	2.038014e-01	0.000000e+00	-7.596191e+02	2.348245e+05
8.294300e-01	2.399238e+05	-8.495892e-02	2.041370e-01	0.000000e+00	0.000000e+00	2.399238e+05
8.306200e-01	2.168329e+05	-8.520205e-02	2.044605e-01	0.000000e+00	-2.212783e+01	2.168550e+05
8.318100e-01	2.159440e+05	-8.544554e-02	2.047670e-01	0.000000e+00	-1.346421e+03	2.172904e+05
8.330000e-01	2.251401e+05	-8.568939e-02	2.050793e-01	0.000000e+00	-1.080503e+03	2.262206e+05
8.341900e-01	2.066144e+05	-8.593363e-02	2.053851e-01	0.000000e+00	-1.430746e+03	2.080451e+05
8.353800e-01	2.082222e+05	-8.617821e-02	2.056789e-01	0.000000e+00	-1.305028e+03	2.095272e+05
8.365700e-01	2.280439e+05	-8.642314e-02	2.059878e-01	0.000000e+00	-6.975272e+02	2.287414e+05
8.377600e-01	2.072907e+05	-8.666846e-02	2.062961e-01	0.000000e+00	-1.034931e+02	2.073942e+05
8.389500e-01	2.041040e+05	-8.691413e-02	2.065874e-01	0.000000e+00	-1.132343e+03	2.052364e+05
8.401400e-01	2.334086e+05	-8.716014e-02	2.068973e-01	0.000000e+00	-2.359542e+03	2.357682e+05
8.413300e-01	2.274710e+05	-8.740654e-02	2.072236e-01	0.000000e+00	-6.063024e+02	2.280773e+05
8.425200e-01	2.417400e+05	-8.765333e-02	2.075559e-01	0.000000e+00	-1.010337e+03	2.427504e+05
8.437100e-01	2.304719e+05	-8.790052e-02	2.078903e-01	0.000000e+00	-3.017583e+03	2.334895e+05
8.449000e-01	2.312288e+05	-8.814811e-02	2.082173e-01	0.000000e+00	-1.049595e+03	2.322784e+05
8.460900e-01	2.250833e+05	-8.839608e-02	2.085404e-01	0.000000e+00	-2.059864e+03	2.271432e+05
8.472800e-01	2.223631e+05	-8.864443e-02	2.088573e-01	0.000000e+00	-1.602555e+03	2.239657e+05
8.484700e-01	2.139772e+05	-8.889316e-02	2.091663e-01	0.000000e+00	-1.519554e+03	2.154967e+05
8.496600e-01	2.295417e+05	-8.914225e-02	2.094804e-01	0.000000e+00	-1.654740e+03	2.311964e+05
8.508500e-01	2.452991e+05	-8.939173e-02	2.098166e-01	0.000000e+00	-2.371488e+03	2.476706e+05
8.520400e-01	2.264498e+05	-8.964161e-02	2.101507e-01	0.000000e+00	-7.382560e+01	2.265237e+05
8.532300e-01	2.331283e+05	-8.989188e-02	2.104762e-01	0.000000e+00	-2.192301e+03	2.353206e+05
8.544200e-01	2.308378e+05	-9.014255e-02	2.108047e-01	0.000000e+00	-2.548822e+02	2.310926e+05
8.556100e-01	2.240068e+05	-9.039360e-02	2.111268e-01	0.000000e+00	-2.071432e+03	2.260783e+05
8.568000e-01	2.200417e+05	-9.064503e-02	2.114413e-01	0.000000e+00	-2.130249e+03	2.221720e+05
8.579900e-01	2.242636e+05	-9.089683e-02	2.117559e-01	0.000000e+00	-3.837885e+02	2.246474e+05
8.591800e-01	2.036826e+05	-9.114901e-02	2.120590e-01	0.000000e+00	-3.122272e+03	2.068048e+05
8.603700e-01	2.194015e+05	-9.140153e-02	2.123586e-01	0.000000e+00	-1.098250e+03	2.204997e+05
8.615600e-01	2.200918e+05	-9.165442e-02	2.126698e-01	0.000000e+00	-4.377062e+02	2.205295e+05
8.627500e-01	2.239444e+05	-9.190768e-02	2.129843e-01	0.000000e+00	-2.144790e+02	2.241589e+05
8.639400e-01	2.281661e+05	-9.216132e-02	2.133045e-01	0.000000e+00	-2.651153e+03	2.308173e+05
8.651300e-01	2.133169e+05	-9.241535e-02	2.136171e-01	0.000000e+00	-3.579455e+03	2.168964e+05
8.663200e-01	1.995583e+05	-9.266973e-02	2.139095e-01	0.000000e+00	-2.474310e+03	2.020326e+05
8.675100e-01	2.197337e+05	-9.292445e-02	2.142064e-01	0.000000e+00	-1.497936e+03	2.212316e+05
8.687000e-01	2.310837e+05	-9.317954e-02	2.145257e-01	0.000000e+00	-1.495731e+03	2.325795e+05
8.698900e-01	2.153645e+05	-9.343502e-02	2.148418e-01	0.000000e+00	-8.000145e+02	2.161645e+05
8.710800e-01	2.409636e+05	-9.369087e-02	2.151650e-01	0.000000e+00	-7.970676e+02	2.417606e+05
8.722700e-01	2.346760e+05	-9.394712e-02	2.155018e-01	0.000000e+00	-1.523413e+03	2.361994e+05
8.734600e-01	2.409211e+05	-9.420376e-02	2.158386e-01	0.000000e+00	-1.491137e+03	2.424122e+05
8.746500e-01	2.446254e+05	-9.446081e-02	2.161825e-01	0.000000e+00	-2.820262e+02	2.449074e+05
8.758400e-01	2.199092e+05	-9.471828e-02	2.165114e-01	0.000000e+00	-1.352199e+03	2.212614e+05
8.770300e-01	2.141707e+05	-9.497611e-02	2.168188e-01	0.000000e+00	-2.554917e+03	2.167256e+05
8.782200e-01	2.211289e+05	-9.523431e-02	2.171271e-01	0.000000e+00	-1.546931e+03	2.226758e+05
8.794100e-01	2.221113e+05	-9.549287e-02	2.174410e-01	0.000000e+00	-4.283061e+02	2.225396e+05
8.806000e-01	2.241688e+05	-9.575181e-02	2.177570e-01	0.000000e+00	-1.523918e+03	2.256927e+05
8.817900e-01	2.171792e+05	-9.601113e-02	2.180696e-01	0.000000e+00	-1.567546e+02	2.173359e+05
8.829800e-01	2.137544e+05	-9.627082e-02	2.183747e-01	0.000000e+00	-1.268686e+03	2.150230e+05
8.841700e-01	2.486367e+05	-9.653087e-02	2.187022e-01	0.000000e+00	-7.905158e+02	2.494273e+05
8.853600e-01	2.353765e+05	-9.679133e-02	2.190449e-01	0.000000e+00	-6.275742e+02	2.360041e+05
8.865500e-01	2.143342e+05	-9.705219e-02	2.193634e-01	0.000000e+00	-2.768191e+03	2.171024e+05
8.877400e-01	2.225082e+05	-9.731342e-02	2.196728e-01	0.000000e+00	-2.215244e+03	2.247235e+05
8.889300e-01	2.347505e+05	-9.757501e-02	2.199966e-01	0.000000e+00	-2.727712e+03	2.374782e+05
8.901200e-01	2.284945e+05	-9.783701e-02	2.203246e-01	0.000000e+00	-1.375063e+03	2.298696e+05
8.913100e-01	2.201218e+05	-9.809939e-02	2.206423e-01	0.000000e+00	-2.837450e+03	2.229592e+05
8.925000e-01	2.174815e+05	-9.836214e-02	2.209522e-01	0.000000e+00	-1.688147e+03	2.191697e+05
8.936900e-01	2.323601e+05	-9.862525e-02	2.212708e-01	0.000000e+00	-1.307390e+03	2.336675e+05
8.948800e-01	2.200381e+05	-9.888876e-02	2.215912e-01	0.000000e+00	-4.278781e+02	2.204660e+05
8.960700e-01	2.195122e+05	-9.915264e-02	2.219024e-01	0.000000e+00	-1.840619e+03	2.213528e+05
8.972600e-01	2.224022e+05	-9.941689e-02	2.222154e-01	0.000000e+00	-2.599782e+03	2.250019e+05
8.984500e-01	2.193782e+05	-9.968151e-02	2.225282e-01	0.000000e+00	-1.769344e+03	2.211475e+05
8.996400e-01	2.150416e+05	-9.994651e-02	2.228359e-01	0.000000e+00	-2.386664e+03	2.174283e+05
9.008300e-01	2.165900e+05	-1.002119e-01	2.231415e-01	0.000000e+00	-2.098730e+03	2.186888e+05
9.020200e-01	2.336841e+05	-1.004776e-01	2.234604e-01	0.000000e+00	-6.827749e+02	2.343669e+05
9.032100e-01	2.468930e+05	-1.007437e-01	2.238007e-01	0.000000e+00	-2.568812e+03	2.494618e+05
9.044000e-01	2.322046e+05	-1.010102e-01	2.241400e-01	0.000000e+00	-2.577629e+03	2.347823e+05
9.055900e-01	2.190944e+05	-1.012772e-01	2.244596e-01	0.000000e+00	-2.230925e+03	2.213253e+05
9.067800e-01	2.430975e+05	-1.015444e-01	2.247869e-01	0.000000e+00	-6.020499e+02	2.436995e+05
9.079700e-01	2.257317e+05	-1.018121e-01	2.251189e-01	0.000000e+00	-2.826727e+03	2.285584e+05
9.091600e-01	2.330949e+05	-1.020802e-01	2.254439e-01	0.000000e+00	-2.442379e+03	2.355373e+05
9.103500e-01	2.383499e+05	-1.023487e-01	2.257777e-01	0.000000e+00	-9.227938e+02	2.392726e+05
9.115400e-01	2.294794e+05	-1.026176e-01	2.261090e-01	0.000000e+00	-9.547350e+02	2.304342e+05
9.127300e-01	2.379871e+05	-1.028868e-01	2.264401e-01	0.000000e+00	0.000000e+00	2.379871e+05
9.139200e-01	2.329027e+05	-1.031565e-01	2.267735e-01	0.000000e+00	-7.176960e+02	2.336204e+05
9.151100e-01	2.352293e+05	-1.034266e-01	2.271050e-01	0.000000e+00	-1.584042e+03	2.368133e+05
9.163000e-01	2.236654e+05	-1.036970e-01	2.274300e-01	0.000000e+00	-2.319104e+03	2.259845e+05
9.174900e-01	2.219079e+05	-1.039678e-01	2.277456e-01	0.000000e+00	-2.101847e+03	2.240098e+05
9.186800e-01	2.363804e+05	-1.042390e-01	2.280701e-01	0.000000e+00	0.000000e+00	2.363804e+05
9.198700e-01	2.212223e+05	-1.045107e-01	2.283942e-01	0.000000e+00	-2.189154e+02	2.214412e+05
9.210600e-01	2.234397e+05	-1.047826e-01	2.287091e-01	0.000000e+00	-1.182194e+03	2.246219e+05
9.222500e-01	2.250460e+05	-1.050550e-01	2.290267e-01	0.000000e+00	-1.841751e+03	2.268877e+05
9.234400e-01	2.139740e+05	-1.053277e-01	2.293376e-01	0.000000e+00	-4.151579e+02	2.143892e+05
9.246300e-01	2.088184e+05	-1.056008e-01	2.296370e-01	0.000000e+00	-1.528414e+03	2.103468e+05
9.258200e-01	2.196102e+05	-1.058742e-01	2.299404e-01	0.000000e+00	-6.959205e+02	2.203062e+05
9.270100e-01	2.399679e+05	-1.061481e-01	2.302658e-01	0.000000e+00	-2.196796e+02	2.401876e+05
9.282000e-01	2.282520e+05	-1.064223e-01	2.305974e-01	0.000000e+00	-2.082440e+03	2.303344e+05
9.293900e-01	2.148092e+05	-1.066969e-01	2.309112e-01	0.000000e+00	-1.531735e+03	2.163409e+05
9.305800e-01	2.181206e+05	-1.069718e-01	2.312177e-01	0.000000e+00	-1.517800e+03	2.196384e+05
9.317700e-01	2.073246e+05	-1.072472e-01	2.315190e-01	0.000000e+00	-1.310991e+03	2.086356e+05
9.329600e-01	2.387618e+05	-1.075229e-01	2.318349e-01	0.000000e+00	-1.081030e+03	2.398428e+05
9.341500e-01	2.359455e+05	-1.077989e-01	2.321711e-01	0.000000e+00	-1.068419e+03	2.370139e+05
9.353400e-01	2.295681e+05	-1.080754e-01	2.325008e-01	0.000000e+00	-2.523517e+03	2.320917e+05
9.365300e-01	2.186982e+05	-1.083523e-01	2.328182e-01	0.000000e+00	-9.072294e+02	2.196054e+05
9.377200e-01	2.230661e+05	-1.086295e-01	2.331310e-01	0.000000e+00	-1.801762e+03	2.248679e+05
9.389100e-01	2.466181e+05	-1.089072e-01	2.334637e-01	0.000000e+00	-1.809486e+03	2.484275e+05
9.401000e-01	2.329046e+05	-1.091852e-01	2.338032e-01	0.000000e+00	-2.698505e+03	2.356031e+05
9.412900e-01	2.293493e+05	-1.094636e-01	2.341306e-01	0.000000e+00	-2.161817e+03	2.315111e+05
9.424800e-01	2.229822e+05	-1.097424e-01	2.344509e-01	0.000000e+00	-4.562166e+02	2.234384e+05
9.436700e-01	2.250903e+05	-1.100216e-01	2.347682e-01	0.000000e+00	-1.165619e+03	2.262560e+05
9.448600e-01	2.231831e+05	-1.103012e-01	2.350857e-01	0.000000e+00	-1.286008e+03	2.244691e+05
9.460500e-01	2.017564e+05	-1.105811e-01	2.353866e-01	0.000000e+00	-3.408956e+03	2.051653e+05
9.472400e-01	2.205158e+05	-1.108614e-01	2.356856e-01	0.000000e+00	-2.725001e+03	2.232408e+05
9.484300e-01	2.270361e+05	-1.111420e-01	2.360026e-01	0.000000e+00	-1.660933e+03	2.286970e+05
9.496200e-01	2.198081e+05	-1.114231e-01	2.363190e-01	0.000000e+00	-2.092704e+03	2.219009e+05
9.508100e-01	2.257397e+05	-1.117045e-01	2.366345e-01	0.000000e+00	-1.475336e+03	2.272150e+05
9.520000e-01	2.262695e+05	-1.119863e-01	2.369546e-01	0.000000e+00	-1.989604e+03	2.282591e+05
9.531900e-01	2.379447e+05	-1.122684e-01	2.372834e-01	0.000000e+00	-9.299142e+02	2.388746e+05
9.543800e-01	2.292517e+05	-1.125510e-01	2.376142e-01	0.000000e+00	-7.507581e+02	2.300025e+05
9.555700e-01	2.127366e+05	-1.128339e-01	2.379272e-01	0.000000e+00	-1.217365e+03	2.139540e+05
9.567600e-01	2.248460e+05	-1.131173e-01	2.382371e-01	0.000000e+00	-1.800579e+03	2.266465e+05
9.579500e-01	2.241786e+05	-1.134009e-01	2.385551e-01	0.000000e+00	-1.016978e+03	2.251956e+05
9.591400e-01	2.229483e+05	-1.136850e-01	2.388717e-01	0.000000e+00	-1.667591e+02	2.231150e+05
9.603300e-01	2.210090e+05	-1.139695e-01	2.391861e-01	0.000000e+00	0.000000e+00	2.210090e+05
9.615200e-01	2.208793e+05	-1.142543e-01	2.394991e-01	0.000000e+00	-7.598344e+02	2.216391e+05
9.627100e-01	2.375167e+05	-1.145395e-01	2.398237e-01	0.000000e+00	-9.208379e+02	2.384376e+05
9.639000e-01	2.238534e+05	-1.148251e-01	2.401504e-01	0.000000e+00	0.000000e+00	2.238534e+05
9.650900e-01	2.392221e+05	-1.151110e-01	2.404783e-01	0.000000e+00	-4.862283e+02	2.397083e+05
9.662800e-01	2.602232e+05	-1.153974e-01	2.408320e-01	0.000000e+00	-1.074625e+03	2.612978e+05
9.674700e-01	2.394702e+05	-1.156842e-01	2.411859e-01	0.000000e+00	-1.695701e+03	2.411659e+05
9.686600e-01	2.338127e+05	-1.159714e-01	2.415211e-01	0.000000e+00	-1.047903e+02	2.339175e+05
9.698500e-01	2.349739e+05	-1.162590e-01	2.418530e-01	0.000000e+00	0.000000e+00	2.349739e+05
9.710400e-01	2.587731e+05	-1.165470e-01	2.422027e-01	0.000000e+00	-3.260050e+02	2.590991e+05
9.722300e-01	2.320806e+05	-1.168355e-01	2.425503e-01	0.000000e+00	-3.216991e+03	2.352976e+05
9.734200e-01	2.246771e+05	-1.171243e-01	2.428738e-01	0.000000e+00	-9.901238e+02	2.256672e+05
9.746100e-01	2.189776e+05	-1.174135e-01	2.431879e-01	0.000000e+00	-1.130363e+03	2.201080e+05
9.758000e-01	2.022804e+05	-1.177031e-01	2.434863e-01	0.000000e+00	-5.873869e+02	2.028678e+05
9.769900e-01	2.248765e+05	-1.179930e-01	2.437888e-01	0.000000e+00	-9.324417e+02	2.258090e+05
9.781800e-01	2.233920e+05	-1.182833e-01	2.441062e-01	0.000000e+00	-2.435045e+03	2.258270e+05
9.793700e-01	2.309498e+05	-1.185740e-01	2.444280e-01	0.000000e+00	-4.656779e+02	2.314155e+05
9.805600e-01	2.373895e+05	-1.188650e-01	2.447596e-01	0.000000e+00	-2.048876e+02	2.375944e+05
9.817500e-01	2.248539e+05	-1.191565e-01	2.450870e-01	0.000000e+00	-1.685257e+03	2.265392e+05
9.829400e-01	2.280984e+05	-1.194484e-01	2.454077e-01	0.000000e+00	-2.103129e+03	2.302015e+05
9.841300e-01	2.209455e+05	-1.197406e-01	2.457257e-01	0.000000e+00	-2.084078e+02	2.211539e+05
9.853200e-01	2.420312e+05	-1.200332e-01	2.460536e-01	0.000000e+00	-2.243518e+02	2.422556e+05
9.865100e-01	2.354256e+05	-1.203262e-01	2.463917e-01	0.000000e+00	-1.063812e+03	2.364894e+05
9.877000e-01	2.243041e+05	-1.206196e-01	2.467173e-01	0.000000e+00	-6.186484e+02	2.249228e+05
9.888900e-01	2.156993e+05	-1.209134e-01	2.470289e-01	0.000000e+00	-1.377000e+03	2.170763e+05
9.900800e-01	2.065411e+05	-1.212075e-01	2.473279e-01	0.000000e+00	-8.411675e+02	2.073823e+05
9.912700e-01	2.328559e+05	-1.215020e-01	2.476390e-01	0.000000e+00	-9.741870e+02	2.338301e+05
9.924600e-01	2.467834e+05	-1.217969e-01	2.479787e-01	0.000000e+00	-2.137210e+03	2.489206e+05
9.936500e-01	2.384582e+05	-1.220922e-01	2.483223e-01	0.000000e+00	-4.641172e+02	2.389223e+05
9.948400e-01	2.354694e+05	-1.223879e-01	2.486580e-01	0.000000e+00	-7.028680e+02	2.361723e+05
9.960300e-01	2.245401e+05	-1.226840e-01	2.489837e-01	0.000000e+00	-1.042737e+03	2.255829e+05
9.972200e-01	2.477306e+05	-1.229805e-01	2.493182e-01	0.000000e+00	-2.424559e+03	2.501551e+05
9.984100e-01	2.255897e+05	-1.232774e-01	2.496534e-01	0.000000e+00	-1.448905e+03	2.270386e+05
9.996000e-01	2.144981e+05	-1.235747e-01	2.499650e-01	0.000000e+00	-9.294183e+02	2.154275e+05
1.000790e+00	2.304178e+05	-1.238723e-01	2.502801e-01	0.000000e+00	-2.066355e+02	2.306244e+05
1.001980e+00	2.381630e+05	-1.241703e-01	2.506119e-01	0.000000e+00	-7.699946e+02	2.389330e+05
1.003170e+00	2.424056e+05	-1.244688e-01	2.509522e-01	0.000000e+00	-1.453885e+03	2.438594e+05
1.004360e+00	2.277473e+05	-1.247676e-01	2.512852e-01	0.000000e+00	-8.579742e+02	2.286053e+05
1.005550e+00	2.334191e+05	-1.250668e-01	2.516118e-01	0.000000e+00	-9.499255e+02	2.343690e+05
1.006740e+00	2.433962e+05	-1.253664e-01	2.519494e-01	0.000000e+00	-1.831406e+03	2.452276e+05
1.007930e+00	2.359196e+05	-1.256665e-01	2.522889e-01	0.000000e+00	-1.301042e+03	2.372207e+05
1.009120e+00	2.118186e+05	-1.259669e-01	2.526059e-01	0.000000e+00	-2.197151e+03	2.140157e+05
1.010310e+00	2.264486e+05	-1.262677e-01	2.529163e-01	0.000000e+00	-1.862496e+03	2.283111e+05
1.011500e+00	2.221077e+05	-1.265688e-01	2.532340e-01	0.000000e+00	-3.709297e+02	2.224786e+05
1.012690e+00	2.327169e+05	-1.268704e-01	2.535560e-01	0.000000e+00	0.000000e+00	2.327169e+05
1.013880e+00	2.120294e+05	-1.271723e-01	2.538710e-01	0.000000e+00	-1.126355e+03	2.131558e+05
1.015070e+00	2.112356e+05	-1.274746e-01	2.541707e-01	0.000000e+00	-5.543170e+02	2.117899e+05
1.016260e+00	2.158256e+05	-1.277772e-01	2.544732e-01	0.000000e+00	-7.164625e+02	2.165420e+05
1.017450e+00	2.286557e+05	-1.280802e-01	2.547879e-01	0.000000e+00	-2.330912e+03	2.309866e+05
1.018640e+00	2.132338e+05	-1.283836e-01	2.551009e-01	0.000000e+00	-1.593100e+03	2.148269e+05
1.019830e+00	2.127193e+05	-1.286874e-01	2.554025e-01	0.000000e+00	-1.655888e+03	2.143752e+05
1.021020e+00	2.247693e+05	-1.289915e-01	2.557123e-01	0.000000e+00	-4.263268e+02	2.251957e+05
1.022210e+00	2.219213e+05	-1.292960e-01	2.560287e-01	0.000000e+00	-9.903070e+02	2.229116e+05
1.023400e+00	2.341201e+05	-1.296008e-01	2.563516e-01	0.000000e+00	-9.793495e+02	2.350994e+05
1.024590e+00	2.072737e+05	-1.299061e-01	2.566642e-01	0.000000e+00	-2.598770e+03	2.098725e+05
1.025780e+00	2.162772e+05	-1.302117e-01	2.569641e-01	0.000000e+00	-1.303241e+03	2.175804e+05
1.026970e+00	2.333098e+05	-1.305176e-01	2.572825e-01	0.000000e+00	-6.330841e+02	2.339429e+05
1.028160e+00	2.206723e+05	-1.308240e-01	2.576040e-01	0.000000e+00	-1.806852e+03	2.224792e+05
1.029350e+00	2.420350e+05	-1.311307e-01	2.579317e-01	0.000000e+00	-9.175697e+01	2.421267e+05
1.030540e+00	2.346514e+05	-1.314379e-01	2.582692e-01	0.000000e+00	-5.616492e+02	2.352130e+05
1.031730e+00	2.280481e+05	-1.317454e-01	2.585969e-01	0.000000e+00	-1.142929e+03	2.291910e+05
1.032920e+00	2.236783e+05	-1.320533e-01	2.589168e-01	0.000000e+00	-4.008882e+03	2.276871e+05
1.034110e+00	2.351935e+05	-1.323616e-01	2.592418e-01	0.000000e+00	-1.688925e+02	2.353624e+05
1.035300e+00	2.298665e+05	-1.326703e-01	2.595711e-01	0.000000e+00	-8.864255e+01	2.299551e+05
1.036490e+00	2.234009e+05	-1.329794e-01	2.598921e-01	0.000000e+00	-1.592030e+03	2.249929e+05
1.037680e+00	2.220663e+05	-1.332889e-01	2.602076e-01	0.000000e+00	-9.990946e+02	2.230654e+05
1.038870e+00	2.180143e+05	-1.335987e-01	2.605192e-01	0.000000e+00	-6.815777e+02	2.186959e+05
1.040060e+00	2.223139e+05	-1.339089e-01	2.608310e-01	0.000000e+00	-7.996883e+02	2.231136e+05
1.041250e+00	2.268900e+05	-1.342195e-01	2.611491e-01	0.000000e+00	-1.599041e+03	2.284891e+05
1.042440e+00	2.145868e+05	-1.345305e-01	2.614618e-01	0.000000e+00	-2.850223e+03	2.174370e+05
1.043630e+00	2.187397e+05	-1.348418e-01	2.617687e-01	0.000000e+00	-3.514551e+03	2.222543e+05
1.044820e+00	2.434626e+05	-1.351535e-01	2.620960e-01	0.000000e+00	-2.160866e+03	2.456234e+05
1.046010e+00	2.315229e+05	-1.354656e-01	2.624323e-01	0.000000e+00	-1.491364e+02	2.316720e+05
1.047200e+00	2.246503e+05	-1.357781e-01	2.627554e-01	0.000000e+00	-8.053252e+02	2.254556e+05
1.048390e+00	2.135546e+05	-1.360909e-01	2.630657e-01	0.000000e+00	-1.566547e+03	2.151211e+05
1.049580e+00	2.061235e+05	-1.364041e-01	2.633629e-01	0.000000e+00	-9.740742e+02	2.070976e+05
1.050770e+00	2.188874e+05	-1.367177e-01	2.636639e-01	0.000000e+00	-7.065981e+02	2.195940e+05
1.051960e+00	2.147549e+05	-1.370317e-01	2.639710e-01	0.000000e+00	0.000000e+00	2.147549e+05
1.053150e+00	2.276490e+05	-1.373460e-01	2.642843e-01	0.000000e+00	0.000000e+00	2.276490e+05
1.054340e+00	2.335081e+05	-1.376607e-01	2.646108e-01	0.000000e+00	0.000000e+00	2.335081e+05
1.055530e+00	2.343138e+05	-1.379757e-01	2.649421e-01	0.000000e+00	-1.046636e+03	2.353605e+05
1.056720e+00	2.399059e+05	-1.382912e-01	2.652780e-01	0.000000e+00	-6.340367e+02	2.405399e+05
1.057910e+00	2.399827e+05	-1.386071e-01	2.656178e-01	0.000000e+00	-6.866843e+02	2.406694e+05
1.059100e+00	2.359318e+05	-1.389234e-01	2.659548e-01	0.000000e+00	-1.536519e+02	2.360855e+05
1.060290e+00	2.042164e+05	-1.392401e-01	2.662665e-01	0.000000e+00	-1.214131e+03	2.054306e+05
1.061480e+00	2.176439e+05	-1.395571e-01	2.665653e-01	0.000000e+00	-1.752931e+03	2.193968e+05
1.062670e+00	2.353399e+05	-1.398745e-01	2.668861e-01	0.000000e+00	-3.942828e+02	2.357342e+05
1.063860e+00	2.533382e+05	-1.401923e-01	2.672321e-01	0.000000e+00	-6.177939e+02	2.539560e+05
1.065050e+00	2.424043e+05	-1.405105e-01	2.675832e-01	0.000000e+00	-2.174226e+03	2.445785e+05
1.066240e+00	2.364672e+05	-1.408291e-01	2.679223e-01	0.000000e+00	-1.355664e+03	2.378229e+05
1.067430e+00	2.374684e+05	-1.411482e-01	2.682579e-01	0.000000e+00	-1.370436e+02	2.376054e+05
1.068620e+00	2.525551e+05	-1.414676e-01	2.686050e-01	0.000000e+00	-9.232382e+02	2.534783e+05
1.069810e+00	2.283640e+05	-1.417875e-01	2.689455e-01	0.000000e+00	-1.164769e+03	2.295288e+05
1.071000e+00	2.396270e+05	-1.421077e-01	2.692769e-01	0.000000e+00	-3.516621e+02	2.399786e+05
1.072190e+00	2.202038e+05	-1.424283e-01	2.696026e-01	0.000000e+00	-1.126497e+03	2.213303e+05
1.073380e+00	2.445301e+05	-1.427493e-01	2.699317e-01	0.000000e+00	-1.392804e+03	2.459229e+05
1.074570e+00	2.236534e+05	-1.430708e-01	2.702632e-01	0.000000e+00	-7.227523e+02	2.243762e+05
1.075760e+00	2.357773e+05	-1.433926e-01	2.705886e-01	0.000000e+00	-3.730606e+02	2.361503e+05
1.076950e+00	2.287265e+05	-1.437148e-01	2.709175e-01	0.000000e+00	-1.306448e+03	2.300330e+05
1.078140e+00	2.192725e+05	-1.440374e-01	2.712348e-01	0.000000e+00	-2.382779e+03	2.216553e+05
1.079330e+00	2.100077e+05	-1.443603e-01	2.715388e-01	0.000000e+00	-2.102087e+03	2.121097e+05
1.080520e+00	2.320431e+05	-1.446836e-01	2.718518e-01	0.000000e+00	-1.504280e+03	2.335473e+05
1.081710e+00	2.209187e+05	-1.450073e-01	2.721726e-01	0.000000e+00	-1.324005e+03	2.222427e+05
1.082900e+00	2.164484e+05	-1.453314e-01	2.724823e-01	0.000000e+00	-2.542590e+03	2.189910e+05
1.084090e+00	2.017320e+05	-1.456558e-01	2.727785e-01	0.000000e+00	-1.187377e+03	2.029193e+05
1.085280e+00	2.222882e+05	-1.459806e-01	2.730787e-01	0.000000e+00	0.000000e+00	2.222882e+05
1.086470e+00	2.254807e+05	-1.463058e-01	2.733958e-01	0.000000e+00	0.000000e+00	2.254807e+05
1.087660e+00	2.416947e+05	-1.466313e-01	2.737267e-01	0.000000e+00	0.000000e+00	2.416947e+05
1.088850e+00	2.451423e+05	-1.469572e-01	2.740714e-01	0.000000e+00	0.000000e+00	2.451423e+05
1.090040e+00	2.301036e+05	-1.472836e-01	2.744080e-01	0.000000e+00	-3.321683e+02	2.304358e+05
1.091230e+00	2.334392e+05	-1.476103e-01	2.747363e-01	0.000000e+00	-5.081678e+02	2.339474e+05
1.092420e+00	2.555047e+05	-1.479374e-01	2.750825e-01	0.000000e+00	0.000000e+00	2.555047e+05
1.093610e+00	2.373539e+05	-1.482650e-01	2.754315e-01	0.000000e+00	-5.124026e+02	2.378663e+05
1.094800e+00	2.457116e+05	-1.485930e-01	2.757736e-01	0.000000e+00	-4.216309e+02	2.461333e+05
1.095990e+00	2.420039e+05	-1.489214e-01	2.761190e-01	0.000000e+00	-1.514748e+03	2.435186e+05
1.097180e+00	2.380397e+05	-1.492501e-01	2.764590e-01	0.000000e+00	-6.889261e+02	2.387286e+05
1.098370e+00	2.293089e+05	-1.495793e-01	2.767899e-01	0.000000e+00	-2.988343e+02	2.296077e+05
1.099560e+00	2.484894e+05	-1.499089e-01	2.771283e-01	0.000000e+00	-7.651391e+02	2.492545e+05
1.100750e+00	2.475474e+05	-1.502389e-01	2.774796e-01	0.000000e+00	0.000000e+00	2.475474e+05
1.101940e+00	2.386664e+05	-1.505693e-01	2.778239e-01	0.000000e+00	-8.022989e+02	2.394687e+05
1.103130e+00	2.258312e+05	-1.509001e-01	2.781528e-01	0.000000e+00	-2.380403e+02	2.260693e+05
1.104320e+00	2.409660e+05	-1.512313e-01	2.784834e-01	0.000000e+00	-1.444710e+03	2.424107e+05
1.105510e+00	2.195917e+05	-1.515629e-01	2.788095e-01	0.000000e+00	-7.004628e+02	2.202922e+05
1.106700e+00	2.262581e+05	-1.518949e-01	2.791253e-01	0.000000e+00	-1.758331e+02	2.264339e+05
1.107890e+00	2.363296e+05	-1.522272e-01	2.794529e-01	0.000000e+00	-1.513319e+03	2.378429e+05
1.109080e+00	2.274569e+05	-1.525600e-01	2.797813e-01	0.000000e+00	-3.848678e+02	2.278418e+05
1.110270e+00	2.119520e+05	-1.528931e-01	2.800925e-01	0.000000e+00	-1.528744e+03	2.134807e+05
1.111460e+00	2.244015e+05	-1.532266e-01	2.804015e-01	0.000000e+00	-1.124545e+03	2.255261e+05
1.112650e+00	2.372479e+05	-1.535605e-01	2.807284e-01	0.000000e+00	-4.905409e+02	2.377385e+05
1.113840e+00	2.270645e+05	-1.538947e-01	2.810572e-01	0.000000e+00	-2.176609e+03	2.292411e+05
1.115030e+00	2.130820e+05	-1.542294e-01	2.813689e-01	0.000000e+00	-3.443995e+02	2.134264e+05
1.116220e+00	2.178719e+05	-1.545644e-01	2.816741e-01	0.000000e+00	0.000000e+00	2.178719e+05
1.117410e+00	2.254703e+05	-1.548998e-01	2.819881e-01	0.000000e+00	0.000000e+00	2.254703e+05
1.118600e+00	2.205807e+05	-1.552355e-01	2.823039e-01	0.000000e+00	0.000000e+00	2.205807e+05
1.119790e+00	2.278260e+05	-1.555716e-01	2.826215e-01	0.000000e+00	0.000000e+00	2.278260e+05
1.120980e+00	2.190932e+05	-1.559082e-01	2.829380e-01	0.000000e+00	0.000000e+00	2.190932e+05
1.122170e+00	2.502605e+05	-1.562450e-01	2.832703e-01	0.000000e+00	0.000000e+00	2.502605e+05
1.123360e+00	2.380133e+05	-1.565823e-01	2.836161e-01	0.000000e+00	-4.360037e+02	2.384493e+05
1.124550e+00	2.184804e+05	-1.569200e-01	2.839394e-01	0.000000e+00	-6.607734e+02	2.191412e+05
1.125740e+00	2.273935e+05	-1.572581e-01	2.842552e-01	0.000000e+00	-6.577260e+02	2.280512e+05
1.126930e+00	2.215008e+05	-1.575966e-01	2.845730e-01	0.000000e+00	-1.049144e+03	2.225500e+05
1.128120e+00	2.325530e+05	-1.579354e-01	2.848946e-01	0.000000e+00	-5.576976e+02	2.331106e+05
1.129310e+00	2.626724e+05	-1.582746e-01	2.852453e-01	0.000000e+00	-2.038020e+02	2.628762e+05
1.130500e+00	2.460312e+05	-1.586143e-01	2.856055e-01	0.000000e+00	-6.365342e+02	2.466677e+05
1.131690e+00	2.443037e+05	-1.589544e-01	2.859528e-01	0.000000e+00	-2.131756e+02	2.445169e+05
1.132880e+00	2.167470e+05	-1.592948e-01	2.862793e-01	0.000000e+00	-1.036345e+03	2.177834e+05
1.134070e+00	2.373915e+05	-1.596357e-01	2.866009e-01	0.000000e+00	-1.215018e+03	2.386066e+05
1.135260e+00	2.582055e+05	-1.599770e-01	2.869518e-01	0.000000e+00	-9.026819e+02	2.591082e+05
1.136450e+00	2.451646e+05	-1.603186e-01	2.873083e-01	0.000000e+00	-1.365175e+03	2.465298e+05
1.137640e+00	2.347416e+05	-1.606607e-01	2.876482e-01	0.000000e+00	-6.552802e+02	2.353969e+05
1.138830e+00	2.311335e+05	-1.610032e-01	2.879781e-01	0.000000e+00	-7.075336e+02	2.318411e+05
1.140020e+00	2.289157e+05	-1.613461e-01	2.883039e-01	0.000000e+00	-8.939568e+02	2.298096e+05
1.141210e+00	2.521045e+05	-1.616894e-01	2.886445e-01	0.000000e+00	-5.738591e+02	2.526784e+05
1.142400e+00	2.408866e+05	-1.620331e-01	2.889936e-01	0.000000e+00	-5.851838e+02	2.414718e+05
1.143590e+00	2.382547e+05	-1.623772e-01	2.893329e-01	0.000000e+00	-1.095488e+03	2.393502e+05
1.144780e+00	2.329115e+05	-1.627217e-01	2.896666e-01	0.000000e+00	-9.726333e+02	2.338841e+05
1.145970e+00	2.390734e+05	-1.630666e-01	2.900008e-01	0.000000e+00	-1.114262e+03	2.401876e+05
1.147160e+00	2.476328e+05	-1.634119e-01	2.903455e-01	0.000000e+00	-9.262977e+02	2.485591e+05
1.148350e+00	2.274514e+05	-1.637576e-01	2.906820e-01	0.000000e+00	-2.451496e+03	2.299029e+05
1.149540e+00	2.360666e+05	-1.641037e-01	2.910102e-01	0.000000e+00	-4.176644e+02	2.364842e+05
1.150730e+00	2.252277e+05	-1.644502e-01	2.913369e-01	0.000000e+00	-3.902345e+02	2.256179e+05
1.151920e+00	2.148368e+05	-1.647971e-01	2.916485e-01	0.000000e+00	-4.501016e+02	2.152869e+05
1.153110e+00	2.312580e+05	-1.651444e-01	2.919644e-01	0.000000e+00	0.000000e+00	2.312580e+05
1.154300e+00	2.280529e+05	-1.654920e-01	2.922897e-01	0.000000e+00	0.000000e+00	2.280529e+05
1.155490e+00	2.370889e+05	-1.658400e-01	2.926191e-01	0.000000e+00	0.000000e+00	2.370889e+05
1.156680e+00	2.300538e+05	-1.661884e-01	2.929499e-01	0.000000e+00	-7.017076e+02	2.307556e+05
1.157870e+00	2.418577e+05	-1.665372e-01	2.932841e-01	0.000000e+00	-1.386285e+02	2.419964e+05
1.159060e+00	2.267178e+05	-1.668865e-01	2.936159e-01	0.000000e+00	-7.751573e+02	2.274929e+05
1.160250e+00	2.273855e+05	-1.672360e-01	2.939375e-01	0.000000e+00	-6.517883e+01	2.274507e+05
1.161440e+00	2.287843e+05	-1.675860e-01	2.942605e-01	0.000000e+00	0.000000e+00	2.287843e+05
1.162630e+00	2.347860e+05	-1.679364e-01	2.945888e-01	0.000000e+00	0.000000e+00	2.347860e+05
1.163820e+00	2.256972e+05	-1.682871e-01	2.949149e-01	0.000000e+00	-1.194621e+02	2.258167e+05
1.165010e+00	2.256928e+05	-1.686383e-01	2.952346e-01	0.000000e+00	-1.451115e+03	2.271440e+05
1.166200e+00	2.309963e+05	-1.689898e-01	2.955580e-01	0.000000e+00	-2.417512e+03	2.334139e+05
1.167390e+00	2.359603e+05	-1.693417e-01	2.958887e-01	0.000000e+00	-2.135915e+02	2.361739e+05
1.168580e+00	2.175739e+05	-1.696940e-01	2.962099e-01	0.000000e+00	0.000000e+00	2.175739e+05
1.169770e+00	2.217320e+05	-1.700467e-01	2.965210e-01	0.000000e+00	0.000000e+00	2.217320e+05
1.170960e+00	2.400059e+05	-1.703997e-01	2.968479e-01	0.000000e+00	0.000000e+00	2.400059e+05
1.172150e+00	2.152242e+05	-1.707532e-01	2.971703e-01	0.000000e+00	0.000000e+00	2.152242e+05
1.173340e+00	2.175880e+05	-1.711070e-01	2.974768e-01	0.000000e+00	0.000000e+00	2.175880e+05
1.174530e+00	2.430731e+05	-1.714612e-01	2.978030e-01	0.000000e+00	0.000000e+00	2.430731e+05
1.175720e+00	2.219724e+05	-1.718158e-01	2.981324e-01	0.000000e+00	0.000000e+00	2.219724e+05
1.176910e+00	2.050130e+05	-1.721707e-01	2.984348e-01	0.000000e+00	-9.993168e+02	2.060123e+05
1.178100e+00	2.203753e+05	-1.725261e-01	2.987360e-01	0.000000e+00	-6.813554e+02	2.210567e+05
1.179290e+00	2.220382e+05	-1.728817e-01	2.990493e-01	0.000000e+00	0.000000e+00	2.220382e+05
1.180480e+00	2.212713e+05	-1.732378e-01	2.993632e-01	0.000000e+00	-7.424084e+02	2.220137e+05
1.181670e+00	2.204312e+05	-1.735942e-01	2.996760e-01	0.000000e+00	-9.792772e+01	2.205291e+05
1.182860e+00	2.483747e+05	-1.739510e-01	3.000080e-01	0.000000e+00	0.000000e+00	2.483747e+05
1.184050e+00	2.186208e+05	-1.743082e-01	3.003387e-01	0.000000e+00	0.000000e+00	2.186208e+05
1.185240e+00	2.278472e+05	-1.746658e-01	3.006549e-01	0.000000e+00	0.000000e+00	2.278472e+05
1.186430e+00	2.237946e+05	-1.750238e-01	3.009747e-01	0.000000e+00	0.000000e+00	2.237946e+05
1.187620e+00	2.198253e+05	-1.753821e-01	3.012889e-01	0.000000e+00	0.000000e+00	2.198253e+05
1.188810e+00	2.475131e+05	-1.757409e-01	3.016199e-01	0.000000e+00	0.000000e+00	2.475131e+05
1.190000e+00	1.258861e+05	-1.761000e-01	3.018843e-01	0.000000e+00	0.000000e+00	1.258861e+05
