#x	rho	phi	ex	bz	rhok[0]	rhok[1]
0.000000e+00	-4.459885e+03	0.000000e+00	2.978513e-02	0.000000e+00	-4.576670e+03	1.167851e+02
1.190000e-03	-2.701936e+03	-3.544054e-05	2.978006e-02	0.000000e+00	-5.599589e+03	2.897653e+03
2.380000e-03	4.304586e+03	-7.087654e-05	2.978119e-02	0.000000e+00	-5.424132e+03	9.728718e+03
3.570000e-03	4.110391e+03	-1.063198e-04	2.978715e-02	0.000000e+00	-5.383382e+03	9.493774e+03
4.760000e-03	7.792850e+03	-1.417700e-04	2.979558e-02	0.000000e+00	-5.049823e+03	1.284267e+04
5.950000e-03	1.375814e+04	-1.772333e-04	2.981084e-02	0.000000e+00	-5.482367e+03	1.924051e+04
7.140000e-03	1.507229e+04	-2.127198e-04	2.983126e-02	0.000000e+00	-6.791271e+03	2.186356e+04
8.330000e-03	7.281769e+03	-2.482317e-04	2.984709e-02	0.000000e+00	-7.619377e+03	1.490115e+04
9.520000e-03	1.687398e+04	-2.837558e-04	2.986420e-02	0.000000e+00	-7.295740e+03	2.416972e+04
1.071000e-02	1.814495e+04	-3.193084e-04	2.988899e-02	0.000000e+00	-8.537846e+03	2.668280e+04
1.190000e-02	1.811460e+04	-3.548916e-04	2.991467e-02	0.000000e+00	-8.910108e+03	2.702471e+04
1.309000e-02	2.418025e+04	-3.905054e-04	2.994462e-02	0.000000e+00	-6.085417e+03	3.026566e+04
1.428000e-02	2.730949e+04	-4.261598e-04	2.998109e-02	0.000000e+00	-3.939638e+03	3.124913e+04
1.547000e-02	2.790179e+04	-4.618604e-04	3.002019e-02	0.000000e+00	-6.845348e+03	3.474714e+04
1.666000e-02	3.317611e+04	-4.976079e-04	3.006344e-02	0.000000e+00	-5.687171e+03	3.886328e+04
1.785000e-02	2.838865e+04	-5.334113e-04	3.010704e-02	0.000000e+00	-3.161831e+03	3.155048e+04
1.904000e-02	3.087561e+04	-5.692626e-04	3.014901e-02	0.000000e+00	-4.106140e+03	3.498175e+04
2.023000e-02	2.741964e+04	-6.051660e-04	3.019029e-02	0.000000e+00	-8.661274e+03	3.608091e+04
2.142000e-02	3.523297e+04	-6.411155e-04	3.023466e-02	0.000000e+00	-5.418070e+03	4.065104e+04
2.261000e-02	4.089261e+04	-6.771245e-04	3.028857e-02	0.000000e+00	-6.894280e+03	4.778689e+04
2.380000e-02	4.597547e+04	-7.132023e-04	3.035008e-02	0.000000e+00	-4.829515e+03	5.080498e+04
2.499000e-02	3.865192e+04	-7.493577e-04	3.041001e-02	0.000000e+00	-6.095436e+03	4.474735e+04
2.618000e-02	3.676152e+04	-7.855781e-04	3.046342e-02	0.000000e+00	-4.679398e+03	4.144092e+04
2.737000e-02	4.068723e+04	-8.218606e-04	3.051827e-02	0.000000e+00	-7.367735e+03	4.805497e+04
2.856000e-02	3.876215e+04	-8.582116e-04	3.057453e-02	0.000000e+00	-9.431551e+03	4.819370e+04
2.975000e-02	5.066216e+04	-8.946280e-04	3.063786e-02	0.000000e+00	-6.641035e+03	5.730320e+04
3.094000e-02	4.497299e+04	-9.311297e-04	3.070558e-02	0.000000e+00	-4.962536e+03	4.993552e+04
3.213000e-02	4.492655e+04	-9.677072e-04	3.076924e-02	0.000000e+00	-5.671267e+03	5.059781e+04
3.332000e-02	4.208064e+04	-1.004361e-03	3.083086e-02	0.000000e+00	-4.974950e+03	4.705559e+04
3.451000e-02	4.734503e+04	-1.041085e-03	3.089419e-02	0.000000e+00	-6.570074e+03	5.391511e+04
3.570000e-02	5.543166e+04	-1.077889e-03	3.096697e-02	0.000000e+00	-4.804920e+03	6.023658e+04
3.689000e-02	4.672747e+04	-1.114786e-03	3.103932e-02	0.000000e+00	-8.994116e+03	5.572158e+04
3.808000e-02	5.362114e+04	-1.151762e-03	3.111038e-02	0.000000e+00	-5.793506e+03	5.941464e+04
3.927000e-02	5.806854e+04	-1.188829e-03	3.118947e-02	0.000000e+00	-9.646706e+03	6.771524e+04
4.046000e-02	6.352483e+04	-1.225993e-03	3.127558e-02	0.000000e+00	-4.770132e+03	6.829496e+04
4.165000e-02	6.579398e+04	-1.263265e-03	3.136716e-02	0.000000e+00	-5.767809e+03	7.156178e+04
4.284000e-02	5.585870e+04	-1.300647e-03	3.145331e-02	0.000000e+00	-7.881869e+03	6.374057e+04
4.403000e-02	6.118865e+04	-1.338124e-03	3.153620e-02	0.000000e+00	-3.125604e+03	6.431425e+04
4.522000e-02	6.348643e+04	-1.375703e-03	3.162449e-02	0.000000e+00	-6.204504e+03	6.969093e+04
4.641000e-02	6.896037e+04	-1.413390e-03	3.171829e-02	0.000000e+00	-5.208392e+03	7.416877e+04
4.760000e-02	7.505470e+04	-1.451193e-03	3.182027e-02	0.000000e+00	-4.102948e+03	7.915765e+04
4.879000e-02	6.666397e+04	-1.489122e-03	3.192063e-02	0.000000e+00	-4.975229e+03	7.163920e+04
4.998000e-02	5.700019e+04	-1.527164e-03	3.200821e-02	0.000000e+00	-3.216229e+03	6.021642e+04
5.117000e-02	6.304322e+04	-1.565302e-03	3.209322e-02	0.000000e+00	-2.822719e+03	6.586594e+04
5.236000e-02	6.699509e+04	-1.603546e-03	3.218531e-02	0.000000e+00	-5.024081e+03	7.201917e+04
5.355000e-02	6.531784e+04	-1.641903e-03	3.227900e-02	0.000000e+00	-9.153706e+03	7.447154e+04
5.474000e-02	6.330140e+04	-1.680370e-03	3.237009e-02	0.000000e+00	-5.178760e+03	6.848016e+04
5.593000e-02	7.712617e+04	-1.718943e-03	3.246953e-02	0.000000e+00	-4.961694e+03	8.208787e+04
5.712000e-02	7.682987e+04	-1.757647e-03	3.257856e-02	0.000000e+00	-6.950636e+03	8.378050e+04
5.831000e-02	6.984700e+04	-1.796480e-03	3.268243e-02	0.000000e+00	-4.717302e+03	7.456430e+04
5.950000e-02	6.904245e+04	-1.835431e-03	3.278079e-02	0.000000e+00	-4.448102e+03	7.349055e+04
6.069000e-02	6.280239e+04	-1.874499e-03	3.287416e-02	0.000000e+00	-7.903984e+03	7.070637e+04
6.188000e-02	6.178552e+04	-1.913672e-03	3.296239e-02	0.000000e+00	-7.042165e+03	6.882768e+04
6.307000e-02	8.022924e+04	-1.952949e-03	3.306295e-02	0.000000e+00	-3.412392e+03	8.364163e+04
6.426000e-02	9.135483e+04	-1.992362e-03	3.318446e-02	0.000000e+00	-7.976587e+03	9.933142e+04
6.545000e-02	7.182423e+04	-2.031928e-03	3.330002e-02	0.000000e+00	-6.064117e+03	7.788835e+04
6.664000e-02	8.204881e+04	-2.071616e-03	3.340899e-02	0.000000e+00	-4.208407e+03	8.625722e+04
6.783000e-02	8.586845e+04	-2.111442e-03	3.352790e-02	0.000000e+00	-5.279774e+03	9.114823e+04
6.902000e-02	8.003071e+04	-2.151412e-03	3.364539e-02	0.000000e+00	-8.236664e+03	8.826738e+04
7.021000e-02	8.368687e+04	-2.191518e-03	3.376133e-02	0.000000e+00	-7.093002e+03	9.077987e+04
7.140000e-02	9.164630e+04	-2.231764e-03	3.388549e-02	0.000000e+00	-6.021704e+03	9.766800e+04
7.259000e-02	8.749822e+04	-2.272165e-03	3.401235e-02	0.000000e+00	-5.257933e+03	9.275615e+04
7.378000e-02	9.857390e+04	-2.312714e-03	3.414412e-02	0.000000e+00	-4.410969e+03	1.029849e+05
7.497000e-02	9.434401e+04	-2.353428e-03	3.428074e-02	0.000000e+00	-6.742274e+03	1.010863e+05
7.616000e-02	9.481265e+04	-2.394302e-03	3.441470e-02	0.000000e+00	-5.833819e+03	1.006465e+05
7.735000e-02	8.590626e+04	-2.435335e-03	3.454267e-02	0.000000e+00	-3.872585e+03	8.977885e+04
7.854000e-02	9.585306e+04	-2.476513e-03	3.467139e-02	0.000000e+00	-4.717417e+03	1.005705e+05
7.973000e-02	9.926581e+04	-2.517853e-03	3.480957e-02	0.000000e+00	-6.603968e+03	1.058698e+05
8.092000e-02	9.905660e+04	-2.559360e-03	3.495001e-02	0.000000e+00	-7.382727e+03	1.064393e+05
8.211000e-02	7.713652e+04	-2.601034e-03	3.507479e-02	0.000000e+00	-8.159759e+03	8.529627e+04
8.330000e-02	9.668440e+04	-2.642838e-03	3.519788e-02	0.000000e+00	-4.983832e+03	1.016682e+05
8.449000e-02	9.394496e+04	-2.684805e-03	3.533288e-02	0.000000e+00	-6.337861e+03	1.002828e+05
8.568000e-02	9.040073e+04	-2.726930e-03	3.546342e-02	0.000000e+00	-5.058347e+03	9.545908e+04
8.687000e-02	8.684295e+04	-2.769208e-03	3.558894e-02	0.000000e+00	-8.121498e+03	9.496445e+04
8.806000e-02	9.989278e+04	-2.811632e-03	3.572118e-02	0.000000e+00	-2.533763e+03	1.024265e+05
8.925000e-02	9.912738e+04	-2.854224e-03	3.586212e-02	0.000000e+00	-1.547719e+03	1.006751e+05
9.044000e-02	1.055821e+05	-2.896984e-03	3.600709e-02	0.000000e+00	-6.754218e+03	1.123363e+05
9.163000e-02	1.044006e+05	-2.939921e-03	3.615579e-02	0.000000e+00	-8.740451e+03	1.131411e+05
9.282000e-02	1.008736e+05	-2.983035e-03	3.630116e-02	0.000000e+00	-6.317219e+03	1.071908e+05
9.401000e-02	9.840863e+04	-3.026318e-03	3.644228e-02	0.000000e+00	-5.773447e+03	1.041821e+05
9.520000e-02	9.716499e+04	-3.069767e-03	3.658078e-02	0.000000e+00	-5.267628e+03	1.024326e+05
9.639000e-02	9.388253e+04	-3.113380e-03	3.671607e-02	0.000000e+00	-5.723716e+03	9.960625e+04
9.758000e-02	1.045563e+05	-3.157151e-03	3.685660e-02	0.000000e+00	-6.619589e+03	1.111759e+05
9.877000e-02	1.164093e+05	-3.201099e-03	3.701308e-02	0.000000e+00	-4.800728e+03	1.212100e+05
9.996000e-02	9.869028e+04	-3.245243e-03	3.716541e-02	0.000000e+00	-7.564607e+03	1.062549e+05
1.011500e-01	1.027365e+05	-3.289553e-03	3.730805e-02	0.000000e+00	-5.969870e+03	1.087064e+05
1.023400e-01	1.051311e+05	-3.334036e-03	3.745526e-02	0.000000e+00	-4.609011e+03	1.097401e+05
1.035300e-01	1.212751e+05	-3.378696e-03	3.761559e-02	0.000000e+00	-2.881778e+03	1.241569e+05
1.047200e-01	1.151048e+05	-3.423561e-03	3.778298e-02	0.000000e+00	-2.316189e+03	1.174210e+05
1.059100e-01	1.064356e+05	-3.468620e-03	3.793987e-02	0.000000e+00	-4.225123e+03	1.106608e+05
1.071000e-01	1.131916e+05	-3.513858e-03	3.809540e-02	0.000000e+00	-4.942739e+03	1.181343e+05
1.082900e-01	1.228604e+05	-3.559287e-03	3.826257e-02	0.000000e+00	-5.117389e+03	1.279778e+05
1.094800e-01	1.077014e+05	-3.604923e-03	3.842584e-02	0.000000e+00	-3.655114e+03	1.113565e+05
1.106700e-01	1.036123e+05	-3.650740e-03	3.857549e-02	0.000000e+00	-6.151724e+03	1.097641e+05
1.118600e-01	1.132522e+05	-3.696732e-03	3.872906e-02	0.000000e+00	-6.291953e+03	1.195441e+05
1.130500e-01	1.109046e+05	-3.742915e-03	3.888780e-02	0.000000e+00	-4.957789e+03	1.158624e+05
1.142400e-01	1.024486e+05	-3.789285e-03	3.903889e-02	0.000000e+00	-4.402439e+03	1.068511e+05
1.154300e-01	1.058406e+05	-3.835828e-03	3.918640e-02	0.000000e+00	-2.578305e+03	1.084189e+05
1.166200e-01	1.162018e+05	-3.882549e-03	3.934364e-02	0.000000e+00	-3.636275e+03	1.198380e+05
1.178100e-01	1.166185e+05	-3.929466e-03	3.950851e-02	0.000000e+00	-5.856262e+03	1.224747e+05
1.190000e-01	1.212065e+05	-3.976579e-03	3.967693e-02	0.000000e+00	-5.358872e+03	1.265653e+05
1.201900e-01	1.150262e+05	-4.023897e-03	3.984422e-02	0.000000e+00	-3.414357e+03	1.184406e+05
1.213800e-01	1.069707e+05	-4.071408e-03	4.000143e-02	0.000000e+00	-3.708046e+03	1.106788e+05
1.225700e-01	1.173678e+05	-4.119100e-03	4.016030e-02	0.000000e+00	-5.496317e+03	1.228641e+05
1.237600e-01	1.162767e+05	-4.166990e-03	4.032576e-02	0.000000e+00	-7.394398e+03	1.236711e+05
1.249500e-01	1.013269e+05	-4.215076e-03	4.047986e-02	0.000000e+00	-9.899214e+03	1.112261e+05
1.261400e-01	1.027365e+05	-4.263332e-03	4.062437e-02	0.000000e+00	-8.396010e+03	1.111325e+05
1.273300e-01	1.097607e+05	-4.311762e-03	4.077485e-02	0.000000e+00	-6.697338e+03	1.164580e+05
1.285200e-01	1.151377e+05	-4.360376e-03	4.093412e-02	0.000000e+00	-6.531572e+03	1.216693e+05
1.297100e-01	1.091913e+05	-4.409185e-03	4.109298e-02	0.000000e+00	-2.978061e+03	1.121694e+05
1.309000e-01	1.172308e+05	-4.458177e-03	4.125333e-02	0.000000e+00	-6.068050e+03	1.232988e+05
1.320900e-01	1.194221e+05	-4.507368e-03	4.142092e-02	0.000000e+00	-6.681381e+03	1.261035e+05
1.332800e-01	1.193537e+05	-4.556759e-03	4.159001e-02	0.000000e+00	-4.542397e+03	1.238961e+05
1.344700e-01	1.322785e+05	-4.606352e-03	4.176820e-02	0.000000e+00	-3.234037e+03	1.355125e+05
1.356600e-01	1.172502e+05	-4.656168e-03	4.194491e-02	0.000000e+00	-3.427763e+03	1.206780e+05
1.368500e-01	1.186400e+05	-4.706181e-03	4.211196e-02	0.000000e+00	-3.771300e+03	1.224113e+05
1.380400e-01	1.327182e+05	-4.756394e-03	4.228996e-02	0.000000e+00	-2.607685e+03	1.353259e+05
1.392300e-01	1.373957e+05	-4.806831e-03	4.248125e-02	0.000000e+00	-5.132493e+03	1.425282e+05
1.404200e-01	1.428152e+05	-4.857499e-03	4.267969e-02	0.000000e+00	-6.867598e+03	1.496828e+05
1.416100e-01	1.369324e+05	-4.908409e-03	4.287779e-02	0.000000e+00	-7.081064e+03	1.440135e+05
1.428000e-01	1.316502e+05	-4.959549e-03	4.306799e-02	0.000000e+00	-3.536530e+03	1.351868e+05
1.439900e-01	1.150622e+05	-5.010910e-03	4.324271e-02	0.000000e+00	-4.917697e+03	1.199799e+05
1.451800e-01	1.326001e+05	-5.062466e-03	4.341809e-02	0.000000e+00	-6.526704e+03	1.391268e+05
1.463700e-01	1.426921e+05	-5.114245e-03	4.361304e-02	0.000000e+00	-4.042511e+03	1.467346e+05
1.475600e-01	1.524517e+05	-5.166265e-03	4.382205e-02	0.000000e+00	-3.431024e+03	1.558827e+05
1.487500e-01	1.376053e+05	-5.218542e-03	4.402746e-02	0.000000e+00	-3.776050e+03	1.413813e+05
1.499400e-01	1.274827e+05	-5.271051e-03	4.421519e-02	0.000000e+00	-7.852130e+03	1.353348e+05
1.511300e-01	1.541827e+05	-5.323774e-03	4.441465e-02	0.000000e+00	-5.207887e+03	1.593906e+05
1.523200e-01	1.419051e+05	-5.376757e-03	4.462433e-02	0.000000e+00	-7.792702e+03	1.496978e+05
1.535100e-01	1.487142e+05	-5.429980e-03	4.483014e-02	0.000000e+00	-5.382306e+03	1.540965e+05
1.547000e-01	1.210345e+05	-5.483453e-03	4.502117e-02	0.000000e+00	-6.592345e+03	1.276269e+05
1.558900e-01	1.369677e+05	-5.537130e-03	4.520387e-02	0.000000e+00	-5.701087e+03	1.426688e+05
1.570800e-01	1.232767e+05	-5.591038e-03	4.538817e-02	0.000000e+00	-4.446489e+03	1.277232e+05
1.582700e-01	1.372481e+05	-5.645154e-03	4.557266e-02	0.000000e+00	-4.141270e+03	1.413894e+05
1.594600e-01	1.394459e+05	-5.699501e-03	4.576861e-02	0.000000e+00	-3.087404e+03	1.425333e+05
1.606500e-01	1.527229e+05	-5.754084e-03	4.597551e-02	0.000000e+00	-2.397123e+03	1.551201e+05
1.618400e-01	1.310476e+05	-5.808923e-03	4.617647e-02	0.000000e+00	-4.753061e+03	1.358006e+05
1.630300e-01	1.371145e+05	-5.863984e-03	4.636637e-02	0.000000e+00	-5.724509e+03	1.428390e+05
1.642200e-01	1.520169e+05	-5.919275e-03	4.657113e-02	0.000000e+00	-4.498187e+03	1.565151e+05
1.654100e-01	1.337435e+05	-5.974823e-03	4.677349e-02	0.000000e+00	-5.005804e+03	1.387493e+05
1.666000e-01	1.384425e+05	-6.030596e-03	4.696624e-02	0.000000e+00	-3.010777e+03	1.414532e+05
1.677900e-01	1.320021e+05	-6.086602e-03	4.715776e-02	0.000000e+00	-4.665989e+03	1.366681e+05
1.689800e-01	1.362845e+05	-6.142831e-03	4.734775e-02	0.000000e+00	-4.391504e+03	1.406760e+05
1.701700e-01	1.367257e+05	-6.199290e-03	4.754109e-02	0.000000e+00	-4.885000e+03	1.416107e+05
1.713600e-01	1.565040e+05	-6.255979e-03	4.774874e-02	0.000000e+00	-1.009008e+03	1.575130e+05
1.725500e-01	1.496159e+05	-6.312932e-03	4.796553e-02	0.000000e+00	-2.784599e+03	1.524005e+05
1.737400e-01	1.451719e+05	-6.370137e-03	4.817429e-02	0.000000e+00	-2.345115e+03	1.475170e+05
1.749300e-01	1.521696e+05	-6.427587e-03	4.838485e-02	0.000000e+00	-3.881729e+03	1.560513e+05
1.761200e-01	1.408066e+05	-6.485293e-03	4.859233e-02	0.000000e+00	-7.354199e+03	1.481608e+05
1.773100e-01	1.436251e+05	-6.543237e-03	4.879375e-02	0.000000e+00	-3.815127e+03	1.474403e+05
1.785000e-01	1.342234e+05	-6.601422e-03	4.899052e-02	0.000000e+00	-4.537985e+03	1.387614e+05
1.796900e-01	1.403182e+05	-6.659834e-03	4.918494e-02	0.000000e+00	-3.788619e+03	1.441068e+05
1.808800e-01	1.436292e+05	-6.718482e-03	4.938602e-02	0.000000e+00	-4.389947e+03	1.480191e+05
1.820700e-01	1.574330e+05	-6.777373e-03	4.959922e-02	0.000000e+00	-2.904638e+03	1.603376e+05
1.832600e-01	1.711187e+05	-6.836529e-03	4.983189e-02	0.000000e+00	-5.509350e+03	1.766280e+05
1.844500e-01	1.633079e+05	-6.895973e-03	5.006872e-02	0.000000e+00	-7.347293e+03	1.706552e+05
1.856400e-01	1.463011e+05	-6.955692e-03	5.028797e-02	0.000000e+00	-7.478804e+03	1.537799e+05
1.868300e-01	1.492979e+05	-7.015658e-03	5.049730e-02	0.000000e+00	-4.811747e+03	1.541096e+05
1.880200e-01	1.567549e+05	-7.075876e-03	5.071404e-02	0.000000e+00	-2.381527e+03	1.591364e+05
1.892100e-01	1.499420e+05	-7.136358e-03	5.093123e-02	0.000000e+00	-3.221559e+03	1.531636e+05
1.904000e-01	1.444263e+05	-7.197092e-03	5.113969e-02	0.000000e+00	-6.998549e+03	1.514249e+05
1.915900e-01	1.266162e+05	-7.258070e-03	5.133164e-02	0.000000e+00	-5.059951e+03	1.316761e+05
1.927800e-01	1.533828e+05	-7.319261e-03	5.152992e-02	0.000000e+00	-1.809446e+03	1.551922e+05
1.939700e-01	1.594157e+05	-7.380711e-03	5.175143e-02	0.000000e+00	-2.954335e+03	1.623701e+05
1.951600e-01	1.505018e+05	-7.442430e-03	5.197091e-02	0.000000e+00	-4.395323e+03	1.548971e+05
1.963500e-01	1.533009e+05	-7.504402e-03	5.218605e-02	0.000000e+00	-5.538605e+03	1.588395e+05
1.975400e-01	1.392107e+05	-7.566633e-03	5.239320e-02	0.000000e+00	-3.165278e+03	1.423760e+05
1.987300e-01	1.554106e+05	-7.629098e-03	5.260184e-02	0.000000e+00	-2.008146e+03	1.574187e+05
1.999200e-01	1.608112e+05	-7.691825e-03	5.282577e-02	0.000000e+00	-2.903280e+03	1.637145e+05
2.011100e-01	1.506887e+05	-7.754823e-03	5.304637e-02	0.000000e+00	-3.048324e+03	1.537371e+05
2.023000e-01	1.555193e+05	-7.818075e-03	5.326321e-02	0.000000e+00	-6.747808e+03	1.622671e+05
2.034900e-01	1.546986e+05	-7.881590e-03	5.348290e-02	0.000000e+00	-7.307469e+03	1.620061e+05
2.046800e-01	1.551984e+05	-7.945365e-03	5.370236e-02	0.000000e+00	-4.782423e+03	1.599809e+05
2.058700e-01	1.367025e+05	-8.009401e-03	5.390907e-02	0.000000e+00	-4.000417e+03	1.407029e+05
2.070600e-01	1.492324e+05	-8.073668e-03	5.411156e-02	0.000000e+00	-6.033583e+03	1.552659e+05
2.082500e-01	1.517316e+05	-8.138187e-03	5.432469e-02	0.000000e+00	-5.694914e+03	1.574265e+05
2.094400e-01	1.638198e+05	-8.202961e-03	5.454815e-02	0.000000e+00	-5.978464e+03	1.697982e+05
2.106300e-01	1.566003e+05	-8.268011e-03	5.477506e-02	0.000000e+00	-4.639482e+03	1.612397e+05
2.118200e-01	1.404075e+05	-8.333326e-03	5.498539e-02	0.000000e+00	-4.215099e+03	1.446226e+05
2.130100e-01	1.695550e+05	-8.398877e-03	5.520490e-02	0.000000e+00	-5.609322e+03	1.751643e+05
2.142000e-01	1.652635e+05	-8.464713e-03	5.544200e-02	0.000000e+00	-4.771792e+03	1.700353e+05
2.153900e-01	1.465747e+05	-8.530828e-03	5.566284e-02	0.000000e+00	-5.981181e+03	1.525559e+05
2.165800e-01	1.295235e+05	-8.597191e-03	5.585836e-02	0.000000e+00	-4.676497e+03	1.342000e+05
2.177700e-01	1.358060e+05	-8.663771e-03	5.604626e-02	0.000000e+00	-3.937062e+03	1.397430e+05
2.189600e-01	1.389524e+05	-8.730581e-03	5.624083e-02	0.000000e+00	-4.377684e+03	1.433301e+05
2.201500e-01	1.462990e+05	-8.797625e-03	5.644284e-02	0.000000e+00	-4.211323e+03	1.505103e+05
2.213400e-01	1.544710e+05	-8.864915e-03	5.665583e-02	0.000000e+00	-6.707983e+03	1.611790e+05
2.225300e-01	1.614814e+05	-8.932465e-03	5.687958e-02	0.000000e+00	-4.658482e+03	1.661399e+05
2.237200e-01	1.505509e+05	-9.000288e-03	5.710055e-02	0.000000e+00	-6.143394e+03	1.566943e+05
2.249100e-01	1.520937e+05	-9.068365e-03	5.731487e-02	0.000000e+00	-5.296011e+03	1.573897e+05
2.261000e-01	1.708480e+05	-9.136698e-03	5.754357e-02	0.000000e+00	-5.661780e+03	1.765098e+05
2.272900e-01	1.619055e+05	-9.205318e-03	5.777921e-02	0.000000e+00	-4.973374e+03	1.668788e+05
2.284800e-01	1.739561e+05	-9.274212e-03	5.801706e-02	0.000000e+00	-4.892637e+03	1.788488e+05
2.296700e-01	1.633379e+05	-9.343399e-03	5.825592e-02	0.000000e+00	-3.589682e+03	1.669276e+05
2.308600e-01	1.595959e+05	-9.412861e-03	5.848461e-02	0.000000e+00	-3.063353e+03	1.626593e+05
2.320500e-01	1.786947e+05	-9.482592e-03	5.872417e-02	0.000000e+00	-4.747413e+03	1.834421e+05
2.332400e-01	1.802101e+05	-9.552625e-03	5.897833e-02	0.000000e+00	-6.753578e+03	1.869637e+05
2.344300e-01	1.573433e+05	-9.622961e-03	5.921738e-02	0.000000e+00	-6.309850e+03	1.636532e+05
2.356200e-01	1.536383e+05	-9.693562e-03	5.943760e-02	0.000000e+00	-6.317015e+03	1.599554e+05
2.368100e-01	1.563360e+05	-9.764422e-03	5.965712e-02	0.000000e+00	-4.124850e+03	1.604609e+05
2.380000e-01	1.640157e+05	-9.835546e-03	5.988398e-02	0.000000e+00	-3.893161e+03	1.679089e+05
2.391900e-01	1.715570e+05	-9.906946e-03	6.012162e-02	0.000000e+00	-2.215349e+03	1.737724e+05
2.403800e-01	1.679553e+05	-9.978635e-03	6.036205e-02	0.000000e+00	-7.425567e+03	1.753809e+05
2.415700e-01	1.607329e+05	-1.005061e-02	6.059482e-02	0.000000e+00	-4.789928e+03	1.655228e+05
2.427600e-01	1.673106e+05	-1.012285e-02	6.082712e-02	0.000000e+00	-4.717653e+03	1.720282e+05
2.439500e-01	1.741186e+05	-1.019538e-02	6.106891e-02	0.000000e+00	-1.997953e+03	1.761166e+05
2.451400e-01	1.724762e+05	-1.026820e-02	6.131436e-02	0.000000e+00	-4.355998e+03	1.768322e+05
2.463300e-01	1.688425e+05	-1.034130e-02	6.155607e-02	0.000000e+00	-3.730332e+03	1.725729e+05
2.475200e-01	1.593545e+05	-1.041470e-02	6.178849e-02	0.000000e+00	-6.232363e+03	1.655869e+05
2.487100e-01	1.836791e+05	-1.048836e-02	6.203141e-02	0.000000e+00	-2.991108e+03	1.866702e+05
2.499000e-01	1.741537e+05	-1.056233e-02	6.228482e-02	0.000000e+00	-2.345719e+03	1.764994e+05
2.510900e-01	1.773159e+05	-1.063660e-02	6.253371e-02	0.000000e+00	-2.271457e+03	1.795874e+05
2.522800e-01	1.495045e+05	-1.071116e-02	6.276516e-02	0.000000e+00	-4.631838e+03	1.541364e+05
2.534700e-01	1.792818e+05	-1.078598e-02	6.299799e-02	0.000000e+00	-2.928092e+03	1.822099e+05
2.546600e-01	1.731977e+05	-1.086110e-02	6.324760e-02	0.000000e+00	-4.735707e+03	1.779334e+05
2.558500e-01	1.662801e+05	-1.093651e-02	6.348801e-02	0.000000e+00	-5.280075e+03	1.715601e+05
2.570400e-01	1.462652e+05	-1.101220e-02	6.370934e-02	0.000000e+00	-5.090919e+03	1.513561e+05
2.582300e-01	1.596423e+05	-1.108814e-02	6.392598e-02	0.000000e+00	-6.399499e+03	1.660418e+05
2.594200e-01	1.778890e+05	-1.116434e-02	6.416501e-02	0.000000e+00	-7.095369e+03	1.849843e+05
2.606100e-01	1.581759e+05	-1.124085e-02	6.440299e-02	0.000000e+00	-5.298923e+03	1.634748e+05
2.618000e-01	1.712615e+05	-1.131762e-02	6.463629e-02	0.000000e+00	-6.428190e+03	1.776897e+05
2.629900e-01	1.683332e+05	-1.139468e-02	6.487678e-02	0.000000e+00	-4.580599e+03	1.729138e+05
2.641800e-01	1.850985e+05	-1.147203e-02	6.512707e-02	0.000000e+00	-5.364291e+03	1.904628e+05
2.653700e-01	1.829119e+05	-1.154969e-02	6.538768e-02	0.000000e+00	-2.929604e+03	1.858415e+05
2.665600e-01	1.954160e+05	-1.162765e-02	6.565560e-02	0.000000e+00	-3.223179e+03	1.986392e+05
2.677500e-01	1.678155e+05	-1.170595e-02	6.591283e-02	0.000000e+00	-5.092643e+03	1.729081e+05
2.689400e-01	1.638730e+05	-1.178453e-02	6.614772e-02	0.000000e+00	-4.434678e+03	1.683077e+05
2.701300e-01	1.742485e+05	-1.186338e-02	6.638716e-02	0.000000e+00	-2.901290e+03	1.771498e+05
2.713200e-01	1.737643e+05	-1.194253e-02	6.663361e-02	0.000000e+00	-2.528996e+03	1.762933e+05
2.725100e-01	1.829719e+05	-1.202197e-02	6.688624e-02	0.000000e+00	-1.787950e+03	1.847598e+05
2.737000e-01	1.749060e+05	-1.210172e-02	6.713968e-02	0.000000e+00	-5.962884e+03	1.808689e+05
2.748900e-01	1.532401e+05	-1.218176e-02	6.737206e-02	0.000000e+00	-5.342807e+03	1.585829e+05
2.760800e-01	1.551279e+05	-1.226206e-02	6.759043e-02	0.000000e+00	-3.965474e+03	1.590934e+05
2.772700e-01	1.663333e+05	-1.234262e-02	6.781808e-02	0.000000e+00	-3.336707e+03	1.696700e+05
2.784600e-01	1.569781e+05	-1.242347e-02	6.804704e-02	0.000000e+00	-6.054960e+03	1.630331e+05
2.796500e-01	1.639125e+05	-1.250458e-02	6.827428e-02	0.000000e+00	-2.505877e+03	1.664184e+05
2.808400e-01	1.864296e+05	-1.258596e-02	6.852238e-02	0.000000e+00	-5.693538e+03	1.921231e+05
2.820300e-01	1.824516e+05	-1.266766e-02	6.878361e-02	0.000000e+00	-3.809483e+03	1.862611e+05
2.832200e-01	1.725788e+05	-1.274967e-02	6.903503e-02	0.000000e+00	-3.525448e+03	1.761042e+05
2.844100e-01	1.850654e+05	-1.283196e-02	6.928830e-02	0.000000e+00	-6.001268e+03	1.910666e+05
2.856000e-01	1.956124e+05	-1.291457e-02	6.955788e-02	0.000000e+00	-5.950986e+03	2.015634e+05
2.867900e-01	1.709468e+05	-1.299751e-02	6.981747e-02	0.000000e+00	-4.983076e+03	1.759299e+05
2.879800e-01	1.927204e+05	-1.308074e-02	7.007500e-02	0.000000e+00	-2.761978e+03	1.954823e+05
2.891700e-01	1.734264e+05	-1.316429e-02	7.033430e-02	0.000000e+00	-3.909494e+03	1.773359e+05
2.903600e-01	1.718777e+05	-1.324813e-02	7.057883e-02	0.000000e+00	-5.176336e+03	1.770541e+05
2.915500e-01	1.613478e+05	-1.333227e-02	7.081481e-02	0.000000e+00	-3.807260e+03	1.651551e+05
2.927400e-01	1.647445e+05	-1.341667e-02	7.104573e-02	0.000000e+00	-4.789229e+03	1.695337e+05
2.939300e-01	1.723933e+05	-1.350136e-02	7.128448e-02	0.000000e+00	-4.163134e+03	1.765564e+05
2.951200e-01	1.935104e+05	-1.358633e-02	7.154360e-02	0.000000e+00	-2.029071e+03	1.955394e+05
2.963100e-01	1.879802e+05	-1.367163e-02	7.181376e-02	0.000000e+00	-3.386250e+03	1.913664e+05
2.975000e-01	2.046446e+05	-1.375725e-02	7.209180e-02	0.000000e+00	-4.472869e+03	2.091174e+05
2.986900e-01	1.914562e+05	-1.384321e-02	7.237231e-02	0.000000e+00	-5.141635e+03	1.965978e+05
2.998800e-01	1.643475e+05	-1.392949e-02	7.262428e-02	0.000000e+00	-4.717744e+03	1.690652e+05
3.010700e-01	1.646446e+05	-1.401605e-02	7.285726e-02	0.000000e+00	-5.909438e+03	1.705541e+05
3.022600e-01	1.758489e+05	-1.410289e-02	7.309838e-02	0.000000e+00	-7.971286e+03	1.838202e+05
3.034500e-01	1.755646e+05	-1.419003e-02	7.334724e-02	0.000000e+00	-2.996045e+03	1.785606e+05
3.046400e-01	2.012046e+05	-1.427746e-02	7.361406e-02	0.000000e+00	-6.252629e+03	2.074572e+05
3.058300e-01	1.959416e+05	-1.436523e-02	7.389530e-02	0.000000e+00	-3.169338e+03	1.991109e+05
3.070200e-01	1.540719e+05	-1.445333e-02	7.414317e-02	0.000000e+00	-4.871255e+03	1.589432e+05
3.082100e-01	1.630003e+05	-1.454169e-02	7.436771e-02	0.000000e+00	-3.650413e+03	1.666507e+05
3.094000e-01	1.823634e+05	-1.463033e-02	7.461228e-02	0.000000e+00	-3.770784e+03	1.861342e+05
3.105900e-01	1.824011e+05	-1.471927e-02	7.487060e-02	0.000000e+00	-4.332413e+03	1.867335e+05
3.117800e-01	1.711055e+05	-1.480852e-02	7.512094e-02	0.000000e+00	-3.512733e+03	1.746183e+05
3.129700e-01	1.768125e+05	-1.489806e-02	7.536732e-02	0.000000e+00	-3.484167e+03	1.802967e+05
3.141600e-01	1.822191e+05	-1.498789e-02	7.562157e-02	0.000000e+00	-4.363296e+03	1.865824e+05
3.153500e-01	1.743767e+05	-1.507803e-02	7.587410e-02	0.000000e+00	-4.223830e+03	1.786006e+05
3.165400e-01	1.678184e+05	-1.516847e-02	7.611643e-02	0.000000e+00	-3.982872e+03	1.718012e+05
3.177300e-01	1.829504e+05	-1.525919e-02	7.636483e-02	0.000000e+00	-3.701178e+03	1.866516e+05
3.189200e-01	1.845001e+05	-1.535022e-02	7.662505e-02	0.000000e+00	-1.495720e+03	1.859958e+05
3.201100e-01	1.792145e+05	-1.544156e-02	7.688262e-02	0.000000e+00	-3.876122e+03	1.830906e+05
3.213000e-01	1.786130e+05	-1.553320e-02	7.713602e-02	0.000000e+00	-2.787794e+03	1.814008e+05
3.224900e-01	1.771478e+05	-1.562514e-02	7.738796e-02	0.000000e+00	-5.497657e+03	1.826454e+05
3.236800e-01	1.984412e+05	-1.571738e-02	7.765394e-02	0.000000e+00	-5.253269e+03	2.036945e+05
3.248700e-01	2.064462e+05	-1.580996e-02	7.794066e-02	0.000000e+00	-9.190371e+02	2.073653e+05
3.260600e-01	1.955499e+05	-1.590288e-02	7.822534e-02	0.000000e+00	-2.655619e+03	1.982056e+05
3.272500e-01	1.956564e+05	-1.599614e-02	7.850238e-02	0.000000e+00	-2.764851e+03	1.984212e+05
3.284400e-01	1.769550e+05	-1.608972e-02	7.876625e-02	0.000000e+00	-2.535965e+03	1.794910e+05
3.296300e-01	1.857893e+05	-1.618360e-02	7.902313e-02	0.000000e+00	-3.776578e+03	1.895659e+05
3.308200e-01	1.947767e+05	-1.627779e-02	7.929264e-02	0.000000e+00	-3.736826e+03	1.985136e+05
3.320100e-01	1.689959e+05	-1.637232e-02	7.955025e-02	0.000000e+00	-3.226564e+03	1.722225e+05
3.332000e-01	1.891862e+05	-1.646712e-02	7.980390e-02	0.000000e+00	-3.657851e+03	1.928441e+05
3.343900e-01	1.733052e+05	-1.656225e-02	8.006060e-02	0.000000e+00	-4.071412e+03	1.773766e+05
3.355800e-01	1.899880e+05	-1.665767e-02	8.031788e-02	0.000000e+00	-4.267700e+03	1.942557e+05
3.367700e-01	1.845768e+05	-1.675341e-02	8.058313e-02	0.000000e+00	-2.565084e+03	1.871419e+05
3.379600e-01	1.796520e+05	-1.684946e-02	8.084106e-02	0.000000e+00	-2.615976e+03	1.822679e+05
3.391500e-01	1.925419e+05	-1.694581e-02	8.110464e-02	0.000000e+00	-1.769850e+03	1.943118e+05
3.403400e-01	1.960921e+05	-1.704248e-02	8.137986e-02	0.000000e+00	-2.256581e+03	1.983487e+05
3.415300e-01	1.711169e+05	-1.713949e-02	8.163990e-02	0.000000e+00	-2.143552e+03	1.732604e+05
3.427200e-01	1.768226e+05	-1.723679e-02	8.188630e-02	0.000000e+00	-2.000614e+03	1.788232e+05
3.439100e-01	1.769502e+05	-1.733438e-02	8.213683e-02	0.000000e+00	-3.558191e+03	1.805083e+05
3.451000e-01	1.900611e+05	-1.743227e-02	8.239673e-02	0.000000e+00	-5.586126e+03	1.956472e+05
3.462900e-01	1.866485e+05	-1.753049e-02	8.266350e-02	0.000000e+00	-6.349981e+03	1.929985e+05
3.474800e-01	1.812886e+05	-1.762901e-02	8.292406e-02	0.000000e+00	-2.262766e+03	1.835514e+05
3.486700e-01	1.904717e+05	-1.772784e-02	8.318733e-02	0.000000e+00	-5.759874e+03	1.962315e+05
3.498600e-01	1.744658e+05	-1.782700e-02	8.344577e-02	0.000000e+00	-5.100285e+03	1.795661e+05
3.510500e-01	1.817235e+05	-1.792645e-02	8.369801e-02	0.000000e+00	-5.937320e+03	1.876608e+05
3.522400e-01	1.948488e+05	-1.802620e-02	8.396468e-02	0.000000e+00	-2.005362e+03	1.968542e+05
3.534300e-01	1.882048e+05	-1.812628e-02	8.423595e-02	0.000000e+00	-5.542403e+03	1.937472e+05
3.546200e-01	1.828093e+05	-1.822668e-02	8.449869e-02	0.000000e+00	-3.728996e+03	1.865383e+05
3.558100e-01	1.780729e+05	-1.832739e-02	8.475425e-02	0.000000e+00	-4.017169e+03	1.820900e+05
3.570000e-01	1.891843e+05	-1.842840e-02	8.501433e-02	0.000000e+00	-4.323906e+03	1.935082e+05
3.581900e-01	1.787856e+05	-1.852972e-02	8.527491e-02	0.000000e+00	-7.493947e+03	1.862796e+05
3.593800e-01	1.707708e+05	-1.863135e-02	8.552246e-02	0.000000e+00	-5.240324e+03	1.760112e+05
3.605700e-01	1.793037e+05	-1.873327e-02	8.577037e-02	0.000000e+00	-6.588028e+03	1.858917e+05
3.617600e-01	1.893693e+05	-1.883548e-02	8.603145e-02	0.000000e+00	-7.828529e+03	1.971979e+05
3.629500e-01	1.782470e+05	-1.893802e-02	8.629178e-02	0.000000e+00	-3.821008e+03	1.820680e+05
3.641400e-01	1.874967e+05	-1.904086e-02	8.655079e-02	0.000000e+00	-2.857140e+03	1.903539e+05
3.653300e-01	2.136331e+05	-1.914401e-02	8.683485e-02	0.000000e+00	-4.137639e+03	2.177707e+05
3.665200e-01	1.907594e+05	-1.924753e-02	8.712123e-02	0.000000e+00	-3.642585e+03	1.944020e+05
3.677100e-01	1.796626e+05	-1.935136e-02	8.738355e-02	0.000000e+00	-1.578518e+03	1.812411e+05
3.689000e-01	1.893615e+05	-1.945550e-02	8.764488e-02	0.000000e+00	-4.875301e+03	1.942368e+05
3.700900e-01	1.831168e+05	-1.955996e-02	8.790866e-02	0.000000e+00	-4.957632e+03	1.880744e+05
3.712800e-01	2.016310e+05	-1.966472e-02	8.818112e-02	0.000000e+00	-2.304015e+03	2.039350e+05
3.724700e-01	1.940757e+05	-1.976983e-02	8.846135e-02	0.000000e+00	-4.262225e+03	1.983380e+05
3.736600e-01	1.978683e+05	-1.987526e-02	8.873891e-02	0.000000e+00	-4.553851e+03	2.024222e+05
3.748500e-01	2.100878e+05	-1.998102e-02	8.902781e-02	0.000000e+00	-1.703920e+03	2.117917e+05
3.760400e-01	1.873969e+05	-2.008714e-02	8.930929e-02	0.000000e+00	-3.194694e+03	1.905916e+05
3.772300e-01	1.792555e+05	-2.019358e-02	8.956894e-02	0.000000e+00	-3.592268e+03	1.828478e+05
3.784200e-01	1.757895e+05	-2.030032e-02	8.982037e-02	0.000000e+00	-4.256156e+03	1.800456e+05
3.796100e-01	1.862645e+05	-2.040735e-02	9.007677e-02	0.000000e+00	-5.078133e+03	1.913426e+05
3.808000e-01	1.944384e+05	-2.051470e-02	9.034637e-02	0.000000e+00	-2.740217e+03	1.971786e+05
3.819900e-01	1.889672e+05	-2.062238e-02	9.061788e-02	0.000000e+00	-2.724593e+03	1.916917e+05
3.831800e-01	1.920247e+05	-2.073037e-02	9.088769e-02	0.000000e+00	-1.524745e+03	1.935494e+05
3.843700e-01	2.168703e+05	-2.083869e-02	9.117725e-02	0.000000e+00	-9.501964e+02	2.178205e+05
3.855600e-01	1.937474e+05	-2.094737e-02	9.146804e-02	0.000000e+00	-1.249657e+03	1.949970e+05
3.867500e-01	1.915175e+05	-2.105638e-02	9.174087e-02	0.000000e+00	-4.546600e+03	1.960641e+05
3.879400e-01	1.980765e+05	-2.116572e-02	9.201676e-02	0.000000e+00	-6.125484e+03	2.042019e+05
3.891300e-01	1.738847e+05	-2.127538e-02	9.228017e-02	0.000000e+00	-6.419189e+03	1.803039e+05
3.903200e-01	1.773376e+05	-2.138534e-02	9.252890e-02	0.000000e+00	-3.582525e+03	1.809201e+05
3.915100e-01	1.988959e+05	-2.149560e-02	9.279533e-02	0.000000e+00	-1.094203e+03	1.999901e+05
3.927000e-01	2.167888e+05	-2.160620e-02	9.308971e-02	0.000000e+00	-3.284446e+03	2.200733e+05
3.938900e-01	2.129954e+05	-2.171716e-02	9.339406e-02	0.000000e+00	-3.877429e+03	2.168728e+05
3.950800e-01	1.983655e+05	-2.182847e-02	9.368538e-02	0.000000e+00	-2.640469e+03	2.010060e+05
3.962700e-01	1.922344e+05	-2.194013e-02	9.396198e-02	0.000000e+00	-5.266708e+03	1.975011e+05
3.974600e-01	2.187408e+05	-2.205210e-02	9.425302e-02	0.000000e+00	-3.495755e+03	2.222366e+05
3.986500e-01	1.862917e+05	-2.216445e-02	9.453985e-02	0.000000e+00	-1.349394e+03	1.876411e+05
3.998400e-01	2.016896e+05	-2.227711e-02	9.481461e-02	0.000000e+00	-1.498794e+03	2.031883e+05
4.010300e-01	1.868842e+05	-2.239011e-02	9.508978e-02	0.000000e+00	-2.688772e+03	1.895729e+05
4.022200e-01	1.965505e+05	-2.250342e-02	9.536132e-02	0.000000e+00	-2.663523e+03	1.992141e+05
4.034100e-01	1.972518e+05	-2.261707e-02	9.564019e-02	0.000000e+00	-2.410598e+03	1.996624e+05
4.046000e-01	2.044703e+05	-2.273105e-02	9.592468e-02	0.000000e+00	-1.071305e+03	2.055416e+05
4.057900e-01	1.943327e+05	-2.284537e-02	9.620710e-02	0.000000e+00	-3.551762e+03	1.978845e+05
4.069800e-01	2.014932e+05	-2.296002e-02	9.648741e-02	0.000000e+00	-3.948731e+03	2.054419e+05
4.081700e-01	1.952659e+05	-2.307501e-02	9.676838e-02	0.000000e+00	-3.081280e+03	1.983472e+05
4.093600e-01	2.018184e+05	-2.319033e-02	9.704958e-02	0.000000e+00	-1.220753e+03	2.030392e+05
4.105500e-01	1.920264e+05	-2.330599e-02	9.732849e-02	0.000000e+00	-2.138837e+03	1.941652e+05
4.117400e-01	1.714707e+05	-2.342197e-02	9.758590e-02	0.000000e+00	-2.453350e+03	1.739240e+05
4.129300e-01	1.770341e+05	-2.353824e-02	9.783270e-02	0.000000e+00	-8.335086e+02	1.778676e+05
4.141200e-01	1.820192e+05	-2.365481e-02	9.808697e-02	0.000000e+00	-2.836435e+03	1.848556e+05
4.153100e-01	2.079977e+05	-2.377169e-02	9.836317e-02	0.000000e+00	-4.394012e+03	2.123918e+05
4.165000e-01	2.077534e+05	-2.388892e-02	9.865759e-02	0.000000e+00	-4.957304e+03	2.127107e+05
4.176900e-01	1.905256e+05	-2.400649e-02	9.893963e-02	0.000000e+00	-2.405727e+03	1.929313e+05
4.188800e-01	1.922671e+05	-2.412439e-02	9.921071e-02	0.000000e+00	-2.490142e+03	1.947572e+05
4.200700e-01	1.905252e+05	-2.424262e-02	9.948179e-02	0.000000e+00	-2.492552e+03	1.930178e+05
4.212600e-01	2.098648e+05	-2.436116e-02	9.976534e-02	0.000000e+00	-5.722024e+03	2.155868e+05
4.224500e-01	2.024440e+05	-2.448006e-02	1.000573e-01	0.000000e+00	-4.326320e+03	2.067703e+05
4.236400e-01	1.836787e+05	-2.459930e-02	1.003308e-01	0.000000e+00	-2.478138e+03	1.861569e+05
4.248300e-01	1.823803e+05	-2.471884e-02	1.005900e-01	0.000000e+00	-2.607518e+03	1.849878e+05
4.260200e-01	2.052848e+05	-2.483870e-02	1.008645e-01	0.000000e+00	-3.274788e+03	2.085596e+05
4.272100e-01	1.917764e+05	-2.495890e-02	1.011457e-01	0.000000e+00	-9.710844e+02	1.927475e+05
4.284000e-01	2.026664e+05	-2.507943e-02	1.014250e-01	0.000000e+00	-4.332266e+03	2.069987e+05
4.295900e-01	2.091385e+05	-2.520029e-02	1.017167e-01	0.000000e+00	-4.804500e+03	2.139430e+05
4.307800e-01	1.997760e+05	-2.532151e-02	1.020062e-01	0.000000e+00	-3.407036e+03	2.031830e+05
4.319700e-01	1.837565e+05	-2.544307e-02	1.022778e-01	0.000000e+00	-3.565899e+03	1.873224e+05
4.331600e-01	2.012770e+05	-2.556493e-02	1.025505e-01	0.000000e+00	-2.879524e+03	2.041565e+05
4.343500e-01	2.006157e+05	-2.568714e-02	1.028351e-01	0.000000e+00	-4.306092e+03	2.049218e+05
4.355400e-01	1.978083e+05	-2.580968e-02	1.031173e-01	0.000000e+00	-3.100285e+03	2.009086e+05
4.367300e-01	2.024470e+05	-2.593256e-02	1.034007e-01	0.000000e+00	-3.537247e+03	2.059843e+05
4.379200e-01	2.060871e+05	-2.605577e-02	1.036900e-01	0.000000e+00	-2.880032e+03	2.089672e+05
4.391100e-01	2.046951e+05	-2.617934e-02	1.039809e-01	0.000000e+00	-3.465609e+03	2.081607e+05
4.403000e-01	2.078522e+05	-2.630325e-02	1.042731e-01	0.000000e+00	-3.943271e+03	2.117954e+05
4.414900e-01	2.147934e+05	-2.642751e-02	1.045724e-01	0.000000e+00	-4.716541e+03	2.195099e+05
4.426800e-01	1.928808e+05	-2.655213e-02	1.048611e-01	0.000000e+00	-4.183764e+03	1.970646e+05
4.438700e-01	1.959243e+05	-2.667708e-02	1.051364e-01	0.000000e+00	-3.743552e+03	1.996678e+05
4.450600e-01	1.909713e+05	-2.680236e-02	1.054104e-01	0.000000e+00	-6.105949e+03	1.970772e+05
4.462500e-01	2.082990e+05	-2.692796e-02	1.056931e-01	0.000000e+00	-6.401866e+03	2.147008e+05
4.474400e-01	2.036616e+05	-2.705391e-02	1.059849e-01	0.000000e+00	-4.198229e+03	2.078599e+05
4.486300e-01	2.076243e+05	-2.718020e-02	1.062761e-01	0.000000e+00	-4.353135e+03	2.119774e+05
4.498200e-01	2.059034e+05	-2.730684e-02	1.065690e-01	0.000000e+00	-4.472063e+03	2.103755e+05
4.510100e-01	2.042287e+05	-2.743383e-02	1.068594e-01	0.000000e+00	-2.206922e+03	2.064356e+05
4.522000e-01	2.066715e+05	-2.756117e-02	1.071504e-01	0.000000e+00	-1.487669e+03	2.081592e+05
4.533900e-01	2.100136e+05	-2.768885e-02	1.074455e-01	0.000000e+00	-1.279636e+03	2.112932e+05
4.545800e-01	2.033171e+05	-2.781689e-02	1.077382e-01	0.000000e+00	-2.383827e+03	2.057009e+05
4.557700e-01	1.830660e+05	-2.794527e-02	1.080118e-01	0.000000e+00	-5.121376e+03	1.881874e+05
4.569600e-01	1.703939e+05	-2.807396e-02	1.082621e-01	0.000000e+00	-5.655505e+03	1.760494e+05
4.581500e-01	1.902262e+05	-2.820293e-02	1.085175e-01	0.000000e+00	-4.201067e+03	1.944273e+05
4.593400e-01	1.832538e+05	-2.833223e-02	1.087820e-01	0.000000e+00	-1.657446e+03	1.849112e+05
4.605300e-01	2.082685e+05	-2.846183e-02	1.090593e-01	0.000000e+00	-2.761570e+03	2.110300e+05
4.617200e-01	2.193287e+05	-2.859179e-02	1.093621e-01	0.000000e+00	-5.512276e+03	2.248410e+05
4.629100e-01	2.128750e+05	-2.872212e-02	1.096681e-01	0.000000e+00	-3.121290e+03	2.159963e+05
4.641000e-01	2.011405e+05	-2.885280e-02	1.099613e-01	0.000000e+00	-5.858670e+03	2.069991e+05
4.652900e-01	2.057008e+05	-2.898382e-02	1.102494e-01	0.000000e+00	-3.543490e+03	2.092442e+05
4.664800e-01	2.074055e+05	-2.911519e-02	1.105420e-01	0.000000e+00	-6.050297e+02	2.080105e+05
4.676700e-01	2.094092e+05	-2.924691e-02	1.108372e-01	0.000000e+00	-4.056314e+03	2.134655e+05
4.688600e-01	2.007831e+05	-2.937899e-02	1.111276e-01	0.000000e+00	-2.921971e+03	2.037051e+05
4.700500e-01	1.881577e+05	-2.951140e-02	1.114031e-01	0.000000e+00	-3.232803e+03	1.913906e+05
4.712400e-01	2.092866e+05	-2.964413e-02	1.116845e-01	0.000000e+00	-1.676024e+03	2.109626e+05
4.724300e-01	1.918656e+05	-2.977721e-02	1.119686e-01	0.000000e+00	-2.583481e+03	1.944491e+05
4.736200e-01	1.912405e+05	-2.991061e-02	1.122399e-01	0.000000e+00	-3.110959e+03	1.943515e+05
4.748100e-01	2.014120e+05	-3.004434e-02	1.125180e-01	0.000000e+00	-2.237122e+03	2.036491e+05
4.760000e-01	2.012648e+05	-3.017840e-02	1.128031e-01	0.000000e+00	-2.982737e+03	2.042475e+05
4.771900e-01	2.050648e+05	-3.031281e-02	1.130909e-01	0.000000e+00	-4.969922e+02	2.055618e+05
4.783800e-01	2.059667e+05	-3.044756e-02	1.133820e-01	0.000000e+00	-3.617867e+03	2.095845e+05
4.795700e-01	2.019244e+05	-3.058266e-02	1.136708e-01	0.000000e+00	-4.602126e+03	2.065265e+05
4.807600e-01	1.951616e+05	-3.071810e-02	1.139520e-01	0.000000e+00	-4.026944e+03	1.991886e+05
4.819500e-01	1.905717e+05	-3.085386e-02	1.142252e-01	0.000000e+00	-2.828473e+03	1.934002e+05
4.831400e-01	1.902871e+05	-3.098995e-02	1.144949e-01	0.000000e+00	-3.902125e+03	1.941892e+05
4.843300e-01	2.136090e+05	-3.112636e-02	1.147809e-01	0.000000e+00	-2.177740e+03	2.157868e+05
4.855200e-01	2.260046e+05	-3.126313e-02	1.150922e-01	0.000000e+00	-5.305489e+02	2.265351e+05
4.867100e-01	1.927686e+05	-3.140028e-02	1.153888e-01	0.000000e+00	-8.035633e+02	1.935722e+05
4.879000e-01	2.151715e+05	-3.153776e-02	1.156777e-01	0.000000e+00	-4.293031e+03	2.194645e+05
4.890900e-01	2.187554e+05	-3.167559e-02	1.159850e-01	0.000000e+00	-5.343213e+03	2.240986e+05
4.902800e-01	2.122951e+05	-3.181380e-02	1.162902e-01	0.000000e+00	-3.837265e+03	2.161324e+05
4.914700e-01	2.036304e+05	-3.195236e-02	1.165848e-01	0.000000e+00	-1.886019e+03	2.055164e+05
4.926600e-01	1.906955e+05	-3.209127e-02	1.168640e-01	0.000000e+00	-3.551584e+03	1.942471e+05
4.938500e-01	1.922982e+05	-3.223050e-02	1.171353e-01	0.000000e+00	-2.251947e+03	1.945502e+05
4.950400e-01	1.931644e+05	-3.237005e-02	1.174082e-01	0.000000e+00	-7.224543e+02	1.938869e+05
4.962300e-01	2.041063e+05	-3.250993e-02	1.176896e-01	0.000000e+00	-9.678584e+02	2.050742e+05
4.974200e-01	2.153677e+05	-3.265016e-02	1.179866e-01	0.000000e+00	-4.196219e+03	2.195639e+05
4.986100e-01	2.068106e+05	-3.279074e-02	1.182856e-01	0.000000e+00	-3.332110e+03	2.101427e+05
4.998000e-01	2.103847e+05	-3.293168e-02	1.185810e-01	0.000000e+00	-1.463979e+03	2.118487e+05
5.009900e-01	2.005755e+05	-3.307296e-02	1.188721e-01	0.000000e+00	-2.487609e+03	2.030631e+05
5.021800e-01	2.100368e+05	-3.321459e-02	1.191628e-01	0.000000e+00	-2.265808e+03	2.123026e+05
5.033700e-01	2.033764e+05	-3.335657e-02	1.194556e-01	0.000000e+00	-2.360181e+03	2.057366e+05
5.045600e-01	1.930088e+05	-3.349889e-02	1.197363e-01	0.000000e+00	-4.286860e+03	1.972956e+05
5.057500e-01	2.206783e+05	-3.364154e-02	1.200293e-01	0.000000e+00	-2.927108e+03	2.236054e+05
5.069400e-01	2.117988e+05	-3.378456e-02	1.203355e-01	0.000000e+00	-3.981071e+03	2.157798e+05
5.081300e-01	2.049390e+05	-3.392794e-02	1.206307e-01	0.000000e+00	-2.792345e+03	2.077313e+05
5.093200e-01	2.137266e+05	-3.407167e-02	1.209271e-01	0.000000e+00	-2.850015e+03	2.165766e+05
5.105100e-01	2.147606e+05	-3.421575e-02	1.212306e-01	0.000000e+00	-3.042639e+03	2.178032e+05
5.117000e-01	2.246499e+05	-3.436019e-02	1.215418e-01	0.000000e+00	-2.396254e+03	2.270461e+05
5.128900e-01	2.017686e+05	-3.450502e-02	1.218437e-01	0.000000e+00	-1.103415e+03	2.028720e+05
5.140800e-01	2.021977e+05	-3.465018e-02	1.221298e-01	0.000000e+00	-2.283447e+03	2.044811e+05
5.152700e-01	1.959969e+05	-3.479569e-02	1.224118e-01	0.000000e+00	-5.771907e+02	1.965740e+05
5.164600e-01	2.048294e+05	-3.494152e-02	1.226956e-01	0.000000e+00	-2.706724e+03	2.075361e+05
5.176500e-01	2.114755e+05	-3.508770e-02	1.229905e-01	0.000000e+00	-2.411371e+03	2.138869e+05
5.188400e-01	1.877149e+05	-3.523424e-02	1.232731e-01	0.000000e+00	-2.046403e+03	1.897613e+05
5.200300e-01	1.959425e+05	-3.538109e-02	1.235448e-01	0.000000e+00	-2.073141e+03	1.980156e+05
5.212200e-01	1.914143e+05	-3.552828e-02	1.238191e-01	0.000000e+00	-3.267124e+03	1.946815e+05
5.224100e-01	2.043878e+05	-3.567578e-02	1.240994e-01	0.000000e+00	-1.375758e+03	2.057636e+05
5.236000e-01	2.117505e+05	-3.582363e-02	1.243941e-01	0.000000e+00	-2.845254e+03	2.145958e+05
5.247900e-01	2.174924e+05	-3.597184e-02	1.246981e-01	0.000000e+00	-3.487705e+03	2.209801e+05
5.259800e-01	2.195699e+05	-3.612041e-02	1.250076e-01	0.000000e+00	-4.165281e+03	2.237352e+05
5.271700e-01	2.192279e+05	-3.626936e-02	1.253184e-01	0.000000e+00	-4.882318e+03	2.241102e+05
5.283600e-01	2.049560e+05	-3.641867e-02	1.256188e-01	0.000000e+00	-5.340551e+02	2.054901e+05
5.295500e-01	1.989935e+05	-3.656833e-02	1.259048e-01	0.000000e+00	-4.621492e+02	1.994557e+05
5.307400e-01	2.072765e+05	-3.671833e-02	1.261925e-01	0.000000e+00	-1.772271e+03	2.090488e+05
5.319300e-01	2.150297e+05	-3.686867e-02	1.264916e-01	0.000000e+00	-2.372184e+03	2.174019e+05
5.331200e-01	2.049278e+05	-3.701938e-02	1.267890e-01	0.000000e+00	-1.722349e+03	2.066502e+05
5.343100e-01	2.111867e+05	-3.717043e-02	1.270837e-01	0.000000e+00	-4.898738e+03	2.160854e+05
5.355000e-01	2.137836e+05	-3.732183e-02	1.273846e-01	0.000000e+00	-3.490912e+03	2.172746e+05
5.366900e-01	2.266225e+05	-3.747360e-02	1.276965e-01	0.000000e+00	-2.272125e+03	2.288946e+05
5.378800e-01	2.328913e+05	-3.762575e-02	1.280219e-01	0.000000e+00	-2.055385e+03	2.349467e+05
5.390700e-01	2.064358e+05	-3.777829e-02	1.283330e-01	0.000000e+00	-3.496217e+03	2.099320e+05
5.402600e-01	2.105419e+05	-3.793119e-02	1.286283e-01	0.000000e+00	-1.638688e+03	2.121806e+05
5.414500e-01	2.202633e+05	-3.808443e-02	1.289334e-01	0.000000e+00	-4.747142e+03	2.250104e+05
5.426400e-01	2.188465e+05	-3.823805e-02	1.292444e-01	0.000000e+00	-4.012643e+03	2.228592e+05
5.438300e-01	2.052983e+05	-3.839203e-02	1.295447e-01	0.000000e+00	-1.861723e+03	2.071600e+05
5.450200e-01	2.034563e+05	-3.854636e-02	1.298342e-01	0.000000e+00	-1.985400e+03	2.054417e+05
5.462100e-01	2.134089e+05	-3.870104e-02	1.301294e-01	0.000000e+00	-4.950703e+03	2.183596e+05
5.474000e-01	2.013077e+05	-3.885607e-02	1.304231e-01	0.000000e+00	-2.886259e+03	2.041940e+05
5.485900e-01	2.004968e+05	-3.901144e-02	1.307076e-01	0.000000e+00	-3.809773e+03	2.043066e+05
5.497800e-01	1.966309e+05	-3.916716e-02	1.309889e-01	0.000000e+00	-2.787388e+03	1.994182e+05
5.509700e-01	1.879780e+05	-3.932320e-02	1.312612e-01	0.000000e+00	-2.772069e+03	1.907500e+05
5.521600e-01	2.064279e+05	-3.947956e-02	1.315405e-01	0.000000e+00	-3.148742e+03	2.095767e+05
5.533500e-01	2.014436e+05	-3.963626e-02	1.318294e-01	0.000000e+00	-2.986766e+03	2.044304e+05
5.545400e-01	2.035147e+05	-3.979331e-02	1.321161e-01	0.000000e+00	-2.389890e+03	2.059046e+05
5.557300e-01	1.974687e+05	-3.995070e-02	1.324001e-01	0.000000e+00	-2.466479e+03	1.999352e+05
5.569200e-01	2.172643e+05	-4.010842e-02	1.326938e-01	0.000000e+00	-2.109648e+03	2.193739e+05
5.581100e-01	2.153266e+05	-4.026651e-02	1.330002e-01	0.000000e+00	-5.800358e+02	2.159066e+05
5.593000e-01	2.154868e+05	-4.042496e-02	1.333052e-01	0.000000e+00	-2.057149e+03	2.175440e+05
5.604900e-01	2.343307e+05	-4.058378e-02	1.336238e-01	0.000000e+00	-1.976281e+03	2.363070e+05
5.616800e-01	2.281946e+05	-4.074299e-02	1.339513e-01	0.000000e+00	-1.930128e+03	2.301247e+05
5.628700e-01	2.089059e+05	-4.090258e-02	1.342609e-01	0.000000e+00	-8.344390e+02	2.097404e+05
5.640600e-01	1.911629e+05	-4.106253e-02	1.345442e-01	0.000000e+00	-1.542804e+03	1.927057e+05
5.652500e-01	2.212750e+05	-4.122280e-02	1.348363e-01	0.000000e+00	-1.398577e+03	2.226736e+05
5.664400e-01	2.135960e+05	-4.138344e-02	1.351442e-01	0.000000e+00	-3.565506e+03	2.171615e+05
5.676300e-01	2.201640e+05	-4.154444e-02	1.354514e-01	0.000000e+00	-1.818417e+03	2.219824e+05
5.688200e-01	2.069289e+05	-4.170581e-02	1.357538e-01	0.000000e+00	-4.082527e+03	2.110115e+05
5.700100e-01	1.991110e+05	-4.186753e-02	1.360414e-01	0.000000e+00	-3.947583e+03	2.030586e+05
5.712000e-01	2.028019e+05	-4.202959e-02	1.363260e-01	0.000000e+00	-2.771118e+03	2.055730e+05
5.723900e-01	2.168767e+05	-4.219199e-02	1.366232e-01	0.000000e+00	-3.733297e+03	2.206099e+05
5.735800e-01	2.003625e+05	-4.235476e-02	1.369187e-01	0.000000e+00	-3.415574e+03	2.037781e+05
5.747700e-01	2.027650e+05	-4.251786e-02	1.372042e-01	0.000000e+00	-6.409491e+03	2.091745e+05
5.759600e-01	2.088123e+05	-4.268130e-02	1.374956e-01	0.000000e+00	-4.793551e+03	2.136059e+05
5.771500e-01	2.070419e+05	-4.284510e-02	1.377901e-01	0.000000e+00	-3.973184e+03	2.110151e+05
5.783400e-01	2.215651e+05	-4.300924e-02	1.380936e-01	0.000000e+00	-1.370587e+03	2.229357e+05
5.795300e-01	2.101231e+05	-4.317376e-02	1.383993e-01	0.000000e+00	-1.191504e+03	2.113146e+05
5.807200e-01	1.990781e+05	-4.333863e-02	1.386891e-01	0.000000e+00	-2.277292e+03	2.013554e+05
5.819100e-01	2.034286e+05	-4.350384e-02	1.389742e-01	0.000000e+00	-1.331664e+03	2.047603e+05
5.831000e-01	2.180589e+05	-4.366939e-02	1.392727e-01	0.000000e+00	-1.655788e+03	2.197147e+05
5.842900e-01	2.187208e+05	-4.383531e-02	1.395820e-01	0.000000e+00	-1.322729e+03	2.200435e+05
5.854800e-01	2.196888e+05	-4.400160e-02	1.398924e-01	0.000000e+00	-3.895293e+03	2.235841e+05
5.866700e-01	1.983905e+05	-4.416825e-02	1.401885e-01	0.000000e+00	-2.576667e+03	2.009672e+05
5.878600e-01	2.111169e+05	-4.433524e-02	1.404785e-01	0.000000e+00	-2.749517e+03	2.138664e+05
5.890500e-01	2.080384e+05	-4.450259e-02	1.407753e-01	0.000000e+00	-2.663657e+03	2.107020e+05
5.902400e-01	2.248462e+05	-4.467029e-02	1.410819e-01	0.000000e+00	-2.352180e+03	2.271984e+05
5.914300e-01	2.387626e+05	-4.483837e-02	1.414102e-01	0.000000e+00	-2.067992e+03	2.408306e+05
5.926200e-01	2.131175e+05	-4.500685e-02	1.417302e-01	0.000000e+00	-2.479420e+03	2.155969e+05
5.938100e-01	1.900478e+05	-4.517568e-02	1.420157e-01	0.000000e+00	-3.414162e+03	1.934619e+05
5.950000e-01	2.072726e+05	-4.534484e-02	1.422971e-01	0.000000e+00	-4.547071e+03	2.118197e+05
5.961900e-01	2.199641e+05	-4.551435e-02	1.425996e-01	0.000000e+00	-4.236049e+03	2.242002e+05
5.973800e-01	2.101888e+05	-4.568423e-02	1.429043e-01	0.000000e+00	-1.260223e+03	2.114491e+05
5.985700e-01	2.232656e+05	-4.585446e-02	1.432112e-01	0.000000e+00	-1.939397e+03	2.252050e+05
5.997600e-01	2.224318e+05	-4.602507e-02	1.435268e-01	0.000000e+00	-2.280419e+03	2.247122e+05
6.009500e-01	2.182639e+05	-4.619606e-02	1.438389e-01	0.000000e+00	-2.266285e+03	2.205302e+05
6.021400e-01	2.088571e+05	-4.636741e-02	1.441414e-01	0.000000e+00	-3.393996e+03	2.122510e+05
6.033300e-01	1.921494e+05	-4.653911e-02	1.444254e-01	0.000000e+00	-2.968936e+03	1.951183e+05
6.045200e-01	2.125927e+05	-4.671114e-02	1.447120e-01	0.000000e+00	-1.839824e+03	2.144325e+05
6.057100e-01	1.936402e+05	-4.688353e-02	1.449997e-01	0.000000e+00	-3.540151e+03	1.971803e+05
6.069000e-01	1.958646e+05	-4.705624e-02	1.452755e-01	0.000000e+00	-4.124475e+03	1.999890e+05
6.080900e-01	2.122935e+05	-4.722928e-02	1.455646e-01	0.000000e+00	-3.186730e+03	2.154802e+05
6.092800e-01	2.132888e+05	-4.740268e-02	1.458659e-01	0.000000e+00	-2.813410e+03	2.161022e+05
6.104700e-01	2.139367e+05	-4.757644e-02	1.461685e-01	0.000000e+00	-2.951467e+03	2.168881e+05
6.116600e-01	2.184963e+05	-4.775057e-02	1.464747e-01	0.000000e+00	-1.196820e+03	2.196932e+05
6.128500e-01	2.037620e+05	-4.792505e-02	1.467737e-01	0.000000e+00	-1.814757e+03	2.055767e+05
6.140400e-01	2.053264e+05	-4.809989e-02	1.470634e-01	0.000000e+00	-3.499600e+03	2.088260e+05
6.152300e-01	2.113734e+05	-4.827507e-02	1.473585e-01	0.000000e+00	-1.889657e+03	2.132631e+05
6.164200e-01	2.292969e+05	-4.845060e-02	1.476706e-01	0.000000e+00	-1.920712e+03	2.312176e+05
6.176100e-01	2.147444e+05	-4.862652e-02	1.479851e-01	0.000000e+00	-3.623163e+03	2.183675e+05
6.188000e-01	2.349190e+05	-4.880281e-02	1.483035e-01	0.000000e+00	-2.638558e+03	2.375575e+05
6.199900e-01	2.473331e+05	-4.897948e-02	1.486450e-01	0.000000e+00	-3.263961e+03	2.505971e+05
6.211800e-01	2.294285e+05	-4.915658e-02	1.489826e-01	0.000000e+00	-2.324776e+03	2.317533e+05
6.223700e-01	2.197841e+05	-4.933406e-02	1.493007e-01	0.000000e+00	-2.486226e+03	2.222704e+05
6.235600e-01	2.096320e+05	-4.951192e-02	1.496048e-01	0.000000e+00	-3.538139e+03	2.131701e+05
6.247500e-01	2.081883e+05	-4.969012e-02	1.499007e-01	0.000000e+00	-3.072735e+03	2.112610e+05
6.259400e-01	2.327740e+05	-4.986868e-02	1.502130e-01	0.000000e+00	-9.814552e+02	2.337555e+05
6.271300e-01	2.058366e+05	-5.004763e-02	1.505236e-01	0.000000e+00	-2.586504e+03	2.084231e+05
6.283200e-01	2.181957e+05	-5.022693e-02	1.508239e-01	0.000000e+00	-2.468961e+03	2.206647e+05
6.295100e-01	2.219421e+05	-5.040659e-02	1.511356e-01	0.000000e+00	-1.355619e+03	2.232977e+05
6.307000e-01	2.160976e+05	-5.058663e-02	1.514458e-01	0.000000e+00	-2.844289e+03	2.189419e+05
6.318900e-01	2.004357e+05	-5.076703e-02	1.517408e-01	0.000000e+00	-2.983574e+03	2.034193e+05
6.330800e-01	2.234717e+05	-5.094777e-02	1.520410e-01	0.000000e+00	-1.909667e+03	2.253814e+05
6.342700e-01	2.015416e+05	-5.112889e-02	1.523419e-01	0.000000e+00	-3.194566e+03	2.047361e+05
6.354600e-01	2.010223e+05	-5.131035e-02	1.526270e-01	0.000000e+00	-1.505061e+03	2.025273e+05
6.366500e-01	2.120117e+05	-5.149214e-02	1.529195e-01	0.000000e+00	-2.650042e+03	2.146618e+05
6.378400e-01	2.307215e+05	-5.167429e-02	1.532330e-01	0.000000e+00	-2.168798e+03	2.328903e+05
6.390300e-01	2.144361e+05	-5.185684e-02	1.535483e-01	0.000000e+00	-4.571016e+03	2.190072e+05
6.402200e-01	2.122112e+05	-5.203974e-02	1.538504e-01	0.000000e+00	-2.621979e+03	2.148332e+05
6.414100e-01	2.172213e+05	-5.222300e-02	1.541545e-01	0.000000e+00	-1.084319e+03	2.183056e+05
6.426000e-01	2.284684e+05	-5.240663e-02	1.544702e-01	0.000000e+00	-2.392324e+03	2.308607e+05
6.437900e-01	2.211372e+05	-5.259064e-02	1.547886e-01	0.000000e+00	-3.132302e+03	2.242695e+05
6.449800e-01	2.173893e+05	-5.277502e-02	1.550991e-01	0.000000e+00	-2.961307e+03	2.203506e+05
6.461700e-01	2.067910e+05	-5.295977e-02	1.553995e-01	0.000000e+00	-2.259994e+03	2.090510e+05
6.473600e-01	2.057605e+05	-5.314487e-02	1.556916e-01	0.000000e+00	-1.562844e+03	2.073234e+05
6.485500e-01	2.131722e+05	-5.333032e-02	1.559883e-01	0.000000e+00	-1.375960e+03	2.145482e+05
6.497400e-01	2.034856e+05	-5.351613e-02	1.562834e-01	0.000000e+00	-1.229415e+03	2.047150e+05
6.509300e-01	1.990531e+05	-5.370228e-02	1.565684e-01	0.000000e+00	-1.123764e+03	2.001769e+05
6.521200e-01	2.117385e+05	-5.388876e-02	1.568594e-01	0.000000e+00	-1.878896e+03	2.136174e+05
6.533100e-01	2.253903e+05	-5.407560e-02	1.571689e-01	0.000000e+00	-3.231902e+03	2.286222e+05
6.545000e-01	2.208937e+05	-5.426282e-02	1.574850e-01	0.000000e+00	-3.057124e+03	2.239508e+05
6.556900e-01	2.171693e+05	-5.445041e-02	1.577952e-01	0.000000e+00	-1.281530e+03	2.184509e+05
6.568800e-01	2.119223e+05	-5.463837e-02	1.580990e-01	0.000000e+00	-1.527424e+03	2.134497e+05
6.580700e-01	2.159909e+05	-5.482669e-02	1.584021e-01	0.000000e+00	-1.456637e+03	2.174476e+05
6.592600e-01	2.085805e+05	-5.501537e-02	1.587027e-01	0.000000e+00	-2.240349e+02	2.088046e+05
6.604500e-01	1.988997e+05	-5.520440e-02	1.589913e-01	0.000000e+00	-8.612423e+02	1.997610e+05
6.616400e-01	2.062962e+05	-5.539377e-02	1.592783e-01	0.000000e+00	-3.953914e+03	2.102501e+05
6.628300e-01	2.287557e+05	-5.558349e-02	1.595863e-01	0.000000e+00	-3.423755e+03	2.321795e+05
6.640200e-01	2.139625e+05	-5.577359e-02	1.598999e-01	0.000000e+00	-1.845123e+03	2.158076e+05
6.652100e-01	1.969775e+05	-5.596405e-02	1.601909e-01	0.000000e+00	0.000000e+00	1.969775e+05
6.664000e-01	2.134538e+05	-5.615484e-02	1.604815e-01	0.000000e+00	-1.821886e+03	2.152757e+05
6.675900e-01	2.134915e+05	-5.634599e-02	1.607839e-01	0.000000e+00	-4.806600e+03	2.182981e+05
6.687800e-01	2.096745e+05	-5.653751e-02	1.610835e-01	0.000000e+00	-9.652186e+02	2.106397e+05
6.699700e-01	2.156812e+05	-5.672937e-02	1.613848e-01	0.000000e+00	-3.464672e+03	2.191458e+05
6.711600e-01	2.063505e+05	-5.692160e-02	1.616836e-01	0.000000e+00	-3.111451e+03	2.094619e+05
6.723500e-01	2.120648e+05	-5.711418e-02	1.619799e-01	0.000000e+00	-4.707880e+03	2.167727e+05
6.735400e-01	2.154624e+05	-5.730711e-02	1.622827e-01	0.000000e+00	-2.625688e+03	2.180881e+05
6.747300e-01	2.160998e+05	-5.750041e-02	1.625883e-01	0.000000e+00	-3.187800e+03	2.192876e+05
6.759200e-01	2.115444e+05	-5.769407e-02	1.628912e-01	0.000000e+00	-4.183879e+03	2.157283e+05
6.771100e-01	2.101710e+05	-5.788809e-02	1.631898e-01	0.000000e+00	-3.316300e+03	2.134873e+05
6.783000e-01	2.019052e+05	-5.808247e-02	1.634816e-01	0.000000e+00	-2.205435e+03	2.041106e+05
6.794900e-01	2.257109e+05	-5.827718e-02	1.637844e-01	0.000000e+00	-2.307663e+03	2.280186e+05
6.806800e-01	1.991257e+05	-5.847227e-02	1.640853e-01	0.000000e+00	-2.029157e+03	2.011549e+05
6.818700e-01	2.065660e+05	-5.866770e-02	1.643726e-01	0.000000e+00	-2.531440e+03	2.090975e+05
6.830600e-01	2.309450e+05	-5.886348e-02	1.646824e-01	0.000000e+00	-1.592072e+03	2.325371e+05
6.842500e-01	2.461306e+05	-5.905965e-02	1.650203e-01	0.000000e+00	-1.770900e+03	2.479015e+05
6.854400e-01	2.224895e+05	-5.925623e-02	1.653521e-01	0.000000e+00	-1.627461e+03	2.241170e+05
6.866300e-01	1.980875e+05	-5.945318e-02	1.656500e-01	0.000000e+00	-1.830024e+03	1.999175e+05
6.878200e-01	2.169267e+05	-5.965047e-02	1.659439e-01	0.000000e+00	-1.291571e+03	2.182183e+05
6.890100e-01	2.290900e+05	-5.984813e-02	1.662597e-01	0.000000e+00	-1.455762e+03	2.305457e+05
6.902000e-01	2.189301e+05	-6.004617e-02	1.665770e-01	0.000000e+00	-4.728927e+03	2.236590e+05
6.913900e-01	2.290915e+05	-6.024458e-02	1.668943e-01	0.000000e+00	-1.581069e+03	2.306725e+05
6.925800e-01	2.299178e+05	-6.044338e-02	1.672193e-01	0.000000e+00	-1.313564e+03	2.312313e+05
6.937700e-01	2.107692e+05	-6.064257e-02	1.675314e-01	0.000000e+00	-2.637608e+03	2.134068e+05
6.949600e-01	2.063125e+05	-6.084211e-02	1.678268e-01	0.000000e+00	-2.145492e+03	2.084580e+05
6.961500e-01	2.018308e+05	-6.104199e-02	1.681158e-01	0.000000e+00	-1.036505e+03	2.028673e+05
6.973400e-01	2.168810e+05	-6.124222e-02	1.684123e-01	0.000000e+00	-9.783680e+02	2.178593e+05
6.985300e-01	2.327748e+05	-6.144281e-02	1.687307e-01	0.000000e+00	-1.075031e+03	2.338499e+05
6.997200e-01	2.296683e+05	-6.164380e-02	1.690582e-01	0.000000e+00	-3.185511e+03	2.328538e+05
7.009100e-01	2.257949e+05	-6.184517e-02	1.693808e-01	0.000000e+00	-4.104543e+03	2.298994e+05
7.021000e-01	2.093673e+05	-6.204693e-02	1.696889e-01	0.000000e+00	-3.733130e+03	2.131004e+05
7.032900e-01	1.841567e+05	-6.224903e-02	1.699676e-01	0.000000e+00	-3.578527e+03	1.877352e+05
7.044800e-01	2.058469e+05	-6.245145e-02	1.702438e-01	0.000000e+00	-1.875742e+03	2.077227e+05
7.056700e-01	1.969146e+05	-6.265421e-02	1.705290e-01	0.000000e+00	-3.903130e+02	1.973050e+05
7.068600e-01	2.055214e+05	-6.285731e-02	1.708140e-01	0.000000e+00	-2.265045e+03	2.077864e+05
7.080500e-01	2.308578e+05	-6.306075e-02	1.711230e-01	0.000000e+00	-1.179640e+03	2.320375e+05
7.092400e-01	2.296623e+05	-6.326458e-02	1.714492e-01	0.000000e+00	-2.176901e+03	2.318392e+05
7.104300e-01	2.289119e+05	-6.346880e-02	1.717739e-01	0.000000e+00	-2.769106e+03	2.316810e+05
7.116200e-01	2.202553e+05	-6.367340e-02	1.720920e-01	0.000000e+00	-3.325657e+03	2.235810e+05
7.128100e-01	2.167814e+05	-6.387838e-02	1.724015e-01	0.000000e+00	-3.199193e+03	2.199806e+05
7.140000e-01	2.100144e+05	-6.408372e-02	1.727037e-01	0.000000e+00	-4.186826e+03	2.142012e+05
7.151900e-01	2.287501e+05	-6.428941e-02	1.730145e-01	0.000000e+00	-1.062621e+03	2.298128e+05
7.163800e-01	2.056624e+05	-6.449549e-02	1.733221e-01	0.000000e+00	-1.576152e+03	2.072386e+05
7.175700e-01	2.149310e+05	-6.470192e-02	1.736199e-01	0.000000e+00	-5.919568e+02	2.155230e+05
7.187600e-01	2.244924e+05	-6.490871e-02	1.739311e-01	0.000000e+00	-2.222349e+03	2.267147e+05
7.199500e-01	2.151736e+05	-6.511588e-02	1.742425e-01	0.000000e+00	-2.980619e+03	2.181543e+05
7.211400e-01	2.208997e+05	-6.532341e-02	1.745513e-01	0.000000e+00	-2.388152e+03	2.232879e+05
7.223300e-01	2.307584e+05	-6.553131e-02	1.748711e-01	0.000000e+00	-1.963181e+03	2.327216e+05
7.235200e-01	1.935427e+05	-6.573960e-02	1.751716e-01	0.000000e+00	-1.281199e+03	1.948239e+05
7.247100e-01	2.088316e+05	-6.594822e-02	1.754566e-01	0.000000e+00	-1.386313e+03	2.102179e+05
7.259000e-01	2.188127e+05	-6.615719e-02	1.757594e-01	0.000000e+00	-1.536494e+03	2.203492e+05
7.270900e-01	2.080901e+05	-6.636652e-02	1.760617e-01	0.000000e+00	-9.548481e+02	2.090450e+05
7.282800e-01	2.116652e+05	-6.657621e-02	1.763590e-01	0.000000e+00	-2.383299e+03	2.140485e+05
7.294700e-01	1.937945e+05	-6.678626e-02	1.766461e-01	0.000000e+00	-2.859873e+03	1.966544e+05
7.306600e-01	2.110879e+05	-6.699663e-02	1.769328e-01	0.000000e+00	-1.759516e+03	2.128474e+05
7.318500e-01	2.097013e+05	-6.720736e-02	1.772308e-01	0.000000e+00	-3.249116e+03	2.129504e+05
7.330400e-01	2.136251e+05	-6.741844e-02	1.775306e-01	0.000000e+00	-2.158793e+03	2.157839e+05
7.342300e-01	2.030127e+05	-6.762988e-02	1.778257e-01	0.000000e+00	-1.462904e+03	2.044756e+05
7.354200e-01	2.231814e+05	-6.784167e-02	1.781275e-01	0.000000e+00	-1.170721e+03	2.243521e+05
7.366100e-01	2.510982e+05	-6.805382e-02	1.784633e-01	0.000000e+00	-3.680892e+03	2.547791e+05
7.378000e-01	2.399286e+05	-6.826641e-02	1.788111e-01	0.000000e+00	-1.526316e+03	2.414549e+05
7.389900e-01	2.259400e+05	-6.847940e-02	1.791410e-01	0.000000e+00	-1.581676e+03	2.275217e+05
7.401800e-01	2.063661e+05	-6.869276e-02	1.794471e-01	0.000000e+00	-7.805910e+02	2.071467e+05
7.413700e-01	2.172006e+05	-6.890648e-02	1.797471e-01	0.000000e+00	-2.048066e+03	2.192487e+05
7.425600e-01	2.199016e+05	-6.912056e-02	1.800566e-01	0.000000e+00	-3.040888e+03	2.229425e+05
7.437500e-01	2.232742e+05	-6.933501e-02	1.803705e-01	0.000000e+00	-2.309600e+03	2.255838e+05
7.449400e-01	2.249693e+05	-6.954984e-02	1.806879e-01	0.000000e+00	-2.542027e+03	2.275113e+05
7.461300e-01	2.256172e+05	-6.976505e-02	1.810070e-01	0.000000e+00	-1.331236e+03	2.269484e+05
7.473200e-01	2.184467e+05	-6.998064e-02	1.813215e-01	0.000000e+00	-5.941232e+02	2.190409e+05
7.485100e-01	2.152156e+05	-7.019660e-02	1.816286e-01	0.000000e+00	-3.636059e+03	2.188517e+05
7.497000e-01	2.345443e+05	-7.041292e-02	1.819471e-01	0.000000e+00	-4.142240e+03	2.386865e+05
7.508900e-01	2.188589e+05	-7.062963e-02	1.822681e-01	0.000000e+00	-5.238274e+02	2.193827e+05
7.520800e-01	2.209973e+05	-7.084671e-02	1.825796e-01	0.000000e+00	-6.613327e+02	2.216586e+05
7.532700e-01	2.106548e+05	-7.106417e-02	1.828853e-01	0.000000e+00	-1.479347e+03	2.121342e+05
7.544600e-01	2.197367e+05	-7.128198e-02	1.831901e-01	0.000000e+00	-3.803292e+02	2.201170e+05
7.556500e-01	2.224236e+05	-7.150016e-02	1.835032e-01	0.000000e+00	-7.879415e+02	2.232116e+05
7.568400e-01	2.086824e+05	-7.171872e-02	1.838085e-01	0.000000e+00	-1.052886e+03	2.097353e+05
7.580300e-01	2.136551e+05	-7.193763e-02	1.841076e-01	0.000000e+00	-3.097345e+03	2.167525e+05
7.592200e-01	2.173679e+05	-7.215689e-02	1.844128e-01	0.000000e+00	-6.406361e+02	2.180085e+05
7.604100e-01	2.269334e+05	-7.237653e-02	1.847275e-01	0.000000e+00	-1.747771e+03	2.286811e+05
7.616000e-01	2.211178e+05	-7.259655e-02	1.850448e-01	0.000000e+00	-1.465258e+03	2.225830e+05
7.627900e-01	2.279366e+05	-7.281694e-02	1.853628e-01	0.000000e+00	-3.276739e+03	2.312133e+05
7.639800e-01	2.279458e+05	-7.303771e-02	1.856856e-01	0.000000e+00	-3.355340e+03	2.313012e+05
7.651700e-01	2.166057e+05	-7.325887e-02	1.860004e-01	0.000000e+00	-2.284852e+03	2.188906e+05
7.663600e-01	2.108364e+05	-7.348039e-02	1.863031e-01	0.000000e+00	-1.533239e+03	2.123697e+05
7.675500e-01	2.243814e+05	-7.370227e-02	1.866113e-01	0.000000e+00	-1.334781e+03	2.257162e+05
7.687400e-01	2.210259e+05	-7.392453e-02	1.869268e-01	0.000000e+00	-1.817393e+03	2.228433e+05
7.699300e-01	2.333463e+05	-7.414715e-02	1.872485e-01	0.000000e+00	-8.853517e+02	2.342317e+05
7.711200e-01	2.284964e+05	-7.437018e-02	1.875756e-01	0.000000e+00	-1.583631e+03	2.300800e+05
7.723100e-01	2.247571e+05	-7.459358e-02	1.878966e-01	0.000000e+00	-2.286143e+03	2.270433e+05
7.735000e-01	2.256215e+05	-7.481737e-02	1.882155e-01	0.000000e+00	-2.479818e+03	2.281014e+05
7.746900e-01	2.262072e+05	-7.504154e-02	1.885355e-01	0.000000e+00	-6.997471e+02	2.269070e+05
7.758800e-01	2.201581e+05	-7.526609e-02	1.888516e-01	0.000000e+00	-7.635652e+02	2.209216e+05
7.770700e-01	2.108681e+05	-7.549100e-02	1.891568e-01	0.000000e+00	-8.551032e+02	2.117232e+05
7.782600e-01	2.130790e+05	-7.571628e-02	1.894570e-01	0.000000e+00	-2.171525e+03	2.152506e+05
7.794500e-01	2.418746e+05	-7.594191e-02	1.897792e-01	0.000000e+00	-3.507344e+03	2.453820e+05
7.806400e-01	2.209862e+05	-7.616795e-02	1.901070e-01	0.000000e+00	-6.984190e+02	2.216846e+05
7.818300e-01	2.026291e+05	-7.639437e-02	1.904070e-01	0.000000e+00	-1.645236e+03	2.042744e+05
7.830200e-01	2.111922e+05	-7.662112e-02	1.907000e-01	0.000000e+00	-1.420559e+03	2.126128e+05
7.842100e-01	2.131137e+05	-7.684823e-02	1.910005e-01	0.000000e+00	-3.973966e+03	2.170877e+05
7.854000e-01	2.038101e+05	-7.707570e-02	1.912958e-01	0.000000e+00	-1.467175e+03	2.052773e+05
7.865900e-01	2.182023e+05	-7.730352e-02	1.915946e-01	0.000000e+00	-1.359740e+03	2.195621e+05
7.877800e-01	2.216309e+05	-7.753170e-02	1.919061e-01	0.000000e+00	-1.177810e+03	2.228087e+05
7.889700e-01	2.271658e+05	-7.776025e-02	1.922239e-01	0.000000e+00	-1.050853e+03	2.282167e+05
7.901600e-01	2.130823e+05	-7.798919e-02	1.925357e-01	0.000000e+00	-1.647612e+03	2.147300e+05
7.913500e-01	2.245728e+05	-7.821849e-02	1.928456e-01	0.000000e+00	-1.005716e+03	2.255786e+05
7.925400e-01	2.230054e+05	-7.844816e-02	1.931626e-01	0.000000e+00	-1.395236e+03	2.244007e+05
7.937300e-01	2.247984e+05	-7.867822e-02	1.934797e-01	0.000000e+00	-7.073160e+02	2.255058e+05
7.949200e-01	2.325374e+05	-7.890865e-02	1.938036e-01	0.000000e+00	-2.861363e+02	2.328235e+05
7.961100e-01	2.238094e+05	-7.913947e-02	1.941267e-01	0.000000e+00	0.000000e+00	2.238094e+05
7.973000e-01	2.210866e+05	-7.937067e-02	1.944418e-01	0.000000e+00	-1.699988e+03	2.227866e+05
7.984900e-01	2.165507e+05	-7.960224e-02	1.947517e-01	0.000000e+00	-1.611549e+03	2.181623e+05
7.996800e-01	2.163126e+05	-7.983418e-02	1.950583e-01	0.000000e+00	-1.576795e+03	2.178894e+05
8.008700e-01	2.225471e+05	-8.006648e-02	1.953690e-01	0.000000e+00	-3.340275e+03	2.258874e+05
8.020600e-01	2.060909e+05	-8.029915e-02	1.956726e-01	0.000000e+00	-4.130906e+02	2.065040e+05
8.032500e-01	2.136442e+05	-8.053218e-02	1.959698e-01	0.000000e+00	-6.019986e+02	2.142462e+05
8.044400e-01	2.096912e+05	-8.076556e-02	1.962696e-01	0.000000e+00	-1.868551e+02	2.098781e+05
8.056300e-01	1.969714e+05	-8.099930e-02	1.965576e-01	0.000000e+00	-1.089537e+03	1.980610e+05
8.068200e-01	2.134827e+05	-8.123337e-02	1.968483e-01	0.000000e+00	-1.627912e+03	2.151106e+05
8.080100e-01	2.389151e+05	-8.146780e-02	1.971687e-01	0.000000e+00	-4.570405e+02	2.393722e+05
8.092000e-01	2.291404e+05	-8.170263e-02	1.975001e-01	0.000000e+00	-1.126146e+03	2.302665e+05
8.103900e-01	2.108805e+05	-8.193785e-02	1.978117e-01	0.000000e+00	-1.668454e+03	2.125489e+05
8.115800e-01	2.165000e+05	-8.217342e-02	1.981144e-01	0.000000e+00	-1.429737e+03	2.179298e+05
8.127700e-01	2.264235e+05	-8.240936e-02	1.984280e-01	0.000000e+00	-2.041636e+03	2.284651e+05
8.139600e-01	2.355949e+05	-8.264568e-02	1.987552e-01	0.000000e+00	-1.801186e+03	2.373961e+05
8.151500e-01	2.310490e+05	-8.288240e-02	1.990857e-01	0.000000e+00	-5.113749e+02	2.315604e+05
8.163400e-01	2.108168e+05	-8.311951e-02	1.993986e-01	0.000000e+00	-2.057806e+03	2.128746e+05
8.175300e-01	2.014358e+05	-8.335697e-02	1.996905e-01	0.000000e+00	-1.128365e+03	2.025642e+05
8.187200e-01	2.266612e+05	-8.359477e-02	1.999937e-01	0.000000e+00	-3.859828e+02	2.270472e+05
8.199100e-01	2.161911e+05	-8.383295e-02	2.003073e-01	0.000000e+00	-3.197412e+03	2.193885e+05
8.211000e-01	2.097939e+05	-8.407150e-02	2.006090e-01	0.000000e+00	-1.857742e+03	2.116517e+05
8.222900e-01	2.153768e+05	-8.431040e-02	2.009101e-01	0.000000e+00	-2.183958e+03	2.175608e+05
8.234800e-01	2.158615e+05	-8.454967e-02	2.012155e-01	0.000000e+00	-7.782676e+02	2.166398e+05
8.246700e-01	2.071576e+05	-8.478930e-02	2.015150e-01	0.000000e+00	-3.260346e+02	2.074836e+05
8.258600e-01	2.096207e+05	-8.502927e-02	2.018102e-01	0.000000e+00	-5.143016e+02	2.101350e+05
8.270500e-01	2.397754e+05	-8.526960e-02	2.021284e-01	0.000000e+00	0.000000e+00	2.397754e+05
8.282400e-01	2.138308e+05	-8.551034e-02	2.024497e-01	0.000000e+00	-1.950191e+02	2.140258e+05
8.294300e-01	2.343092e+05	-8.575143e-02	2.027670e-01	0.000000e+00	-1.407756e+03	2.357170e+05
8.306200e-01	2.126817e+05	-8.599292e-02	2.030836e-01	0.000000e+00	-9.182337e+02	2.136000e+05
8.318100e-01	2.197481e+05	-8.623477e-02	2.033898e-01	0.000000e+00	-2.064435e+03	2.218125e+05
8.330000e-01	2.029484e+05	-8.647699e-02	2.036891e-01	0.000000e+00	-4.448337e+03	2.073967e+05
8.341900e-01	2.254764e+05	-8.671955e-02	2.039925e-01	0.000000e+00	-2.716938e+03	2.281933e+05
8.353800e-01	2.181975e+05	-8.696249e-02	2.043067e-01	0.000000e+00	-1.488118e+03	2.196856e+05
8.365700e-01	2.202915e+05	-8.720580e-02	2.046172e-01	0.000000e+00	-1.715473e+03	2.220070e+05
8.377600e-01	2.200630e+05	-8.744948e-02	2.049291e-01	0.000000e+00	-1.722352e+03	2.217854e+05
8.389500e-01	2.324904e+05	-8.769353e-02	2.052496e-01	0.000000e+00	-3.085990e+02	2.327990e+05
8.401400e-01	2.221248e+05	-8.793798e-02	2.055715e-01	0.000000e+00	-6.617980e+02	2.227866e+05
8.413300e-01	2.151787e+05	-8.818279e-02	2.058812e-01	0.000000e+00	-1.982835e+03	2.171615e+05
8.425200e-01	2.055137e+05	-8.842797e-02	2.061791e-01	0.000000e+00	-2.371521e+03	2.078852e+05
8.437100e-01	2.149505e+05	-8.867350e-02	2.064769e-01	0.000000e+00	-2.406075e+03	2.173566e+05
8.449000e-01	2.176104e+05	-8.891939e-02	2.067832e-01	0.000000e+00	-1.507899e+03	2.191183e+05
8.460900e-01	2.124605e+05	-8.916564e-02	2.070877e-01	0.000000e+00	-1.679679e+03	2.141402e+05
8.472800e-01	1.948334e+05	-8.941226e-02	2.073762e-01	0.000000e+00	-2.456587e+03	1.972900e+05
8.484700e-01	2.032115e+05	-8.965920e-02	2.076581e-01	0.000000e+00	-2.085581e+03	2.052971e+05
8.496600e-01	2.181689e+05	-8.990648e-02	2.079565e-01	0.000000e+00	-8.662726e+02	2.190351e+05
8.508500e-01	2.202420e+05	-9.015414e-02	2.082669e-01	0.000000e+00	-2.528482e+03	2.227705e+05
8.520400e-01	2.248766e+05	-9.040216e-02	2.085822e-01	0.000000e+00	-9.656349e+02	2.258423e+05
8.532300e-01	2.434486e+05	-9.065056e-02	2.089138e-01	0.000000e+00	-2.640757e+03	2.460893e+05
8.544200e-01	2.127996e+05	-9.089937e-02	2.092369e-01	0.000000e+00	-2.310996e+03	2.151106e+05
8.556100e-01	2.290680e+05	-9.114855e-02	2.095498e-01	0.000000e+00	-2.521673e+03	2.315896e+05
8.568000e-01	2.156852e+05	-9.139810e-02	2.098648e-01	0.000000e+00	-2.388663e+03	2.180738e+05
8.579900e-01	2.219909e+05	-9.164802e-02	2.101747e-01	0.000000e+00	-3.003003e+03	2.249939e+05
8.591800e-01	2.330236e+05	-9.189832e-02	2.104969e-01	0.000000e+00	-1.156547e+03	2.341802e+05
8.603700e-01	2.289750e+05	-9.214901e-02	2.108241e-01	0.000000e+00	-2.484795e+03	2.314598e+05
8.615600e-01	2.286525e+05	-9.240008e-02	2.111482e-01	0.000000e+00	-1.814179e+03	2.304667e+05
8.627500e-01	2.051895e+05	-9.265154e-02	2.114554e-01	0.000000e+00	-1.070051e+03	2.062595e+05
8.639400e-01	2.259220e+05	-9.290334e-02	2.117607e-01	0.000000e+00	-1.233409e+03	2.271554e+05
8.651300e-01	2.217818e+05	-9.315553e-02	2.120778e-01	0.000000e+00	-1.467876e+03	2.232497e+05
8.663200e-01	2.204555e+05	-9.340809e-02	2.123909e-01	0.000000e+00	-1.735423e+03	2.221909e+05
8.675100e-01	2.105131e+05	-9.366102e-02	2.126961e-01	0.000000e+00	-8.885836e+02	2.114017e+05
8.687000e-01	2.183653e+05	-9.391431e-02	2.129999e-01	0.000000e+00	-2.907486e+03	2.212728e+05
8.698900e-01	2.094785e+05	-9.416796e-02	2.133028e-01	0.000000e+00	-3.121966e+03	2.126004e+05
8.710800e-01	1.804340e+05	-9.442197e-02	2.135790e-01	0.000000e+00	-3.054129e+03	1.834882e+05
8.722700e-01	2.052994e+05	-9.467628e-02	2.138521e-01	0.000000e+00	-2.665716e+03	2.079651e+05
8.734600e-01	2.198656e+05	-9.493093e-02	2.141532e-01	0.000000e+00	-3.000358e+03	2.228659e+05
8.746500e-01	2.048525e+05	-9.518596e-02	2.144540e-01	0.000000e+00	-2.161096e+03	2.070136e+05
8.758400e-01	2.066528e+05	-9.544133e-02	2.147454e-01	0.000000e+00	-4.538188e+03	2.111910e+05
8.770300e-01	2.236365e+05	-9.569706e-02	2.150501e-01	0.000000e+00	-1.659903e+03	2.252964e+05
8.782200e-01	2.215153e+05	-9.595315e-02	2.153654e-01	0.000000e+00	-5.515293e+02	2.220668e+05
8.794100e-01	2.108035e+05	-9.620963e-02	2.156715e-01	0.000000e+00	-6.462054e+02	2.114497e+05
8.806000e-01	2.329680e+05	-9.646645e-02	2.159858e-01	0.000000e+00	-1.982847e+03	2.349508e+05
8.817900e-01	2.062396e+05	-9.672367e-02	2.162968e-01	0.000000e+00	-2.464948e+03	2.087046e+05
8.829800e-01	2.170307e+05	-9.698124e-02	2.165966e-01	0.000000e+00	-1.519298e+03	2.185500e+05
8.841700e-01	2.155261e+05	-9.723917e-02	2.169029e-01	0.000000e+00	-1.898755e+03	2.174249e+05
8.853600e-01	2.094199e+05	-9.749747e-02	2.172038e-01	0.000000e+00	-7.316444e+02	2.101516e+05
8.865500e-01	2.392772e+05	-9.775612e-02	2.175216e-01	0.000000e+00	-1.832316e+03	2.411095e+05
8.877400e-01	2.488139e+05	-9.801517e-02	2.178672e-01	0.000000e+00	-1.875141e+03	2.506890e+05
8.889300e-01	2.087898e+05	-9.827464e-02	2.181913e-01	0.000000e+00	-2.436372e+03	2.112261e+05
8.901200e-01	2.097460e+05	-9.853446e-02	2.184877e-01	0.000000e+00	-8.259440e+02	2.105720e+05
8.913100e-01	2.170730e+05	-9.879464e-02	2.187899e-01	0.000000e+00	-2.022477e+03	2.190954e+05
8.925000e-01	2.265226e+05	-9.905518e-02	2.191041e-01	0.000000e+00	-1.892372e+03	2.284149e+05
8.936900e-01	2.533113e+05	-9.931611e-02	2.194439e-01	0.000000e+00	-1.902742e+02	2.535016e+05
8.948800e-01	2.431795e+05	-9.957746e-02	2.197955e-01	0.000000e+00	-6.898094e+02	2.438693e+05
8.960700e-01	2.120841e+05	-9.983922e-02	2.201179e-01	0.000000e+00	0.000000e+00	2.120841e+05
8.972600e-01	2.318135e+05	-1.001013e-01	2.204322e-01	0.000000e+00	-1.199559e+03	2.330131e+05
8.984500e-01	2.131729e+05	-1.003639e-01	2.207473e-01	0.000000e+00	-1.309609e+03	2.144825e+05
8.996400e-01	2.282739e+05	-1.006267e-01	2.210599e-01	0.000000e+00	-1.913260e+03	2.301872e+05
9.008300e-01	2.061431e+05	-1.008900e-01	2.213676e-01	0.000000e+00	-1.459925e+03	2.076030e+05
9.020200e-01	2.188840e+05	-1.011536e-01	2.216686e-01	0.000000e+00	-8.268715e+01	2.189667e+05
9.032100e-01	2.337226e+05	-1.014175e-01	2.219891e-01	0.000000e+00	-1.925639e+03	2.356482e+05
9.044000e-01	2.194005e+05	-1.016819e-01	2.223100e-01	0.000000e+00	-5.126825e+02	2.199132e+05
9.055900e-01	2.159971e+05	-1.019466e-01	2.226183e-01	0.000000e+00	-8.288576e+02	2.168259e+05
9.067800e-01	2.027828e+05	-1.022117e-01	2.229149e-01	0.000000e+00	-4.018253e+03	2.068011e+05
9.079700e-01	2.176700e+05	-1.024772e-01	2.232126e-01	0.000000e+00	-1.875578e+03	2.195455e+05
9.091600e-01	2.065910e+05	-1.027430e-01	2.235131e-01	0.000000e+00	-7.075714e+02	2.072986e+05
9.103500e-01	2.054837e+05	-1.030091e-01	2.238049e-01	0.000000e+00	-1.242806e+03	2.067265e+05
9.115400e-01	2.162223e+05	-1.032756e-01	2.241035e-01	0.000000e+00	-1.183087e+03	2.174054e+05
9.127300e-01	2.255538e+05	-1.035425e-01	2.244164e-01	0.000000e+00	-1.068217e+03	2.266221e+05
9.139200e-01	2.010767e+05	-1.038098e-01	2.247185e-01	0.000000e+00	-4.851159e+02	2.015618e+05
9.151100e-01	2.273438e+05	-1.040773e-01	2.250219e-01	0.000000e+00	-1.913348e+03	2.292571e+05
9.163000e-01	2.237167e+05	-1.043453e-01	2.253413e-01	0.000000e+00	-1.916981e+02	2.239084e+05
9.174900e-01	2.117604e+05	-1.046136e-01	2.256497e-01	0.000000e+00	-1.110709e+03	2.128711e+05
9.186800e-01	2.238665e+05	-1.048824e-01	2.259582e-01	0.000000e+00	-9.832919e+02	2.248498e+05
9.198700e-01	2.351736e+05	-1.051514e-01	2.262833e-01	0.000000e+00	-9.882427e+02	2.361619e+05
9.210600e-01	2.275598e+05	-1.054209e-01	2.266110e-01	0.000000e+00	-1.485322e+03	2.290451e+05
9.222500e-01	2.176809e+05	-1.056908e-01	2.269263e-01	0.000000e+00	-1.956769e+03	2.196377e+05
9.234400e-01	2.366992e+05	-1.059610e-01	2.272481e-01	0.000000e+00	-1.295714e+03	2.379949e+05
9.246300e-01	2.357749e+05	-1.062316e-01	2.275826e-01	0.000000e+00	-5.141586e+02	2.362890e+05
9.258200e-01	2.425544e+05	-1.065026e-01	2.279214e-01	0.000000e+00	-6.757809e+02	2.432302e+05
9.270100e-01	1.951618e+05	-1.067741e-01	2.282314e-01	0.000000e+00	-1.403147e+03	1.965649e+05
9.282000e-01	2.340381e+05	-1.070458e-01	2.285353e-01	0.000000e+00	-1.683083e+03	2.357212e+05
9.293900e-01	2.286951e+05	-1.073180e-01	2.288630e-01	0.000000e+00	-2.127189e+03	2.308223e+05
9.305800e-01	1.915929e+05	-1.075905e-01	2.291606e-01	0.000000e+00	-3.914810e+03	1.955077e+05
9.317700e-01	2.146725e+05	-1.078634e-01	2.294483e-01	0.000000e+00	-1.758183e+03	2.164307e+05
9.329600e-01	2.397466e+05	-1.081366e-01	2.297701e-01	0.000000e+00	-2.025121e+02	2.399491e+05
9.341500e-01	2.136392e+05	-1.084102e-01	2.300912e-01	0.000000e+00	-1.229050e+03	2.148682e+05
9.353400e-01	2.299609e+05	-1.086842e-01	2.304053e-01	0.000000e+00	-2.132294e+03	2.320932e+05
9.365300e-01	2.477682e+05	-1.089586e-01	2.307437e-01	0.000000e+00	-2.377701e+03	2.501459e+05
9.377200e-01	2.250307e+05	-1.092334e-01	2.310785e-01	0.000000e+00	-3.327383e+03	2.283581e+05
9.389100e-01	2.289007e+05	-1.095086e-01	2.313999e-01	0.000000e+00	-3.462791e+03	2.323635e+05
9.401000e-01	2.268856e+05	-1.097841e-01	2.317227e-01	0.000000e+00	-2.594443e+03	2.294801e+05
9.412900e-01	2.317790e+05	-1.100601e-01	2.320475e-01	0.000000e+00	-2.387587e+00	2.317814e+05
9.424800e-01	2.288447e+05	-1.103364e-01	2.323737e-01	0.000000e+00	-5.550387e+02	2.293997e+05
9.436700e-01	2.161559e+05	-1.106131e-01	2.326888e-01	0.000000e+00	-2.852974e+02	2.164412e+05
9.448600e-01	2.303131e+05	-1.108902e-01	2.330050e-01	0.000000e+00	-1.546307e+02	2.304678e+05
9.460500e-01	2.199160e+05	-1.111677e-01	2.333239e-01	0.000000e+00	-1.552620e+03	2.214686e+05
9.472400e-01	2.094711e+05	-1.114455e-01	2.336279e-01	0.000000e+00	-1.665566e+03	2.111366e+05
9.484300e-01	2.406886e+05	-1.117237e-01	2.339467e-01	0.000000e+00	-1.145681e+03	2.418343e+05
9.496200e-01	2.342833e+05	-1.120023e-01	2.342831e-01	0.000000e+00	-1.249333e+03	2.355326e+05
9.508100e-01	2.137258e+05	-1.122813e-01	2.346003e-01	0.000000e+00	-5.221076e+02	2.142480e+05
9.520000e-01	2.255665e+05	-1.125607e-01	2.349114e-01	0.000000e+00	-7.444111e+02	2.263109e+05
9.531900e-01	2.434039e+05	-1.128404e-01	2.352435e-01	0.000000e+00	-1.369011e+03	2.447730e+05
9.543800e-01	2.317359e+05	-1.131205e-01	2.355800e-01	0.000000e+00	-6.586086e+02	2.323946e+05
9.555700e-01	2.226884e+05	-1.134011e-01	2.359018e-01	0.000000e+00	-2.013743e+03	2.247021e+05
9.567600e-01	2.234022e+05	-1.136820e-01	2.362177e-01	0.000000e+00	-1.123426e+03	2.245257e+05
9.579500e-01	2.165970e+05	-1.139633e-01	2.365293e-01	0.000000e+00	-1.732985e+03	2.183300e+05
9.591400e-01	2.308371e+05	-1.142449e-01	2.368462e-01	0.000000e+00	-2.281757e+03	2.331188e+05
9.603300e-01	2.273826e+05	-1.145270e-01	2.371707e-01	0.000000e+00	-5.928410e+02	2.279754e+05
9.615200e-01	2.235627e+05	-1.148094e-01	2.374900e-01	0.000000e+00	0.000000e+00	2.235627e+05
9.627100e-01	2.251938e+05	-1.150922e-01	2.378078e-01	0.000000e+00	0.000000e+00	2.251938e+05
9.639000e-01	2.292132e+05	-1.153754e-01	2.381296e-01	0.000000e+00	-6.590594e+02	2.298723e+05
9.650900e-01	2.269939e+05	-1.156589e-01	2.384527e-01	0.000000e+00	-1.812767e+02	2.271752e+05
9.662800e-01	2.261282e+05	-1.159429e-01	2.387736e-01	0.000000e+00	0.000000e+00	2.261282e+05
9.674700e-01	2.392336e+05	-1.162272e-01	2.391031e-01	0.000000e+00	-7.435888e+02	2.399772e+05
9.686600e-01	2.259402e+05	-1.165119e-01	2.394325e-01	0.000000e+00	-1.316225e+03	2.272564e+05
9.698500e-01	1.956983e+05	-1.167971e-01	2.397311e-01	0.000000e+00	-1.136668e+03	1.968350e+05
9.710400e-01	2.246802e+05	-1.170825e-01	2.400288e-01	0.000000e+00	-1.025078e+03	2.257053e+05
9.722300e-01	2.153541e+05	-1.173683e-01	2.403404e-01	0.000000e+00	-1.615946e+03	2.169700e+05
9.734200e-01	2.342758e+05	-1.176545e-01	2.406589e-01	0.000000e+00	-1.547304e+03	2.358231e+05
9.746100e-01	2.361580e+05	-1.179411e-01	2.409920e-01	0.000000e+00	-2.699224e+03	2.388572e+05
9.758000e-01	2.340546e+05	-1.182281e-01	2.413250e-01	0.000000e+00	-6.329211e+02	2.346875e+05
9.769900e-01	2.253951e+05	-1.185155e-01	2.416503e-01	0.000000e+00	-2.511271e+03	2.279064e+05
9.781800e-01	2.242509e+05	-1.188032e-01	2.419688e-01	0.000000e+00	-2.138094e+03	2.263890e+05
9.793700e-01	2.347676e+05	-1.190913e-01	2.422938e-01	0.000000e+00	-3.241561e+03	2.380092e+05
9.805600e-01	2.331570e+05	-1.193799e-01	2.426252e-01	0.000000e+00	-7.198497e+02	2.338769e+05
9.817500e-01	2.378633e+05	-1.196688e-01	2.429588e-01	0.000000e+00	-3.915465e+01	2.379025e+05
9.829400e-01	2.552271e+05	-1.199581e-01	2.433079e-01	0.000000e+00	-1.758279e+03	2.569854e+05
9.841300e-01	2.376153e+05	-1.202479e-01	2.436570e-01	0.000000e+00	-2.855124e+03	2.404704e+05
9.853200e-01	2.178914e+05	-1.205380e-01	2.439795e-01	0.000000e+00	-7.036279e+02	2.185950e+05
9.865100e-01	2.182979e+05	-1.208285e-01	2.442884e-01	0.000000e+00	-1.486007e+03	2.197839e+05
9.877000e-01	2.275385e+05	-1.211194e-01	2.446042e-01	0.000000e+00	-1.458311e+03	2.289968e+05
9.888900e-01	2.274842e+05	-1.214107e-01	2.449264e-01	0.000000e+00	-1.108435e+03	2.285926e+05
9.900800e-01	2.202631e+05	-1.217023e-01	2.452435e-01	0.000000e+00	-1.227469e+03	2.214906e+05
9.912700e-01	2.203758e+05	-1.219944e-01	2.455555e-01	0.000000e+00	-8.275899e+02	2.212033e+05
9.924600e-01	2.071625e+05	-1.222868e-01	2.458583e-01	0.000000e+00	-2.447017e+03	2.096095e+05
9.936500e-01	2.049131e+05	-1.225795e-01	2.461501e-01	0.000000e+00	-2.011815e+03	2.069249e+05
9.948400e-01	2.368330e+05	-1.228726e-01	2.464629e-01	0.000000e+00	-4.355657e+01	2.368765e+05
9.960300e-01	2.480755e+05	-1.231661e-01	2.468063e-01	0.000000e+00	-8.297657e+01	2.481585e+05
9.972200e-01	2.164943e+05	-1.234600e-01	2.471353e-01	0.000000e+00	-8.856068e+02	2.173799e+05
9.984100e-01	2.308487e+05	-1.237543e-01	2.474521e-01	0.000000e+00	-2.140560e+03	2.329893e+05
9.996000e-01	2.139921e+05	-1.240489e-01	2.477671e-01	0.000000e+00	-2.522016e+02	2.142443e+05
1.000790e+00	2.388829e+05	-1.243440e-01	2.480878e-01	0.000000e+00	-5.187834e+02	2.394016e+05
1.001980e+00	2.349562e+05	-1.246394e-01	2.484234e-01	0.000000e+00	-3.215527e+02	2.352777e+05
1.003170e+00	2.295676e+05	-1.249352e-01	2.487524e-01	0.000000e+00	-2.964350e+02	2.298640e+05
1.004360e+00	2.131471e+05	-1.252314e-01	2.490659e-01	0.000000e+00	-7.358163e+02	2.138829e+05
1.005550e+00	2.345985e+05	-1.255280e-01	2.493829e-01	0.000000e+00	-6.484210e+02	2.352469e+05
1.006740e+00	2.035570e+05	-1.258250e-01	2.496932e-01	0.000000e+00	0.000000e+00	2.035570e+05
1.007930e+00	2.396067e+05	-1.261223e-01	2.500071e-01	0.000000e+00	-5.890431e+02	2.401957e+05
1.009120e+00	2.370941e+05	-1.264200e-01	2.503446e-01	0.000000e+00	-1.931965e+03	2.390261e+05
1.010310e+00	2.217359e+05	-1.267181e-01	2.506696e-01	0.000000e+00	-1.440696e+03	2.231766e+05
1.011500e+00	2.275564e+05	-1.270166e-01	2.509877e-01	0.000000e+00	-1.887795e+03	2.294442e+05
1.012690e+00	2.243820e+05	-1.273154e-01	2.513078e-01	0.000000e+00	-2.452803e+03	2.268348e+05
1.013880e+00	2.202475e+05	-1.276147e-01	2.516227e-01	0.000000e+00	-1.315534e+03	2.215630e+05
1.015070e+00	2.341928e+05	-1.279143e-01	2.519445e-01	0.000000e+00	-4.661970e+02	2.346590e+05
1.016260e+00	2.135504e+05	-1.282143e-01	2.522616e-01	0.000000e+00	-2.542417e+02	2.138047e+05
1.017450e+00	2.370409e+05	-1.285147e-01	2.525807e-01	0.000000e+00	-1.464030e+03	2.385049e+05
1.018640e+00	2.211684e+05	-1.288154e-01	2.529051e-01	0.000000e+00	-2.483409e+03	2.236518e+05
1.019830e+00	2.098314e+05	-1.291166e-01	2.532104e-01	0.000000e+00	-4.060498e+02	2.102374e+05
1.021020e+00	2.122325e+05	-1.294181e-01	2.535092e-01	0.000000e+00	-1.876575e+03	2.141090e+05
1.022210e+00	2.242552e+05	-1.297199e-01	2.538184e-01	0.000000e+00	-3.490992e+02	2.246043e+05
1.023400e+00	2.235862e+05	-1.300222e-01	2.541355e-01	0.000000e+00	-1.027401e+03	2.246136e+05
1.024590e+00	2.379556e+05	-1.303248e-01	2.544623e-01	0.000000e+00	-1.092226e+03	2.390479e+05
1.025780e+00	2.103574e+05	-1.306278e-01	2.547798e-01	0.000000e+00	-2.906661e+02	2.106481e+05
1.026970e+00	2.163279e+05	-1.309312e-01	2.550820e-01	0.000000e+00	-1.726658e+02	2.165006e+05
1.028160e+00	2.165127e+05	-1.312349e-01	2.553885e-01	0.000000e+00	-9.802192e+02	2.174930e+05
1.029350e+00	2.175835e+05	-1.315390e-01	2.556959e-01	0.000000e+00	-8.264730e+02	2.184100e+05
1.030540e+00	2.204722e+05	-1.318434e-01	2.560061e-01	0.000000e+00	-2.925921e+03	2.233982e+05
1.031730e+00	2.025216e+05	-1.321483e-01	2.563057e-01	0.000000e+00	-2.657746e+03	2.051794e+05
1.032920e+00	2.253791e+05	-1.324535e-01	2.566087e-01	0.000000e+00	0.000000e+00	2.253791e+05
1.034110e+00	2.233325e+05	-1.327590e-01	2.569265e-01	0.000000e+00	0.000000e+00	2.233325e+05
1.035300e+00	2.440540e+05	-1.330649e-01	2.572575e-01	0.000000e+00	0.000000e+00	2.440540e+05
1.036490e+00	2.213070e+05	-1.333713e-01	2.575870e-01	0.000000e+00	-8.220684e+02	2.221291e+05
1.037680e+00	2.286807e+05	-1.336780e-01	2.579057e-01	0.000000e+00	-7.675517e+02	2.294483e+05
1.038870e+00	2.520348e+05	-1.339851e-01	2.582461e-01	0.000000e+00	-4.414098e+02	2.524762e+05
1.040060e+00	2.391329e+05	-1.342926e-01	2.585939e-01	0.000000e+00	-9.423266e+02	2.400752e+05
1.041250e+00	2.338610e+05	-1.346005e-01	2.589289e-01	0.000000e+00	-9.968472e+02	2.348579e+05
1.042440e+00	2.450523e+05	-1.349089e-01	2.592680e-01	0.000000e+00	-1.071813e+03	2.461241e+05
1.043630e+00	2.358019e+05	-1.352176e-01	2.596086e-01	0.000000e+00	-1.097033e+03	2.368989e+05
1.044820e+00	2.236662e+05	-1.355267e-01	2.599339e-01	0.000000e+00	-2.334451e+03	2.260006e+05
1.046010e+00	2.166051e+05	-1.358362e-01	2.602457e-01	0.000000e+00	-2.149774e+03	2.187548e+05
1.047200e+00	2.223206e+05	-1.361461e-01	2.605566e-01	0.000000e+00	-1.756778e+03	2.240774e+05
1.048390e+00	2.472291e+05	-1.364564e-01	2.608891e-01	0.000000e+00	-3.973836e+02	2.476265e+05
1.049580e+00	2.286271e+05	-1.367670e-01	2.612261e-01	0.000000e+00	-6.768983e+02	2.293040e+05
1.050770e+00	2.052479e+05	-1.370781e-01	2.615333e-01	0.000000e+00	-1.781202e+03	2.070291e+05
1.051960e+00	2.265051e+05	-1.373895e-01	2.618391e-01	0.000000e+00	-1.571187e+03	2.280763e+05
1.053150e+00	2.157196e+05	-1.377013e-01	2.621522e-01	0.000000e+00	-5.069900e+02	2.162266e+05
1.054340e+00	2.125501e+05	-1.380134e-01	2.624555e-01	0.000000e+00	-3.333461e+02	2.128835e+05
1.055530e+00	2.216364e+05	-1.383259e-01	2.627630e-01	0.000000e+00	-3.939218e+02	2.220303e+05
1.056720e+00	2.220980e+05	-1.386388e-01	2.630772e-01	0.000000e+00	-5.288360e+02	2.226268e+05
1.057910e+00	2.253966e+05	-1.389520e-01	2.633941e-01	0.000000e+00	-1.366540e+03	2.267632e+05
1.059100e+00	2.267678e+05	-1.392657e-01	2.637143e-01	0.000000e+00	-1.548819e+03	2.283167e+05
1.060290e+00	2.285607e+05	-1.395797e-01	2.640368e-01	0.000000e+00	-6.607298e+02	2.292215e+05
1.061480e+00	2.114599e+05	-1.398941e-01	2.643484e-01	0.000000e+00	-1.190908e+03	2.126508e+05
1.062670e+00	2.091545e+05	-1.402088e-01	2.646463e-01	0.000000e+00	-1.326165e+03	2.104806e+05
1.063860e+00	2.271677e+05	-1.405239e-01	2.649552e-01	0.000000e+00	-5.471057e+02	2.277148e+05
1.065050e+00	2.293425e+05	-1.408394e-01	2.652785e-01	0.000000e+00	-1.416305e+03	2.307588e+05
1.066240e+00	2.222755e+05	-1.411553e-01	2.655984e-01	0.000000e+00	-1.104704e+03	2.233802e+05
1.067430e+00	2.288840e+05	-1.414715e-01	2.659178e-01	0.000000e+00	-2.563375e+02	2.291404e+05
1.068620e+00	2.244482e+05	-1.417882e-01	2.662389e-01	0.000000e+00	-8.387842e+02	2.252870e+05
1.069810e+00	2.147024e+05	-1.421052e-01	2.665499e-01	0.000000e+00	-8.037941e+02	2.155062e+05
1.071000e+00	2.055162e+05	-1.424226e-01	2.668475e-01	0.000000e+00	-1.333770e+03	2.068500e+05
1.072190e+00	2.316844e+05	-1.427403e-01	2.671571e-01	0.000000e+00	-1.286582e+02	2.318131e+05
1.073380e+00	2.258805e+05	-1.430584e-01	2.674811e-01	0.000000e+00	-7.252985e+02	2.266058e+05
1.074570e+00	2.307179e+05	-1.433769e-01	2.678044e-01	0.000000e+00	-8.903881e+02	2.316082e+05
1.075760e+00	2.330401e+05	-1.436958e-01	2.681329e-01	0.000000e+00	-6.498572e+01	2.331051e+05
1.076950e+00	2.137424e+05	-1.440150e-01	2.684493e-01	0.000000e+00	-1.535152e+03	2.152776e+05
1.078140e+00	2.074679e+05	-1.443347e-01	2.687475e-01	0.000000e+00	-1.950135e+03	2.094180e+05
1.079330e+00	2.355736e+05	-1.446547e-01	2.690613e-01	0.000000e+00	-1.105105e+03	2.366787e+05
1.080520e+00	2.455429e+05	-1.449750e-01	2.694020e-01	0.000000e+00	-9.130773e+02	2.464559e+05
1.081710e+00	2.505133e+05	-1.452958e-01	2.697533e-01	0.000000e+00	-3.788841e+02	2.508922e+05
1.082900e+00	2.254336e+05	-1.456171e-01	2.700903e-01	0.000000e+00	0.000000e+00	2.254336e+05
1.084090e+00	2.146801e+05	-1.459387e-01	2.704020e-01	0.000000e+00	0.000000e+00	2.146801e+05
1.085280e+00	2.343801e+05	-1.462606e-01	2.707200e-01	0.000000e+00	-1.036947e+03	2.354171e+05
1.086470e+00	2.397717e+05	-1.465830e-01	2.710558e-01	0.000000e+00	-1.484062e+03	2.412558e+05
1.087660e+00	2.321476e+05	-1.469057e-01	2.713900e-01	0.000000e+00	-8.117023e+02	2.329593e+05
1.088850e+00	2.126970e+05	-1.472289e-01	2.717050e-01	0.000000e+00	-5.859878e+02	2.132830e+05
1.090040e+00	2.222217e+05	-1.475524e-01	2.720130e-01	0.000000e+00	-1.479718e+03	2.237014e+05
1.091230e+00	2.404623e+05	-1.478763e-01	2.723407e-01	0.000000e+00	-1.761086e+03	2.422234e+05
1.092420e+00	2.288106e+05	-1.482006e-01	2.726730e-01	0.000000e+00	-7.065526e+02	2.295171e+05
1.093610e+00	2.268796e+05	-1.485252e-01	2.729957e-01	0.000000e+00	-6.843791e+02	2.275640e+05
1.094800e+00	2.465583e+05	-1.488503e-01	2.733310e-01	0.000000e+00	-2.154419e+03	2.487127e+05
1.095990e+00	2.235686e+05	-1.491758e-01	2.736639e-01	0.000000e+00	-7.647171e+02	2.243333e+05
1.097180e+00	2.239003e+05	-1.495016e-01	2.739808e-01	0.000000e+00	-1.367363e+03	2.252676e+05
1.098370e+00	2.483353e+05	-1.498278e-01	2.743152e-01	0.000000e+00	-1.675096e+03	2.500104e+05
1.099560e+00	2.184174e+05	-1.501545e-01	2.746457e-01	0.000000e+00	-1.297838e+03	2.197153e+05
1.100750e+00	2.235327e+05	-1.504815e-01	2.749587e-01	0.000000e+00	-9.968545e+02	2.245295e+05
1.101940e+00	2.229117e+05	-1.508089e-01	2.752749e-01	0.000000e+00	-6.661561e+02	2.235779e+05
1.103130e+00	2.287868e+05	-1.511366e-01	2.755947e-01	0.000000e+00	-1.063401e+03	2.298502e+05
1.104320e+00	2.237322e+05	-1.514648e-01	2.759152e-01	0.000000e+00	-7.914514e+02	2.245236e+05
1.105510e+00	2.220984e+05	-1.517933e-01	2.762309e-01	0.000000e+00	-1.281478e+03	2.233799e+05
1.106700e+00	2.266029e+05	-1.521222e-01	2.765487e-01	0.000000e+00	-7.484642e+02	2.273513e+05
1.107890e+00	2.308571e+05	-1.524515e-01	2.768726e-01	0.000000e+00	-1.331402e+03	2.321885e+05
1.109080e+00	2.261251e+05	-1.527812e-01	2.771963e-01	0.000000e+00	-8.831832e+01	2.262134e+05
1.110270e+00	2.431554e+05	-1.531112e-01	2.775286e-01	0.000000e+00	-7.782689e+02	2.439337e+05
1.111460e+00	2.192200e+05	-1.534417e-01	2.778560e-01	0.000000e+00	-1.515514e+03	2.207355e+05
1.112650e+00	2.322663e+05	-1.537725e-01	2.781757e-01	0.000000e+00	-1.389074e+02	2.324052e+05
1.113840e+00	2.006912e+05	-1.541038e-01	2.784823e-01	0.000000e+00	0.000000e+00	2.006912e+05
1.115030e+00	2.166593e+05	-1.544353e-01	2.787779e-01	0.000000e+00	-3.883937e+02	2.170477e+05
1.116220e+00	2.419866e+05	-1.547673e-01	2.791027e-01	0.000000e+00	-4.519425e+02	2.424385e+05
1.117410e+00	2.271108e+05	-1.550996e-01	2.794349e-01	0.000000e+00	-1.206546e+03	2.283174e+05
1.118600e+00	2.226784e+05	-1.554323e-01	2.797534e-01	0.000000e+00	-1.258148e+03	2.239365e+05
1.119790e+00	2.212270e+05	-1.557654e-01	2.800678e-01	0.000000e+00	-4.705350e+02	2.216975e+05
1.120980e+00	2.119348e+05	-1.560989e-01	2.803745e-01	0.000000e+00	-4.261157e+02	2.123609e+05
1.122170e+00	2.292463e+05	-1.564327e-01	2.806870e-01	0.000000e+00	-6.350715e+02	2.298813e+05
1.123360e+00	2.568772e+05	-1.567669e-01	2.810312e-01	0.000000e+00	-9.813850e+02	2.578586e+05
1.124550e+00	2.260330e+05	-1.571015e-01	2.813732e-01	0.000000e+00	-1.017358e+03	2.270504e+05
1.125740e+00	2.279283e+05	-1.574366e-01	2.816947e-01	0.000000e+00	-8.784106e+02	2.288067e+05
1.126930e+00	2.414768e+05	-1.577720e-01	2.820271e-01	0.000000e+00	-6.894555e+02	2.421662e+05
1.128120e+00	2.415615e+05	-1.581078e-01	2.823692e-01	0.000000e+00	0.000000e+00	2.415615e+05
1.129310e+00	2.337288e+05	-1.584440e-01	2.827057e-01	0.000000e+00	0.000000e+00	2.337288e+05
1.130500e+00	2.382354e+05	-1.587806e-01	2.830400e-01	0.000000e+00	-7.482988e+02	2.389837e+05
1.131690e+00	2.223595e+05	-1.591177e-01	2.833661e-01	0.000000e+00	-9.203730e+01	2.224516e+05
1.132880e+00	2.159769e+05	-1.594550e-01	2.836766e-01	0.000000e+00	0.000000e+00	2.159769e+05
1.134070e+00	2.232147e+05	-1.597928e-01	2.839876e-01	0.000000e+00	-1.199617e+02	2.233346e+05
1.135260e+00	2.400469e+05	-1.601309e-01	2.843156e-01	0.000000e+00	-7.203744e+02	2.407672e+05
1.136450e+00	2.284695e+05	-1.604695e-01	2.846474e-01	0.000000e+00	0.000000e+00	2.284695e+05
1.137640e+00	2.334504e+05	-1.608084e-01	2.849746e-01	0.000000e+00	-1.080750e+03	2.345311e+05
1.138830e+00	2.181785e+05	-1.611477e-01	2.852944e-01	0.000000e+00	-2.793822e+03	2.209723e+05
1.140020e+00	2.271601e+05	-1.614874e-01	2.856098e-01	0.000000e+00	-4.829719e+02	2.276430e+05
1.141210e+00	2.266506e+05	-1.618275e-01	2.859311e-01	0.000000e+00	-6.844726e+02	2.273350e+05
1.142400e+00	2.267576e+05	-1.621679e-01	2.862522e-01	0.000000e+00	-6.808481e+02	2.274385e+05
1.143590e+00	2.133123e+05	-1.625087e-01	2.865639e-01	0.000000e+00	-1.594880e+02	2.134718e+05
1.144780e+00	2.116544e+05	-1.628499e-01	2.868648e-01	0.000000e+00	0.000000e+00	2.116544e+05
1.145970e+00	2.247046e+05	-1.631915e-01	2.871738e-01	0.000000e+00	-8.684492e+02	2.255730e+05
1.147160e+00	2.441558e+05	-1.635334e-01	2.875058e-01	0.000000e+00	-8.122231e+02	2.449680e+05
1.148350e+00	2.281418e+05	-1.638757e-01	2.878403e-01	0.000000e+00	-8.374141e+02	2.289792e+05
1.149540e+00	2.215275e+05	-1.642185e-01	2.881587e-01	0.000000e+00	-2.245287e+02	2.217520e+05
1.150730e+00	2.151908e+05	-1.645616e-01	2.884680e-01	0.000000e+00	-6.187295e+02	2.158095e+05
1.151920e+00	2.417643e+05	-1.649050e-01	2.887916e-01	0.000000e+00	0.000000e+00	2.417643e+05
1.153110e+00	2.475379e+05	-1.652489e-01	2.891381e-01	0.000000e+00	-6.010961e+02	2.481390e+05
1.154300e+00	2.508011e+05	-1.655932e-01	2.894910e-01	0.000000e+00	-2.392400e+02	2.510403e+05
1.155490e+00	2.215458e+05	-1.659379e-01	2.898255e-01	0.000000e+00	0.000000e+00	2.215458e+05
1.156680e+00	2.226560e+05	-1.662830e-01	2.901401e-01	0.000000e+00	0.000000e+00	2.226560e+05
1.157870e+00	2.216179e+05	-1.666284e-01	2.904547e-01	0.000000e+00	-8.827991e+02	2.225007e+05
1.159060e+00	2.311006e+05	-1.669742e-01	2.907753e-01	0.000000e+00	-7.978731e+02	2.318985e+05
1.160250e+00	2.371314e+05	-1.673205e-01	2.911069e-01	0.000000e+00	0.000000e+00	2.371314e+05
1.161440e+00	2.370529e+05	-1.676671e-01	2.914427e-01	0.000000e+00	0.000000e+00	2.370529e+05
1.162630e+00	2.148556e+05	-1.680141e-01	2.917627e-01	0.000000e+00	-2.842156e+02	2.151399e+05
1.163820e+00	2.141332e+05	-1.683615e-01	2.920665e-01	0.000000e+00	-5.561205e+02	2.146893e+05
1.165010e+00	2.261313e+05	-1.687092e-01	2.923783e-01	0.000000e+00	-5.033639e+02	2.266347e+05
1.166200e+00	2.344423e+05	-1.690573e-01	2.927045e-01	0.000000e+00	-1.177308e+03	2.356196e+05
1.167390e+00	2.249208e+05	-1.694058e-01	2.930298e-01	0.000000e+00	0.000000e+00	2.249208e+05
1.168580e+00	2.199312e+05	-1.697547e-01	2.933448e-01	0.000000e+00	0.000000e+00	2.199312e+05
1.169770e+00	2.222241e+05	-1.701040e-01	2.936579e-01	0.000000e+00	-7.507111e+02	2.229748e+05
1.170960e+00	2.332579e+05	-1.704536e-01	2.939805e-01	0.000000e+00	-8.962500e+01	2.333476e+05
1.172150e+00	2.303863e+05	-1.708037e-01	2.943088e-01	0.000000e+00	-2.341737e+02	2.306205e+05
1.173340e+00	2.330318e+05	-1.711541e-01	2.946370e-01	0.000000e+00	-6.061625e+02	2.336380e+05
1.174530e+00	2.256460e+05	-1.715049e-01	2.949618e-01	0.000000e+00	0.000000e+00	2.256460e+05
1.175720e+00	2.338813e+05	-1.718561e-01	2.952872e-01	0.000000e+00	-5.506072e+02	2.344319e+05
1.176910e+00	2.293123e+05	-1.722077e-01	2.956152e-01	0.000000e+00	-1.962279e+03	2.312746e+05
1.178100e+00	1.982857e+05	-1.725597e-01	2.959181e-01	0.000000e+00	-4.976442e+02	1.987834e+05
1.179290e+00	2.256560e+05	-1.729120e-01	2.962183e-01	0.000000e+00	-1.106937e+03	2.267630e+05
1.180480e+00	2.274713e+05	-1.732647e-01	2.965392e-01	0.000000e+00	-8.421380e+01	2.275555e+05
1.181670e+00	2.146485e+05	-1.736177e-01	2.968523e-01	0.000000e+00	0.000000e+00	2.146485e+05
1.182860e+00	2.349944e+05	-1.739712e-01	2.971707e-01	0.000000e+00	0.000000e+00	2.349944e+05
1.184050e+00	2.358176e+05	-1.743250e-01	2.975041e-01	0.000000e+00	0.000000e+00	2.358176e+05
1.185240e+00	2.269530e+05	-1.746792e-01	2.978318e-01	0.000000e+00	0.000000e+00	2.269530e+05
1.186430e+00	2.275304e+05	-1.750339e-01	2.981537e-01	0.000000e+00	0.000000e+00	2.275304e+05
1.187620e+00	2.294513e+05	-1.753888e-01	2.984773e-01	0.000000e+00	0.000000e+00	2.294513e+05
1.188810e+00	2.307645e+05	-1.757442e-01	2.988032e-01	0.000000e+00	0.000000e+00	2.307645e+05
1.190000e+00	1.095627e+05	-1.761000e-01	2.990442e-01	0.000000e+00	0.000000e+00	1.095627e+05
