#x	rho	phi	ex	bz	rhok[0]	rhok[1]
0.000000e+00	-2.196001e+03	0.000000e+00	4.164060e-02	0.000000e+00	-2.959378e+03	7.633766e+02
1.190000e-03	6.018135e+02	-4.955046e-05	4.163947e-02	0.000000e+00	-7.137774e+03	7.739588e+03
2.380000e-03	2.070641e+03	-9.910194e-05	4.164136e-02	0.000000e+00	-7.014973e+03	9.085614e+03
3.570000e-03	4.581063e+03	-1.486569e-04	4.164607e-02	0.000000e+00	-5.696030e+03	1.027709e+04
4.760000e-03	5.055663e+03	-1.982196e-04	4.165290e-02	0.000000e+00	-8.721365e+03	1.377703e+04
5.950000e-03	1.852478e+03	-2.477908e-04	4.165779e-02	0.000000e+00	-7.873884e+03	9.726362e+03
7.140000e-03	6.960905e+03	-2.973651e-04	4.166403e-02	0.000000e+00	-5.451856e+03	1.241276e+04
8.330000e-03	2.033192e+04	-3.469512e-04	4.168336e-02	0.000000e+00	-3.609776e+03	2.394170e+04
9.520000e-03	2.382851e+04	-3.965715e-04	4.171463e-02	0.000000e+00	-3.473526e+03	2.730204e+04
1.071000e-02	1.689759e+04	-4.462320e-04	4.174347e-02	0.000000e+00	-3.626948e+03	2.052453e+04
1.190000e-02	2.312033e+04	-4.959210e-04	4.177181e-02	0.000000e+00	-4.209801e+03	2.733013e+04
1.309000e-02	1.673540e+04	-5.456489e-04	4.180004e-02	0.000000e+00	-9.560959e+03	2.629636e+04
1.428000e-02	1.834919e+04	-5.954051e-04	4.182488e-02	0.000000e+00	-8.155912e+03	2.650511e+04
1.547000e-02	2.406729e+04	-6.451921e-04	4.185492e-02	0.000000e+00	-4.552827e+03	2.862012e+04
1.666000e-02	2.322432e+04	-6.950198e-04	4.188841e-02	0.000000e+00	-4.116122e+03	2.734045e+04
1.785000e-02	2.569998e+04	-7.448866e-04	4.192306e-02	0.000000e+00	-5.322149e+03	3.102213e+04
1.904000e-02	2.442967e+04	-7.947966e-04	4.195856e-02	0.000000e+00	-6.993556e+03	3.142323e+04
2.023000e-02	3.130172e+04	-8.447479e-04	4.199802e-02	0.000000e+00	-7.150780e+03	3.845250e+04
2.142000e-02	3.493617e+04	-8.947519e-04	4.204493e-02	0.000000e+00	-3.582668e+03	3.851883e+04
2.261000e-02	3.150165e+04	-9.448148e-04	4.209198e-02	0.000000e+00	-7.763392e+03	3.926504e+04
2.380000e-02	3.939479e+04	-9.949309e-04	4.214219e-02	0.000000e+00	-3.648447e+03	4.304324e+04
2.499000e-02	3.810782e+04	-1.045113e-03	4.219707e-02	0.000000e+00	-7.855580e+03	4.596340e+04
2.618000e-02	3.654622e+04	-1.095360e-03	4.224994e-02	0.000000e+00	-5.251890e+03	4.179811e+04
2.737000e-02	3.847596e+04	-1.145668e-03	4.230307e-02	0.000000e+00	-4.761133e+03	4.323709e+04
2.856000e-02	3.752585e+04	-1.196041e-03	4.235689e-02	0.000000e+00	-8.773932e+03	4.629979e+04
2.975000e-02	4.044404e+04	-1.246477e-03	4.241210e-02	0.000000e+00	-7.087800e+03	4.753184e+04
3.094000e-02	4.478311e+04	-1.296982e-03	4.247246e-02	0.000000e+00	-4.844752e+03	4.962787e+04
3.213000e-02	5.543797e+04	-1.347562e-03	4.254343e-02	0.000000e+00	-6.229013e+03	6.166699e+04
3.332000e-02	4.236518e+04	-1.398235e-03	4.261269e-02	0.000000e+00	-6.323210e+03	4.868839e+04
3.451000e-02	4.875383e+04	-1.448980e-03	4.267722e-02	0.000000e+00	-5.574826e+03	5.432866e+04
3.570000e-02	3.338717e+04	-1.499807e-03	4.273539e-02	0.000000e+00	-5.833131e+03	3.922030e+04
3.689000e-02	4.792507e+04	-1.550690e-03	4.279297e-02	0.000000e+00	-3.930802e+03	5.185588e+04
3.808000e-02	5.562247e+04	-1.601654e-03	4.286630e-02	0.000000e+00	-1.494001e+03	5.711647e+04
3.927000e-02	5.621407e+04	-1.652712e-03	4.294550e-02	0.000000e+00	-4.513714e+03	6.072779e+04
4.046000e-02	5.301019e+04	-1.703865e-03	4.302285e-02	0.000000e+00	-5.903176e+03	5.891337e+04
4.165000e-02	5.597371e+04	-1.755107e-03	4.310003e-02	0.000000e+00	-3.180120e+03	5.915383e+04
4.284000e-02	4.598740e+04	-1.806443e-03	4.317223e-02	0.000000e+00	-5.559770e+03	5.154717e+04
4.403000e-02	4.109720e+04	-1.857856e-03	4.323390e-02	0.000000e+00	-9.399658e+03	5.049686e+04
4.522000e-02	4.010361e+04	-1.909339e-03	4.329140e-02	0.000000e+00	-1.290756e+04	5.301117e+04
4.641000e-02	4.828674e+04	-1.960890e-03	4.335400e-02	0.000000e+00	-8.763094e+03	5.704984e+04
4.760000e-02	5.111935e+04	-2.012522e-03	4.342440e-02	0.000000e+00	-5.466696e+03	5.658604e+04
4.879000e-02	4.694737e+04	-2.064240e-03	4.349384e-02	0.000000e+00	-6.305803e+03	5.325318e+04
4.998000e-02	5.351831e+04	-2.116037e-03	4.356499e-02	0.000000e+00	-7.212591e+03	6.073090e+04
5.117000e-02	6.789240e+04	-2.167925e-03	4.365097e-02	0.000000e+00	-4.642697e+03	7.253510e+04
5.236000e-02	6.131842e+04	-2.219927e-03	4.374247e-02	0.000000e+00	-4.681425e+03	6.599985e+04
5.355000e-02	6.465255e+04	-2.272032e-03	4.383168e-02	0.000000e+00	-6.791007e+03	7.144356e+04
5.474000e-02	5.879946e+04	-2.324246e-03	4.391910e-02	0.000000e+00	-8.805139e+03	6.760460e+04
5.593000e-02	6.320363e+04	-2.376559e-03	4.400550e-02	0.000000e+00	-5.278537e+03	6.848217e+04
5.712000e-02	6.055403e+04	-2.428979e-03	4.409314e-02	0.000000e+00	-5.348974e+03	6.590300e+04
5.831000e-02	5.703083e+04	-2.481501e-03	4.417641e-02	0.000000e+00	-7.668350e+03	6.469918e+04
5.950000e-02	6.255609e+04	-2.534119e-03	4.426110e-02	0.000000e+00	-3.708917e+03	6.626501e+04
6.069000e-02	6.187435e+04	-2.586842e-03	4.434922e-02	0.000000e+00	-2.562996e+03	6.443735e+04
6.188000e-02	5.438342e+04	-2.639670e-03	4.443155e-02	0.000000e+00	-3.585867e+03	5.796929e+04
6.307000e-02	6.572735e+04	-2.692589e-03	4.451660e-02	0.000000e+00	-6.030595e+03	7.175795e+04
6.426000e-02	5.076076e+04	-2.745620e-03	4.459910e-02	0.000000e+00	-3.524533e+03	5.428530e+04
6.545000e-02	6.906548e+04	-2.798735e-03	4.468395e-02	0.000000e+00	-3.329254e+03	7.239473e+04
6.664000e-02	8.262936e+04	-2.851967e-03	4.479138e-02	0.000000e+00	-5.295868e+03	8.792523e+04
6.783000e-02	7.479311e+04	-2.905339e-03	4.490286e-02	0.000000e+00	-9.545857e+03	8.433897e+04
6.902000e-02	7.317922e+04	-2.958836e-03	4.500765e-02	0.000000e+00	-5.482939e+03	7.866216e+04
7.021000e-02	7.754951e+04	-3.012457e-03	4.511439e-02	0.000000e+00	-4.276887e+03	8.182639e+04
7.140000e-02	6.841135e+04	-3.066208e-03	4.521775e-02	0.000000e+00	-4.422518e+03	7.283387e+04
7.259000e-02	8.566686e+04	-3.120075e-03	4.532687e-02	0.000000e+00	-5.770136e+03	9.143700e+04
7.378000e-02	8.151140e+04	-3.174086e-03	4.544526e-02	0.000000e+00	-4.687243e+03	8.619864e+04
7.497000e-02	8.165136e+04	-3.228235e-03	4.556080e-02	0.000000e+00	-2.195972e+03	8.384733e+04
7.616000e-02	8.938100e+04	-3.282521e-03	4.568192e-02	0.000000e+00	-5.568922e+03	9.494992e+04
7.735000e-02	6.169273e+04	-3.336958e-03	4.578891e-02	0.000000e+00	-7.426838e+03	6.911956e+04
7.854000e-02	7.148398e+04	-3.391499e-03	4.588322e-02	0.000000e+00	-4.266328e+03	7.575031e+04
7.973000e-02	7.194744e+04	-3.446160e-03	4.598479e-02	0.000000e+00	-3.542438e+03	7.548987e+04
8.092000e-02	6.526615e+04	-3.500942e-03	4.608196e-02	0.000000e+00	-4.990722e+03	7.025687e+04
8.211000e-02	8.725178e+04	-3.555835e-03	4.618997e-02	0.000000e+00	-5.422901e+03	9.267468e+04
8.330000e-02	8.510234e+04	-3.610875e-03	4.631202e-02	0.000000e+00	-5.258418e+03	9.036076e+04
8.449000e-02	8.934720e+04	-3.666058e-03	4.643556e-02	0.000000e+00	-3.175582e+03	9.252278e+04
8.568000e-02	8.924052e+04	-3.721391e-03	4.656203e-02	0.000000e+00	-4.111937e+03	9.335245e+04
8.687000e-02	9.001330e+04	-3.776875e-03	4.668897e-02	0.000000e+00	-2.684170e+03	9.269747e+04
8.806000e-02	8.512433e+04	-3.832511e-03	4.681300e-02	0.000000e+00	-5.378919e+03	9.050325e+04
8.925000e-02	8.658227e+04	-3.888290e-03	4.693460e-02	0.000000e+00	-3.039716e+03	8.962199e+04
9.044000e-02	9.278083e+04	-3.944215e-03	4.706161e-02	0.000000e+00	-3.622483e+03	9.640331e+04
9.163000e-02	9.664999e+04	-4.000297e-03	4.719576e-02	0.000000e+00	-3.134099e+03	9.978408e+04
9.282000e-02	8.198262e+04	-4.056541e-03	4.732226e-02	0.000000e+00	-3.895999e+03	8.587862e+04
9.401000e-02	8.601324e+04	-4.112924e-03	4.744123e-02	0.000000e+00	-3.436242e+03	8.944948e+04
9.520000e-02	8.800001e+04	-4.169451e-03	4.756446e-02	0.000000e+00	-5.713331e+03	9.371334e+04
9.639000e-02	8.491919e+04	-4.226127e-03	4.768692e-02	0.000000e+00	-2.276213e+03	8.719540e+04
9.758000e-02	9.583609e+04	-4.282946e-03	4.781492e-02	0.000000e+00	-3.884751e+03	9.972084e+04
9.877000e-02	1.104183e+05	-4.339927e-03	4.796098e-02	0.000000e+00	-4.316037e+03	1.147343e+05
9.996000e-02	8.534103e+04	-4.397093e-03	4.809961e-02	0.000000e+00	-6.603859e+03	9.194489e+04
1.011500e-01	8.626412e+04	-4.454404e-03	4.822114e-02	0.000000e+00	-6.065810e+03	9.232993e+04
1.023400e-01	8.999302e+04	-4.511860e-03	4.834596e-02	0.000000e+00	-6.453648e+03	9.644667e+04
1.035300e-01	8.041540e+04	-4.569467e-03	4.846663e-02	0.000000e+00	-6.542237e+03	8.695763e+04
1.047200e-01	7.884879e+04	-4.627210e-03	4.857942e-02	0.000000e+00	-3.857097e+03	8.270589e+04
1.059100e-01	1.036313e+05	-4.685086e-03	4.870865e-02	0.000000e+00	-2.080877e+03	1.057122e+05
1.071000e-01	1.080957e+05	-4.743137e-03	4.885858e-02	0.000000e+00	-3.852449e+03	1.119481e+05
1.082900e-01	1.066770e+05	-4.801370e-03	4.901068e-02	0.000000e+00	-6.593403e+03	1.132704e+05
1.094800e-01	9.516406e+04	-4.859782e-03	4.915361e-02	0.000000e+00	-6.135984e+03	1.013000e+05
1.106700e-01	1.168227e+05	-4.918355e-03	4.930374e-02	0.000000e+00	-3.756083e+03	1.205788e+05
1.118600e-01	9.221805e+04	-4.977125e-03	4.945177e-02	0.000000e+00	-3.027750e+03	9.524580e+04
1.130500e-01	9.540110e+04	-5.036050e-03	4.958464e-02	0.000000e+00	-5.002144e+03	1.004032e+05
1.142400e-01	8.489501e+04	-5.095137e-03	4.971232e-02	0.000000e+00	-1.003704e+04	9.493205e+04
1.154300e-01	1.071615e+05	-5.154366e-03	4.984832e-02	0.000000e+00	-4.016355e+03	1.111779e+05
1.166200e-01	9.556942e+04	-5.213776e-03	4.999189e-02	0.000000e+00	-2.340695e+03	9.791011e+04
1.178100e-01	9.881477e+04	-5.273347e-03	5.012955e-02	0.000000e+00	-8.750650e+03	1.075654e+05
1.190000e-01	1.106555e+05	-5.333084e-03	5.027789e-02	0.000000e+00	-3.315251e+03	1.139708e+05
1.201900e-01	1.098124e+05	-5.393008e-03	5.043401e-02	0.000000e+00	-5.609904e+03	1.154223e+05
1.213800e-01	1.051478e+05	-5.453117e-03	5.058624e-02	0.000000e+00	-7.331103e+03	1.124789e+05
1.225700e-01	1.083782e+05	-5.513403e-03	5.073745e-02	0.000000e+00	-4.013876e+03	1.123921e+05
1.237600e-01	9.922445e+04	-5.573872e-03	5.088447e-02	0.000000e+00	-3.273419e+03	1.024979e+05
1.249500e-01	1.101859e+05	-5.634508e-03	5.103277e-02	0.000000e+00	-5.232282e+03	1.154181e+05
1.261400e-01	1.077321e+05	-5.695330e-03	5.118709e-02	0.000000e+00	-8.511797e+03	1.162439e+05
1.273300e-01	1.034599e+05	-5.756333e-03	5.133665e-02	0.000000e+00	-6.497548e+03	1.099574e+05
1.285200e-01	1.015246e+05	-5.817511e-03	5.148181e-02	0.000000e+00	-4.807578e+03	1.063321e+05
1.297100e-01	9.600969e+04	-5.878860e-03	5.162170e-02	0.000000e+00	-6.841642e+03	1.028513e+05
1.309000e-01	1.079612e+05	-5.940371e-03	5.176614e-02	0.000000e+00	-3.630941e+03	1.115922e+05
1.320900e-01	1.138096e+05	-6.002064e-03	5.192319e-02	0.000000e+00	-3.122233e+03	1.169319e+05
1.332800e-01	1.107040e+05	-6.063948e-03	5.208218e-02	0.000000e+00	-4.832554e+03	1.155365e+05
1.344700e-01	1.042445e+05	-6.126019e-03	5.223440e-02	0.000000e+00	-5.530779e+03	1.097752e+05
1.356600e-01	9.861395e+04	-6.188266e-03	5.237806e-02	0.000000e+00	-4.552725e+03	1.031667e+05
1.368500e-01	1.005141e+05	-6.250679e-03	5.251908e-02	0.000000e+00	-6.476643e+03	1.069908e+05
1.380400e-01	1.080835e+05	-6.313261e-03	5.266680e-02	0.000000e+00	-7.820053e+03	1.159036e+05
1.392300e-01	1.051545e+05	-6.376026e-03	5.281781e-02	0.000000e+00	-7.456914e+03	1.126114e+05
1.404200e-01	9.466730e+04	-6.438968e-03	5.295931e-02	0.000000e+00	-4.449428e+03	9.911673e+04
1.416100e-01	1.115984e+05	-6.502069e-03	5.310538e-02	0.000000e+00	-5.872091e+03	1.174705e+05
1.428000e-01	1.073671e+05	-6.565359e-03	5.326045e-02	0.000000e+00	-5.104143e+03	1.124712e+05
1.439900e-01	1.074906e+05	-6.628829e-03	5.341260e-02	0.000000e+00	-5.801095e+03	1.132917e+05
1.451800e-01	1.117925e+05	-6.692481e-03	5.356789e-02	0.000000e+00	-5.990805e+03	1.177833e+05
1.463700e-01	1.160015e+05	-6.756321e-03	5.372920e-02	0.000000e+00	-7.397975e+03	1.233995e+05
1.475600e-01	1.088397e+05	-6.820356e-03	5.388843e-02	0.000000e+00	-5.706268e+03	1.145459e+05
1.487500e-01	1.170113e+05	-6.884575e-03	5.404837e-02	0.000000e+00	-4.136634e+03	1.211479e+05
1.499400e-01	1.198294e+05	-6.948991e-03	5.421609e-02	0.000000e+00	-4.254206e+03	1.240836e+05
1.511300e-01	1.058622e+05	-7.013609e-03	5.437592e-02	0.000000e+00	-3.252087e+03	1.091143e+05
1.523200e-01	1.067668e+05	-7.078406e-03	5.452649e-02	0.000000e+00	-5.696722e+03	1.124636e+05
1.535100e-01	1.214114e+05	-7.143382e-03	5.468808e-02	0.000000e+00	-6.209724e+03	1.276211e+05
1.547000e-01	1.157676e+05	-7.208563e-03	5.485604e-02	0.000000e+00	-9.003647e+03	1.247712e+05
1.558900e-01	1.262029e+05	-7.273940e-03	5.502740e-02	0.000000e+00	-4.019742e+03	1.302226e+05
1.570800e-01	1.210785e+05	-7.339529e-03	5.520251e-02	0.000000e+00	-5.886241e+03	1.269647e+05
1.582700e-01	1.300465e+05	-7.405322e-03	5.538035e-02	0.000000e+00	-4.239726e+03	1.342863e+05
1.594600e-01	1.141599e+05	-7.471334e-03	5.555329e-02	0.000000e+00	-9.745632e+03	1.239055e+05
1.606500e-01	1.073744e+05	-7.537539e-03	5.571017e-02	0.000000e+00	-7.125097e+03	1.144995e+05
1.618400e-01	1.136959e+05	-7.603924e-03	5.586673e-02	0.000000e+00	-4.685381e+03	1.183813e+05
1.630300e-01	1.149509e+05	-7.670501e-03	5.602865e-02	0.000000e+00	-4.517297e+03	1.194682e+05
1.642200e-01	1.101152e+05	-7.737272e-03	5.618803e-02	0.000000e+00	-3.498336e+03	1.136135e+05
1.654100e-01	1.455515e+05	-7.804229e-03	5.636909e-02	0.000000e+00	-1.549951e+03	1.471015e+05
1.666000e-01	1.342932e+05	-7.871431e-03	5.656726e-02	0.000000e+00	-4.095682e+03	1.383889e+05
1.677900e-01	1.127121e+05	-7.938859e-03	5.674218e-02	0.000000e+00	-6.615354e+03	1.193275e+05
1.689800e-01	1.194319e+05	-8.006477e-03	5.690658e-02	0.000000e+00	-3.632862e+03	1.230648e+05
1.701700e-01	1.309448e+05	-8.074297e-03	5.708389e-02	0.000000e+00	-7.491604e+03	1.384364e+05
1.713600e-01	1.292417e+05	-8.142337e-03	5.726814e-02	0.000000e+00	-4.508154e+03	1.337499e+05
1.725500e-01	1.171157e+05	-8.210595e-03	5.744260e-02	0.000000e+00	-5.910061e+03	1.230257e+05
1.737400e-01	1.160708e+05	-8.279050e-03	5.760774e-02	0.000000e+00	-7.605068e+03	1.236758e+05
1.749300e-01	1.221865e+05	-8.347701e-03	5.777646e-02	0.000000e+00	-5.267991e+03	1.274545e+05
1.761200e-01	1.268703e+05	-8.416558e-03	5.795284e-02	0.000000e+00	-2.855527e+03	1.297258e+05
1.773100e-01	1.232555e+05	-8.485629e-03	5.812997e-02	0.000000e+00	-6.481726e+03	1.297372e+05
1.785000e-01	1.233692e+05	-8.554907e-03	5.830462e-02	0.000000e+00	-4.846230e+03	1.282154e+05
1.796900e-01	1.356678e+05	-8.624394e-03	5.848806e-02	0.000000e+00	-2.214549e+03	1.378823e+05
1.808800e-01	1.351433e+05	-8.694109e-03	5.867984e-02	0.000000e+00	-3.627505e+03	1.387708e+05
1.820700e-01	1.334514e+05	-8.764052e-03	5.887005e-02	0.000000e+00	-6.179859e+03	1.396313e+05
1.832600e-01	1.157016e+05	-8.834220e-03	5.904649e-02	0.000000e+00	-7.169306e+03	1.228709e+05
1.844500e-01	1.341343e+05	-8.904583e-03	5.922341e-02	0.000000e+00	-6.233089e+03	1.403674e+05
1.856400e-01	1.330171e+05	-8.975171e-03	5.941260e-02	0.000000e+00	-3.668305e+03	1.366854e+05
1.868300e-01	1.283083e+05	-9.045985e-03	5.959766e-02	0.000000e+00	-3.801126e+03	1.321094e+05
1.880200e-01	1.408853e+05	-9.117014e-03	5.978829e-02	0.000000e+00	-4.531086e+03	1.454164e+05
1.892100e-01	1.300817e+05	-9.188281e-03	5.998018e-02	0.000000e+00	-8.414335e+03	1.384961e+05
1.904000e-01	1.341906e+05	-9.259767e-03	6.016733e-02	0.000000e+00	-6.082406e+03	1.402730e+05
1.915900e-01	1.291541e+05	-9.331479e-03	6.035382e-02	0.000000e+00	-4.384318e+03	1.335384e+05
1.927800e-01	1.339862e+05	-9.403409e-03	6.054017e-02	0.000000e+00	-2.850224e+03	1.368365e+05
1.939700e-01	1.281368e+05	-9.475565e-03	6.072580e-02	0.000000e+00	-3.193267e+03	1.313301e+05
1.951600e-01	1.219996e+05	-9.547936e-03	6.090293e-02	0.000000e+00	-4.576048e+03	1.265756e+05
1.963500e-01	1.081240e+05	-9.620514e-03	6.106590e-02	0.000000e+00	-3.579364e+03	1.117034e+05
1.975400e-01	1.228208e+05	-9.693273e-03	6.122945e-02	0.000000e+00	-5.714655e+03	1.285355e+05
1.987300e-01	1.365281e+05	-9.766240e-03	6.141311e-02	0.000000e+00	-2.005625e+03	1.385337e+05
1.999200e-01	1.469005e+05	-9.839436e-03	6.161382e-02	0.000000e+00	-4.113592e+03	1.510141e+05
2.011100e-01	1.539022e+05	-9.912881e-03	6.182684e-02	0.000000e+00	-1.801100e+03	1.557033e+05
2.023000e-01	1.428971e+05	-9.986584e-03	6.203702e-02	0.000000e+00	-4.887369e+03	1.477845e+05
2.034900e-01	1.411417e+05	-1.006053e-02	6.223817e-02	0.000000e+00	-3.969526e+03	1.451112e+05
2.046800e-01	1.272818e+05	-1.013471e-02	6.242826e-02	0.000000e+00	-1.970519e+03	1.292523e+05
2.058700e-01	1.320632e+05	-1.020911e-02	6.261192e-02	0.000000e+00	-4.404328e+03	1.364675e+05
2.070600e-01	1.298032e+05	-1.028373e-02	6.279736e-02	0.000000e+00	-3.668764e+03	1.334719e+05
2.082500e-01	1.366250e+05	-1.035857e-02	6.298604e-02	0.000000e+00	-3.862585e+03	1.404876e+05
2.094400e-01	1.332666e+05	-1.043363e-02	6.317716e-02	0.000000e+00	-4.730243e+03	1.379968e+05
2.106300e-01	1.315610e+05	-1.050893e-02	6.336471e-02	0.000000e+00	-4.531472e+03	1.360925e+05
2.118200e-01	1.330563e+05	-1.058444e-02	6.355210e-02	0.000000e+00	-3.187002e+03	1.362433e+05
2.130100e-01	1.409675e+05	-1.066018e-02	6.374615e-02	0.000000e+00	-2.746880e+03	1.437144e+05
2.142000e-01	1.371192e+05	-1.073616e-02	6.394308e-02	0.000000e+00	-3.088347e+03	1.402076e+05
2.153900e-01	1.295120e+05	-1.081237e-02	6.413190e-02	0.000000e+00	-2.414537e+03	1.319265e+05
2.165800e-01	1.401523e+05	-1.088879e-02	6.432287e-02	0.000000e+00	-2.830883e+03	1.429832e+05
2.177700e-01	1.381930e+05	-1.096545e-02	6.451998e-02	0.000000e+00	-2.795555e+03	1.409886e+05
2.189600e-01	1.460624e+05	-1.104235e-02	6.472128e-02	0.000000e+00	-2.568658e+03	1.486310e+05
2.201500e-01	1.246899e+05	-1.111949e-02	6.491302e-02	0.000000e+00	-2.761562e+03	1.274515e+05
2.213400e-01	1.256952e+05	-1.119684e-02	6.509033e-02	0.000000e+00	-4.171845e+03	1.298670e+05
2.225300e-01	1.292107e+05	-1.127441e-02	6.527085e-02	0.000000e+00	-2.583369e+03	1.317941e+05
2.237200e-01	1.523807e+05	-1.135219e-02	6.547026e-02	0.000000e+00	-3.049788e+03	1.554305e+05
2.249100e-01	1.441424e+05	-1.143023e-02	6.568025e-02	0.000000e+00	-3.766969e+03	1.479094e+05
2.261000e-01	1.393457e+05	-1.150851e-02	6.588101e-02	0.000000e+00	-2.794641e+03	1.421403e+05
2.272900e-01	1.431610e+05	-1.158702e-02	6.608107e-02	0.000000e+00	-2.640082e+03	1.458011e+05
2.284800e-01	1.459395e+05	-1.166578e-02	6.628580e-02	0.000000e+00	-4.735769e+03	1.506752e+05
2.296700e-01	1.306966e+05	-1.174478e-02	6.648170e-02	0.000000e+00	-3.785801e+03	1.344824e+05
2.308600e-01	1.641899e+05	-1.182401e-02	6.669053e-02	0.000000e+00	-3.534546e+03	1.677244e+05
2.320500e-01	1.409530e+05	-1.190351e-02	6.690662e-02	0.000000e+00	-3.329559e+03	1.442826e+05
2.332400e-01	1.348179e+05	-1.198324e-02	6.710191e-02	0.000000e+00	-3.732663e+03	1.385506e+05
2.344300e-01	1.431634e+05	-1.206321e-02	6.729877e-02	0.000000e+00	-3.039744e+03	1.462031e+05
2.356200e-01	1.605816e+05	-1.214341e-02	6.751387e-02	0.000000e+00	-7.502713e+03	1.680843e+05
2.368100e-01	1.519103e+05	-1.222389e-02	6.773517e-02	0.000000e+00	-6.846470e+03	1.587567e+05
2.380000e-01	1.506725e+05	-1.230462e-02	6.794944e-02	0.000000e+00	-3.832177e+03	1.545047e+05
2.391900e-01	1.475381e+05	-1.238561e-02	6.816063e-02	0.000000e+00	-3.474101e+03	1.510122e+05
2.403800e-01	1.665756e+05	-1.246685e-02	6.838307e-02	0.000000e+00	-1.972676e+03	1.685483e+05
2.415700e-01	1.365996e+05	-1.254836e-02	6.859777e-02	0.000000e+00	-3.670703e+03	1.402703e+05
2.427600e-01	1.518287e+05	-1.263011e-02	6.880202e-02	0.000000e+00	-5.861697e+03	1.576904e+05
2.439500e-01	1.513900e+05	-1.271211e-02	6.901675e-02	0.000000e+00	-6.445512e+03	1.578355e+05
2.451400e-01	1.305486e+05	-1.279437e-02	6.921641e-02	0.000000e+00	-3.966792e+03	1.345154e+05
2.463300e-01	1.400892e+05	-1.287685e-02	6.940807e-02	0.000000e+00	-5.425738e+03	1.455150e+05
2.475200e-01	1.412721e+05	-1.295956e-02	6.960732e-02	0.000000e+00	-6.011126e+03	1.472832e+05
2.487100e-01	1.376880e+05	-1.304251e-02	6.980487e-02	0.000000e+00	-6.520401e+03	1.442084e+05
2.499000e-01	1.612057e+05	-1.312570e-02	7.001653e-02	0.000000e+00	-3.382058e+03	1.645877e+05
2.510900e-01	1.422657e+05	-1.320915e-02	7.023144e-02	0.000000e+00	-4.528195e+03	1.467939e+05
2.522800e-01	1.470603e+05	-1.329285e-02	7.043633e-02	0.000000e+00	-5.970858e+03	1.530312e+05
2.534700e-01	1.399808e+05	-1.337679e-02	7.063960e-02	0.000000e+00	-6.636485e+03	1.466172e+05
2.546600e-01	1.483621e+05	-1.346097e-02	7.084380e-02	0.000000e+00	-4.949964e+03	1.533120e+05
2.558500e-01	1.574649e+05	-1.354540e-02	7.106037e-02	0.000000e+00	-2.733557e+03	1.601985e+05
2.570400e-01	1.400376e+05	-1.363009e-02	7.127106e-02	0.000000e+00	-4.298101e+03	1.443357e+05
2.582300e-01	1.621526e+05	-1.371502e-02	7.148506e-02	0.000000e+00	-4.356016e+03	1.665086e+05
2.594200e-01	1.284075e+05	-1.380023e-02	7.169082e-02	0.000000e+00	-3.471900e+03	1.318794e+05
2.606100e-01	1.479555e+05	-1.388565e-02	7.188653e-02	0.000000e+00	-4.399636e+03	1.523551e+05
2.618000e-01	1.586224e+05	-1.397132e-02	7.210364e-02	0.000000e+00	-2.013735e+03	1.606362e+05
2.629900e-01	1.330446e+05	-1.405725e-02	7.231019e-02	0.000000e+00	-3.439156e+03	1.364837e+05
2.641800e-01	1.438261e+05	-1.414342e-02	7.250626e-02	0.000000e+00	-4.108278e+03	1.479344e+05
2.653700e-01	1.537591e+05	-1.422982e-02	7.271700e-02	0.000000e+00	-2.854114e+03	1.566132e+05
2.665600e-01	1.520284e+05	-1.431648e-02	7.293354e-02	0.000000e+00	-3.559443e+03	1.555879e+05
2.677500e-01	1.511732e+05	-1.440340e-02	7.314826e-02	0.000000e+00	-3.100441e+03	1.542736e+05
2.689400e-01	1.594082e+05	-1.449057e-02	7.336820e-02	0.000000e+00	-5.972468e+03	1.653807e+05
2.701300e-01	1.352265e+05	-1.457802e-02	7.357685e-02	0.000000e+00	-4.700893e+03	1.399274e+05
2.713200e-01	1.440592e+05	-1.466569e-02	7.377463e-02	0.000000e+00	-4.305207e+03	1.483644e+05
2.725100e-01	1.484976e+05	-1.475360e-02	7.398181e-02	0.000000e+00	-3.727166e+03	1.522248e+05
2.737000e-01	1.607570e+05	-1.484176e-02	7.420082e-02	0.000000e+00	-2.303214e+03	1.630603e+05
2.748900e-01	1.405503e+05	-1.493020e-02	7.441419e-02	0.000000e+00	-1.430104e+03	1.419804e+05
2.760800e-01	1.542629e+05	-1.501887e-02	7.462297e-02	0.000000e+00	-2.713011e+03	1.569759e+05
2.772700e-01	1.422465e+05	-1.510780e-02	7.483294e-02	0.000000e+00	-7.531310e+03	1.497778e+05
2.784600e-01	1.554327e+05	-1.519697e-02	7.504375e-02	0.000000e+00	-2.711095e+03	1.581438e+05
2.796500e-01	1.642571e+05	-1.528641e-02	7.527014e-02	0.000000e+00	-3.177258e+03	1.674344e+05
2.808400e-01	1.469014e+05	-1.537612e-02	7.549049e-02	0.000000e+00	-5.731336e+03	1.526327e+05
2.820300e-01	1.531880e+05	-1.546607e-02	7.570301e-02	0.000000e+00	-6.498190e+03	1.596862e+05
2.832200e-01	1.493705e+05	-1.555629e-02	7.591727e-02	0.000000e+00	-8.039898e+03	1.574104e+05
2.844100e-01	1.536427e+05	-1.564676e-02	7.613185e-02	0.000000e+00	-2.463971e+03	1.561066e+05
2.856000e-01	1.674161e+05	-1.573748e-02	7.635921e-02	0.000000e+00	-3.176221e+03	1.705924e+05
2.867900e-01	1.488265e+05	-1.582849e-02	7.658317e-02	0.000000e+00	-7.059134e+03	1.558857e+05
2.879800e-01	1.417245e+05	-1.591975e-02	7.678892e-02	0.000000e+00	-3.560626e+03	1.452852e+05
2.891700e-01	1.512678e+05	-1.601125e-02	7.699641e-02	0.000000e+00	-4.890214e+03	1.561580e+05
2.903600e-01	1.547495e+05	-1.610300e-02	7.721312e-02	0.000000e+00	-6.057834e+03	1.608073e+05
2.915500e-01	1.611010e+05	-1.619502e-02	7.743680e-02	0.000000e+00	-5.246291e+03	1.663473e+05
2.927400e-01	1.461597e+05	-1.628730e-02	7.765439e-02	0.000000e+00	-4.488875e+03	1.506486e+05
2.939300e-01	1.705720e+05	-1.637983e-02	7.787869e-02	0.000000e+00	-2.538626e+03	1.731106e+05
2.951200e-01	1.691255e+05	-1.647265e-02	7.811925e-02	0.000000e+00	-2.087224e+03	1.712127e+05
2.963100e-01	1.681909e+05	-1.656576e-02	7.835812e-02	0.000000e+00	-4.486617e+03	1.726775e+05
2.975000e-01	1.646624e+05	-1.665914e-02	7.859384e-02	0.000000e+00	-6.549968e+03	1.712124e+05
2.986900e-01	1.744211e+05	-1.675281e-02	7.883396e-02	0.000000e+00	-2.153085e+03	1.765741e+05
2.998800e-01	1.539295e+05	-1.684677e-02	7.906649e-02	0.000000e+00	-3.856749e+03	1.577863e+05
3.010700e-01	1.643837e+05	-1.694099e-02	7.929191e-02	0.000000e+00	-6.302360e+03	1.706861e+05
3.022600e-01	1.647039e+05	-1.703548e-02	7.952496e-02	0.000000e+00	-3.870840e+03	1.685747e+05
3.034500e-01	1.672721e+05	-1.713026e-02	7.976005e-02	0.000000e+00	-3.645272e+03	1.709174e+05
3.046400e-01	1.650254e+05	-1.722531e-02	7.999537e-02	0.000000e+00	-2.447227e+03	1.674726e+05
3.058300e-01	1.782412e+05	-1.732065e-02	8.023846e-02	0.000000e+00	-3.883046e+03	1.821243e+05
3.070200e-01	1.840084e+05	-1.741628e-02	8.049499e-02	0.000000e+00	-2.796271e+03	1.868046e+05
3.082100e-01	1.641137e+05	-1.751222e-02	8.074152e-02	0.000000e+00	-6.193006e+03	1.703067e+05
3.094000e-01	1.814225e+05	-1.760845e-02	8.098622e-02	0.000000e+00	-7.381983e+03	1.888044e+05
3.105900e-01	1.583192e+05	-1.770497e-02	8.122681e-02	0.000000e+00	-1.799521e+03	1.601187e+05
3.117800e-01	1.486029e+05	-1.780177e-02	8.144416e-02	0.000000e+00	-4.387574e+03	1.529904e+05
3.129700e-01	1.552734e+05	-1.789881e-02	8.165936e-02	0.000000e+00	-7.431003e+03	1.627044e+05
3.141600e-01	1.462935e+05	-1.799611e-02	8.187292e-02	0.000000e+00	-2.615994e+03	1.489095e+05
3.153500e-01	1.556874e+05	-1.809367e-02	8.208677e-02	0.000000e+00	-2.838412e+03	1.585258e+05
3.165400e-01	1.451848e+05	-1.819148e-02	8.229984e-02	0.000000e+00	-4.599483e+03	1.497843e+05
3.177300e-01	1.649631e+05	-1.828954e-02	8.251947e-02	0.000000e+00	-4.727413e+03	1.696906e+05
3.189200e-01	1.689770e+05	-1.838788e-02	8.275596e-02	0.000000e+00	-5.765852e+03	1.747429e+05
3.201100e-01	1.673390e+05	-1.848650e-02	8.299412e-02	0.000000e+00	-2.182964e+03	1.695220e+05
3.213000e-01	1.515445e+05	-1.858540e-02	8.321995e-02	0.000000e+00	-4.574808e+03	1.561193e+05
3.224900e-01	1.697123e+05	-1.868456e-02	8.344745e-02	0.000000e+00	-4.392041e+03	1.741044e+05
3.236800e-01	1.702447e+05	-1.878401e-02	8.368819e-02	0.000000e+00	-2.626751e+03	1.728714e+05
3.248700e-01	1.633644e+05	-1.888374e-02	8.392444e-02	0.000000e+00	-3.779686e+03	1.671441e+05
3.260600e-01	1.640289e+05	-1.898375e-02	8.415629e-02	0.000000e+00	-4.607902e+03	1.686368e+05
3.272500e-01	1.580441e+05	-1.908403e-02	8.438437e-02	0.000000e+00	-4.595186e+03	1.626393e+05
3.284400e-01	1.535582e+05	-1.918458e-02	8.460504e-02	0.000000e+00	-3.023454e+03	1.565816e+05
3.296300e-01	1.493629e+05	-1.928539e-02	8.481956e-02	0.000000e+00	-1.319703e+03	1.506826e+05
3.308200e-01	1.618240e+05	-1.938645e-02	8.503993e-02	0.000000e+00	-2.262825e+03	1.640868e+05
3.320100e-01	1.515877e+05	-1.948779e-02	8.526188e-02	0.000000e+00	-3.992813e+03	1.555805e+05
3.332000e-01	1.526138e+05	-1.958938e-02	8.547730e-02	0.000000e+00	-3.382690e+03	1.559965e+05
3.343900e-01	1.541713e+05	-1.969122e-02	8.569455e-02	0.000000e+00	-5.837106e+03	1.600084e+05
3.355800e-01	1.547059e+05	-1.979333e-02	8.591329e-02	0.000000e+00	-6.585406e+03	1.612913e+05
3.367700e-01	1.657230e+05	-1.989570e-02	8.614021e-02	0.000000e+00	-5.368235e+03	1.710912e+05
3.379600e-01	1.562861e+05	-1.999834e-02	8.636824e-02	0.000000e+00	-5.970030e+03	1.622561e+05
3.391500e-01	1.694193e+05	-2.010125e-02	8.659890e-02	0.000000e+00	-6.793419e+03	1.762127e+05
3.403400e-01	1.648695e+05	-2.020445e-02	8.683563e-02	0.000000e+00	-7.319212e+03	1.721887e+05
3.415300e-01	1.514610e+05	-2.030792e-02	8.705964e-02	0.000000e+00	-6.819712e+03	1.582807e+05
3.427200e-01	1.493678e+05	-2.041165e-02	8.727268e-02	0.000000e+00	-3.151309e+03	1.525191e+05
3.439100e-01	1.514958e+05	-2.051563e-02	8.748574e-02	0.000000e+00	-3.634934e+03	1.551307e+05
3.451000e-01	1.561751e+05	-2.061987e-02	8.770362e-02	0.000000e+00	-1.817694e+03	1.579928e+05
3.462900e-01	1.699744e+05	-2.072437e-02	8.793459e-02	0.000000e+00	-1.327333e+03	1.713018e+05
3.474800e-01	1.748887e+05	-2.082915e-02	8.817881e-02	0.000000e+00	-2.934723e+03	1.778234e+05
3.486700e-01	1.628623e+05	-2.093423e-02	8.841799e-02	0.000000e+00	-5.268183e+03	1.681305e+05
3.498600e-01	1.530348e+05	-2.103959e-02	8.864170e-02	0.000000e+00	-6.194029e+03	1.592288e+05
3.510500e-01	1.608717e+05	-2.114520e-02	8.886400e-02	0.000000e+00	-2.578158e+03	1.634498e+05
3.522400e-01	1.671462e+05	-2.125108e-02	8.909629e-02	0.000000e+00	-2.928182e+03	1.700744e+05
3.534300e-01	1.652600e+05	-2.135725e-02	8.933168e-02	0.000000e+00	-2.610896e+03	1.678709e+05
3.546200e-01	1.794532e+05	-2.146369e-02	8.957580e-02	0.000000e+00	-2.491089e+03	1.819443e+05
3.558100e-01	1.725127e+05	-2.157044e-02	8.982505e-02	0.000000e+00	-3.875996e+03	1.763887e+05
3.570000e-01	1.567611e+05	-2.167748e-02	9.005823e-02	0.000000e+00	-4.047417e+03	1.608085e+05
3.581900e-01	1.541592e+05	-2.178478e-02	9.027841e-02	0.000000e+00	-3.871616e+03	1.580308e+05
3.593800e-01	1.676803e+05	-2.189234e-02	9.050633e-02	0.000000e+00	-2.822138e+03	1.705024e+05
3.605700e-01	1.425789e+05	-2.200018e-02	9.072604e-02	0.000000e+00	-4.629815e+03	1.472087e+05
3.617600e-01	1.481114e+05	-2.210827e-02	9.093190e-02	0.000000e+00	-4.124669e+03	1.522361e+05
3.629500e-01	1.663974e+05	-2.221660e-02	9.115462e-02	0.000000e+00	-4.613488e+03	1.710109e+05
3.641400e-01	1.743405e+05	-2.232521e-02	9.139592e-02	0.000000e+00	-4.876611e+03	1.792171e+05
3.653300e-01	1.857073e+05	-2.243412e-02	9.165089e-02	0.000000e+00	-2.564362e+03	1.882716e+05
3.665200e-01	1.727996e+05	-2.254334e-02	9.190477e-02	0.000000e+00	-3.017016e+03	1.758167e+05
3.677100e-01	1.680879e+05	-2.265286e-02	9.214618e-02	0.000000e+00	-3.622975e+03	1.717109e+05
3.689000e-01	1.601040e+05	-2.276265e-02	9.237859e-02	0.000000e+00	-5.555868e+03	1.656598e+05
3.700900e-01	1.508604e+05	-2.287272e-02	9.259881e-02	0.000000e+00	-8.336682e+03	1.591971e+05
3.712800e-01	1.712543e+05	-2.298304e-02	9.282692e-02	0.000000e+00	-3.080453e+03	1.743347e+05
3.724700e-01	1.652539e+05	-2.309364e-02	9.306522e-02	0.000000e+00	-4.641643e+03	1.698955e+05
3.736600e-01	1.702867e+05	-2.320453e-02	9.330284e-02	0.000000e+00	-3.405910e+03	1.736926e+05
3.748500e-01	1.741684e+05	-2.331571e-02	9.354677e-02	0.000000e+00	-3.622934e+03	1.777914e+05
3.760400e-01	1.739749e+05	-2.342717e-02	9.379331e-02	0.000000e+00	-2.763489e+03	1.767384e+05
3.772300e-01	2.006335e+05	-2.353893e-02	9.405860e-02	0.000000e+00	-9.738629e+02	2.016074e+05
3.784200e-01	1.875849e+05	-2.365103e-02	9.433352e-02	0.000000e+00	-3.833296e+03	1.914181e+05
3.796100e-01	1.760784e+05	-2.376345e-02	9.459105e-02	0.000000e+00	-5.329712e+03	1.814082e+05
3.808000e-01	1.742648e+05	-2.387616e-02	9.483915e-02	0.000000e+00	-3.925981e+03	1.781908e+05
3.819900e-01	1.793992e+05	-2.398916e-02	9.508961e-02	0.000000e+00	-2.620626e+03	1.820198e+05
3.831800e-01	1.714823e+05	-2.410247e-02	9.533809e-02	0.000000e+00	-3.432930e+03	1.749153e+05
3.843700e-01	1.537182e+05	-2.421607e-02	9.556838e-02	0.000000e+00	-4.594118e+03	1.583123e+05
3.855600e-01	1.730899e+05	-2.432993e-02	9.579982e-02	0.000000e+00	-3.732877e+03	1.768228e+05
3.867500e-01	1.748011e+05	-2.444407e-02	9.604618e-02	0.000000e+00	-2.810507e+03	1.776116e+05
3.879400e-01	1.705007e+05	-2.455852e-02	9.629071e-02	0.000000e+00	-5.001829e+03	1.755025e+05
3.891300e-01	1.703420e+05	-2.467324e-02	9.653209e-02	0.000000e+00	-3.515709e+03	1.738578e+05
3.903200e-01	1.530787e+05	-2.478826e-02	9.676112e-02	0.000000e+00	-2.881931e+03	1.559606e+05
3.915100e-01	1.776249e+05	-2.490354e-02	9.699531e-02	0.000000e+00	-1.262162e+03	1.788870e+05
3.927000e-01	1.682963e+05	-2.501911e-02	9.724028e-02	0.000000e+00	-2.499881e+03	1.707962e+05
3.938900e-01	1.709465e+05	-2.513497e-02	9.748052e-02	0.000000e+00	-4.996722e+03	1.759432e+05
3.950800e-01	1.945621e+05	-2.525111e-02	9.773936e-02	0.000000e+00	-2.362977e+03	1.969251e+05
3.962700e-01	1.704189e+05	-2.536759e-02	9.799783e-02	0.000000e+00	-3.243605e+03	1.736625e+05
3.974600e-01	1.585672e+05	-2.548435e-02	9.823081e-02	0.000000e+00	-2.202289e+03	1.607695e+05
3.986500e-01	1.668423e+05	-2.560138e-02	9.846125e-02	0.000000e+00	-3.458934e+03	1.703012e+05
3.998400e-01	1.852507e+05	-2.571869e-02	9.871059e-02	0.000000e+00	-5.686797e+03	1.909375e+05
4.010300e-01	1.726869e+05	-2.583631e-02	9.896407e-02	0.000000e+00	-2.527035e+03	1.752139e+05
4.022200e-01	1.622209e+05	-2.595422e-02	9.920124e-02	0.000000e+00	-4.166253e+03	1.663871e+05
4.034100e-01	1.696150e+05	-2.607241e-02	9.943623e-02	0.000000e+00	-1.793592e+03	1.714086e+05
4.046000e-01	1.649629e+05	-2.619088e-02	9.967317e-02	0.000000e+00	-3.980762e+03	1.689436e+05
4.057900e-01	1.775606e+05	-2.630963e-02	9.991573e-02	0.000000e+00	-3.262958e+03	1.808236e+05
4.069800e-01	1.818522e+05	-2.642868e-02	1.001703e-01	0.000000e+00	-3.687780e+03	1.855400e+05
4.081700e-01	1.842380e+05	-2.654803e-02	1.004295e-01	0.000000e+00	-2.145236e+03	1.863832e+05
4.093600e-01	1.802930e+05	-2.666770e-02	1.006877e-01	0.000000e+00	-2.765643e+03	1.830586e+05
4.105500e-01	1.678976e+05	-2.678767e-02	1.009342e-01	0.000000e+00	-2.079808e+03	1.699774e+05
4.117400e-01	1.770132e+05	-2.690792e-02	1.011785e-01	0.000000e+00	-3.820037e+03	1.808332e+05
4.129300e-01	1.654593e+05	-2.702848e-02	1.014210e-01	0.000000e+00	-2.960143e+03	1.684195e+05
4.141200e-01	1.734356e+05	-2.714931e-02	1.016610e-01	0.000000e+00	-1.454718e+03	1.748903e+05
4.153100e-01	1.796994e+05	-2.727043e-02	1.019111e-01	0.000000e+00	-3.621448e+03	1.833208e+05
4.165000e-01	1.939494e+05	-2.739185e-02	1.021757e-01	0.000000e+00	-4.826371e+03	1.987757e+05
4.176900e-01	1.810408e+05	-2.751361e-02	1.024412e-01	0.000000e+00	-2.395796e+03	1.834366e+05
4.188800e-01	1.820085e+05	-2.763566e-02	1.026983e-01	0.000000e+00	-1.652544e+03	1.836611e+05
4.200700e-01	1.662050e+05	-2.775803e-02	1.029449e-01	0.000000e+00	-6.151817e+03	1.723569e+05
4.212600e-01	1.665250e+05	-2.788067e-02	1.031806e-01	0.000000e+00	-5.097293e+03	1.716223e+05
4.224500e-01	1.701540e+05	-2.800360e-02	1.034190e-01	0.000000e+00	-2.257502e+03	1.724115e+05
4.236400e-01	1.934609e+05	-2.812681e-02	1.036765e-01	0.000000e+00	-4.948095e+03	1.984090e+05
4.248300e-01	1.749569e+05	-2.825035e-02	1.039374e-01	0.000000e+00	-1.632760e+03	1.765897e+05
4.260200e-01	1.843239e+05	-2.837418e-02	1.041918e-01	0.000000e+00	-1.567993e+03	1.858919e+05
4.272100e-01	1.745138e+05	-2.849833e-02	1.044459e-01	0.000000e+00	-2.332217e+03	1.768460e+05
4.284000e-01	1.850560e+05	-2.862276e-02	1.047006e-01	0.000000e+00	-1.608280e+03	1.866643e+05
4.295900e-01	1.836484e+05	-2.874751e-02	1.049617e-01	0.000000e+00	-4.449272e+03	1.880976e+05
4.307800e-01	1.846901e+05	-2.887257e-02	1.052225e-01	0.000000e+00	-4.601092e+03	1.892912e+05
4.319700e-01	1.755813e+05	-2.899794e-02	1.054776e-01	0.000000e+00	-2.432621e+03	1.780139e+05
4.331600e-01	1.768349e+05	-2.912361e-02	1.057272e-01	0.000000e+00	-3.528207e+03	1.803631e+05
4.343500e-01	1.768223e+05	-2.924957e-02	1.059777e-01	0.000000e+00	-1.207886e+03	1.780302e+05
4.355400e-01	1.635449e+05	-2.937584e-02	1.062187e-01	0.000000e+00	-1.771177e+03	1.653161e+05
4.367300e-01	1.524688e+05	-2.950237e-02	1.064425e-01	0.000000e+00	-4.101573e+03	1.565704e+05
4.379200e-01	1.618839e+05	-2.962917e-02	1.066651e-01	0.000000e+00	-2.913372e+03	1.647972e+05
4.391100e-01	1.739684e+05	-2.975624e-02	1.069029e-01	0.000000e+00	-2.312050e+03	1.762805e+05
4.403000e-01	1.737976e+05	-2.988360e-02	1.071492e-01	0.000000e+00	-2.854064e+03	1.766517e+05
4.414900e-01	1.934413e+05	-3.001125e-02	1.074093e-01	0.000000e+00	-1.395354e+03	1.948366e+05
4.426800e-01	1.711230e+05	-3.013923e-02	1.076675e-01	0.000000e+00	-2.908072e+03	1.740311e+05
4.438700e-01	1.727557e+05	-3.026750e-02	1.079110e-01	0.000000e+00	-2.927204e+03	1.756829e+05
4.450600e-01	1.814411e+05	-3.039606e-02	1.081618e-01	0.000000e+00	-2.736541e+03	1.841777e+05
4.462500e-01	1.870206e+05	-3.052493e-02	1.084227e-01	0.000000e+00	-5.606190e+03	1.926267e+05
4.474400e-01	1.828667e+05	-3.065411e-02	1.086847e-01	0.000000e+00	-4.559046e+03	1.874258e+05
4.486300e-01	1.551612e+05	-3.078360e-02	1.089241e-01	0.000000e+00	-4.027382e+03	1.591886e+05
4.498200e-01	1.727482e+05	-3.091335e-02	1.091563e-01	0.000000e+00	-2.667641e+03	1.754159e+05
4.510100e-01	1.716630e+05	-3.104339e-02	1.094002e-01	0.000000e+00	-2.304839e+03	1.739679e+05
4.522000e-01	1.802047e+05	-3.117372e-02	1.096494e-01	0.000000e+00	-1.054762e+03	1.812595e+05
4.533900e-01	1.641222e+05	-3.130435e-02	1.098932e-01	0.000000e+00	-3.817437e+03	1.679396e+05
4.545800e-01	1.720977e+05	-3.143526e-02	1.101313e-01	0.000000e+00	-1.935288e+03	1.740330e+05
4.557700e-01	1.671628e+05	-3.156646e-02	1.103715e-01	0.000000e+00	-2.154449e+03	1.693172e+05
4.569600e-01	1.817123e+05	-3.169795e-02	1.106186e-01	0.000000e+00	-4.164955e+03	1.858773e+05
4.581500e-01	1.861816e+05	-3.182974e-02	1.108791e-01	0.000000e+00	-1.001786e+03	1.871834e+05
4.593400e-01	1.792150e+05	-3.196184e-02	1.111379e-01	0.000000e+00	-1.125547e+03	1.803406e+05
4.605300e-01	1.958499e+05	-3.209425e-02	1.114035e-01	0.000000e+00	-2.093086e+03	1.979430e+05
4.617200e-01	1.741885e+05	-3.222698e-02	1.116656e-01	0.000000e+00	-9.242238e+02	1.751127e+05
4.629100e-01	1.862617e+05	-3.236001e-02	1.119208e-01	0.000000e+00	-4.719686e+03	1.909814e+05
4.641000e-01	1.675970e+05	-3.249335e-02	1.121714e-01	0.000000e+00	-4.268806e+03	1.718658e+05
4.652900e-01	1.870124e+05	-3.262698e-02	1.124225e-01	0.000000e+00	-1.402536e+03	1.884150e+05
4.664800e-01	1.702946e+05	-3.276092e-02	1.126756e-01	0.000000e+00	-4.197920e+03	1.744925e+05
4.676700e-01	1.741724e+05	-3.289515e-02	1.129195e-01	0.000000e+00	-6.475823e+03	1.806482e+05
4.688600e-01	1.857096e+05	-3.302967e-02	1.131743e-01	0.000000e+00	-3.315632e+03	1.890252e+05
4.700500e-01	1.754604e+05	-3.316450e-02	1.134301e-01	0.000000e+00	-3.932695e+03	1.793930e+05
4.712400e-01	1.819841e+05	-3.329963e-02	1.136832e-01	0.000000e+00	-5.063358e+03	1.870475e+05
4.724300e-01	1.854236e+05	-3.343507e-02	1.139434e-01	0.000000e+00	-4.737047e+03	1.901607e+05
4.736200e-01	1.838459e+05	-3.357082e-02	1.142049e-01	0.000000e+00	-1.998189e+03	1.858441e+05
4.748100e-01	1.924249e+05	-3.370687e-02	1.144714e-01	0.000000e+00	-4.631310e+02	1.928880e+05
4.760000e-01	1.841569e+05	-3.384326e-02	1.147381e-01	0.000000e+00	-1.294931e+03	1.854518e+05
4.771900e-01	1.998061e+05	-3.397995e-02	1.150100e-01	0.000000e+00	-9.929017e+02	2.007990e+05
4.783800e-01	1.811972e+05	-3.411698e-02	1.152798e-01	0.000000e+00	-2.893256e+03	1.840905e+05
4.795700e-01	1.835804e+05	-3.425432e-02	1.155381e-01	0.000000e+00	-3.941168e+03	1.875216e+05
4.807600e-01	2.017164e+05	-3.439196e-02	1.158110e-01	0.000000e+00	-8.080835e+02	2.025245e+05
4.819500e-01	1.867136e+05	-3.452995e-02	1.160860e-01	0.000000e+00	-2.337443e+03	1.890511e+05
4.831400e-01	1.762182e+05	-3.466825e-02	1.163431e-01	0.000000e+00	-1.706216e+03	1.779244e+05
4.843300e-01	1.879196e+05	-3.480684e-02	1.166009e-01	0.000000e+00	0.000000e+00	1.879196e+05
4.855200e-01	1.943671e+05	-3.494576e-02	1.168717e-01	0.000000e+00	-4.062539e+02	1.947734e+05
4.867100e-01	1.945078e+05	-3.508500e-02	1.171470e-01	0.000000e+00	-2.662945e+03	1.971707e+05
4.879000e-01	1.875456e+05	-3.522457e-02	1.174176e-01	0.000000e+00	-3.456007e+03	1.910016e+05
4.890900e-01	1.604455e+05	-3.536445e-02	1.176640e-01	0.000000e+00	-4.025306e+03	1.644708e+05
4.902800e-01	1.760580e+05	-3.550461e-02	1.179023e-01	0.000000e+00	-2.635022e+03	1.786930e+05
4.914700e-01	1.693444e+05	-3.564506e-02	1.181469e-01	0.000000e+00	-2.912508e+03	1.722569e+05
4.926600e-01	1.826661e+05	-3.578580e-02	1.183962e-01	0.000000e+00	-3.069200e+03	1.857353e+05
4.938500e-01	1.788030e+05	-3.592684e-02	1.186522e-01	0.000000e+00	-2.818114e+03	1.816211e+05
4.950400e-01	1.807771e+05	-3.606819e-02	1.189068e-01	0.000000e+00	-4.034066e+03	1.848112e+05
4.962300e-01	1.988245e+05	-3.620984e-02	1.191757e-01	0.000000e+00	-3.953089e+03	2.027776e+05
4.974200e-01	1.952586e+05	-3.635183e-02	1.194547e-01	0.000000e+00	-2.946608e+03	1.982052e+05
4.986100e-01	1.692341e+05	-3.649414e-02	1.197129e-01	0.000000e+00	-3.725596e+03	1.729597e+05
4.998000e-01	1.820166e+05	-3.663674e-02	1.199616e-01	0.000000e+00	-3.698077e+03	1.857147e+05
5.009900e-01	1.999426e+05	-3.677965e-02	1.202321e-01	0.000000e+00	-4.384420e+03	2.043270e+05
5.021800e-01	1.913782e+05	-3.692290e-02	1.205092e-01	0.000000e+00	-3.287397e+03	1.946656e+05
5.033700e-01	1.798598e+05	-3.706646e-02	1.207721e-01	0.000000e+00	-4.516799e+03	1.843766e+05
5.045600e-01	1.779969e+05	-3.721033e-02	1.210255e-01	0.000000e+00	-2.512240e+03	1.805092e+05
5.057500e-01	1.815073e+05	-3.735450e-02	1.212801e-01	0.000000e+00	-2.247991e+03	1.837552e+05
5.069400e-01	1.900549e+05	-3.749898e-02	1.215432e-01	0.000000e+00	-2.300449e+03	1.923553e+05
5.081300e-01	1.834438e+05	-3.764378e-02	1.218077e-01	0.000000e+00	-5.111237e+03	1.885550e+05
5.093200e-01	1.633680e+05	-3.778888e-02	1.220533e-01	0.000000e+00	-3.364028e+03	1.667321e+05
5.105100e-01	1.842971e+05	-3.793426e-02	1.222995e-01	0.000000e+00	-3.826932e+03	1.881240e+05
5.117000e-01	1.956543e+05	-3.807996e-02	1.225686e-01	0.000000e+00	-1.751352e+03	1.974056e+05
5.128900e-01	2.200344e+05	-3.822598e-02	1.228630e-01	0.000000e+00	-3.008031e+03	2.230425e+05
5.140800e-01	1.846969e+05	-3.837237e-02	1.231496e-01	0.000000e+00	-2.634466e+03	1.873314e+05
5.152700e-01	1.925277e+05	-3.851907e-02	1.234167e-01	0.000000e+00	-1.698531e+03	1.942262e+05
5.164600e-01	1.854732e+05	-3.866610e-02	1.236844e-01	0.000000e+00	-3.425002e+03	1.888982e+05
5.176500e-01	1.799117e+05	-3.881344e-02	1.239432e-01	0.000000e+00	-4.035718e+03	1.839474e+05
5.188400e-01	1.872032e+05	-3.896109e-02	1.242032e-01	0.000000e+00	-1.548657e+03	1.887519e+05
5.200300e-01	1.785487e+05	-3.910905e-02	1.244622e-01	0.000000e+00	-2.385117e+03	1.809339e+05
5.212200e-01	1.891372e+05	-3.925731e-02	1.247226e-01	0.000000e+00	-1.730035e+03	1.908672e+05
5.224100e-01	1.789273e+05	-3.940589e-02	1.249832e-01	0.000000e+00	-3.203655e+03	1.821310e+05
5.236000e-01	1.739213e+05	-3.955477e-02	1.252331e-01	0.000000e+00	-1.361618e+03	1.752829e+05
5.247900e-01	1.691267e+05	-3.970394e-02	1.254760e-01	0.000000e+00	-1.167227e+03	1.702940e+05
5.259800e-01	1.904919e+05	-3.985340e-02	1.257307e-01	0.000000e+00	-1.962580e+03	1.924545e+05
5.271700e-01	1.772999e+05	-4.000318e-02	1.259911e-01	0.000000e+00	-2.767870e+03	1.800678e+05
5.283600e-01	1.896295e+05	-4.015326e-02	1.262510e-01	0.000000e+00	-2.964992e+03	1.925945e+05
5.295500e-01	1.780997e+05	-4.030366e-02	1.265114e-01	0.000000e+00	-4.940038e+03	1.830397e+05
5.307400e-01	1.692322e+05	-4.045436e-02	1.267574e-01	0.000000e+00	-4.413316e+03	1.736456e+05
5.319300e-01	1.890578e+05	-4.060534e-02	1.270111e-01	0.000000e+00	-4.602674e+03	1.936605e+05
5.331200e-01	1.837127e+05	-4.075664e-02	1.272751e-01	0.000000e+00	-2.985476e+03	1.866981e+05
5.343100e-01	1.971596e+05	-4.090825e-02	1.275448e-01	0.000000e+00	-2.339974e+03	1.994996e+05
5.355000e-01	1.854986e+05	-4.106020e-02	1.278158e-01	0.000000e+00	-2.704011e+03	1.882026e+05
5.366900e-01	1.922896e+05	-4.121246e-02	1.280833e-01	0.000000e+00	-1.825702e+03	1.941153e+05
5.378800e-01	1.814123e+05	-4.136504e-02	1.283480e-01	0.000000e+00	-2.729532e+03	1.841418e+05
5.390700e-01	1.832813e+05	-4.151792e-02	1.286062e-01	0.000000e+00	-4.421443e+03	1.877027e+05
5.402600e-01	1.936136e+05	-4.167112e-02	1.288731e-01	0.000000e+00	-2.683836e+03	1.962974e+05
5.414500e-01	1.764547e+05	-4.182464e-02	1.291352e-01	0.000000e+00	-2.219413e+03	1.786741e+05
5.426400e-01	1.871766e+05	-4.197846e-02	1.293927e-01	0.000000e+00	-2.040455e+03	1.892171e+05
5.438300e-01	2.032668e+05	-4.213260e-02	1.296692e-01	0.000000e+00	-1.987653e+03	2.052544e+05
5.450200e-01	1.783802e+05	-4.228707e-02	1.299395e-01	0.000000e+00	-3.334601e+03	1.817148e+05
5.462100e-01	1.890758e+05	-4.244185e-02	1.301997e-01	0.000000e+00	-1.180383e+03	1.902562e+05
5.474000e-01	1.954127e+05	-4.259695e-02	1.304720e-01	0.000000e+00	-4.943003e+03	2.003557e+05
5.485900e-01	1.905850e+05	-4.275238e-02	1.307453e-01	0.000000e+00	-3.195595e+03	1.937806e+05
5.497800e-01	1.899609e+05	-4.290812e-02	1.310148e-01	0.000000e+00	-1.939955e+03	1.919008e+05
5.509700e-01	1.996404e+05	-4.306419e-02	1.312907e-01	0.000000e+00	-4.866747e+03	2.045072e+05
5.521600e-01	1.956998e+05	-4.322059e-02	1.315707e-01	0.000000e+00	-2.564824e+03	1.982646e+05
5.533500e-01	1.965084e+05	-4.337733e-02	1.318484e-01	0.000000e+00	-2.048960e+03	1.985573e+05
5.545400e-01	1.866688e+05	-4.353439e-02	1.321198e-01	0.000000e+00	-3.547851e+03	1.902167e+05
5.557300e-01	1.889143e+05	-4.369177e-02	1.323858e-01	0.000000e+00	-1.498304e+03	1.904126e+05
5.569200e-01	1.873575e+05	-4.384947e-02	1.326522e-01	0.000000e+00	-1.471403e+03	1.888289e+05
5.581100e-01	2.029084e+05	-4.400749e-02	1.329286e-01	0.000000e+00	-2.089708e+03	2.049981e+05
5.593000e-01	1.920634e+05	-4.416584e-02	1.332083e-01	0.000000e+00	-2.354036e+03	1.944175e+05
5.604900e-01	1.860325e+05	-4.432452e-02	1.334761e-01	0.000000e+00	-3.297899e+03	1.893304e+05
5.616800e-01	1.927038e+05	-4.448352e-02	1.337443e-01	0.000000e+00	-3.769730e+03	1.964735e+05
5.628700e-01	1.848702e+05	-4.464283e-02	1.340116e-01	0.000000e+00	-2.900223e+03	1.877705e+05
5.640600e-01	2.044194e+05	-4.480246e-02	1.342873e-01	0.000000e+00	-1.545125e+03	2.059646e+05
5.652500e-01	2.021629e+05	-4.496244e-02	1.345753e-01	0.000000e+00	-2.066084e+03	2.042290e+05
5.664400e-01	1.903073e+05	-4.512275e-02	1.348532e-01	0.000000e+00	-1.503333e+03	1.918106e+05
5.676300e-01	1.977350e+05	-4.528339e-02	1.351280e-01	0.000000e+00	-1.537973e+03	1.992730e+05
5.688200e-01	1.824385e+05	-4.544436e-02	1.353972e-01	0.000000e+00	-1.590053e+03	1.840286e+05
5.700100e-01	1.838142e+05	-4.560563e-02	1.356566e-01	0.000000e+00	-1.002225e+03	1.848165e+05
5.712000e-01	1.811549e+05	-4.576722e-02	1.359150e-01	0.000000e+00	-8.663037e+02	1.820212e+05
5.723900e-01	1.719007e+05	-4.592911e-02	1.361651e-01	0.000000e+00	-3.391080e+03	1.752918e+05
5.735800e-01	1.863149e+05	-4.609129e-02	1.364187e-01	0.000000e+00	-3.247108e+03	1.895621e+05
5.747700e-01	1.913668e+05	-4.625379e-02	1.366862e-01	0.000000e+00	-1.739206e+03	1.931061e+05
5.759600e-01	1.722189e+05	-4.641661e-02	1.369437e-01	0.000000e+00	-2.994347e+03	1.752133e+05
5.771500e-01	1.796549e+05	-4.657971e-02	1.371929e-01	0.000000e+00	-3.534934e+03	1.831898e+05
5.783400e-01	1.813172e+05	-4.674312e-02	1.374485e-01	0.000000e+00	-6.865468e+02	1.820038e+05
5.795300e-01	1.932026e+05	-4.690684e-02	1.377137e-01	0.000000e+00	-5.770757e+02	1.937797e+05
5.807200e-01	1.933299e+05	-4.707088e-02	1.379874e-01	0.000000e+00	-2.660567e+03	1.959905e+05
5.819100e-01	2.165360e+05	-4.723525e-02	1.382777e-01	0.000000e+00	-2.085088e+03	2.186211e+05
5.831000e-01	2.086034e+05	-4.739998e-02	1.385788e-01	0.000000e+00	-5.677876e+03	2.142812e+05
5.842900e-01	1.913385e+05	-4.756507e-02	1.388620e-01	0.000000e+00	-5.385622e+03	1.967241e+05
5.854800e-01	1.905069e+05	-4.773048e-02	1.391324e-01	0.000000e+00	-3.691652e+03	1.941986e+05
5.866700e-01	1.994412e+05	-4.789620e-02	1.394085e-01	0.000000e+00	-3.012758e+03	2.024539e+05
5.878600e-01	2.125004e+05	-4.806227e-02	1.397003e-01	0.000000e+00	-2.848676e+03	2.153491e+05
5.890500e-01	1.952544e+05	-4.822869e-02	1.399890e-01	0.000000e+00	-1.459080e+03	1.967135e+05
5.902400e-01	1.602115e+05	-4.839544e-02	1.402408e-01	0.000000e+00	-3.082486e+03	1.632940e+05
5.914300e-01	1.771327e+05	-4.856246e-02	1.404796e-01	0.000000e+00	-3.148582e+03	1.802813e+05
5.926200e-01	1.930600e+05	-4.872978e-02	1.407418e-01	0.000000e+00	-1.171516e+03	1.942315e+05
5.938100e-01	1.963466e+05	-4.889743e-02	1.410176e-01	0.000000e+00	-1.967136e+03	1.983137e+05
5.950000e-01	1.958898e+05	-4.906541e-02	1.412953e-01	0.000000e+00	-5.658926e+03	2.015487e+05
5.961900e-01	2.175211e+05	-4.923371e-02	1.415881e-01	0.000000e+00	-2.292782e+03	2.198139e+05
5.973800e-01	2.102975e+05	-4.940238e-02	1.418911e-01	0.000000e+00	-1.680811e+03	2.119783e+05
5.985700e-01	1.973765e+05	-4.957141e-02	1.421798e-01	0.000000e+00	-2.064641e+03	1.994411e+05
5.997600e-01	1.662601e+05	-4.974077e-02	1.424373e-01	0.000000e+00	-3.419191e+03	1.696793e+05
6.009500e-01	1.834523e+05	-4.991041e-02	1.426849e-01	0.000000e+00	-1.046919e+03	1.844993e+05
6.021400e-01	1.992902e+05	-5.008036e-02	1.429560e-01	0.000000e+00	-2.799515e+03	2.020897e+05
6.033300e-01	1.838086e+05	-5.025065e-02	1.432273e-01	0.000000e+00	-3.368582e+03	1.871772e+05
6.045200e-01	1.860679e+05	-5.042124e-02	1.434892e-01	0.000000e+00	-1.321350e+03	1.873892e+05
6.057100e-01	2.021672e+05	-5.059215e-02	1.437641e-01	0.000000e+00	-3.545782e+03	2.057130e+05
6.069000e-01	1.918320e+05	-5.076340e-02	1.440432e-01	0.000000e+00	-2.015164e+03	1.938472e+05
6.080900e-01	1.889982e+05	-5.093498e-02	1.443129e-01	0.000000e+00	-2.983066e+03	1.919813e+05
6.092800e-01	1.869918e+05	-5.110687e-02	1.445791e-01	0.000000e+00	-2.640816e+03	1.896326e+05
6.104700e-01	1.925530e+05	-5.127907e-02	1.448479e-01	0.000000e+00	-2.950461e+03	1.955035e+05
6.116600e-01	1.845933e+05	-5.145160e-02	1.451150e-01	0.000000e+00	-2.802723e+03	1.873961e+05
6.128500e-01	1.980590e+05	-5.162445e-02	1.453860e-01	0.000000e+00	-3.256857e+03	2.013159e+05
6.140400e-01	2.114798e+05	-5.179762e-02	1.456760e-01	0.000000e+00	-3.603673e+03	2.150835e+05
6.152300e-01	1.924750e+05	-5.197116e-02	1.459620e-01	0.000000e+00	-2.916518e+03	1.953916e+05
6.164200e-01	1.905690e+05	-5.214501e-02	1.462333e-01	0.000000e+00	-1.446599e+03	1.920156e+05
6.176100e-01	1.988008e+05	-5.231919e-02	1.465090e-01	0.000000e+00	-4.021099e+02	1.992029e+05
6.188000e-01	1.934357e+05	-5.249370e-02	1.467868e-01	0.000000e+00	-6.952964e+02	1.941310e+05
6.199900e-01	2.055641e+05	-5.266854e-02	1.470694e-01	0.000000e+00	-1.720793e+03	2.072849e+05
6.211800e-01	2.070944e+05	-5.284373e-02	1.473616e-01	0.000000e+00	-2.428268e+03	2.095226e+05
6.223700e-01	2.065179e+05	-5.301926e-02	1.476545e-01	0.000000e+00	-1.539176e+03	2.080571e+05
6.235600e-01	1.938910e+05	-5.319515e-02	1.479381e-01	0.000000e+00	-2.161314e+03	1.960523e+05
6.247500e-01	1.815589e+05	-5.337136e-02	1.482039e-01	0.000000e+00	-9.310187e+02	1.824900e+05
6.259400e-01	1.926145e+05	-5.354787e-02	1.484689e-01	0.000000e+00	-1.486337e+03	1.941008e+05
6.271300e-01	1.905041e+05	-5.372471e-02	1.487402e-01	0.000000e+00	-1.627634e+03	1.921317e+05
6.283200e-01	1.762596e+05	-5.390187e-02	1.490000e-01	0.000000e+00	-2.961339e+03	1.792209e+05
6.295100e-01	1.971370e+05	-5.407933e-02	1.492644e-01	0.000000e+00	-2.312923e+03	1.994500e+05
6.307000e-01	1.977591e+05	-5.425712e-02	1.495440e-01	0.000000e+00	-2.746593e+03	2.005057e+05
6.318900e-01	1.738557e+05	-5.443525e-02	1.498072e-01	0.000000e+00	-4.423597e+03	1.782793e+05
6.330800e-01	1.929995e+05	-5.461366e-02	1.500670e-01	0.000000e+00	-4.606039e+03	1.976055e+05
6.342700e-01	1.785582e+05	-5.479241e-02	1.503301e-01	0.000000e+00	-2.655550e+03	1.812137e+05
6.354600e-01	1.957423e+05	-5.497145e-02	1.505952e-01	0.000000e+00	-1.574165e+03	1.973165e+05
6.366500e-01	1.991995e+05	-5.515082e-02	1.508749e-01	0.000000e+00	-2.280974e+03	2.014805e+05
6.378400e-01	2.156718e+05	-5.533053e-02	1.511687e-01	0.000000e+00	-2.213468e+03	2.178853e+05
6.390300e-01	2.088807e+05	-5.551061e-02	1.514693e-01	0.000000e+00	-9.914251e+02	2.098721e+05
6.402200e-01	2.101552e+05	-5.569103e-02	1.517661e-01	0.000000e+00	-5.781165e+02	2.107333e+05
6.414100e-01	1.918202e+05	-5.587181e-02	1.520507e-01	0.000000e+00	-2.125213e+03	1.939454e+05
6.426000e-01	2.033715e+05	-5.605291e-02	1.523306e-01	0.000000e+00	-1.810472e+03	2.051819e+05
6.437900e-01	2.003869e+05	-5.623436e-02	1.526165e-01	0.000000e+00	-3.101294e+03	2.034882e+05
6.449800e-01	2.036964e+05	-5.641614e-02	1.529027e-01	0.000000e+00	-3.675832e+03	2.073722e+05
6.461700e-01	1.908542e+05	-5.659826e-02	1.531821e-01	0.000000e+00	-1.651276e+03	1.925055e+05
6.473600e-01	2.039874e+05	-5.678071e-02	1.534617e-01	0.000000e+00	-1.043805e+03	2.050312e+05
6.485500e-01	2.081312e+05	-5.696350e-02	1.537535e-01	0.000000e+00	-1.200583e+03	2.093317e+05
6.497400e-01	2.126163e+05	-5.714664e-02	1.540515e-01	0.000000e+00	-2.372514e+03	2.149888e+05
6.509300e-01	1.926532e+05	-5.733015e-02	1.543385e-01	0.000000e+00	-1.997326e+03	1.946505e+05
6.521200e-01	1.961240e+05	-5.751397e-02	1.546138e-01	0.000000e+00	-1.824924e+03	1.979489e+05
6.533100e-01	2.142725e+05	-5.769813e-02	1.549044e-01	0.000000e+00	-1.045501e+03	2.153180e+05
6.545000e-01	1.909031e+05	-5.788264e-02	1.551914e-01	0.000000e+00	-1.104403e+03	1.920075e+05
6.556900e-01	1.971270e+05	-5.806748e-02	1.554662e-01	0.000000e+00	-2.443545e+03	1.995705e+05
6.568800e-01	1.960610e+05	-5.825265e-02	1.557446e-01	0.000000e+00	-2.153226e+03	1.982142e+05
6.580700e-01	1.904909e+05	-5.843815e-02	1.560183e-01	0.000000e+00	-2.347901e+03	1.928388e+05
6.592600e-01	2.043103e+05	-5.862398e-02	1.562979e-01	0.000000e+00	-1.239069e+03	2.055494e+05
6.604500e-01	2.175860e+05	-5.881014e-02	1.565967e-01	0.000000e+00	-2.438253e+03	2.200243e+05
6.616400e-01	2.033231e+05	-5.899668e-02	1.568948e-01	0.000000e+00	-1.788878e+03	2.051120e+05
6.628300e-01	1.776902e+05	-5.918355e-02	1.571646e-01	0.000000e+00	-2.103022e+03	1.797932e+05
6.640200e-01	2.182798e+05	-5.937073e-02	1.574450e-01	0.000000e+00	-2.015059e+03	2.202949e+05
6.652100e-01	2.166807e+05	-5.955827e-02	1.577530e-01	0.000000e+00	-3.450519e+03	2.201313e+05
6.664000e-01	1.923512e+05	-5.974618e-02	1.580427e-01	0.000000e+00	-1.947261e+03	1.942985e+05
6.675900e-01	2.009094e+05	-5.993441e-02	1.583212e-01	0.000000e+00	-2.235439e+03	2.031448e+05
6.687800e-01	2.011511e+05	-6.012298e-02	1.586059e-01	0.000000e+00	-1.258280e+03	2.024094e+05
6.699700e-01	2.010691e+05	-6.031190e-02	1.588908e-01	0.000000e+00	-1.139280e+03	2.022083e+05
6.711600e-01	1.884952e+05	-6.050114e-02	1.591666e-01	0.000000e+00	-2.676137e+03	1.911713e+05
6.723500e-01	1.915206e+05	-6.069071e-02	1.594357e-01	0.000000e+00	-3.133572e+03	1.946542e+05
6.735400e-01	1.964968e+05	-6.088060e-02	1.597105e-01	0.000000e+00	-3.264006e+03	1.997608e+05
6.747300e-01	1.840262e+05	-6.107082e-02	1.599800e-01	0.000000e+00	-2.646371e+03	1.866726e+05
6.759200e-01	1.932338e+05	-6.126135e-02	1.602472e-01	0.000000e+00	-2.464880e+03	1.956986e+05
6.771100e-01	1.877822e+05	-6.145221e-02	1.605170e-01	0.000000e+00	-4.176643e+03	1.919589e+05
6.783000e-01	1.848312e+05	-6.164338e-02	1.607808e-01	0.000000e+00	-1.033080e+03	1.858643e+05
6.794900e-01	2.148649e+05	-6.183487e-02	1.610639e-01	0.000000e+00	-8.959745e+02	2.157608e+05
6.806800e-01	2.248054e+05	-6.202672e-02	1.613753e-01	0.000000e+00	-2.150631e+03	2.269560e+05
6.818700e-01	2.148179e+05	-6.221894e-02	1.616866e-01	0.000000e+00	-3.807766e+03	2.186257e+05
6.830600e-01	2.065033e+05	-6.241153e-02	1.619849e-01	0.000000e+00	-1.462371e+03	2.079656e+05
6.842500e-01	2.341122e+05	-6.260447e-02	1.622970e-01	0.000000e+00	-2.945006e+02	2.344067e+05
6.854400e-01	2.072109e+05	-6.279780e-02	1.626095e-01	0.000000e+00	-1.442288e+03	2.086532e+05
6.866300e-01	2.013629e+05	-6.299148e-02	1.628988e-01	0.000000e+00	-1.941479e+03	2.033044e+05
6.878200e-01	1.893077e+05	-6.318550e-02	1.631755e-01	0.000000e+00	-2.559966e+03	1.918677e+05
6.890100e-01	2.018635e+05	-6.337983e-02	1.634525e-01	0.000000e+00	-4.641640e+03	2.065051e+05
6.902000e-01	2.250391e+05	-6.357451e-02	1.637548e-01	0.000000e+00	-3.489180e+03	2.285283e+05
6.913900e-01	2.153407e+05	-6.376957e-02	1.640667e-01	0.000000e+00	-1.814497e+03	2.171552e+05
6.925800e-01	2.183909e+05	-6.396499e-02	1.643738e-01	0.000000e+00	-1.431135e+03	2.198220e+05
6.937700e-01	2.015405e+05	-6.416078e-02	1.646712e-01	0.000000e+00	-1.098207e+03	2.026387e+05
6.949600e-01	2.149115e+05	-6.435691e-02	1.649661e-01	0.000000e+00	-7.014567e+02	2.156129e+05
6.961500e-01	1.984475e+05	-6.455340e-02	1.652589e-01	0.000000e+00	-1.997775e+03	2.004453e+05
6.973400e-01	1.999022e+05	-6.475023e-02	1.655410e-01	0.000000e+00	-2.388404e+03	2.022906e+05
6.985300e-01	2.111801e+05	-6.494739e-02	1.658321e-01	0.000000e+00	-2.451083e+03	2.136312e+05
6.997200e-01	1.999742e+05	-6.514491e-02	1.661232e-01	0.000000e+00	-1.215448e+03	2.011897e+05
7.009100e-01	1.899020e+05	-6.534276e-02	1.663993e-01	0.000000e+00	-1.386172e+03	1.912882e+05
7.021000e-01	2.023631e+05	-6.554094e-02	1.666771e-01	0.000000e+00	-6.451514e+02	2.030083e+05
7.032900e-01	2.048058e+05	-6.573945e-02	1.669655e-01	0.000000e+00	-7.188100e+02	2.055246e+05
7.044800e-01	2.033408e+05	-6.593831e-02	1.672545e-01	0.000000e+00	-1.795936e+03	2.051367e+05
7.056700e-01	2.036709e+05	-6.613752e-02	1.675427e-01	0.000000e+00	-1.980349e+03	2.056512e+05
7.068600e-01	1.881645e+05	-6.633707e-02	1.678202e-01	0.000000e+00	-3.777811e+03	1.919423e+05
7.080500e-01	1.910370e+05	-6.653693e-02	1.680888e-01	0.000000e+00	-2.741088e+03	1.937781e+05
7.092400e-01	1.711587e+05	-6.673712e-02	1.683453e-01	0.000000e+00	-2.716747e+03	1.738755e+05
7.104300e-01	1.752415e+05	-6.693759e-02	1.685906e-01	0.000000e+00	-9.484553e+02	1.761900e+05
7.116200e-01	1.931064e+05	-6.713836e-02	1.688514e-01	0.000000e+00	-3.161235e+03	1.962676e+05
7.128100e-01	1.850375e+05	-6.733946e-02	1.691192e-01	0.000000e+00	-9.567735e+02	1.859943e+05
7.140000e-01	2.049389e+05	-6.754087e-02	1.693954e-01	0.000000e+00	-1.370863e+03	2.063098e+05
7.151900e-01	1.959989e+05	-6.774262e-02	1.696793e-01	0.000000e+00	-8.178728e+02	1.968168e+05
7.163800e-01	1.962866e+05	-6.794470e-02	1.699571e-01	0.000000e+00	-2.161751e+03	1.984483e+05
7.175700e-01	1.842183e+05	-6.814712e-02	1.702266e-01	0.000000e+00	-3.855637e+03	1.880739e+05
7.187600e-01	2.041950e+05	-6.834984e-02	1.705016e-01	0.000000e+00	-1.397992e+03	2.055930e+05
7.199500e-01	1.892757e+05	-6.855291e-02	1.707803e-01	0.000000e+00	-8.722472e+02	1.901480e+05
7.211400e-01	2.099128e+05	-6.875630e-02	1.710630e-01	0.000000e+00	-9.785330e+02	2.108914e+05
7.223300e-01	2.117011e+05	-6.896004e-02	1.713615e-01	0.000000e+00	-1.606135e+03	2.133072e+05
7.235200e-01	1.964197e+05	-6.916414e-02	1.716505e-01	0.000000e+00	-1.222868e+03	1.976426e+05
7.247100e-01	1.965074e+05	-6.936857e-02	1.719288e-01	0.000000e+00	-2.168575e+03	1.986760e+05
7.259000e-01	1.925477e+05	-6.957333e-02	1.722043e-01	0.000000e+00	-2.572387e+02	1.928050e+05
7.270900e-01	2.090320e+05	-6.977842e-02	1.724887e-01	0.000000e+00	-2.473587e+03	2.115056e+05
7.282800e-01	1.916089e+05	-6.998385e-02	1.727724e-01	0.000000e+00	-3.304703e+03	1.949136e+05
7.294700e-01	1.863962e+05	-7.018961e-02	1.730401e-01	0.000000e+00	-1.928639e+03	1.883248e+05
7.306600e-01	1.948747e+05	-7.039569e-02	1.733101e-01	0.000000e+00	-1.552483e+03	1.964272e+05
7.318500e-01	2.109897e+05	-7.060209e-02	1.735975e-01	0.000000e+00	-1.127320e+03	2.121170e+05
7.330400e-01	2.136609e+05	-7.080885e-02	1.738983e-01	0.000000e+00	-1.038966e+03	2.146999e+05
7.342300e-01	2.160217e+05	-7.101597e-02	1.742025e-01	0.000000e+00	-9.665451e+02	2.169883e+05
7.354200e-01	2.192058e+05	-7.122345e-02	1.745108e-01	0.000000e+00	-1.519097e+03	2.207249e+05
7.366100e-01	2.089222e+05	-7.143131e-02	1.748139e-01	0.000000e+00	-2.644634e+03	2.115669e+05
7.378000e-01	1.963087e+05	-7.163951e-02	1.751009e-01	0.000000e+00	-1.508178e+03	1.978168e+05
7.389900e-01	1.998979e+05	-7.184805e-02	1.753815e-01	0.000000e+00	-1.410848e+03	2.013087e+05
7.401800e-01	2.091366e+05	-7.205692e-02	1.756712e-01	0.000000e+00	-2.817783e+03	2.119544e+05
7.413700e-01	1.866964e+05	-7.226614e-02	1.759515e-01	0.000000e+00	-1.011120e+03	1.877076e+05
7.425600e-01	2.139443e+05	-7.247568e-02	1.762352e-01	0.000000e+00	-4.706130e+03	2.186505e+05
7.437500e-01	2.121844e+05	-7.268558e-02	1.765370e-01	0.000000e+00	-2.293215e+03	2.144776e+05
7.449400e-01	1.934015e+05	-7.289584e-02	1.768242e-01	0.000000e+00	-1.150116e+03	1.945516e+05
7.461300e-01	1.981216e+05	-7.310642e-02	1.771014e-01	0.000000e+00	-4.202706e+03	2.023243e+05
7.473200e-01	1.855384e+05	-7.331734e-02	1.773731e-01	0.000000e+00	-1.217683e+03	1.867561e+05
7.485100e-01	1.894149e+05	-7.352857e-02	1.776387e-01	0.000000e+00	-2.732578e+03	1.921474e+05
7.497000e-01	2.267752e+05	-7.374012e-02	1.779334e-01	0.000000e+00	-2.788108e+03	2.295633e+05
7.508900e-01	2.147364e+05	-7.395205e-02	1.782461e-01	0.000000e+00	-1.336395e+03	2.160728e+05
7.520800e-01	2.031178e+05	-7.416435e-02	1.785420e-01	0.000000e+00	-1.960205e+03	2.050780e+05
7.532700e-01	2.097446e+05	-7.437698e-02	1.788343e-01	0.000000e+00	-4.031027e+03	2.137756e+05
7.544600e-01	2.118530e+05	-7.458997e-02	1.791329e-01	0.000000e+00	-2.495269e+03	2.143483e+05
7.556500e-01	1.920331e+05	-7.480332e-02	1.794189e-01	0.000000e+00	-1.325103e+03	1.933582e+05
7.568400e-01	1.841176e+05	-7.501699e-02	1.796853e-01	0.000000e+00	-4.185598e+03	1.883032e+05
7.580300e-01	2.023439e+05	-7.523097e-02	1.799590e-01	0.000000e+00	-3.588686e+03	2.059326e+05
7.592200e-01	2.113748e+05	-7.544529e-02	1.802520e-01	0.000000e+00	-1.853442e+03	2.132282e+05
7.604100e-01	2.000230e+05	-7.565997e-02	1.805433e-01	0.000000e+00	-2.835858e+03	2.028589e+05
7.616000e-01	1.922995e+05	-7.587499e-02	1.808211e-01	0.000000e+00	-3.606563e+03	1.959061e+05
7.627900e-01	1.927715e+05	-7.609033e-02	1.810938e-01	0.000000e+00	-3.541321e+03	1.963128e+05
7.639800e-01	1.930983e+05	-7.630599e-02	1.813671e-01	0.000000e+00	-1.370717e+03	1.944690e+05
7.651700e-01	1.944414e+05	-7.652198e-02	1.816415e-01	0.000000e+00	-1.442528e+03	1.958839e+05
7.663600e-01	2.014254e+05	-7.673830e-02	1.819219e-01	0.000000e+00	-1.971309e+03	2.033967e+05
7.675500e-01	2.034756e+05	-7.695495e-02	1.822086e-01	0.000000e+00	-1.405524e+03	2.048812e+05
7.687400e-01	2.086748e+05	-7.717195e-02	1.825005e-01	0.000000e+00	-1.180231e+03	2.098550e+05
7.699300e-01	2.080630e+05	-7.738930e-02	1.827956e-01	0.000000e+00	-1.615925e+03	2.096789e+05
7.711200e-01	1.905756e+05	-7.760701e-02	1.830779e-01	0.000000e+00	-9.231069e+02	1.914987e+05
7.723100e-01	1.937475e+05	-7.782503e-02	1.833501e-01	0.000000e+00	-2.275342e+03	1.960228e+05
7.735000e-01	1.905414e+05	-7.804338e-02	1.836222e-01	0.000000e+00	-2.524678e+03	1.930661e+05
7.746900e-01	1.938409e+05	-7.826205e-02	1.838944e-01	0.000000e+00	-2.730612e+03	1.965716e+05
7.758800e-01	1.989522e+05	-7.848105e-02	1.841726e-01	0.000000e+00	-2.973986e+03	2.019262e+05
7.770700e-01	1.968240e+05	-7.870038e-02	1.844528e-01	0.000000e+00	-2.638765e+03	1.994628e+05
7.782600e-01	2.044336e+05	-7.892005e-02	1.847370e-01	0.000000e+00	-1.639293e+03	2.060729e+05
7.794500e-01	2.020692e+05	-7.914006e-02	1.850249e-01	0.000000e+00	-2.861963e+03	2.049312e+05
7.806400e-01	2.063941e+05	-7.936041e-02	1.853141e-01	0.000000e+00	-1.908365e+03	2.083025e+05
7.818300e-01	2.232739e+05	-7.958110e-02	1.856184e-01	0.000000e+00	-2.105888e+03	2.253798e+05
7.830200e-01	1.947927e+05	-7.980218e-02	1.859145e-01	0.000000e+00	-1.787748e+03	1.965805e+05
7.842100e-01	2.162019e+05	-8.002358e-02	1.862055e-01	0.000000e+00	-4.049173e+02	2.166068e+05
7.854000e-01	2.113306e+05	-8.024535e-02	1.865083e-01	0.000000e+00	-1.143422e+03	2.124741e+05
7.865900e-01	1.976734e+05	-8.046747e-02	1.867979e-01	0.000000e+00	-4.193088e+02	1.980927e+05
7.877800e-01	2.200883e+05	-8.068993e-02	1.870938e-01	0.000000e+00	-1.497382e+03	2.215856e+05
7.889700e-01	2.275045e+05	-8.091275e-02	1.874107e-01	0.000000e+00	-1.438356e+03	2.289428e+05
7.901600e-01	1.972379e+05	-8.113596e-02	1.877115e-01	0.000000e+00	-1.701490e+03	1.989394e+05
7.913500e-01	2.137697e+05	-8.135951e-02	1.880026e-01	0.000000e+00	-1.730353e+03	2.155001e+05
7.925400e-01	2.095267e+05	-8.158341e-02	1.883023e-01	0.000000e+00	-3.028059e+03	2.125548e+05
7.937300e-01	2.176193e+05	-8.180767e-02	1.886048e-01	0.000000e+00	-4.011175e+03	2.216304e+05
7.949200e-01	2.208705e+05	-8.203229e-02	1.889154e-01	0.000000e+00	-2.932863e+03	2.238034e+05
7.961100e-01	2.088257e+05	-8.225728e-02	1.892197e-01	0.000000e+00	-3.114508e+03	2.119402e+05
7.973000e-01	1.888469e+05	-8.248263e-02	1.895013e-01	0.000000e+00	-1.074613e+03	1.899215e+05
7.984900e-01	1.898960e+05	-8.270830e-02	1.897695e-01	0.000000e+00	-1.392550e+03	1.912885e+05
7.996800e-01	1.976567e+05	-8.293428e-02	1.900439e-01	0.000000e+00	-1.621486e+03	1.992782e+05
8.008700e-01	2.090694e+05	-8.316060e-02	1.903320e-01	0.000000e+00	-3.014124e+03	2.120835e+05
8.020600e-01	1.953344e+05	-8.338727e-02	1.906183e-01	0.000000e+00	-3.190962e+03	1.985253e+05
8.032500e-01	2.080576e+05	-8.361427e-02	1.909040e-01	0.000000e+00	-4.534431e+03	2.125920e+05
8.044400e-01	2.115142e+05	-8.384162e-02	1.912011e-01	0.000000e+00	-1.555376e+03	2.130696e+05
8.056300e-01	1.991059e+05	-8.406933e-02	1.914919e-01	0.000000e+00	-1.528472e+03	2.006344e+05
8.068200e-01	2.072273e+05	-8.429737e-02	1.917797e-01	0.000000e+00	-2.725492e+03	2.099527e+05
8.080100e-01	2.034889e+05	-8.452577e-02	1.920705e-01	0.000000e+00	-7.978054e+02	2.042867e+05
8.092000e-01	2.091295e+05	-8.475450e-02	1.923627e-01	0.000000e+00	-1.688841e+03	2.108183e+05
8.103900e-01	1.986559e+05	-8.498359e-02	1.926515e-01	0.000000e+00	-3.021171e+03	2.016771e+05
8.115800e-01	2.074070e+05	-8.521301e-02	1.929391e-01	0.000000e+00	-3.457994e+03	2.108650e+05
8.127700e-01	2.027125e+05	-8.544279e-02	1.932295e-01	0.000000e+00	-2.937038e+03	2.056496e+05
8.139600e-01	1.998156e+05	-8.567290e-02	1.935146e-01	0.000000e+00	-9.577958e+02	2.007734e+05
8.151500e-01	2.069655e+05	-8.590335e-02	1.938026e-01	0.000000e+00	-1.347483e+03	2.083129e+05
8.163400e-01	2.208368e+05	-8.613415e-02	1.941056e-01	0.000000e+00	-3.505516e+01	2.208718e+05
8.175300e-01	2.140833e+05	-8.636532e-02	1.944136e-01	0.000000e+00	-1.436195e+03	2.155195e+05
8.187200e-01	2.112713e+05	-8.659685e-02	1.947148e-01	0.000000e+00	-1.084814e+03	2.123562e+05
8.199100e-01	1.852022e+05	-8.682874e-02	1.949956e-01	0.000000e+00	-3.192226e+02	1.855215e+05
8.211000e-01	1.932574e+05	-8.706094e-02	1.952636e-01	0.000000e+00	-1.461258e+03	1.947186e+05
8.222900e-01	1.904503e+05	-8.729347e-02	1.955353e-01	0.000000e+00	-1.856557e+03	1.923069e+05
8.234800e-01	1.869876e+05	-8.752632e-02	1.958026e-01	0.000000e+00	-2.552921e+03	1.895405e+05
8.246700e-01	1.997064e+05	-8.775948e-02	1.960764e-01	0.000000e+00	-1.212308e+03	2.009187e+05
8.258600e-01	1.921785e+05	-8.799298e-02	1.963540e-01	0.000000e+00	-2.663716e+03	1.948423e+05
8.270500e-01	2.124951e+05	-8.822680e-02	1.966405e-01	0.000000e+00	-8.583862e+02	2.133535e+05
8.282400e-01	1.964818e+05	-8.846098e-02	1.969302e-01	0.000000e+00	-1.257301e+03	1.977391e+05
8.294300e-01	2.072613e+05	-8.869550e-02	1.972161e-01	0.000000e+00	-1.715657e+03	2.089770e+05
8.306200e-01	2.091118e+05	-8.893036e-02	1.975109e-01	0.000000e+00	-1.091865e+03	2.102037e+05
8.318100e-01	2.080746e+05	-8.916557e-02	1.978064e-01	0.000000e+00	-2.542102e+03	2.106167e+05
8.330000e-01	2.233657e+05	-8.940114e-02	1.981119e-01	0.000000e+00	-9.561005e+02	2.243218e+05
8.341900e-01	2.204859e+05	-8.963708e-02	1.984262e-01	0.000000e+00	-5.606077e+02	2.210465e+05
8.353800e-01	2.140170e+05	-8.987339e-02	1.987339e-01	0.000000e+00	-2.797284e+02	2.142967e+05
8.365700e-01	2.101043e+05	-9.011007e-02	1.990343e-01	0.000000e+00	-6.676634e+01	2.101710e+05
8.377600e-01	2.007755e+05	-9.034709e-02	1.993252e-01	0.000000e+00	-1.733834e+03	2.025094e+05
8.389500e-01	2.072161e+05	-9.058446e-02	1.996142e-01	0.000000e+00	-2.197305e+03	2.094134e+05
8.401400e-01	1.929333e+05	-9.082218e-02	1.998975e-01	0.000000e+00	-1.044112e+03	1.939774e+05
8.413300e-01	2.003880e+05	-9.106022e-02	2.001761e-01	0.000000e+00	-4.421264e+02	2.008302e+05
8.425200e-01	1.900128e+05	-9.129859e-02	2.004525e-01	0.000000e+00	-4.166060e+03	1.941789e+05
8.437100e-01	1.963112e+05	-9.153729e-02	2.007261e-01	0.000000e+00	-1.568419e+03	1.978796e+05
8.449000e-01	2.008942e+05	-9.177632e-02	2.010074e-01	0.000000e+00	-3.040008e+03	2.039342e+05
8.460900e-01	2.218421e+05	-9.201569e-02	2.013068e-01	0.000000e+00	-1.013183e+03	2.228553e+05
8.472800e-01	2.023095e+05	-9.225543e-02	2.016071e-01	0.000000e+00	-1.501960e+03	2.038114e+05
8.484700e-01	1.951423e+05	-9.249552e-02	2.018886e-01	0.000000e+00	-1.180661e+03	1.963230e+05
8.496600e-01	2.015390e+05	-9.273593e-02	2.021695e-01	0.000000e+00	-1.524934e+03	2.030639e+05
8.508500e-01	2.201147e+05	-9.297668e-02	2.024681e-01	0.000000e+00	-4.243076e+03	2.243578e+05
8.520400e-01	2.125156e+05	-9.321780e-02	2.027745e-01	0.000000e+00	-1.649868e+03	2.141654e+05
8.532300e-01	2.080691e+05	-9.345928e-02	2.030723e-01	0.000000e+00	-2.781368e+03	2.108504e+05
8.544200e-01	2.356849e+05	-9.370111e-02	2.033866e-01	0.000000e+00	-2.319201e+03	2.380041e+05
8.556100e-01	2.104956e+05	-9.394334e-02	2.037026e-01	0.000000e+00	-7.902628e+02	2.112858e+05
8.568000e-01	2.037369e+05	-9.418593e-02	2.039959e-01	0.000000e+00	-3.267914e+03	2.070048e+05
8.579900e-01	2.081210e+05	-9.442885e-02	2.042876e-01	0.000000e+00	-1.444209e+03	2.095652e+05
8.591800e-01	2.088012e+05	-9.467213e-02	2.045828e-01	0.000000e+00	-1.379840e+03	2.101811e+05
8.603700e-01	2.026440e+05	-9.491576e-02	2.048742e-01	0.000000e+00	-1.300354e+03	2.039443e+05
8.615600e-01	1.926081e+05	-9.515973e-02	2.051541e-01	0.000000e+00	-2.200679e+02	1.928281e+05
8.627500e-01	2.059036e+05	-9.540403e-02	2.054363e-01	0.000000e+00	-6.202682e+02	2.065238e+05
8.639400e-01	2.105735e+05	-9.564867e-02	2.057312e-01	0.000000e+00	-1.532095e+03	2.121056e+05
8.651300e-01	2.147269e+05	-9.589367e-02	2.060324e-01	0.000000e+00	-9.079064e+02	2.156348e+05
8.663200e-01	2.069474e+05	-9.613903e-02	2.063310e-01	0.000000e+00	-1.356600e+03	2.083040e+05
8.675100e-01	1.935581e+05	-9.638473e-02	2.066147e-01	0.000000e+00	-2.085751e+03	1.956438e+05
8.687000e-01	2.041770e+05	-9.663077e-02	2.068963e-01	0.000000e+00	-9.012639e+02	2.050782e+05
8.698900e-01	2.025299e+05	-9.687715e-02	2.071843e-01	0.000000e+00	-2.909629e+03	2.054395e+05
8.710800e-01	2.186560e+05	-9.712387e-02	2.074826e-01	0.000000e+00	-1.436856e+03	2.200928e+05
8.722700e-01	1.942592e+05	-9.737096e-02	2.077750e-01	0.000000e+00	-1.474940e+03	1.957341e+05
8.734600e-01	2.113711e+05	-9.761837e-02	2.080623e-01	0.000000e+00	-1.828493e+03	2.131996e+05
8.746500e-01	2.126149e+05	-9.786614e-02	2.083625e-01	0.000000e+00	-1.966847e+03	2.145817e+05
8.758400e-01	2.001732e+05	-9.811428e-02	2.086548e-01	0.000000e+00	-2.425430e+03	2.025986e+05
8.770300e-01	2.051152e+05	-9.836274e-02	2.089419e-01	0.000000e+00	-3.149361e+03	2.082645e+05
8.782200e-01	2.077387e+05	-9.861156e-02	2.092342e-01	0.000000e+00	-2.394575e+03	2.101333e+05
8.794100e-01	2.214306e+05	-9.886072e-02	2.095381e-01	0.000000e+00	-6.374259e+02	2.220680e+05
8.806000e-01	2.026326e+05	-9.911026e-02	2.098385e-01	0.000000e+00	-3.746119e+02	2.030072e+05
8.817900e-01	1.956317e+05	-9.936014e-02	2.101205e-01	0.000000e+00	-1.755591e+03	1.973873e+05
8.829800e-01	2.127569e+05	-9.961034e-02	2.104097e-01	0.000000e+00	-1.561168e+03	2.143181e+05
8.841700e-01	2.008898e+05	-9.986091e-02	2.107026e-01	0.000000e+00	-1.090571e+03	2.019803e+05
8.853600e-01	2.112056e+05	-1.001118e-01	2.109945e-01	0.000000e+00	-4.718611e+02	2.116774e+05
8.865500e-01	2.064962e+05	-1.003631e-01	2.112903e-01	0.000000e+00	-1.592482e+03	2.080887e+05
8.877400e-01	2.114315e+05	-1.006147e-01	2.115862e-01	0.000000e+00	-1.478069e+03	2.129096e+05
8.889300e-01	1.964025e+05	-1.008667e-01	2.118750e-01	0.000000e+00	-3.066682e+02	1.967092e+05
8.901200e-01	2.166832e+05	-1.011190e-01	2.121676e-01	0.000000e+00	-2.626081e+03	2.193093e+05
8.913100e-01	2.283875e+05	-1.013716e-01	2.124827e-01	0.000000e+00	-7.105117e+02	2.290980e+05
8.925000e-01	2.303600e+05	-1.016247e-01	2.128076e-01	0.000000e+00	-7.151769e+02	2.310751e+05
8.936900e-01	2.149478e+05	-1.018781e-01	2.131230e-01	0.000000e+00	-2.196614e+03	2.171444e+05
8.948800e-01	1.940849e+05	-1.021319e-01	2.134126e-01	0.000000e+00	-2.439097e+03	1.965240e+05
8.960700e-01	2.119192e+05	-1.023860e-01	2.137002e-01	0.000000e+00	-1.833202e+03	2.137524e+05
8.972600e-01	2.229187e+05	-1.026405e-01	2.140081e-01	0.000000e+00	-1.219271e+03	2.241379e+05
8.984500e-01	2.228856e+05	-1.028954e-01	2.143238e-01	0.000000e+00	0.000000e+00	2.228856e+05
8.996400e-01	2.333187e+05	-1.031506e-01	2.146469e-01	0.000000e+00	-9.451701e+02	2.342639e+05
9.008300e-01	1.972527e+05	-1.034062e-01	2.149518e-01	0.000000e+00	-1.239303e+03	1.984920e+05
9.020200e-01	1.868351e+05	-1.036622e-01	2.152238e-01	0.000000e+00	-2.871991e+03	1.897071e+05
9.032100e-01	2.017669e+05	-1.039184e-01	2.154990e-01	0.000000e+00	-2.506561e+03	2.042734e+05
9.044000e-01	2.171235e+05	-1.041751e-01	2.157956e-01	0.000000e+00	-6.998402e+02	2.178233e+05
9.055900e-01	2.142537e+05	-1.044320e-01	2.161011e-01	0.000000e+00	-7.038778e+02	2.149576e+05
9.067800e-01	2.147757e+05	-1.046894e-01	2.164049e-01	0.000000e+00	-1.117290e+03	2.158930e+05
9.079700e-01	2.000433e+05	-1.049471e-01	2.166987e-01	0.000000e+00	-4.516248e+02	2.004949e+05
9.091600e-01	2.163458e+05	-1.052051e-01	2.169936e-01	0.000000e+00	-1.024723e+03	2.173705e+05
9.103500e-01	2.141570e+05	-1.054635e-01	2.172984e-01	0.000000e+00	-2.043244e+02	2.143614e+05
9.115400e-01	2.067676e+05	-1.057223e-01	2.175965e-01	0.000000e+00	-1.163123e+03	2.079307e+05
9.127300e-01	2.204530e+05	-1.059814e-01	2.178990e-01	0.000000e+00	-1.357885e+03	2.218109e+05
9.139200e-01	2.287644e+05	-1.062409e-01	2.182172e-01	0.000000e+00	-7.708681e+02	2.295353e+05
9.151100e-01	2.039306e+05	-1.065008e-01	2.185236e-01	0.000000e+00	-6.946799e+01	2.040000e+05
9.163000e-01	2.031071e+05	-1.067610e-01	2.188118e-01	0.000000e+00	-1.673996e+02	2.032745e+05
9.174900e-01	2.091917e+05	-1.070215e-01	2.191038e-01	0.000000e+00	-1.014377e+03	2.102060e+05
9.186800e-01	2.076883e+05	-1.072824e-01	2.193990e-01	0.000000e+00	-2.662234e+03	2.103506e+05
9.198700e-01	2.105703e+05	-1.075437e-01	2.196952e-01	0.000000e+00	-1.193530e+03	2.117638e+05
9.210600e-01	2.009937e+05	-1.078053e-01	2.199867e-01	0.000000e+00	-8.448116e+02	2.018385e+05
9.222500e-01	2.141565e+05	-1.080673e-01	2.202807e-01	0.000000e+00	-8.965423e+02	2.150531e+05
9.234400e-01	1.974665e+05	-1.083296e-01	2.205722e-01	0.000000e+00	-2.512649e+03	1.999792e+05
9.246300e-01	2.137281e+05	-1.085922e-01	2.208634e-01	0.000000e+00	-1.379296e+03	2.151074e+05
9.258200e-01	2.108969e+05	-1.088552e-01	2.211641e-01	0.000000e+00	-5.764199e+02	2.114734e+05
9.270100e-01	2.032291e+05	-1.091186e-01	2.214573e-01	0.000000e+00	-1.573271e+03	2.048024e+05
9.282000e-01	2.069557e+05	-1.093823e-01	2.217478e-01	0.000000e+00	-6.248468e+02	2.075806e+05
9.293900e-01	2.178582e+05	-1.096464e-01	2.220487e-01	0.000000e+00	-1.880692e+03	2.197389e+05
9.305800e-01	2.029357e+05	-1.099108e-01	2.223466e-01	0.000000e+00	-2.402912e+03	2.053387e+05
9.317700e-01	2.046413e+05	-1.101756e-01	2.226353e-01	0.000000e+00	-1.579903e+03	2.062212e+05
9.329600e-01	2.098612e+05	-1.104407e-01	2.229288e-01	0.000000e+00	-1.419869e+03	2.112811e+05
9.341500e-01	2.247438e+05	-1.107061e-01	2.232366e-01	0.000000e+00	-6.766440e+02	2.254205e+05
9.353400e-01	2.085584e+05	-1.109720e-01	2.235434e-01	0.000000e+00	-1.409132e+03	2.099676e+05
9.365300e-01	2.170433e+05	-1.112382e-01	2.238448e-01	0.000000e+00	-1.105393e+03	2.181487e+05
9.377200e-01	1.930253e+05	-1.115047e-01	2.241352e-01	0.000000e+00	-4.498235e+02	1.934751e+05
9.389100e-01	2.130739e+05	-1.117716e-01	2.244228e-01	0.000000e+00	0.000000e+00	2.130739e+05
9.401000e-01	1.978822e+05	-1.120388e-01	2.247138e-01	0.000000e+00	0.000000e+00	1.978822e+05
9.412900e-01	2.166259e+05	-1.123064e-01	2.250074e-01	0.000000e+00	-8.122529e+02	2.174382e+05
9.424800e-01	2.167418e+05	-1.125744e-01	2.253143e-01	0.000000e+00	-1.346127e+03	2.180879e+05
9.436700e-01	1.986300e+05	-1.128427e-01	2.256084e-01	0.000000e+00	-1.313812e+03	1.999438e+05
9.448600e-01	2.078592e+05	-1.131113e-01	2.258963e-01	0.000000e+00	-2.243282e+03	2.101024e+05
9.460500e-01	2.284219e+05	-1.133803e-01	2.262052e-01	0.000000e+00	-1.668791e+02	2.285888e+05
9.472400e-01	2.143377e+05	-1.136497e-01	2.265188e-01	0.000000e+00	-3.219431e+02	2.146597e+05
9.484300e-01	2.183567e+05	-1.139194e-01	2.268252e-01	0.000000e+00	-1.129417e+03	2.194862e+05
9.496200e-01	2.207986e+05	-1.141895e-01	2.271362e-01	0.000000e+00	-2.457970e+03	2.232565e+05
9.508100e-01	1.990345e+05	-1.144600e-01	2.274335e-01	0.000000e+00	-2.923504e+02	1.993268e+05
9.520000e-01	1.977887e+05	-1.147308e-01	2.277145e-01	0.000000e+00	-1.519894e+03	1.993086e+05
9.531900e-01	2.250600e+05	-1.150020e-01	2.280140e-01	0.000000e+00	-1.001114e+03	2.260611e+05
9.543800e-01	2.127055e+05	-1.152735e-01	2.283240e-01	0.000000e+00	-7.566760e+02	2.134621e+05
9.555700e-01	2.215295e+05	-1.155454e-01	2.286315e-01	0.000000e+00	-1.793753e+03	2.233233e+05
9.567600e-01	2.137575e+05	-1.158176e-01	2.289398e-01	0.000000e+00	-1.651251e+03	2.154087e+05
9.579500e-01	2.140420e+05	-1.160902e-01	2.292427e-01	0.000000e+00	-7.099522e+02	2.147519e+05
9.591400e-01	2.055592e+05	-1.163632e-01	2.295399e-01	0.000000e+00	-2.088796e+03	2.076480e+05
9.603300e-01	2.219927e+05	-1.166366e-01	2.298426e-01	0.000000e+00	-3.069987e+03	2.250627e+05
9.615200e-01	2.129499e+05	-1.169103e-01	2.301506e-01	0.000000e+00	-1.932505e+03	2.148824e+05
9.627100e-01	2.082259e+05	-1.171843e-01	2.304489e-01	0.000000e+00	-2.714690e+03	2.109405e+05
9.639000e-01	1.978052e+05	-1.174587e-01	2.307364e-01	0.000000e+00	-4.084386e+02	1.982136e+05
9.650900e-01	2.335762e+05	-1.177335e-01	2.310419e-01	0.000000e+00	-4.851225e+02	2.340613e+05
9.662800e-01	2.065478e+05	-1.180086e-01	2.313536e-01	0.000000e+00	-3.552137e+02	2.069031e+05
9.674700e-01	2.164402e+05	-1.182841e-01	2.316532e-01	0.000000e+00	0.000000e+00	2.164402e+05
9.686600e-01	2.145583e+05	-1.185599e-01	2.319584e-01	0.000000e+00	-1.016883e+03	2.155752e+05
9.698500e-01	2.067475e+05	-1.188361e-01	2.322567e-01	0.000000e+00	-1.248317e+03	2.079958e+05
9.710400e-01	1.947468e+05	-1.191127e-01	2.325410e-01	0.000000e+00	-2.558084e+02	1.950026e+05
9.722300e-01	1.942786e+05	-1.193896e-01	2.328165e-01	0.000000e+00	-6.357586e+02	1.949144e+05
9.734200e-01	1.915724e+05	-1.196668e-01	2.330898e-01	0.000000e+00	-1.354132e+03	1.929266e+05
9.746100e-01	2.081987e+05	-1.199443e-01	2.333729e-01	0.000000e+00	-1.888251e+03	2.100870e+05
9.758000e-01	2.179301e+05	-1.202222e-01	2.336747e-01	0.000000e+00	-3.235385e+02	2.182536e+05
9.769900e-01	2.236990e+05	-1.205005e-01	2.339874e-01	0.000000e+00	-2.794612e+02	2.239785e+05
9.781800e-01	2.211455e+05	-1.207791e-01	2.343024e-01	0.000000e+00	-5.608750e+02	2.217063e+05
9.793700e-01	2.261223e+05	-1.210581e-01	2.346192e-01	0.000000e+00	-7.112341e+02	2.268335e+05
9.805600e-01	2.017394e+05	-1.213375e-01	2.349222e-01	0.000000e+00	-1.906485e+03	2.036459e+05
9.817500e-01	2.078038e+05	-1.216172e-01	2.352122e-01	0.000000e+00	-1.640286e+03	2.094441e+05
9.829400e-01	2.107511e+05	-1.218973e-01	2.355086e-01	0.000000e+00	-1.634207e+03	2.123853e+05
9.841300e-01	2.099551e+05	-1.221778e-01	2.358065e-01	0.000000e+00	-8.304772e+02	2.107856e+05
9.853200e-01	2.323500e+05	-1.224585e-01	2.361198e-01	0.000000e+00	-7.278172e+02	2.330778e+05
9.865100e-01	2.097909e+05	-1.227397e-01	2.364329e-01	0.000000e+00	-1.125190e+02	2.099034e+05
9.877000e-01	2.110223e+05	-1.230213e-01	2.367309e-01	0.000000e+00	0.000000e+00	2.110223e+05
9.888900e-01	2.131660e+05	-1.233031e-01	2.370313e-01	0.000000e+00	-7.774006e+02	2.139434e+05
9.900800e-01	2.068454e+05	-1.235854e-01	2.373287e-01	0.000000e+00	-1.211707e+02	2.069666e+05
9.912700e-01	2.277118e+05	-1.238680e-01	2.376364e-01	0.000000e+00	-1.015385e+03	2.287272e+05
9.924600e-01	2.191905e+05	-1.241510e-01	2.379529e-01	0.000000e+00	-1.206468e+03	2.203970e+05
9.936500e-01	2.069737e+05	-1.244343e-01	2.382547e-01	0.000000e+00	-1.081256e+03	2.080549e+05
9.948400e-01	2.035671e+05	-1.247180e-01	2.385454e-01	0.000000e+00	-2.715873e+02	2.038387e+05
9.960300e-01	2.072277e+05	-1.250020e-01	2.388364e-01	0.000000e+00	-1.417678e+03	2.086454e+05
9.972200e-01	2.085084e+05	-1.252864e-01	2.391308e-01	0.000000e+00	-8.317431e+02	2.093401e+05
9.984100e-01	1.915971e+05	-1.255712e-01	2.394141e-01	0.000000e+00	-1.249338e+03	1.928465e+05
9.996000e-01	2.044201e+05	-1.258562e-01	2.396945e-01	0.000000e+00	-5.309645e+02	2.049511e+05
1.000790e+00	2.070491e+05	-1.261417e-01	2.399859e-01	0.000000e+00	-1.159657e+03	2.082087e+05
1.001980e+00	2.022014e+05	-1.264274e-01	2.402758e-01	0.000000e+00	-4.213852e+02	2.026228e+05
1.003170e+00	2.136161e+05	-1.267135e-01	2.405702e-01	0.000000e+00	-1.972524e+03	2.155886e+05
1.004360e+00	2.293976e+05	-1.270000e-01	2.408839e-01	0.000000e+00	-1.654001e+03	2.310516e+05
1.005550e+00	2.144236e+05	-1.272868e-01	2.411982e-01	0.000000e+00	-8.569186e+02	2.152805e+05
1.006740e+00	2.241749e+05	-1.275740e-01	2.415088e-01	0.000000e+00	-1.486918e+03	2.256618e+05
1.007930e+00	1.948141e+05	-1.278616e-01	2.418056e-01	0.000000e+00	-1.055622e+03	1.958697e+05
1.009120e+00	1.876492e+05	-1.281495e-01	2.420764e-01	0.000000e+00	-1.974100e+03	1.896233e+05
1.010310e+00	2.211042e+05	-1.284377e-01	2.423659e-01	0.000000e+00	-3.303676e+03	2.244079e+05
1.011500e+00	2.113714e+05	-1.287263e-01	2.426721e-01	0.000000e+00	-3.482679e+02	2.117197e+05
1.012690e+00	1.942197e+05	-1.290153e-01	2.429594e-01	0.000000e+00	-1.574852e+03	1.957945e+05
1.013880e+00	2.004029e+05	-1.293046e-01	2.432388e-01	0.000000e+00	-5.883323e+01	2.004618e+05
1.015070e+00	2.168684e+05	-1.295942e-01	2.435343e-01	0.000000e+00	0.000000e+00	2.168684e+05
1.016260e+00	2.067293e+05	-1.298842e-01	2.438343e-01	0.000000e+00	-4.990800e+02	2.072284e+05
1.017450e+00	2.194508e+05	-1.301745e-01	2.441361e-01	0.000000e+00	-1.097782e+03	2.205485e+05
1.018640e+00	2.242283e+05	-1.304652e-01	2.444503e-01	0.000000e+00	-8.128610e+02	2.250411e+05
1.019830e+00	2.257855e+05	-1.307563e-01	2.447690e-01	0.000000e+00	-2.614639e+03	2.284002e+05
1.021020e+00	2.154527e+05	-1.310478e-01	2.450814e-01	0.000000e+00	-4.030545e+02	2.158557e+05
1.022210e+00	2.191038e+05	-1.313396e-01	2.453892e-01	0.000000e+00	-5.371419e+02	2.196409e+05
1.023400e+00	2.034176e+05	-1.316318e-01	2.456884e-01	0.000000e+00	-7.581308e+02	2.041757e+05
1.024590e+00	2.129432e+05	-1.319244e-01	2.459833e-01	0.000000e+00	-6.136870e+02	2.135569e+05
1.025780e+00	2.098694e+05	-1.322173e-01	2.462827e-01	0.000000e+00	-9.152353e+02	2.107846e+05
1.026970e+00	2.171370e+05	-1.325105e-01	2.465851e-01	0.000000e+00	-1.219809e+03	2.183569e+05
1.028160e+00	2.093288e+05	-1.328041e-01	2.468871e-01	0.000000e+00	-1.452949e+03	2.107818e+05
1.029350e+00	2.385766e+05	-1.330981e-01	2.472043e-01	0.000000e+00	0.000000e+00	2.385766e+05
1.030540e+00	2.259239e+05	-1.333925e-01	2.475332e-01	0.000000e+00	0.000000e+00	2.259239e+05
1.031730e+00	2.243299e+05	-1.336872e-01	2.478521e-01	0.000000e+00	-1.915598e+01	2.243490e+05
1.032920e+00	2.262748e+05	-1.339824e-01	2.481712e-01	0.000000e+00	-8.211802e+02	2.270960e+05
1.034110e+00	2.081303e+05	-1.342779e-01	2.484788e-01	0.000000e+00	0.000000e+00	2.081303e+05
1.035300e+00	2.179595e+05	-1.345738e-01	2.487805e-01	0.000000e+00	0.000000e+00	2.179595e+05
1.036490e+00	2.150602e+05	-1.348700e-01	2.490872e-01	0.000000e+00	-1.134911e+03	2.161951e+05
1.037680e+00	2.113486e+05	-1.351666e-01	2.493892e-01	0.000000e+00	-5.535902e+02	2.119022e+05
1.038870e+00	2.029567e+05	-1.354635e-01	2.496825e-01	0.000000e+00	-1.006570e+03	2.039633e+05
1.040060e+00	2.066215e+05	-1.357608e-01	2.499726e-01	0.000000e+00	-1.470760e+03	2.080923e+05
1.041250e+00	2.160127e+05	-1.360585e-01	2.502719e-01	0.000000e+00	-3.584916e+01	2.160486e+05
1.042440e+00	2.060521e+05	-1.363565e-01	2.505708e-01	0.000000e+00	0.000000e+00	2.060521e+05
1.043630e+00	2.086824e+05	-1.366548e-01	2.508645e-01	0.000000e+00	0.000000e+00	2.086824e+05
1.044820e+00	2.120807e+05	-1.369535e-01	2.511625e-01	0.000000e+00	-7.149871e+02	2.127957e+05
1.046010e+00	2.256927e+05	-1.372526e-01	2.514725e-01	0.000000e+00	-1.253490e+02	2.258180e+05
1.047200e+00	2.225286e+05	-1.375520e-01	2.517899e-01	0.000000e+00	-2.735387e+02	2.228022e+05
1.048390e+00	2.257125e+05	-1.378518e-01	2.521073e-01	0.000000e+00	-8.568296e+02	2.265693e+05
1.049580e+00	2.206245e+05	-1.381520e-01	2.524234e-01	0.000000e+00	-7.364470e+02	2.213609e+05
1.050770e+00	2.021384e+05	-1.384526e-01	2.527228e-01	0.000000e+00	-1.389607e+03	2.035280e+05
1.051960e+00	2.087022e+05	-1.387535e-01	2.530137e-01	0.000000e+00	-9.247513e+02	2.096270e+05
1.053150e+00	2.131199e+05	-1.390548e-01	2.533124e-01	0.000000e+00	-1.587161e+03	2.147071e+05
1.054340e+00	2.219725e+05	-1.393564e-01	2.536206e-01	0.000000e+00	-7.298594e+02	2.227024e+05
1.055530e+00	2.042806e+05	-1.396584e-01	2.539224e-01	0.000000e+00	-1.562953e+03	2.058436e+05
1.056720e+00	2.019401e+05	-1.399607e-01	2.542101e-01	0.000000e+00	-1.789091e+03	2.037292e+05
1.057910e+00	1.983094e+05	-1.402634e-01	2.544935e-01	0.000000e+00	-2.337957e+02	1.985432e+05
1.059100e+00	2.114681e+05	-1.405664e-01	2.547837e-01	0.000000e+00	-2.328872e+02	2.117010e+05
1.060290e+00	2.144736e+05	-1.408698e-01	2.550854e-01	0.000000e+00	-6.074489e+02	2.150810e+05
1.061480e+00	2.128591e+05	-1.411735e-01	2.553880e-01	0.000000e+00	0.000000e+00	2.128591e+05
1.062670e+00	1.982660e+05	-1.414776e-01	2.556791e-01	0.000000e+00	0.000000e+00	1.982660e+05
1.063860e+00	2.231016e+05	-1.417821e-01	2.559775e-01	0.000000e+00	-4.241811e+02	2.235257e+05
1.065050e+00	2.177655e+05	-1.420869e-01	2.562897e-01	0.000000e+00	-2.464496e+03	2.202300e+05
1.066240e+00	1.885767e+05	-1.423920e-01	2.565775e-01	0.000000e+00	-1.157021e+03	1.897337e+05
1.067430e+00	1.990093e+05	-1.426975e-01	2.568520e-01	0.000000e+00	-1.776704e+03	2.007860e+05
1.068620e+00	2.298132e+05	-1.430033e-01	2.571556e-01	0.000000e+00	-5.530557e+02	2.303662e+05
1.069810e+00	2.242020e+05	-1.433095e-01	2.574772e-01	0.000000e+00	-1.855584e+03	2.260576e+05
1.071000e+00	2.268238e+05	-1.436161e-01	2.577966e-01	0.000000e+00	-1.012656e+03	2.278365e+05
1.072190e+00	2.052458e+05	-1.439231e-01	2.581025e-01	0.000000e+00	-6.862646e+02	2.059321e+05
1.073380e+00	2.212169e+05	-1.442304e-01	2.584045e-01	0.000000e+00	-1.117726e+03	2.223347e+05
1.074570e+00	2.231732e+05	-1.445381e-01	2.587192e-01	0.000000e+00	-9.100596e+02	2.240832e+05
1.075760e+00	2.143408e+05	-1.448462e-01	2.590291e-01	0.000000e+00	-1.487630e+03	2.158284e+05
1.076950e+00	1.939667e+05	-1.451546e-01	2.593182e-01	0.000000e+00	-1.741105e+03	1.957078e+05
1.078140e+00	2.081030e+05	-1.454633e-01	2.596029e-01	0.000000e+00	-7.799033e+02	2.088829e+05
1.079330e+00	2.085710e+05	-1.457724e-01	2.598980e-01	0.000000e+00	-1.748494e+02	2.087458e+05
1.080520e+00	2.281537e+05	-1.460819e-01	2.602073e-01	0.000000e+00	-2.056884e+03	2.302106e+05
1.081710e+00	2.224576e+05	-1.463917e-01	2.605264e-01	0.000000e+00	-6.690599e+02	2.231267e+05
1.082900e+00	2.156630e+05	-1.467020e-01	2.608367e-01	0.000000e+00	-4.605507e+02	2.161235e+05
1.084090e+00	2.343187e+05	-1.470125e-01	2.611553e-01	0.000000e+00	0.000000e+00	2.343187e+05
1.085280e+00	2.337806e+05	-1.473235e-01	2.614868e-01	0.000000e+00	0.000000e+00	2.337806e+05
1.086470e+00	2.134113e+05	-1.476349e-01	2.618035e-01	0.000000e+00	0.000000e+00	2.134113e+05
1.087660e+00	2.229764e+05	-1.479466e-01	2.621125e-01	0.000000e+00	-7.755166e+02	2.237519e+05
1.088850e+00	2.172079e+05	-1.482587e-01	2.624243e-01	0.000000e+00	-1.745492e+03	2.189534e+05
1.090040e+00	2.103470e+05	-1.485712e-01	2.627270e-01	0.000000e+00	0.000000e+00	2.103470e+05
1.091230e+00	2.043464e+05	-1.488840e-01	2.630207e-01	0.000000e+00	-9.066101e+02	2.052530e+05
1.092420e+00	2.087803e+05	-1.491972e-01	2.633133e-01	0.000000e+00	-1.614398e+03	2.103947e+05
1.093610e+00	2.252679e+05	-1.495107e-01	2.636206e-01	0.000000e+00	0.000000e+00	2.252679e+05
1.094800e+00	2.095849e+05	-1.498246e-01	2.639286e-01	0.000000e+00	-7.532744e+02	2.103382e+05
1.095990e+00	2.297549e+05	-1.501388e-01	2.642397e-01	0.000000e+00	-9.287573e+02	2.306836e+05
1.097180e+00	2.156301e+05	-1.504535e-01	2.645551e-01	0.000000e+00	-1.728399e+03	2.173585e+05
1.098370e+00	2.080916e+05	-1.507685e-01	2.648552e-01	0.000000e+00	-1.399364e+03	2.094910e+05
1.099560e+00	2.175503e+05	-1.510838e-01	2.651566e-01	0.000000e+00	-2.322221e+02	2.177825e+05
1.100750e+00	2.107465e+05	-1.513995e-01	2.654599e-01	0.000000e+00	0.000000e+00	2.107465e+05
1.101940e+00	1.976786e+05	-1.517156e-01	2.657492e-01	0.000000e+00	0.000000e+00	1.976786e+05
1.103130e+00	2.250804e+05	-1.520320e-01	2.660485e-01	0.000000e+00	-9.174330e+02	2.259979e+05
1.104320e+00	2.251814e+05	-1.523488e-01	2.663674e-01	0.000000e+00	-1.603575e+03	2.267849e+05
1.105510e+00	2.328851e+05	-1.526660e-01	2.666918e-01	0.000000e+00	-8.301328e+02	2.337152e+05
1.106700e+00	2.184010e+05	-1.529835e-01	2.670114e-01	0.000000e+00	-1.020335e+01	2.184112e+05
1.107890e+00	2.006901e+05	-1.533015e-01	2.673082e-01	0.000000e+00	0.000000e+00	2.006901e+05
1.109080e+00	2.066265e+05	-1.536197e-01	2.675966e-01	0.000000e+00	0.000000e+00	2.066265e+05
1.110270e+00	2.044005e+05	-1.539383e-01	2.678877e-01	0.000000e+00	-2.170635e+02	2.046175e+05
1.111460e+00	2.021664e+05	-1.542573e-01	2.681756e-01	0.000000e+00	-6.232726e+02	2.027897e+05
1.112650e+00	2.210685e+05	-1.545766e-01	2.684753e-01	0.000000e+00	-1.003085e+03	2.220715e+05
1.113840e+00	2.145436e+05	-1.548963e-01	2.687838e-01	0.000000e+00	-6.775874e+02	2.152212e+05
1.115030e+00	2.227606e+05	-1.552163e-01	2.690935e-01	0.000000e+00	0.000000e+00	2.227606e+05
1.116220e+00	2.061307e+05	-1.555367e-01	2.693972e-01	0.000000e+00	-3.815289e+02	2.065122e+05
1.117410e+00	2.076440e+05	-1.558575e-01	2.696902e-01	0.000000e+00	-4.588072e+02	2.081028e+05
1.118600e+00	2.028766e+05	-1.561786e-01	2.699809e-01	0.000000e+00	-2.648992e+02	2.031415e+05
1.119790e+00	2.192146e+05	-1.565000e-01	2.702799e-01	0.000000e+00	-5.754369e+02	2.197900e+05
1.120980e+00	2.295792e+05	-1.568218e-01	2.705977e-01	0.000000e+00	-4.020507e+02	2.299813e+05
1.122170e+00	2.117040e+05	-1.571440e-01	2.709102e-01	0.000000e+00	-1.721597e+03	2.134256e+05
1.123360e+00	2.159111e+05	-1.574666e-01	2.712130e-01	0.000000e+00	-1.549624e+03	2.174607e+05
1.124550e+00	2.124086e+05	-1.577895e-01	2.715163e-01	0.000000e+00	-5.284087e+02	2.129370e+05
1.125740e+00	2.015804e+05	-1.581128e-01	2.718095e-01	0.000000e+00	-2.887861e+01	2.016093e+05
1.126930e+00	1.985381e+05	-1.584364e-01	2.720928e-01	0.000000e+00	-2.337759e+03	2.008759e+05
1.128120e+00	1.997186e+05	-1.587604e-01	2.723749e-01	0.000000e+00	-1.543712e+02	1.998729e+05
1.129310e+00	2.100244e+05	-1.590847e-01	2.726650e-01	0.000000e+00	-4.776667e+01	2.100721e+05
1.130500e+00	2.148229e+05	-1.594093e-01	2.729659e-01	0.000000e+00	-9.491362e+02	2.157721e+05
1.131690e+00	2.298342e+05	-1.597344e-01	2.732808e-01	0.000000e+00	-2.076621e+03	2.319108e+05
1.132880e+00	2.104937e+05	-1.600598e-01	2.735926e-01	0.000000e+00	-2.878209e+02	2.107815e+05
1.134070e+00	2.017861e+05	-1.603855e-01	2.738846e-01	0.000000e+00	-4.654108e+02	2.022515e+05
1.135260e+00	2.199854e+05	-1.607116e-01	2.741833e-01	0.000000e+00	-7.666492e+02	2.207521e+05
1.136450e+00	2.025273e+05	-1.610381e-01	2.744825e-01	0.000000e+00	-2.769139e+03	2.052965e+05
1.137640e+00	2.219868e+05	-1.613649e-01	2.747831e-01	0.000000e+00	-7.795545e+02	2.227664e+05
1.138830e+00	2.111337e+05	-1.616920e-01	2.750898e-01	0.000000e+00	-2.612630e+02	2.113950e+05
1.140020e+00	2.036179e+05	-1.620196e-01	2.753835e-01	0.000000e+00	-1.017742e+03	2.046356e+05
1.141210e+00	2.128283e+05	-1.623475e-01	2.756784e-01	0.000000e+00	-6.629303e+02	2.134912e+05
1.142400e+00	2.158718e+05	-1.626757e-01	2.759820e-01	0.000000e+00	0.000000e+00	2.158718e+05
1.143590e+00	2.115620e+05	-1.630043e-01	2.762847e-01	0.000000e+00	-6.129891e+02	2.121750e+05
1.144780e+00	2.167890e+05	-1.633333e-01	2.765881e-01	0.000000e+00	-6.730978e+02	2.174621e+05
1.145970e+00	2.428403e+05	-1.636626e-01	2.769136e-01	0.000000e+00	-2.183374e+03	2.450237e+05
1.147160e+00	2.078694e+05	-1.639923e-01	2.772327e-01	0.000000e+00	-7.322195e+02	2.086016e+05
1.148350e+00	2.057374e+05	-1.643224e-01	2.775256e-01	0.000000e+00	-5.921212e+02	2.063295e+05
1.149540e+00	2.141743e+05	-1.646528e-01	2.778230e-01	0.000000e+00	-1.088551e+03	2.152629e+05
1.150730e+00	2.112711e+05	-1.649836e-01	2.781243e-01	0.000000e+00	0.000000e+00	2.112711e+05
1.151920e+00	2.045465e+05	-1.653148e-01	2.784188e-01	0.000000e+00	-7.927963e+01	2.046258e+05
1.153110e+00	2.377971e+05	-1.656462e-01	2.787320e-01	0.000000e+00	-7.610565e+02	2.385581e+05
1.154300e+00	2.107285e+05	-1.659781e-01	2.790496e-01	0.000000e+00	-8.095012e+02	2.115380e+05
1.155490e+00	2.030610e+05	-1.663104e-01	2.793427e-01	0.000000e+00	-4.229413e+02	2.034839e+05
1.156680e+00	1.939980e+05	-1.666430e-01	2.796239e-01	0.000000e+00	-4.482298e+02	1.944462e+05
1.157870e+00	1.869883e+05	-1.669759e-01	2.798937e-01	0.000000e+00	-1.618213e+02	1.871501e+05
1.159060e+00	2.020349e+05	-1.673091e-01	2.801691e-01	0.000000e+00	-6.785148e+02	2.027134e+05
1.160250e+00	2.172752e+05	-1.676427e-01	2.804661e-01	0.000000e+00	0.000000e+00	2.172752e+05
1.161440e+00	2.250301e+05	-1.679766e-01	2.807793e-01	0.000000e+00	0.000000e+00	2.250301e+05
1.162630e+00	2.228027e+05	-1.683109e-01	2.810965e-01	0.000000e+00	0.000000e+00	2.228027e+05
1.163820e+00	1.973121e+05	-1.686456e-01	2.813940e-01	0.000000e+00	0.000000e+00	1.973121e+05
1.165010e+00	2.220200e+05	-1.689807e-01	2.816909e-01	0.000000e+00	0.000000e+00	2.220200e+05
1.166200e+00	2.131735e+05	-1.693161e-01	2.819991e-01	0.000000e+00	0.000000e+00	2.131735e+05
1.167390e+00	2.221771e+05	-1.696518e-01	2.823074e-01	0.000000e+00	-4.930949e+02	2.226702e+05
1.168580e+00	2.150612e+05	-1.699880e-01	2.826170e-01	0.000000e+00	-3.472412e+02	2.154084e+05
1.169770e+00	2.104849e+05	-1.703244e-01	2.829184e-01	0.000000e+00	0.000000e+00	2.104849e+05
1.170960e+00	2.134901e+05	-1.706613e-01	2.832186e-01	0.000000e+00	-5.902202e+02	2.140803e+05
1.172150e+00	2.062494e+05	-1.709985e-01	2.835159e-01	0.000000e+00	-5.950347e+02	2.068445e+05
1.173340e+00	2.208391e+05	-1.713361e-01	2.838183e-01	0.000000e+00	-6.143046e+02	2.214534e+05
1.174530e+00	2.141009e+05	-1.716740e-01	2.841263e-01	0.000000e+00	-8.514126e+02	2.149523e+05
1.175720e+00	2.004599e+05	-1.720123e-01	2.844199e-01	0.000000e+00	-7.103724e+02	2.011703e+05
1.176910e+00	2.203397e+05	-1.723509e-01	2.847179e-01	0.000000e+00	0.000000e+00	2.203397e+05
1.178100e+00	2.405020e+05	-1.726899e-01	2.850443e-01	0.000000e+00	0.000000e+00	2.405020e+05
1.179290e+00	2.192498e+05	-1.730293e-01	2.853699e-01	0.000000e+00	0.000000e+00	2.192498e+05
1.180480e+00	2.164670e+05	-1.733691e-01	2.856784e-01	0.000000e+00	0.000000e+00	2.164670e+05
1.181670e+00	2.138689e+05	-1.737092e-01	2.859832e-01	0.000000e+00	0.000000e+00	2.138689e+05
1.182860e+00	2.112260e+05	-1.740497e-01	2.862842e-01	0.000000e+00	0.000000e+00	2.112260e+05
1.184050e+00	1.981752e+05	-1.743906e-01	2.865741e-01	0.000000e+00	-7.125190e+02	1.988878e+05
1.185240e+00	2.099909e+05	-1.747318e-01	2.868632e-01	0.000000e+00	-1.278171e+02	2.101187e+05
1.186430e+00	1.880021e+05	-1.750733e-01	2.871450e-01	0.000000e+00	0.000000e+00	1.880021e+05
1.187620e+00	2.147477e+05	-1.754152e-01	2.874302e-01	0.000000e+00	0.000000e+00	2.147477e+05
1.188810e+00	2.178162e+05	-1.757574e-01	2.877366e-01	0.000000e+00	0.000000e+00	2.178162e+05
1.190000e+00	1.150294e+05	-1.761000e-01	2.879723e-01	0.000000e+00	0.000000e+00	1.150294e+05
