#x	rho	phi	ex	bz	rhok[0]	rhok[1]
0.000000e+00	-1.194897e+03	0.000000e+00	4.706540e-02	0.000000e+00	-1.194897e+03	0.000000e+00
1.190000e-03	-1.123690e+03	-5.600681e-05	4.706375e-02	0.000000e+00	-2.502183e+03	1.378493e+03
2.380000e-03	9.968840e+02	-1.120117e-04	4.706366e-02	0.000000e+00	-5.707973e+03	6.704857e+03
3.570000e-03	5.857080e+03	-1.680183e-04	4.706852e-02	0.000000e+00	-4.393250e+03	1.025033e+04
4.760000e-03	3.768368e+03	-2.240348e-04	4.707533e-02	0.000000e+00	-5.055439e+03	8.823806e+03
5.950000e-03	3.563537e+03	-2.800576e-04	4.708053e-02	0.000000e+00	-8.029546e+03	1.159308e+04
7.140000e-03	7.631630e+03	-3.360865e-04	4.708845e-02	0.000000e+00	-7.161124e+03	1.479275e+04
8.330000e-03	1.346727e+04	-3.921282e-04	4.710340e-02	0.000000e+00	-2.629243e+03	1.609651e+04
9.520000e-03	1.504734e+04	-4.481925e-04	4.712359e-02	0.000000e+00	-4.146591e+03	1.919393e+04
1.071000e-02	1.260021e+04	-5.042823e-04	4.714317e-02	0.000000e+00	-6.531001e+03	1.913121e+04
1.190000e-02	2.444624e+04	-5.603933e-04	4.716940e-02	0.000000e+00	-6.410709e+03	3.085695e+04
1.309000e-02	1.884353e+04	-6.165455e-04	4.720006e-02	0.000000e+00	-5.490873e+03	2.433440e+04
1.428000e-02	1.831446e+04	-6.727294e-04	4.722637e-02	0.000000e+00	-7.001918e+03	2.531637e+04
1.547000e-02	1.998323e+04	-7.289442e-04	4.725349e-02	0.000000e+00	-4.697189e+03	2.468041e+04
1.666000e-02	2.427596e+04	-7.851927e-04	4.728484e-02	0.000000e+00	-5.135588e+03	2.941155e+04
1.785000e-02	2.820913e+04	-8.414822e-04	4.732201e-02	0.000000e+00	-6.118769e+03	3.432790e+04
1.904000e-02	1.977421e+04	-8.978191e-04	4.735599e-02	0.000000e+00	-4.573389e+03	2.434760e+04
2.023000e-02	2.343021e+04	-9.541894e-04	4.738658e-02	0.000000e+00	-2.733018e+03	2.616323e+04
2.142000e-02	2.159220e+04	-1.010599e-03	4.741846e-02	0.000000e+00	-3.056266e+03	2.464847e+04
2.261000e-02	2.256526e+04	-1.067045e-03	4.744974e-02	0.000000e+00	-5.226532e+03	2.779179e+04
2.380000e-02	3.005764e+04	-1.123530e-03	4.748700e-02	0.000000e+00	-5.102498e+03	3.516014e+04
2.499000e-02	3.882606e+04	-1.180064e-03	4.753578e-02	0.000000e+00	-6.814300e+03	4.564036e+04
2.618000e-02	4.124480e+04	-1.236665e-03	4.759249e-02	0.000000e+00	-6.160529e+03	4.740532e+04
2.737000e-02	3.711829e+04	-1.293335e-03	4.764798e-02	0.000000e+00	-7.328207e+03	4.444650e+04
2.856000e-02	3.342456e+04	-1.350067e-03	4.769794e-02	0.000000e+00	-8.686829e+03	4.211139e+04
2.975000e-02	3.525281e+04	-1.406856e-03	4.774657e-02	0.000000e+00	-6.997587e+03	4.225040e+04
3.094000e-02	4.934592e+04	-1.463704e-03	4.780648e-02	0.000000e+00	-6.171104e+03	5.551702e+04
3.213000e-02	4.102458e+04	-1.520635e-03	4.787048e-02	0.000000e+00	-5.769577e+03	4.679416e+04
3.332000e-02	2.886781e+04	-1.577635e-03	4.791997e-02	0.000000e+00	-4.971473e+03	3.383928e+04
3.451000e-02	3.538107e+04	-1.634685e-03	4.796547e-02	0.000000e+00	-5.238996e+03	4.062006e+04
3.570000e-02	3.927542e+04	-1.691793e-03	4.801834e-02	0.000000e+00	-4.510708e+03	4.378613e+04
3.689000e-02	4.982671e+04	-1.748968e-03	4.808144e-02	0.000000e+00	-4.355469e+03	5.418218e+04
3.808000e-02	5.056857e+04	-1.806227e-03	4.815254e-02	0.000000e+00	-5.757652e+03	5.632622e+04
3.927000e-02	4.889747e+04	-1.863571e-03	4.822297e-02	0.000000e+00	-4.851422e+03	5.374889e+04
4.046000e-02	5.233397e+04	-1.920998e-03	4.829466e-02	0.000000e+00	-3.002305e+03	5.533627e+04
4.165000e-02	3.950404e+04	-1.978513e-03	4.835970e-02	0.000000e+00	-2.888550e+03	4.239259e+04
4.284000e-02	4.776158e+04	-2.036094e-03	4.842150e-02	0.000000e+00	-4.671335e+03	5.243292e+04
4.403000e-02	4.225982e+04	-2.093756e-03	4.848525e-02	0.000000e+00	-6.730780e+03	4.899060e+04
4.522000e-02	4.529614e+04	-2.151489e-03	4.854725e-02	0.000000e+00	-7.255107e+03	5.255125e+04
4.641000e-02	5.545466e+04	-2.209298e-03	4.861860e-02	0.000000e+00	-4.612650e+03	6.006731e+04
4.760000e-02	6.232469e+04	-2.267201e-03	4.870201e-02	0.000000e+00	-5.518339e+03	6.784303e+04
4.879000e-02	5.680722e+04	-2.325209e-03	4.878637e-02	0.000000e+00	-4.275293e+03	6.108252e+04
4.998000e-02	5.786337e+04	-2.383313e-03	4.886758e-02	0.000000e+00	-1.683376e+03	5.954675e+04
5.117000e-02	5.811781e+04	-2.441514e-03	4.894971e-02	0.000000e+00	-5.711633e+03	6.382945e+04
5.236000e-02	6.903128e+04	-2.499813e-03	4.903975e-02	0.000000e+00	-5.409373e+03	7.444065e+04
5.355000e-02	6.206270e+04	-2.558228e-03	4.913259e-02	0.000000e+00	-5.509279e+03	6.757198e+04
5.474000e-02	6.502474e+04	-2.616748e-03	4.922259e-02	0.000000e+00	-7.791476e+03	7.281622e+04
5.593000e-02	6.081854e+04	-2.675378e-03	4.931171e-02	0.000000e+00	-1.045692e+04	7.127546e+04
5.712000e-02	7.027025e+04	-2.734110e-03	4.940454e-02	0.000000e+00	-3.846417e+03	7.411666e+04
5.831000e-02	6.190377e+04	-2.792961e-03	4.949814e-02	0.000000e+00	-7.220351e+03	6.912412e+04
5.950000e-02	7.285643e+04	-2.851916e-03	4.959357e-02	0.000000e+00	-6.367584e+03	7.922401e+04
6.069000e-02	7.376266e+04	-2.910994e-03	4.969740e-02	0.000000e+00	-3.434025e+03	7.719668e+04
6.188000e-02	5.092492e+04	-2.970196e-03	4.978570e-02	0.000000e+00	-6.098827e+03	5.702375e+04
6.307000e-02	6.497910e+04	-3.029484e-03	4.986778e-02	0.000000e+00	-6.642604e+03	7.162171e+04
6.426000e-02	6.696798e+04	-3.088881e-03	4.996122e-02	0.000000e+00	-5.569858e+03	7.253784e+04
6.545000e-02	5.926078e+04	-3.148391e-03	5.005061e-02	0.000000e+00	-4.249805e+03	6.351058e+04
6.664000e-02	6.639633e+04	-3.208002e-03	5.013960e-02	0.000000e+00	-3.408162e+03	6.980449e+04
6.783000e-02	6.649376e+04	-3.267724e-03	5.023371e-02	0.000000e+00	-3.088235e+03	6.958199e+04
6.902000e-02	6.871968e+04	-3.327558e-03	5.032946e-02	0.000000e+00	-2.657706e+03	7.137739e+04
7.021000e-02	6.327437e+04	-3.387508e-03	5.042293e-02	0.000000e+00	-3.124862e+03	6.639924e+04
7.140000e-02	7.757827e+04	-3.447564e-03	5.052268e-02	0.000000e+00	-5.014014e+03	8.259229e+04
7.259000e-02	5.885222e+04	-3.507752e-03	5.061930e-02	0.000000e+00	-4.929494e+03	6.378172e+04
7.378000e-02	7.433184e+04	-3.568038e-03	5.071361e-02	0.000000e+00	-5.325705e+03	7.965755e+04
7.497000e-02	7.472898e+04	-3.628450e-03	5.081917e-02	0.000000e+00	-6.918232e+03	8.164722e+04
7.616000e-02	7.472215e+04	-3.688988e-03	5.092501e-02	0.000000e+00	-4.048686e+03	7.877083e+04
7.735000e-02	8.335940e+04	-3.749652e-03	5.103696e-02	0.000000e+00	-3.427763e+03	8.678716e+04
7.854000e-02	8.217714e+04	-3.810456e-03	5.115418e-02	0.000000e+00	-3.892451e+03	8.606959e+04
7.973000e-02	8.651451e+04	-3.871399e-03	5.127364e-02	0.000000e+00	-2.929367e+03	8.944388e+04
8.092000e-02	7.284002e+04	-3.932487e-03	5.138649e-02	0.000000e+00	-6.392062e+03	7.923208e+04
8.211000e-02	7.454843e+04	-3.993698e-03	5.149087e-02	0.000000e+00	-5.431900e+03	7.998033e+04
8.330000e-02	6.515662e+04	-4.055035e-03	5.158980e-02	0.000000e+00	-6.173352e+03	7.132998e+04
8.449000e-02	6.428252e+04	-4.116482e-03	5.168147e-02	0.000000e+00	-2.993860e+03	6.727638e+04
8.568000e-02	8.270140e+04	-4.178037e-03	5.178556e-02	0.000000e+00	-6.955340e+03	8.965674e+04
8.687000e-02	7.951718e+04	-4.239732e-03	5.190043e-02	0.000000e+00	-4.166003e+03	8.368318e+04
8.806000e-02	7.727697e+04	-4.301560e-03	5.201147e-02	0.000000e+00	-4.482664e+03	8.175964e+04
8.925000e-02	8.503212e+04	-4.363519e-03	5.212641e-02	0.000000e+00	-4.285106e+03	8.931722e+04
9.044000e-02	7.675505e+04	-4.425621e-03	5.224098e-02	0.000000e+00	-5.689366e+03	8.244441e+04
9.163000e-02	7.570301e+04	-4.487853e-03	5.234895e-02	0.000000e+00	-5.781812e+03	8.148482e+04
9.282000e-02	8.989765e+04	-4.550212e-03	5.246622e-02	0.000000e+00	-4.789399e+03	9.468705e+04
9.401000e-02	8.200557e+04	-4.612722e-03	5.258796e-02	0.000000e+00	-5.700635e+03	8.770621e+04
9.520000e-02	8.503468e+04	-4.675371e-03	5.270625e-02	0.000000e+00	-3.973532e+03	8.900821e+04
9.639000e-02	6.723379e+04	-4.738163e-03	5.281408e-02	0.000000e+00	-9.476650e+03	7.671044e+04
9.758000e-02	7.898884e+04	-4.801068e-03	5.291763e-02	0.000000e+00	-5.352165e+03	8.434101e+04
9.877000e-02	8.971150e+04	-4.864107e-03	5.303710e-02	0.000000e+00	-4.027707e+03	9.373920e+04
9.996000e-02	8.920989e+04	-4.927297e-03	5.316380e-02	0.000000e+00	-3.959902e+03	9.316979e+04
1.011500e-01	8.504659e+04	-4.990637e-03	5.328721e-02	0.000000e+00	-6.237624e+03	9.128422e+04
1.023400e-01	9.396229e+04	-5.054120e-03	5.341397e-02	0.000000e+00	-5.699553e+03	9.966184e+04
1.035300e-01	8.558782e+04	-5.117762e-03	5.354112e-02	0.000000e+00	-3.157017e+03	8.874484e+04
1.047200e-01	6.825740e+04	-5.181548e-03	5.365007e-02	0.000000e+00	-4.842342e+03	7.309975e+04
1.059100e-01	9.067339e+04	-5.245449e-03	5.376262e-02	0.000000e+00	-2.027211e+03	9.270060e+04
1.071000e-01	9.104427e+04	-5.309503e-03	5.389131e-02	0.000000e+00	-3.036981e+03	9.408125e+04
1.082900e-01	9.205220e+04	-5.373711e-03	5.402097e-02	0.000000e+00	-2.984352e+03	9.503656e+04
1.094800e-01	8.530150e+04	-5.438073e-03	5.414656e-02	0.000000e+00	-5.239782e+03	9.054128e+04
1.106700e-01	9.724193e+04	-5.502579e-03	5.427584e-02	0.000000e+00	-5.158778e+03	1.024007e+05
1.118600e-01	1.037391e+05	-5.567250e-03	5.441816e-02	0.000000e+00	-5.078405e+03	1.088175e+05
1.130500e-01	1.054676e+05	-5.632095e-03	5.456632e-02	0.000000e+00	-2.884594e+03	1.083522e+05
1.142400e-01	1.093533e+05	-5.697117e-03	5.471844e-02	0.000000e+00	-4.505302e+03	1.138586e+05
1.154300e-01	1.029295e+05	-5.762325e-03	5.486878e-02	0.000000e+00	-4.966863e+03	1.078963e+05
1.166200e-01	1.009650e+05	-5.827705e-03	5.501317e-02	0.000000e+00	-4.621930e+03	1.055869e+05
1.178100e-01	1.012740e+05	-5.893256e-03	5.515639e-02	0.000000e+00	-3.538849e+03	1.048129e+05
1.190000e-01	9.903949e+04	-5.958977e-03	5.529824e-02	0.000000e+00	-4.753427e+03	1.037929e+05
1.201900e-01	9.202201e+04	-6.024866e-03	5.543354e-02	0.000000e+00	-3.903265e+03	9.592528e+04
1.213800e-01	1.102602e+05	-6.090909e-03	5.557679e-02	0.000000e+00	-3.608247e+03	1.138684e+05
1.225700e-01	1.054140e+05	-6.157138e-03	5.572953e-02	0.000000e+00	-4.803922e+03	1.102179e+05
1.237600e-01	9.228626e+04	-6.223545e-03	5.586953e-02	0.000000e+00	-4.572707e+03	9.685897e+04
1.249500e-01	9.792370e+04	-6.290108e-03	5.600423e-02	0.000000e+00	-8.414323e+03	1.063380e+05
1.261400e-01	9.334847e+04	-6.356836e-03	5.613968e-02	0.000000e+00	-4.319271e+03	9.766774e+04
1.273300e-01	1.004952e+05	-6.423720e-03	5.627695e-02	0.000000e+00	-3.901906e+03	1.043971e+05
1.285200e-01	1.102706e+05	-6.490775e-03	5.642621e-02	0.000000e+00	-5.097684e+03	1.153683e+05
1.297100e-01	9.169627e+04	-6.558015e-03	5.656924e-02	0.000000e+00	-6.585252e+03	9.828152e+04
1.309000e-01	9.806662e+04	-6.625409e-03	5.670362e-02	0.000000e+00	-1.027022e+04	1.083368e+05
1.320900e-01	1.068048e+05	-6.692969e-03	5.684870e-02	0.000000e+00	-5.519689e+03	1.123245e+05
1.332800e-01	1.117007e+05	-6.760709e-03	5.700344e-02	0.000000e+00	-4.419816e+03	1.161205e+05
1.344700e-01	1.104967e+05	-6.828638e-03	5.716079e-02	0.000000e+00	-4.560422e+03	1.150571e+05
1.356600e-01	1.033119e+05	-6.896752e-03	5.731221e-02	0.000000e+00	-2.724017e+03	1.060359e+05
1.368500e-01	8.971808e+04	-6.965041e-03	5.744890e-02	0.000000e+00	-8.799481e+03	9.851756e+04
1.380400e-01	9.383790e+04	-7.033480e-03	5.757889e-02	0.000000e+00	-6.623969e+03	1.004619e+05
1.392300e-01	1.093152e+05	-7.102078e-03	5.772276e-02	0.000000e+00	-3.533234e+03	1.128484e+05
1.404200e-01	1.096950e+05	-7.170861e-03	5.787785e-02	0.000000e+00	-1.880681e+03	1.115756e+05
1.416100e-01	1.007201e+05	-7.239828e-03	5.802686e-02	0.000000e+00	-4.410335e+03	1.051304e+05
1.428000e-01	1.068217e+05	-7.308965e-03	5.817383e-02	0.000000e+00	-2.030724e+03	1.088524e+05
1.439900e-01	1.002456e+05	-7.378281e-03	5.832047e-02	0.000000e+00	-4.683005e+03	1.049286e+05
1.451800e-01	1.151721e+05	-7.447767e-03	5.847302e-02	0.000000e+00	-2.646313e+03	1.178184e+05
1.463700e-01	1.201546e+05	-7.517447e-03	5.863967e-02	0.000000e+00	-3.910128e+03	1.240648e+05
1.475600e-01	1.042073e+05	-7.587330e-03	5.879856e-02	0.000000e+00	-3.046028e+03	1.072533e+05
1.487500e-01	1.212974e+05	-7.657388e-03	5.895825e-02	0.000000e+00	-1.874135e+03	1.231716e+05
1.499400e-01	1.217552e+05	-7.727650e-03	5.913037e-02	0.000000e+00	-3.627290e+03	1.253825e+05
1.511300e-01	1.135079e+05	-7.798118e-03	5.929698e-02	0.000000e+00	-2.836988e+03	1.163449e+05
1.523200e-01	1.110242e+05	-7.868777e-03	5.945598e-02	0.000000e+00	-5.519594e+03	1.165438e+05
1.535100e-01	1.131959e+05	-7.939623e-03	5.961477e-02	0.000000e+00	-4.213860e+03	1.174098e+05
1.547000e-01	1.128187e+05	-8.010660e-03	5.977483e-02	0.000000e+00	-3.186632e+03	1.160053e+05
1.558900e-01	1.038036e+05	-8.081887e-03	5.992823e-02	0.000000e+00	-6.020298e+03	1.098239e+05
1.570800e-01	1.130841e+05	-8.153289e-03	6.008182e-02	0.000000e+00	-5.769460e+03	1.188536e+05
1.582700e-01	1.138004e+05	-8.224882e-03	6.024249e-02	0.000000e+00	-4.262939e+03	1.180633e+05
1.594600e-01	1.173790e+05	-8.296667e-03	6.040621e-02	0.000000e+00	-7.100471e+03	1.244795e+05
1.606500e-01	1.133733e+05	-8.368649e-03	6.056962e-02	0.000000e+00	-5.258702e+03	1.186320e+05
1.618400e-01	1.185418e+05	-8.440822e-03	6.073385e-02	0.000000e+00	-3.701403e+03	1.222432e+05
1.630300e-01	1.111425e+05	-8.513195e-03	6.089651e-02	0.000000e+00	-5.745939e+03	1.168885e+05
1.642200e-01	1.049022e+05	-8.585756e-03	6.104950e-02	0.000000e+00	-7.182418e+03	1.120846e+05
1.654100e-01	1.062296e+05	-8.658493e-03	6.119902e-02	0.000000e+00	-2.211744e+03	1.084413e+05
1.666000e-01	1.171086e+05	-8.731410e-03	6.135718e-02	0.000000e+00	-4.210015e+03	1.213186e+05
1.677900e-01	1.208228e+05	-8.804523e-03	6.152567e-02	0.000000e+00	-3.365746e+03	1.241886e+05
1.689800e-01	1.150880e+05	-8.877841e-03	6.169274e-02	0.000000e+00	-3.606707e+03	1.186947e+05
1.701700e-01	1.098828e+05	-8.951352e-03	6.185205e-02	0.000000e+00	-6.137298e+03	1.160201e+05
1.713600e-01	1.196049e+05	-9.025049e-03	6.201457e-02	0.000000e+00	-5.696990e+03	1.253019e+05
1.725500e-01	1.179428e+05	-9.098947e-03	6.218279e-02	0.000000e+00	-3.723428e+03	1.216662e+05
1.737400e-01	1.106088e+05	-9.173044e-03	6.234464e-02	0.000000e+00	-4.236163e+03	1.148450e+05
1.749300e-01	1.241018e+05	-9.247327e-03	6.251086e-02	0.000000e+00	-6.143441e+03	1.302452e+05
1.761200e-01	1.138601e+05	-9.321819e-03	6.267937e-02	0.000000e+00	-3.813398e+03	1.176735e+05
1.773100e-01	1.023702e+05	-9.396504e-03	6.283250e-02	0.000000e+00	-4.731834e+03	1.071021e+05
1.785000e-01	1.281846e+05	-9.471361e-03	6.299577e-02	0.000000e+00	-4.353273e+03	1.325378e+05
1.796900e-01	1.184098e+05	-9.546434e-03	6.317040e-02	0.000000e+00	-3.321636e+03	1.217314e+05
1.808800e-01	1.191838e+05	-9.621706e-03	6.333865e-02	0.000000e+00	-3.844789e+03	1.230286e+05
1.820700e-01	1.208467e+05	-9.697180e-03	6.350864e-02	0.000000e+00	-4.283138e+03	1.251298e+05
1.832600e-01	1.063833e+05	-9.772857e-03	6.366955e-02	0.000000e+00	-2.865358e+03	1.092486e+05
1.844500e-01	1.221718e+05	-9.848713e-03	6.383141e-02	0.000000e+00	-2.852813e+03	1.250246e+05
1.856400e-01	1.104051e+05	-9.924776e-03	6.399611e-02	0.000000e+00	-3.896054e+03	1.143011e+05
1.868300e-01	1.150355e+05	-1.000102e-02	6.415576e-02	0.000000e+00	-7.694253e+03	1.227298e+05
1.880200e-01	1.167730e+05	-1.007747e-02	6.431992e-02	0.000000e+00	-5.351689e+03	1.221247e+05
1.892100e-01	1.323714e+05	-1.015411e-02	6.449635e-02	0.000000e+00	-4.865052e+03	1.372365e+05
1.904000e-01	1.281840e+05	-1.023097e-02	6.468087e-02	0.000000e+00	-3.358995e+03	1.315430e+05
1.915900e-01	1.213437e+05	-1.030805e-02	6.485757e-02	0.000000e+00	-4.181363e+03	1.255251e+05
1.927800e-01	1.292308e+05	-1.038533e-02	6.503502e-02	0.000000e+00	-7.024185e+03	1.362550e+05
1.939700e-01	1.158614e+05	-1.046283e-02	6.520859e-02	0.000000e+00	-6.605019e+03	1.224664e+05
1.951600e-01	1.122303e+05	-1.054053e-02	6.537011e-02	0.000000e+00	-6.322611e+03	1.185529e+05
1.963500e-01	1.188471e+05	-1.061841e-02	6.553376e-02	0.000000e+00	-4.613204e+03	1.234603e+05
1.975400e-01	1.124979e+05	-1.069650e-02	6.569759e-02	0.000000e+00	-3.340330e+03	1.158382e+05
1.987300e-01	1.220361e+05	-1.077477e-02	6.586367e-02	0.000000e+00	-4.002781e+03	1.260389e+05
1.999200e-01	1.265552e+05	-1.085325e-02	6.603972e-02	0.000000e+00	-6.601958e+03	1.331572e+05
2.011100e-01	1.356305e+05	-1.093194e-02	6.622539e-02	0.000000e+00	-4.820338e+03	1.404508e+05
2.023000e-01	1.286200e+05	-1.101087e-02	6.641252e-02	0.000000e+00	-3.646581e+03	1.322666e+05
2.034900e-01	1.325353e+05	-1.109001e-02	6.659746e-02	0.000000e+00	-2.316262e+03	1.348515e+05
2.046800e-01	1.282402e+05	-1.116937e-02	6.678213e-02	0.000000e+00	-2.822769e+03	1.310629e+05
2.058700e-01	1.424990e+05	-1.124895e-02	6.697386e-02	0.000000e+00	-4.179350e+03	1.466784e+05
2.070600e-01	1.267878e+05	-1.132877e-02	6.716456e-02	0.000000e+00	-5.810064e+03	1.325979e+05
2.082500e-01	1.232073e+05	-1.140880e-02	6.734160e-02	0.000000e+00	-3.890492e+03	1.270978e+05
2.094400e-01	1.373313e+05	-1.148904e-02	6.752610e-02	0.000000e+00	-6.184551e+03	1.435159e+05
2.106300e-01	1.357130e+05	-1.156951e-02	6.771946e-02	0.000000e+00	-6.140480e+03	1.418535e+05
2.118200e-01	1.445201e+05	-1.165021e-02	6.791792e-02	0.000000e+00	-1.328420e+03	1.458485e+05
2.130100e-01	1.359102e+05	-1.173116e-02	6.811651e-02	0.000000e+00	-1.374128e+03	1.372843e+05
2.142000e-01	1.181601e+05	-1.181233e-02	6.829643e-02	0.000000e+00	-5.145362e+03	1.233054e+05
2.153900e-01	1.222621e+05	-1.189370e-02	6.846669e-02	0.000000e+00	-4.655773e+03	1.269178e+05
2.165800e-01	1.297035e+05	-1.197528e-02	6.864512e-02	0.000000e+00	-4.176189e+03	1.338797e+05
2.177700e-01	1.282450e+05	-1.205708e-02	6.882779e-02	0.000000e+00	-4.738991e+03	1.329840e+05
2.189600e-01	1.229189e+05	-1.213909e-02	6.900566e-02	0.000000e+00	-5.951090e+03	1.288700e+05
2.201500e-01	1.414646e+05	-1.222131e-02	6.919288e-02	0.000000e+00	-4.425152e+03	1.458897e+05
2.213400e-01	1.238908e+05	-1.230377e-02	6.938080e-02	0.000000e+00	-5.402766e+03	1.292936e+05
2.225300e-01	1.202725e+05	-1.238644e-02	6.955371e-02	0.000000e+00	-3.619534e+03	1.238920e+05
2.237200e-01	1.346683e+05	-1.246931e-02	6.973425e-02	0.000000e+00	-3.194601e+03	1.378629e+05
2.249100e-01	1.494424e+05	-1.255240e-02	6.993544e-02	0.000000e+00	-2.685147e+03	1.521275e+05
2.261000e-01	1.427211e+05	-1.263575e-02	7.014234e-02	0.000000e+00	-3.589598e+03	1.463107e+05
2.272900e-01	1.344755e+05	-1.271934e-02	7.033865e-02	0.000000e+00	-1.513112e+03	1.359886e+05
2.284800e-01	1.367545e+05	-1.280316e-02	7.053072e-02	0.000000e+00	-3.886380e+03	1.406409e+05
2.296700e-01	1.388794e+05	-1.288721e-02	7.072591e-02	0.000000e+00	-4.139326e+03	1.430187e+05
2.308600e-01	1.410620e+05	-1.297149e-02	7.092416e-02	0.000000e+00	-2.533298e+03	1.435953e+05
2.320500e-01	1.295277e+05	-1.305601e-02	7.111578e-02	0.000000e+00	-1.376357e+03	1.309041e+05
2.332400e-01	1.333349e+05	-1.314074e-02	7.130193e-02	0.000000e+00	-4.782969e+03	1.381179e+05
2.344300e-01	1.376501e+05	-1.322570e-02	7.149383e-02	0.000000e+00	-4.390938e+03	1.420410e+05
2.356200e-01	1.325217e+05	-1.331090e-02	7.168516e-02	0.000000e+00	-4.234800e+03	1.367565e+05
2.368100e-01	1.514209e+05	-1.339632e-02	7.188624e-02	0.000000e+00	-3.811750e+03	1.552327e+05
2.380000e-01	1.490172e+05	-1.348199e-02	7.209900e-02	0.000000e+00	-5.849211e+03	1.548664e+05
2.391900e-01	1.344451e+05	-1.356791e-02	7.229974e-02	0.000000e+00	-2.326916e+03	1.367720e+05
2.403800e-01	1.296975e+05	-1.365406e-02	7.248679e-02	0.000000e+00	-5.863819e+03	1.355613e+05
2.415700e-01	1.374981e+05	-1.374043e-02	7.267601e-02	0.000000e+00	-6.098570e+03	1.435967e+05
2.427600e-01	1.491141e+05	-1.382703e-02	7.287898e-02	0.000000e+00	-2.922483e+03	1.520366e+05
2.439500e-01	1.300295e+05	-1.391388e-02	7.307666e-02	0.000000e+00	-6.943432e+03	1.369730e+05
2.451400e-01	1.196380e+05	-1.400095e-02	7.325346e-02	0.000000e+00	-5.449870e+03	1.250878e+05
2.463300e-01	1.350399e+05	-1.408822e-02	7.343382e-02	0.000000e+00	-7.235369e+03	1.422753e+05
2.475200e-01	1.303388e+05	-1.417572e-02	7.362175e-02	0.000000e+00	-2.982219e+03	1.333210e+05
2.487100e-01	1.370826e+05	-1.426344e-02	7.381113e-02	0.000000e+00	-3.592270e+03	1.406749e+05
2.499000e-01	1.229970e+05	-1.435140e-02	7.399531e-02	0.000000e+00	-2.259841e+03	1.252568e+05
2.510900e-01	1.205282e+05	-1.443955e-02	7.416776e-02	0.000000e+00	-3.778043e+03	1.243063e+05
2.522800e-01	1.453383e+05	-1.452791e-02	7.435604e-02	0.000000e+00	-4.236358e+03	1.495747e+05
2.534700e-01	1.318767e+05	-1.461652e-02	7.455236e-02	0.000000e+00	-2.877022e+03	1.347537e+05
2.546600e-01	1.215709e+05	-1.470535e-02	7.473184e-02	0.000000e+00	-2.818899e+03	1.243898e+05
2.558500e-01	1.256277e+05	-1.479438e-02	7.490690e-02	0.000000e+00	-6.471052e+03	1.320987e+05
2.570400e-01	1.398784e+05	-1.488363e-02	7.509492e-02	0.000000e+00	-5.775745e+03	1.456542e+05
2.582300e-01	1.436671e+05	-1.497311e-02	7.529571e-02	0.000000e+00	-7.530807e+03	1.511979e+05
2.594200e-01	1.443556e+05	-1.506283e-02	7.549968e-02	0.000000e+00	-2.495193e+03	1.468508e+05
2.606100e-01	1.651242e+05	-1.515280e-02	7.571884e-02	0.000000e+00	-1.561150e+03	1.666854e+05
2.618000e-01	1.425328e+05	-1.524304e-02	7.593672e-02	0.000000e+00	-4.116253e+03	1.466490e+05
2.629900e-01	1.570226e+05	-1.533353e-02	7.614885e-02	0.000000e+00	-4.145960e+03	1.611686e+05
2.641800e-01	1.619600e+05	-1.542428e-02	7.637474e-02	0.000000e+00	-2.989043e+03	1.649491e+05
2.653700e-01	1.404339e+05	-1.551530e-02	7.658889e-02	0.000000e+00	-4.003399e+03	1.444373e+05
2.665600e-01	1.270383e+05	-1.560656e-02	7.677830e-02	0.000000e+00	-2.451734e+03	1.294900e+05
2.677500e-01	1.499428e+05	-1.569803e-02	7.697445e-02	0.000000e+00	-3.352480e+03	1.532953e+05
2.689400e-01	1.403403e+05	-1.578976e-02	7.718002e-02	0.000000e+00	-3.723064e+03	1.440634e+05
2.701300e-01	1.331451e+05	-1.588172e-02	7.737369e-02	0.000000e+00	-2.428406e+03	1.355735e+05
2.713200e-01	1.448517e+05	-1.597391e-02	7.757056e-02	0.000000e+00	-3.050108e+03	1.479018e+05
2.725100e-01	1.446598e+05	-1.606634e-02	7.777558e-02	0.000000e+00	-4.977723e+03	1.496375e+05
2.737000e-01	1.629459e+05	-1.615901e-02	7.799342e-02	0.000000e+00	-5.015235e+03	1.679611e+05
2.748900e-01	1.587074e+05	-1.625196e-02	7.822120e-02	0.000000e+00	-4.584384e+03	1.632918e+05
2.760800e-01	1.507803e+05	-1.634518e-02	7.844037e-02	0.000000e+00	-3.405625e+03	1.541859e+05
2.772700e-01	1.386179e+05	-1.643865e-02	7.864531e-02	0.000000e+00	-2.056474e+03	1.406744e+05
2.784600e-01	1.519302e+05	-1.653235e-02	7.885107e-02	0.000000e+00	-1.509290e+03	1.534395e+05
2.796500e-01	1.439550e+05	-1.662632e-02	7.906060e-02	0.000000e+00	-4.151650e+03	1.481066e+05
2.808400e-01	1.565736e+05	-1.672052e-02	7.927342e-02	0.000000e+00	-5.675062e+03	1.622487e+05
2.820300e-01	1.442510e+05	-1.681499e-02	7.948646e-02	0.000000e+00	-4.300060e+03	1.485510e+05
2.832200e-01	1.522862e+05	-1.690970e-02	7.969646e-02	0.000000e+00	-1.585297e+03	1.538715e+05
2.844100e-01	1.541506e+05	-1.700466e-02	7.991346e-02	0.000000e+00	-5.398835e+03	1.595495e+05
2.856000e-01	1.502611e+05	-1.709989e-02	8.012904e-02	0.000000e+00	-6.352752e+03	1.566138e+05
2.867900e-01	1.417639e+05	-1.719537e-02	8.033584e-02	0.000000e+00	-4.215786e+03	1.459797e+05
2.879800e-01	1.492727e+05	-1.729109e-02	8.054194e-02	0.000000e+00	-4.841216e+03	1.541139e+05
2.891700e-01	1.509379e+05	-1.738706e-02	8.075454e-02	0.000000e+00	-3.313571e+03	1.542515e+05
2.903600e-01	1.510334e+05	-1.748329e-02	8.096838e-02	0.000000e+00	-2.192638e+03	1.532260e+05
2.915500e-01	1.495611e+05	-1.757977e-02	8.118125e-02	0.000000e+00	-2.609888e+03	1.521710e+05
2.927400e-01	1.388515e+05	-1.767650e-02	8.138550e-02	0.000000e+00	-4.813630e+03	1.436652e+05
2.939300e-01	1.409161e+05	-1.777346e-02	8.158362e-02	0.000000e+00	-3.986684e+03	1.449028e+05
2.951200e-01	1.386025e+05	-1.787067e-02	8.178157e-02	0.000000e+00	-2.436567e+03	1.410390e+05
2.963100e-01	1.368434e+05	-1.796810e-02	8.197663e-02	0.000000e+00	-4.806540e+03	1.416499e+05
2.975000e-01	1.431771e+05	-1.806577e-02	8.217493e-02	0.000000e+00	-2.573859e+03	1.457510e+05
2.986900e-01	1.426528e+05	-1.816368e-02	8.237734e-02	0.000000e+00	-3.465401e+03	1.461182e+05
2.998800e-01	1.381333e+05	-1.826183e-02	8.257618e-02	0.000000e+00	-4.199858e+03	1.423332e+05
3.010700e-01	1.350619e+05	-1.836021e-02	8.276965e-02	0.000000e+00	-3.344748e+03	1.384067e+05
3.022600e-01	1.502666e+05	-1.845882e-02	8.297171e-02	0.000000e+00	-3.958295e+03	1.542249e+05
3.034500e-01	1.514306e+05	-1.855768e-02	8.318536e-02	0.000000e+00	-3.981356e+03	1.554120e+05
3.046400e-01	1.460864e+05	-1.865680e-02	8.339605e-02	0.000000e+00	-2.750992e+03	1.488374e+05
3.058300e-01	1.292765e+05	-1.875617e-02	8.359106e-02	0.000000e+00	-6.538880e+03	1.358154e+05
3.070200e-01	1.558491e+05	-1.885575e-02	8.379297e-02	0.000000e+00	-1.757710e+03	1.576068e+05
3.082100e-01	1.424702e+05	-1.895559e-02	8.400423e-02	0.000000e+00	-4.426427e+03	1.468966e+05
3.094000e-01	1.473938e+05	-1.905568e-02	8.420950e-02	0.000000e+00	-2.861040e+03	1.502549e+05
3.105900e-01	1.469609e+05	-1.915601e-02	8.441795e-02	0.000000e+00	-3.364559e+03	1.503254e+05
3.117800e-01	1.598491e+05	-1.925659e-02	8.463523e-02	0.000000e+00	-2.717493e+03	1.625666e+05
3.129700e-01	1.630234e+05	-1.935744e-02	8.486387e-02	0.000000e+00	-4.327743e+03	1.673511e+05
3.141600e-01	1.476062e+05	-1.945857e-02	8.508385e-02	0.000000e+00	-3.487263e+03	1.510935e+05
3.153500e-01	1.502448e+05	-1.955994e-02	8.529478e-02	0.000000e+00	-9.334045e+02	1.511782e+05
3.165400e-01	1.457834e+05	-1.966157e-02	8.550441e-02	0.000000e+00	-2.933291e+03	1.487166e+05
3.177300e-01	1.497873e+05	-1.976344e-02	8.571373e-02	0.000000e+00	-2.920385e+03	1.527076e+05
3.189200e-01	1.423385e+05	-1.986557e-02	8.592060e-02	0.000000e+00	-4.779761e+03	1.471183e+05
3.201100e-01	1.530347e+05	-1.996794e-02	8.612977e-02	0.000000e+00	-5.318326e+03	1.583530e+05
3.213000e-01	1.612671e+05	-2.007056e-02	8.635235e-02	0.000000e+00	-3.096787e+03	1.643639e+05
3.224900e-01	1.464835e+05	-2.017345e-02	8.657029e-02	0.000000e+00	-2.950262e+03	1.494337e+05
3.236800e-01	1.581231e+05	-2.027660e-02	8.678600e-02	0.000000e+00	-2.442826e+03	1.605659e+05
3.248700e-01	1.414973e+05	-2.038000e-02	8.699818e-02	0.000000e+00	-3.034825e+03	1.445322e+05
3.260600e-01	1.528961e+05	-2.048365e-02	8.720666e-02	0.000000e+00	-3.413895e+03	1.563099e+05
3.272500e-01	1.694245e+05	-2.058756e-02	8.743492e-02	0.000000e+00	-1.302960e+03	1.707274e+05
3.284400e-01	1.771929e+05	-2.069175e-02	8.768038e-02	0.000000e+00	-2.892290e+03	1.800851e+05
3.296300e-01	1.586435e+05	-2.079624e-02	8.791820e-02	0.000000e+00	-3.495735e+03	1.621392e+05
3.308200e-01	1.451708e+05	-2.090099e-02	8.813336e-02	0.000000e+00	-3.346643e+02	1.455054e+05
3.320100e-01	1.566764e+05	-2.100599e-02	8.834711e-02	0.000000e+00	-1.361428e+03	1.580379e+05
3.332000e-01	1.571447e+05	-2.111126e-02	8.856935e-02	0.000000e+00	-1.583796e+03	1.587285e+05
3.343900e-01	1.592871e+05	-2.121679e-02	8.879344e-02	0.000000e+00	-3.468247e+03	1.627553e+05
3.355800e-01	1.427904e+05	-2.132259e-02	8.900736e-02	0.000000e+00	-3.939159e+03	1.467296e+05
3.367700e-01	1.500603e+05	-2.142863e-02	8.921474e-02	0.000000e+00	-6.376930e+03	1.564372e+05
3.379600e-01	1.459244e+05	-2.153492e-02	8.942435e-02	0.000000e+00	-3.554908e+03	1.494793e+05
3.391500e-01	1.587002e+05	-2.164146e-02	8.964007e-02	0.000000e+00	-1.913814e+03	1.606140e+05
3.403400e-01	1.508421e+05	-2.174826e-02	8.985928e-02	0.000000e+00	-5.178867e+03	1.560210e+05
3.415300e-01	1.673684e+05	-2.185532e-02	9.008463e-02	0.000000e+00	-3.578323e+03	1.709467e+05
3.427200e-01	1.635853e+05	-2.196266e-02	9.031900e-02	0.000000e+00	-2.570723e+03	1.661560e+05
3.439100e-01	1.504797e+05	-2.207028e-02	9.054141e-02	0.000000e+00	-3.822774e+03	1.543025e+05
3.451000e-01	1.533463e+05	-2.217815e-02	9.075656e-02	0.000000e+00	-7.138662e+03	1.604850e+05
3.462900e-01	1.491293e+05	-2.228628e-02	9.097077e-02	0.000000e+00	-4.517552e+03	1.536469e+05
3.474800e-01	1.476836e+05	-2.239466e-02	9.118096e-02	0.000000e+00	-5.087836e+03	1.527714e+05
3.486700e-01	1.557087e+05	-2.250329e-02	9.139581e-02	0.000000e+00	-4.563329e+03	1.602720e+05
3.498600e-01	1.662963e+05	-2.261218e-02	9.162384e-02	0.000000e+00	-6.056870e+03	1.723531e+05
3.510500e-01	1.419616e+05	-2.272136e-02	9.184214e-02	0.000000e+00	-5.775749e+03	1.477374e+05
3.522400e-01	1.505346e+05	-2.283077e-02	9.204928e-02	0.000000e+00	-2.993237e+03	1.535278e+05
3.534300e-01	1.383729e+05	-2.294043e-02	9.225387e-02	0.000000e+00	-4.841754e+03	1.432147e+05
3.546200e-01	1.465428e+05	-2.305033e-02	9.245564e-02	0.000000e+00	-5.141760e+03	1.516846e+05
3.558100e-01	1.591259e+05	-2.316048e-02	9.267210e-02	0.000000e+00	-2.975356e+03	1.621013e+05
3.570000e-01	1.821454e+05	-2.327089e-02	9.291378e-02	0.000000e+00	-1.187797e+03	1.833332e+05
3.581900e-01	1.640995e+05	-2.338161e-02	9.315898e-02	0.000000e+00	-2.307645e+03	1.664072e+05
3.593800e-01	1.530942e+05	-2.349261e-02	9.338360e-02	0.000000e+00	-6.346898e+03	1.594411e+05
3.605700e-01	1.520796e+05	-2.360387e-02	9.359972e-02	0.000000e+00	-5.156076e+03	1.572357e+05
3.617600e-01	1.464750e+05	-2.371538e-02	9.381114e-02	0.000000e+00	-3.732502e+03	1.502075e+05
3.629500e-01	1.488807e+05	-2.382714e-02	9.402030e-02	0.000000e+00	-2.678741e+03	1.515594e+05
3.641400e-01	1.599118e+05	-2.393915e-02	9.423898e-02	0.000000e+00	-1.648530e+03	1.615603e+05
3.653300e-01	1.669539e+05	-2.405142e-02	9.447045e-02	0.000000e+00	-6.473132e+03	1.734271e+05
3.665200e-01	1.508821e+05	-2.416399e-02	9.469553e-02	0.000000e+00	-4.021755e+03	1.549038e+05
3.677100e-01	1.605538e+05	-2.427680e-02	9.491608e-02	0.000000e+00	-1.876345e+03	1.624302e+05
3.689000e-01	1.639830e+05	-2.438989e-02	9.514591e-02	0.000000e+00	-1.794491e+03	1.657775e+05
3.700900e-01	1.532438e+05	-2.450325e-02	9.537055e-02	0.000000e+00	-2.360836e+03	1.556046e+05
3.712800e-01	1.600001e+05	-2.461687e-02	9.559238e-02	0.000000e+00	-2.805736e+03	1.628058e+05
3.724700e-01	1.521704e+05	-2.473076e-02	9.581345e-02	0.000000e+00	-5.804644e+03	1.579751e+05
3.736600e-01	1.571362e+05	-2.484490e-02	9.603249e-02	0.000000e+00	-2.931716e+03	1.600679e+05
3.748500e-01	1.651574e+05	-2.495931e-02	9.626073e-02	0.000000e+00	-3.954798e+03	1.691122e+05
3.760400e-01	1.779999e+05	-2.507400e-02	9.650374e-02	0.000000e+00	-1.982528e+03	1.799824e+05
3.772300e-01	1.906927e+05	-2.518899e-02	9.676484e-02	0.000000e+00	-2.434986e+03	1.931277e+05
3.784200e-01	1.592204e+05	-2.530430e-02	9.701263e-02	0.000000e+00	-2.655686e+03	1.618761e+05
3.796100e-01	1.486133e+05	-2.541988e-02	9.723063e-02	0.000000e+00	-3.282595e+03	1.518959e+05
3.808000e-01	1.662197e+05	-2.553571e-02	9.745358e-02	0.000000e+00	-3.736973e+03	1.699567e+05
3.819900e-01	1.644607e+05	-2.565182e-02	9.768776e-02	0.000000e+00	-4.477593e+03	1.689383e+05
3.831800e-01	1.655551e+05	-2.576821e-02	9.792146e-02	0.000000e+00	-4.182989e+03	1.697381e+05
3.843700e-01	1.717455e+05	-2.588488e-02	9.816033e-02	0.000000e+00	-1.514111e+03	1.732596e+05
3.855600e-01	1.809857e+05	-2.600183e-02	9.841012e-02	0.000000e+00	-7.682057e+02	1.817539e+05
3.867500e-01	1.647047e+05	-2.611909e-02	9.865493e-02	0.000000e+00	-2.268915e+03	1.669736e+05
3.879400e-01	1.639096e+05	-2.623663e-02	9.888764e-02	0.000000e+00	-5.464727e+03	1.693743e+05
3.891300e-01	1.724226e+05	-2.635444e-02	9.912582e-02	0.000000e+00	-3.806045e+03	1.762287e+05
3.903200e-01	1.561488e+05	-2.647255e-02	9.935850e-02	0.000000e+00	-4.543606e+03	1.606924e+05
3.915100e-01	1.604995e+05	-2.659092e-02	9.958274e-02	0.000000e+00	-1.391937e+03	1.618915e+05
3.927000e-01	1.762124e+05	-2.670956e-02	9.982119e-02	0.000000e+00	-1.473550e+03	1.776859e+05
3.938900e-01	1.700015e+05	-2.682849e-02	1.000664e-01	0.000000e+00	-2.131440e+03	1.721329e+05
3.950800e-01	1.644877e+05	-2.694771e-02	1.003032e-01	0.000000e+00	-3.355428e+03	1.678431e+05
3.962700e-01	1.694237e+05	-2.706721e-02	1.005397e-01	0.000000e+00	-3.625695e+03	1.730494e+05
3.974600e-01	1.660880e+05	-2.718700e-02	1.007773e-01	0.000000e+00	-2.162222e+03	1.682502e+05
3.986500e-01	1.640656e+05	-2.730706e-02	1.010111e-01	0.000000e+00	-2.693548e+03	1.667591e+05
3.998400e-01	1.638924e+05	-2.742741e-02	1.012433e-01	0.000000e+00	-3.612118e+03	1.675045e+05
4.010300e-01	1.742288e+05	-2.754802e-02	1.014828e-01	0.000000e+00	-2.645336e+03	1.768742e+05
4.022200e-01	1.641198e+05	-2.766893e-02	1.017224e-01	0.000000e+00	-5.310846e+03	1.694306e+05
4.034100e-01	1.568003e+05	-2.779012e-02	1.019497e-01	0.000000e+00	-1.829203e+03	1.586295e+05
4.046000e-01	1.649130e+05	-2.791157e-02	1.021775e-01	0.000000e+00	-2.640318e+03	1.675533e+05
4.057900e-01	1.602599e+05	-2.803330e-02	1.024078e-01	0.000000e+00	-3.503829e+03	1.637637e+05
4.069800e-01	1.726509e+05	-2.815531e-02	1.026435e-01	0.000000e+00	-3.347706e+03	1.759986e+05
4.081700e-01	1.702201e+05	-2.827760e-02	1.028863e-01	0.000000e+00	-4.083328e+03	1.743034e+05
4.093600e-01	1.756615e+05	-2.840017e-02	1.031313e-01	0.000000e+00	-2.491759e+03	1.781532e+05
4.105500e-01	1.745342e+05	-2.852305e-02	1.033793e-01	0.000000e+00	-2.135303e+03	1.766695e+05
4.117400e-01	1.765279e+05	-2.864622e-02	1.036279e-01	0.000000e+00	-1.646356e+03	1.781743e+05
4.129300e-01	1.720067e+05	-2.876968e-02	1.038747e-01	0.000000e+00	-3.574750e+03	1.755814e+05
4.141200e-01	1.559253e+05	-2.889344e-02	1.041069e-01	0.000000e+00	-2.311326e+03	1.582367e+05
4.153100e-01	1.634691e+05	-2.901746e-02	1.043331e-01	0.000000e+00	-2.200581e+03	1.656696e+05
4.165000e-01	1.626323e+05	-2.914175e-02	1.045640e-01	0.000000e+00	-2.739272e+03	1.653716e+05
4.176900e-01	1.556816e+05	-2.926632e-02	1.047895e-01	0.000000e+00	-3.847885e+03	1.595295e+05
4.188800e-01	1.581374e+05	-2.939115e-02	1.050117e-01	0.000000e+00	-2.395607e+03	1.605330e+05
4.200700e-01	1.557383e+05	-2.951625e-02	1.052340e-01	0.000000e+00	-2.182612e+03	1.579209e+05
4.212600e-01	1.540002e+05	-2.964161e-02	1.054533e-01	0.000000e+00	-2.009296e+03	1.560095e+05
4.224500e-01	1.546918e+05	-2.976723e-02	1.056719e-01	0.000000e+00	-2.601083e+03	1.572929e+05
4.236400e-01	1.802586e+05	-2.989311e-02	1.059091e-01	0.000000e+00	-3.920191e+03	1.841788e+05
4.248300e-01	1.619789e+05	-3.001929e-02	1.061515e-01	0.000000e+00	-1.739175e+03	1.637181e+05
4.260200e-01	1.775879e+05	-3.014575e-02	1.063920e-01	0.000000e+00	-4.724996e+03	1.823129e+05
4.272100e-01	1.631425e+05	-3.027250e-02	1.066333e-01	0.000000e+00	-3.942116e+03	1.670847e+05
4.284000e-01	1.690439e+05	-3.039953e-02	1.068685e-01	0.000000e+00	-2.398219e+03	1.714421e+05
4.295900e-01	1.685702e+05	-3.052685e-02	1.071076e-01	0.000000e+00	-2.739502e+03	1.713097e+05
4.307800e-01	1.522297e+05	-3.065445e-02	1.073348e-01	0.000000e+00	-1.779734e+03	1.540095e+05
4.319700e-01	1.560268e+05	-3.078231e-02	1.075531e-01	0.000000e+00	-4.374554e+02	1.564642e+05
4.331600e-01	1.834450e+05	-3.091043e-02	1.077935e-01	0.000000e+00	-3.276814e+03	1.867218e+05
4.343500e-01	1.843122e+05	-3.103886e-02	1.080539e-01	0.000000e+00	-3.167444e+03	1.874797e+05
4.355400e-01	1.746761e+05	-3.116760e-02	1.083081e-01	0.000000e+00	-1.547444e+03	1.762235e+05
4.367300e-01	1.642638e+05	-3.129663e-02	1.085481e-01	0.000000e+00	-2.208665e+03	1.664725e+05
4.379200e-01	1.703102e+05	-3.142594e-02	1.087851e-01	0.000000e+00	-2.328658e+03	1.726389e+05
4.391100e-01	1.618489e+05	-3.155554e-02	1.090203e-01	0.000000e+00	-2.780048e+03	1.646290e+05
4.403000e-01	1.663951e+05	-3.168541e-02	1.092527e-01	0.000000e+00	-5.804077e+03	1.721992e+05
4.414900e-01	1.839101e+05	-3.181556e-02	1.095008e-01	0.000000e+00	-5.258843e+03	1.891689e+05
4.426800e-01	2.002454e+05	-3.194602e-02	1.097729e-01	0.000000e+00	-3.231518e+03	2.034769e+05
4.438700e-01	1.974093e+05	-3.207682e-02	1.100545e-01	0.000000e+00	-3.278334e+03	2.006876e+05
4.450600e-01	1.884900e+05	-3.220795e-02	1.103278e-01	0.000000e+00	-4.453335e+03	1.929433e+05
4.462500e-01	1.724113e+05	-3.233940e-02	1.105833e-01	0.000000e+00	-3.769555e+03	1.761808e+05
4.474400e-01	1.607645e+05	-3.247114e-02	1.108193e-01	0.000000e+00	-3.292307e+03	1.640568e+05
4.486300e-01	1.703121e+05	-3.260315e-02	1.110537e-01	0.000000e+00	-2.663436e+03	1.729756e+05
4.498200e-01	1.649805e+05	-3.273545e-02	1.112912e-01	0.000000e+00	-6.106526e+03	1.710871e+05
4.510100e-01	1.664630e+05	-3.286802e-02	1.115259e-01	0.000000e+00	-5.610926e+03	1.720739e+05
4.522000e-01	1.657772e+05	-3.300088e-02	1.117612e-01	0.000000e+00	-4.308454e+03	1.700856e+05
4.533900e-01	1.764467e+05	-3.313401e-02	1.120035e-01	0.000000e+00	-3.394965e+03	1.798417e+05
4.545800e-01	1.837198e+05	-3.326745e-02	1.122586e-01	0.000000e+00	-2.013829e+03	1.857336e+05
4.557700e-01	1.670908e+05	-3.340119e-02	1.125070e-01	0.000000e+00	-2.711856e+03	1.698027e+05
4.569600e-01	1.679984e+05	-3.353521e-02	1.127443e-01	0.000000e+00	-1.918427e+03	1.699168e+05
4.581500e-01	1.773393e+05	-3.366952e-02	1.129889e-01	0.000000e+00	-2.963645e+03	1.803029e+05
4.593400e-01	1.620015e+05	-3.380413e-02	1.132292e-01	0.000000e+00	-2.305278e+03	1.643068e+05
4.605300e-01	1.749539e+05	-3.393901e-02	1.134678e-01	0.000000e+00	-2.100044e+03	1.770540e+05
4.617200e-01	1.848672e+05	-3.407418e-02	1.137226e-01	0.000000e+00	-1.923603e+03	1.867908e+05
4.629100e-01	1.776402e+05	-3.420966e-02	1.139793e-01	0.000000e+00	-1.869748e+03	1.795100e+05
4.641000e-01	1.801197e+05	-3.434545e-02	1.142327e-01	0.000000e+00	-3.043834e+03	1.831635e+05
4.652900e-01	1.769783e+05	-3.448154e-02	1.144856e-01	0.000000e+00	-1.740171e+03	1.787184e+05
4.664800e-01	1.710944e+05	-3.461793e-02	1.147320e-01	0.000000e+00	-3.597702e+03	1.746921e+05
4.676700e-01	1.787648e+05	-3.475460e-02	1.149798e-01	0.000000e+00	-3.420588e+03	1.821854e+05
4.688600e-01	1.773358e+05	-3.489158e-02	1.152320e-01	0.000000e+00	-2.642407e+03	1.799782e+05
4.700500e-01	1.567011e+05	-3.502885e-02	1.154685e-01	0.000000e+00	-1.299116e+03	1.580002e+05
4.712400e-01	1.630046e+05	-3.516639e-02	1.156949e-01	0.000000e+00	-2.895692e+03	1.659003e+05
4.724300e-01	1.891546e+05	-3.530421e-02	1.159443e-01	0.000000e+00	-3.540107e+03	1.926947e+05
4.736200e-01	1.539477e+05	-3.544234e-02	1.161873e-01	0.000000e+00	-1.909669e+03	1.558573e+05
4.748100e-01	1.701568e+05	-3.558073e-02	1.164168e-01	0.000000e+00	-3.559457e+03	1.737163e+05
4.760000e-01	1.647388e+05	-3.571941e-02	1.166540e-01	0.000000e+00	-3.287766e+03	1.680266e+05
4.771900e-01	1.837495e+05	-3.585837e-02	1.169008e-01	0.000000e+00	-1.857829e+03	1.856074e+05
4.783800e-01	1.816699e+05	-3.599764e-02	1.171595e-01	0.000000e+00	-9.485172e+02	1.826184e+05
4.795700e-01	1.820576e+05	-3.613721e-02	1.174171e-01	0.000000e+00	-3.886549e+03	1.859442e+05
4.807600e-01	1.699269e+05	-3.627709e-02	1.176664e-01	0.000000e+00	-2.085785e+03	1.720127e+05
4.819500e-01	1.828031e+05	-3.641726e-02	1.179162e-01	0.000000e+00	-5.361353e+03	1.881644e+05
4.831400e-01	1.814483e+05	-3.655773e-02	1.181741e-01	0.000000e+00	-4.905401e+03	1.863537e+05
4.843300e-01	1.766270e+05	-3.669851e-02	1.184277e-01	0.000000e+00	-4.178489e+03	1.808054e+05
4.855200e-01	1.790288e+05	-3.683959e-02	1.186796e-01	0.000000e+00	-3.204396e+03	1.822332e+05
4.867100e-01	1.698575e+05	-3.698097e-02	1.189266e-01	0.000000e+00	-3.017043e+03	1.728745e+05
4.879000e-01	1.660534e+05	-3.712263e-02	1.191645e-01	0.000000e+00	-9.811792e+02	1.670346e+05
4.890900e-01	1.530266e+05	-3.726458e-02	1.193905e-01	0.000000e+00	-4.309584e+03	1.573362e+05
4.902800e-01	1.689059e+05	-3.740678e-02	1.196185e-01	0.000000e+00	-4.991693e+03	1.738976e+05
4.914700e-01	1.888915e+05	-3.754927e-02	1.198718e-01	0.000000e+00	-1.621051e+03	1.905125e+05
4.926600e-01	1.853156e+05	-3.769208e-02	1.201368e-01	0.000000e+00	-4.993019e+03	1.903086e+05
4.938500e-01	1.873805e+05	-3.783520e-02	1.204008e-01	0.000000e+00	-1.644269e+03	1.890248e+05
4.950400e-01	1.760289e+05	-3.797863e-02	1.206581e-01	0.000000e+00	-3.592478e+03	1.796214e+05
4.962300e-01	1.610472e+05	-3.812236e-02	1.208968e-01	0.000000e+00	-3.870641e+03	1.649178e+05
4.974200e-01	1.700096e+05	-3.826637e-02	1.211313e-01	0.000000e+00	-4.272158e+03	1.742818e+05
4.986100e-01	1.887496e+05	-3.841065e-02	1.213853e-01	0.000000e+00	-2.654240e+03	1.914039e+05
4.998000e-01	1.651705e+05	-3.855526e-02	1.216360e-01	0.000000e+00	-3.175151e+03	1.683456e+05
5.009900e-01	1.860557e+05	-3.870015e-02	1.218847e-01	0.000000e+00	-2.646621e+03	1.887023e+05
5.021800e-01	1.857106e+05	-3.884535e-02	1.221480e-01	0.000000e+00	-1.121745e+03	1.868323e+05
5.033700e-01	1.779966e+05	-3.899086e-02	1.224055e-01	0.000000e+00	-2.163308e+02	1.782129e+05
5.045600e-01	1.861582e+05	-3.913667e-02	1.226634e-01	0.000000e+00	-2.007281e+03	1.881655e+05
5.057500e-01	1.806604e+05	-3.928280e-02	1.229232e-01	0.000000e+00	-2.667553e+03	1.833279e+05
5.069400e-01	1.756047e+05	-3.942923e-02	1.231755e-01	0.000000e+00	-3.194210e+03	1.787989e+05
5.081300e-01	1.817344e+05	-3.957596e-02	1.234285e-01	0.000000e+00	-1.471523e+03	1.832059e+05
5.093200e-01	1.802587e+05	-3.972299e-02	1.236849e-01	0.000000e+00	-1.960303e+03	1.822190e+05
5.105100e-01	1.840093e+05	-3.987033e-02	1.239428e-01	0.000000e+00	-2.628489e+03	1.866378e+05
5.117000e-01	1.922250e+05	-4.001797e-02	1.242093e-01	0.000000e+00	-4.574915e+03	1.967999e+05
5.128900e-01	1.883897e+05	-4.016595e-02	1.244788e-01	0.000000e+00	-3.066220e+03	1.914559e+05
5.140800e-01	1.682275e+05	-4.031423e-02	1.247314e-01	0.000000e+00	-1.645600e+03	1.698731e+05
5.152700e-01	1.904966e+05	-4.046281e-02	1.249854e-01	0.000000e+00	-6.609972e+02	1.911576e+05
5.164600e-01	1.916102e+05	-4.061170e-02	1.252560e-01	0.000000e+00	-4.926572e+02	1.921029e+05
5.176500e-01	1.944866e+05	-4.076092e-02	1.255294e-01	0.000000e+00	-2.977286e+03	1.974639e+05
5.188400e-01	1.855295e+05	-4.091046e-02	1.257985e-01	0.000000e+00	-3.903216e+03	1.894327e+05
5.200300e-01	1.770016e+05	-4.106032e-02	1.260553e-01	0.000000e+00	-2.805234e+03	1.798069e+05
5.212200e-01	1.792311e+05	-4.121047e-02	1.263075e-01	0.000000e+00	-2.658803e+03	1.818899e+05
5.224100e-01	1.798925e+05	-4.136093e-02	1.265618e-01	0.000000e+00	-2.231500e+03	1.821240e+05
5.236000e-01	1.926157e+05	-4.151169e-02	1.268256e-01	0.000000e+00	-5.485670e+03	1.981013e+05
5.247900e-01	1.921018e+05	-4.166277e-02	1.270981e-01	0.000000e+00	-2.677772e+03	1.947796e+05
5.259800e-01	1.678110e+05	-4.181418e-02	1.273530e-01	0.000000e+00	-3.772254e+03	1.715833e+05
5.271700e-01	1.895812e+05	-4.196587e-02	1.276061e-01	0.000000e+00	-3.790215e+02	1.899603e+05
5.283600e-01	1.792662e+05	-4.211788e-02	1.278673e-01	0.000000e+00	-1.632399e+03	1.808986e+05
5.295500e-01	1.855290e+05	-4.227020e-02	1.281256e-01	0.000000e+00	-3.007909e+03	1.885369e+05
5.307400e-01	1.806458e+05	-4.242282e-02	1.283849e-01	0.000000e+00	-3.865806e+03	1.845116e+05
5.319300e-01	1.785918e+05	-4.257575e-02	1.286393e-01	0.000000e+00	-1.685759e+03	1.802776e+05
5.331200e-01	1.850252e+05	-4.272898e-02	1.288968e-01	0.000000e+00	-2.390426e+03	1.874156e+05
5.343100e-01	1.891285e+05	-4.288253e-02	1.291618e-01	0.000000e+00	-1.491607e+03	1.906201e+05
5.355000e-01	1.601793e+05	-4.303639e-02	1.294091e-01	0.000000e+00	-3.761009e+03	1.639403e+05
5.366900e-01	1.718259e+05	-4.319052e-02	1.296443e-01	0.000000e+00	-3.302640e+03	1.751286e+05
5.378800e-01	1.847816e+05	-4.334494e-02	1.298968e-01	0.000000e+00	-4.682795e+03	1.894644e+05
5.390700e-01	1.793718e+05	-4.349968e-02	1.301547e-01	0.000000e+00	-3.597127e+03	1.829689e+05
5.402600e-01	1.783173e+05	-4.365471e-02	1.304080e-01	0.000000e+00	-3.659841e+03	1.819772e+05
5.414500e-01	1.808520e+05	-4.381005e-02	1.306623e-01	0.000000e+00	-2.333771e+03	1.831858e+05
5.426400e-01	1.866906e+05	-4.396569e-02	1.309226e-01	0.000000e+00	-3.082973e+03	1.897736e+05
5.438300e-01	1.695098e+05	-4.412164e-02	1.311749e-01	0.000000e+00	-4.674410e+03	1.741842e+05
5.450200e-01	1.762908e+05	-4.427788e-02	1.314197e-01	0.000000e+00	-3.156478e+03	1.794472e+05
5.462100e-01	1.857120e+05	-4.443442e-02	1.316761e-01	0.000000e+00	-3.552461e+03	1.892644e+05
5.474000e-01	1.671951e+05	-4.459127e-02	1.319260e-01	0.000000e+00	-1.934629e+03	1.691297e+05
5.485900e-01	1.851096e+05	-4.474840e-02	1.321755e-01	0.000000e+00	-4.093272e+03	1.892029e+05
5.497800e-01	1.707684e+05	-4.490585e-02	1.324275e-01	0.000000e+00	-3.280253e+03	1.740486e+05
5.509700e-01	1.914018e+05	-4.506358e-02	1.326840e-01	0.000000e+00	-2.591687e+03	1.939934e+05
5.521600e-01	1.901010e+05	-4.522164e-02	1.329542e-01	0.000000e+00	-9.914484e+02	1.910925e+05
5.533500e-01	1.873724e+05	-4.538001e-02	1.332215e-01	0.000000e+00	-1.307600e+03	1.886800e+05
5.545400e-01	2.021410e+05	-4.553870e-02	1.334973e-01	0.000000e+00	-2.058734e+03	2.041998e+05
5.557300e-01	1.813039e+05	-4.569774e-02	1.337689e-01	0.000000e+00	-2.019504e+03	1.833234e+05
5.569200e-01	1.756491e+05	-4.585707e-02	1.340216e-01	0.000000e+00	-2.765274e+03	1.784144e+05
5.581100e-01	1.701884e+05	-4.601671e-02	1.342665e-01	0.000000e+00	-2.562160e+03	1.727505e+05
5.593000e-01	1.699519e+05	-4.617663e-02	1.345074e-01	0.000000e+00	-2.142696e+03	1.720946e+05
5.604900e-01	1.855148e+05	-4.633684e-02	1.347592e-01	0.000000e+00	-1.659888e+03	1.871747e+05
5.616800e-01	1.990450e+05	-4.649736e-02	1.350315e-01	0.000000e+00	-2.735167e+03	2.017802e+05
5.628700e-01	1.821588e+05	-4.665821e-02	1.353014e-01	0.000000e+00	-1.804408e+03	1.839632e+05
5.640600e-01	1.865414e+05	-4.681937e-02	1.355625e-01	0.000000e+00	-1.757080e+03	1.882985e+05
5.652500e-01	1.818940e+05	-4.698085e-02	1.358235e-01	0.000000e+00	-1.585883e+03	1.834799e+05
5.664400e-01	1.791407e+05	-4.714263e-02	1.360791e-01	0.000000e+00	-4.879552e+03	1.840202e+05
5.676300e-01	1.887210e+05	-4.730472e-02	1.363396e-01	0.000000e+00	-2.864070e+03	1.915851e+05
5.688200e-01	1.838380e+05	-4.746712e-02	1.366035e-01	0.000000e+00	-3.288672e+03	1.871267e+05
5.700100e-01	1.920676e+05	-4.762983e-02	1.368697e-01	0.000000e+00	-2.976704e+03	1.950443e+05
5.712000e-01	1.667405e+05	-4.779287e-02	1.371238e-01	0.000000e+00	-3.596295e+03	1.703368e+05
5.723900e-01	1.699048e+05	-4.795619e-02	1.373622e-01	0.000000e+00	-1.662025e+03	1.715668e+05
5.735800e-01	1.890294e+05	-4.811979e-02	1.376163e-01	0.000000e+00	-3.425474e+03	1.924549e+05
5.747700e-01	2.010734e+05	-4.828372e-02	1.378926e-01	0.000000e+00	-2.598212e+03	2.036716e+05
5.759600e-01	1.804379e+05	-4.844798e-02	1.381628e-01	0.000000e+00	-4.741240e+03	1.851791e+05
5.771500e-01	1.869004e+05	-4.861254e-02	1.384229e-01	0.000000e+00	-3.332483e+03	1.902329e+05
5.783400e-01	1.907362e+05	-4.877742e-02	1.386903e-01	0.000000e+00	-1.856208e+03	1.925924e+05
5.795300e-01	1.689599e+05	-4.894263e-02	1.389451e-01	0.000000e+00	-2.631830e+03	1.715917e+05
5.807200e-01	1.934561e+05	-4.910811e-02	1.392017e-01	0.000000e+00	-1.779056e+03	1.952352e+05
5.819100e-01	1.874545e+05	-4.927393e-02	1.394715e-01	0.000000e+00	-3.108430e+03	1.905629e+05
5.831000e-01	1.766130e+05	-4.944006e-02	1.397293e-01	0.000000e+00	-3.604103e+03	1.802171e+05
5.842900e-01	1.794080e+05	-4.960648e-02	1.399814e-01	0.000000e+00	-1.917014e+03	1.813250e+05
5.854800e-01	2.038001e+05	-4.977321e-02	1.402528e-01	0.000000e+00	-1.849817e+02	2.039851e+05
5.866700e-01	1.792260e+05	-4.994028e-02	1.405240e-01	0.000000e+00	-1.600964e+03	1.808270e+05
5.878600e-01	1.728016e+05	-5.010766e-02	1.407733e-01	0.000000e+00	-3.203671e+03	1.760052e+05
5.890500e-01	1.875532e+05	-5.027532e-02	1.410285e-01	0.000000e+00	-3.519029e+03	1.910722e+05
5.902400e-01	1.783390e+05	-5.044331e-02	1.412876e-01	0.000000e+00	-1.761481e+03	1.801005e+05
5.914300e-01	1.763078e+05	-5.061159e-02	1.415388e-01	0.000000e+00	-1.453963e+03	1.777617e+05
5.926200e-01	1.855485e+05	-5.078017e-02	1.417950e-01	0.000000e+00	-1.065934e+03	1.866145e+05
5.938100e-01	1.760338e+05	-5.094906e-02	1.420511e-01	0.000000e+00	-4.400889e+02	1.764739e+05
5.950000e-01	1.699144e+05	-5.111825e-02	1.422961e-01	0.000000e+00	-3.459063e+03	1.733735e+05
5.961900e-01	1.899168e+05	-5.128773e-02	1.425509e-01	0.000000e+00	-4.136295e+03	1.940531e+05
5.973800e-01	1.923196e+05	-5.145752e-02	1.428216e-01	0.000000e+00	-3.366513e+03	1.956861e+05
5.985700e-01	2.114986e+05	-5.162764e-02	1.431075e-01	0.000000e+00	-1.469085e+03	2.129676e+05
5.997600e-01	2.017092e+05	-5.179812e-02	1.434002e-01	0.000000e+00	-3.196561e+03	2.049057e+05
6.009500e-01	1.673819e+05	-5.196893e-02	1.436615e-01	0.000000e+00	-5.424829e+03	1.728067e+05
6.021400e-01	1.715307e+05	-5.214003e-02	1.439016e-01	0.000000e+00	-2.637672e+03	1.741684e+05
6.033300e-01	1.850156e+05	-5.231142e-02	1.441540e-01	0.000000e+00	-3.136618e+03	1.881522e+05
6.045200e-01	1.942816e+05	-5.248312e-02	1.444226e-01	0.000000e+00	-9.041598e+02	1.951857e+05
6.057100e-01	1.963787e+05	-5.265514e-02	1.446993e-01	0.000000e+00	-1.862647e+03	1.982414e+05
6.069000e-01	1.831395e+05	-5.282750e-02	1.449681e-01	0.000000e+00	-1.301711e+03	1.844412e+05
6.080900e-01	1.866494e+05	-5.300017e-02	1.452299e-01	0.000000e+00	-2.700141e+03	1.893496e+05
6.092800e-01	1.798064e+05	-5.317315e-02	1.454894e-01	0.000000e+00	-2.634012e+03	1.824405e+05
6.104700e-01	1.954854e+05	-5.334643e-02	1.457552e-01	0.000000e+00	-2.174102e+03	1.976595e+05
6.116600e-01	1.963824e+05	-5.352005e-02	1.460327e-01	0.000000e+00	-3.527371e+03	1.999098e+05
6.128500e-01	1.821852e+05	-5.369399e-02	1.463008e-01	0.000000e+00	-2.251559e+03	1.844368e+05
6.140400e-01	1.836321e+05	-5.386824e-02	1.465599e-01	0.000000e+00	-1.819522e+03	1.854517e+05
6.152300e-01	1.917386e+05	-5.404280e-02	1.468257e-01	0.000000e+00	-1.997394e+03	1.937360e+05
6.164200e-01	1.920064e+05	-5.421769e-02	1.470974e-01	0.000000e+00	-2.773441e+03	1.947798e+05
6.176100e-01	1.956272e+05	-5.439290e-02	1.473720e-01	0.000000e+00	-1.248614e+03	1.968758e+05
6.188000e-01	1.917379e+05	-5.456843e-02	1.476463e-01	0.000000e+00	-2.983968e+03	1.947219e+05
6.199900e-01	1.833561e+05	-5.474429e-02	1.479119e-01	0.000000e+00	-1.781421e+03	1.851375e+05
6.211800e-01	1.905664e+05	-5.492046e-02	1.481767e-01	0.000000e+00	-2.355889e+03	1.929223e+05
6.223700e-01	1.841467e+05	-5.509695e-02	1.484421e-01	0.000000e+00	-1.632080e+03	1.857788e+05
6.235600e-01	1.791086e+05	-5.527376e-02	1.486993e-01	0.000000e+00	-1.810456e+03	1.809191e+05
6.247500e-01	2.202308e+05	-5.545086e-02	1.489821e-01	0.000000e+00	-5.425174e+02	2.207733e+05
6.259400e-01	2.024266e+05	-5.562833e-02	1.492814e-01	0.000000e+00	-2.978187e+02	2.027245e+05
6.271300e-01	1.721950e+05	-5.580615e-02	1.495467e-01	0.000000e+00	-1.578617e+03	1.737736e+05
6.283200e-01	1.725659e+05	-5.598425e-02	1.497909e-01	0.000000e+00	-2.602232e+03	1.751681e+05
6.295100e-01	1.912302e+05	-5.616265e-02	1.500485e-01	0.000000e+00	-4.245319e+02	1.916548e+05
6.307000e-01	1.783956e+05	-5.634137e-02	1.503102e-01	0.000000e+00	-4.943830e+03	1.833394e+05
6.318900e-01	1.788921e+05	-5.652039e-02	1.505633e-01	0.000000e+00	-6.874081e+03	1.857662e+05
6.330800e-01	1.731912e+05	-5.669971e-02	1.508126e-01	0.000000e+00	-1.696121e+03	1.748873e+05
6.342700e-01	1.858791e+05	-5.687932e-02	1.510669e-01	0.000000e+00	-1.462217e+03	1.873413e+05
6.354600e-01	1.937456e+05	-5.705925e-02	1.513357e-01	0.000000e+00	-1.057143e+03	1.948028e+05
6.366500e-01	1.968187e+05	-5.723950e-02	1.516123e-01	0.000000e+00	-9.996727e+02	1.978183e+05
6.378400e-01	1.798043e+05	-5.742009e-02	1.518790e-01	0.000000e+00	-1.413583e+03	1.812179e+05
6.390300e-01	1.872037e+05	-5.760097e-02	1.521389e-01	0.000000e+00	-2.096954e+03	1.893007e+05
6.402200e-01	1.803452e+05	-5.778218e-02	1.523992e-01	0.000000e+00	-2.309953e+03	1.826552e+05
6.414100e-01	1.727499e+05	-5.796368e-02	1.526492e-01	0.000000e+00	-1.025917e+03	1.737758e+05
6.426000e-01	1.798841e+05	-5.814548e-02	1.528990e-01	0.000000e+00	-3.480870e+03	1.833650e+05
6.437900e-01	1.939484e+05	-5.832758e-02	1.531637e-01	0.000000e+00	-2.739255e+03	1.966876e+05
6.449800e-01	2.131279e+05	-5.851001e-02	1.534520e-01	0.000000e+00	-4.156203e+03	2.172841e+05
6.461700e-01	1.899978e+05	-5.869280e-02	1.537375e-01	0.000000e+00	-9.951545e+02	1.909930e+05
6.473600e-01	1.793004e+05	-5.887591e-02	1.539990e-01	0.000000e+00	-4.797977e+02	1.797802e+05
6.485500e-01	1.822376e+05	-5.905932e-02	1.542550e-01	0.000000e+00	-9.396431e+02	1.831773e+05
6.497400e-01	1.885868e+05	-5.924303e-02	1.545176e-01	0.000000e+00	-3.530907e+03	1.921177e+05
6.509300e-01	1.897931e+05	-5.942707e-02	1.547856e-01	0.000000e+00	-5.632144e+03	1.954252e+05
6.521200e-01	1.621222e+05	-5.961142e-02	1.550348e-01	0.000000e+00	-1.769989e+03	1.638922e+05
6.533100e-01	1.771392e+05	-5.979605e-02	1.552750e-01	0.000000e+00	-2.601206e+03	1.797404e+05
6.545000e-01	1.879463e+05	-5.998098e-02	1.555336e-01	0.000000e+00	-3.957727e+03	1.919041e+05
6.556900e-01	1.913597e+05	-6.016622e-02	1.558022e-01	0.000000e+00	-1.882836e+03	1.932426e+05
6.568800e-01	2.041568e+05	-6.035179e-02	1.560823e-01	0.000000e+00	-3.620672e+03	2.077775e+05
6.580700e-01	1.905940e+05	-6.053770e-02	1.563618e-01	0.000000e+00	-3.836229e+03	1.944302e+05
6.592600e-01	1.925045e+05	-6.072393e-02	1.566331e-01	0.000000e+00	-1.202496e+03	1.937070e+05
6.604500e-01	1.791776e+05	-6.091048e-02	1.568963e-01	0.000000e+00	-1.807850e+03	1.809855e+05
6.616400e-01	1.838080e+05	-6.109734e-02	1.571534e-01	0.000000e+00	-9.921450e+02	1.848002e+05
6.628300e-01	1.902239e+05	-6.128451e-02	1.574183e-01	0.000000e+00	-2.053600e+03	1.922775e+05
6.640200e-01	1.941336e+05	-6.147200e-02	1.576905e-01	0.000000e+00	-3.363552e+03	1.974972e+05
6.652100e-01	1.839807e+05	-6.165981e-02	1.579582e-01	0.000000e+00	-2.394535e+03	1.863752e+05
6.664000e-01	1.839437e+05	-6.184794e-02	1.582188e-01	0.000000e+00	-2.327510e+03	1.862712e+05
6.675900e-01	1.927267e+05	-6.203637e-02	1.584855e-01	0.000000e+00	-2.429967e+03	1.951567e+05
6.687800e-01	1.937905e+05	-6.222513e-02	1.587592e-01	0.000000e+00	-2.071709e+03	1.958622e+05
6.699700e-01	1.993682e+05	-6.241422e-02	1.590377e-01	0.000000e+00	-9.762555e+02	2.003444e+05
6.711600e-01	1.812643e+05	-6.260364e-02	1.593072e-01	0.000000e+00	-2.087615e+03	1.833519e+05
6.723500e-01	1.695149e+05	-6.279337e-02	1.595556e-01	0.000000e+00	-3.341591e+03	1.728565e+05
6.735400e-01	1.833518e+05	-6.298339e-02	1.598055e-01	0.000000e+00	-2.369635e+03	1.857214e+05
6.747300e-01	1.931236e+05	-6.317371e-02	1.600721e-01	0.000000e+00	-1.765647e+03	1.948893e+05
6.759200e-01	1.694367e+05	-6.336436e-02	1.603289e-01	0.000000e+00	-3.265890e+03	1.727025e+05
6.771100e-01	1.856353e+05	-6.355529e-02	1.605803e-01	0.000000e+00	-3.395436e+03	1.890308e+05
6.783000e-01	1.878754e+05	-6.374654e-02	1.608448e-01	0.000000e+00	-3.655408e+03	1.915309e+05
6.794900e-01	2.022629e+05	-6.393810e-02	1.611211e-01	0.000000e+00	-5.436351e+03	2.076993e+05
6.806800e-01	1.944835e+05	-6.413001e-02	1.614021e-01	0.000000e+00	-1.312088e+03	1.957955e+05
6.818700e-01	1.859481e+05	-6.432224e-02	1.616715e-01	0.000000e+00	-1.701662e+03	1.876497e+05
6.830600e-01	1.813564e+05	-6.451478e-02	1.619316e-01	0.000000e+00	-3.258491e+03	1.846149e+05
6.842500e-01	1.899085e+05	-6.470764e-02	1.621945e-01	0.000000e+00	-3.564801e+03	1.934733e+05
6.854400e-01	1.984472e+05	-6.490081e-02	1.624695e-01	0.000000e+00	-3.068160e+03	2.015154e+05
6.866300e-01	1.707986e+05	-6.509431e-02	1.627310e-01	0.000000e+00	-2.481167e+03	1.732798e+05
6.878200e-01	1.797750e+05	-6.528811e-02	1.629793e-01	0.000000e+00	-1.960969e+03	1.817360e+05
6.890100e-01	1.774981e+05	-6.548220e-02	1.632323e-01	0.000000e+00	-1.712046e+03	1.792102e+05
6.902000e-01	2.020403e+05	-6.567660e-02	1.635011e-01	0.000000e+00	-1.964434e+03	2.040047e+05
6.913900e-01	1.860322e+05	-6.587134e-02	1.637759e-01	0.000000e+00	-2.021115e+03	1.880534e+05
6.925800e-01	1.826495e+05	-6.606639e-02	1.640370e-01	0.000000e+00	-3.548147e+03	1.861976e+05
6.937700e-01	2.064169e+05	-6.626174e-02	1.643125e-01	0.000000e+00	-6.983758e+02	2.071152e+05
6.949600e-01	2.109207e+05	-6.645745e-02	1.646080e-01	0.000000e+00	-9.564190e+01	2.110163e+05
6.961500e-01	1.966072e+05	-6.665351e-02	1.648966e-01	0.000000e+00	-2.418861e+03	1.990260e+05
6.973400e-01	1.641298e+05	-6.684990e-02	1.651521e-01	0.000000e+00	-1.404382e+03	1.655342e+05
6.985300e-01	1.813275e+05	-6.704657e-02	1.653967e-01	0.000000e+00	-3.240906e+02	1.816516e+05
6.997200e-01	1.901263e+05	-6.724355e-02	1.656598e-01	0.000000e+00	-2.837160e+03	1.929634e+05
7.009100e-01	1.934156e+05	-6.744084e-02	1.659314e-01	0.000000e+00	-2.835211e+03	1.962508e+05
7.021000e-01	2.030741e+05	-6.763847e-02	1.662122e-01	0.000000e+00	-7.523036e+02	2.038264e+05
7.032900e-01	1.970365e+05	-6.783643e-02	1.664955e-01	0.000000e+00	-3.358255e+03	2.003948e+05
7.044800e-01	1.911056e+05	-6.803472e-02	1.667704e-01	0.000000e+00	-2.481942e+03	1.935875e+05
7.056700e-01	1.772138e+05	-6.823334e-02	1.670312e-01	0.000000e+00	-3.687337e+02	1.775825e+05
7.068600e-01	1.846061e+05	-6.843226e-02	1.672874e-01	0.000000e+00	-1.536756e+03	1.861428e+05
7.080500e-01	1.903660e+05	-6.863149e-02	1.675530e-01	0.000000e+00	-1.754730e+03	1.921207e+05
7.092400e-01	1.966420e+05	-6.883103e-02	1.678270e-01	0.000000e+00	-1.117516e+03	1.977596e+05
7.104300e-01	1.864758e+05	-6.903091e-02	1.680984e-01	0.000000e+00	-4.517520e+03	1.909933e+05
7.116200e-01	1.895321e+05	-6.923111e-02	1.683646e-01	0.000000e+00	-3.951671e+03	1.934838e+05
7.128100e-01	2.163856e+05	-6.943162e-02	1.686521e-01	0.000000e+00	-1.479427e+03	2.178651e+05
7.140000e-01	1.943694e+05	-6.963250e-02	1.689430e-01	0.000000e+00	-2.586505e+03	1.969559e+05
7.151900e-01	1.956179e+05	-6.983371e-02	1.692191e-01	0.000000e+00	-1.473411e+03	1.970913e+05
7.163800e-01	1.962877e+05	-7.003524e-02	1.694967e-01	0.000000e+00	-8.531712e+02	1.971408e+05
7.175700e-01	1.874352e+05	-7.023711e-02	1.697684e-01	0.000000e+00	-8.275011e+02	1.882627e+05
7.187600e-01	1.872127e+05	-7.043929e-02	1.700337e-01	0.000000e+00	-1.345611e+03	1.885583e+05
7.199500e-01	1.790705e+05	-7.064179e-02	1.702931e-01	0.000000e+00	-3.390318e+03	1.824608e+05
7.211400e-01	2.090963e+05	-7.084459e-02	1.705680e-01	0.000000e+00	-2.389108e+03	2.114854e+05
7.223300e-01	1.904296e+05	-7.104774e-02	1.708509e-01	0.000000e+00	-2.073327e+03	1.925029e+05
7.235200e-01	1.830874e+05	-7.125121e-02	1.711154e-01	0.000000e+00	-4.533359e+01	1.831328e+05
7.247100e-01	1.741311e+05	-7.145500e-02	1.713684e-01	0.000000e+00	-4.822316e+02	1.746133e+05
7.259000e-01	1.942890e+05	-7.165907e-02	1.716293e-01	0.000000e+00	-1.491392e+03	1.957804e+05
7.270900e-01	1.897224e+05	-7.186347e-02	1.719013e-01	0.000000e+00	-1.387721e+03	1.911101e+05
7.282800e-01	1.909255e+05	-7.206820e-02	1.721708e-01	0.000000e+00	-1.908445e+03	1.928339e+05
7.294700e-01	2.061004e+05	-7.227324e-02	1.724520e-01	0.000000e+00	-3.876078e+03	2.099764e+05
7.306600e-01	1.981456e+05	-7.247863e-02	1.727383e-01	0.000000e+00	-2.373095e+03	2.005187e+05
7.318500e-01	1.816224e+05	-7.268436e-02	1.730072e-01	0.000000e+00	-1.417848e+03	1.830403e+05
7.330400e-01	1.961063e+05	-7.289039e-02	1.732747e-01	0.000000e+00	-3.003291e+03	1.991096e+05
7.342300e-01	1.857072e+05	-7.309675e-02	1.735451e-01	0.000000e+00	-2.432196e+03	1.881394e+05
7.354200e-01	1.693722e+05	-7.330343e-02	1.737965e-01	0.000000e+00	-2.339741e+03	1.717119e+05
7.366100e-01	1.978736e+05	-7.351039e-02	1.740566e-01	0.000000e+00	-1.136702e+03	1.990103e+05
7.378000e-01	1.953857e+05	-7.371768e-02	1.743351e-01	0.000000e+00	-6.417263e+02	1.960274e+05
7.389900e-01	1.971986e+05	-7.392530e-02	1.746131e-01	0.000000e+00	-2.865338e+03	2.000640e+05
7.401800e-01	1.937004e+05	-7.413326e-02	1.748899e-01	0.000000e+00	-1.960612e+03	1.956611e+05
7.413700e-01	1.717142e+05	-7.434154e-02	1.751487e-01	0.000000e+00	-5.607152e+03	1.773214e+05
7.425600e-01	1.691825e+05	-7.455011e-02	1.753901e-01	0.000000e+00	-5.795562e+03	1.749781e+05
7.437500e-01	1.883550e+05	-7.475897e-02	1.756433e-01	0.000000e+00	-2.195349e+03	1.905504e+05
7.449400e-01	1.822283e+05	-7.496815e-02	1.759057e-01	0.000000e+00	-1.073829e+03	1.833021e+05
7.461300e-01	1.751717e+05	-7.517763e-02	1.761588e-01	0.000000e+00	-8.688350e+02	1.760406e+05
7.473200e-01	1.803869e+05	-7.538740e-02	1.764106e-01	0.000000e+00	-6.991251e+02	1.810860e+05
7.485100e-01	1.892808e+05	-7.559748e-02	1.766724e-01	0.000000e+00	-3.670877e+03	1.929517e+05
7.497000e-01	1.892145e+05	-7.580788e-02	1.769405e-01	0.000000e+00	-2.570780e+03	1.917853e+05
7.508900e-01	1.831852e+05	-7.601860e-02	1.772042e-01	0.000000e+00	-2.640142e+03	1.858253e+05
7.520800e-01	1.860623e+05	-7.622963e-02	1.774657e-01	0.000000e+00	-1.985789e+03	1.880481e+05
7.532700e-01	2.010553e+05	-7.644097e-02	1.777398e-01	0.000000e+00	-2.444194e+03	2.034995e+05
7.544600e-01	2.036336e+05	-7.665265e-02	1.780264e-01	0.000000e+00	-2.745161e+03	2.063787e+05
7.556500e-01	1.829174e+05	-7.686467e-02	1.783001e-01	0.000000e+00	-3.283240e+03	1.862006e+05
7.568400e-01	1.771239e+05	-7.707700e-02	1.785551e-01	0.000000e+00	-1.327451e+03	1.784513e+05
7.580300e-01	1.917140e+05	-7.728963e-02	1.788163e-01	0.000000e+00	-6.098497e+02	1.923239e+05
7.592200e-01	1.991783e+05	-7.750259e-02	1.790931e-01	0.000000e+00	-1.612989e+03	2.007913e+05
7.604100e-01	1.851818e+05	-7.771588e-02	1.793653e-01	0.000000e+00	-1.670255e+03	1.868521e+05
7.616000e-01	1.659780e+05	-7.792948e-02	1.796140e-01	0.000000e+00	-3.253562e+03	1.692316e+05
7.627900e-01	1.766488e+05	-7.814336e-02	1.798566e-01	0.000000e+00	-2.527562e+03	1.791763e+05
7.639800e-01	1.903246e+05	-7.835754e-02	1.801165e-01	0.000000e+00	-4.149958e+03	1.944745e+05
7.651700e-01	2.012651e+05	-7.857203e-02	1.803938e-01	0.000000e+00	-1.654334e+03	2.029194e+05
7.663600e-01	1.805430e+05	-7.878687e-02	1.806642e-01	0.000000e+00	-2.642353e+03	1.831853e+05
7.675500e-01	1.972018e+05	-7.900202e-02	1.809317e-01	0.000000e+00	-7.646893e+02	1.979665e+05
7.687400e-01	2.100042e+05	-7.921749e-02	1.812201e-01	0.000000e+00	-1.661590e+03	2.116657e+05
7.699300e-01	2.056210e+05	-7.943332e-02	1.815144e-01	0.000000e+00	-2.918416e+03	2.085395e+05
7.711200e-01	2.118677e+05	-7.964949e-02	1.818101e-01	0.000000e+00	-2.420244e+03	2.142880e+05
7.723100e-01	1.753757e+05	-7.986603e-02	1.820843e-01	0.000000e+00	-1.599272e+03	1.769750e+05
7.735000e-01	1.804296e+05	-8.008285e-02	1.823363e-01	0.000000e+00	-1.702067e+03	1.821317e+05
7.746900e-01	2.077424e+05	-8.029999e-02	1.826111e-01	0.000000e+00	-1.993606e+03	2.097360e+05
7.758800e-01	1.936843e+05	-8.051747e-02	1.828954e-01	0.000000e+00	-1.438855e+03	1.951231e+05
7.770700e-01	1.953939e+05	-8.073528e-02	1.831709e-01	0.000000e+00	-3.341514e+03	1.987354e+05
7.782600e-01	1.983477e+05	-8.095342e-02	1.834498e-01	0.000000e+00	-1.579815e+03	1.999275e+05
7.794500e-01	2.037603e+05	-8.117189e-02	1.837345e-01	0.000000e+00	-1.767871e+03	2.055282e+05
7.806400e-01	1.933389e+05	-8.139070e-02	1.840158e-01	0.000000e+00	-1.869115e+03	1.952080e+05
7.818300e-01	2.001826e+05	-8.160985e-02	1.842944e-01	0.000000e+00	-2.058583e+03	2.022412e+05
7.830200e-01	1.996156e+05	-8.182933e-02	1.845776e-01	0.000000e+00	-3.706999e+03	2.033226e+05
7.842100e-01	1.970797e+05	-8.204914e-02	1.848585e-01	0.000000e+00	-3.782923e+03	2.008626e+05
7.854000e-01	1.904208e+05	-8.226929e-02	1.851329e-01	0.000000e+00	-3.314126e+03	1.937349e+05
7.865900e-01	1.934835e+05	-8.248976e-02	1.854048e-01	0.000000e+00	-8.668479e+02	1.943503e+05
7.877800e-01	1.984518e+05	-8.271055e-02	1.856823e-01	0.000000e+00	-5.766376e+02	1.990284e+05
7.889700e-01	1.726258e+05	-8.293168e-02	1.859451e-01	0.000000e+00	-2.864886e+03	1.754907e+05
7.901600e-01	1.951203e+05	-8.315310e-02	1.862055e-01	0.000000e+00	-1.796924e+03	1.969172e+05
7.913500e-01	2.023778e+05	-8.337485e-02	1.864870e-01	0.000000e+00	-1.039284e+03	2.034171e+05
7.925400e-01	1.994069e+05	-8.359694e-02	1.867715e-01	0.000000e+00	-8.426049e+02	2.002495e+05
7.937300e-01	1.926423e+05	-8.381937e-02	1.870492e-01	0.000000e+00	-3.571851e+03	1.962141e+05
7.949200e-01	1.790566e+05	-8.404212e-02	1.873124e-01	0.000000e+00	-3.320392e+03	1.823770e+05
7.961100e-01	1.858339e+05	-8.426517e-02	1.875708e-01	0.000000e+00	-2.563580e+03	1.883974e+05
7.973000e-01	1.876056e+05	-8.448854e-02	1.878353e-01	0.000000e+00	-1.771277e+03	1.893769e+05
7.984900e-01	1.912635e+05	-8.471222e-02	1.881036e-01	0.000000e+00	-2.804281e+03	1.940678e+05
7.996800e-01	1.818856e+05	-8.493622e-02	1.883678e-01	0.000000e+00	-2.890373e+03	1.847759e+05
8.008700e-01	1.917167e+05	-8.516053e-02	1.886324e-01	0.000000e+00	-1.825355e+03	1.935420e+05
8.020600e-01	1.850401e+05	-8.538517e-02	1.888992e-01	0.000000e+00	-1.098435e+03	1.861385e+05
8.032500e-01	1.755825e+05	-8.561011e-02	1.891546e-01	0.000000e+00	-1.213051e+02	1.757039e+05
8.044400e-01	1.709832e+05	-8.583536e-02	1.894000e-01	0.000000e+00	-1.544858e+03	1.725280e+05
8.056300e-01	1.928194e+05	-8.606089e-02	1.896576e-01	0.000000e+00	-2.140882e+03	1.949603e+05
8.068200e-01	1.898122e+05	-8.628674e-02	1.899286e-01	0.000000e+00	-2.729420e+03	1.925417e+05
8.080100e-01	1.883766e+05	-8.651292e-02	1.901964e-01	0.000000e+00	-1.988201e+03	1.903648e+05
8.092000e-01	1.972608e+05	-8.673941e-02	1.904695e-01	0.000000e+00	-1.282837e+03	1.985436e+05
8.103900e-01	1.958066e+05	-8.696623e-02	1.907479e-01	0.000000e+00	-1.643971e+03	1.974506e+05
8.115800e-01	1.852637e+05	-8.719339e-02	1.910177e-01	0.000000e+00	-2.986625e+03	1.882503e+05
8.127700e-01	1.937959e+05	-8.742086e-02	1.912862e-01	0.000000e+00	-2.489929e+03	1.962859e+05
8.139600e-01	1.927126e+05	-8.764865e-02	1.915599e-01	0.000000e+00	-7.468884e+02	1.934595e+05
8.151500e-01	1.840566e+05	-8.787677e-02	1.918267e-01	0.000000e+00	-3.236101e+03	1.872927e+05
8.163400e-01	1.903558e+05	-8.810520e-02	1.920918e-01	0.000000e+00	-2.454613e+03	1.928104e+05
8.175300e-01	1.883026e+05	-8.833395e-02	1.923600e-01	0.000000e+00	-6.337536e+02	1.889364e+05
8.187200e-01	1.954947e+05	-8.856301e-02	1.926318e-01	0.000000e+00	-3.189810e+03	1.986846e+05
8.199100e-01	1.952944e+05	-8.879241e-02	1.929085e-01	0.000000e+00	-3.253994e+03	1.985484e+05
8.211000e-01	2.045415e+05	-8.902214e-02	1.931917e-01	0.000000e+00	-6.308940e+03	2.108504e+05
8.222900e-01	1.810689e+05	-8.925221e-02	1.934648e-01	0.000000e+00	-2.538459e+03	1.836074e+05
8.234800e-01	1.748023e+05	-8.948258e-02	1.937168e-01	0.000000e+00	-1.177726e+03	1.759800e+05
8.246700e-01	1.876021e+05	-8.971325e-02	1.939734e-01	0.000000e+00	-3.185914e+03	1.907880e+05
8.258600e-01	1.887119e+05	-8.994424e-02	1.942399e-01	0.000000e+00	-1.004893e+03	1.897168e+05
8.270500e-01	2.041427e+05	-9.017554e-02	1.945181e-01	0.000000e+00	-6.325887e+02	2.047753e+05
8.282400e-01	1.949569e+05	-9.040719e-02	1.948007e-01	0.000000e+00	-1.064187e+03	1.960210e+05
8.294300e-01	2.039336e+05	-9.063917e-02	1.950832e-01	0.000000e+00	-1.072130e+03	2.050057e+05
8.306200e-01	1.948184e+05	-9.087149e-02	1.953656e-01	0.000000e+00	-1.299588e+03	1.961179e+05
8.318100e-01	2.092887e+05	-9.110414e-02	1.956518e-01	0.000000e+00	-7.294344e+02	2.100182e+05
8.330000e-01	2.013228e+05	-9.133714e-02	1.959426e-01	0.000000e+00	-2.440881e+02	2.015669e+05
8.341900e-01	1.926658e+05	-9.157048e-02	1.962216e-01	0.000000e+00	0.000000e+00	1.926658e+05
8.353800e-01	1.981035e+05	-9.180415e-02	1.964983e-01	0.000000e+00	-4.560793e+02	1.985596e+05
8.365700e-01	1.921272e+05	-9.203815e-02	1.967746e-01	0.000000e+00	-1.363717e+03	1.934909e+05
8.377600e-01	1.951178e+05	-9.227247e-02	1.970489e-01	0.000000e+00	-1.963448e+03	1.970813e+05
8.389500e-01	1.933730e+05	-9.250712e-02	1.973240e-01	0.000000e+00	-1.528717e+03	1.949017e+05
8.401400e-01	2.131602e+05	-9.274210e-02	1.976119e-01	0.000000e+00	-1.391706e+03	2.145519e+05
8.413300e-01	1.999428e+05	-9.297744e-02	1.979044e-01	0.000000e+00	-3.185382e+03	2.031282e+05
8.425200e-01	1.876721e+05	-9.321312e-02	1.981789e-01	0.000000e+00	-1.875656e+03	1.895477e+05
8.437100e-01	1.894172e+05	-9.344911e-02	1.984460e-01	0.000000e+00	0.000000e+00	1.894172e+05
8.449000e-01	1.997652e+05	-9.368542e-02	1.987216e-01	0.000000e+00	-7.756012e+02	2.005408e+05
8.460900e-01	1.961382e+05	-9.392206e-02	1.990019e-01	0.000000e+00	-9.050710e+02	1.970433e+05
8.472800e-01	1.900529e+05	-9.415904e-02	1.992754e-01	0.000000e+00	-9.188368e+02	1.909717e+05
8.484700e-01	2.199273e+05	-9.439634e-02	1.995658e-01	0.000000e+00	-2.597330e+03	2.225246e+05
8.496600e-01	2.041121e+05	-9.463401e-02	1.998660e-01	0.000000e+00	-3.259616e+03	2.073717e+05
8.508500e-01	1.947153e+05	-9.487202e-02	2.001485e-01	0.000000e+00	-3.168519e+03	1.978838e+05
8.520400e-01	1.987218e+05	-9.511036e-02	2.004271e-01	0.000000e+00	-1.846153e+03	2.005679e+05
8.532300e-01	1.771617e+05	-9.534904e-02	2.006933e-01	0.000000e+00	-2.059610e+03	1.792213e+05
8.544200e-01	1.885840e+05	-9.558801e-02	2.009523e-01	0.000000e+00	-1.227375e+03	1.898114e+05
8.556100e-01	1.938767e+05	-9.582730e-02	2.012231e-01	0.000000e+00	-4.860992e+01	1.939253e+05
8.568000e-01	1.972701e+05	-9.606692e-02	2.015001e-01	0.000000e+00	-2.442969e+03	1.997131e+05
8.579900e-01	1.861958e+05	-9.630687e-02	2.017717e-01	0.000000e+00	-2.091292e+03	1.882871e+05
8.591800e-01	1.999657e+05	-9.654714e-02	2.020452e-01	0.000000e+00	-2.787701e+03	2.027534e+05
8.603700e-01	1.949765e+05	-9.678774e-02	2.023248e-01	0.000000e+00	-2.373638e+03	1.973502e+05
8.615600e-01	2.060408e+05	-9.702867e-02	2.026088e-01	0.000000e+00	-1.212630e+03	2.072535e+05
8.627500e-01	2.071765e+05	-9.726995e-02	2.029015e-01	0.000000e+00	-1.155491e+03	2.083320e+05
8.639400e-01	1.756510e+05	-9.751158e-02	2.031726e-01	0.000000e+00	-2.670859e+03	1.783219e+05
8.651300e-01	1.786987e+05	-9.775350e-02	2.034235e-01	0.000000e+00	-1.207016e+03	1.799058e+05
8.663200e-01	1.986393e+05	-9.799573e-02	2.036907e-01	0.000000e+00	-7.097463e+02	1.993490e+05
8.675100e-01	2.189978e+05	-9.823828e-02	2.039865e-01	0.000000e+00	-2.007498e+03	2.210053e+05
8.687000e-01	2.093024e+05	-9.848121e-02	2.042898e-01	0.000000e+00	-1.959176e+03	2.112616e+05
8.698900e-01	1.994319e+05	-9.872449e-02	2.045792e-01	0.000000e+00	-1.852596e+03	2.012845e+05
8.710800e-01	2.104628e+05	-9.896811e-02	2.048695e-01	0.000000e+00	-1.058799e+03	2.115216e+05
8.722700e-01	2.120287e+05	-9.921208e-02	2.051687e-01	0.000000e+00	-4.185799e+02	2.124473e+05
8.734600e-01	1.886747e+05	-9.945641e-02	2.054525e-01	0.000000e+00	-2.128442e+03	1.908032e+05
8.746500e-01	1.804454e+05	-9.970106e-02	2.057139e-01	0.000000e+00	-2.690344e+03	1.831357e+05
8.758400e-01	1.932797e+05	-9.994601e-02	2.059785e-01	0.000000e+00	-4.164389e+03	1.974441e+05
8.770300e-01	1.902944e+05	-1.001913e-01	2.062502e-01	0.000000e+00	-3.533992e+03	1.938284e+05
8.782200e-01	1.910403e+05	-1.004369e-01	2.065202e-01	0.000000e+00	-2.812894e+03	1.938532e+05
8.794100e-01	1.842600e+05	-1.006828e-01	2.067860e-01	0.000000e+00	-2.995061e+03	1.872551e+05
8.806000e-01	1.989872e+05	-1.009290e-01	2.070574e-01	0.000000e+00	-7.758282e+02	1.997631e+05
8.817900e-01	1.963013e+05	-1.011756e-01	2.073373e-01	0.000000e+00	-1.093035e+03	1.973943e+05
8.829800e-01	1.997449e+05	-1.014225e-01	2.076178e-01	0.000000e+00	-1.664796e+03	2.014097e+05
8.841700e-01	1.840522e+05	-1.016697e-01	2.078896e-01	0.000000e+00	-4.117140e+02	1.844639e+05
8.853600e-01	1.910402e+05	-1.019173e-01	2.081552e-01	0.000000e+00	-8.794424e+02	1.919197e+05
8.865500e-01	2.008057e+05	-1.021651e-01	2.084327e-01	0.000000e+00	-1.080989e+03	2.018867e+05
8.877400e-01	2.014050e+05	-1.024133e-01	2.087175e-01	0.000000e+00	-2.618811e+03	2.040238e+05
8.889300e-01	1.874288e+05	-1.026619e-01	2.089929e-01	0.000000e+00	-3.468172e+03	1.908969e+05
8.901200e-01	2.088793e+05	-1.029108e-01	2.092735e-01	0.000000e+00	-2.644234e+03	2.115235e+05
8.913100e-01	2.064963e+05	-1.031600e-01	2.095677e-01	0.000000e+00	-1.495500e+03	2.079918e+05
8.925000e-01	1.805765e+05	-1.034095e-01	2.098418e-01	0.000000e+00	-2.809612e+03	1.833861e+05
8.936900e-01	1.842164e+05	-1.036594e-01	2.101001e-01	0.000000e+00	-1.266409e+03	1.854828e+05
8.948800e-01	1.969961e+05	-1.039096e-01	2.103701e-01	0.000000e+00	-5.435549e+02	1.975397e+05
8.960700e-01	1.866831e+05	-1.041601e-01	2.106418e-01	0.000000e+00	-4.704685e+02	1.871536e+05
8.972600e-01	1.891169e+05	-1.044109e-01	2.109079e-01	0.000000e+00	-1.832253e+03	1.909491e+05
8.984500e-01	1.891747e+05	-1.046620e-01	2.111758e-01	0.000000e+00	-1.029122e+03	1.902038e+05
8.996400e-01	1.828530e+05	-1.049135e-01	2.114393e-01	0.000000e+00	-2.358461e+03	1.852114e+05
9.008300e-01	1.805577e+05	-1.051653e-01	2.116966e-01	0.000000e+00	-1.503091e+03	1.820608e+05
9.020200e-01	2.028405e+05	-1.054173e-01	2.119681e-01	0.000000e+00	-1.733367e+03	2.045738e+05
9.032100e-01	2.090338e+05	-1.056697e-01	2.122598e-01	0.000000e+00	-2.394812e+03	2.114286e+05
9.044000e-01	2.087156e+05	-1.059225e-01	2.125556e-01	0.000000e+00	-2.484271e+03	2.111999e+05
9.055900e-01	1.917423e+05	-1.061756e-01	2.128392e-01	0.000000e+00	-1.585356e+03	1.933276e+05
9.067800e-01	1.872614e+05	-1.064291e-01	2.131076e-01	0.000000e+00	-1.152037e+03	1.884134e+05
9.079700e-01	1.845703e+05	-1.066828e-01	2.133709e-01	0.000000e+00	-6.923246e+02	1.852626e+05
9.091600e-01	2.091518e+05	-1.069369e-01	2.136498e-01	0.000000e+00	-4.114965e+02	2.095633e+05
9.103500e-01	2.132908e+05	-1.071913e-01	2.139489e-01	0.000000e+00	0.000000e+00	2.132908e+05
9.115400e-01	1.984000e+05	-1.074461e-01	2.142405e-01	0.000000e+00	-4.691181e+02	1.988691e+05
9.127300e-01	2.009643e+05	-1.077012e-01	2.145233e-01	0.000000e+00	-6.510178e+02	2.016153e+05
9.139200e-01	2.024854e+05	-1.079566e-01	2.148090e-01	0.000000e+00	-1.309098e+03	2.037945e+05
9.151100e-01	2.085466e+05	-1.082124e-01	2.151001e-01	0.000000e+00	-9.321111e+02	2.094787e+05
9.163000e-01	1.933954e+05	-1.084686e-01	2.153847e-01	0.000000e+00	-7.345610e+02	1.941300e+05
9.174900e-01	1.858148e+05	-1.087251e-01	2.156533e-01	0.000000e+00	-7.107037e+02	1.865255e+05
9.186800e-01	1.914768e+05	-1.089818e-01	2.159204e-01	0.000000e+00	-1.130694e+03	1.926075e+05
9.198700e-01	1.928565e+05	-1.092389e-01	2.161926e-01	0.000000e+00	-7.853863e+02	1.936419e+05
9.210600e-01	1.828130e+05	-1.094964e-01	2.164587e-01	0.000000e+00	-1.084727e+03	1.838977e+05
9.222500e-01	1.905460e+05	-1.097541e-01	2.167231e-01	0.000000e+00	-5.959453e+02	1.911420e+05
9.234400e-01	1.891983e+05	-1.100122e-01	2.169920e-01	0.000000e+00	-8.790504e+02	1.900774e+05
9.246300e-01	2.036792e+05	-1.102706e-01	2.172702e-01	0.000000e+00	-8.144344e+02	2.044936e+05
9.258200e-01	2.110626e+05	-1.105293e-01	2.175639e-01	0.000000e+00	-8.275236e+02	2.118901e+05
9.270100e-01	2.035153e+05	-1.107884e-01	2.178575e-01	0.000000e+00	-6.680854e+02	2.041834e+05
9.282000e-01	1.950725e+05	-1.110478e-01	2.181398e-01	0.000000e+00	-1.858602e+03	1.969311e+05
9.293900e-01	1.920627e+05	-1.113075e-01	2.184139e-01	0.000000e+00	-8.346567e+02	1.928974e+05
9.305800e-01	1.936673e+05	-1.115676e-01	2.186871e-01	0.000000e+00	-1.170217e+03	1.948375e+05
9.317700e-01	1.877686e+05	-1.118280e-01	2.189572e-01	0.000000e+00	-1.725557e+03	1.894942e+05
9.329600e-01	1.965134e+05	-1.120887e-01	2.192293e-01	0.000000e+00	-1.632230e+03	1.981457e+05
9.341500e-01	1.825393e+05	-1.123498e-01	2.194978e-01	0.000000e+00	-8.490137e+02	1.833883e+05
9.353400e-01	1.880406e+05	-1.126111e-01	2.197602e-01	0.000000e+00	-1.735437e+03	1.897760e+05
9.365300e-01	1.949443e+05	-1.128728e-01	2.200314e-01	0.000000e+00	-4.505704e+02	1.953949e+05
9.377200e-01	1.944882e+05	-1.131348e-01	2.203072e-01	0.000000e+00	-2.067984e+03	1.965562e+05
9.389100e-01	1.955152e+05	-1.133971e-01	2.205834e-01	0.000000e+00	-2.758194e+03	1.982734e+05
9.401000e-01	2.119535e+05	-1.136598e-01	2.208719e-01	0.000000e+00	-1.409342e+03	2.133628e+05
9.412900e-01	1.892456e+05	-1.139228e-01	2.211560e-01	0.000000e+00	-1.356255e+03	1.906019e+05
9.424800e-01	1.934510e+05	-1.141861e-01	2.214271e-01	0.000000e+00	-1.377533e+03	1.948285e+05
9.436700e-01	1.896052e+05	-1.144498e-01	2.216983e-01	0.000000e+00	-3.403361e+02	1.899455e+05
9.448600e-01	2.052910e+05	-1.147138e-01	2.219780e-01	0.000000e+00	-9.282618e+02	2.062193e+05
9.460500e-01	2.040538e+05	-1.149781e-01	2.222679e-01	0.000000e+00	-1.134309e+03	2.051881e+05
9.472400e-01	1.972694e+05	-1.152428e-01	2.225521e-01	0.000000e+00	-1.948584e+03	1.992180e+05
9.484300e-01	1.920078e+05	-1.155078e-01	2.228277e-01	0.000000e+00	-1.805252e+03	1.938131e+05
9.496200e-01	2.204687e+05	-1.157731e-01	2.231198e-01	0.000000e+00	-1.651724e+03	2.221204e+05
9.508100e-01	1.858188e+05	-1.160388e-01	2.234076e-01	0.000000e+00	-2.730015e+03	1.885488e+05
9.520000e-01	1.913230e+05	-1.163048e-01	2.236746e-01	0.000000e+00	-6.602776e+02	1.919833e+05
9.531900e-01	1.944345e+05	-1.165712e-01	2.239478e-01	0.000000e+00	-5.403948e+02	1.949749e+05
9.543800e-01	1.992882e+05	-1.168378e-01	2.242266e-01	0.000000e+00	-1.485008e+03	2.007732e+05
9.555700e-01	1.937146e+05	-1.171048e-01	2.245049e-01	0.000000e+00	-2.388872e+03	1.961035e+05
9.567600e-01	1.797797e+05	-1.173721e-01	2.247694e-01	0.000000e+00	-1.252105e+03	1.810318e+05
9.579500e-01	2.016941e+05	-1.176398e-01	2.250396e-01	0.000000e+00	-9.075688e+02	2.026017e+05
9.591400e-01	1.930708e+05	-1.179077e-01	2.253191e-01	0.000000e+00	-8.931359e+02	1.939640e+05
9.603300e-01	1.843281e+05	-1.181760e-01	2.255864e-01	0.000000e+00	-2.310691e+03	1.866388e+05
9.615200e-01	1.946752e+05	-1.184446e-01	2.258548e-01	0.000000e+00	-2.942124e+03	1.976173e+05
9.627100e-01	1.928143e+05	-1.187136e-01	2.261292e-01	0.000000e+00	-3.477810e+03	1.962921e+05
9.639000e-01	1.912942e+05	-1.189828e-01	2.264012e-01	0.000000e+00	-1.345627e+03	1.926399e+05
9.650900e-01	1.902590e+05	-1.192524e-01	2.266714e-01	0.000000e+00	-1.370276e+03	1.916292e+05
9.662800e-01	1.853758e+05	-1.195223e-01	2.269374e-01	0.000000e+00	-2.150603e+03	1.875264e+05
9.674700e-01	2.162900e+05	-1.197925e-01	2.272219e-01	0.000000e+00	-1.685341e+03	2.179753e+05
9.686600e-01	1.979956e+05	-1.200631e-01	2.275153e-01	0.000000e+00	-2.284979e+03	2.002806e+05
9.698500e-01	1.747308e+05	-1.203340e-01	2.277792e-01	0.000000e+00	-6.260579e+02	1.753569e+05
9.710400e-01	1.896834e+05	-1.206052e-01	2.280373e-01	0.000000e+00	-1.687238e+03	1.913707e+05
9.722300e-01	1.881674e+05	-1.208767e-01	2.283049e-01	0.000000e+00	-2.791334e+03	1.909587e+05
9.734200e-01	1.993367e+05	-1.211486e-01	2.285793e-01	0.000000e+00	-1.107987e+03	2.004447e+05
9.746100e-01	2.087597e+05	-1.214207e-01	2.288683e-01	0.000000e+00	-1.277284e+03	2.100370e+05
9.758000e-01	2.024841e+05	-1.216933e-01	2.291595e-01	0.000000e+00	-9.078350e+02	2.033919e+05
9.769900e-01	2.038324e+05	-1.219661e-01	2.294472e-01	0.000000e+00	-2.268354e+03	2.061008e+05
9.781800e-01	1.874534e+05	-1.222394e-01	2.297243e-01	0.000000e+00	-3.057201e+03	1.905106e+05
9.793700e-01	1.867253e+05	-1.225129e-01	2.299893e-01	0.000000e+00	-1.228829e+03	1.879541e+05
9.805600e-01	2.080926e+05	-1.227867e-01	2.302689e-01	0.000000e+00	-1.168363e+03	2.092609e+05
9.817500e-01	1.832841e+05	-1.230609e-01	2.305461e-01	0.000000e+00	-8.617873e+02	1.841459e+05
9.829400e-01	1.600505e+05	-1.233354e-01	2.307892e-01	0.000000e+00	0.000000e+00	1.600505e+05
9.841300e-01	1.761432e+05	-1.236102e-01	2.310273e-01	0.000000e+00	0.000000e+00	1.761432e+05
9.853200e-01	1.998881e+05	-1.238853e-01	2.312936e-01	0.000000e+00	-1.584971e+03	2.014730e+05
9.865100e-01	1.952740e+05	-1.241607e-01	2.315734e-01	0.000000e+00	-1.007699e+03	1.962817e+05
9.877000e-01	2.008923e+05	-1.244364e-01	2.318540e-01	0.000000e+00	-8.084572e+02	2.017007e+05
9.888900e-01	1.924304e+05	-1.247125e-01	2.321325e-01	0.000000e+00	-8.005534e+02	1.932310e+05
9.900800e-01	1.876244e+05	-1.249889e-01	2.324017e-01	0.000000e+00	-2.275534e+03	1.899000e+05
9.912700e-01	1.815881e+05	-1.252656e-01	2.326631e-01	0.000000e+00	-9.071274e+02	1.824953e+05
9.924600e-01	1.843696e+05	-1.255426e-01	2.329223e-01	0.000000e+00	-1.560590e+03	1.859301e+05
9.936500e-01	1.895241e+05	-1.258200e-01	2.331871e-01	0.000000e+00	-2.987649e+02	1.898229e+05
9.948400e-01	1.994437e+05	-1.260976e-01	2.334625e-01	0.000000e+00	0.000000e+00	1.994437e+05
9.960300e-01	2.077094e+05	-1.263756e-01	2.337508e-01	0.000000e+00	0.000000e+00	2.077094e+05
9.972200e-01	2.045294e+05	-1.266539e-01	2.340428e-01	0.000000e+00	-6.533283e+02	2.051827e+05
9.984100e-01	2.103140e+05	-1.269326e-01	2.343365e-01	0.000000e+00	-1.870079e+02	2.105010e+05
9.996000e-01	1.932407e+05	-1.272117e-01	2.346223e-01	0.000000e+00	-1.322965e+03	1.945636e+05
1.000790e+00	2.074793e+05	-1.274910e-01	2.349061e-01	0.000000e+00	-1.760726e+03	2.092400e+05
1.001980e+00	1.919131e+05	-1.277707e-01	2.351889e-01	0.000000e+00	-1.025267e+03	1.929384e+05
1.003170e+00	1.777429e+05	-1.280508e-01	2.354507e-01	0.000000e+00	-7.186549e+02	1.784616e+05
1.004360e+00	1.965368e+05	-1.283311e-01	2.357158e-01	0.000000e+00	-1.054740e+03	1.975915e+05
1.005550e+00	1.808624e+05	-1.286118e-01	2.359830e-01	0.000000e+00	-4.950134e+00	1.808673e+05
1.006740e+00	2.150924e+05	-1.288928e-01	2.362634e-01	0.000000e+00	-1.336628e+03	2.164290e+05
1.007930e+00	1.913824e+05	-1.291741e-01	2.365513e-01	0.000000e+00	-9.287608e+02	1.923112e+05
1.009120e+00	1.889510e+05	-1.294557e-01	2.368206e-01	0.000000e+00	-6.369285e+02	1.895879e+05
1.010310e+00	2.016093e+05	-1.297377e-01	2.370972e-01	0.000000e+00	-2.234276e+03	2.038436e+05
1.011500e+00	2.009890e+05	-1.300200e-01	2.373823e-01	0.000000e+00	-2.027207e+03	2.030162e+05
1.012690e+00	1.917715e+05	-1.303027e-01	2.376604e-01	0.000000e+00	-1.166228e+03	1.929377e+05
1.013880e+00	1.987319e+05	-1.305857e-01	2.379370e-01	0.000000e+00	-1.954689e+03	2.006866e+05
1.015070e+00	1.902244e+05	-1.308690e-01	2.382124e-01	0.000000e+00	-6.347023e+02	1.908591e+05
1.016260e+00	1.933833e+05	-1.311526e-01	2.384841e-01	0.000000e+00	-6.738560e+02	1.940572e+05
1.017450e+00	1.975643e+05	-1.314366e-01	2.387609e-01	0.000000e+00	-1.664801e+02	1.977308e+05
1.018640e+00	1.974582e+05	-1.317209e-01	2.390407e-01	0.000000e+00	-1.118442e+03	1.985766e+05
1.019830e+00	2.021287e+05	-1.320055e-01	2.393237e-01	0.000000e+00	-1.485941e+03	2.036147e+05
1.021020e+00	2.134478e+05	-1.322905e-01	2.396180e-01	0.000000e+00	-8.975693e+02	2.143453e+05
1.022210e+00	1.989944e+05	-1.325758e-01	2.399100e-01	0.000000e+00	-3.731149e+03	2.027256e+05
1.023400e+00	1.809340e+05	-1.328614e-01	2.401791e-01	0.000000e+00	-1.149674e+03	1.820836e+05
1.024590e+00	1.940396e+05	-1.331474e-01	2.404446e-01	0.000000e+00	-3.331030e+03	1.973706e+05
1.025780e+00	1.956264e+05	-1.334337e-01	2.407206e-01	0.000000e+00	-1.085771e+03	1.967122e+05
1.026970e+00	2.016116e+05	-1.337203e-01	2.410019e-01	0.000000e+00	-1.047141e+03	2.026588e+05
1.028160e+00	1.773938e+05	-1.340073e-01	2.412703e-01	0.000000e+00	-1.657026e+03	1.790508e+05
1.029350e+00	1.772446e+05	-1.342945e-01	2.415214e-01	0.000000e+00	-4.626436e+02	1.777073e+05
1.030540e+00	1.909750e+05	-1.345821e-01	2.417822e-01	0.000000e+00	0.000000e+00	1.909750e+05
1.031730e+00	2.011555e+05	-1.348700e-01	2.420599e-01	0.000000e+00	0.000000e+00	2.011555e+05
1.032920e+00	2.081219e+05	-1.351582e-01	2.423497e-01	0.000000e+00	-8.378477e+02	2.089598e+05
1.034110e+00	1.931305e+05	-1.354468e-01	2.426339e-01	0.000000e+00	-2.488440e+00	1.931330e+05
1.035300e+00	1.866504e+05	-1.357357e-01	2.429028e-01	0.000000e+00	0.000000e+00	1.866504e+05
1.036490e+00	1.896393e+05	-1.360249e-01	2.431693e-01	0.000000e+00	-5.047740e+02	1.901441e+05
1.037680e+00	1.959788e+05	-1.363144e-01	2.434424e-01	0.000000e+00	-1.187157e+03	1.971660e+05
1.038870e+00	2.020436e+05	-1.366043e-01	2.437242e-01	0.000000e+00	-9.086929e+02	2.029523e+05
1.040060e+00	1.911298e+05	-1.368945e-01	2.440027e-01	0.000000e+00	-7.607207e+02	1.918905e+05
1.041250e+00	1.946335e+05	-1.371850e-01	2.442759e-01	0.000000e+00	-5.391120e+02	1.951726e+05
1.042440e+00	1.918653e+05	-1.374759e-01	2.445496e-01	0.000000e+00	-5.467545e+02	1.924121e+05
1.043630e+00	1.960622e+05	-1.377670e-01	2.448243e-01	0.000000e+00	-1.804657e+03	1.978669e+05
1.044820e+00	1.930134e+05	-1.380585e-01	2.450998e-01	0.000000e+00	-2.512933e+03	1.955263e+05
1.046010e+00	2.001357e+05	-1.383504e-01	2.453782e-01	0.000000e+00	-1.187964e+03	2.013237e+05
1.047200e+00	2.095610e+05	-1.386425e-01	2.456684e-01	0.000000e+00	-1.503115e+03	2.110641e+05
1.048390e+00	2.099993e+05	-1.389351e-01	2.459655e-01	0.000000e+00	-8.472570e+02	2.108465e+05
1.049580e+00	1.951527e+05	-1.392279e-01	2.462524e-01	0.000000e+00	-1.300854e+03	1.964536e+05
1.050770e+00	1.890582e+05	-1.395211e-01	2.465245e-01	0.000000e+00	-1.720185e+03	1.907784e+05
1.051960e+00	1.897231e+05	-1.398147e-01	2.467927e-01	0.000000e+00	-6.422085e+02	1.903653e+05
1.053150e+00	2.037208e+05	-1.401085e-01	2.470713e-01	0.000000e+00	-4.829208e+02	2.042037e+05
1.054340e+00	1.949620e+05	-1.404027e-01	2.473537e-01	0.000000e+00	-1.197664e+03	1.961597e+05
1.055530e+00	1.969830e+05	-1.406972e-01	2.476312e-01	0.000000e+00	-3.487504e+02	1.973317e+05
1.056720e+00	1.906719e+05	-1.409921e-01	2.479058e-01	0.000000e+00	-1.680134e+03	1.923521e+05
1.057910e+00	2.050393e+05	-1.412872e-01	2.481860e-01	0.000000e+00	-1.332548e+03	2.063719e+05
1.059100e+00	2.190102e+05	-1.415827e-01	2.484863e-01	0.000000e+00	-9.946495e+02	2.200049e+05
1.060290e+00	1.836497e+05	-1.418786e-01	2.487714e-01	0.000000e+00	-1.432839e+03	1.850825e+05
1.061480e+00	1.874056e+05	-1.421748e-01	2.490342e-01	0.000000e+00	-8.122460e+02	1.882178e+05
1.062670e+00	1.850322e+05	-1.424713e-01	2.492979e-01	0.000000e+00	-1.690364e+03	1.867226e+05
1.063860e+00	1.921802e+05	-1.427682e-01	2.495651e-01	0.000000e+00	-9.522541e+02	1.931325e+05
1.065050e+00	1.966687e+05	-1.430653e-01	2.498404e-01	0.000000e+00	-1.250262e+03	1.979190e+05
1.066240e+00	1.901378e+05	-1.433628e-01	2.501144e-01	0.000000e+00	-4.304101e+02	1.905682e+05
1.067430e+00	1.874135e+05	-1.436606e-01	2.503817e-01	0.000000e+00	0.000000e+00	1.874135e+05
1.068620e+00	1.952872e+05	-1.439587e-01	2.506527e-01	0.000000e+00	-9.375303e+01	1.953810e+05
1.069810e+00	1.891606e+05	-1.442571e-01	2.509250e-01	0.000000e+00	-7.465831e+02	1.899071e+05
1.071000e+00	1.954574e+05	-1.445559e-01	2.511974e-01	0.000000e+00	0.000000e+00	1.954574e+05
1.072190e+00	1.989806e+05	-1.448550e-01	2.514767e-01	0.000000e+00	-1.182420e+03	2.001630e+05
1.073380e+00	1.813073e+05	-1.451544e-01	2.517460e-01	0.000000e+00	-1.035175e+03	1.823425e+05
1.074570e+00	2.037289e+05	-1.454541e-01	2.520187e-01	0.000000e+00	-3.034136e+02	2.040323e+05
1.075760e+00	1.955511e+05	-1.457542e-01	2.523014e-01	0.000000e+00	-4.318528e+02	1.959830e+05
1.076950e+00	1.741310e+05	-1.460546e-01	2.525632e-01	0.000000e+00	-1.682688e+03	1.758136e+05
1.078140e+00	2.052646e+05	-1.463553e-01	2.528319e-01	0.000000e+00	-4.064674e+02	2.056711e+05
1.079330e+00	1.968872e+05	-1.466563e-01	2.531167e-01	0.000000e+00	0.000000e+00	1.968872e+05
1.080520e+00	2.086738e+05	-1.469577e-01	2.534039e-01	0.000000e+00	0.000000e+00	2.086738e+05
1.081710e+00	1.978263e+05	-1.472594e-01	2.536918e-01	0.000000e+00	-3.832021e+02	1.982095e+05
1.082900e+00	2.025127e+05	-1.475615e-01	2.539753e-01	0.000000e+00	-8.439753e+02	2.033567e+05
1.084090e+00	1.950968e+05	-1.478639e-01	2.542568e-01	0.000000e+00	-4.556743e+02	1.955525e+05
1.085280e+00	1.984099e+05	-1.481666e-01	2.545355e-01	0.000000e+00	-2.325710e+03	2.007356e+05
1.086470e+00	1.953763e+05	-1.484697e-01	2.548144e-01	0.000000e+00	-1.931187e+02	1.955694e+05
1.087660e+00	1.924208e+05	-1.487731e-01	2.550890e-01	0.000000e+00	0.000000e+00	1.924208e+05
1.088850e+00	1.988423e+05	-1.490768e-01	2.553661e-01	0.000000e+00	0.000000e+00	1.988423e+05
1.090040e+00	2.219700e+05	-1.493809e-01	2.556641e-01	0.000000e+00	0.000000e+00	2.219700e+05
1.091230e+00	1.899401e+05	-1.496853e-01	2.559558e-01	0.000000e+00	0.000000e+00	1.899401e+05
1.092420e+00	1.933024e+05	-1.499900e-01	2.562272e-01	0.000000e+00	-2.968810e+02	1.935993e+05
1.093610e+00	1.909295e+05	-1.502951e-01	2.564993e-01	0.000000e+00	-2.115396e+03	1.930449e+05
1.094800e+00	1.846913e+05	-1.506005e-01	2.567653e-01	0.000000e+00	-9.490674e+02	1.856403e+05
1.095990e+00	2.068458e+05	-1.509062e-01	2.570426e-01	0.000000e+00	-1.425191e+03	2.082710e+05
1.097180e+00	1.935692e+05	-1.512123e-01	2.573261e-01	0.000000e+00	-2.554808e+02	1.938247e+05
1.098370e+00	2.057904e+05	-1.515187e-01	2.576089e-01	0.000000e+00	-1.033372e+02	2.058938e+05
1.099560e+00	2.193429e+05	-1.518254e-01	2.579100e-01	0.000000e+00	-2.441076e+03	2.217840e+05
1.100750e+00	1.939499e+05	-1.521325e-01	2.582027e-01	0.000000e+00	-1.657267e+03	1.956071e+05
1.101940e+00	1.874748e+05	-1.524399e-01	2.584728e-01	0.000000e+00	-4.219053e+02	1.878967e+05
1.103130e+00	1.945937e+05	-1.527476e-01	2.587433e-01	0.000000e+00	-4.405777e+02	1.950343e+05
1.104320e+00	1.894809e+05	-1.530557e-01	2.590153e-01	0.000000e+00	-1.780348e+03	1.912612e+05
1.105510e+00	2.073520e+05	-1.533641e-01	2.592964e-01	0.000000e+00	-1.410544e+03	2.087625e+05
1.106700e+00	2.251779e+05	-1.536728e-01	2.596027e-01	0.000000e+00	-7.563115e+02	2.259342e+05
1.107890e+00	2.011545e+05	-1.539820e-01	2.599046e-01	0.000000e+00	-1.072666e+03	2.022271e+05
1.109080e+00	1.885408e+05	-1.542914e-01	2.601805e-01	0.000000e+00	0.000000e+00	1.885408e+05
1.110270e+00	1.816665e+05	-1.546012e-01	2.604427e-01	0.000000e+00	-1.780477e+02	1.818445e+05
1.111460e+00	1.738573e+05	-1.549113e-01	2.606945e-01	0.000000e+00	-1.581730e+03	1.754390e+05
1.112650e+00	1.870016e+05	-1.552216e-01	2.609500e-01	0.000000e+00	-7.612307e+02	1.877629e+05
1.113840e+00	1.731106e+05	-1.555323e-01	2.612050e-01	0.000000e+00	0.000000e+00	1.731106e+05
1.115030e+00	1.975034e+05	-1.558433e-01	2.614675e-01	0.000000e+00	0.000000e+00	1.975034e+05
1.116220e+00	2.145618e+05	-1.561546e-01	2.617593e-01	0.000000e+00	-1.228830e+03	2.157907e+05
1.117410e+00	1.966543e+05	-1.564663e-01	2.620505e-01	0.000000e+00	-1.959276e+03	1.986136e+05
1.118600e+00	1.975207e+05	-1.567783e-01	2.623297e-01	0.000000e+00	-1.732387e+02	1.976940e+05
1.119790e+00	2.025075e+05	-1.570906e-01	2.626129e-01	0.000000e+00	-1.310024e+03	2.038175e+05
1.120980e+00	1.974840e+05	-1.574033e-01	2.628962e-01	0.000000e+00	-1.227510e+03	1.987115e+05
1.122170e+00	1.902484e+05	-1.577163e-01	2.631708e-01	0.000000e+00	-1.422102e+03	1.916705e+05
1.123360e+00	1.780674e+05	-1.580297e-01	2.634316e-01	0.000000e+00	-2.420457e+02	1.783095e+05
1.124550e+00	1.757290e+05	-1.583433e-01	2.636822e-01	0.000000e+00	-3.103984e+02	1.760394e+05
1.125740e+00	1.879708e+05	-1.586572e-01	2.639397e-01	0.000000e+00	-5.299378e+02	1.885007e+05
1.126930e+00	1.858334e+05	-1.589715e-01	2.642044e-01	0.000000e+00	-4.509916e+02	1.862844e+05
1.128120e+00	1.814214e+05	-1.592860e-01	2.644645e-01	0.000000e+00	-4.020823e+02	1.818235e+05
1.129310e+00	1.881548e+05	-1.596009e-01	2.647262e-01	0.000000e+00	-8.275984e+02	1.889824e+05
1.130500e+00	1.889687e+05	-1.599161e-01	2.649933e-01	0.000000e+00	0.000000e+00	1.889687e+05
1.131690e+00	1.814590e+05	-1.602316e-01	2.652556e-01	0.000000e+00	-7.581909e+02	1.822172e+05
1.132880e+00	1.829928e+05	-1.605474e-01	2.655137e-01	0.000000e+00	-8.375911e+02	1.838304e+05
1.134070e+00	2.034881e+05	-1.608635e-01	2.657874e-01	0.000000e+00	-1.003192e+03	2.044913e+05
1.135260e+00	2.062490e+05	-1.611800e-01	2.660776e-01	0.000000e+00	-8.556429e+02	2.071046e+05
1.136450e+00	1.923807e+05	-1.614968e-01	2.663599e-01	0.000000e+00	-1.248295e+03	1.936290e+05
1.137640e+00	1.985229e+05	-1.618139e-01	2.666367e-01	0.000000e+00	-3.391049e+02	1.988620e+05
1.138830e+00	2.114148e+05	-1.621314e-01	2.669270e-01	0.000000e+00	-6.222959e+02	2.120371e+05
1.140020e+00	2.052049e+05	-1.624492e-01	2.672220e-01	0.000000e+00	-8.478785e+02	2.060528e+05
1.141210e+00	1.897301e+05	-1.627674e-01	2.675017e-01	0.000000e+00	-2.104979e+02	1.899405e+05
1.142400e+00	2.098032e+05	-1.630858e-01	2.677846e-01	0.000000e+00	0.000000e+00	2.098032e+05
1.143590e+00	2.093821e+05	-1.634047e-01	2.680815e-01	0.000000e+00	-6.793974e+02	2.100615e+05
1.144780e+00	2.038850e+05	-1.637239e-01	2.683742e-01	0.000000e+00	-1.868084e+02	2.040718e+05
1.145970e+00	2.047314e+05	-1.640434e-01	2.686635e-01	0.000000e+00	-1.373962e+03	2.061054e+05
1.147160e+00	1.944850e+05	-1.643633e-01	2.689462e-01	0.000000e+00	-2.808403e+02	1.947659e+05
1.148350e+00	1.856641e+05	-1.646835e-01	2.692154e-01	0.000000e+00	0.000000e+00	1.856641e+05
1.149540e+00	1.846689e+05	-1.650040e-01	2.694777e-01	0.000000e+00	-5.360170e+02	1.852049e+05
1.150730e+00	1.959589e+05	-1.653249e-01	2.697472e-01	0.000000e+00	-3.043191e+02	1.962632e+05
1.151920e+00	2.182450e+05	-1.656460e-01	2.700406e-01	0.000000e+00	-1.075256e+03	2.193202e+05
1.153110e+00	2.021420e+05	-1.659676e-01	2.703383e-01	0.000000e+00	-6.054161e+02	2.027474e+05
1.154300e+00	2.277317e+05	-1.662894e-01	2.706427e-01	0.000000e+00	-1.931366e+02	2.279248e+05
1.155490e+00	2.024040e+05	-1.666117e-01	2.709473e-01	0.000000e+00	-1.313949e+03	2.037179e+05
1.156680e+00	2.056618e+05	-1.669343e-01	2.712363e-01	0.000000e+00	-1.735871e+02	2.058354e+05
1.157870e+00	2.014695e+05	-1.672572e-01	2.715246e-01	0.000000e+00	-6.531405e+02	2.021226e+05
1.159060e+00	1.718975e+05	-1.675805e-01	2.717890e-01	0.000000e+00	-1.484020e+03	1.733815e+05
1.160250e+00	1.822603e+05	-1.679041e-01	2.720398e-01	0.000000e+00	-6.709434e+02	1.829313e+05
1.161440e+00	2.087104e+05	-1.682280e-01	2.723167e-01	0.000000e+00	-5.532403e+02	2.092636e+05
1.162630e+00	1.838437e+05	-1.685522e-01	2.725947e-01	0.000000e+00	-4.673735e+02	1.843110e+05
1.163820e+00	1.982622e+05	-1.688767e-01	2.728653e-01	0.000000e+00	-9.416630e+02	1.992039e+05
1.165010e+00	1.810922e+05	-1.692016e-01	2.731339e-01	0.000000e+00	-2.716358e+02	1.813638e+05
1.166200e+00	1.857210e+05	-1.695268e-01	2.733937e-01	0.000000e+00	0.000000e+00	1.857210e+05
1.167390e+00	1.942653e+05	-1.698523e-01	2.736628e-01	0.000000e+00	0.000000e+00	1.942653e+05
1.168580e+00	2.035264e+05	-1.701781e-01	2.739445e-01	0.000000e+00	0.000000e+00	2.035264e+05
1.169770e+00	2.018170e+05	-1.705043e-01	2.742315e-01	0.000000e+00	0.000000e+00	2.018170e+05
1.170960e+00	2.000293e+05	-1.708308e-01	2.745161e-01	0.000000e+00	0.000000e+00	2.000293e+05
1.172150e+00	1.934068e+05	-1.711576e-01	2.747947e-01	0.000000e+00	-2.879573e+02	1.936947e+05
1.173340e+00	1.796677e+05	-1.714848e-01	2.750589e-01	0.000000e+00	-5.523789e+02	1.802201e+05
1.174530e+00	1.957154e+05	-1.718123e-01	2.753247e-01	0.000000e+00	-3.749383e+01	1.957529e+05
1.175720e+00	2.063396e+05	-1.721401e-01	2.756095e-01	0.000000e+00	-1.050359e+03	2.073900e+05
1.176910e+00	2.200267e+05	-1.724682e-01	2.759114e-01	0.000000e+00	-1.333048e+03	2.213598e+05
1.178100e+00	2.032826e+05	-1.727967e-01	2.762112e-01	0.000000e+00	-5.000651e+02	2.037826e+05
1.179290e+00	1.901045e+05	-1.731256e-01	2.764898e-01	0.000000e+00	-4.403791e+02	1.905449e+05
1.180480e+00	1.899060e+05	-1.734548e-01	2.767589e-01	0.000000e+00	0.000000e+00	1.899060e+05
1.181670e+00	1.893764e+05	-1.737843e-01	2.770275e-01	0.000000e+00	0.000000e+00	1.893764e+05
1.182860e+00	1.891780e+05	-1.741141e-01	2.772955e-01	0.000000e+00	0.000000e+00	1.891780e+05
1.184050e+00	1.868182e+05	-1.744443e-01	2.775618e-01	0.000000e+00	0.000000e+00	1.868182e+05
1.185240e+00	2.124756e+05	-1.747747e-01	2.778446e-01	0.000000e+00	0.000000e+00	2.124756e+05
1.186430e+00	2.101279e+05	-1.751055e-01	2.781438e-01	0.000000e+00	0.000000e+00	2.101279e+05
1.187620e+00	1.890575e+05	-1.754367e-01	2.784265e-01	0.000000e+00	-8.290960e+02	1.898866e+05
1.188810e+00	1.980413e+05	-1.757682e-01	2.787007e-01	0.000000e+00	-1.124013e+01	1.980525e+05
1.190000e+00	1.016190e+05	-1.761000e-01	2.789129e-01	0.000000e+00	0.000000e+00	1.016190e+05
