#x	rho	phi	ex	bz	rhok[0]	rhok[1]
0.000000e+00	-1.125186e+03	0.000000e+00	3.230761e-02	0.000000e+00	-1.877346e+03	7.521600e+02
1.190000e-03	-2.829638e+02	-3.844511e-05	3.230661e-02	0.000000e+00	-5.474556e+03	5.191592e+03
2.380000e-03	2.918940e+03	-7.688973e-05	3.230848e-02	0.000000e+00	-3.647614e+03	6.566554e+03
3.570000e-03	4.343984e+03	-1.153393e-04	3.231362e-02	0.000000e+00	-4.770133e+03	9.114117e+03
4.760000e-03	7.683096e+03	-1.537962e-04	3.232214e-02	0.000000e+00	-4.650635e+03	1.233373e+04
5.950000e-03	5.130526e+03	-1.922660e-04	3.233121e-02	0.000000e+00	-5.401486e+03	1.053201e+04
7.140000e-03	1.161433e+04	-2.307444e-04	3.234307e-02	0.000000e+00	-7.575851e+03	1.919018e+04
8.330000e-03	1.260941e+04	-2.692425e-04	3.236023e-02	0.000000e+00	-7.981234e+03	2.059065e+04
9.520000e-03	1.455911e+04	-3.077618e-04	3.237946e-02	0.000000e+00	-9.127778e+03	2.368689e+04
1.071000e-02	1.498002e+04	-3.463056e-04	3.240038e-02	0.000000e+00	-9.557309e+03	2.453733e+04
1.190000e-02	1.821047e+04	-3.848747e-04	3.242389e-02	0.000000e+00	-6.514394e+03	2.472487e+04
1.309000e-02	2.202967e+04	-4.234745e-04	3.245238e-02	0.000000e+00	-9.323609e+03	3.135328e+04
1.428000e-02	2.140703e+04	-4.621114e-04	3.248314e-02	0.000000e+00	-5.146414e+03	2.655344e+04
1.547000e-02	2.107693e+04	-5.007843e-04	3.251323e-02	0.000000e+00	-6.329450e+03	2.740638e+04
1.666000e-02	2.214385e+04	-5.394929e-04	3.254384e-02	0.000000e+00	-6.471793e+03	2.861565e+04
1.785000e-02	1.944301e+04	-5.782387e-04	3.257329e-02	0.000000e+00	-7.164471e+03	2.660748e+04
1.904000e-02	2.514373e+04	-6.170173e-04	3.260486e-02	0.000000e+00	-8.222809e+03	3.336654e+04
2.023000e-02	3.333890e+04	-6.558383e-04	3.264628e-02	0.000000e+00	-7.611516e+03	4.095042e+04
2.142000e-02	2.543636e+04	-6.947154e-04	3.268790e-02	0.000000e+00	-7.146776e+03	3.258314e+04
2.261000e-02	3.744421e+04	-7.336355e-04	3.273243e-02	0.000000e+00	-5.145493e+03	4.258971e+04
2.380000e-02	4.439391e+04	-7.726186e-04	3.279039e-02	0.000000e+00	-3.919113e+03	4.831303e+04
2.499000e-02	3.724092e+04	-8.116766e-04	3.284820e-02	0.000000e+00	-6.014903e+03	4.325582e+04
2.618000e-02	4.469203e+04	-8.507973e-04	3.290622e-02	0.000000e+00	-3.244328e+03	4.793636e+04
2.737000e-02	3.510804e+04	-8.899934e-04	3.296273e-02	0.000000e+00	-7.729679e+03	4.283772e+04
2.856000e-02	4.557957e+04	-9.292486e-04	3.301987e-02	0.000000e+00	-4.446946e+03	5.002652e+04
2.975000e-02	4.304914e+04	-9.685807e-04	3.308263e-02	0.000000e+00	-7.037412e+03	5.008655e+04
3.094000e-02	5.653130e+04	-1.007985e-03	3.315315e-02	0.000000e+00	-5.580459e+03	6.211176e+04
3.213000e-02	4.794871e+04	-1.047485e-03	3.322714e-02	0.000000e+00	-4.527859e+03	5.247657e+04
3.332000e-02	4.263342e+04	-1.087066e-03	3.329129e-02	0.000000e+00	-9.045033e+03	5.167846e+04
3.451000e-02	3.739703e+04	-1.126718e-03	3.334796e-02	0.000000e+00	-8.759102e+03	4.615613e+04
3.570000e-02	4.532705e+04	-1.166434e-03	3.340655e-02	0.000000e+00	-7.135477e+03	5.246253e+04
3.689000e-02	5.749519e+04	-1.206226e-03	3.347936e-02	0.000000e+00	-8.010195e+03	6.550538e+04
3.808000e-02	6.190737e+04	-1.246115e-03	3.356392e-02	0.000000e+00	-9.824646e+03	7.173202e+04
3.927000e-02	7.023092e+04	-1.286108e-03	3.365749e-02	0.000000e+00	-6.545529e+03	7.677645e+04
4.046000e-02	6.274974e+04	-1.326220e-03	3.375167e-02	0.000000e+00	-5.927475e+03	6.867721e+04
4.165000e-02	4.440629e+04	-1.366437e-03	3.382755e-02	0.000000e+00	-6.484265e+03	5.089055e+04
4.284000e-02	6.208954e+04	-1.406729e-03	3.390297e-02	0.000000e+00	-7.860702e+03	6.995024e+04
4.403000e-02	6.101024e+04	-1.447126e-03	3.399014e-02	0.000000e+00	-7.699657e+03	6.870989e+04
4.522000e-02	5.796020e+04	-1.487626e-03	3.407439e-02	0.000000e+00	-4.759553e+03	6.271975e+04
4.641000e-02	5.875303e+04	-1.528223e-03	3.415704e-02	0.000000e+00	-8.887050e+03	6.764008e+04
4.760000e-02	7.124392e+04	-1.568920e-03	3.424910e-02	0.000000e+00	-1.069816e+04	8.194208e+04
4.879000e-02	6.315113e+04	-1.609736e-03	3.434428e-02	0.000000e+00	-9.085014e+03	7.223614e+04
4.998000e-02	6.722720e+04	-1.650659e-03	3.443661e-02	0.000000e+00	-4.202675e+03	7.142988e+04
5.117000e-02	6.626149e+04	-1.691695e-03	3.453114e-02	0.000000e+00	-4.197694e+03	7.045919e+04
5.236000e-02	7.893022e+04	-1.732843e-03	3.463396e-02	0.000000e+00	-2.691299e+03	8.162152e+04
5.355000e-02	7.505711e+04	-1.774124e-03	3.474301e-02	0.000000e+00	-4.145569e+03	7.920268e+04
5.474000e-02	6.346113e+04	-1.815531e-03	3.484110e-02	0.000000e+00	-7.309874e+03	7.077100e+04
5.593000e-02	6.328239e+04	-1.857046e-03	3.493086e-02	0.000000e+00	-5.037983e+03	6.832038e+04
5.712000e-02	7.076609e+04	-1.898667e-03	3.502578e-02	0.000000e+00	-4.863109e+03	7.562920e+04
5.831000e-02	7.384755e+04	-1.940407e-03	3.512819e-02	0.000000e+00	-4.097571e+03	7.794512e+04
5.950000e-02	6.844690e+04	-1.982272e-03	3.522896e-02	0.000000e+00	-7.110058e+03	7.555696e+04
6.069000e-02	7.260470e+04	-2.024252e-03	3.532885e-02	0.000000e+00	-5.984860e+03	7.858956e+04
6.188000e-02	6.538533e+04	-2.066355e-03	3.542657e-02	0.000000e+00	-6.544734e+03	7.193006e+04
6.307000e-02	8.123596e+04	-2.108567e-03	3.553040e-02	0.000000e+00	-7.736820e+03	8.897278e+04
6.426000e-02	7.613357e+04	-2.150917e-03	3.564185e-02	0.000000e+00	-2.037077e+03	7.817064e+04
6.545000e-02	7.365759e+04	-2.193395e-03	3.574792e-02	0.000000e+00	-4.531486e+03	7.818907e+04
6.664000e-02	6.644051e+04	-2.235997e-03	3.584714e-02	0.000000e+00	-5.506591e+03	7.194710e+04
6.783000e-02	7.109024e+04	-2.278711e-03	3.594453e-02	0.000000e+00	-2.808839e+03	7.389908e+04
6.902000e-02	8.123419e+04	-2.321545e-03	3.605240e-02	0.000000e+00	-2.760986e+03	8.399518e+04
7.021000e-02	8.827867e+04	-2.364516e-03	3.617244e-02	0.000000e+00	-3.102477e+03	9.138114e+04
7.140000e-02	8.313067e+04	-2.407635e-03	3.629383e-02	0.000000e+00	-2.814654e+03	8.594533e+04
7.259000e-02	7.566595e+04	-2.450895e-03	3.640628e-02	0.000000e+00	-3.836985e+03	7.950294e+04
7.378000e-02	7.430226e+04	-2.494282e-03	3.651249e-02	0.000000e+00	-5.588577e+03	7.989083e+04
7.497000e-02	8.733647e+04	-2.537795e-03	3.662695e-02	0.000000e+00	-6.682452e+03	9.401892e+04
7.616000e-02	9.860848e+04	-2.581455e-03	3.675863e-02	0.000000e+00	-3.534813e+03	1.021433e+05
7.735000e-02	8.862505e+04	-2.625280e-03	3.689122e-02	0.000000e+00	-7.206307e+03	9.583135e+04
7.854000e-02	8.608131e+04	-2.669256e-03	3.701495e-02	0.000000e+00	-6.256866e+03	9.233818e+04
7.973000e-02	9.708709e+04	-2.713376e-03	3.714466e-02	0.000000e+00	-6.038817e+03	1.031259e+05
8.092000e-02	9.346017e+04	-2.757660e-03	3.727960e-02	0.000000e+00	-4.896683e+03	9.835685e+04
8.211000e-02	9.194575e+04	-2.802101e-03	3.741090e-02	0.000000e+00	-7.620412e+03	9.956616e+04
8.330000e-02	8.911172e+04	-2.846698e-03	3.753911e-02	0.000000e+00	-7.691347e+03	9.680307e+04
8.449000e-02	9.093864e+04	-2.891445e-03	3.766662e-02	0.000000e+00	-4.889400e+03	9.582804e+04
8.568000e-02	1.039974e+05	-2.936344e-03	3.780467e-02	0.000000e+00	-4.485205e+03	1.084826e+05
8.687000e-02	1.117523e+05	-2.981420e-03	3.795745e-02	0.000000e+00	-2.997168e+03	1.147495e+05
8.806000e-02	9.445533e+04	-3.026683e-03	3.810348e-02	0.000000e+00	-6.239329e+03	1.006947e+05
8.925000e-02	9.423122e+04	-3.072106e-03	3.823710e-02	0.000000e+00	-4.926800e+03	9.915802e+04
9.044000e-02	9.009722e+04	-3.117688e-03	3.836764e-02	0.000000e+00	-5.893012e+03	9.599023e+04
9.163000e-02	9.319937e+04	-3.163421e-03	3.849744e-02	0.000000e+00	-6.666201e+03	9.986557e+04
9.282000e-02	9.576487e+04	-3.209311e-03	3.863126e-02	0.000000e+00	-3.457616e+03	9.922249e+04
9.401000e-02	8.379382e+04	-3.255363e-03	3.875842e-02	0.000000e+00	-3.567088e+03	8.736091e+04
9.520000e-02	9.315810e+04	-3.301556e-03	3.888373e-02	0.000000e+00	-4.977424e+03	9.813553e+04
9.639000e-02	9.745901e+04	-3.347907e-03	3.901872e-02	0.000000e+00	-8.452662e+03	1.059117e+05
9.758000e-02	9.977057e+04	-3.394421e-03	3.915839e-02	0.000000e+00	-7.307979e+03	1.070786e+05
9.877000e-02	1.027200e+05	-3.441104e-03	3.930178e-02	0.000000e+00	-4.602980e+03	1.073230e+05
9.996000e-02	1.184202e+05	-3.487959e-03	3.945839e-02	0.000000e+00	-3.197884e+03	1.216181e+05
1.011500e-01	1.177962e+05	-3.535015e-03	3.962567e-02	0.000000e+00	-6.244308e+03	1.240405e+05
1.023400e-01	1.039028e+05	-3.582268e-03	3.978267e-02	0.000000e+00	-4.900863e+03	1.088037e+05
1.035300e-01	8.706507e+04	-3.629697e-03	3.991790e-02	0.000000e+00	-6.159725e+03	9.322480e+04
1.047200e-01	8.810114e+04	-3.677273e-03	4.004195e-02	0.000000e+00	-5.532049e+03	9.363319e+04
1.059100e-01	9.978387e+04	-3.724997e-03	4.017500e-02	0.000000e+00	-4.616364e+03	1.044002e+05
1.071000e-01	1.074935e+05	-3.772889e-03	4.032179e-02	0.000000e+00	-7.414914e+03	1.149084e+05
1.082900e-01	1.031258e+05	-3.820963e-03	4.047094e-02	0.000000e+00	-5.891514e+03	1.090173e+05
1.094800e-01	1.068984e+05	-3.869210e-03	4.061968e-02	0.000000e+00	-3.110151e+03	1.100085e+05
1.106700e-01	1.103084e+05	-3.917638e-03	4.077349e-02	0.000000e+00	-4.041306e+03	1.143497e+05
1.118600e-01	9.896457e+04	-3.966251e-03	4.092169e-02	0.000000e+00	-2.709628e+03	1.016742e+05
1.130500e-01	1.110202e+05	-4.015031e-03	4.107040e-02	0.000000e+00	-2.893264e+03	1.139134e+05
1.142400e-01	1.209516e+05	-4.063999e-03	4.123467e-02	0.000000e+00	-2.437317e+03	1.233889e+05
1.154300e-01	1.227124e+05	-4.113170e-03	4.140723e-02	0.000000e+00	-3.241052e+03	1.259534e+05
1.166200e-01	1.115863e+05	-4.162548e-03	4.157315e-02	0.000000e+00	-5.067018e+03	1.166533e+05
1.178100e-01	1.125868e+05	-4.212114e-03	4.173190e-02	0.000000e+00	-7.387661e+03	1.199744e+05
1.190000e-01	1.172017e+05	-4.261870e-03	4.189463e-02	0.000000e+00	-5.513122e+03	1.227148e+05
1.201900e-01	1.143334e+05	-4.311823e-03	4.205859e-02	0.000000e+00	-4.117083e+03	1.184505e+05
1.213800e-01	1.124267e+05	-4.361969e-03	4.221918e-02	0.000000e+00	-4.656625e+03	1.170834e+05
1.225700e-01	1.017519e+05	-4.412305e-03	4.237085e-02	0.000000e+00	-9.200833e+03	1.109528e+05
1.237600e-01	1.071621e+05	-4.462812e-03	4.251879e-02	0.000000e+00	-8.630638e+03	1.157928e+05
1.249500e-01	1.185273e+05	-4.513500e-03	4.267862e-02	0.000000e+00	-4.471292e+03	1.229986e+05
1.261400e-01	1.174659e+05	-4.564387e-03	4.284574e-02	0.000000e+00	-3.831383e+03	1.212973e+05
1.273300e-01	1.231470e+05	-4.615472e-03	4.301614e-02	0.000000e+00	-5.277901e+03	1.284249e+05
1.285200e-01	1.122513e+05	-4.666765e-03	4.318284e-02	0.000000e+00	-5.952929e+03	1.182043e+05
1.297100e-01	1.221329e+05	-4.718248e-03	4.334882e-02	0.000000e+00	-7.388930e+03	1.295218e+05
1.309000e-01	1.230447e+05	-4.769936e-03	4.352245e-02	0.000000e+00	-6.082725e+03	1.291274e+05
1.320900e-01	1.154303e+05	-4.821831e-03	4.369132e-02	0.000000e+00	-4.832589e+03	1.202629e+05
1.332800e-01	1.083394e+05	-4.873921e-03	4.384979e-02	0.000000e+00	-6.367788e+03	1.147072e+05
1.344700e-01	1.055780e+05	-4.926194e-03	4.400128e-02	0.000000e+00	-6.669512e+03	1.122475e+05
1.356600e-01	1.225998e+05	-4.978644e-03	4.416287e-02	0.000000e+00	-7.165238e+03	1.297650e+05
1.368500e-01	1.300143e+05	-5.031301e-03	4.434176e-02	0.000000e+00	-5.314375e+03	1.353286e+05
1.380400e-01	1.324680e+05	-5.084177e-03	4.452764e-02	0.000000e+00	-4.336621e+03	1.368046e+05
1.392300e-01	1.153102e+05	-5.137277e-03	4.470311e-02	0.000000e+00	-5.266355e+03	1.205766e+05
1.404200e-01	1.238083e+05	-5.190571e-03	4.487244e-02	0.000000e+00	-6.117906e+03	1.299262e+05
1.416100e-01	1.210065e+05	-5.244073e-03	4.504581e-02	0.000000e+00	-5.268694e+03	1.262752e+05
1.428000e-01	1.150333e+05	-5.297780e-03	4.521297e-02	0.000000e+00	-6.747607e+03	1.217809e+05
1.439900e-01	1.266268e+05	-5.351680e-03	4.538410e-02	0.000000e+00	-4.444368e+03	1.310711e+05
1.451800e-01	1.407974e+05	-5.405794e-03	4.557348e-02	0.000000e+00	-6.314023e+03	1.471114e+05
1.463700e-01	1.232302e+05	-5.460145e-03	4.576046e-02	0.000000e+00	-5.614349e+03	1.288445e+05
1.475600e-01	1.274694e+05	-5.514704e-03	4.593799e-02	0.000000e+00	-4.115443e+03	1.315848e+05
1.487500e-01	1.216487e+05	-5.569478e-03	4.611441e-02	0.000000e+00	-8.188087e+03	1.298368e+05
1.499400e-01	1.404865e+05	-5.624456e-03	4.630005e-02	0.000000e+00	-5.773472e+03	1.462600e+05
1.511300e-01	1.356492e+05	-5.679672e-03	4.649560e-02	0.000000e+00	-5.029102e+03	1.406783e+05
1.523200e-01	1.327811e+05	-5.735116e-03	4.668569e-02	0.000000e+00	-6.876279e+03	1.396574e+05
1.535100e-01	1.291313e+05	-5.790784e-03	4.687117e-02	0.000000e+00	-5.526076e+03	1.346573e+05
1.547000e-01	1.213648e+05	-5.846669e-03	4.704856e-02	0.000000e+00	-5.623688e+03	1.269885e+05
1.558900e-01	1.224977e+05	-5.902759e-03	4.722125e-02	0.000000e+00	-2.966006e+03	1.254637e+05
1.570800e-01	1.280651e+05	-5.959056e-03	4.739869e-02	0.000000e+00	-4.335323e+03	1.324004e+05
1.582700e-01	1.300596e+05	-6.015568e-03	4.758149e-02	0.000000e+00	-5.965207e+03	1.360248e+05
1.594600e-01	1.242174e+05	-6.072300e-03	4.776156e-02	0.000000e+00	-6.479939e+03	1.306973e+05
1.606500e-01	1.252656e+05	-6.129241e-03	4.793823e-02	0.000000e+00	-6.256828e+03	1.315224e+05
1.618400e-01	1.423375e+05	-6.186393e-03	4.812774e-02	0.000000e+00	-5.843949e+03	1.481814e+05
1.630300e-01	1.444840e+05	-6.243785e-03	4.833086e-02	0.000000e+00	-2.323956e+03	1.468080e+05
1.642200e-01	1.466112e+05	-6.301420e-03	4.853700e-02	0.000000e+00	-2.078712e+03	1.486899e+05
1.654100e-01	1.445036e+05	-6.359303e-03	4.874316e-02	0.000000e+00	-5.599263e+03	1.501028e+05
1.666000e-01	1.204173e+05	-6.417429e-03	4.893076e-02	0.000000e+00	-9.542678e+03	1.299600e+05
1.677900e-01	1.341005e+05	-6.475758e-03	4.911100e-02	0.000000e+00	-6.109025e+03	1.402095e+05
1.689800e-01	1.464933e+05	-6.534313e-03	4.930971e-02	0.000000e+00	-3.337820e+03	1.498312e+05
1.701700e-01	1.318766e+05	-6.593115e-03	4.950684e-02	0.000000e+00	-5.420288e+03	1.372969e+05
1.713600e-01	1.228695e+05	-6.652139e-03	4.968725e-02	0.000000e+00	-2.694703e+03	1.255642e+05
1.725500e-01	1.317528e+05	-6.711371e-03	4.986756e-02	0.000000e+00	-5.980955e+03	1.377337e+05
1.737400e-01	1.282569e+05	-6.770824e-03	5.005169e-02	0.000000e+00	-6.898536e+03	1.351554e+05
1.749300e-01	1.379418e+05	-6.830494e-03	5.024020e-02	0.000000e+00	-3.445947e+03	1.413878e+05
1.761200e-01	1.430042e+05	-6.890396e-03	5.043916e-02	0.000000e+00	-2.430580e+03	1.454348e+05
1.773100e-01	1.443897e+05	-6.950539e-03	5.064268e-02	0.000000e+00	-3.333100e+03	1.477228e+05
1.785000e-01	1.358837e+05	-7.010925e-03	5.084116e-02	0.000000e+00	-2.567680e+03	1.384513e+05
1.796900e-01	1.431487e+05	-7.071541e-03	5.103876e-02	0.000000e+00	-2.854074e+03	1.460028e+05
1.808800e-01	1.469660e+05	-7.132398e-03	5.124421e-02	0.000000e+00	-3.838849e+03	1.508049e+05
1.820700e-01	1.482605e+05	-7.193502e-03	5.145328e-02	0.000000e+00	-3.897787e+03	1.521582e+05
1.832600e-01	1.531855e+05	-7.254856e-03	5.166675e-02	0.000000e+00	-5.778487e+03	1.589640e+05
1.844500e-01	1.227327e+05	-7.316469e-03	5.186215e-02	0.000000e+00	-6.845231e+03	1.295779e+05
1.856400e-01	1.399462e+05	-7.378288e-03	5.204817e-02	0.000000e+00	-4.731828e+03	1.446780e+05
1.868300e-01	1.557079e+05	-7.440344e-03	5.225754e-02	0.000000e+00	-4.856998e+03	1.605649e+05
1.880200e-01	1.471544e+05	-7.502661e-03	5.247202e-02	0.000000e+00	-4.630233e+03	1.517846e+05
1.892100e-01	1.411578e+05	-7.565227e-03	5.267619e-02	0.000000e+00	-4.371249e+03	1.455291e+05
1.904000e-01	1.468876e+05	-7.628031e-03	5.288017e-02	0.000000e+00	-3.407165e+03	1.502947e+05
1.915900e-01	1.504330e+05	-7.691082e-03	5.309072e-02	0.000000e+00	-6.057248e+03	1.564903e+05
1.927800e-01	1.428378e+05	-7.754386e-03	5.329841e-02	0.000000e+00	-4.126379e+03	1.469642e+05
1.939700e-01	1.422339e+05	-7.817932e-03	5.350029e-02	0.000000e+00	-4.943740e+03	1.471777e+05
1.951600e-01	1.468228e+05	-7.881717e-03	5.370499e-02	0.000000e+00	-5.455057e+03	1.522779e+05
1.963500e-01	1.404405e+05	-7.945750e-03	5.390842e-02	0.000000e+00	-3.159353e+03	1.435999e+05
1.975400e-01	1.546310e+05	-8.010019e-03	5.411737e-02	0.000000e+00	-5.614095e+03	1.602451e+05
1.987300e-01	1.408813e+05	-8.074549e-03	5.432665e-02	0.000000e+00	-4.755318e+03	1.456366e+05
1.999200e-01	1.511947e+05	-8.139317e-03	5.453348e-02	0.000000e+00	-3.431456e+03	1.546262e+05
2.011100e-01	1.446603e+05	-8.204339e-03	5.474300e-02	0.000000e+00	-4.287583e+03	1.489478e+05
2.023000e-01	1.535195e+05	-8.269605e-03	5.495416e-02	0.000000e+00	-6.115958e+03	1.596355e+05
2.034900e-01	1.534914e+05	-8.335130e-03	5.517157e-02	0.000000e+00	-2.991365e+03	1.564828e+05
2.046800e-01	1.432157e+05	-8.400913e-03	5.538169e-02	0.000000e+00	-3.514946e+03	1.467307e+05
2.058700e-01	1.536106e+05	-8.466938e-03	5.559189e-02	0.000000e+00	-3.241893e+03	1.568525e+05
2.070600e-01	1.511846e+05	-8.533222e-03	5.580774e-02	0.000000e+00	-2.227236e+03	1.534118e+05
2.082500e-01	1.523283e+05	-8.599761e-03	5.602267e-02	0.000000e+00	-4.963759e+03	1.572921e+05
2.094400e-01	1.633620e+05	-8.666556e-03	5.624624e-02	0.000000e+00	-2.523509e+03	1.658855e+05
2.106300e-01	1.447529e+05	-8.733627e-03	5.646443e-02	0.000000e+00	-5.469848e+03	1.502227e+05
2.118200e-01	1.615525e+05	-8.800941e-03	5.668135e-02	0.000000e+00	-4.809254e+03	1.663618e+05
2.130100e-01	1.796547e+05	-8.868528e-03	5.692298e-02	0.000000e+00	-3.503646e+03	1.831583e+05
2.142000e-01	1.733356e+05	-8.936418e-03	5.717295e-02	0.000000e+00	-4.933376e+03	1.782690e+05
2.153900e-01	1.508831e+05	-9.004600e-03	5.740255e-02	0.000000e+00	-4.164190e+03	1.550473e+05
2.165800e-01	1.613558e+05	-9.073036e-03	5.762367e-02	0.000000e+00	-2.405830e+03	1.637616e+05
2.177700e-01	1.598334e+05	-9.141744e-03	5.785112e-02	0.000000e+00	-2.684708e+03	1.625181e+05
2.189600e-01	1.612402e+05	-9.210722e-03	5.807850e-02	0.000000e+00	-5.964954e+03	1.672051e+05
2.201500e-01	1.485318e+05	-9.279971e-03	5.829787e-02	0.000000e+00	-5.431439e+03	1.539632e+05
2.213400e-01	1.636156e+05	-9.349471e-03	5.851892e-02	0.000000e+00	-2.287398e+03	1.659030e+05
2.225300e-01	1.547317e+05	-9.419246e-03	5.874436e-02	0.000000e+00	-2.888300e+03	1.576200e+05
2.237200e-01	1.593529e+05	-9.489282e-03	5.896678e-02	0.000000e+00	-5.216645e+03	1.645695e+05
2.249100e-01	1.494862e+05	-9.559587e-03	5.918549e-02	0.000000e+00	-6.890886e+03	1.563771e+05
2.261000e-01	1.569353e+05	-9.630144e-03	5.940249e-02	0.000000e+00	-3.734791e+03	1.606701e+05
2.272900e-01	1.623891e+05	-9.700965e-03	5.962862e-02	0.000000e+00	-2.135344e+03	1.645244e+05
2.284800e-01	1.469961e+05	-9.772060e-03	5.984772e-02	0.000000e+00	-5.709562e+03	1.527056e+05
2.296700e-01	1.570199e+05	-9.843402e-03	6.006301e-02	0.000000e+00	-5.222663e+03	1.622426e+05
2.308600e-01	1.627698e+05	-9.915010e-03	6.028948e-02	0.000000e+00	-5.032327e+03	1.678022e+05
2.320500e-01	1.686753e+05	-9.986891e-03	6.052420e-02	0.000000e+00	-4.282692e+03	1.729580e+05
2.332400e-01	1.563998e+05	-1.005906e-02	6.075440e-02	0.000000e+00	-6.623188e+03	1.630230e+05
2.344300e-01	1.542255e+05	-1.013149e-02	6.097438e-02	0.000000e+00	-5.067895e+03	1.592933e+05
2.356200e-01	1.590948e+05	-1.020418e-02	6.119626e-02	0.000000e+00	-4.265740e+03	1.633605e+05
2.368100e-01	1.635656e+05	-1.027713e-02	6.142475e-02	0.000000e+00	-3.598881e+03	1.671645e+05
2.380000e-01	1.835732e+05	-1.035037e-02	6.167059e-02	0.000000e+00	-2.730826e+03	1.863040e+05
2.391900e-01	1.701740e+05	-1.042391e-02	6.192110e-02	0.000000e+00	-3.516868e+03	1.736909e+05
2.403800e-01	1.722112e+05	-1.049774e-02	6.216356e-02	0.000000e+00	-3.203813e+03	1.754150e+05
2.415700e-01	1.750522e+05	-1.057186e-02	6.240948e-02	0.000000e+00	-2.683362e+03	1.777356e+05
2.427600e-01	1.683679e+05	-1.064627e-02	6.265268e-02	0.000000e+00	-2.843702e+03	1.712116e+05
2.439500e-01	1.464200e+05	-1.072097e-02	6.287560e-02	0.000000e+00	-5.155364e+03	1.515754e+05
2.451400e-01	1.681214e+05	-1.079592e-02	6.309835e-02	0.000000e+00	-1.556361e+03	1.696777e+05
2.463300e-01	1.540166e+05	-1.087115e-02	6.332648e-02	0.000000e+00	-3.472791e+03	1.574894e+05
2.475200e-01	1.518166e+05	-1.094664e-02	6.354306e-02	0.000000e+00	-3.890015e+03	1.557067e+05
2.487100e-01	1.719749e+05	-1.102238e-02	6.377235e-02	0.000000e+00	-2.634487e+03	1.746094e+05
2.499000e-01	1.524414e+05	-1.109841e-02	6.400209e-02	0.000000e+00	-3.772348e+03	1.562138e+05
2.510900e-01	1.726030e+05	-1.117470e-02	6.423228e-02	0.000000e+00	-2.711794e+03	1.753148e+05
2.522800e-01	1.635605e+05	-1.125129e-02	6.447034e-02	0.000000e+00	-2.408457e+03	1.659689e+05
2.534700e-01	1.670176e+05	-1.132814e-02	6.470444e-02	0.000000e+00	-3.185979e+03	1.702035e+05
2.546600e-01	1.566680e+05	-1.140528e-02	6.493366e-02	0.000000e+00	-2.220528e+03	1.588885e+05
2.558500e-01	1.642725e+05	-1.148269e-02	6.516094e-02	0.000000e+00	-3.123809e+03	1.673963e+05
2.570400e-01	1.651771e+05	-1.156037e-02	6.539425e-02	0.000000e+00	-2.320955e+03	1.674981e+05
2.582300e-01	1.548878e+05	-1.163832e-02	6.562091e-02	0.000000e+00	-4.846374e+03	1.597341e+05
2.594200e-01	1.879023e+05	-1.171654e-02	6.586366e-02	0.000000e+00	-4.472488e+03	1.923748e+05
2.606100e-01	1.815323e+05	-1.179508e-02	6.612528e-02	0.000000e+00	-3.678362e+03	1.852106e+05
2.618000e-01	1.603152e+05	-1.187392e-02	6.636736e-02	0.000000e+00	-4.852457e+03	1.651677e+05
2.629900e-01	1.740228e+05	-1.195303e-02	6.660413e-02	0.000000e+00	-3.260885e+03	1.772837e+05
2.641800e-01	1.733436e+05	-1.203244e-02	6.685012e-02	0.000000e+00	-2.739578e+03	1.760832e+05
2.653700e-01	1.701249e+05	-1.211214e-02	6.709335e-02	0.000000e+00	-3.640775e+03	1.737657e+05
2.665600e-01	1.642280e+05	-1.219212e-02	6.733013e-02	0.000000e+00	-4.448098e+03	1.686761e+05
2.677500e-01	1.743365e+05	-1.227238e-02	6.756989e-02	0.000000e+00	-6.383051e+03	1.807196e+05
2.689400e-01	1.591019e+05	-1.235294e-02	6.780602e-02	0.000000e+00	-4.559125e+03	1.636611e+05
2.701300e-01	1.700996e+05	-1.243376e-02	6.803915e-02	0.000000e+00	-3.383987e+03	1.734836e+05
2.713200e-01	1.752514e+05	-1.251487e-02	6.828371e-02	0.000000e+00	-2.244450e+03	1.774959e+05
2.725100e-01	1.584278e+05	-1.259628e-02	6.852001e-02	0.000000e+00	-2.751533e+03	1.611793e+05
2.737000e-01	1.528159e+05	-1.267795e-02	6.874043e-02	0.000000e+00	-6.325686e+03	1.591416e+05
2.748900e-01	1.600999e+05	-1.275988e-02	6.896202e-02	0.000000e+00	-4.357688e+03	1.644576e+05
2.760800e-01	1.636736e+05	-1.284208e-02	6.919131e-02	0.000000e+00	-3.262760e+03	1.669363e+05
2.772700e-01	1.622476e+05	-1.292455e-02	6.942211e-02	0.000000e+00	-2.369294e+03	1.646169e+05
2.784600e-01	1.748018e+05	-1.300730e-02	6.966080e-02	0.000000e+00	-1.623410e+03	1.764252e+05
2.796500e-01	1.579451e+05	-1.309035e-02	6.989644e-02	0.000000e+00	-2.350752e+03	1.602959e+05
2.808400e-01	1.745782e+05	-1.317366e-02	7.013192e-02	0.000000e+00	-4.357582e+03	1.789358e+05
2.820300e-01	1.682387e+05	-1.325726e-02	7.037469e-02	0.000000e+00	-2.907920e+03	1.711466e+05
2.832200e-01	1.742368e+05	-1.334115e-02	7.061722e-02	0.000000e+00	-2.217944e+03	1.764547e+05
2.844100e-01	1.783332e+05	-1.342533e-02	7.086690e-02	0.000000e+00	-6.003276e+03	1.843365e+05
2.856000e-01	1.792979e+05	-1.350981e-02	7.112016e-02	0.000000e+00	-6.516620e+03	1.858145e+05
2.867900e-01	1.794810e+05	-1.359460e-02	7.137423e-02	0.000000e+00	-4.667706e+03	1.841487e+05
2.879800e-01	1.722736e+05	-1.367968e-02	7.162333e-02	0.000000e+00	-7.450977e+03	1.797246e+05
2.891700e-01	1.744785e+05	-1.376506e-02	7.186889e-02	0.000000e+00	-4.181931e+03	1.786604e+05
2.903600e-01	1.840775e+05	-1.385073e-02	7.212281e-02	0.000000e+00	-5.421651e+03	1.894991e+05
2.915500e-01	1.819665e+05	-1.393671e-02	7.238203e-02	0.000000e+00	-3.602788e+03	1.855693e+05
2.927400e-01	1.691624e+05	-1.402300e-02	7.263069e-02	0.000000e+00	-5.480333e+03	1.746427e+05
2.939300e-01	1.627545e+05	-1.410957e-02	7.286574e-02	0.000000e+00	-4.729577e+03	1.674841e+05
2.951200e-01	1.662646e+05	-1.419642e-02	7.309874e-02	0.000000e+00	-5.923837e+03	1.721885e+05
2.963100e-01	1.636222e+05	-1.428355e-02	7.333235e-02	0.000000e+00	-4.900609e+03	1.685228e+05
2.975000e-01	1.763279e+05	-1.437095e-02	7.357309e-02	0.000000e+00	-3.793122e+03	1.801211e+05
2.986900e-01	1.732214e+05	-1.445865e-02	7.382063e-02	0.000000e+00	-2.947290e+03	1.761687e+05
2.998800e-01	1.823974e+05	-1.454664e-02	7.407247e-02	0.000000e+00	-1.828257e+03	1.842256e+05
3.010700e-01	1.751766e+05	-1.463494e-02	7.432569e-02	0.000000e+00	-1.673844e+03	1.768505e+05
3.022600e-01	1.918387e+05	-1.472354e-02	7.458560e-02	0.000000e+00	-3.604990e+03	1.954437e+05
3.034500e-01	1.810853e+05	-1.481246e-02	7.484969e-02	0.000000e+00	-3.645579e+03	1.847309e+05
3.046400e-01	1.723055e+05	-1.490168e-02	7.509995e-02	0.000000e+00	-4.263596e+03	1.765691e+05
3.058300e-01	1.743116e+05	-1.499120e-02	7.534541e-02	0.000000e+00	-3.618453e+03	1.779301e+05
3.070200e-01	1.557986e+05	-1.508100e-02	7.557918e-02	0.000000e+00	-4.430212e+03	1.602288e+05
3.082100e-01	1.601120e+05	-1.517107e-02	7.580290e-02	0.000000e+00	-2.947452e+03	1.630594e+05
3.094000e-01	1.670409e+05	-1.526141e-02	7.603458e-02	0.000000e+00	-2.303355e+03	1.693442e+05
3.105900e-01	1.865605e+05	-1.535204e-02	7.628498e-02	0.000000e+00	-1.017729e+03	1.875782e+05
3.117800e-01	1.850762e+05	-1.544297e-02	7.654816e-02	0.000000e+00	-3.116773e+03	1.881930e+05
3.129700e-01	1.879896e+05	-1.553422e-02	7.681236e-02	0.000000e+00	-3.717933e+03	1.917075e+05
3.141600e-01	1.720348e+05	-1.562579e-02	7.706731e-02	0.000000e+00	-3.810499e+03	1.758453e+05
3.153500e-01	1.848594e+05	-1.571764e-02	7.732005e-02	0.000000e+00	-3.518696e+03	1.883781e+05
3.165400e-01	1.866201e+05	-1.580981e-02	7.758312e-02	0.000000e+00	-1.633975e+03	1.882541e+05
3.177300e-01	1.835489e+05	-1.590229e-02	7.784526e-02	0.000000e+00	-1.502819e+03	1.850517e+05
3.189200e-01	1.935189e+05	-1.599508e-02	7.811229e-02	0.000000e+00	-2.705221e+03	1.962241e+05
3.201100e-01	1.931400e+05	-1.608820e-02	7.838611e-02	0.000000e+00	-5.008854e+03	1.981489e+05
3.213000e-01	1.918350e+05	-1.618164e-02	7.865873e-02	0.000000e+00	-5.306082e+03	1.971410e+05
3.224900e-01	1.689725e+05	-1.627540e-02	7.891424e-02	0.000000e+00	-7.001792e+03	1.759743e+05
3.236800e-01	1.771469e+05	-1.636945e-02	7.915935e-02	0.000000e+00	-2.862824e+03	1.800097e+05
3.248700e-01	1.697799e+05	-1.646380e-02	7.940503e-02	0.000000e+00	-3.728011e+03	1.735079e+05
3.260600e-01	1.588703e+05	-1.655844e-02	7.963777e-02	0.000000e+00	-2.432593e+03	1.613029e+05
3.272500e-01	1.863780e+05	-1.665334e-02	7.988226e-02	0.000000e+00	-3.042411e+03	1.894205e+05
3.284400e-01	1.756311e+05	-1.674856e-02	8.013863e-02	0.000000e+00	-3.590712e+03	1.792219e+05
3.296300e-01	1.768940e+05	-1.684407e-02	8.038827e-02	0.000000e+00	-5.570248e+03	1.824642e+05
3.308200e-01	1.890006e+05	-1.693988e-02	8.064739e-02	0.000000e+00	-5.208701e+03	1.942093e+05
3.320100e-01	1.716262e+05	-1.703601e-02	8.090277e-02	0.000000e+00	-4.916054e+03	1.765422e+05
3.332000e-01	1.771794e+05	-1.713243e-02	8.114978e-02	0.000000e+00	-4.462921e+03	1.816424e+05
3.343900e-01	1.722024e+05	-1.722915e-02	8.139720e-02	0.000000e+00	-3.610595e+03	1.758130e+05
3.355800e-01	1.763929e+05	-1.732616e-02	8.164406e-02	0.000000e+00	-4.482574e+03	1.808755e+05
3.367700e-01	1.792129e+05	-1.742346e-02	8.189589e-02	0.000000e+00	-7.343253e+03	1.865561e+05
3.379600e-01	1.813697e+05	-1.752107e-02	8.215124e-02	0.000000e+00	-6.843798e+03	1.882135e+05
3.391500e-01	1.790952e+05	-1.761898e-02	8.240651e-02	0.000000e+00	-7.454258e+03	1.865495e+05
3.403400e-01	1.912045e+05	-1.771720e-02	8.266875e-02	0.000000e+00	-5.497595e+03	1.967021e+05
3.415300e-01	1.922092e+05	-1.781573e-02	8.294027e-02	0.000000e+00	-3.805025e+03	1.960142e+05
3.427200e-01	1.647329e+05	-1.791459e-02	8.319304e-02	0.000000e+00	-1.750143e+03	1.664830e+05
3.439100e-01	1.813331e+05	-1.801373e-02	8.343811e-02	0.000000e+00	-4.199324e+03	1.855324e+05
3.451000e-01	1.683252e+05	-1.811318e-02	8.368573e-02	0.000000e+00	-7.102413e+03	1.754276e+05
3.462900e-01	1.768462e+05	-1.821290e-02	8.393016e-02	0.000000e+00	-3.170024e+03	1.800162e+05
3.474800e-01	1.665038e+05	-1.831293e-02	8.417331e-02	0.000000e+00	-3.007846e+03	1.695117e+05
3.486700e-01	1.756342e+05	-1.841324e-02	8.441560e-02	0.000000e+00	-2.206534e+03	1.778408e+05
3.498600e-01	1.904405e+05	-1.851384e-02	8.467484e-02	0.000000e+00	-5.590507e+03	1.960310e+05
3.510500e-01	1.950499e+05	-1.861476e-02	8.494783e-02	0.000000e+00	-1.089740e+03	1.961397e+05
3.522400e-01	1.974615e+05	-1.871602e-02	8.522580e-02	0.000000e+00	-2.134587e+03	1.995961e+05
3.534300e-01	1.728055e+05	-1.881760e-02	8.548801e-02	0.000000e+00	-1.990665e+03	1.747961e+05
3.546200e-01	1.578743e+05	-1.891948e-02	8.572218e-02	0.000000e+00	-1.692468e+03	1.595667e+05
3.558100e-01	1.905027e+05	-1.902162e-02	8.596889e-02	0.000000e+00	-2.707203e+03	1.932099e+05
3.570000e-01	1.897253e+05	-1.912408e-02	8.623816e-02	0.000000e+00	-1.338675e+03	1.910639e+05
3.581900e-01	1.651088e+05	-1.922687e-02	8.648944e-02	0.000000e+00	-3.815912e+03	1.689247e+05
3.593800e-01	1.753847e+05	-1.932993e-02	8.673056e-02	0.000000e+00	-4.188045e+03	1.795727e+05
3.605700e-01	1.924015e+05	-1.943328e-02	8.699102e-02	0.000000e+00	-2.433266e+03	1.948347e+05
3.617600e-01	1.884620e+05	-1.953697e-02	8.726073e-02	0.000000e+00	-3.240646e+03	1.917027e+05
3.629500e-01	1.588834e+05	-1.964097e-02	8.750671e-02	0.000000e+00	-4.706034e+03	1.635895e+05
3.641400e-01	1.801218e+05	-1.974523e-02	8.774678e-02	0.000000e+00	-3.366202e+03	1.834880e+05
3.653300e-01	1.892478e+05	-1.984980e-02	8.800835e-02	0.000000e+00	-4.385151e+03	1.936330e+05
3.665200e-01	1.977158e+05	-1.995469e-02	8.828239e-02	0.000000e+00	-4.898441e+03	2.026143e+05
3.677100e-01	1.946348e+05	-2.005991e-02	8.856024e-02	0.000000e+00	-4.523503e+03	1.991583e+05
3.689000e-01	1.845171e+05	-2.016547e-02	8.882874e-02	0.000000e+00	-4.235725e+03	1.887529e+05
3.700900e-01	1.991547e+05	-2.027133e-02	8.910044e-02	0.000000e+00	-3.953862e+03	2.031085e+05
3.712800e-01	1.921407e+05	-2.037752e-02	8.937754e-02	0.000000e+00	-3.268097e+03	1.954088e+05
3.724700e-01	1.932932e+05	-2.048405e-02	8.965049e-02	0.000000e+00	-3.417411e+03	1.967106e+05
3.736600e-01	1.828995e+05	-2.059089e-02	8.991690e-02	0.000000e+00	-4.268528e+03	1.871680e+05
3.748500e-01	2.007746e+05	-2.069805e-02	9.018860e-02	0.000000e+00	-5.380922e+03	2.061555e+05
3.760400e-01	1.970497e+05	-2.080554e-02	9.047033e-02	0.000000e+00	-1.987723e+03	1.990374e+05
3.772300e-01	1.831107e+05	-2.091337e-02	9.073955e-02	0.000000e+00	-3.163920e+03	1.862746e+05
3.784200e-01	1.908513e+05	-2.102150e-02	9.100437e-02	0.000000e+00	-4.000305e+03	1.948516e+05
3.796100e-01	1.903516e+05	-2.112996e-02	9.127433e-02	0.000000e+00	-6.102980e+03	1.964545e+05
3.808000e-01	1.967479e+05	-2.123873e-02	9.154846e-02	0.000000e+00	-4.122408e+03	2.008703e+05
3.819900e-01	1.746693e+05	-2.134784e-02	9.181148e-02	0.000000e+00	-4.229812e+03	1.788991e+05
3.831800e-01	1.869709e+05	-2.145725e-02	9.206758e-02	0.000000e+00	-3.232287e+03	1.902032e+05
3.843700e-01	1.929393e+05	-2.156696e-02	9.233662e-02	0.000000e+00	-4.906356e+03	1.978457e+05
3.855600e-01	1.923504e+05	-2.167701e-02	9.260947e-02	0.000000e+00	-6.015189e+03	1.983656e+05
3.867500e-01	1.835683e+05	-2.178737e-02	9.287568e-02	0.000000e+00	-4.422598e+03	1.879909e+05
3.879400e-01	1.697997e+05	-2.189805e-02	9.312592e-02	0.000000e+00	-3.596786e+03	1.733965e+05
3.891300e-01	1.883671e+05	-2.200901e-02	9.337957e-02	0.000000e+00	-4.074334e+03	1.924414e+05
3.903200e-01	1.769344e+05	-2.212029e-02	9.363826e-02	0.000000e+00	-5.581809e+03	1.825162e+05
3.915100e-01	1.912690e+05	-2.223187e-02	9.389901e-02	0.000000e+00	-2.825764e+03	1.940948e+05
3.927000e-01	1.779279e+05	-2.234377e-02	9.416046e-02	0.000000e+00	-2.764676e+03	1.806925e+05
3.938900e-01	1.860424e+05	-2.245597e-02	9.441821e-02	0.000000e+00	-2.407064e+03	1.884495e+05
3.950800e-01	1.883831e+05	-2.256849e-02	9.468337e-02	0.000000e+00	-2.989112e+03	1.913722e+05
3.962700e-01	1.817310e+05	-2.268132e-02	9.494547e-02	0.000000e+00	-3.952963e+03	1.856840e+05
3.974600e-01	1.780022e+05	-2.279446e-02	9.520022e-02	0.000000e+00	-6.975925e+03	1.849781e+05
3.986500e-01	1.933076e+05	-2.290790e-02	9.546317e-02	0.000000e+00	-3.464907e+03	1.967725e+05
3.998400e-01	2.039150e+05	-2.302166e-02	9.574447e-02	0.000000e+00	-4.518783e+03	2.084338e+05
4.010300e-01	1.923281e+05	-2.313577e-02	9.602507e-02	0.000000e+00	-2.335941e+03	1.946640e+05
4.022200e-01	1.928761e+05	-2.325020e-02	9.629786e-02	0.000000e+00	-4.203583e+03	1.970797e+05
4.034100e-01	1.892177e+05	-2.336496e-02	9.656844e-02	0.000000e+00	-6.687669e+03	1.959053e+05
4.046000e-01	1.948809e+05	-2.348003e-02	9.684045e-02	0.000000e+00	-3.129222e+03	1.980101e+05
4.057900e-01	1.873358e+05	-2.359544e-02	9.711112e-02	0.000000e+00	-2.233527e+03	1.895693e+05
4.069800e-01	1.892118e+05	-2.371116e-02	9.737778e-02	0.000000e+00	-2.523175e+03	1.917349e+05
4.081700e-01	1.723235e+05	-2.382720e-02	9.763381e-02	0.000000e+00	-1.155793e+03	1.734793e+05
4.093600e-01	1.940920e+05	-2.394353e-02	9.789329e-02	0.000000e+00	-3.177807e+03	1.972698e+05
4.105500e-01	1.926532e+05	-2.406018e-02	9.816717e-02	0.000000e+00	-5.433057e+03	1.980863e+05
4.117400e-01	1.797539e+05	-2.417717e-02	9.843089e-02	0.000000e+00	-2.958557e+03	1.827124e+05
4.129300e-01	2.070796e+05	-2.429445e-02	9.870484e-02	0.000000e+00	-5.956140e+03	2.130358e+05
4.141200e-01	2.083234e+05	-2.441208e-02	9.899901e-02	0.000000e+00	-4.070932e+03	2.123943e+05
4.153100e-01	2.099798e+05	-2.453007e-02	9.929524e-02	0.000000e+00	-3.101119e+03	2.130809e+05
4.165000e-01	1.985901e+05	-2.464841e-02	9.958457e-02	0.000000e+00	-3.728172e+03	2.023183e+05
4.176900e-01	1.847664e+05	-2.476708e-02	9.985605e-02	0.000000e+00	-6.280389e+03	1.910468e+05
4.188800e-01	1.923267e+05	-2.488606e-02	1.001231e-01	0.000000e+00	-2.720142e+03	1.950468e+05
4.200700e-01	2.026925e+05	-2.500537e-02	1.004028e-01	0.000000e+00	-3.062691e+03	2.057552e+05
4.212600e-01	2.105635e+05	-2.512502e-02	1.006955e-01	0.000000e+00	-3.149286e+03	2.137128e+05
4.224500e-01	1.936757e+05	-2.524503e-02	1.009818e-01	0.000000e+00	-4.371774e+03	1.980475e+05
4.236400e-01	2.014464e+05	-2.536536e-02	1.012616e-01	0.000000e+00	-3.106354e+03	2.045528e+05
4.248300e-01	1.910763e+05	-2.548603e-02	1.015395e-01	0.000000e+00	-1.547561e+03	1.926239e+05
4.260200e-01	2.109675e+05	-2.560702e-02	1.018243e-01	0.000000e+00	-2.046565e+03	2.130141e+05
4.272100e-01	1.954440e+05	-2.572837e-02	1.021121e-01	0.000000e+00	-1.818884e+03	1.972629e+05
4.284000e-01	1.884475e+05	-2.585005e-02	1.023839e-01	0.000000e+00	-2.979699e+02	1.887454e+05
4.295900e-01	2.171811e+05	-2.597204e-02	1.026712e-01	0.000000e+00	-7.733412e+02	2.179544e+05
4.307800e-01	2.015741e+05	-2.609441e-02	1.029677e-01	0.000000e+00	-4.947641e+02	2.020689e+05
4.319700e-01	2.146659e+05	-2.621711e-02	1.032625e-01	0.000000e+00	-3.086910e+03	2.177528e+05
4.331600e-01	1.944546e+05	-2.634017e-02	1.035522e-01	0.000000e+00	-9.485272e+02	1.954031e+05
4.343500e-01	1.972557e+05	-2.646356e-02	1.038296e-01	0.000000e+00	-2.565261e+03	1.998210e+05
4.355400e-01	1.757683e+05	-2.658729e-02	1.040938e-01	0.000000e+00	-3.305779e+03	1.790741e+05
4.367300e-01	1.771161e+05	-2.671131e-02	1.043437e-01	0.000000e+00	-3.720844e+03	1.808369e+05
4.379200e-01	1.844815e+05	-2.683562e-02	1.045997e-01	0.000000e+00	-1.086444e+03	1.855679e+05
4.391100e-01	1.803030e+05	-2.696025e-02	1.048581e-01	0.000000e+00	-3.622263e+03	1.839253e+05
4.403000e-01	1.941758e+05	-2.708519e-02	1.051233e-01	0.000000e+00	-2.501900e+03	1.966777e+05
4.414900e-01	1.789835e+05	-2.721045e-02	1.053875e-01	0.000000e+00	-1.063855e+03	1.800474e+05
4.426800e-01	1.841451e+05	-2.733601e-02	1.056447e-01	0.000000e+00	-5.479591e+02	1.846931e+05
4.438700e-01	1.861694e+05	-2.746188e-02	1.059069e-01	0.000000e+00	-2.384261e+03	1.885537e+05
4.450600e-01	2.081593e+05	-2.758807e-02	1.061862e-01	0.000000e+00	-1.685702e+03	2.098450e+05
4.462500e-01	2.093602e+05	-2.771460e-02	1.064818e-01	0.000000e+00	-6.374535e+03	2.157347e+05
4.474400e-01	2.186966e+05	-2.784149e-02	1.067850e-01	0.000000e+00	-4.795934e+03	2.234925e+05
4.486300e-01	1.889234e+05	-2.796875e-02	1.070736e-01	0.000000e+00	-4.284511e+03	1.932079e+05
4.498200e-01	1.993482e+05	-2.809633e-02	1.073486e-01	0.000000e+00	-2.227356e+03	2.015755e+05
4.510100e-01	1.867654e+05	-2.822424e-02	1.076220e-01	0.000000e+00	-2.547754e+03	1.893131e+05
4.522000e-01	1.785514e+05	-2.835247e-02	1.078807e-01	0.000000e+00	-1.561932e+03	1.801133e+05
4.533900e-01	1.903518e+05	-2.848100e-02	1.081420e-01	0.000000e+00	-1.770364e+03	1.921221e+05
4.545800e-01	1.888811e+05	-2.860985e-02	1.084105e-01	0.000000e+00	-1.951675e+03	1.908328e+05
4.557700e-01	2.127638e+05	-2.873901e-02	1.086950e-01	0.000000e+00	-3.000257e+03	2.157640e+05
4.569600e-01	1.986796e+05	-2.886854e-02	1.089863e-01	0.000000e+00	-3.258727e+03	2.019384e+05
4.581500e-01	2.007438e+05	-2.899840e-02	1.092692e-01	0.000000e+00	-2.609438e+03	2.033533e+05
4.593400e-01	1.818614e+05	-2.912860e-02	1.095401e-01	0.000000e+00	-4.502810e+03	1.863642e+05
4.605300e-01	2.004814e+05	-2.925911e-02	1.098109e-01	0.000000e+00	-3.256847e+03	2.037382e+05
4.617200e-01	1.985764e+05	-2.938995e-02	1.100935e-01	0.000000e+00	-2.715167e+03	2.012915e+05
4.629100e-01	1.735218e+05	-2.952113e-02	1.103570e-01	0.000000e+00	-2.849182e+03	1.763710e+05
4.641000e-01	2.015715e+05	-2.965260e-02	1.106226e-01	0.000000e+00	-3.735991e+03	2.053074e+05
4.652900e-01	1.892786e+05	-2.978441e-02	1.108994e-01	0.000000e+00	-2.706677e+03	1.919853e+05
4.664800e-01	2.052148e+05	-2.991654e-02	1.111788e-01	0.000000e+00	-2.642737e+03	2.078575e+05
4.676700e-01	1.965383e+05	-3.004902e-02	1.114633e-01	0.000000e+00	-3.394170e+03	1.999325e+05
4.688600e-01	2.135295e+05	-3.018182e-02	1.117537e-01	0.000000e+00	-2.156951e+03	2.156864e+05
4.700500e-01	2.101235e+05	-3.031499e-02	1.120537e-01	0.000000e+00	-1.634731e+03	2.117583e+05
4.712400e-01	1.951291e+05	-3.044851e-02	1.123407e-01	0.000000e+00	-3.712022e+03	1.988411e+05
4.724300e-01	2.267327e+05	-3.058236e-02	1.126394e-01	0.000000e+00	-2.407665e+03	2.291404e+05
4.736200e-01	2.067423e+05	-3.071659e-02	1.129464e-01	0.000000e+00	-4.986000e+03	2.117283e+05
4.748100e-01	1.940881e+05	-3.085117e-02	1.132303e-01	0.000000e+00	-5.587434e+03	1.996755e+05
4.760000e-01	1.868843e+05	-3.098608e-02	1.135001e-01	0.000000e+00	-4.100376e+03	1.909847e+05
4.771900e-01	1.877855e+05	-3.112130e-02	1.137654e-01	0.000000e+00	-6.313843e+03	1.940993e+05
4.783800e-01	1.886001e+05	-3.125684e-02	1.140319e-01	0.000000e+00	-4.059167e+03	1.926592e+05
4.795700e-01	1.900800e+05	-3.139270e-02	1.143001e-01	0.000000e+00	-2.985489e+03	1.930655e+05
4.807600e-01	1.964203e+05	-3.152888e-02	1.145738e-01	0.000000e+00	-4.026312e+03	2.004466e+05
4.819500e-01	2.050289e+05	-3.166539e-02	1.148581e-01	0.000000e+00	-8.337542e+02	2.058627e+05
4.831400e-01	2.055659e+05	-3.180224e-02	1.151489e-01	0.000000e+00	-4.495058e+03	2.100610e+05
4.843300e-01	2.063877e+05	-3.193944e-02	1.154406e-01	0.000000e+00	-4.282490e+03	2.106702e+05
4.855200e-01	2.040824e+05	-3.207699e-02	1.157313e-01	0.000000e+00	-2.014953e+03	2.060973e+05
4.867100e-01	1.990560e+05	-3.221488e-02	1.160168e-01	0.000000e+00	-1.908650e+03	2.009646e+05
4.879000e-01	1.970706e+05	-3.235311e-02	1.162973e-01	0.000000e+00	-5.945040e+03	2.030156e+05
4.890900e-01	1.995927e+05	-3.249167e-02	1.165782e-01	0.000000e+00	-3.460439e+03	2.030531e+05
4.902800e-01	2.009124e+05	-3.263056e-02	1.168618e-01	0.000000e+00	-2.151083e+03	2.030635e+05
4.914700e-01	2.249234e+05	-3.276980e-02	1.171634e-01	0.000000e+00	-1.851221e+03	2.267746e+05
4.926600e-01	2.138940e+05	-3.290941e-02	1.174741e-01	0.000000e+00	-4.459121e+03	2.183531e+05
4.938500e-01	2.014700e+05	-3.304939e-02	1.177683e-01	0.000000e+00	-3.501445e+03	2.049714e+05
4.950400e-01	1.937993e+05	-3.318970e-02	1.180482e-01	0.000000e+00	-2.220018e+03	1.960193e+05
4.962300e-01	1.694079e+05	-3.333034e-02	1.183054e-01	0.000000e+00	-4.873382e+03	1.742813e+05
4.974200e-01	1.925466e+05	-3.347127e-02	1.185617e-01	0.000000e+00	-2.306103e+03	1.948527e+05
4.986100e-01	2.042644e+05	-3.361252e-02	1.188427e-01	0.000000e+00	-3.732985e+03	2.079974e+05
4.998000e-01	1.852388e+05	-3.375411e-02	1.191186e-01	0.000000e+00	-2.516905e+03	1.877557e+05
5.009900e-01	1.940498e+05	-3.389602e-02	1.193872e-01	0.000000e+00	-5.401417e+03	1.994512e+05
5.021800e-01	2.070123e+05	-3.403826e-02	1.196712e-01	0.000000e+00	-3.621047e+03	2.106334e+05
5.033700e-01	2.039608e+05	-3.418084e-02	1.199622e-01	0.000000e+00	-2.730855e+03	2.066916e+05
5.045600e-01	1.951420e+05	-3.432377e-02	1.202448e-01	0.000000e+00	-4.158192e+03	1.993002e+05
5.057500e-01	2.072724e+05	-3.446702e-02	1.205298e-01	0.000000e+00	-2.935018e+03	2.102075e+05
5.069400e-01	1.994128e+05	-3.461063e-02	1.208178e-01	0.000000e+00	-2.689700e+03	2.021025e+05
5.081300e-01	2.156882e+05	-3.475457e-02	1.211118e-01	0.000000e+00	-2.232648e+03	2.179209e+05
5.093200e-01	2.001070e+05	-3.489887e-02	1.214062e-01	0.000000e+00	-2.271541e+03	2.023786e+05
5.105100e-01	2.036473e+05	-3.504351e-02	1.216922e-01	0.000000e+00	-4.458058e+03	2.081054e+05
5.117000e-01	1.764305e+05	-3.518850e-02	1.219613e-01	0.000000e+00	-2.253362e+03	1.786838e+05
5.128900e-01	1.959013e+05	-3.533378e-02	1.222250e-01	0.000000e+00	-2.232805e+03	1.981341e+05
5.140800e-01	1.998579e+05	-3.547940e-02	1.225052e-01	0.000000e+00	-1.622001e+03	2.014799e+05
5.152700e-01	1.971541e+05	-3.562535e-02	1.227864e-01	0.000000e+00	-2.949703e+03	2.001038e+05
5.164600e-01	1.998156e+05	-3.577163e-02	1.230675e-01	0.000000e+00	-1.779411e+03	2.015950e+05
5.176500e-01	2.029294e+05	-3.591825e-02	1.233527e-01	0.000000e+00	-1.139333e+03	2.040688e+05
5.188400e-01	2.115854e+05	-3.606521e-02	1.236463e-01	0.000000e+00	-1.210814e+03	2.127962e+05
5.200300e-01	2.019365e+05	-3.621252e-02	1.239391e-01	0.000000e+00	-1.289941e+03	2.032265e+05
5.212200e-01	2.056327e+05	-3.636018e-02	1.242277e-01	0.000000e+00	-1.754713e+03	2.073874e+05
5.224100e-01	1.972634e+05	-3.650819e-02	1.245131e-01	0.000000e+00	-3.095942e+03	2.003594e+05
5.236000e-01	2.046670e+05	-3.665652e-02	1.247977e-01	0.000000e+00	-1.955096e+03	2.066221e+05
5.247900e-01	2.271015e+05	-3.680520e-02	1.251035e-01	0.000000e+00	-8.277152e+02	2.279292e+05
5.259800e-01	2.144515e+05	-3.695427e-02	1.254161e-01	0.000000e+00	-1.895216e+03	2.163467e+05
5.271700e-01	2.112600e+05	-3.710370e-02	1.257176e-01	0.000000e+00	-2.017181e+03	2.132772e+05
5.283600e-01	1.897421e+05	-3.725348e-02	1.260016e-01	0.000000e+00	-1.786781e+03	1.915289e+05
5.295500e-01	1.944102e+05	-3.740358e-02	1.262736e-01	0.000000e+00	-3.243933e+03	1.976542e+05
5.307400e-01	1.977709e+05	-3.755401e-02	1.265514e-01	0.000000e+00	-5.072281e+03	2.028432e+05
5.319300e-01	2.163879e+05	-3.770477e-02	1.268447e-01	0.000000e+00	-1.387671e+03	2.177756e+05
5.331200e-01	2.147490e+05	-3.785590e-02	1.271500e-01	0.000000e+00	-2.511508e+03	2.172605e+05
5.343100e-01	2.003004e+05	-3.800739e-02	1.274439e-01	0.000000e+00	-1.847699e+03	2.021481e+05
5.355000e-01	1.967314e+05	-3.815922e-02	1.277251e-01	0.000000e+00	-3.964460e+03	2.006959e+05
5.366900e-01	2.139216e+05	-3.831137e-02	1.280159e-01	0.000000e+00	-5.152307e+03	2.190739e+05
5.378800e-01	1.983728e+05	-3.846389e-02	1.283078e-01	0.000000e+00	-4.033514e+03	2.024064e+05
5.390700e-01	2.050568e+05	-3.861675e-02	1.285935e-01	0.000000e+00	-2.449152e+03	2.075060e+05
5.402600e-01	2.152121e+05	-3.876995e-02	1.288912e-01	0.000000e+00	-3.054397e+03	2.182665e+05
5.414500e-01	1.940636e+05	-3.892351e-02	1.291810e-01	0.000000e+00	-3.036747e+03	1.971003e+05
5.426400e-01	2.014165e+05	-3.907740e-02	1.294611e-01	0.000000e+00	-2.055956e+03	2.034725e+05
5.438300e-01	2.123109e+05	-3.923162e-02	1.297540e-01	0.000000e+00	-2.684555e+03	2.149955e+05
5.450200e-01	2.052914e+05	-3.938621e-02	1.300498e-01	0.000000e+00	-2.213425e+03	2.075048e+05
5.462100e-01	2.041290e+05	-3.954114e-02	1.303397e-01	0.000000e+00	-2.640334e+03	2.067693e+05
5.474000e-01	1.983622e+05	-3.969642e-02	1.306247e-01	0.000000e+00	-3.747623e+03	2.021098e+05
5.485900e-01	1.976485e+05	-3.985203e-02	1.309052e-01	0.000000e+00	-5.482173e+03	2.031307e+05
5.497800e-01	2.204008e+05	-4.000797e-02	1.312012e-01	0.000000e+00	-1.587588e+03	2.219884e+05
5.509700e-01	2.212738e+05	-4.016429e-02	1.315140e-01	0.000000e+00	-2.383573e+03	2.236573e+05
5.521600e-01	2.118220e+05	-4.032098e-02	1.318207e-01	0.000000e+00	-2.101099e+03	2.139231e+05
5.533500e-01	2.170343e+05	-4.047802e-02	1.321244e-01	0.000000e+00	-1.204651e+03	2.182390e+05
5.545400e-01	2.014734e+05	-4.063543e-02	1.324208e-01	0.000000e+00	-2.125095e+03	2.035985e+05
5.557300e-01	2.269329e+05	-4.079318e-02	1.327242e-01	0.000000e+00	-2.825105e+03	2.297580e+05
5.569200e-01	1.954143e+05	-4.095132e-02	1.330233e-01	0.000000e+00	-1.219864e+03	1.966342e+05
5.581100e-01	1.939144e+05	-4.110978e-02	1.332990e-01	0.000000e+00	-3.141219e+03	1.970556e+05
5.593000e-01	1.989369e+05	-4.126857e-02	1.335772e-01	0.000000e+00	-1.997745e+03	2.009347e+05
5.604900e-01	2.132273e+05	-4.142769e-02	1.338691e-01	0.000000e+00	-1.946173e+03	2.151735e+05
5.616800e-01	2.035506e+05	-4.158718e-02	1.341642e-01	0.000000e+00	-3.747725e+03	2.072983e+05
5.628700e-01	1.914170e+05	-4.174700e-02	1.344439e-01	0.000000e+00	-2.840463e+03	1.942575e+05
5.640600e-01	2.156083e+05	-4.190715e-02	1.347321e-01	0.000000e+00	-3.860330e+03	2.194686e+05
5.652500e-01	2.254630e+05	-4.206767e-02	1.350445e-01	0.000000e+00	-1.714861e+03	2.271779e+05
5.664400e-01	2.144516e+05	-4.222856e-02	1.353560e-01	0.000000e+00	-3.203467e+03	2.176550e+05
5.676300e-01	2.028028e+05	-4.238981e-02	1.356515e-01	0.000000e+00	-3.782212e+03	2.065850e+05
5.688200e-01	1.953291e+05	-4.255141e-02	1.359335e-01	0.000000e+00	-5.605491e+03	2.009346e+05
5.700100e-01	2.104851e+05	-4.271334e-02	1.362208e-01	0.000000e+00	-2.063021e+03	2.125481e+05
5.712000e-01	1.943254e+05	-4.287562e-02	1.365075e-01	0.000000e+00	-2.364614e+03	1.966900e+05
5.723900e-01	1.988503e+05	-4.303822e-02	1.367859e-01	0.000000e+00	-2.235702e+03	2.010860e+05
5.735800e-01	2.219044e+05	-4.320117e-02	1.370839e-01	0.000000e+00	-4.542219e+01	2.219499e+05
5.747700e-01	1.971817e+05	-4.336448e-02	1.373807e-01	0.000000e+00	-2.291430e+03	1.994732e+05
5.759600e-01	1.997706e+05	-4.352813e-02	1.376618e-01	0.000000e+00	-2.614902e+03	2.023855e+05
5.771500e-01	2.307402e+05	-4.369212e-02	1.379667e-01	0.000000e+00	-3.310941e+03	2.340512e+05
5.783400e-01	2.036543e+05	-4.385649e-02	1.382743e-01	0.000000e+00	-3.818662e+03	2.074730e+05
5.795300e-01	2.103305e+05	-4.402121e-02	1.385675e-01	0.000000e+00	-1.774334e+03	2.121048e+05
5.807200e-01	2.133218e+05	-4.418628e-02	1.388675e-01	0.000000e+00	-1.194290e+03	2.145161e+05
5.819100e-01	1.946725e+05	-4.435172e-02	1.391564e-01	0.000000e+00	-1.107756e+03	1.957803e+05
5.831000e-01	2.023119e+05	-4.451748e-02	1.394375e-01	0.000000e+00	-1.854953e+03	2.041669e+05
5.842900e-01	2.097793e+05	-4.468358e-02	1.397294e-01	0.000000e+00	-2.116167e+03	2.118955e+05
5.854800e-01	2.208178e+05	-4.485003e-02	1.400343e-01	0.000000e+00	-7.269999e+02	2.215448e+05
5.866700e-01	1.977686e+05	-4.501686e-02	1.403307e-01	0.000000e+00	-2.141150e+03	1.999097e+05
5.878600e-01	1.918488e+05	-4.518402e-02	1.406066e-01	0.000000e+00	-3.327483e+03	1.951763e+05
5.890500e-01	2.010054e+05	-4.535150e-02	1.408848e-01	0.000000e+00	-1.496976e+03	2.025023e+05
5.902400e-01	2.068135e+05	-4.551932e-02	1.411736e-01	0.000000e+00	-7.953855e+02	2.076089e+05
5.914300e-01	2.117588e+05	-4.568750e-02	1.414701e-01	0.000000e+00	-1.560906e+03	2.133197e+05
5.926200e-01	2.153042e+05	-4.585602e-02	1.417725e-01	0.000000e+00	-1.686167e+03	2.169904e+05
5.938100e-01	2.136393e+05	-4.602491e-02	1.420763e-01	0.000000e+00	-1.184283e+02	2.137578e+05
5.950000e-01	2.227310e+05	-4.619416e-02	1.423853e-01	0.000000e+00	-2.361478e+03	2.250925e+05
5.961900e-01	2.125431e+05	-4.636379e-02	1.426935e-01	0.000000e+00	-1.936059e+03	2.144791e+05
5.973800e-01	1.987796e+05	-4.653378e-02	1.429848e-01	0.000000e+00	-2.661631e+03	2.014412e+05
5.985700e-01	1.904837e+05	-4.670409e-02	1.432605e-01	0.000000e+00	-3.111563e+03	1.935953e+05
5.997600e-01	2.117379e+05	-4.687474e-02	1.435453e-01	0.000000e+00	-4.573487e+03	2.163114e+05
6.009500e-01	2.186514e+05	-4.704573e-02	1.438501e-01	0.000000e+00	-1.318013e+03	2.199695e+05
6.021400e-01	2.038560e+05	-4.721710e-02	1.441493e-01	0.000000e+00	-1.453217e+02	2.040013e+05
6.033300e-01	1.871155e+05	-4.738881e-02	1.444262e-01	0.000000e+00	-1.959933e+03	1.890755e+05
6.045200e-01	2.075604e+05	-4.756083e-02	1.447057e-01	0.000000e+00	-1.407535e+03	2.089679e+05
6.057100e-01	2.010020e+05	-4.773321e-02	1.449950e-01	0.000000e+00	-1.786540e+03	2.027885e+05
6.069000e-01	2.024811e+05	-4.790592e-02	1.452807e-01	0.000000e+00	-1.939115e+03	2.044202e+05
6.080900e-01	2.131509e+05	-4.807898e-02	1.455751e-01	0.000000e+00	-6.452423e+02	2.137962e+05
6.092800e-01	1.968410e+05	-4.825239e-02	1.458654e-01	0.000000e+00	-5.196741e+02	1.973607e+05
6.104700e-01	2.177684e+05	-4.842614e-02	1.461590e-01	0.000000e+00	-1.424173e+03	2.191926e+05
6.116600e-01	2.097163e+05	-4.860025e-02	1.464618e-01	0.000000e+00	-1.314504e+03	2.110308e+05
6.128500e-01	1.918916e+05	-4.877471e-02	1.467462e-01	0.000000e+00	-1.463003e+03	1.933546e+05
6.140400e-01	2.264476e+05	-4.894950e-02	1.470424e-01	0.000000e+00	-1.401417e+03	2.278490e+05
6.152300e-01	2.097741e+05	-4.912468e-02	1.473513e-01	0.000000e+00	-3.560208e+03	2.133343e+05
6.164200e-01	2.267159e+05	-4.930020e-02	1.476604e-01	0.000000e+00	-1.438327e+03	2.281543e+05
6.176100e-01	2.092750e+05	-4.947611e-02	1.479692e-01	0.000000e+00	-2.959006e+03	2.122340e+05
6.188000e-01	2.130740e+05	-4.965237e-02	1.482683e-01	0.000000e+00	-1.810924e+03	2.148849e+05
6.199900e-01	1.927398e+05	-4.982899e-02	1.485557e-01	0.000000e+00	-1.863028e+03	1.946028e+05
6.211800e-01	1.992148e+05	-5.000593e-02	1.488332e-01	0.000000e+00	-2.692908e+03	2.019077e+05
6.223700e-01	1.983225e+05	-5.018321e-02	1.491148e-01	0.000000e+00	-2.630625e+03	2.009531e+05
6.235600e-01	1.879515e+05	-5.036082e-02	1.493883e-01	0.000000e+00	-1.469685e+03	1.894212e+05
6.247500e-01	1.977740e+05	-5.053875e-02	1.496615e-01	0.000000e+00	-1.221852e+03	1.989959e+05
6.259400e-01	1.925561e+05	-5.071702e-02	1.499379e-01	0.000000e+00	-2.359464e+03	1.949155e+05
6.271300e-01	2.193038e+05	-5.089560e-02	1.502295e-01	0.000000e+00	-1.792512e+03	2.210963e+05
6.283200e-01	2.310205e+05	-5.107456e-02	1.505484e-01	0.000000e+00	-1.479781e+03	2.325003e+05
6.295100e-01	2.130031e+05	-5.125391e-02	1.508629e-01	0.000000e+00	-3.393673e+03	2.163968e+05
6.307000e-01	2.097660e+05	-5.143362e-02	1.511623e-01	0.000000e+00	-1.183058e+03	2.109490e+05
6.318900e-01	1.986558e+05	-5.161368e-02	1.514515e-01	0.000000e+00	-2.490945e+03	2.011467e+05
6.330800e-01	1.910976e+05	-5.179407e-02	1.517275e-01	0.000000e+00	-2.444510e+03	1.935421e+05
6.342700e-01	2.002925e+05	-5.197479e-02	1.520047e-01	0.000000e+00	-2.344648e+03	2.026372e+05
6.354600e-01	2.079369e+05	-5.215584e-02	1.522938e-01	0.000000e+00	-2.385690e+03	2.103225e+05
6.366500e-01	2.026138e+05	-5.233725e-02	1.525845e-01	0.000000e+00	-1.770216e+03	2.043841e+05
6.378400e-01	2.000558e+05	-5.251899e-02	1.528697e-01	0.000000e+00	-4.420152e+03	2.044759e+05
6.390300e-01	1.969914e+05	-5.270108e-02	1.531508e-01	0.000000e+00	-2.467203e+03	1.994586e+05
6.402200e-01	2.021236e+05	-5.288349e-02	1.534335e-01	0.000000e+00	-2.794411e+03	2.049180e+05
6.414100e-01	1.952206e+05	-5.306625e-02	1.537149e-01	0.000000e+00	-5.380401e+03	2.006010e+05
6.426000e-01	2.028880e+05	-5.324933e-02	1.539968e-01	0.000000e+00	-2.316504e+03	2.052045e+05
6.437900e-01	2.121920e+05	-5.343276e-02	1.542907e-01	0.000000e+00	-2.891764e+03	2.150838e+05
6.449800e-01	2.110719e+05	-5.361655e-02	1.545905e-01	0.000000e+00	-2.802457e+03	2.138743e+05
6.461700e-01	2.136707e+05	-5.380069e-02	1.548913e-01	0.000000e+00	-1.792288e+03	2.154630e+05
6.473600e-01	2.073984e+05	-5.398519e-02	1.551895e-01	0.000000e+00	-1.704813e+03	2.091032e+05
6.485500e-01	2.128103e+05	-5.417004e-02	1.554870e-01	0.000000e+00	-1.878884e+03	2.146892e+05
6.497400e-01	2.081457e+05	-5.435525e-02	1.557851e-01	0.000000e+00	-3.684148e+03	2.118298e+05
6.509300e-01	2.154131e+05	-5.454081e-02	1.560851e-01	0.000000e+00	-3.197634e+03	2.186107e+05
6.521200e-01	2.035440e+05	-5.472673e-02	1.563818e-01	0.000000e+00	-3.118588e+03	2.066626e+05
6.533100e-01	1.913915e+05	-5.491299e-02	1.566615e-01	0.000000e+00	-3.391389e+03	1.947829e+05
6.545000e-01	2.190113e+05	-5.509958e-02	1.569521e-01	0.000000e+00	-1.546011e+03	2.205573e+05
6.556900e-01	2.089487e+05	-5.528654e-02	1.572552e-01	0.000000e+00	-2.807420e+03	2.117561e+05
6.568800e-01	2.019844e+05	-5.547385e-02	1.575462e-01	0.000000e+00	-2.249943e+03	2.042344e+05
6.580700e-01	1.959488e+05	-5.566150e-02	1.578280e-01	0.000000e+00	-4.273909e+03	2.002227e+05
6.592600e-01	1.823142e+05	-5.584948e-02	1.580958e-01	0.000000e+00	-1.904333e+03	1.842186e+05
6.604500e-01	2.058064e+05	-5.603777e-02	1.583707e-01	0.000000e+00	-1.596023e+03	2.074024e+05
6.616400e-01	2.216774e+05	-5.622640e-02	1.586734e-01	0.000000e+00	-2.072557e+03	2.237499e+05
6.628300e-01	2.143065e+05	-5.641541e-02	1.589822e-01	0.000000e+00	-1.927304e+03	2.162338e+05
6.640200e-01	2.316955e+05	-5.660478e-02	1.592980e-01	0.000000e+00	-1.021625e+03	2.327171e+05
6.652100e-01	2.065460e+05	-5.679454e-02	1.596084e-01	0.000000e+00	-2.213653e+03	2.087596e+05
6.664000e-01	2.061936e+05	-5.698465e-02	1.599007e-01	0.000000e+00	-2.257471e+03	2.084511e+05
6.675900e-01	2.004705e+05	-5.717510e-02	1.601886e-01	0.000000e+00	-1.433006e+03	2.019035e+05
6.687800e-01	2.119472e+05	-5.736590e-02	1.604807e-01	0.000000e+00	-2.917966e+03	2.148652e+05
6.699700e-01	2.305172e+05	-5.755705e-02	1.607940e-01	0.000000e+00	-3.677336e+03	2.341945e+05
6.711600e-01	2.337500e+05	-5.774859e-02	1.611228e-01	0.000000e+00	-3.044815e+03	2.367948e+05
6.723500e-01	2.199789e+05	-5.794052e-02	1.614441e-01	0.000000e+00	-2.055190e+03	2.220341e+05
6.735400e-01	2.304686e+05	-5.813282e-02	1.617631e-01	0.000000e+00	-1.997736e+03	2.324664e+05
6.747300e-01	2.429823e+05	-5.832552e-02	1.620984e-01	0.000000e+00	0.000000e+00	2.429823e+05
6.759200e-01	1.950605e+05	-5.851862e-02	1.624086e-01	0.000000e+00	-1.946229e+03	1.970067e+05
6.771100e-01	1.969705e+05	-5.871205e-02	1.626862e-01	0.000000e+00	-4.593821e+03	2.015643e+05
6.783000e-01	1.989928e+05	-5.890581e-02	1.629666e-01	0.000000e+00	-1.798941e+03	2.007917e+05
6.794900e-01	1.939191e+05	-5.909991e-02	1.632449e-01	0.000000e+00	-2.044417e+03	1.959635e+05
6.806800e-01	2.107306e+05	-5.929433e-02	1.635314e-01	0.000000e+00	-1.983931e+03	2.127145e+05
6.818700e-01	2.283526e+05	-5.948911e-02	1.638424e-01	0.000000e+00	-2.268015e+03	2.306206e+05
6.830600e-01	2.148966e+05	-5.968428e-02	1.641563e-01	0.000000e+00	-3.177096e+03	2.180737e+05
6.842500e-01	2.027484e+05	-5.987981e-02	1.644520e-01	0.000000e+00	-3.950208e+03	2.066986e+05
6.854400e-01	2.141254e+05	-6.007568e-02	1.647473e-01	0.000000e+00	-4.380770e+03	2.185062e+05
6.866300e-01	2.338730e+05	-6.027190e-02	1.650645e-01	0.000000e+00	-3.595760e+03	2.374688e+05
6.878200e-01	2.077501e+05	-6.046853e-02	1.653773e-01	0.000000e+00	-2.395710e+03	2.101458e+05
6.890100e-01	2.074199e+05	-6.066550e-02	1.656713e-01	0.000000e+00	-1.478547e+03	2.088984e+05
6.902000e-01	1.935042e+05	-6.086283e-02	1.659552e-01	0.000000e+00	-2.469325e+03	1.959736e+05
6.913900e-01	2.099342e+05	-6.106048e-02	1.662409e-01	0.000000e+00	-4.162748e+03	2.140970e+05
6.925800e-01	2.057812e+05	-6.125848e-02	1.665353e-01	0.000000e+00	-2.260100e+03	2.080413e+05
6.937700e-01	1.976353e+05	-6.145683e-02	1.668210e-01	0.000000e+00	-4.213896e+03	2.018492e+05
6.949600e-01	2.219036e+05	-6.165551e-02	1.671181e-01	0.000000e+00	-1.691909e+03	2.235955e+05
6.961500e-01	2.004013e+05	-6.185457e-02	1.674171e-01	0.000000e+00	-9.789395e+02	2.013802e+05
6.973400e-01	1.973648e+05	-6.205397e-02	1.676988e-01	0.000000e+00	-4.322104e+03	2.016869e+05
6.985300e-01	2.167535e+05	-6.225369e-02	1.679921e-01	0.000000e+00	-4.472958e+03	2.212264e+05
6.997200e-01	1.972234e+05	-6.245379e-02	1.682852e-01	0.000000e+00	-2.379423e+03	1.996029e+05
7.009100e-01	2.042924e+05	-6.265421e-02	1.685696e-01	0.000000e+00	-4.673108e+03	2.089655e+05
7.021000e-01	2.045867e+05	-6.285498e-02	1.688591e-01	0.000000e+00	-3.646767e+03	2.082334e+05
7.032900e-01	2.199669e+05	-6.305610e-02	1.691598e-01	0.000000e+00	-1.880800e+03	2.218477e+05
7.044800e-01	2.059218e+05	-6.325758e-02	1.694614e-01	0.000000e+00	-1.690210e+03	2.076120e+05
7.056700e-01	2.096233e+05	-6.345942e-02	1.697557e-01	0.000000e+00	-7.338851e+02	2.103572e+05
7.068600e-01	2.056256e+05	-6.366160e-02	1.700497e-01	0.000000e+00	-1.483009e+03	2.071086e+05
7.080500e-01	2.014533e+05	-6.386413e-02	1.703380e-01	0.000000e+00	-1.757650e+03	2.032109e+05
7.092400e-01	2.009724e+05	-6.406701e-02	1.706230e-01	0.000000e+00	-2.750616e+03	2.037230e+05
7.104300e-01	2.183534e+05	-6.427022e-02	1.709199e-01	0.000000e+00	-4.676996e+03	2.230304e+05
7.116200e-01	1.997116e+05	-6.447380e-02	1.712160e-01	0.000000e+00	-3.051994e+03	2.027636e+05
7.128100e-01	1.984716e+05	-6.467771e-02	1.714980e-01	0.000000e+00	-1.441650e+03	1.999133e+05
7.140000e-01	2.097129e+05	-6.488196e-02	1.717870e-01	0.000000e+00	-1.227800e+03	2.109407e+05
7.151900e-01	2.118903e+05	-6.508656e-02	1.720856e-01	0.000000e+00	-2.856878e+03	2.147472e+05
7.163800e-01	2.040136e+05	-6.529152e-02	1.723801e-01	0.000000e+00	-1.090626e+03	2.051042e+05
7.175700e-01	2.183565e+05	-6.549683e-02	1.726792e-01	0.000000e+00	-3.057118e+03	2.214137e+05
7.187600e-01	2.058998e+05	-6.570250e-02	1.729797e-01	0.000000e+00	-3.942727e+03	2.098425e+05
7.199500e-01	2.133032e+05	-6.590852e-02	1.732765e-01	0.000000e+00	-2.009904e+03	2.153131e+05
7.211400e-01	2.255721e+05	-6.611490e-02	1.735873e-01	0.000000e+00	-2.485222e+03	2.280573e+05
7.223300e-01	2.243297e+05	-6.632166e-02	1.739059e-01	0.000000e+00	-9.448284e+02	2.252745e+05
7.235200e-01	2.144889e+05	-6.652880e-02	1.742167e-01	0.000000e+00	-1.558252e+03	2.160471e+05
7.247100e-01	2.174749e+05	-6.673629e-02	1.745226e-01	0.000000e+00	-1.677897e+03	2.191528e+05
7.259000e-01	2.160476e+05	-6.694416e-02	1.748296e-01	0.000000e+00	-3.816691e+03	2.198643e+05
7.270900e-01	2.184094e+05	-6.715239e-02	1.751373e-01	0.000000e+00	-4.259005e+02	2.188353e+05
7.282800e-01	1.985540e+05	-6.736099e-02	1.754326e-01	0.000000e+00	-3.741375e+03	2.022954e+05
7.294700e-01	2.047162e+05	-6.756992e-02	1.757181e-01	0.000000e+00	-3.246891e+03	2.079631e+05
7.306600e-01	1.996747e+05	-6.777920e-02	1.760045e-01	0.000000e+00	-2.025289e+03	2.017000e+05
7.318500e-01	2.090905e+05	-6.798881e-02	1.762940e-01	0.000000e+00	-1.070478e+03	2.101609e+05
7.330400e-01	2.090791e+05	-6.819877e-02	1.765901e-01	0.000000e+00	-1.388881e+03	2.104680e+05
7.342300e-01	2.181380e+05	-6.840909e-02	1.768927e-01	0.000000e+00	-1.132127e+03	2.192701e+05
7.354200e-01	2.070047e+05	-6.861978e-02	1.771937e-01	0.000000e+00	-1.128512e+03	2.081333e+05
7.366100e-01	2.218530e+05	-6.883081e-02	1.774974e-01	0.000000e+00	-2.615301e+03	2.244683e+05
7.378000e-01	2.035999e+05	-6.904222e-02	1.777987e-01	0.000000e+00	-1.545632e+03	2.051456e+05
7.389900e-01	2.220013e+05	-6.925398e-02	1.781001e-01	0.000000e+00	-2.737190e+03	2.247385e+05
7.401800e-01	1.947852e+05	-6.946610e-02	1.783953e-01	0.000000e+00	-2.603584e+03	1.973888e+05
7.413700e-01	2.141517e+05	-6.967856e-02	1.786849e-01	0.000000e+00	-7.055671e+02	2.148573e+05
7.425600e-01	2.260889e+05	-6.989137e-02	1.789966e-01	0.000000e+00	-1.131426e+03	2.272204e+05
7.437500e-01	1.901961e+05	-7.010457e-02	1.792914e-01	0.000000e+00	-3.778022e+03	1.939741e+05
7.449400e-01	2.043002e+05	-7.031809e-02	1.795708e-01	0.000000e+00	-8.224344e+02	2.051227e+05
7.461300e-01	2.293906e+05	-7.053195e-02	1.798779e-01	0.000000e+00	-1.894564e+03	2.312852e+05
7.473200e-01	2.110079e+05	-7.074619e-02	1.801898e-01	0.000000e+00	-6.472325e+02	2.116551e+05
7.485100e-01	2.023537e+05	-7.096080e-02	1.804825e-01	0.000000e+00	-7.504650e+02	2.031041e+05
7.497000e-01	2.097233e+05	-7.117574e-02	1.807743e-01	0.000000e+00	-2.797690e+03	2.125210e+05
7.508900e-01	2.236865e+05	-7.139104e-02	1.810813e-01	0.000000e+00	-1.582587e+03	2.252691e+05
7.520800e-01	2.333502e+05	-7.160672e-02	1.814049e-01	0.000000e+00	-2.460707e+03	2.358109e+05
7.532700e-01	2.091406e+05	-7.182278e-02	1.817183e-01	0.000000e+00	-5.301780e+02	2.096708e+05
7.544600e-01	2.119980e+05	-7.203921e-02	1.820165e-01	0.000000e+00	-1.774338e+03	2.137723e+05
7.556500e-01	2.152749e+05	-7.225598e-02	1.823191e-01	0.000000e+00	-1.700588e+03	2.169755e+05
7.568400e-01	2.110807e+05	-7.247313e-02	1.826210e-01	0.000000e+00	-2.353080e+03	2.134338e+05
7.580300e-01	2.178692e+05	-7.269062e-02	1.829248e-01	0.000000e+00	-8.946831e+02	2.187639e+05
7.592200e-01	2.056635e+05	-7.290849e-02	1.832247e-01	0.000000e+00	-1.073439e+03	2.067369e+05
7.604100e-01	2.158838e+05	-7.312670e-02	1.835232e-01	0.000000e+00	-2.416400e+03	2.183002e+05
7.616000e-01	2.273162e+05	-7.334527e-02	1.838371e-01	0.000000e+00	-2.204857e+03	2.295210e+05
7.627900e-01	2.292742e+05	-7.356423e-02	1.841604e-01	0.000000e+00	-3.513508e+03	2.327877e+05
7.639800e-01	2.081649e+05	-7.378357e-02	1.844702e-01	0.000000e+00	-2.075032e+03	2.102399e+05
7.651700e-01	2.117247e+05	-7.400327e-02	1.847676e-01	0.000000e+00	-3.646454e+03	2.153712e+05
7.663600e-01	2.015906e+05	-7.422332e-02	1.850603e-01	0.000000e+00	-3.942649e+03	2.055333e+05
7.675500e-01	2.023423e+05	-7.444371e-02	1.853463e-01	0.000000e+00	-2.165847e+03	2.045081e+05
7.687400e-01	2.177324e+05	-7.466444e-02	1.856438e-01	0.000000e+00	-3.060800e+03	2.207932e+05
7.699300e-01	2.402268e+05	-7.488554e-02	1.859681e-01	0.000000e+00	-2.552639e+03	2.427794e+05
7.711200e-01	2.512190e+05	-7.510705e-02	1.863161e-01	0.000000e+00	-1.856291e+03	2.530753e+05
7.723100e-01	2.162119e+05	-7.532898e-02	1.866472e-01	0.000000e+00	-1.101114e+03	2.173131e+05
7.735000e-01	2.123969e+05	-7.555127e-02	1.869507e-01	0.000000e+00	-2.919583e+03	2.153164e+05
7.746900e-01	2.216310e+05	-7.577392e-02	1.872580e-01	0.000000e+00	-1.188640e+03	2.228196e+05
7.758800e-01	2.445488e+05	-7.599694e-02	1.875882e-01	0.000000e+00	-1.212204e+03	2.457610e+05
7.770700e-01	2.347142e+05	-7.622038e-02	1.879276e-01	0.000000e+00	-1.404964e+03	2.361192e+05
7.782600e-01	2.138785e+05	-7.644421e-02	1.882453e-01	0.000000e+00	-3.955576e+03	2.178341e+05
7.794500e-01	2.206472e+05	-7.666840e-02	1.885530e-01	0.000000e+00	-4.587425e+03	2.252346e+05
7.806400e-01	2.024905e+05	-7.689297e-02	1.888526e-01	0.000000e+00	-2.057447e+03	2.045479e+05
7.818300e-01	2.164937e+05	-7.711787e-02	1.891493e-01	0.000000e+00	-5.126100e+03	2.216198e+05
7.830200e-01	2.155341e+05	-7.734314e-02	1.894553e-01	0.000000e+00	-2.636999e+03	2.181711e+05
7.842100e-01	2.146351e+05	-7.756878e-02	1.897599e-01	0.000000e+00	-3.466584e+03	2.181017e+05
7.854000e-01	2.290227e+05	-7.779477e-02	1.900741e-01	0.000000e+00	-2.985083e+03	2.320078e+05
7.865900e-01	2.172923e+05	-7.802115e-02	1.903902e-01	0.000000e+00	-3.358768e+03	2.206510e+05
7.877800e-01	2.218844e+05	-7.824790e-02	1.907012e-01	0.000000e+00	-1.269531e+03	2.231540e+05
7.889700e-01	2.193311e+05	-7.847502e-02	1.910136e-01	0.000000e+00	-1.372056e+03	2.207032e+05
7.901600e-01	2.237251e+05	-7.870251e-02	1.913274e-01	0.000000e+00	-3.827524e+03	2.275526e+05
7.913500e-01	1.990442e+05	-7.893038e-02	1.916268e-01	0.000000e+00	-2.600091e+03	2.016442e+05
7.925400e-01	2.079775e+05	-7.915858e-02	1.919150e-01	0.000000e+00	-3.719725e+02	2.083494e+05
7.937300e-01	2.038167e+05	-7.938714e-02	1.922066e-01	0.000000e+00	-3.558871e+02	2.041725e+05
7.949200e-01	2.069262e+05	-7.961604e-02	1.924975e-01	0.000000e+00	-4.844490e+02	2.074106e+05
7.961100e-01	2.056896e+05	-7.984528e-02	1.927897e-01	0.000000e+00	-1.260776e+03	2.069503e+05
7.973000e-01	2.228677e+05	-8.007487e-02	1.930932e-01	0.000000e+00	-1.770243e+03	2.246379e+05
7.984900e-01	2.218050e+05	-8.030484e-02	1.934081e-01	0.000000e+00	-2.496651e+03	2.243017e+05
7.996800e-01	2.102357e+05	-8.053519e-02	1.937140e-01	0.000000e+00	-4.355337e+03	2.145910e+05
8.008700e-01	2.084775e+05	-8.076588e-02	1.940106e-01	0.000000e+00	-1.618814e+03	2.100963e+05
8.020600e-01	1.929362e+05	-8.099693e-02	1.942948e-01	0.000000e+00	-2.336029e+03	1.952722e+05
8.032500e-01	2.045472e+05	-8.122830e-02	1.945763e-01	0.000000e+00	-1.828846e+03	2.063760e+05
8.044400e-01	2.058784e+05	-8.146002e-02	1.948670e-01	0.000000e+00	-5.616883e+02	2.064401e+05
8.056300e-01	2.345581e+05	-8.169209e-02	1.951789e-01	0.000000e+00	-1.400036e+03	2.359581e+05
8.068200e-01	2.490805e+05	-8.192455e-02	1.955214e-01	0.000000e+00	-1.111289e+03	2.501918e+05
8.080100e-01	2.063749e+05	-8.215743e-02	1.958439e-01	0.000000e+00	-2.567473e+03	2.089424e+05
8.092000e-01	2.089201e+05	-8.239066e-02	1.961380e-01	0.000000e+00	-1.618425e+03	2.105385e+05
8.103900e-01	2.055057e+05	-8.262424e-02	1.964315e-01	0.000000e+00	-2.662585e+03	2.081683e+05
8.115800e-01	2.230636e+05	-8.285816e-02	1.967350e-01	0.000000e+00	-2.366476e+03	2.254301e+05
8.127700e-01	2.256411e+05	-8.309247e-02	1.970527e-01	0.000000e+00	-4.440399e+03	2.300815e+05
8.139600e-01	2.116724e+05	-8.332715e-02	1.973624e-01	0.000000e+00	-5.650800e+03	2.173232e+05
8.151500e-01	2.285145e+05	-8.356219e-02	1.976741e-01	0.000000e+00	-1.759045e+03	2.302735e+05
8.163400e-01	2.251302e+05	-8.379761e-02	1.979954e-01	0.000000e+00	-2.998342e+03	2.281285e+05
8.175300e-01	2.092109e+05	-8.403342e-02	1.983030e-01	0.000000e+00	-2.103410e+03	2.113143e+05
8.187200e-01	2.029919e+05	-8.426957e-02	1.985949e-01	0.000000e+00	-2.869301e+03	2.058612e+05
8.199100e-01	2.264390e+05	-8.450607e-02	1.988990e-01	0.000000e+00	-7.065831e+02	2.271456e+05
8.211000e-01	2.333118e+05	-8.474295e-02	1.992246e-01	0.000000e+00	-1.097284e+03	2.344091e+05
8.222900e-01	2.363370e+05	-8.498023e-02	1.995572e-01	0.000000e+00	-9.936139e+02	2.373306e+05
8.234800e-01	2.261381e+05	-8.521790e-02	1.998847e-01	0.000000e+00	-2.584234e+03	2.287223e+05
8.246700e-01	2.222512e+05	-8.545595e-02	2.002022e-01	0.000000e+00	-2.877543e+03	2.251287e+05
8.258600e-01	2.106609e+05	-8.569438e-02	2.005088e-01	0.000000e+00	-2.632129e+03	2.132930e+05
8.270500e-01	2.164730e+05	-8.593316e-02	2.008113e-01	0.000000e+00	-2.642839e+03	2.191158e+05
8.282400e-01	2.076180e+05	-8.617231e-02	2.011116e-01	0.000000e+00	-8.746840e+02	2.084927e+05
8.294300e-01	1.857755e+05	-8.641181e-02	2.013902e-01	0.000000e+00	-4.965674e+02	1.862721e+05
8.306200e-01	2.117153e+05	-8.665162e-02	2.016717e-01	0.000000e+00	-4.327103e+03	2.160424e+05
8.318100e-01	2.218101e+05	-8.689179e-02	2.019787e-01	0.000000e+00	-1.988457e+03	2.237986e+05
8.330000e-01	2.148990e+05	-8.713233e-02	2.022879e-01	0.000000e+00	-1.884463e+03	2.167834e+05
8.341900e-01	2.075630e+05	-8.737323e-02	2.025871e-01	0.000000e+00	-1.630957e+03	2.091940e+05
8.353800e-01	2.170781e+05	-8.761449e-02	2.028878e-01	0.000000e+00	-2.587379e+03	2.196655e+05
8.365700e-01	2.131929e+05	-8.785611e-02	2.031925e-01	0.000000e+00	-1.370788e+03	2.145637e+05
8.377600e-01	2.126809e+05	-8.809809e-02	2.034941e-01	0.000000e+00	-3.277081e+01	2.127137e+05
8.389500e-01	2.001664e+05	-8.834042e-02	2.037865e-01	0.000000e+00	-1.618502e+03	2.017849e+05
8.401400e-01	2.225418e+05	-8.858310e-02	2.040858e-01	0.000000e+00	-2.867664e+03	2.254095e+05
8.413300e-01	2.292219e+05	-8.882615e-02	2.044058e-01	0.000000e+00	-3.718278e+03	2.329402e+05
8.425200e-01	2.335980e+05	-8.906958e-02	2.047335e-01	0.000000e+00	-1.401354e+03	2.349994e+05
8.437100e-01	2.241846e+05	-8.931341e-02	2.050577e-01	0.000000e+00	-3.477638e+03	2.276623e+05
8.449000e-01	2.063895e+05	-8.955762e-02	2.053626e-01	0.000000e+00	-1.828314e+03	2.082178e+05
8.460900e-01	2.059785e+05	-8.980218e-02	2.056546e-01	0.000000e+00	-1.911482e+03	2.078899e+05
8.472800e-01	2.273934e+05	-9.004708e-02	2.059615e-01	0.000000e+00	-7.910554e+02	2.281845e+05
8.484700e-01	2.091681e+05	-9.029236e-02	2.062707e-01	0.000000e+00	-9.252116e+02	2.100934e+05
8.496600e-01	2.206422e+05	-9.053800e-02	2.065751e-01	0.000000e+00	-2.151584e+03	2.227938e+05
8.508500e-01	2.272374e+05	-9.078401e-02	2.068922e-01	0.000000e+00	-2.845494e+02	2.275219e+05
8.520400e-01	2.200790e+05	-9.103041e-02	2.072090e-01	0.000000e+00	-1.234089e+03	2.213131e+05
8.532300e-01	2.215765e+05	-9.127717e-02	2.075218e-01	0.000000e+00	-1.881763e+03	2.234583e+05
8.544200e-01	2.085672e+05	-9.152431e-02	2.078264e-01	0.000000e+00	-2.454929e+02	2.088127e+05
8.556100e-01	2.087856e+05	-9.177180e-02	2.081219e-01	0.000000e+00	-2.890913e+02	2.090747e+05
8.568000e-01	2.227250e+05	-9.201964e-02	2.084275e-01	0.000000e+00	-9.486820e+02	2.236737e+05
8.579900e-01	2.168302e+05	-9.226786e-02	2.087388e-01	0.000000e+00	-1.417189e+03	2.182474e+05
8.591800e-01	2.527942e+05	-9.251644e-02	2.090714e-01	0.000000e+00	-1.787705e+03	2.545819e+05
8.603700e-01	2.229603e+05	-9.276545e-02	2.094083e-01	0.000000e+00	-5.993490e+02	2.235596e+05
8.615600e-01	2.172476e+05	-9.301483e-02	2.097200e-01	0.000000e+00	-1.071190e+03	2.183187e+05
8.627500e-01	2.128937e+05	-9.326458e-02	2.100246e-01	0.000000e+00	-2.763947e+03	2.156576e+05
8.639400e-01	2.188061e+05	-9.351469e-02	2.103303e-01	0.000000e+00	-6.773644e+02	2.194835e+05
8.651300e-01	2.058159e+05	-9.376516e-02	2.106311e-01	0.000000e+00	-2.000409e+03	2.078163e+05
8.663200e-01	1.943010e+05	-9.401599e-02	2.109144e-01	0.000000e+00	-2.424614e+03	1.967256e+05
8.675100e-01	1.911938e+05	-9.426714e-02	2.111874e-01	0.000000e+00	-1.773670e+03	1.929675e+05
8.687000e-01	2.249131e+05	-9.451862e-02	2.114821e-01	0.000000e+00	-6.925941e+02	2.256057e+05
8.698900e-01	2.337901e+05	-9.477047e-02	2.118069e-01	0.000000e+00	-3.609176e+02	2.341510e+05
8.710800e-01	2.323791e+05	-9.502272e-02	2.121370e-01	0.000000e+00	-1.485124e+02	2.325276e+05
8.722700e-01	2.438702e+05	-9.527535e-02	2.124743e-01	0.000000e+00	-9.037547e+02	2.447739e+05
8.734600e-01	2.169523e+05	-9.552840e-02	2.128006e-01	0.000000e+00	-9.956357e+02	2.179480e+05
8.746500e-01	2.301245e+05	-9.578182e-02	2.131172e-01	0.000000e+00	-4.731056e+02	2.305976e+05
8.758400e-01	2.135866e+05	-9.603562e-02	2.134315e-01	0.000000e+00	0.000000e+00	2.135866e+05
8.770300e-01	2.258903e+05	-9.628979e-02	2.137427e-01	0.000000e+00	-1.842612e+02	2.260746e+05
8.782200e-01	2.135658e+05	-9.654433e-02	2.140539e-01	0.000000e+00	-1.962647e+03	2.155285e+05
8.794100e-01	2.236247e+05	-9.679924e-02	2.143635e-01	0.000000e+00	-1.247012e+03	2.248717e+05
8.806000e-01	2.134131e+05	-9.705452e-02	2.146730e-01	0.000000e+00	-2.144308e+03	2.155574e+05
8.817900e-01	2.184795e+05	-9.731016e-02	2.149788e-01	0.000000e+00	-3.060070e+03	2.215395e+05
8.829800e-01	2.276778e+05	-9.756617e-02	2.152948e-01	0.000000e+00	-6.453994e+02	2.283232e+05
8.841700e-01	2.405045e+05	-9.782256e-02	2.156263e-01	0.000000e+00	-4.352124e+02	2.409397e+05
8.853600e-01	2.100398e+05	-9.807936e-02	2.159454e-01	0.000000e+00	-2.463848e+03	2.125037e+05
8.865500e-01	2.385949e+05	-9.833651e-02	2.162631e-01	0.000000e+00	-1.064679e+03	2.396596e+05
8.877400e-01	2.350536e+05	-9.859406e-02	2.165985e-01	0.000000e+00	-1.078278e+03	2.361318e+05
8.889300e-01	2.261439e+05	-9.885201e-02	2.169251e-01	0.000000e+00	-5.347740e+02	2.266787e+05
8.901200e-01	2.272816e+05	-9.911034e-02	2.172462e-01	0.000000e+00	-1.924282e+03	2.292059e+05
8.913100e-01	2.318462e+05	-9.936906e-02	2.175714e-01	0.000000e+00	-7.540886e+01	2.319216e+05
8.925000e-01	2.120293e+05	-9.962816e-02	2.178857e-01	0.000000e+00	-8.268801e+02	2.128562e+05
8.936900e-01	2.188850e+05	-9.988763e-02	2.181909e-01	0.000000e+00	-1.437413e+03	2.203224e+05
8.948800e-01	2.021499e+05	-1.001475e-01	2.184890e-01	0.000000e+00	-1.874591e+03	2.040245e+05
8.960700e-01	2.153246e+05	-1.004076e-01	2.187847e-01	0.000000e+00	-4.934046e+01	2.153740e+05
8.972600e-01	2.004997e+05	-1.006682e-01	2.190791e-01	0.000000e+00	-1.400965e+03	2.019007e+05
8.984500e-01	2.166831e+05	-1.009290e-01	2.193746e-01	0.000000e+00	-1.960379e+03	2.186435e+05
8.996400e-01	2.239533e+05	-1.011903e-01	2.196866e-01	0.000000e+00	-9.234003e+02	2.248767e+05
9.008300e-01	2.141117e+05	-1.014519e-01	2.199968e-01	0.000000e+00	-2.987337e+03	2.170990e+05
9.020200e-01	2.359197e+05	-1.017139e-01	2.203155e-01	0.000000e+00	-2.557700e+03	2.384774e+05
9.032100e-01	2.110781e+05	-1.019762e-01	2.206321e-01	0.000000e+00	-7.904595e+02	2.118686e+05
9.044000e-01	1.989475e+05	-1.022390e-01	2.209224e-01	0.000000e+00	-1.984801e+03	2.009323e+05
9.055900e-01	2.233613e+05	-1.025020e-01	2.212215e-01	0.000000e+00	0.000000e+00	2.233613e+05
9.067800e-01	2.096221e+05	-1.027655e-01	2.215281e-01	0.000000e+00	-6.405758e+02	2.102627e+05
9.079700e-01	2.195072e+05	-1.030293e-01	2.218320e-01	0.000000e+00	-1.858344e+03	2.213656e+05
9.091600e-01	2.278591e+05	-1.032934e-01	2.221488e-01	0.000000e+00	-9.158964e+02	2.287750e+05
9.103500e-01	2.203388e+05	-1.035580e-01	2.224662e-01	0.000000e+00	-2.119441e+03	2.224582e+05
9.115400e-01	2.146296e+05	-1.038229e-01	2.227743e-01	0.000000e+00	-1.872557e+03	2.165022e+05
9.127300e-01	2.205353e+05	-1.040882e-01	2.230824e-01	0.000000e+00	-1.562099e+02	2.206915e+05
9.139200e-01	2.312639e+05	-1.043538e-01	2.234024e-01	0.000000e+00	-1.769706e+03	2.330336e+05
9.151100e-01	2.096044e+05	-1.046199e-01	2.237146e-01	0.000000e+00	-2.720573e+03	2.123249e+05
9.163000e-01	2.037945e+05	-1.048863e-01	2.240073e-01	0.000000e+00	-2.360378e+03	2.061549e+05
9.174900e-01	2.263182e+05	-1.051530e-01	2.243119e-01	0.000000e+00	-1.552705e+03	2.278709e+05
9.186800e-01	2.256062e+05	-1.054202e-01	2.246320e-01	0.000000e+00	-1.494721e+03	2.271009e+05
9.198700e-01	2.187546e+05	-1.056877e-01	2.249466e-01	0.000000e+00	-2.790600e+03	2.215452e+05
9.210600e-01	2.294647e+05	-1.059555e-01	2.252641e-01	0.000000e+00	-7.757735e+02	2.302405e+05
9.222500e-01	2.284439e+05	-1.062238e-01	2.255883e-01	0.000000e+00	-9.983298e+02	2.294423e+05
9.234400e-01	2.296036e+05	-1.064924e-01	2.259127e-01	0.000000e+00	-2.115792e+03	2.317194e+05
9.246300e-01	2.438040e+05	-1.067615e-01	2.262480e-01	0.000000e+00	-1.068482e+03	2.448725e+05
9.258200e-01	2.061957e+05	-1.070309e-01	2.265666e-01	0.000000e+00	-1.291294e+03	2.074870e+05
9.270100e-01	2.223962e+05	-1.073007e-01	2.268701e-01	0.000000e+00	-2.446465e+03	2.248426e+05
9.282000e-01	2.185811e+05	-1.075708e-01	2.271824e-01	0.000000e+00	-2.719568e+03	2.213007e+05
9.293900e-01	2.266777e+05	-1.078414e-01	2.274977e-01	0.000000e+00	-1.014194e+03	2.276919e+05
9.305800e-01	2.177248e+05	-1.081123e-01	2.278125e-01	0.000000e+00	-3.181926e+03	2.209068e+05
9.317700e-01	2.228904e+05	-1.083836e-01	2.281245e-01	0.000000e+00	-1.951596e+03	2.248420e+05
9.329600e-01	2.223168e+05	-1.086552e-01	2.284398e-01	0.000000e+00	-5.873580e+02	2.229042e+05
9.341500e-01	2.111288e+05	-1.089273e-01	2.287467e-01	0.000000e+00	-7.630275e+02	2.118919e+05
9.353400e-01	2.041240e+05	-1.091996e-01	2.290408e-01	0.000000e+00	-1.705075e+03	2.058291e+05
9.365300e-01	1.949602e+05	-1.094724e-01	2.293234e-01	0.000000e+00	-2.217863e+03	1.971781e+05
9.377200e-01	2.060063e+05	-1.097454e-01	2.296074e-01	0.000000e+00	-1.516227e+03	2.075226e+05
9.389100e-01	2.333097e+05	-1.100188e-01	2.299185e-01	0.000000e+00	-1.377125e+03	2.346868e+05
9.401000e-01	2.407282e+05	-1.102926e-01	2.302542e-01	0.000000e+00	-1.409718e+03	2.421379e+05
9.412900e-01	2.193206e+05	-1.105668e-01	2.305799e-01	0.000000e+00	-1.706957e+03	2.210275e+05
9.424800e-01	2.243652e+05	-1.108414e-01	2.308942e-01	0.000000e+00	-1.722721e+03	2.260879e+05
9.436700e-01	2.224143e+05	-1.111164e-01	2.312105e-01	0.000000e+00	-4.931736e+02	2.229075e+05
9.448600e-01	2.193891e+05	-1.113917e-01	2.315234e-01	0.000000e+00	-7.864711e+02	2.201756e+05
9.460500e-01	2.275728e+05	-1.116674e-01	2.318399e-01	0.000000e+00	-4.547330e+02	2.280275e+05
9.472400e-01	2.254447e+05	-1.119435e-01	2.321607e-01	0.000000e+00	-1.565101e+03	2.270098e+05
9.484300e-01	2.091298e+05	-1.122199e-01	2.324685e-01	0.000000e+00	-1.410238e+03	2.105401e+05
9.496200e-01	2.023945e+05	-1.124968e-01	2.327599e-01	0.000000e+00	-1.325124e+03	2.037196e+05
9.508100e-01	2.205565e+05	-1.127739e-01	2.330594e-01	0.000000e+00	-6.824867e+02	2.212389e+05
9.520000e-01	2.357915e+05	-1.130514e-01	2.333826e-01	0.000000e+00	-1.447666e+03	2.372391e+05
9.531900e-01	2.280691e+05	-1.133294e-01	2.337111e-01	0.000000e+00	-1.109159e+03	2.291783e+05
9.543800e-01	2.090697e+05	-1.136077e-01	2.340207e-01	0.000000e+00	-1.249190e+03	2.103189e+05
9.555700e-01	2.097742e+05	-1.138863e-01	2.343173e-01	0.000000e+00	-1.102035e+03	2.108762e+05
9.567600e-01	2.155570e+05	-1.141653e-01	2.346185e-01	0.000000e+00	-2.217003e+03	2.177740e+05
9.579500e-01	2.116025e+05	-1.144447e-01	2.349210e-01	0.000000e+00	-1.324206e+03	2.129267e+05
9.591400e-01	2.173199e+05	-1.147245e-01	2.352247e-01	0.000000e+00	-1.540304e+03	2.188602e+05
9.603300e-01	2.107042e+05	-1.150046e-01	2.355278e-01	0.000000e+00	-2.243376e+03	2.129476e+05
9.615200e-01	2.096715e+05	-1.152850e-01	2.358255e-01	0.000000e+00	-1.597200e+03	2.112687e+05
9.627100e-01	2.186008e+05	-1.155658e-01	2.361288e-01	0.000000e+00	-1.369186e+03	2.199700e+05
9.639000e-01	2.235169e+05	-1.158470e-01	2.364419e-01	0.000000e+00	-1.544262e+03	2.250611e+05
9.650900e-01	2.292605e+05	-1.161286e-01	2.367626e-01	0.000000e+00	-1.464622e+03	2.307251e+05
9.662800e-01	2.269972e+05	-1.164105e-01	2.370857e-01	0.000000e+00	-2.705759e+03	2.297030e+05
9.674700e-01	2.233040e+05	-1.166928e-01	2.374046e-01	0.000000e+00	-1.573841e+03	2.248779e+05
9.686600e-01	2.297621e+05	-1.169755e-01	2.377254e-01	0.000000e+00	-1.434824e+03	2.311969e+05
9.698500e-01	2.119682e+05	-1.172586e-01	2.380382e-01	0.000000e+00	-2.274593e+03	2.142428e+05
9.710400e-01	2.260308e+05	-1.175420e-01	2.383484e-01	0.000000e+00	-2.978667e+02	2.263287e+05
9.722300e-01	2.129490e+05	-1.178259e-01	2.386593e-01	0.000000e+00	-4.285445e+02	2.133775e+05
9.734200e-01	2.053855e+05	-1.181101e-01	2.389555e-01	0.000000e+00	-1.007122e+03	2.063926e+05
9.746100e-01	2.337883e+05	-1.183946e-01	2.392665e-01	0.000000e+00	-5.954827e+02	2.343838e+05
9.758000e-01	2.173733e+05	-1.186795e-01	2.395860e-01	0.000000e+00	-4.898590e+02	2.178631e+05
9.769900e-01	2.176744e+05	-1.189648e-01	2.398941e-01	0.000000e+00	0.000000e+00	2.176744e+05
9.781800e-01	2.219870e+05	-1.192505e-01	2.402055e-01	0.000000e+00	-3.121454e+02	2.222992e+05
9.793700e-01	2.234754e+05	-1.195365e-01	2.405209e-01	0.000000e+00	-1.248589e+03	2.247240e+05
9.805600e-01	2.383304e+05	-1.198229e-01	2.408479e-01	0.000000e+00	-9.469775e+02	2.392773e+05
9.817500e-01	2.330412e+05	-1.201097e-01	2.411818e-01	0.000000e+00	-1.329599e+01	2.330544e+05
9.829400e-01	2.258075e+05	-1.203969e-01	2.415067e-01	0.000000e+00	-1.803713e+03	2.276112e+05
9.841300e-01	2.225758e+05	-1.206845e-01	2.418242e-01	0.000000e+00	-1.575436e+03	2.241513e+05
9.853200e-01	2.342672e+05	-1.209725e-01	2.421477e-01	0.000000e+00	-1.305722e+03	2.355729e+05
9.865100e-01	2.299407e+05	-1.212608e-01	2.424765e-01	0.000000e+00	-4.014888e+02	2.303422e+05
9.877000e-01	2.200401e+05	-1.215495e-01	2.427951e-01	0.000000e+00	-1.882736e+03	2.219228e+05
9.888900e-01	2.318958e+05	-1.218387e-01	2.431152e-01	0.000000e+00	-5.939288e+02	2.324898e+05
9.900800e-01	2.080117e+05	-1.221282e-01	2.434267e-01	0.000000e+00	-2.094398e+03	2.101061e+05
9.912700e-01	2.261729e+05	-1.224180e-01	2.437342e-01	0.000000e+00	-1.900493e+03	2.280734e+05
9.924600e-01	2.129451e+05	-1.227082e-01	2.440452e-01	0.000000e+00	-2.545679e+03	2.154908e+05
9.936500e-01	2.057973e+05	-1.229988e-01	2.443417e-01	0.000000e+00	-1.515405e+03	2.073127e+05
9.948400e-01	2.230078e+05	-1.232898e-01	2.446454e-01	0.000000e+00	-3.473866e+02	2.233551e+05
9.960300e-01	2.269511e+05	-1.235811e-01	2.449640e-01	0.000000e+00	-1.313530e+02	2.270825e+05
9.972200e-01	2.116396e+05	-1.238728e-01	2.452746e-01	0.000000e+00	-1.004148e+03	2.126437e+05
9.984100e-01	2.081649e+05	-1.241649e-01	2.455719e-01	0.000000e+00	-5.451717e+02	2.087101e+05
9.996000e-01	2.521466e+05	-1.244573e-01	2.458979e-01	0.000000e+00	-2.396088e+02	2.523863e+05
1.000790e+00	2.467691e+05	-1.247501e-01	2.462512e-01	0.000000e+00	-8.004684e+02	2.475695e+05
1.001980e+00	2.326766e+05	-1.250433e-01	2.465907e-01	0.000000e+00	-2.092935e+03	2.347696e+05
1.003170e+00	2.287719e+05	-1.253370e-01	2.469175e-01	0.000000e+00	-2.283324e+02	2.290003e+05
1.004360e+00	2.082061e+05	-1.256310e-01	2.472269e-01	0.000000e+00	-1.438441e+03	2.096446e+05
1.005550e+00	2.213802e+05	-1.259254e-01	2.475312e-01	0.000000e+00	-1.082568e+03	2.224628e+05
1.006740e+00	2.147485e+05	-1.262201e-01	2.478400e-01	0.000000e+00	-8.718115e+02	2.156203e+05
1.007930e+00	2.389254e+05	-1.265152e-01	2.481613e-01	0.000000e+00	-1.182758e+03	2.401081e+05
1.009120e+00	2.216781e+05	-1.268107e-01	2.484875e-01	0.000000e+00	-1.196405e+03	2.228745e+05
1.010310e+00	2.167181e+05	-1.271066e-01	2.487979e-01	0.000000e+00	-1.197960e+03	2.179161e+05
1.011500e+00	1.990021e+05	-1.274029e-01	2.490923e-01	0.000000e+00	-1.012642e+03	2.000148e+05
1.012690e+00	2.264244e+05	-1.276995e-01	2.493936e-01	0.000000e+00	-4.207772e+02	2.268452e+05
1.013880e+00	2.204520e+05	-1.279964e-01	2.497101e-01	0.000000e+00	-3.755278e+02	2.208276e+05
1.015070e+00	2.087646e+05	-1.282938e-01	2.500140e-01	0.000000e+00	-2.194928e+03	2.109595e+05
1.016260e+00	1.965321e+05	-1.285915e-01	2.503010e-01	0.000000e+00	-3.333627e+03	1.998658e+05
1.017450e+00	2.166405e+05	-1.288895e-01	2.505936e-01	0.000000e+00	-1.360984e+03	2.180015e+05
1.018640e+00	2.145371e+05	-1.291879e-01	2.508990e-01	0.000000e+00	-1.072205e+03	2.156094e+05
1.019830e+00	2.352809e+05	-1.294866e-01	2.512175e-01	0.000000e+00	-1.857050e+03	2.371379e+05
1.021020e+00	2.417847e+05	-1.297858e-01	2.515554e-01	0.000000e+00	-1.970762e+03	2.437555e+05
1.022210e+00	2.338426e+05	-1.300853e-01	2.518922e-01	0.000000e+00	-1.112924e+03	2.349555e+05
1.023400e+00	2.187708e+05	-1.303853e-01	2.522127e-01	0.000000e+00	-2.354637e+02	2.190062e+05
1.024590e+00	2.107062e+05	-1.306856e-01	2.525168e-01	0.000000e+00	-9.147327e+02	2.116209e+05
1.025780e+00	2.222173e+05	-1.309863e-01	2.528234e-01	0.000000e+00	-1.240823e+03	2.234581e+05
1.026970e+00	2.244092e+05	-1.312873e-01	2.531397e-01	0.000000e+00	-1.410205e+03	2.258194e+05
1.028160e+00	2.308059e+05	-1.315888e-01	2.534621e-01	0.000000e+00	-1.772597e+03	2.325785e+05
1.029350e+00	2.186529e+05	-1.318906e-01	2.537804e-01	0.000000e+00	-1.316239e+03	2.199691e+05
1.030540e+00	2.230158e+05	-1.321927e-01	2.540931e-01	0.000000e+00	0.000000e+00	2.230158e+05
1.031730e+00	2.262463e+05	-1.324953e-01	2.544113e-01	0.000000e+00	0.000000e+00	2.262463e+05
1.032920e+00	2.166993e+05	-1.327982e-01	2.547250e-01	0.000000e+00	0.000000e+00	2.166993e+05
1.034110e+00	2.231127e+05	-1.331016e-01	2.550364e-01	0.000000e+00	0.000000e+00	2.231127e+05
1.035300e+00	2.216636e+05	-1.334052e-01	2.553514e-01	0.000000e+00	0.000000e+00	2.216636e+05
1.036490e+00	2.185707e+05	-1.337093e-01	2.556632e-01	0.000000e+00	-2.521642e+02	2.188229e+05
1.037680e+00	2.367573e+05	-1.340137e-01	2.559856e-01	0.000000e+00	-5.881719e+02	2.373455e+05
1.038870e+00	2.044637e+05	-1.343185e-01	2.562981e-01	0.000000e+00	-5.634377e+02	2.050272e+05
1.040060e+00	2.219105e+05	-1.346237e-01	2.566000e-01	0.000000e+00	-1.982037e+03	2.238926e+05
1.041250e+00	2.109215e+05	-1.349292e-01	2.569065e-01	0.000000e+00	-1.510771e+03	2.124323e+05
1.042440e+00	2.354678e+05	-1.352351e-01	2.572226e-01	0.000000e+00	-8.248754e+02	2.362927e+05
1.043630e+00	2.173102e+05	-1.355414e-01	2.575433e-01	0.000000e+00	-2.165803e+02	2.175268e+05
1.044820e+00	2.292730e+05	-1.358481e-01	2.578595e-01	0.000000e+00	-7.846515e+02	2.300576e+05
1.046010e+00	2.293123e+05	-1.361551e-01	2.581843e-01	0.000000e+00	-4.307186e+02	2.297431e+05
1.047200e+00	2.361170e+05	-1.364626e-01	2.585139e-01	0.000000e+00	-6.218656e+02	2.367388e+05
1.048390e+00	2.148400e+05	-1.367704e-01	2.588333e-01	0.000000e+00	-6.280881e+02	2.154681e+05
1.049580e+00	2.100869e+05	-1.370786e-01	2.591342e-01	0.000000e+00	0.000000e+00	2.100869e+05
1.050770e+00	2.178137e+05	-1.373871e-01	2.594372e-01	0.000000e+00	-1.006320e+03	2.188200e+05
1.051960e+00	2.287961e+05	-1.376961e-01	2.597535e-01	0.000000e+00	-1.695865e+03	2.304919e+05
1.053150e+00	2.326265e+05	-1.380054e-01	2.600802e-01	0.000000e+00	-9.888870e+02	2.336154e+05
1.054340e+00	2.208431e+05	-1.383150e-01	2.604014e-01	0.000000e+00	-6.258128e+02	2.214689e+05
1.055530e+00	2.143325e+05	-1.386251e-01	2.607095e-01	0.000000e+00	-3.231112e+03	2.175637e+05
1.056720e+00	2.347537e+05	-1.389355e-01	2.610276e-01	0.000000e+00	-1.695700e+03	2.364494e+05
1.057910e+00	2.182058e+05	-1.392464e-01	2.613483e-01	0.000000e+00	-8.175793e+02	2.190233e+05
1.059100e+00	2.123848e+05	-1.395575e-01	2.616533e-01	0.000000e+00	-8.834559e+02	2.132683e+05
1.060290e+00	2.469603e+05	-1.398691e-01	2.619786e-01	0.000000e+00	-9.180144e+02	2.478783e+05
1.061480e+00	2.137221e+05	-1.401811e-01	2.623048e-01	0.000000e+00	-1.064880e+03	2.147869e+05
1.062670e+00	1.948536e+05	-1.404934e-01	2.625941e-01	0.000000e+00	-1.682987e+03	1.965366e+05
1.063860e+00	2.231100e+05	-1.408060e-01	2.628901e-01	0.000000e+00	-1.767126e+03	2.248771e+05
1.065050e+00	2.253535e+05	-1.411191e-01	2.632077e-01	0.000000e+00	-4.289834e+02	2.257825e+05
1.066240e+00	2.134109e+05	-1.414325e-01	2.635184e-01	0.000000e+00	-6.969938e+01	2.134805e+05
1.067430e+00	2.296013e+05	-1.417462e-01	2.638321e-01	0.000000e+00	-1.630113e+03	2.312314e+05
1.068620e+00	2.163287e+05	-1.420604e-01	2.641479e-01	0.000000e+00	-1.527838e+03	2.178565e+05
1.069810e+00	2.351070e+05	-1.423749e-01	2.644676e-01	0.000000e+00	-1.336941e+02	2.352407e+05
1.071000e+00	2.242809e+05	-1.426898e-01	2.647930e-01	0.000000e+00	-1.113799e+03	2.253947e+05
1.072190e+00	2.235081e+05	-1.430051e-01	2.651101e-01	0.000000e+00	-6.567157e+02	2.241648e+05
1.073380e+00	2.281068e+05	-1.433208e-01	2.654299e-01	0.000000e+00	-7.504939e+02	2.288573e+05
1.074570e+00	2.255504e+05	-1.436368e-01	2.657511e-01	0.000000e+00	-4.059387e+02	2.259564e+05
1.075760e+00	2.071268e+05	-1.439533e-01	2.660576e-01	0.000000e+00	-1.292785e+03	2.084196e+05
1.076950e+00	2.261488e+05	-1.442700e-01	2.663644e-01	0.000000e+00	-8.222845e+02	2.269711e+05
1.078140e+00	2.224772e+05	-1.445872e-01	2.666821e-01	0.000000e+00	-7.045143e+02	2.231817e+05
1.079330e+00	2.392450e+05	-1.449048e-01	2.670091e-01	0.000000e+00	-1.358218e+02	2.393808e+05
1.080520e+00	2.086779e+05	-1.452227e-01	2.673263e-01	0.000000e+00	-1.047952e+02	2.087826e+05
1.081710e+00	2.220429e+05	-1.455410e-01	2.676313e-01	0.000000e+00	-7.355410e+02	2.227785e+05
1.082900e+00	2.225000e+05	-1.458597e-01	2.679461e-01	0.000000e+00	0.000000e+00	2.225000e+05
1.084090e+00	2.145575e+05	-1.461787e-01	2.682556e-01	0.000000e+00	-1.823477e+02	2.147398e+05
1.085280e+00	2.164193e+05	-1.464981e-01	2.685608e-01	0.000000e+00	-1.249623e+03	2.176689e+05
1.086470e+00	2.207351e+05	-1.468179e-01	2.688704e-01	0.000000e+00	-4.845168e+02	2.212196e+05
1.087660e+00	2.228872e+05	-1.471380e-01	2.691845e-01	0.000000e+00	-6.045205e+02	2.234917e+05
1.088850e+00	2.145340e+05	-1.474585e-01	2.694943e-01	0.000000e+00	0.000000e+00	2.145340e+05
1.090040e+00	2.117280e+05	-1.477794e-01	2.697962e-01	0.000000e+00	-2.326954e+02	2.119607e+05
1.091230e+00	2.279131e+05	-1.481006e-01	2.701075e-01	0.000000e+00	-6.076407e+02	2.285207e+05
1.092420e+00	2.261183e+05	-1.484223e-01	2.704290e-01	0.000000e+00	-2.602657e+02	2.263786e+05
1.093610e+00	2.294757e+05	-1.487443e-01	2.707517e-01	0.000000e+00	-6.883505e+02	2.301640e+05
1.094800e+00	2.309281e+05	-1.490667e-01	2.710777e-01	0.000000e+00	-3.658402e+03	2.345865e+05
1.095990e+00	2.392085e+05	-1.493894e-01	2.714106e-01	0.000000e+00	-2.061189e+03	2.412697e+05
1.097180e+00	2.358723e+05	-1.497126e-01	2.717471e-01	0.000000e+00	-8.762094e+02	2.367485e+05
1.098370e+00	2.211032e+05	-1.500362e-01	2.720707e-01	0.000000e+00	-3.420787e+02	2.214453e+05
1.099560e+00	2.418948e+05	-1.503601e-01	2.723986e-01	0.000000e+00	-5.168658e+02	2.424117e+05
1.100750e+00	2.258931e+05	-1.506845e-01	2.727298e-01	0.000000e+00	0.000000e+00	2.258931e+05
1.101940e+00	2.153301e+05	-1.510092e-01	2.730423e-01	0.000000e+00	-2.258674e+02	2.155559e+05
1.103130e+00	2.211496e+05	-1.513343e-01	2.733514e-01	0.000000e+00	-6.144687e+02	2.217641e+05
1.104320e+00	2.322948e+05	-1.516598e-01	2.736725e-01	0.000000e+00	0.000000e+00	2.322948e+05
1.105510e+00	2.364046e+05	-1.519857e-01	2.740044e-01	0.000000e+00	0.000000e+00	2.364046e+05
1.106700e+00	2.356823e+05	-1.523119e-01	2.743387e-01	0.000000e+00	-1.691601e+02	2.358514e+05
1.107890e+00	2.340958e+05	-1.526386e-01	2.746714e-01	0.000000e+00	-6.711760e+02	2.347670e+05
1.109080e+00	2.306530e+05	-1.529657e-01	2.750005e-01	0.000000e+00	-6.116455e+02	2.312647e+05
1.110270e+00	2.202033e+05	-1.532931e-01	2.753198e-01	0.000000e+00	-1.069027e+03	2.212724e+05
1.111460e+00	2.241179e+05	-1.536209e-01	2.756345e-01	0.000000e+00	0.000000e+00	2.241179e+05
1.112650e+00	2.339523e+05	-1.539491e-01	2.759589e-01	0.000000e+00	0.000000e+00	2.339523e+05
1.113840e+00	2.197681e+05	-1.542777e-01	2.762802e-01	0.000000e+00	-6.547069e+02	2.204228e+05
1.115030e+00	2.218331e+05	-1.546067e-01	2.765929e-01	0.000000e+00	-1.025965e+03	2.228591e+05
1.116220e+00	2.173320e+05	-1.549360e-01	2.769039e-01	0.000000e+00	-7.593048e+02	2.180913e+05
1.117410e+00	2.211836e+05	-1.552657e-01	2.772144e-01	0.000000e+00	-3.831031e+02	2.215667e+05
1.118600e+00	2.378387e+05	-1.555958e-01	2.775395e-01	0.000000e+00	-5.382644e+02	2.383770e+05
1.119790e+00	2.262853e+05	-1.559262e-01	2.778682e-01	0.000000e+00	-5.370471e+02	2.268224e+05
1.120980e+00	2.384469e+05	-1.562571e-01	2.781973e-01	0.000000e+00	-3.032890e+02	2.387502e+05
1.122170e+00	2.237026e+05	-1.565884e-01	2.785246e-01	0.000000e+00	0.000000e+00	2.237026e+05
1.123360e+00	2.144983e+05	-1.569200e-01	2.788349e-01	0.000000e+00	0.000000e+00	2.144983e+05
1.124550e+00	2.265172e+05	-1.572520e-01	2.791472e-01	0.000000e+00	-2.358808e+01	2.265408e+05
1.125740e+00	2.525527e+05	-1.575844e-01	2.794865e-01	0.000000e+00	-1.471703e+03	2.540244e+05
1.126930e+00	2.448898e+05	-1.579172e-01	2.798387e-01	0.000000e+00	-1.853810e+02	2.450752e+05
1.128120e+00	2.297464e+05	-1.582504e-01	2.801749e-01	0.000000e+00	-3.739267e+02	2.301204e+05
1.129310e+00	2.076325e+05	-1.585840e-01	2.804846e-01	0.000000e+00	-6.416897e+02	2.082742e+05
1.130500e+00	2.213470e+05	-1.589179e-01	2.807884e-01	0.000000e+00	-6.650559e+02	2.220121e+05
1.131690e+00	2.289580e+05	-1.592522e-01	2.811073e-01	0.000000e+00	-5.235181e+02	2.294815e+05
1.132880e+00	2.389932e+05	-1.595870e-01	2.814387e-01	0.000000e+00	-1.866967e+03	2.408602e+05
1.134070e+00	2.216759e+05	-1.599221e-01	2.817649e-01	0.000000e+00	-7.480036e+02	2.224239e+05
1.135260e+00	2.402725e+05	-1.602576e-01	2.820920e-01	0.000000e+00	-2.228557e+02	2.404954e+05
1.136450e+00	2.357761e+05	-1.605935e-01	2.824291e-01	0.000000e+00	-4.188637e+02	2.361950e+05
1.137640e+00	2.205632e+05	-1.609297e-01	2.827523e-01	0.000000e+00	-4.214724e+02	2.209847e+05
1.138830e+00	2.379760e+05	-1.612664e-01	2.830770e-01	0.000000e+00	0.000000e+00	2.379760e+05
1.140020e+00	2.351362e+05	-1.616035e-01	2.834121e-01	0.000000e+00	-8.247140e+02	2.359609e+05
1.141210e+00	2.300643e+05	-1.619409e-01	2.837415e-01	0.000000e+00	-8.559583e+02	2.309203e+05
1.142400e+00	2.266940e+05	-1.622788e-01	2.840650e-01	0.000000e+00	0.000000e+00	2.266940e+05
1.143590e+00	2.296866e+05	-1.626170e-01	2.843882e-01	0.000000e+00	0.000000e+00	2.296866e+05
1.144780e+00	2.175188e+05	-1.629556e-01	2.847049e-01	0.000000e+00	-7.080691e+02	2.182269e+05
1.145970e+00	2.051614e+05	-1.632946e-01	2.850042e-01	0.000000e+00	-6.536394e+02	2.058151e+05
1.147160e+00	2.272077e+05	-1.636339e-01	2.853104e-01	0.000000e+00	-3.189638e+02	2.275267e+05
1.148350e+00	2.133382e+05	-1.639736e-01	2.856223e-01	0.000000e+00	0.000000e+00	2.133382e+05
1.149540e+00	2.166117e+05	-1.643137e-01	2.859268e-01	0.000000e+00	-6.008302e+02	2.172126e+05
1.150730e+00	2.269408e+05	-1.646541e-01	2.862409e-01	0.000000e+00	-8.411544e+02	2.277819e+05
1.151920e+00	2.134864e+05	-1.649950e-01	2.865528e-01	0.000000e+00	-2.386876e+02	2.137251e+05
1.153110e+00	2.295405e+05	-1.653361e-01	2.868666e-01	0.000000e+00	0.000000e+00	2.295405e+05
1.154300e+00	2.294651e+05	-1.656777e-01	2.871916e-01	0.000000e+00	-1.090233e+03	2.305553e+05
1.155490e+00	2.348842e+05	-1.660197e-01	2.875205e-01	0.000000e+00	-1.481253e+03	2.363654e+05
1.156680e+00	2.330867e+05	-1.663620e-01	2.878519e-01	0.000000e+00	-1.095205e+03	2.341819e+05
1.157870e+00	2.348706e+05	-1.667047e-01	2.881832e-01	0.000000e+00	-1.030055e+03	2.359006e+05
1.159060e+00	2.250055e+05	-1.670479e-01	2.885089e-01	0.000000e+00	-1.185607e+03	2.261911e+05
1.160250e+00	2.254453e+05	-1.673914e-01	2.888279e-01	0.000000e+00	0.000000e+00	2.254453e+05
1.161440e+00	2.201574e+05	-1.677353e-01	2.891435e-01	0.000000e+00	0.000000e+00	2.201574e+05
1.162630e+00	1.955463e+05	-1.680796e-01	2.894379e-01	0.000000e+00	0.000000e+00	1.955463e+05
1.163820e+00	2.214366e+05	-1.684241e-01	2.897331e-01	0.000000e+00	0.000000e+00	2.214366e+05
1.165010e+00	2.331369e+05	-1.687691e-01	2.900551e-01	0.000000e+00	0.000000e+00	2.331369e+05
1.166200e+00	2.251092e+05	-1.691145e-01	2.903796e-01	0.000000e+00	0.000000e+00	2.251092e+05
1.167390e+00	2.125908e+05	-1.694602e-01	2.906895e-01	0.000000e+00	-8.548268e+02	2.134456e+05
1.168580e+00	2.307843e+05	-1.698063e-01	2.910035e-01	0.000000e+00	-8.258455e+02	2.316101e+05
1.169770e+00	2.273105e+05	-1.701528e-01	2.913279e-01	0.000000e+00	-4.372578e+01	2.273542e+05
1.170960e+00	1.954777e+05	-1.704997e-01	2.916273e-01	0.000000e+00	-7.966104e+02	1.962743e+05
1.172150e+00	2.177942e+05	-1.708469e-01	2.919200e-01	0.000000e+00	0.000000e+00	2.177942e+05
1.173340e+00	2.212797e+05	-1.711944e-01	2.922309e-01	0.000000e+00	0.000000e+00	2.212797e+05
1.174530e+00	2.234501e+05	-1.715424e-01	2.925459e-01	0.000000e+00	-1.907149e+02	2.236408e+05
1.175720e+00	2.214383e+05	-1.718907e-01	2.928609e-01	0.000000e+00	-7.313902e+02	2.221697e+05
1.176910e+00	2.209829e+05	-1.722394e-01	2.931742e-01	0.000000e+00	-1.757251e+03	2.227401e+05
1.178100e+00	2.305958e+05	-1.725885e-01	2.934940e-01	0.000000e+00	-1.110244e+03	2.317061e+05
1.179290e+00	2.319431e+05	-1.729379e-01	2.938216e-01	0.000000e+00	-4.120804e+02	2.323552e+05
1.180480e+00	2.074416e+05	-1.732878e-01	2.941327e-01	0.000000e+00	-3.452414e+02	2.077869e+05
1.181670e+00	2.366332e+05	-1.736380e-01	2.944472e-01	0.000000e+00	-4.950947e+02	2.371283e+05
1.182860e+00	2.253667e+05	-1.739885e-01	2.947744e-01	0.000000e+00	0.000000e+00	2.253667e+05
1.184050e+00	2.234972e+05	-1.743395e-01	2.950923e-01	0.000000e+00	0.000000e+00	2.234972e+05
1.185240e+00	2.181791e+05	-1.746909e-01	2.954050e-01	0.000000e+00	0.000000e+00	2.181791e+05
1.186430e+00	2.339271e+05	-1.750426e-01	2.957252e-01	0.000000e+00	0.000000e+00	2.339271e+05
1.187620e+00	2.221089e+05	-1.753947e-01	2.960481e-01	0.000000e+00	0.000000e+00	2.221089e+05
1.188810e+00	2.035537e+05	-1.757472e-01	2.963496e-01	0.000000e+00	0.000000e+00	2.035537e+05
1.190000e+00	1.121725e+05	-1.761000e-01	2.965732e-01	0.000000e+00	0.000000e+00	1.121725e+05
