#x	rho	phi	ex	bz	rhok[0]	rhok[1]
0.000000e+00	-5.228711e+01	0.000000e+00	1.127738e-01	0.000000e+00	-1.553601e+03	1.501313e+03
1.190000e-03	-1.894314e+03	-1.342008e-04	1.127724e-01	0.000000e+00	-5.161191e+03	3.266876e+03
2.380000e-03	5.242310e+02	-2.683984e-04	1.127715e-01	0.000000e+00	-4.935339e+03	5.459570e+03
3.570000e-03	8.776787e+02	-4.025969e-04	1.127725e-01	0.000000e+00	-6.323017e+03	7.200696e+03
4.760000e-03	3.656124e+03	-5.367969e-04	1.127757e-01	0.000000e+00	-2.978738e+03	6.634863e+03
5.950000e-03	8.304340e+03	-6.710030e-04	1.127842e-01	0.000000e+00	-2.040575e+03	1.034491e+04
7.140000e-03	5.145428e+03	-8.052232e-04	1.127937e-01	0.000000e+00	-3.649264e+03	8.794691e+03
8.330000e-03	7.617545e+03	-9.394520e-04	1.128027e-01	0.000000e+00	-6.385337e+03	1.400288e+04
9.520000e-03	8.879540e+03	-1.073694e-03	1.128144e-01	0.000000e+00	-3.243880e+03	1.212342e+04
1.071000e-02	1.398167e+04	-1.207950e-03	1.128306e-01	0.000000e+00	-3.501091e+03	1.748276e+04
1.190000e-02	1.347406e+04	-1.342230e-03	1.128500e-01	0.000000e+00	-5.121725e+03	1.859579e+04
1.309000e-02	1.895910e+04	-1.476533e-03	1.128730e-01	0.000000e+00	-5.212903e+03	2.417200e+04
1.428000e-02	1.541281e+04	-1.610868e-03	1.128973e-01	0.000000e+00	-3.853406e+03	1.926621e+04
1.547000e-02	2.058743e+04	-1.745229e-03	1.129228e-01	0.000000e+00	-2.159391e+03	2.274682e+04
1.666000e-02	2.657626e+04	-1.879625e-03	1.129562e-01	0.000000e+00	-2.630474e+03	2.920674e+04
1.785000e-02	1.941063e+04	-2.014065e-03	1.129888e-01	0.000000e+00	-4.440462e+03	2.385109e+04
1.904000e-02	2.038565e+04	-2.148538e-03	1.130170e-01	0.000000e+00	-2.355824e+03	2.274148e+04
2.023000e-02	1.970275e+04	-2.283045e-03	1.130454e-01	0.000000e+00	-1.628247e+03	2.133100e+04
2.142000e-02	1.930127e+04	-2.417586e-03	1.130730e-01	0.000000e+00	-1.922657e+03	2.122393e+04
2.261000e-02	2.643994e+04	-2.552159e-03	1.131054e-01	0.000000e+00	-2.921779e+03	2.936172e+04
2.380000e-02	1.797054e+04	-2.686777e-03	1.131368e-01	0.000000e+00	-6.847575e+03	2.481812e+04
2.499000e-02	1.861002e+04	-2.821425e-03	1.131627e-01	0.000000e+00	-5.343265e+03	2.395328e+04
2.618000e-02	1.911266e+04	-2.956104e-03	1.131895e-01	0.000000e+00	-9.627832e+03	2.874049e+04
2.737000e-02	1.536435e+04	-3.090816e-03	1.132139e-01	0.000000e+00	-6.655231e+03	2.201958e+04
2.856000e-02	2.229921e+04	-3.225553e-03	1.132405e-01	0.000000e+00	-4.146712e+03	2.644592e+04
2.975000e-02	2.858128e+04	-3.360328e-03	1.132766e-01	0.000000e+00	-6.589690e+03	3.517097e+04
3.094000e-02	2.754288e+04	-3.495151e-03	1.133163e-01	0.000000e+00	-4.653786e+03	3.219666e+04
3.213000e-02	3.158482e+04	-3.630021e-03	1.133582e-01	0.000000e+00	-2.968455e+03	3.455328e+04
3.332000e-02	2.739796e+04	-3.764944e-03	1.134000e-01	0.000000e+00	-5.749368e+03	3.314732e+04
3.451000e-02	3.743777e+04	-3.899913e-03	1.134459e-01	0.000000e+00	-6.102113e+03	4.353988e+04
3.570000e-02	3.915965e+04	-4.034945e-03	1.135001e-01	0.000000e+00	-5.860121e+03	4.501977e+04
3.689000e-02	3.527243e+04	-4.170043e-03	1.135528e-01	0.000000e+00	-3.755612e+03	3.902804e+04
3.808000e-02	3.436027e+04	-4.305201e-03	1.136021e-01	0.000000e+00	-2.804119e+03	3.716439e+04
3.927000e-02	3.142744e+04	-4.440416e-03	1.136487e-01	0.000000e+00	-4.770637e+03	3.619807e+04
4.046000e-02	3.279539e+04	-4.575685e-03	1.136942e-01	0.000000e+00	-4.279409e+03	3.707480e+04
4.165000e-02	3.877417e+04	-4.711008e-03	1.137449e-01	0.000000e+00	-3.360459e+03	4.213463e+04
4.284000e-02	3.892543e+04	-4.846397e-03	1.137999e-01	0.000000e+00	-1.860939e+03	4.078637e+04
4.403000e-02	4.388388e+04	-4.981852e-03	1.138586e-01	0.000000e+00	-2.293024e+03	4.617691e+04
4.522000e-02	4.137781e+04	-5.117381e-03	1.139189e-01	0.000000e+00	-4.317724e+03	4.569554e+04
4.641000e-02	3.422037e+04	-5.252979e-03	1.139725e-01	0.000000e+00	-2.776239e+03	3.699661e+04
4.760000e-02	4.238895e+04	-5.388635e-03	1.140267e-01	0.000000e+00	-3.869681e+03	4.625863e+04
4.879000e-02	3.209415e+04	-5.524363e-03	1.140795e-01	0.000000e+00	-3.668125e+03	3.576228e+04
4.998000e-02	4.121437e+04	-5.660144e-03	1.141314e-01	0.000000e+00	-3.171289e+03	4.438566e+04
5.117000e-02	3.610519e+04	-5.795995e-03	1.141861e-01	0.000000e+00	-5.763374e+03	4.186856e+04
5.236000e-02	3.733447e+04	-5.931907e-03	1.142381e-01	0.000000e+00	-5.357683e+03	4.269215e+04
5.355000e-02	3.740054e+04	-6.067882e-03	1.142911e-01	0.000000e+00	-5.685818e+03	4.308636e+04
5.474000e-02	4.114655e+04	-6.203920e-03	1.143467e-01	0.000000e+00	-9.927318e+02	4.213929e+04
5.593000e-02	3.956634e+04	-6.340027e-03	1.144039e-01	0.000000e+00	-3.458202e+03	4.302455e+04
5.712000e-02	3.413163e+04	-6.476201e-03	1.144560e-01	0.000000e+00	-3.802934e+03	3.793457e+04
5.831000e-02	4.216702e+04	-6.612433e-03	1.145101e-01	0.000000e+00	-1.597314e+03	4.376433e+04
5.950000e-02	3.766699e+04	-6.748735e-03	1.145666e-01	0.000000e+00	-2.731186e+03	4.039818e+04
6.069000e-02	4.659280e+04	-6.885101e-03	1.146263e-01	0.000000e+00	-3.679555e+03	5.027235e+04
6.188000e-02	4.663303e+04	-7.021546e-03	1.146923e-01	0.000000e+00	-3.380998e+03	5.001403e+04
6.307000e-02	3.929509e+04	-7.158069e-03	1.147532e-01	0.000000e+00	-3.205676e+03	4.250077e+04
6.426000e-02	5.076270e+04	-7.294658e-03	1.148169e-01	0.000000e+00	-4.479410e+03	5.524211e+04
6.545000e-02	4.941204e+04	-7.431333e-03	1.148879e-01	0.000000e+00	-3.363209e+03	5.277525e+04
6.664000e-02	4.830990e+04	-7.568091e-03	1.149571e-01	0.000000e+00	-6.889178e+03	5.519907e+04
6.783000e-02	3.604055e+04	-7.704931e-03	1.150168e-01	0.000000e+00	-6.898657e+03	4.293920e+04
6.902000e-02	4.535396e+04	-7.841831e-03	1.150744e-01	0.000000e+00	-6.569348e+03	5.192331e+04
7.021000e-02	3.831535e+04	-7.978808e-03	1.151337e-01	0.000000e+00	-4.391765e+03	4.270712e+04
7.140000e-02	3.657073e+04	-8.115850e-03	1.151867e-01	0.000000e+00	-3.155443e+03	3.972617e+04
7.259000e-02	3.732019e+04	-8.252953e-03	1.152391e-01	0.000000e+00	-5.242864e+03	4.256305e+04
7.378000e-02	4.646921e+04	-8.390119e-03	1.152984e-01	0.000000e+00	-3.600987e+03	5.007020e+04
7.497000e-02	5.073630e+04	-8.527363e-03	1.153672e-01	0.000000e+00	-2.212121e+03	5.294842e+04
7.616000e-02	4.416330e+04	-8.664693e-03	1.154344e-01	0.000000e+00	-5.649705e+03	4.981300e+04
7.735000e-02	5.058475e+04	-8.802097e-03	1.155015e-01	0.000000e+00	-2.421978e+03	5.300673e+04
7.854000e-02	5.458791e+04	-8.939586e-03	1.155760e-01	0.000000e+00	-4.051346e+03	5.863925e+04
7.973000e-02	4.729404e+04	-9.077168e-03	1.156482e-01	0.000000e+00	-4.091946e+03	5.138599e+04
8.092000e-02	4.687022e+04	-9.214829e-03	1.157148e-01	0.000000e+00	-4.317935e+03	5.118816e+04
8.211000e-02	4.821060e+04	-9.352569e-03	1.157822e-01	0.000000e+00	-4.240748e+03	5.245135e+04
8.330000e-02	5.040152e+04	-9.490390e-03	1.158520e-01	0.000000e+00	-3.955452e+03	5.435698e+04
8.449000e-02	5.464146e+04	-9.628297e-03	1.159264e-01	0.000000e+00	-4.356404e+03	5.899787e+04
8.568000e-02	5.717034e+04	-9.766295e-03	1.160056e-01	0.000000e+00	-6.842450e+03	6.401279e+04
8.687000e-02	5.829613e+04	-9.904390e-03	1.160873e-01	0.000000e+00	-3.054510e+03	6.135064e+04
8.806000e-02	4.483709e+04	-1.004258e-02	1.161604e-01	0.000000e+00	-1.874893e+03	4.671199e+04
8.925000e-02	4.154819e+04	-1.018085e-02	1.162216e-01	0.000000e+00	-2.370224e+03	4.391841e+04
9.044000e-02	4.724635e+04	-1.031919e-02	1.162844e-01	0.000000e+00	-4.694412e+03	5.194076e+04
9.163000e-02	4.788657e+04	-1.045761e-02	1.163518e-01	0.000000e+00	-2.378615e+03	5.026519e+04
9.282000e-02	5.292758e+04	-1.059611e-02	1.164232e-01	0.000000e+00	-2.918385e+03	5.584596e+04
9.401000e-02	4.723122e+04	-1.073470e-02	1.164941e-01	0.000000e+00	-2.797934e+03	5.002915e+04
9.520000e-02	4.714672e+04	-1.087336e-02	1.165610e-01	0.000000e+00	-1.647346e+03	4.879407e+04
9.639000e-02	5.427115e+04	-1.101211e-02	1.166328e-01	0.000000e+00	-2.480612e+03	5.675176e+04
9.758000e-02	4.954938e+04	-1.115095e-02	1.167063e-01	0.000000e+00	-1.602120e+03	5.115151e+04
9.877000e-02	4.541823e+04	-1.128987e-02	1.167736e-01	0.000000e+00	-1.959508e+03	4.737773e+04
9.996000e-02	4.219937e+04	-1.142887e-02	1.168356e-01	0.000000e+00	-2.192695e+03	4.439207e+04
1.011500e-01	4.696859e+04	-1.156794e-02	1.168988e-01	0.000000e+00	-5.978632e+03	5.294722e+04
1.023400e-01	4.460964e+04	-1.170709e-02	1.169636e-01	0.000000e+00	-7.013910e+03	5.162355e+04
1.035300e-01	4.769228e+04	-1.184631e-02	1.170290e-01	0.000000e+00	-4.413717e+03	5.210600e+04
1.047200e-01	4.545727e+04	-1.198562e-02	1.170949e-01	0.000000e+00	-4.531000e+03	4.998827e+04
1.059100e-01	4.367859e+04	-1.212500e-02	1.171581e-01	0.000000e+00	-5.094265e+03	4.877285e+04
1.071000e-01	4.319162e+04	-1.226446e-02	1.172196e-01	0.000000e+00	-4.051260e+03	4.724288e+04
1.082900e-01	5.170539e+04	-1.240398e-02	1.172868e-01	0.000000e+00	-3.151530e+03	5.485692e+04
1.094800e-01	5.086998e+04	-1.254360e-02	1.173594e-01	0.000000e+00	-4.716788e+03	5.558677e+04
1.106700e-01	4.848493e+04	-1.268330e-02	1.174298e-01	0.000000e+00	-4.491883e+03	5.297681e+04
1.118600e-01	4.486857e+04	-1.282308e-02	1.174959e-01	0.000000e+00	-6.973253e+03	5.184182e+04
1.130500e-01	4.534685e+04	-1.296294e-02	1.175598e-01	0.000000e+00	-5.309382e+03	5.065623e+04
1.142400e-01	4.952649e+04	-1.310287e-02	1.176270e-01	0.000000e+00	-4.177946e+03	5.370444e+04
1.154300e-01	5.104712e+04	-1.324289e-02	1.176982e-01	0.000000e+00	-3.151799e+03	5.419892e+04
1.166200e-01	4.165559e+04	-1.338299e-02	1.177638e-01	0.000000e+00	-5.132940e+03	4.678853e+04
1.178100e-01	5.871754e+04	-1.352317e-02	1.178349e-01	0.000000e+00	-3.548368e+03	6.226591e+04
1.190000e-01	4.155826e+04	-1.366344e-02	1.179059e-01	0.000000e+00	-4.714147e+03	4.627241e+04
1.201900e-01	5.923978e+04	-1.380378e-02	1.179773e-01	0.000000e+00	-3.334253e+03	6.257403e+04
1.213800e-01	4.963731e+04	-1.394423e-02	1.180544e-01	0.000000e+00	-2.453610e+03	5.209092e+04
1.225700e-01	5.958091e+04	-1.408475e-02	1.181318e-01	0.000000e+00	-1.560395e+03	6.114131e+04
1.237600e-01	6.774788e+04	-1.422538e-02	1.182219e-01	0.000000e+00	-1.301922e+03	6.904980e+04
1.249500e-01	5.221545e+04	-1.436612e-02	1.183069e-01	0.000000e+00	-2.769939e+03	5.498539e+04
1.261400e-01	4.610978e+04	-1.450695e-02	1.183765e-01	0.000000e+00	-3.603366e+03	4.971314e+04
1.273300e-01	5.798311e+04	-1.464786e-02	1.184502e-01	0.000000e+00	-2.759008e+03	6.074211e+04
1.285200e-01	5.185488e+04	-1.478886e-02	1.185280e-01	0.000000e+00	-4.551406e+03	5.640629e+04
1.297100e-01	4.764974e+04	-1.492996e-02	1.185985e-01	0.000000e+00	-5.346854e+03	5.299659e+04
1.309000e-01	5.964061e+04	-1.507113e-02	1.186745e-01	0.000000e+00	-2.532485e+03	6.217310e+04
1.320900e-01	4.862902e+04	-1.521240e-02	1.187511e-01	0.000000e+00	-4.460166e+03	5.308919e+04
1.332800e-01	5.222451e+04	-1.535376e-02	1.188225e-01	0.000000e+00	-4.610264e+03	5.683477e+04
1.344700e-01	5.429041e+04	-1.549520e-02	1.188980e-01	0.000000e+00	-1.884002e+03	5.617442e+04
1.356600e-01	6.001169e+04	-1.563673e-02	1.189789e-01	0.000000e+00	-4.937276e+03	6.494897e+04
1.368500e-01	6.316444e+04	-1.577837e-02	1.190662e-01	0.000000e+00	-2.293159e+03	6.545760e+04
1.380400e-01	5.322101e+04	-1.592011e-02	1.191486e-01	0.000000e+00	-3.275535e+03	5.649654e+04
1.392300e-01	4.743015e+04	-1.606194e-02	1.192199e-01	0.000000e+00	-3.709225e+03	5.113937e+04
1.404200e-01	5.056188e+04	-1.620385e-02	1.192892e-01	0.000000e+00	-4.358059e+03	5.491994e+04
1.416100e-01	5.641612e+04	-1.634585e-02	1.193650e-01	0.000000e+00	-3.733044e+03	6.014916e+04
1.428000e-01	5.495352e+04	-1.648794e-02	1.194439e-01	0.000000e+00	-2.863034e+03	5.781656e+04
1.439900e-01	4.892222e+04	-1.663013e-02	1.195174e-01	0.000000e+00	-4.247420e+03	5.316964e+04
1.451800e-01	4.604561e+04	-1.677239e-02	1.195847e-01	0.000000e+00	-5.842730e+03	5.188834e+04
1.463700e-01	3.961441e+04	-1.691474e-02	1.196453e-01	0.000000e+00	-5.411033e+03	4.502545e+04
1.475600e-01	4.602239e+04	-1.705715e-02	1.197060e-01	0.000000e+00	-3.822518e+03	4.984491e+04
1.487500e-01	5.341009e+04	-1.719964e-02	1.197764e-01	0.000000e+00	-4.798592e+03	5.820868e+04
1.499400e-01	5.448755e+04	-1.734222e-02	1.198528e-01	0.000000e+00	-4.576195e+03	5.906375e+04
1.511300e-01	5.320368e+04	-1.748489e-02	1.199291e-01	0.000000e+00	-3.053266e+03	5.625695e+04
1.523200e-01	5.001626e+04	-1.762765e-02	1.200022e-01	0.000000e+00	-4.288549e+03	5.430481e+04
1.535100e-01	4.685690e+04	-1.777049e-02	1.200708e-01	0.000000e+00	-3.571803e+03	5.042870e+04
1.547000e-01	4.591824e+04	-1.791342e-02	1.201365e-01	0.000000e+00	-4.946036e+03	5.086428e+04
1.558900e-01	5.821531e+04	-1.805642e-02	1.202102e-01	0.000000e+00	-2.918845e+03	6.113415e+04
1.570800e-01	5.204997e+04	-1.819952e-02	1.202883e-01	0.000000e+00	-8.232966e+03	6.028294e+04
1.582700e-01	4.342345e+04	-1.834270e-02	1.203559e-01	0.000000e+00	-3.341392e+03	4.676484e+04
1.594600e-01	4.980443e+04	-1.848596e-02	1.204219e-01	0.000000e+00	-3.147908e+03	5.295234e+04
1.606500e-01	5.624544e+04	-1.862931e-02	1.204970e-01	0.000000e+00	-3.760518e+03	6.000596e+04
1.618400e-01	4.623370e+04	-1.877275e-02	1.205696e-01	0.000000e+00	-3.778707e+03	5.001240e+04
1.630300e-01	5.659709e+04	-1.891626e-02	1.206424e-01	0.000000e+00	-5.256260e+03	6.185335e+04
1.642200e-01	4.884700e+04	-1.905988e-02	1.207171e-01	0.000000e+00	-2.496196e+03	5.134320e+04
1.654100e-01	4.775759e+04	-1.920357e-02	1.207855e-01	0.000000e+00	-5.126172e+03	5.288376e+04
1.666000e-01	5.895603e+04	-1.934735e-02	1.208611e-01	0.000000e+00	-5.954568e+03	6.491060e+04
1.677900e-01	5.081658e+04	-1.949122e-02	1.209388e-01	0.000000e+00	-3.508499e+03	5.432508e+04
1.689800e-01	4.422410e+04	-1.963518e-02	1.210061e-01	0.000000e+00	-3.442256e+03	4.766636e+04
1.701700e-01	5.099922e+04	-1.977921e-02	1.210736e-01	0.000000e+00	-2.746230e+03	5.374545e+04
1.713600e-01	5.370014e+04	-1.992334e-02	1.211477e-01	0.000000e+00	-3.385403e+03	5.708554e+04
1.725500e-01	6.042061e+04	-2.006755e-02	1.212285e-01	0.000000e+00	-2.427175e+03	6.284778e+04
1.737400e-01	4.150184e+04	-2.021186e-02	1.213007e-01	0.000000e+00	-3.739154e+03	4.524099e+04
1.749300e-01	4.890246e+04	-2.035624e-02	1.213647e-01	0.000000e+00	-1.434668e+03	5.033713e+04
1.761200e-01	5.901163e+04	-2.050071e-02	1.214411e-01	0.000000e+00	-2.819027e+03	6.183066e+04
1.773100e-01	5.380183e+04	-2.064527e-02	1.215210e-01	0.000000e+00	-2.559062e+03	5.636089e+04
1.785000e-01	5.481293e+04	-2.078993e-02	1.215980e-01	0.000000e+00	-2.523634e+03	5.733657e+04
1.796900e-01	5.614090e+04	-2.093467e-02	1.216765e-01	0.000000e+00	-9.378674e+02	5.707877e+04
1.808800e-01	5.775671e+04	-2.107952e-02	1.217572e-01	0.000000e+00	-3.233409e+03	6.099012e+04
1.820700e-01	4.834384e+04	-2.122446e-02	1.218323e-01	0.000000e+00	-6.109795e+03	5.445363e+04
1.832600e-01	4.833673e+04	-2.136948e-02	1.219008e-01	0.000000e+00	-6.839498e+03	5.517623e+04
1.844500e-01	5.696148e+04	-2.151458e-02	1.219754e-01	0.000000e+00	-5.999140e+03	6.296062e+04
1.856400e-01	4.533531e+04	-2.165978e-02	1.220478e-01	0.000000e+00	-2.884152e+03	4.821947e+04
1.868300e-01	4.528796e+04	-2.180505e-02	1.221120e-01	0.000000e+00	-3.443505e+03	4.873146e+04
1.880200e-01	5.681261e+04	-2.195041e-02	1.221843e-01	0.000000e+00	-3.328457e+03	6.014106e+04
1.892100e-01	5.599246e+04	-2.209585e-02	1.222642e-01	0.000000e+00	-4.400042e+03	6.039251e+04
1.904000e-01	4.825857e+04	-2.224139e-02	1.223380e-01	0.000000e+00	-4.297618e+03	5.255618e+04
1.915900e-01	5.704353e+04	-2.238702e-02	1.224126e-01	0.000000e+00	-3.078369e+03	6.012190e+04
1.927800e-01	5.799040e+04	-2.253274e-02	1.224940e-01	0.000000e+00	-4.190523e+03	6.218093e+04
1.939700e-01	5.913488e+04	-2.267855e-02	1.225770e-01	0.000000e+00	-4.229363e+03	6.336424e+04
1.951600e-01	5.269162e+04	-2.282447e-02	1.226562e-01	0.000000e+00	-3.541456e+03	5.623307e+04
1.963500e-01	5.897111e+04	-2.297048e-02	1.227352e-01	0.000000e+00	-2.996522e+03	6.196763e+04
1.975400e-01	5.185867e+04	-2.311658e-02	1.228137e-01	0.000000e+00	-4.792109e+02	5.233788e+04
1.987300e-01	4.799966e+04	-2.326277e-02	1.228844e-01	0.000000e+00	-7.747284e+02	4.877439e+04
1.999200e-01	3.975255e+04	-2.340904e-02	1.229466e-01	0.000000e+00	-3.733467e+03	4.348602e+04
2.011100e-01	4.146091e+04	-2.355538e-02	1.230041e-01	0.000000e+00	-2.092759e+03	4.355367e+04
2.023000e-01	5.048492e+04	-2.370179e-02	1.230692e-01	0.000000e+00	-2.304333e+03	5.278925e+04
2.034900e-01	6.258167e+04	-2.384829e-02	1.231493e-01	0.000000e+00	-8.671055e+02	6.344877e+04
2.046800e-01	5.172974e+04	-2.399489e-02	1.232302e-01	0.000000e+00	-5.400765e+03	5.713050e+04
2.058700e-01	5.376105e+04	-2.414158e-02	1.233049e-01	0.000000e+00	-5.436945e+03	5.919799e+04
2.070600e-01	4.206513e+04	-2.428836e-02	1.233728e-01	0.000000e+00	-4.176119e+03	4.624125e+04
2.082500e-01	4.589986e+04	-2.443520e-02	1.234351e-01	0.000000e+00	-5.024229e+03	5.092409e+04
2.094400e-01	5.820004e+04	-2.458213e-02	1.235088e-01	0.000000e+00	-5.655172e+03	6.385521e+04
2.106300e-01	4.903922e+04	-2.472916e-02	1.235847e-01	0.000000e+00	-4.530475e+03	5.356970e+04
2.118200e-01	5.205925e+04	-2.487626e-02	1.236563e-01	0.000000e+00	-5.936691e+03	5.799594e+04
2.130100e-01	5.409692e+04	-2.502346e-02	1.237315e-01	0.000000e+00	-4.251734e+03	5.834865e+04
2.142000e-01	5.406495e+04	-2.517074e-02	1.238081e-01	0.000000e+00	-3.135137e+03	5.720009e+04
2.153900e-01	5.883185e+04	-2.531812e-02	1.238881e-01	0.000000e+00	-3.456584e+03	6.228843e+04
2.165800e-01	5.468771e+04	-2.546560e-02	1.239685e-01	0.000000e+00	-4.459252e+03	5.914696e+04
2.177700e-01	5.998094e+04	-2.561317e-02	1.240497e-01	0.000000e+00	-2.838672e+03	6.281962e+04
2.189600e-01	5.094521e+04	-2.576084e-02	1.241282e-01	0.000000e+00	-4.134369e+03	5.507958e+04
2.201500e-01	5.378693e+04	-2.590859e-02	1.242024e-01	0.000000e+00	-2.903173e+03	5.669010e+04
2.213400e-01	4.875537e+04	-2.605644e-02	1.242750e-01	0.000000e+00	-2.457550e+03	5.121292e+04
2.225300e-01	5.213729e+04	-2.620437e-02	1.243464e-01	0.000000e+00	-1.643522e+03	5.378082e+04
2.237200e-01	4.601808e+04	-2.635238e-02	1.244160e-01	0.000000e+00	-2.160531e+03	4.817861e+04
2.249100e-01	5.075796e+04	-2.650048e-02	1.244845e-01	0.000000e+00	-4.188508e+03	5.494646e+04
2.261000e-01	4.012965e+04	-2.664865e-02	1.245489e-01	0.000000e+00	-3.733402e+03	4.386305e+04
2.272900e-01	5.743942e+04	-2.679690e-02	1.246179e-01	0.000000e+00	-5.287338e+03	6.272676e+04
2.284800e-01	5.573649e+04	-2.694525e-02	1.246981e-01	0.000000e+00	-4.045582e+03	5.978207e+04
2.296700e-01	4.692033e+04	-2.709368e-02	1.247708e-01	0.000000e+00	-1.170178e+03	4.809051e+04
2.308600e-01	5.861867e+04	-2.724220e-02	1.248455e-01	0.000000e+00	-3.473665e+02	5.896604e+04
2.320500e-01	5.998650e+04	-2.739082e-02	1.249295e-01	0.000000e+00	-3.745517e+03	6.373202e+04
2.332400e-01	4.497799e+04	-2.753953e-02	1.250039e-01	0.000000e+00	-4.368716e+03	4.934670e+04
2.344300e-01	6.024875e+04	-2.768832e-02	1.250784e-01	0.000000e+00	-3.222896e+03	6.347164e+04
2.356200e-01	4.769680e+04	-2.783722e-02	1.251548e-01	0.000000e+00	-3.987933e+03	5.168474e+04
2.368100e-01	4.163983e+04	-2.798619e-02	1.252181e-01	0.000000e+00	-1.820856e+03	4.346069e+04
2.380000e-01	5.132148e+04	-2.813524e-02	1.252839e-01	0.000000e+00	-3.946493e+03	5.526797e+04
2.391900e-01	3.665206e+04	-2.828437e-02	1.253462e-01	0.000000e+00	-6.168160e+03	4.282022e+04
2.403800e-01	4.944265e+04	-2.843356e-02	1.254072e-01	0.000000e+00	-3.349902e+03	5.279255e+04
2.415700e-01	5.585711e+04	-2.858284e-02	1.254818e-01	0.000000e+00	-5.309555e+03	6.116666e+04
2.427600e-01	5.774283e+04	-2.873221e-02	1.255622e-01	0.000000e+00	-5.874381e+03	6.361721e+04
2.439500e-01	4.848109e+04	-2.888168e-02	1.256374e-01	0.000000e+00	-4.170131e+03	5.265122e+04
2.451400e-01	5.223169e+04	-2.903123e-02	1.257087e-01	0.000000e+00	-1.708694e+03	5.394038e+04
2.463300e-01	5.263833e+04	-2.918086e-02	1.257830e-01	0.000000e+00	-3.935392e+03	5.657372e+04
2.475200e-01	5.318893e+04	-2.933059e-02	1.258580e-01	0.000000e+00	-1.825519e+03	5.501445e+04
2.487100e-01	5.363287e+04	-2.948040e-02	1.259336e-01	0.000000e+00	-1.184388e+03	5.481726e+04
2.499000e-01	5.269071e+04	-2.963031e-02	1.260089e-01	0.000000e+00	-4.740248e+03	5.743096e+04
2.510900e-01	4.776469e+04	-2.978031e-02	1.260800e-01	0.000000e+00	-4.532957e+03	5.229764e+04
2.522800e-01	5.349611e+04	-2.993038e-02	1.261517e-01	0.000000e+00	-1.789541e+03	5.528566e+04
2.534700e-01	5.469198e+04	-3.008055e-02	1.262284e-01	0.000000e+00	-1.198245e+03	5.589023e+04
2.546600e-01	4.713828e+04	-3.023080e-02	1.263005e-01	0.000000e+00	-1.747573e+03	4.888585e+04
2.558500e-01	6.067055e+04	-3.038114e-02	1.263768e-01	0.000000e+00	-1.548734e+03	6.221928e+04
2.570400e-01	5.424991e+04	-3.053158e-02	1.264582e-01	0.000000e+00	-4.039974e+03	5.828988e+04
2.582300e-01	5.526276e+04	-3.068211e-02	1.265358e-01	0.000000e+00	-2.072156e+03	5.733492e+04
2.594200e-01	6.016304e+04	-3.083274e-02	1.266175e-01	0.000000e+00	-1.882915e+03	6.204596e+04
2.606100e-01	5.372790e+04	-3.098346e-02	1.266981e-01	0.000000e+00	-2.976895e+03	5.670480e+04
2.618000e-01	5.412666e+04	-3.113428e-02	1.267745e-01	0.000000e+00	-4.325009e+03	5.845167e+04
2.629900e-01	4.775788e+04	-3.128519e-02	1.268467e-01	0.000000e+00	-5.323697e+03	5.308158e+04
2.641800e-01	4.408642e+04	-3.143617e-02	1.269117e-01	0.000000e+00	-3.936329e+03	4.802275e+04
2.653700e-01	6.156532e+04	-3.158724e-02	1.269865e-01	0.000000e+00	-1.794098e+03	6.335942e+04
2.665600e-01	5.739249e+04	-3.173840e-02	1.270708e-01	0.000000e+00	-2.474227e+03	5.986672e+04
2.677500e-01	5.146173e+04	-3.188966e-02	1.271479e-01	0.000000e+00	-2.207612e+03	5.366934e+04
2.689400e-01	4.964028e+04	-3.204101e-02	1.272195e-01	0.000000e+00	-4.252091e+03	5.389237e+04
2.701300e-01	6.036393e+04	-3.219245e-02	1.272974e-01	0.000000e+00	-2.889501e+03	6.325344e+04
2.713200e-01	4.812423e+04	-3.234398e-02	1.273742e-01	0.000000e+00	-4.685740e+03	5.280997e+04
2.725100e-01	4.650424e+04	-3.249560e-02	1.274412e-01	0.000000e+00	-4.095078e+03	5.059932e+04
2.737000e-01	4.545749e+04	-3.264729e-02	1.275063e-01	0.000000e+00	-4.659109e+03	5.011660e+04
2.748900e-01	5.680124e+04	-3.279906e-02	1.275787e-01	0.000000e+00	-2.651333e+03	5.945257e+04
2.760800e-01	4.354235e+04	-3.295093e-02	1.276498e-01	0.000000e+00	-2.868025e+03	4.641037e+04
2.772700e-01	5.352676e+04	-3.310287e-02	1.277185e-01	0.000000e+00	-2.496018e+03	5.602278e+04
2.784600e-01	5.820581e+04	-3.325490e-02	1.277977e-01	0.000000e+00	-5.365049e+03	6.357085e+04
2.796500e-01	4.752631e+04	-3.340703e-02	1.278725e-01	0.000000e+00	-3.543902e+03	5.107021e+04
2.808400e-01	5.225072e+04	-3.355924e-02	1.279432e-01	0.000000e+00	-1.733043e+03	5.398377e+04
2.820300e-01	5.518873e+04	-3.371153e-02	1.280193e-01	0.000000e+00	-7.551867e+02	5.594392e+04
2.832200e-01	6.786505e+04	-3.386392e-02	1.281064e-01	0.000000e+00	-3.480248e+03	7.134529e+04
2.844100e-01	5.492344e+04	-3.401643e-02	1.281934e-01	0.000000e+00	-4.763745e+03	5.968719e+04
2.856000e-01	5.027181e+04	-3.416902e-02	1.282679e-01	0.000000e+00	-3.167341e+03	5.343916e+04
2.867900e-01	5.557011e+04	-3.432170e-02	1.283428e-01	0.000000e+00	-3.097385e+03	5.866749e+04
2.879800e-01	5.680494e+04	-3.447448e-02	1.284224e-01	0.000000e+00	-3.673452e+03	6.047839e+04
2.891700e-01	5.523673e+04	-3.462735e-02	1.285018e-01	0.000000e+00	-2.628640e+03	5.786537e+04
2.903600e-01	5.891595e+04	-3.478031e-02	1.285826e-01	0.000000e+00	-1.540463e+03	6.045641e+04
2.915500e-01	6.071070e+04	-3.493337e-02	1.286673e-01	0.000000e+00	-5.105222e+03	6.581592e+04
2.927400e-01	5.826809e+04	-3.508654e-02	1.287516e-01	0.000000e+00	-3.563624e+03	6.183172e+04
2.939300e-01	4.882310e+04	-3.523980e-02	1.288274e-01	0.000000e+00	-2.567576e+03	5.139067e+04
2.951200e-01	5.107279e+04	-3.539315e-02	1.288982e-01	0.000000e+00	-1.710135e+03	5.278293e+04
2.963100e-01	5.505564e+04	-3.554658e-02	1.289733e-01	0.000000e+00	-3.678515e+03	5.873415e+04
2.975000e-01	5.520909e+04	-3.570011e-02	1.290514e-01	0.000000e+00	-3.973771e+03	5.918286e+04
2.986900e-01	5.156231e+04	-3.585372e-02	1.291270e-01	0.000000e+00	-4.823543e+03	5.638585e+04
2.998800e-01	6.334628e+04	-3.600743e-02	1.292084e-01	0.000000e+00	-1.959101e+03	6.530538e+04
3.010700e-01	6.857105e+04	-3.616124e-02	1.293018e-01	0.000000e+00	-3.320460e+03	7.189151e+04
3.022600e-01	5.820630e+04	-3.631517e-02	1.293916e-01	0.000000e+00	-1.905134e+03	6.011143e+04
3.034500e-01	5.568960e+04	-3.646919e-02	1.294722e-01	0.000000e+00	-2.139877e+03	5.782948e+04
3.046400e-01	5.182711e+04	-3.662331e-02	1.295484e-01	0.000000e+00	-3.824728e+03	5.565183e+04
3.058300e-01	5.050050e+04	-3.677752e-02	1.296208e-01	0.000000e+00	-3.036415e+03	5.353691e+04
3.070200e-01	5.621328e+04	-3.693181e-02	1.296964e-01	0.000000e+00	-2.254350e+03	5.846763e+04
3.082100e-01	5.443080e+04	-3.708619e-02	1.297748e-01	0.000000e+00	-6.394484e+02	5.507025e+04
3.094000e-01	5.652715e+04	-3.724067e-02	1.298533e-01	0.000000e+00	-1.760874e+03	5.828803e+04
3.105900e-01	5.801467e+04	-3.739524e-02	1.299345e-01	0.000000e+00	-4.541349e+03	6.255602e+04
3.117800e-01	5.346981e+04	-3.754992e-02	1.300134e-01	0.000000e+00	-6.147954e+03	5.961776e+04
3.129700e-01	5.146977e+04	-3.770468e-02	1.300877e-01	0.000000e+00	-4.289819e+03	5.575959e+04
3.141600e-01	4.667488e+04	-3.785952e-02	1.301572e-01	0.000000e+00	-2.738362e+03	4.941324e+04
3.153500e-01	5.140877e+04	-3.801445e-02	1.302267e-01	0.000000e+00	-2.181002e+03	5.358977e+04
3.165400e-01	4.557009e+04	-3.816946e-02	1.302954e-01	0.000000e+00	-3.124426e+03	4.869451e+04
3.177300e-01	5.234242e+04	-3.832455e-02	1.303647e-01	0.000000e+00	-3.593386e+03	5.593581e+04
3.189200e-01	5.031902e+04	-3.847973e-02	1.304374e-01	0.000000e+00	-3.648892e+03	5.396791e+04
3.201100e-01	4.869621e+04	-3.863499e-02	1.305075e-01	0.000000e+00	-4.844374e+03	5.354059e+04
3.213000e-01	5.753390e+04	-3.879034e-02	1.305827e-01	0.000000e+00	-5.770208e+03	6.330411e+04
3.224900e-01	5.427362e+04	-3.894578e-02	1.306619e-01	0.000000e+00	-6.531361e+03	6.080498e+04
3.236800e-01	5.860571e+04	-3.910132e-02	1.307419e-01	0.000000e+00	-2.460262e+03	6.106597e+04
3.248700e-01	5.937070e+04	-3.925695e-02	1.308254e-01	0.000000e+00	-4.461220e+03	6.383192e+04
3.260600e-01	5.051999e+04	-3.941268e-02	1.309032e-01	0.000000e+00	-6.828189e+03	5.734817e+04
3.272500e-01	3.789926e+04	-3.956850e-02	1.309658e-01	0.000000e+00	-4.047893e+03	4.194715e+04
3.284400e-01	3.866672e+04	-3.972438e-02	1.310201e-01	0.000000e+00	-4.327829e+03	4.299454e+04
3.296300e-01	4.180284e+04	-3.988032e-02	1.310770e-01	0.000000e+00	-3.476040e+03	4.527888e+04
3.308200e-01	4.486841e+04	-4.003634e-02	1.311384e-01	0.000000e+00	-4.180935e+03	4.904934e+04
3.320100e-01	4.549916e+04	-4.019243e-02	1.312024e-01	0.000000e+00	-2.280872e+03	4.778003e+04
3.332000e-01	5.341725e+04	-4.034860e-02	1.312725e-01	0.000000e+00	-3.015148e+03	5.643240e+04
3.343900e-01	4.513342e+04	-4.050486e-02	1.313423e-01	0.000000e+00	-9.513452e+02	4.608476e+04
3.355800e-01	4.643396e+04	-4.066120e-02	1.314071e-01	0.000000e+00	-3.730146e+03	5.016411e+04
3.367700e-01	5.310236e+04	-4.081761e-02	1.314776e-01	0.000000e+00	-6.076870e+03	5.917923e+04
3.379600e-01	4.336046e+04	-4.097411e-02	1.315459e-01	0.000000e+00	-2.332527e+03	4.569299e+04
3.391500e-01	4.263768e+04	-4.113069e-02	1.316068e-01	0.000000e+00	-9.780453e+02	4.361573e+04
3.403400e-01	4.338614e+04	-4.128734e-02	1.316677e-01	0.000000e+00	-1.419277e+03	4.480542e+04
3.415300e-01	4.863084e+04	-4.144406e-02	1.317329e-01	0.000000e+00	-5.176961e+03	5.380781e+04
3.427200e-01	6.693752e+04	-4.160086e-02	1.318147e-01	0.000000e+00	-2.531492e+03	6.946901e+04
3.439100e-01	4.888720e+04	-4.175778e-02	1.318968e-01	0.000000e+00	-3.667525e+03	5.255472e+04
3.451000e-01	5.296051e+04	-4.191478e-02	1.319689e-01	0.000000e+00	-2.593018e+03	5.555353e+04
3.462900e-01	4.764071e+04	-4.207186e-02	1.320401e-01	0.000000e+00	-4.113500e+03	5.175421e+04
3.474800e-01	3.982841e+04	-4.222903e-02	1.321021e-01	0.000000e+00	-5.047330e+03	4.487574e+04
3.486700e-01	5.837705e+04	-4.238627e-02	1.321716e-01	0.000000e+00	-1.501317e+03	5.987836e+04
3.498600e-01	4.955399e+04	-4.254360e-02	1.322480e-01	0.000000e+00	-1.308291e+03	5.086228e+04
3.510500e-01	5.309353e+04	-4.270102e-02	1.323207e-01	0.000000e+00	-1.208070e+03	5.430160e+04
3.522400e-01	5.212034e+04	-4.285852e-02	1.323952e-01	0.000000e+00	-3.458081e+03	5.557843e+04
3.534300e-01	4.621547e+04	-4.301612e-02	1.324649e-01	0.000000e+00	-1.645675e+03	4.786115e+04
3.546200e-01	5.209230e+04	-4.317379e-02	1.325345e-01	0.000000e+00	-4.199088e+03	5.629138e+04
3.558100e-01	6.214199e+04	-4.333155e-02	1.326154e-01	0.000000e+00	-3.725579e+03	6.586757e+04
3.570000e-01	5.986022e+04	-4.348942e-02	1.327018e-01	0.000000e+00	-3.131559e+03	6.299178e+04
3.581900e-01	5.081519e+04	-4.364738e-02	1.327802e-01	0.000000e+00	-3.448542e+03	5.426373e+04
3.593800e-01	5.634053e+04	-4.380543e-02	1.328561e-01	0.000000e+00	-4.547264e+03	6.088779e+04
3.605700e-01	6.146194e+04	-4.396358e-02	1.329395e-01	0.000000e+00	-1.261975e+03	6.272391e+04
3.617600e-01	5.357828e+04	-4.412183e-02	1.330209e-01	0.000000e+00	-3.019131e+03	5.659741e+04
3.629500e-01	5.161800e+04	-4.428017e-02	1.330954e-01	0.000000e+00	-3.655924e+03	5.527393e+04
3.641400e-01	5.036186e+04	-4.443860e-02	1.331677e-01	0.000000e+00	-1.437702e+03	5.179957e+04
3.653300e-01	4.971856e+04	-4.459711e-02	1.332385e-01	0.000000e+00	-2.315093e+03	5.203365e+04
3.665200e-01	4.988522e+04	-4.475570e-02	1.333091e-01	0.000000e+00	-3.931184e+03	5.381640e+04
3.677100e-01	4.980495e+04	-4.491438e-02	1.333797e-01	0.000000e+00	-4.130968e+03	5.393591e+04
3.689000e-01	4.870761e+04	-4.507315e-02	1.334494e-01	0.000000e+00	-3.310934e+03	5.201854e+04
3.700900e-01	5.881673e+04	-4.523199e-02	1.335256e-01	0.000000e+00	-5.281870e+03	6.409860e+04
3.712800e-01	5.609202e+04	-4.539094e-02	1.336069e-01	0.000000e+00	-1.310147e+03	5.740217e+04
3.724700e-01	5.090678e+04	-4.554998e-02	1.336827e-01	0.000000e+00	-1.923135e+03	5.282992e+04
3.736600e-01	5.631817e+04	-4.570910e-02	1.337587e-01	0.000000e+00	-2.871340e+03	5.918951e+04
3.748500e-01	5.084654e+04	-4.586832e-02	1.338345e-01	0.000000e+00	-2.434574e+03	5.328112e+04
3.760400e-01	5.766220e+04	-4.602763e-02	1.339114e-01	0.000000e+00	-2.636516e+03	6.029871e+04
3.772300e-01	6.517349e+04	-4.618703e-02	1.339984e-01	0.000000e+00	-1.940339e+03	6.711383e+04
3.784200e-01	4.790272e+04	-4.634655e-02	1.340784e-01	0.000000e+00	-2.481666e+03	5.038438e+04
3.796100e-01	4.719525e+04	-4.650614e-02	1.341458e-01	0.000000e+00	-3.430957e+03	5.062621e+04
3.808000e-01	4.625976e+04	-4.666581e-02	1.342120e-01	0.000000e+00	-2.922598e+03	4.918236e+04
3.819900e-01	5.492203e+04	-4.682556e-02	1.342836e-01	0.000000e+00	-2.771098e+03	5.769313e+04
3.831800e-01	5.474862e+04	-4.698541e-02	1.343613e-01	0.000000e+00	-2.529922e+03	5.727854e+04
3.843700e-01	5.376102e+04	-4.714534e-02	1.344381e-01	0.000000e+00	-4.653705e+03	5.841473e+04
3.855600e-01	5.411056e+04	-4.730537e-02	1.345145e-01	0.000000e+00	-3.452745e+03	5.756331e+04
3.867500e-01	5.307427e+04	-4.746549e-02	1.345904e-01	0.000000e+00	-3.670293e+03	5.674457e+04
3.879400e-01	5.168445e+04	-4.762570e-02	1.346646e-01	0.000000e+00	-1.764921e+03	5.344937e+04
3.891300e-01	4.720214e+04	-4.778599e-02	1.347346e-01	0.000000e+00	-3.661002e+03	5.086314e+04
3.903200e-01	4.588978e+04	-4.794636e-02	1.348006e-01	0.000000e+00	-5.457226e+03	5.134700e+04
3.915100e-01	4.528047e+04	-4.810681e-02	1.348651e-01	0.000000e+00	-2.481949e+03	4.776242e+04
3.927000e-01	5.455730e+04	-4.826734e-02	1.349358e-01	0.000000e+00	-1.104464e+03	5.566177e+04
3.938900e-01	4.777466e+04	-4.842796e-02	1.350083e-01	0.000000e+00	-2.374274e+03	5.014893e+04
3.950800e-01	5.823904e+04	-4.858866e-02	1.350834e-01	0.000000e+00	-3.175407e+03	6.141445e+04
3.962700e-01	5.603622e+04	-4.874946e-02	1.351643e-01	0.000000e+00	-5.492912e+02	5.658552e+04
3.974600e-01	4.695633e+04	-4.891035e-02	1.352372e-01	0.000000e+00	-3.348101e+03	5.030443e+04
3.986500e-01	5.394213e+04	-4.907133e-02	1.353087e-01	0.000000e+00	-2.949144e+03	5.689128e+04
3.998400e-01	6.196158e+04	-4.923239e-02	1.353908e-01	0.000000e+00	-9.665848e+01	6.205824e+04
4.010300e-01	5.234354e+04	-4.939356e-02	1.354717e-01	0.000000e+00	-2.686959e+03	5.503049e+04
4.022200e-01	5.575754e+04	-4.955481e-02	1.355483e-01	0.000000e+00	-2.168521e+03	5.792606e+04
4.034100e-01	6.295108e+04	-4.971616e-02	1.356323e-01	0.000000e+00	-3.884566e+03	6.683565e+04
4.046000e-01	5.612315e+04	-4.987762e-02	1.357167e-01	0.000000e+00	-3.855770e+03	5.997892e+04
4.057900e-01	5.120565e+04	-5.003917e-02	1.357927e-01	0.000000e+00	-1.105635e+03	5.231129e+04
4.069800e-01	4.798346e+04	-5.020080e-02	1.358629e-01	0.000000e+00	-1.482476e+03	4.946594e+04
4.081700e-01	5.629468e+04	-5.036252e-02	1.359368e-01	0.000000e+00	-3.338928e+03	5.963360e+04
4.093600e-01	6.105357e+04	-5.052433e-02	1.360199e-01	0.000000e+00	-2.875693e+03	6.392926e+04
4.105500e-01	6.192731e+04	-5.068625e-02	1.361069e-01	0.000000e+00	-5.074984e+03	6.700230e+04
4.117400e-01	5.727598e+04	-5.084827e-02	1.361914e-01	0.000000e+00	-2.775849e+03	6.005183e+04
4.129300e-01	4.802489e+04	-5.101038e-02	1.362659e-01	0.000000e+00	-1.494439e+03	4.951933e+04
4.141200e-01	5.325883e+04	-5.117258e-02	1.363377e-01	0.000000e+00	-2.865212e+03	5.612404e+04
4.153100e-01	6.223244e+04	-5.133487e-02	1.364194e-01	0.000000e+00	-3.997175e+03	6.622962e+04
4.165000e-01	4.791033e+04	-5.149726e-02	1.364974e-01	0.000000e+00	-3.887649e+03	5.179798e+04
4.176900e-01	5.437156e+04	-5.165973e-02	1.365699e-01	0.000000e+00	-1.918552e+03	5.629011e+04
4.188800e-01	5.245042e+04	-5.182229e-02	1.366455e-01	0.000000e+00	-2.887898e+03	5.533832e+04
4.200700e-01	4.934079e+04	-5.198495e-02	1.367176e-01	0.000000e+00	-3.974748e+03	5.331554e+04
4.212600e-01	5.658718e+04	-5.214768e-02	1.367926e-01	0.000000e+00	-2.770183e+03	5.935737e+04
4.224500e-01	5.306374e+04	-5.231051e-02	1.368703e-01	0.000000e+00	-3.533823e+03	5.659756e+04
4.236400e-01	5.668663e+04	-5.247343e-02	1.369480e-01	0.000000e+00	-1.905254e+03	5.859189e+04
4.248300e-01	5.938300e+04	-5.263645e-02	1.370302e-01	0.000000e+00	-2.350725e+03	6.173372e+04
4.260200e-01	6.277506e+04	-5.279956e-02	1.371167e-01	0.000000e+00	-3.028990e+03	6.580405e+04
4.272100e-01	4.654514e+04	-5.296279e-02	1.371941e-01	0.000000e+00	-4.503246e+03	5.104839e+04
4.284000e-01	4.803796e+04	-5.312609e-02	1.372611e-01	0.000000e+00	-4.382024e+03	5.241999e+04
4.295900e-01	5.241589e+04	-5.328947e-02	1.373322e-01	0.000000e+00	-3.437834e+03	5.585372e+04
4.307800e-01	4.855706e+04	-5.345294e-02	1.374037e-01	0.000000e+00	-4.714313e+03	5.327138e+04
4.319700e-01	4.226580e+04	-5.361649e-02	1.374681e-01	0.000000e+00	-3.685039e+03	4.595084e+04
4.331600e-01	5.535339e+04	-5.378011e-02	1.375372e-01	0.000000e+00	-2.701936e+03	5.805532e+04
4.343500e-01	4.878643e+04	-5.394383e-02	1.376109e-01	0.000000e+00	-4.229507e+03	5.301593e+04
4.355400e-01	5.298017e+04	-5.410763e-02	1.376830e-01	0.000000e+00	-3.355426e+03	5.633560e+04
4.367300e-01	5.754060e+04	-5.427151e-02	1.377613e-01	0.000000e+00	-4.826480e+03	6.236708e+04
4.379200e-01	5.055042e+04	-5.443550e-02	1.378378e-01	0.000000e+00	-1.140500e+03	5.169092e+04
4.391100e-01	5.356200e+04	-5.459957e-02	1.379115e-01	0.000000e+00	-8.841433e+02	5.444615e+04
4.403000e-01	5.053200e+04	-5.476373e-02	1.379853e-01	0.000000e+00	-4.215534e+03	5.474754e+04
4.414900e-01	5.056002e+04	-5.492797e-02	1.380569e-01	0.000000e+00	-4.217227e+03	5.477725e+04
4.426800e-01	4.961054e+04	-5.509230e-02	1.381278e-01	0.000000e+00	-3.570724e+03	5.318127e+04
4.438700e-01	4.961863e+04	-5.525672e-02	1.381981e-01	0.000000e+00	-3.331757e+03	5.295038e+04
4.450600e-01	5.793175e+04	-5.542121e-02	1.382742e-01	0.000000e+00	-1.691260e+03	5.962301e+04
4.462500e-01	5.343622e+04	-5.558581e-02	1.383531e-01	0.000000e+00	-3.388076e+03	5.682430e+04
4.474400e-01	4.487787e+04	-5.575049e-02	1.384227e-01	0.000000e+00	-3.141677e+03	4.801955e+04
4.486300e-01	5.413587e+04	-5.591525e-02	1.384928e-01	0.000000e+00	-3.504113e+03	5.763999e+04
4.498200e-01	6.190626e+04	-5.608011e-02	1.385750e-01	0.000000e+00	-3.216540e+03	6.512280e+04
4.510100e-01	5.788356e+04	-5.624506e-02	1.386598e-01	0.000000e+00	-3.614467e+03	6.149803e+04
4.522000e-01	5.777374e+04	-5.641012e-02	1.387417e-01	0.000000e+00	-2.199272e+03	5.997301e+04
4.533900e-01	5.312906e+04	-5.657527e-02	1.388203e-01	0.000000e+00	-1.372878e+03	5.450194e+04
4.545800e-01	5.112047e+04	-5.674051e-02	1.388941e-01	0.000000e+00	-2.473014e+03	5.359348e+04
4.557700e-01	5.295544e+04	-5.690584e-02	1.389678e-01	0.000000e+00	-4.024672e+03	5.698011e+04
4.569600e-01	5.318256e+04	-5.707125e-02	1.390430e-01	0.000000e+00	-4.722055e+03	5.790462e+04
4.581500e-01	5.134229e+04	-5.723676e-02	1.391170e-01	0.000000e+00	-2.930756e+03	5.427304e+04
4.593400e-01	4.453329e+04	-5.740235e-02	1.391849e-01	0.000000e+00	-3.818659e+03	4.835195e+04
4.605300e-01	4.475178e+04	-5.756802e-02	1.392481e-01	0.000000e+00	-8.078932e+03	5.283071e+04
4.617200e-01	4.881473e+04	-5.773376e-02	1.393144e-01	0.000000e+00	-6.530816e+03	5.534555e+04
4.629100e-01	4.524591e+04	-5.789959e-02	1.393810e-01	0.000000e+00	-2.493471e+03	4.773938e+04
4.641000e-01	5.659656e+04	-5.806549e-02	1.394531e-01	0.000000e+00	-1.941535e+03	5.853810e+04
4.652900e-01	5.140586e+04	-5.823149e-02	1.395296e-01	0.000000e+00	-1.934031e+03	5.333989e+04
4.664800e-01	5.613807e+04	-5.839757e-02	1.396058e-01	0.000000e+00	-2.574708e+03	5.871278e+04
4.676700e-01	5.002152e+04	-5.856375e-02	1.396809e-01	0.000000e+00	-4.243933e+03	5.426545e+04
4.688600e-01	6.086326e+04	-5.873001e-02	1.397595e-01	0.000000e+00	-7.597002e+02	6.162296e+04
4.700500e-01	5.380138e+04	-5.889637e-02	1.398407e-01	0.000000e+00	-1.716957e+03	5.551834e+04
4.712400e-01	4.393689e+04	-5.906283e-02	1.399099e-01	0.000000e+00	-5.298409e+03	4.923530e+04
4.724300e-01	5.139253e+04	-5.922936e-02	1.399774e-01	0.000000e+00	-3.316544e+03	5.470907e+04
4.736200e-01	5.197949e+04	-5.939598e-02	1.400506e-01	0.000000e+00	-2.391389e+03	5.437087e+04
4.748100e-01	5.398273e+04	-5.956268e-02	1.401256e-01	0.000000e+00	-2.988572e+03	5.697130e+04
4.760000e-01	5.477043e+04	-5.972948e-02	1.402026e-01	0.000000e+00	-3.395686e+03	5.816612e+04
4.771900e-01	5.285442e+04	-5.989636e-02	1.402789e-01	0.000000e+00	-2.741183e+03	5.559560e+04
4.783800e-01	5.513617e+04	-6.006334e-02	1.403553e-01	0.000000e+00	-3.330296e+03	5.846646e+04
4.795700e-01	4.931374e+04	-6.023041e-02	1.404293e-01	0.000000e+00	-4.269656e+03	5.358339e+04
4.807600e-01	5.746601e+04	-6.039756e-02	1.405049e-01	0.000000e+00	-1.631843e+03	5.909785e+04
4.819500e-01	4.645416e+04	-6.056481e-02	1.405785e-01	0.000000e+00	-2.523970e+03	4.897813e+04
4.831400e-01	6.030214e+04	-6.073214e-02	1.406541e-01	0.000000e+00	-3.926326e+03	6.422846e+04
4.843300e-01	4.920336e+04	-6.089957e-02	1.407317e-01	0.000000e+00	-5.206330e+03	5.440969e+04
4.855200e-01	5.278713e+04	-6.106708e-02	1.408039e-01	0.000000e+00	-2.670749e+03	5.545788e+04
4.867100e-01	4.772623e+04	-6.123468e-02	1.408751e-01	0.000000e+00	-4.989274e+03	5.271550e+04
4.879000e-01	5.279601e+04	-6.140236e-02	1.409463e-01	0.000000e+00	-3.088008e+03	5.588402e+04
4.890900e-01	4.687637e+04	-6.157013e-02	1.410168e-01	0.000000e+00	-2.083760e+03	4.896013e+04
4.902800e-01	4.925974e+04	-6.173798e-02	1.410849e-01	0.000000e+00	-2.216326e+03	5.147607e+04
4.914700e-01	5.257953e+04	-6.190591e-02	1.411570e-01	0.000000e+00	-3.520880e+03	5.610041e+04
4.926600e-01	5.746322e+04	-6.207394e-02	1.412350e-01	0.000000e+00	-2.564152e+03	6.002737e+04
4.938500e-01	6.452922e+04	-6.224205e-02	1.413214e-01	0.000000e+00	-3.354141e+03	6.788336e+04
4.950400e-01	5.965341e+04	-6.241028e-02	1.414093e-01	0.000000e+00	-3.412508e+03	6.306592e+04
4.962300e-01	5.030917e+04	-6.257861e-02	1.414872e-01	0.000000e+00	-8.774842e+02	5.118665e+04
4.974200e-01	5.572841e+04	-6.274702e-02	1.415623e-01	0.000000e+00	-2.339292e+03	5.806770e+04
4.986100e-01	5.859458e+04	-6.291553e-02	1.416432e-01	0.000000e+00	-1.267233e+03	5.986181e+04
4.998000e-01	5.077536e+04	-6.308413e-02	1.417207e-01	0.000000e+00	-3.091153e+03	5.386651e+04
5.009900e-01	4.739245e+04	-6.325282e-02	1.417902e-01	0.000000e+00	-3.675306e+03	5.106776e+04
5.021800e-01	5.949755e+04	-6.342159e-02	1.418659e-01	0.000000e+00	-1.690496e+03	6.118805e+04
5.033700e-01	5.322731e+04	-6.359046e-02	1.419457e-01	0.000000e+00	-2.610726e+03	5.583804e+04
5.045600e-01	4.462758e+04	-6.375942e-02	1.420150e-01	0.000000e+00	-4.927306e+03	4.955488e+04
5.057500e-01	5.869573e+04	-6.392846e-02	1.420882e-01	0.000000e+00	-3.554415e+03	6.225015e+04
5.069400e-01	5.136019e+04	-6.409759e-02	1.421661e-01	0.000000e+00	-4.969139e+03	5.632933e+04
5.081300e-01	3.823110e+04	-6.426681e-02	1.422296e-01	0.000000e+00	-4.620039e+03	4.285114e+04
5.093200e-01	4.775767e+04	-6.443610e-02	1.422905e-01	0.000000e+00	-4.358120e+03	5.211579e+04
5.105100e-01	5.411970e+04	-6.460546e-02	1.423626e-01	0.000000e+00	-1.466368e+03	5.558607e+04
5.117000e-01	5.088988e+04	-6.477492e-02	1.424370e-01	0.000000e+00	-1.352260e+03	5.224214e+04
5.128900e-01	5.671861e+04	-6.494446e-02	1.425132e-01	0.000000e+00	-3.284120e+02	5.704703e+04
5.140800e-01	5.940651e+04	-6.511410e-02	1.425954e-01	0.000000e+00	0.000000e+00	5.940651e+04
5.152700e-01	5.319624e+04	-6.528384e-02	1.426752e-01	0.000000e+00	-2.161974e+03	5.535821e+04
5.164600e-01	4.889008e+04	-6.545367e-02	1.427474e-01	0.000000e+00	-2.102264e+03	5.099234e+04
5.176500e-01	5.155750e+04	-6.562358e-02	1.428186e-01	0.000000e+00	-3.650651e+03	5.520815e+04
5.188400e-01	5.156111e+04	-6.579358e-02	1.428916e-01	0.000000e+00	-4.171567e+03	5.573268e+04
5.200300e-01	4.908312e+04	-6.596366e-02	1.429629e-01	0.000000e+00	-2.777668e+03	5.186078e+04
5.212200e-01	4.812197e+04	-6.613383e-02	1.430317e-01	0.000000e+00	-4.594203e+03	5.271617e+04
5.224100e-01	4.172822e+04	-6.630408e-02	1.430953e-01	0.000000e+00	-2.333104e+03	4.406132e+04
5.236000e-01	5.351570e+04	-6.647440e-02	1.431628e-01	0.000000e+00	-1.326438e+03	5.484214e+04
5.247900e-01	5.187936e+04	-6.664481e-02	1.432374e-01	0.000000e+00	-2.018689e+03	5.389805e+04
5.259800e-01	4.961457e+04	-6.681530e-02	1.433093e-01	0.000000e+00	-2.674669e+03	5.228924e+04
5.271700e-01	5.296151e+04	-6.698588e-02	1.433819e-01	0.000000e+00	-3.383996e+03	5.634551e+04
5.283600e-01	5.301718e+04	-6.715655e-02	1.434570e-01	0.000000e+00	-1.593915e+03	5.461109e+04
5.295500e-01	5.828393e+04	-6.732731e-02	1.435358e-01	0.000000e+00	-2.419290e+03	6.070322e+04
5.307400e-01	4.765989e+04	-6.749817e-02	1.436108e-01	0.000000e+00	-4.844987e+03	5.250488e+04
5.319300e-01	4.679546e+04	-6.766910e-02	1.436777e-01	0.000000e+00	-3.996585e+03	5.079204e+04
5.331200e-01	5.903522e+04	-6.784012e-02	1.437527e-01	0.000000e+00	-2.215258e+03	6.125048e+04
5.343100e-01	6.014307e+04	-6.801123e-02	1.438371e-01	0.000000e+00	-3.458581e+03	6.360165e+04
5.355000e-01	4.895839e+04	-6.818245e-02	1.439143e-01	0.000000e+00	-3.401831e+03	5.236022e+04
5.366900e-01	5.536524e+04	-6.835375e-02	1.439882e-01	0.000000e+00	-1.635622e+03	5.700086e+04
5.378800e-01	5.181478e+04	-6.852514e-02	1.440641e-01	0.000000e+00	-2.866276e+03	5.468106e+04
5.390700e-01	4.376856e+04	-6.869662e-02	1.441318e-01	0.000000e+00	-3.134966e+03	4.690353e+04
5.402600e-01	4.851684e+04	-6.886818e-02	1.441972e-01	0.000000e+00	-2.407554e+03	5.092439e+04
5.414500e-01	5.166515e+04	-6.903981e-02	1.442681e-01	0.000000e+00	-3.879986e+03	5.554514e+04
5.426400e-01	5.740824e+04	-6.921153e-02	1.443453e-01	0.000000e+00	-1.017153e+03	5.842540e+04
5.438300e-01	5.729762e+04	-6.938335e-02	1.444266e-01	0.000000e+00	-1.075663e+03	5.837328e+04
5.450200e-01	5.775372e+04	-6.955527e-02	1.445080e-01	0.000000e+00	-2.082828e+03	5.983655e+04
5.462100e-01	5.261903e+04	-6.972728e-02	1.445862e-01	0.000000e+00	-1.401376e+03	5.402040e+04
5.474000e-01	5.425668e+04	-6.989939e-02	1.446619e-01	0.000000e+00	-3.438659e+03	5.769534e+04
5.485900e-01	5.478629e+04	-7.007158e-02	1.447391e-01	0.000000e+00	-1.228682e+03	5.601497e+04
5.497800e-01	4.361687e+04	-7.024386e-02	1.448088e-01	0.000000e+00	-2.200705e+03	4.581758e+04
5.509700e-01	4.444237e+04	-7.041622e-02	1.448712e-01	0.000000e+00	-1.897132e+03	4.633951e+04
5.521600e-01	5.455325e+04	-7.058866e-02	1.449413e-01	0.000000e+00	-7.762584e+02	5.532950e+04
5.533500e-01	5.029358e+04	-7.076118e-02	1.450155e-01	0.000000e+00	-1.287682e+03	5.158126e+04
5.545400e-01	5.236972e+04	-7.093379e-02	1.450882e-01	0.000000e+00	-8.992711e+02	5.326899e+04
5.557300e-01	6.601257e+04	-7.110649e-02	1.451721e-01	0.000000e+00	-1.007726e+03	6.702030e+04
5.569200e-01	6.071198e+04	-7.127930e-02	1.452618e-01	0.000000e+00	-1.995000e+03	6.270698e+04
5.581100e-01	4.390681e+04	-7.145222e-02	1.453359e-01	0.000000e+00	-3.609445e+03	4.751626e+04
5.593000e-01	5.310891e+04	-7.162520e-02	1.454046e-01	0.000000e+00	-2.084773e+03	5.519368e+04
5.604900e-01	5.166214e+04	-7.179828e-02	1.454788e-01	0.000000e+00	-1.448175e+03	5.311031e+04
5.616800e-01	4.637773e+04	-7.197144e-02	1.455482e-01	0.000000e+00	-4.149044e+03	5.052678e+04
5.628700e-01	5.096913e+04	-7.214468e-02	1.456171e-01	0.000000e+00	-2.021183e+03	5.299031e+04
5.640600e-01	5.839799e+04	-7.231801e-02	1.456946e-01	0.000000e+00	-2.209957e+03	6.060795e+04
5.652500e-01	4.519623e+04	-7.249144e-02	1.457680e-01	0.000000e+00	-3.739973e+03	4.893620e+04
5.664400e-01	6.148664e+04	-7.266494e-02	1.458435e-01	0.000000e+00	-2.936607e+03	6.442324e+04
5.676300e-01	5.076851e+04	-7.283855e-02	1.459230e-01	0.000000e+00	-3.569333e+03	5.433784e+04
5.688200e-01	5.491849e+04	-7.301224e-02	1.459978e-01	0.000000e+00	-2.381437e+03	5.729993e+04
5.700100e-01	6.910576e+04	-7.318602e-02	1.460857e-01	0.000000e+00	-8.737987e+02	6.997956e+04
5.712000e-01	6.041742e+04	-7.335992e-02	1.461774e-01	0.000000e+00	-1.280386e+03	6.169781e+04
5.723900e-01	5.855577e+04	-7.353392e-02	1.462617e-01	0.000000e+00	-2.956110e+03	6.151188e+04
5.735800e-01	5.189744e+04	-7.370802e-02	1.463399e-01	0.000000e+00	-5.439993e+03	5.733743e+04
5.747700e-01	4.519654e+04	-7.388221e-02	1.464086e-01	0.000000e+00	-7.361554e+03	5.255809e+04
5.759600e-01	6.003344e+04	-7.405648e-02	1.464831e-01	0.000000e+00	-1.767815e+03	6.180125e+04
5.771500e-01	5.888434e+04	-7.423084e-02	1.465674e-01	0.000000e+00	-2.865130e+03	6.174947e+04
5.783400e-01	4.741988e+04	-7.440531e-02	1.466426e-01	0.000000e+00	-5.097749e+03	5.251763e+04
5.795300e-01	4.947304e+04	-7.457985e-02	1.467113e-01	0.000000e+00	-2.970758e+03	5.244380e+04
5.807200e-01	4.788497e+04	-7.475448e-02	1.467802e-01	0.000000e+00	-2.040508e+03	4.992548e+04
5.819100e-01	4.860207e+04	-7.492919e-02	1.468485e-01	0.000000e+00	-2.544721e+03	5.114679e+04
5.831000e-01	5.209123e+04	-7.510398e-02	1.469198e-01	0.000000e+00	-2.749294e+03	5.484053e+04
5.842900e-01	5.587906e+04	-7.527886e-02	1.469963e-01	0.000000e+00	-2.164797e+03	5.804385e+04
5.854800e-01	5.425045e+04	-7.545383e-02	1.470743e-01	0.000000e+00	-2.280802e+03	5.653125e+04
5.866700e-01	5.113473e+04	-7.562889e-02	1.471489e-01	0.000000e+00	-5.629518e+03	5.676424e+04
5.878600e-01	4.322935e+04	-7.580404e-02	1.472157e-01	0.000000e+00	-2.381552e+03	4.561091e+04
5.890500e-01	4.636885e+04	-7.597927e-02	1.472792e-01	0.000000e+00	-3.666708e+03	5.003556e+04
5.902400e-01	4.828906e+04	-7.615457e-02	1.473462e-01	0.000000e+00	-4.022617e+03	5.231167e+04
5.914300e-01	5.200728e+04	-7.632995e-02	1.474173e-01	0.000000e+00	-7.589444e+02	5.276623e+04
5.926200e-01	5.750942e+04	-7.650542e-02	1.474948e-01	0.000000e+00	-2.773686e+03	6.028311e+04
5.938100e-01	5.137067e+04	-7.668099e-02	1.475719e-01	0.000000e+00	-4.235404e+03	5.560607e+04
5.950000e-01	4.911455e+04	-7.685664e-02	1.476431e-01	0.000000e+00	-2.133367e+03	5.124792e+04
5.961900e-01	5.457113e+04	-7.703238e-02	1.477165e-01	0.000000e+00	-1.953227e+03	5.652436e+04
5.973800e-01	4.996932e+04	-7.720821e-02	1.477905e-01	0.000000e+00	-2.864195e+03	5.283352e+04
5.985700e-01	4.067650e+04	-7.738412e-02	1.478547e-01	0.000000e+00	-5.744285e+03	4.642079e+04
5.997600e-01	6.050500e+04	-7.756010e-02	1.479264e-01	0.000000e+00	-4.302358e+03	6.480736e+04
6.009500e-01	5.869894e+04	-7.773619e-02	1.480108e-01	0.000000e+00	-1.887982e+03	6.058692e+04
6.021400e-01	5.773760e+04	-7.791237e-02	1.480933e-01	0.000000e+00	-3.105949e+03	6.084355e+04
6.033300e-01	5.640714e+04	-7.808865e-02	1.481741e-01	0.000000e+00	-7.045829e+02	5.711172e+04
6.045200e-01	5.252938e+04	-7.826502e-02	1.482512e-01	0.000000e+00	-1.119621e+03	5.364901e+04
6.057100e-01	5.080977e+04	-7.844149e-02	1.483244e-01	0.000000e+00	-5.111179e+03	5.592095e+04
6.069000e-01	4.372669e+04	-7.861803e-02	1.483914e-01	0.000000e+00	-3.343993e+03	4.707068e+04
6.080900e-01	6.050884e+04	-7.879466e-02	1.484652e-01	0.000000e+00	-3.613247e+03	6.412209e+04
6.092800e-01	5.877227e+04	-7.897138e-02	1.485496e-01	0.000000e+00	-2.295026e+03	6.106730e+04
6.104700e-01	6.036008e+04	-7.914820e-02	1.486340e-01	0.000000e+00	-6.190739e+02	6.097915e+04
6.116600e-01	5.685514e+04	-7.932513e-02	1.487170e-01	0.000000e+00	-2.140214e+03	5.899536e+04
6.128500e-01	5.152591e+04	-7.950215e-02	1.487938e-01	0.000000e+00	-7.944836e+03	5.947074e+04
6.140400e-01	6.180966e+04	-7.967926e-02	1.488740e-01	0.000000e+00	-3.244733e+03	6.505439e+04
6.152300e-01	5.502089e+04	-7.985647e-02	1.489568e-01	0.000000e+00	-1.622929e+03	5.664382e+04
6.164200e-01	5.556605e+04	-8.003378e-02	1.490351e-01	0.000000e+00	-1.981234e+03	5.754729e+04
6.176100e-01	5.054981e+04	-8.021118e-02	1.491102e-01	0.000000e+00	-2.621337e+03	5.317114e+04
6.188000e-01	6.050121e+04	-8.038866e-02	1.491889e-01	0.000000e+00	-1.028947e+03	6.153016e+04
6.199900e-01	6.109552e+04	-8.056624e-02	1.492750e-01	0.000000e+00	-3.783206e+03	6.487873e+04
6.211800e-01	5.117777e+04	-8.074393e-02	1.493545e-01	0.000000e+00	-3.040610e+03	5.421838e+04
6.223700e-01	5.247702e+04	-8.092171e-02	1.494279e-01	0.000000e+00	-5.393550e+03	5.787057e+04
6.235600e-01	5.812141e+04	-8.109957e-02	1.495062e-01	0.000000e+00	-3.362341e+03	6.148375e+04
6.247500e-01	5.371154e+04	-8.127753e-02	1.495854e-01	0.000000e+00	-3.413018e+03	5.712456e+04
6.259400e-01	5.468859e+04	-8.145559e-02	1.496622e-01	0.000000e+00	-2.396590e+03	5.708518e+04
6.271300e-01	5.684937e+04	-8.163373e-02	1.497412e-01	0.000000e+00	-1.769223e+03	5.861860e+04
6.283200e-01	5.220955e+04	-8.181197e-02	1.498184e-01	0.000000e+00	-2.035938e+03	5.424548e+04
6.295100e-01	4.929305e+04	-8.199030e-02	1.498903e-01	0.000000e+00	-1.394141e+03	5.068719e+04
6.307000e-01	5.811701e+04	-8.216871e-02	1.499663e-01	0.000000e+00	-2.305152e+03	6.042217e+04
6.318900e-01	5.131074e+04	-8.234722e-02	1.500438e-01	0.000000e+00	-3.268335e+03	5.457907e+04
6.330800e-01	4.497003e+04	-8.252581e-02	1.501120e-01	0.000000e+00	-3.845071e+03	4.881510e+04
6.342700e-01	6.146066e+04	-8.270448e-02	1.501874e-01	0.000000e+00	-1.417461e+03	6.287812e+04
6.354600e-01	5.095142e+04	-8.288326e-02	1.502670e-01	0.000000e+00	-2.135921e+03	5.308734e+04
6.366500e-01	4.483146e+04	-8.306212e-02	1.503348e-01	0.000000e+00	-2.341198e+03	4.717266e+04
6.378400e-01	4.569246e+04	-8.324106e-02	1.503989e-01	0.000000e+00	-3.609493e+03	4.930195e+04
6.390300e-01	4.791500e+04	-8.342007e-02	1.504652e-01	0.000000e+00	-4.547977e+03	5.246298e+04
6.402200e-01	5.536173e+04	-8.359916e-02	1.505384e-01	0.000000e+00	-3.037009e+03	5.839874e+04
6.414100e-01	5.602969e+04	-8.377835e-02	1.506172e-01	0.000000e+00	-2.254132e+03	5.828382e+04
6.426000e-01	5.084753e+04	-8.395763e-02	1.506929e-01	0.000000e+00	-2.777591e+03	5.362512e+04
6.437900e-01	4.373875e+04	-8.413700e-02	1.507599e-01	0.000000e+00	-3.462168e+03	4.720092e+04
6.449800e-01	4.885136e+04	-8.431644e-02	1.508255e-01	0.000000e+00	-4.921227e+03	5.377259e+04
6.461700e-01	6.080545e+04	-8.449596e-02	1.509031e-01	0.000000e+00	-1.886332e+03	6.269179e+04
6.473600e-01	5.200089e+04	-8.467559e-02	1.509830e-01	0.000000e+00	-1.222004e+03	5.322289e+04
6.485500e-01	4.937789e+04	-8.485530e-02	1.510548e-01	0.000000e+00	-2.194203e+03	5.157209e+04
6.497400e-01	4.937515e+04	-8.503510e-02	1.511247e-01	0.000000e+00	-4.131106e+03	5.350625e+04
6.509300e-01	5.019525e+04	-8.521498e-02	1.511953e-01	0.000000e+00	-2.645416e+03	5.284067e+04
6.521200e-01	5.138866e+04	-8.539494e-02	1.512672e-01	0.000000e+00	-3.435228e+03	5.482389e+04
6.533100e-01	6.035249e+04	-8.557500e-02	1.513463e-01	0.000000e+00	-1.227370e+03	6.157986e+04
6.545000e-01	5.684559e+04	-8.575515e-02	1.514293e-01	0.000000e+00	-2.432103e+03	5.927769e+04
6.556900e-01	5.725303e+04	-8.593540e-02	1.515101e-01	0.000000e+00	-4.739531e+03	6.199256e+04
6.568800e-01	4.529464e+04	-8.611574e-02	1.515827e-01	0.000000e+00	-1.596166e+03	4.689081e+04
6.580700e-01	5.643460e+04	-8.629616e-02	1.516548e-01	0.000000e+00	-8.585473e+02	5.729314e+04
6.592600e-01	4.581590e+04	-8.647668e-02	1.517272e-01	0.000000e+00	-2.041577e+03	4.785748e+04
6.604500e-01	5.749503e+04	-8.665728e-02	1.518004e-01	0.000000e+00	-2.499640e+03	5.999467e+04
6.616400e-01	5.243316e+04	-8.683797e-02	1.518782e-01	0.000000e+00	-3.111907e+03	5.554506e+04
6.628300e-01	5.107201e+04	-8.701875e-02	1.519515e-01	0.000000e+00	-2.535354e+03	5.360737e+04
6.640200e-01	5.574888e+04	-8.719961e-02	1.520271e-01	0.000000e+00	-2.056669e+03	5.780555e+04
6.652100e-01	6.800661e+04	-8.738057e-02	1.521148e-01	0.000000e+00	-4.656194e+03	7.266281e+04
6.664000e-01	5.085158e+04	-8.756164e-02	1.521990e-01	0.000000e+00	-1.600738e+03	5.245232e+04
6.675900e-01	4.781307e+04	-8.774280e-02	1.522688e-01	0.000000e+00	-1.127345e+03	4.894041e+04
6.687800e-01	4.994957e+04	-8.792404e-02	1.523381e-01	0.000000e+00	-1.744700e+03	5.169427e+04
6.699700e-01	6.045399e+04	-8.810537e-02	1.524162e-01	0.000000e+00	-1.545852e+03	6.199984e+04
6.711600e-01	5.516081e+04	-8.828679e-02	1.524981e-01	0.000000e+00	-1.485280e+03	5.664609e+04
6.723500e-01	6.319924e+04	-8.846831e-02	1.525819e-01	0.000000e+00	-1.975367e+03	6.517460e+04
6.735400e-01	5.428203e+04	-8.864994e-02	1.526651e-01	0.000000e+00	-2.264796e+03	5.654682e+04
6.747300e-01	4.624069e+04	-8.883166e-02	1.527363e-01	0.000000e+00	-2.428807e+03	4.866950e+04
6.759200e-01	4.908610e+04	-8.901345e-02	1.528038e-01	0.000000e+00	-1.068286e+03	5.015438e+04
6.771100e-01	6.750425e+04	-8.919533e-02	1.528864e-01	0.000000e+00	-3.803802e+03	7.130806e+04
6.783000e-01	5.906016e+04	-8.937732e-02	1.529760e-01	0.000000e+00	-3.410191e+03	6.247035e+04
6.794900e-01	5.697641e+04	-8.955941e-02	1.530582e-01	0.000000e+00	-9.614185e+02	5.793783e+04
6.806800e-01	5.241792e+04	-8.974160e-02	1.531357e-01	0.000000e+00	-1.325448e+03	5.374337e+04
6.818700e-01	5.302976e+04	-8.992388e-02	1.532103e-01	0.000000e+00	-1.893580e+03	5.492334e+04
6.830600e-01	5.363266e+04	-9.010624e-02	1.532859e-01	0.000000e+00	-3.202099e+03	5.683476e+04
6.842500e-01	5.052566e+04	-9.028870e-02	1.533596e-01	0.000000e+00	-3.774508e+03	5.430017e+04
6.854400e-01	5.081236e+04	-9.047124e-02	1.534314e-01	0.000000e+00	-4.475252e+03	5.528761e+04
6.866300e-01	5.210437e+04	-9.065386e-02	1.535043e-01	0.000000e+00	-1.717879e+03	5.382225e+04
6.878200e-01	5.506231e+04	-9.083658e-02	1.535802e-01	0.000000e+00	-1.202856e+03	5.626517e+04
6.890100e-01	6.000614e+04	-9.101938e-02	1.536617e-01	0.000000e+00	-1.313223e+03	6.131936e+04
6.902000e-01	4.573535e+04	-9.120229e-02	1.537365e-01	0.000000e+00	-3.615966e+03	4.935132e+04
6.913900e-01	5.106837e+04	-9.138528e-02	1.538051e-01	0.000000e+00	-1.631241e+03	5.269961e+04
6.925800e-01	4.805838e+04	-9.156835e-02	1.538753e-01	0.000000e+00	-2.416655e+03	5.047503e+04
6.937700e-01	6.147417e+04	-9.175150e-02	1.539529e-01	0.000000e+00	-2.886484e+03	6.436065e+04
6.949600e-01	5.953349e+04	-9.193476e-02	1.540386e-01	0.000000e+00	-7.969094e+02	6.033040e+04
6.961500e-01	5.888638e+04	-9.211811e-02	1.541224e-01	0.000000e+00	-1.019507e+03	5.990589e+04
6.973400e-01	5.384429e+04	-9.230157e-02	1.542022e-01	0.000000e+00	-1.545430e+03	5.538972e+04
6.985300e-01	5.247322e+04	-9.248511e-02	1.542775e-01	0.000000e+00	-2.189271e+03	5.466249e+04
6.997200e-01	4.902288e+04	-9.266875e-02	1.543494e-01	0.000000e+00	-1.991023e+03	5.101390e+04
7.009100e-01	5.338690e+04	-9.285246e-02	1.544219e-01	0.000000e+00	-2.509313e+03	5.589621e+04
7.021000e-01	5.471136e+04	-9.303627e-02	1.544985e-01	0.000000e+00	-1.589827e+03	5.630118e+04
7.032900e-01	4.556245e+04	-9.322017e-02	1.545695e-01	0.000000e+00	-1.155343e+03	4.671780e+04
7.044800e-01	5.508785e+04	-9.340415e-02	1.546408e-01	0.000000e+00	-2.185208e+03	5.727306e+04
7.056700e-01	5.188553e+04	-9.358822e-02	1.547165e-01	0.000000e+00	-1.561006e+03	5.344654e+04
7.068600e-01	5.668634e+04	-9.377237e-02	1.547934e-01	0.000000e+00	-1.039139e+03	5.772548e+04
7.080500e-01	5.433704e+04	-9.395662e-02	1.548720e-01	0.000000e+00	-1.469791e+03	5.580683e+04
7.092400e-01	4.893983e+04	-9.414097e-02	1.549452e-01	0.000000e+00	-2.312724e+03	5.125255e+04
7.104300e-01	5.610784e+04	-9.432539e-02	1.550196e-01	0.000000e+00	-3.109243e+03	5.921709e+04
7.116200e-01	5.731264e+04	-9.450991e-02	1.550999e-01	0.000000e+00	-3.493747e+03	6.080639e+04
7.128100e-01	5.316116e+04	-9.469453e-02	1.551781e-01	0.000000e+00	-2.962655e+03	5.612381e+04
7.140000e-01	5.178688e+04	-9.487924e-02	1.552524e-01	0.000000e+00	-1.507165e+03	5.329405e+04
7.151900e-01	4.624724e+04	-9.506403e-02	1.553219e-01	0.000000e+00	-4.343504e+03	5.059074e+04
7.163800e-01	5.477643e+04	-9.524890e-02	1.553934e-01	0.000000e+00	-1.897254e+03	5.667369e+04
7.175700e-01	4.476984e+04	-9.543387e-02	1.554639e-01	0.000000e+00	-2.622373e+03	4.739221e+04
7.187600e-01	5.343824e+04	-9.561891e-02	1.555334e-01	0.000000e+00	-2.335279e+03	5.577352e+04
7.199500e-01	5.065386e+04	-9.580404e-02	1.556072e-01	0.000000e+00	-3.066044e+03	5.371991e+04
7.211400e-01	6.042172e+04	-9.598925e-02	1.556858e-01	0.000000e+00	-2.011350e+03	6.243307e+04
7.223300e-01	4.606229e+04	-9.617457e-02	1.557612e-01	0.000000e+00	-3.312489e+03	4.937478e+04
7.235200e-01	6.343936e+04	-9.635997e-02	1.558388e-01	0.000000e+00	-2.552827e+03	6.599219e+04
7.247100e-01	6.037277e+04	-9.654547e-02	1.559265e-01	0.000000e+00	-4.148734e+02	6.078764e+04
7.259000e-01	5.007704e+04	-9.673107e-02	1.560047e-01	0.000000e+00	-1.158593e+03	5.123563e+04
7.270900e-01	5.571781e+04	-9.691676e-02	1.560796e-01	0.000000e+00	-3.775733e+03	5.949354e+04
7.282800e-01	5.292800e+04	-9.710254e-02	1.561565e-01	0.000000e+00	-2.787334e+03	5.571533e+04
7.294700e-01	6.213032e+04	-9.728841e-02	1.562380e-01	0.000000e+00	-3.389349e+03	6.551967e+04
7.306600e-01	5.528428e+04	-9.747439e-02	1.563212e-01	0.000000e+00	-3.605171e+03	5.888945e+04
7.318500e-01	4.457484e+04	-9.766045e-02	1.563919e-01	0.000000e+00	-3.610385e+03	4.818522e+04
7.330400e-01	5.887653e+04	-9.784660e-02	1.564651e-01	0.000000e+00	-3.747676e+03	6.262421e+04
7.342300e-01	5.394648e+04	-9.803284e-02	1.565450e-01	0.000000e+00	-1.748898e+03	5.569537e+04
7.354200e-01	5.454758e+04	-9.821918e-02	1.566219e-01	0.000000e+00	-3.055961e+03	5.760354e+04
7.366100e-01	5.745150e+04	-9.840560e-02	1.567012e-01	0.000000e+00	-2.889344e+03	6.034084e+04
7.378000e-01	5.570755e+04	-9.859212e-02	1.567813e-01	0.000000e+00	-1.548470e+03	5.725602e+04
7.389900e-01	5.337621e+04	-9.877874e-02	1.568586e-01	0.000000e+00	-9.934704e+02	5.436968e+04
7.401800e-01	5.564297e+04	-9.896545e-02	1.569358e-01	0.000000e+00	-4.843768e+03	6.048673e+04
7.413700e-01	5.848020e+04	-9.915225e-02	1.570166e-01	0.000000e+00	-3.037760e+03	6.151796e+04
7.425600e-01	6.028844e+04	-9.933915e-02	1.571007e-01	0.000000e+00	-1.810082e+03	6.209852e+04
7.437500e-01	6.134092e+04	-9.952615e-02	1.571868e-01	0.000000e+00	-1.608338e+03	6.294926e+04
7.449400e-01	5.942999e+04	-9.971325e-02	1.572724e-01	0.000000e+00	-2.472763e+03	6.190276e+04
7.461300e-01	5.279375e+04	-9.990046e-02	1.573518e-01	0.000000e+00	-2.032095e+03	5.482585e+04
7.473200e-01	4.975484e+04	-1.000877e-01	1.574244e-01	0.000000e+00	-1.049767e+03	5.080461e+04
7.485100e-01	5.660090e+04	-1.002751e-01	1.574998e-01	0.000000e+00	-1.421505e+03	5.802241e+04
7.497000e-01	5.106037e+04	-1.004626e-01	1.575760e-01	0.000000e+00	-2.392483e+03	5.345286e+04
7.508900e-01	5.359226e+04	-1.006502e-01	1.576501e-01	0.000000e+00	-1.780055e+03	5.537232e+04
7.520800e-01	5.160815e+04	-1.008378e-01	1.577246e-01	0.000000e+00	-1.956789e+03	5.356493e+04
7.532700e-01	5.339081e+04	-1.010255e-01	1.577990e-01	0.000000e+00	-2.122641e+03	5.551345e+04
7.544600e-01	5.335576e+04	-1.012134e-01	1.578746e-01	0.000000e+00	-1.315472e+03	5.467123e+04
7.556500e-01	6.203146e+04	-1.014013e-01	1.579563e-01	0.000000e+00	-3.161549e+03	6.519301e+04
7.568400e-01	4.615182e+04	-1.015893e-01	1.580329e-01	0.000000e+00	-3.387513e+03	4.953934e+04
7.580300e-01	4.820632e+04	-1.017774e-01	1.580997e-01	0.000000e+00	-2.422667e+03	5.062899e+04
7.592200e-01	5.515108e+04	-1.019656e-01	1.581729e-01	0.000000e+00	-2.672423e+03	5.782351e+04
7.604100e-01	5.539154e+04	-1.021539e-01	1.582512e-01	0.000000e+00	-9.591750e+02	5.635072e+04
7.616000e-01	5.167052e+04	-1.023422e-01	1.583270e-01	0.000000e+00	-1.066066e+03	5.273659e+04
7.627900e-01	4.781009e+04	-1.025307e-01	1.583975e-01	0.000000e+00	-1.320959e+03	4.913105e+04
7.639800e-01	5.132229e+04	-1.027192e-01	1.584677e-01	0.000000e+00	-2.194612e+03	5.351690e+04
7.651700e-01	5.513329e+04	-1.029078e-01	1.585430e-01	0.000000e+00	-2.253860e+03	5.738715e+04
7.663600e-01	6.803899e+04	-1.030965e-01	1.586303e-01	0.000000e+00	-6.777591e+02	6.871675e+04
7.675500e-01	5.123831e+04	-1.032854e-01	1.587147e-01	0.000000e+00	-2.288492e+03	5.352680e+04
7.687400e-01	5.458001e+04	-1.034743e-01	1.587897e-01	0.000000e+00	-3.578564e+03	5.815857e+04
7.699300e-01	4.791523e+04	-1.036633e-01	1.588623e-01	0.000000e+00	-2.958196e+03	5.087343e+04
7.711200e-01	4.784248e+04	-1.038524e-01	1.589301e-01	0.000000e+00	-3.515378e+03	5.135786e+04
7.723100e-01	4.269570e+04	-1.040415e-01	1.589942e-01	0.000000e+00	-2.120574e+03	4.481627e+04
7.735000e-01	5.167013e+04	-1.042308e-01	1.590610e-01	0.000000e+00	-1.930336e+03	5.360047e+04
7.746900e-01	5.719708e+04	-1.044201e-01	1.591381e-01	0.000000e+00	-1.610558e+03	5.880763e+04
7.758800e-01	5.542509e+04	-1.046095e-01	1.592179e-01	0.000000e+00	-6.884987e+02	5.611359e+04
7.770700e-01	4.883270e+04	-1.047990e-01	1.592917e-01	0.000000e+00	-1.371941e+03	5.020464e+04
7.782600e-01	5.131938e+04	-1.049886e-01	1.593626e-01	0.000000e+00	-2.136138e+03	5.345552e+04
7.794500e-01	5.401171e+04	-1.051783e-01	1.594372e-01	0.000000e+00	-1.432207e+03	5.544392e+04
7.806400e-01	6.419531e+04	-1.053681e-01	1.595209e-01	0.000000e+00	-3.143985e+03	6.733930e+04
7.818300e-01	5.732425e+04	-1.055580e-01	1.596070e-01	0.000000e+00	-1.362704e+03	5.868695e+04
7.830200e-01	5.236396e+04	-1.057480e-01	1.596847e-01	0.000000e+00	-4.207657e+02	5.278472e+04
7.842100e-01	5.991544e+04	-1.059380e-01	1.597642e-01	0.000000e+00	-4.985144e+02	6.041395e+04
7.854000e-01	5.129993e+04	-1.061282e-01	1.598429e-01	0.000000e+00	-8.617981e+02	5.216173e+04
7.865900e-01	5.485374e+04	-1.063185e-01	1.599181e-01	0.000000e+00	-8.200102e+02	5.567375e+04
7.877800e-01	5.568252e+04	-1.065088e-01	1.599964e-01	0.000000e+00	-4.040003e+03	5.972252e+04
7.889700e-01	6.312331e+04	-1.066993e-01	1.600805e-01	0.000000e+00	-1.669181e+03	6.479249e+04
7.901600e-01	5.768671e+04	-1.068898e-01	1.601661e-01	0.000000e+00	-1.199019e+03	5.888573e+04
7.913500e-01	5.075374e+04	-1.070804e-01	1.602429e-01	0.000000e+00	-1.042531e+03	5.179627e+04
7.925400e-01	5.128223e+04	-1.072712e-01	1.603151e-01	0.000000e+00	-2.473985e+03	5.375621e+04
7.937300e-01	5.373260e+04	-1.074620e-01	1.603895e-01	0.000000e+00	-1.504801e+03	5.523740e+04
7.949200e-01	5.626214e+04	-1.076529e-01	1.604674e-01	0.000000e+00	-3.322463e+03	5.958461e+04
7.961100e-01	4.430775e+04	-1.078439e-01	1.605386e-01	0.000000e+00	-3.483246e+03	4.779099e+04
7.973000e-01	5.249122e+04	-1.080350e-01	1.606072e-01	0.000000e+00	-1.603597e+03	5.409482e+04
7.984900e-01	5.484622e+04	-1.082262e-01	1.606832e-01	0.000000e+00	-1.147426e+03	5.599365e+04
7.996800e-01	5.543560e+04	-1.084174e-01	1.607613e-01	0.000000e+00	-2.451556e+03	5.788716e+04
8.008700e-01	5.355058e+04	-1.086088e-01	1.608384e-01	0.000000e+00	-1.488801e+03	5.503938e+04
8.020600e-01	6.523998e+04	-1.088002e-01	1.609226e-01	0.000000e+00	-2.730187e+03	6.797017e+04
8.032500e-01	5.564848e+04	-1.089918e-01	1.610082e-01	0.000000e+00	-3.104248e+03	5.875272e+04
8.044400e-01	5.837885e+04	-1.091834e-01	1.610889e-01	0.000000e+00	-3.112801e+03	6.149165e+04
8.056300e-01	6.220747e+04	-1.093752e-01	1.611743e-01	0.000000e+00	-1.440788e+03	6.364826e+04
8.068200e-01	6.262825e+04	-1.095670e-01	1.612627e-01	0.000000e+00	-1.074258e+03	6.370251e+04
8.080100e-01	5.496198e+04	-1.097590e-01	1.613460e-01	0.000000e+00	-1.485725e+03	5.644770e+04
8.092000e-01	4.385131e+04	-1.099510e-01	1.614160e-01	0.000000e+00	-1.702484e+03	4.555379e+04
8.103900e-01	4.539035e+04	-1.101431e-01	1.614792e-01	0.000000e+00	-1.440058e+03	4.683041e+04
8.115800e-01	4.449332e+04	-1.103353e-01	1.615428e-01	0.000000e+00	-1.011984e+03	4.550530e+04
8.127700e-01	4.616535e+04	-1.105276e-01	1.616070e-01	0.000000e+00	-2.948487e+03	4.911384e+04
8.139600e-01	5.924129e+04	-1.107200e-01	1.616817e-01	0.000000e+00	-1.735246e+03	6.097654e+04
8.151500e-01	6.501067e+04	-1.109124e-01	1.617697e-01	0.000000e+00	-1.866365e+02	6.519730e+04
8.163400e-01	5.096428e+04	-1.111050e-01	1.618518e-01	0.000000e+00	-7.849681e+02	5.174924e+04
8.175300e-01	6.063537e+04	-1.112976e-01	1.619308e-01	0.000000e+00	-3.121899e+03	6.375727e+04
8.187200e-01	5.463825e+04	-1.114904e-01	1.620125e-01	0.000000e+00	-1.536675e+03	5.617492e+04
8.199100e-01	4.360901e+04	-1.116832e-01	1.620820e-01	0.000000e+00	-1.578233e+03	4.518724e+04
8.211000e-01	5.079294e+04	-1.118761e-01	1.621489e-01	0.000000e+00	-2.304959e+03	5.309790e+04
8.222900e-01	5.770813e+04	-1.120691e-01	1.622257e-01	0.000000e+00	-2.337966e+03	6.004609e+04
8.234800e-01	5.640209e+04	-1.122622e-01	1.623065e-01	0.000000e+00	-3.147978e+03	5.955006e+04
8.246700e-01	6.212612e+04	-1.124554e-01	1.623905e-01	0.000000e+00	-2.777256e+03	6.490337e+04
8.258600e-01	5.858332e+04	-1.126487e-01	1.624759e-01	0.000000e+00	-1.431881e+03	6.001520e+04
8.270500e-01	5.663478e+04	-1.128421e-01	1.625575e-01	0.000000e+00	-1.200511e+03	5.783530e+04
8.282400e-01	5.511293e+04	-1.130356e-01	1.626367e-01	0.000000e+00	-1.190953e+03	5.630388e+04
8.294300e-01	5.676806e+04	-1.132292e-01	1.627159e-01	0.000000e+00	-2.198731e+03	5.896679e+04
8.306200e-01	6.692966e+04	-1.134229e-01	1.628035e-01	0.000000e+00	-1.784001e+03	6.871367e+04
8.318100e-01	6.438209e+04	-1.136166e-01	1.628965e-01	0.000000e+00	-3.546668e+03	6.792876e+04
8.330000e-01	5.951656e+04	-1.138105e-01	1.629842e-01	0.000000e+00	-1.666531e+03	6.118309e+04
8.341900e-01	6.842209e+04	-1.140045e-01	1.630748e-01	0.000000e+00	-4.832265e+02	6.890532e+04
8.353800e-01	4.498011e+04	-1.141987e-01	1.631551e-01	0.000000e+00	-5.514150e+02	4.553153e+04
8.365700e-01	5.307591e+04	-1.143929e-01	1.632246e-01	0.000000e+00	-2.459180e+03	5.553509e+04
8.377600e-01	5.177645e+04	-1.145871e-01	1.632988e-01	0.000000e+00	-4.402861e+03	5.617931e+04
8.389500e-01	4.722599e+04	-1.147815e-01	1.633689e-01	0.000000e+00	-3.258281e+03	5.048428e+04
8.401400e-01	4.983027e+04	-1.149760e-01	1.634377e-01	0.000000e+00	-3.359001e+03	5.318927e+04
8.413300e-01	4.970735e+04	-1.151705e-01	1.635082e-01	0.000000e+00	-2.763213e+03	5.247056e+04
8.425200e-01	5.186423e+04	-1.153651e-01	1.635801e-01	0.000000e+00	-1.002474e+03	5.286671e+04
8.437100e-01	4.511309e+04	-1.155598e-01	1.636488e-01	0.000000e+00	-1.258435e+03	4.637153e+04
8.449000e-01	6.208419e+04	-1.157546e-01	1.637247e-01	0.000000e+00	-1.672980e+03	6.375717e+04
8.460900e-01	5.882185e+04	-1.159495e-01	1.638103e-01	0.000000e+00	-2.447635e+03	6.126949e+04
8.472800e-01	6.313478e+04	-1.161445e-01	1.638967e-01	0.000000e+00	-2.043207e+03	6.517799e+04
8.484700e-01	5.996436e+04	-1.163395e-01	1.639838e-01	0.000000e+00	-3.714554e+03	6.367891e+04
8.496600e-01	5.373582e+04	-1.165347e-01	1.640644e-01	0.000000e+00	-2.941197e+03	5.667702e+04
8.508500e-01	5.776722e+04	-1.167300e-01	1.641433e-01	0.000000e+00	-3.729360e+03	6.149658e+04
8.520400e-01	5.411795e+04	-1.169254e-01	1.642226e-01	0.000000e+00	-1.451228e+03	5.556918e+04
8.532300e-01	4.850440e+04	-1.171209e-01	1.642952e-01	0.000000e+00	-7.958166e+02	4.930022e+04
8.544200e-01	5.346440e+04	-1.173164e-01	1.643674e-01	0.000000e+00	-8.046234e+02	5.426902e+04
8.556100e-01	5.258435e+04	-1.175121e-01	1.644425e-01	0.000000e+00	-8.115575e+02	5.339590e+04
8.568000e-01	5.331135e+04	-1.177078e-01	1.645175e-01	0.000000e+00	-1.653357e+03	5.496471e+04
8.579900e-01	6.580662e+04	-1.179036e-01	1.646019e-01	0.000000e+00	-2.542108e+03	6.834873e+04
8.591800e-01	6.048065e+04	-1.180995e-01	1.646913e-01	0.000000e+00	-3.040338e+03	6.352098e+04
8.603700e-01	5.501620e+04	-1.182956e-01	1.647731e-01	0.000000e+00	-1.196337e+03	5.621254e+04
8.615600e-01	4.846514e+04	-1.184917e-01	1.648464e-01	0.000000e+00	-1.226648e+03	4.969179e+04
8.627500e-01	5.030623e+04	-1.186879e-01	1.649163e-01	0.000000e+00	-3.342431e+03	5.364866e+04
8.639400e-01	5.155531e+04	-1.188842e-01	1.649885e-01	0.000000e+00	-2.149522e+03	5.370483e+04
8.651300e-01	5.508606e+04	-1.190806e-01	1.650640e-01	0.000000e+00	-1.057823e+03	5.614389e+04
8.663200e-01	5.171707e+04	-1.192771e-01	1.651396e-01	0.000000e+00	-2.278840e+03	5.399591e+04
8.675100e-01	4.966788e+04	-1.194736e-01	1.652114e-01	0.000000e+00	-9.050540e+02	5.057293e+04
8.687000e-01	5.924339e+04	-1.196703e-01	1.652886e-01	0.000000e+00	-1.652680e+03	6.089607e+04
8.698900e-01	6.282948e+04	-1.198670e-01	1.653750e-01	0.000000e+00	-2.473672e+03	6.530315e+04
8.710800e-01	5.436103e+04	-1.200639e-01	1.654580e-01	0.000000e+00	-8.678193e+02	5.522885e+04
8.722700e-01	6.206057e+04	-1.202608e-01	1.655404e-01	0.000000e+00	-1.600119e+02	6.222058e+04
8.734600e-01	6.436324e+04	-1.204578e-01	1.656300e-01	0.000000e+00	-1.443561e+03	6.580681e+04
8.746500e-01	4.622254e+04	-1.206550e-01	1.657083e-01	0.000000e+00	-1.089217e+03	4.731175e+04
8.758400e-01	5.262950e+04	-1.208522e-01	1.657783e-01	0.000000e+00	-2.735595e+03	5.536509e+04
8.770300e-01	5.976552e+04	-1.210496e-01	1.658579e-01	0.000000e+00	-2.458540e+03	6.222406e+04
8.782200e-01	6.006525e+04	-1.212470e-01	1.659427e-01	0.000000e+00	-2.612189e+03	6.267744e+04
8.794100e-01	6.106739e+04	-1.214445e-01	1.660285e-01	0.000000e+00	-1.500833e+03	6.256823e+04
8.806000e-01	5.493872e+04	-1.216421e-01	1.661107e-01	0.000000e+00	-1.492557e+03	5.643127e+04
8.817900e-01	5.379826e+04	-1.218398e-01	1.661877e-01	0.000000e+00	-1.576793e+03	5.537505e+04
8.829800e-01	5.955690e+04	-1.220376e-01	1.662680e-01	0.000000e+00	-2.630734e+03	6.218763e+04
8.841700e-01	6.190473e+04	-1.222356e-01	1.663540e-01	0.000000e+00	-1.035287e+03	6.294001e+04
8.853600e-01	5.932202e+04	-1.224336e-01	1.664398e-01	0.000000e+00	-2.690972e+03	6.201299e+04
8.865500e-01	5.675129e+04	-1.226317e-01	1.665220e-01	0.000000e+00	-1.582108e+03	5.833340e+04
8.877400e-01	5.513576e+04	-1.228299e-01	1.666012e-01	0.000000e+00	-2.471234e+03	5.760699e+04
8.889300e-01	5.250320e+04	-1.230282e-01	1.666775e-01	0.000000e+00	-3.033489e+03	5.553669e+04
8.901200e-01	5.456176e+04	-1.232266e-01	1.667533e-01	0.000000e+00	-1.148276e+03	5.571004e+04
8.913100e-01	5.436935e+04	-1.234251e-01	1.668304e-01	0.000000e+00	-1.616912e+03	5.598627e+04
8.925000e-01	5.971306e+04	-1.236236e-01	1.669112e-01	0.000000e+00	-2.555722e+03	6.226878e+04
8.936900e-01	5.402083e+04	-1.238223e-01	1.669918e-01	0.000000e+00	-2.254746e+03	5.627558e+04
8.948800e-01	4.813780e+04	-1.240211e-01	1.670641e-01	0.000000e+00	-2.046519e+02	4.834245e+04
8.960700e-01	6.201384e+04	-1.242199e-01	1.671421e-01	0.000000e+00	-1.458936e+03	6.347278e+04
8.972600e-01	4.569654e+04	-1.244189e-01	1.672184e-01	0.000000e+00	-1.923859e+03	4.762040e+04
8.984500e-01	4.656594e+04	-1.246179e-01	1.672837e-01	0.000000e+00	-9.736439e+02	4.753958e+04
8.996400e-01	4.921687e+04	-1.248170e-01	1.673516e-01	0.000000e+00	-1.371209e+03	5.058808e+04
9.008300e-01	5.305123e+04	-1.250162e-01	1.674240e-01	0.000000e+00	-1.053427e+03	5.410465e+04
9.020200e-01	6.107307e+04	-1.252155e-01	1.675048e-01	0.000000e+00	-2.401233e+03	6.347430e+04
9.032100e-01	5.710327e+04	-1.254149e-01	1.675885e-01	0.000000e+00	-3.212353e+03	6.031563e+04
9.044000e-01	4.467212e+04	-1.256143e-01	1.676606e-01	0.000000e+00	-9.823422e+02	4.565446e+04
9.055900e-01	4.401166e+04	-1.258139e-01	1.677234e-01	0.000000e+00	-1.588738e+03	4.560039e+04
9.067800e-01	4.743829e+04	-1.260135e-01	1.677881e-01	0.000000e+00	-1.323295e+01	4.745153e+04
9.079700e-01	5.686522e+04	-1.262132e-01	1.678620e-01	0.000000e+00	-7.184309e+02	5.758365e+04
9.091600e-01	4.962585e+04	-1.264130e-01	1.679374e-01	0.000000e+00	-7.612917e+02	5.038715e+04
9.103500e-01	4.475248e+04	-1.266129e-01	1.680042e-01	0.000000e+00	-2.221499e+03	4.697398e+04
9.115400e-01	5.089713e+04	-1.268129e-01	1.680720e-01	0.000000e+00	-4.038966e+03	5.493610e+04
9.127300e-01	4.482567e+04	-1.270129e-01	1.681398e-01	0.000000e+00	-3.184182e+03	4.800986e+04
9.139200e-01	4.577335e+04	-1.272131e-01	1.682039e-01	0.000000e+00	-1.699675e+03	4.747303e+04
9.151100e-01	5.343415e+04	-1.274133e-01	1.682742e-01	0.000000e+00	-1.661670e+03	5.509582e+04
9.163000e-01	5.851925e+04	-1.276136e-01	1.683535e-01	0.000000e+00	-7.235151e+02	5.924276e+04
9.174900e-01	5.521871e+04	-1.278139e-01	1.684340e-01	0.000000e+00	-9.571572e+02	5.617587e+04
9.186800e-01	5.154207e+04	-1.280144e-01	1.685096e-01	0.000000e+00	-1.391307e+03	5.293338e+04
9.198700e-01	5.667492e+04	-1.282150e-01	1.685862e-01	0.000000e+00	-1.407960e+03	5.808288e+04
9.210600e-01	5.460683e+04	-1.284157e-01	1.686651e-01	0.000000e+00	-1.297058e+03	5.590389e+04
9.222500e-01	5.387808e+04	-1.286164e-01	1.687419e-01	0.000000e+00	-2.748545e+03	5.662663e+04
9.234400e-01	5.760637e+04	-1.288173e-01	1.688208e-01	0.000000e+00	-2.666500e+03	6.027287e+04
9.246300e-01	4.961812e+04	-1.290182e-01	1.688968e-01	0.000000e+00	-1.343612e+03	5.096173e+04
9.258200e-01	4.984215e+04	-1.292192e-01	1.689672e-01	0.000000e+00	-3.585181e+03	5.342733e+04
9.270100e-01	4.421199e+04	-1.294204e-01	1.690338e-01	0.000000e+00	-3.482246e+03	4.769423e+04
9.282000e-01	4.635911e+04	-1.296215e-01	1.690979e-01	0.000000e+00	-1.420367e+03	4.777948e+04
9.293900e-01	4.644399e+04	-1.298228e-01	1.691637e-01	0.000000e+00	-2.019272e+03	4.846327e+04
9.305800e-01	5.295805e+04	-1.300241e-01	1.692341e-01	0.000000e+00	-2.057355e+03	5.501541e+04
9.317700e-01	3.983711e+04	-1.302256e-01	1.692998e-01	0.000000e+00	-9.503449e+02	4.078746e+04
9.329600e-01	5.368045e+04	-1.304271e-01	1.693660e-01	0.000000e+00	-7.568648e+02	5.443732e+04
9.341500e-01	5.833703e+04	-1.306287e-01	1.694453e-01	0.000000e+00	-1.648993e+03	5.998602e+04
9.353400e-01	5.881468e+04	-1.308304e-01	1.695283e-01	0.000000e+00	-1.745688e+03	6.056037e+04
9.365300e-01	4.837844e+04	-1.310322e-01	1.696042e-01	0.000000e+00	-2.423512e+03	5.080195e+04
9.377200e-01	4.926851e+04	-1.312340e-01	1.696733e-01	0.000000e+00	-2.196249e+03	5.146476e+04
9.389100e-01	5.930523e+04	-1.314360e-01	1.697502e-01	0.000000e+00	-1.457786e+03	6.076301e+04
9.401000e-01	5.711593e+04	-1.316380e-01	1.698327e-01	0.000000e+00	-6.952765e+02	5.781120e+04
9.412900e-01	5.518606e+04	-1.318402e-01	1.699122e-01	0.000000e+00	-3.130222e+03	5.831629e+04
9.424800e-01	4.348713e+04	-1.320424e-01	1.699821e-01	0.000000e+00	-1.071458e+03	4.455859e+04
9.436700e-01	4.952080e+04	-1.322447e-01	1.700479e-01	0.000000e+00	0.000000e+00	4.952080e+04
9.448600e-01	5.800889e+04	-1.324471e-01	1.701241e-01	0.000000e+00	-1.255377e+03	5.926426e+04
9.460500e-01	6.029278e+04	-1.326496e-01	1.702079e-01	0.000000e+00	-2.709703e+03	6.300248e+04
9.472400e-01	5.226409e+04	-1.328522e-01	1.702876e-01	0.000000e+00	-1.104308e+03	5.336840e+04
9.484300e-01	5.289203e+04	-1.330549e-01	1.703620e-01	0.000000e+00	-1.716005e+03	5.460804e+04
9.496200e-01	5.404870e+04	-1.332577e-01	1.704378e-01	0.000000e+00	-2.147450e+03	5.619615e+04
9.508100e-01	5.613078e+04	-1.334606e-01	1.705158e-01	0.000000e+00	-1.690854e+03	5.782164e+04
9.520000e-01	4.610216e+04	-1.336635e-01	1.705882e-01	0.000000e+00	-5.570873e+02	4.665925e+04
9.531900e-01	4.006035e+04	-1.338666e-01	1.706492e-01	0.000000e+00	-3.278073e+03	4.333843e+04
9.543800e-01	5.835813e+04	-1.340697e-01	1.707189e-01	0.000000e+00	-6.671933e+02	5.902532e+04
9.555700e-01	5.525851e+04	-1.342729e-01	1.707994e-01	0.000000e+00	0.000000e+00	5.525851e+04
9.567600e-01	5.021639e+04	-1.344762e-01	1.708741e-01	0.000000e+00	-7.402681e+02	5.095666e+04
9.579500e-01	5.105020e+04	-1.346795e-01	1.709458e-01	0.000000e+00	-2.638637e+02	5.131406e+04
9.591400e-01	4.847452e+04	-1.348830e-01	1.710163e-01	0.000000e+00	-9.364129e+02	4.941093e+04
9.603300e-01	5.416486e+04	-1.350866e-01	1.710889e-01	0.000000e+00	-1.819012e+03	5.598387e+04
9.615200e-01	5.885652e+04	-1.352902e-01	1.711690e-01	0.000000e+00	-3.313295e+03	6.216981e+04
9.627100e-01	5.834567e+04	-1.354939e-01	1.712520e-01	0.000000e+00	-1.122914e+03	5.946858e+04
9.639000e-01	5.821313e+04	-1.356978e-01	1.713345e-01	0.000000e+00	-3.938998e+03	6.215213e+04
9.650900e-01	5.614054e+04	-1.359017e-01	1.714155e-01	0.000000e+00	-1.788321e+03	5.792886e+04
9.662800e-01	5.135984e+04	-1.361058e-01	1.714916e-01	0.000000e+00	-2.302537e+03	5.366238e+04
9.674700e-01	4.821970e+04	-1.363099e-01	1.715622e-01	0.000000e+00	-1.968886e+03	5.018859e+04
9.686600e-01	5.898097e+04	-1.365141e-01	1.716381e-01	0.000000e+00	-1.558402e+03	6.053937e+04
9.698500e-01	5.153488e+04	-1.367184e-01	1.717163e-01	0.000000e+00	-1.378913e+03	5.291380e+04
9.710400e-01	5.980453e+04	-1.369228e-01	1.717952e-01	0.000000e+00	-7.169171e+02	6.052145e+04
9.722300e-01	5.908770e+04	-1.371272e-01	1.718794e-01	0.000000e+00	-6.166925e+02	5.970439e+04
9.734200e-01	5.410445e+04	-1.373318e-01	1.719595e-01	0.000000e+00	-3.052298e+03	5.715675e+04
9.746100e-01	6.057481e+04	-1.375365e-01	1.720407e-01	0.000000e+00	-9.148021e+02	6.148961e+04
9.758000e-01	5.915525e+04	-1.377413e-01	1.721255e-01	0.000000e+00	-2.250089e+03	6.140534e+04
9.769900e-01	5.498916e+04	-1.379462e-01	1.722064e-01	0.000000e+00	-7.291436e+02	5.571830e+04
9.781800e-01	5.269253e+04	-1.381511e-01	1.722826e-01	0.000000e+00	0.000000e+00	5.269253e+04
9.793700e-01	6.282026e+04	-1.383562e-01	1.723644e-01	0.000000e+00	-1.545127e+03	6.436539e+04
9.805600e-01	4.754089e+04	-1.385614e-01	1.724426e-01	0.000000e+00	-9.758813e+02	4.851677e+04
9.817500e-01	5.691480e+04	-1.387666e-01	1.725166e-01	0.000000e+00	-1.112238e+03	5.802703e+04
9.829400e-01	5.594276e+04	-1.389720e-01	1.725965e-01	0.000000e+00	-2.053065e+03	5.799582e+04
9.841300e-01	6.178350e+04	-1.391774e-01	1.726798e-01	0.000000e+00	-1.036378e+03	6.281988e+04
9.853200e-01	5.290009e+04	-1.393829e-01	1.727611e-01	0.000000e+00	-6.986605e+02	5.359875e+04
9.865100e-01	5.515661e+04	-1.395886e-01	1.728376e-01	0.000000e+00	-1.416756e+02	5.529828e+04
9.877000e-01	5.757905e+04	-1.397943e-01	1.729174e-01	0.000000e+00	-8.049077e+02	5.838395e+04
9.888900e-01	5.731071e+04	-1.400001e-01	1.729988e-01	0.000000e+00	-3.542843e+01	5.734614e+04
9.900800e-01	5.836018e+04	-1.402060e-01	1.730807e-01	0.000000e+00	-9.369349e+02	5.929711e+04
9.912700e-01	5.411433e+04	-1.404120e-01	1.731603e-01	0.000000e+00	-1.679149e+03	5.579348e+04
9.924600e-01	5.509636e+04	-1.406181e-01	1.732377e-01	0.000000e+00	-1.826666e+03	5.692303e+04
9.936500e-01	5.695470e+04	-1.408243e-01	1.733170e-01	0.000000e+00	-5.992673e+02	5.755397e+04
9.948400e-01	4.984669e+04	-1.410306e-01	1.733927e-01	0.000000e+00	-1.139567e+03	5.098626e+04
9.960300e-01	6.648200e+04	-1.412370e-01	1.734750e-01	0.000000e+00	-1.023629e+03	6.750563e+04
9.972200e-01	6.685652e+04	-1.414435e-01	1.735695e-01	0.000000e+00	-3.578119e+02	6.721433e+04
9.984100e-01	5.970773e+04	-1.416501e-01	1.736591e-01	0.000000e+00	-9.520084e+01	5.980293e+04
9.996000e-01	5.173273e+04	-1.418568e-01	1.737380e-01	0.000000e+00	-7.451353e+02	5.247786e+04
1.000790e+00	5.439003e+04	-1.420636e-01	1.738132e-01	0.000000e+00	-3.882743e+02	5.477831e+04
1.001980e+00	5.262083e+04	-1.422705e-01	1.738889e-01	0.000000e+00	-1.689772e+03	5.431061e+04
1.003170e+00	5.316271e+04	-1.424775e-01	1.739639e-01	0.000000e+00	-1.917474e+03	5.508018e+04
1.004360e+00	5.234300e+04	-1.426845e-01	1.740386e-01	0.000000e+00	-1.632783e+03	5.397578e+04
1.005550e+00	5.667654e+04	-1.428917e-01	1.741158e-01	0.000000e+00	-1.951548e+03	5.862808e+04
1.006740e+00	5.670193e+04	-1.430989e-01	1.741961e-01	0.000000e+00	-8.235101e+02	5.752544e+04
1.007930e+00	6.468504e+04	-1.433063e-01	1.742820e-01	0.000000e+00	-6.683592e+02	6.535340e+04
1.009120e+00	5.718128e+04	-1.435137e-01	1.743683e-01	0.000000e+00	-2.468169e+03	5.964945e+04
1.010310e+00	5.412568e+04	-1.437213e-01	1.744472e-01	0.000000e+00	-2.248162e+02	5.435050e+04
1.011500e+00	5.331157e+04	-1.439289e-01	1.745232e-01	0.000000e+00	-1.590489e+03	5.490206e+04
1.012690e+00	5.767994e+04	-1.441366e-01	1.746018e-01	0.000000e+00	-9.018302e+01	5.777012e+04
1.013880e+00	5.322137e+04	-1.443445e-01	1.746804e-01	0.000000e+00	0.000000e+00	5.322137e+04
1.015070e+00	5.723402e+04	-1.445524e-01	1.747586e-01	0.000000e+00	-2.009480e+02	5.743497e+04
1.016260e+00	5.200175e+04	-1.447604e-01	1.748360e-01	0.000000e+00	-1.154596e+03	5.315635e+04
1.017450e+00	5.051680e+04	-1.449685e-01	1.749086e-01	0.000000e+00	-1.482956e+03	5.199976e+04
1.018640e+00	4.777525e+04	-1.451767e-01	1.749782e-01	0.000000e+00	-1.060750e+03	4.883600e+04
1.019830e+00	4.061270e+04	-1.453849e-01	1.750408e-01	0.000000e+00	-1.879059e+03	4.249176e+04
1.021020e+00	5.434519e+04	-1.455933e-01	1.751080e-01	0.000000e+00	-1.561596e+03	5.590679e+04
1.022210e+00	5.904581e+04	-1.458017e-01	1.751883e-01	0.000000e+00	-1.490359e+03	6.053617e+04
1.023400e+00	4.866754e+04	-1.460102e-01	1.752646e-01	0.000000e+00	-3.051381e+03	5.171892e+04
1.024590e+00	5.526902e+04	-1.462188e-01	1.753382e-01	0.000000e+00	-1.473202e+03	5.674222e+04
1.025780e+00	5.495276e+04	-1.464275e-01	1.754162e-01	0.000000e+00	-1.109903e+03	5.606266e+04
1.026970e+00	4.657521e+04	-1.466363e-01	1.754881e-01	0.000000e+00	-2.150932e+03	4.872614e+04
1.028160e+00	5.260358e+04	-1.468452e-01	1.755584e-01	0.000000e+00	-1.598631e+03	5.420221e+04
1.029350e+00	4.782490e+04	-1.470541e-01	1.756295e-01	0.000000e+00	-1.683205e+03	4.950811e+04
1.030540e+00	6.116478e+04	-1.472632e-01	1.757067e-01	0.000000e+00	-1.123617e+03	6.228839e+04
1.031730e+00	5.379781e+04	-1.474723e-01	1.757881e-01	0.000000e+00	-2.782125e+03	5.657994e+04
1.032920e+00	6.197073e+04	-1.476815e-01	1.758701e-01	0.000000e+00	-8.522488e+02	6.282298e+04
1.034110e+00	6.305323e+04	-1.478909e-01	1.759586e-01	0.000000e+00	-5.545755e+02	6.360780e+04
1.035300e+00	6.145315e+04	-1.481003e-01	1.760468e-01	0.000000e+00	0.000000e+00	6.145315e+04
1.036490e+00	5.669786e+04	-1.483099e-01	1.761305e-01	0.000000e+00	-1.009000e+03	5.770686e+04
1.037680e+00	4.845429e+04	-1.485195e-01	1.762049e-01	0.000000e+00	-2.282150e+03	5.073644e+04
1.038870e+00	4.690899e+04	-1.487292e-01	1.762724e-01	0.000000e+00	-2.591202e+03	4.950019e+04
1.040060e+00	5.282321e+04	-1.489390e-01	1.763431e-01	0.000000e+00	0.000000e+00	5.282321e+04
1.041250e+00	4.459668e+04	-1.491489e-01	1.764121e-01	0.000000e+00	-1.088778e+03	4.568546e+04
1.042440e+00	5.166185e+04	-1.493589e-01	1.764802e-01	0.000000e+00	-1.755343e+03	5.341719e+04
1.043630e+00	5.484986e+04	-1.495690e-01	1.765557e-01	0.000000e+00	-1.186708e+03	5.603657e+04
1.044820e+00	4.772540e+04	-1.497791e-01	1.766283e-01	0.000000e+00	-3.733905e+03	5.145930e+04
1.046010e+00	4.831085e+04	-1.499893e-01	1.766963e-01	0.000000e+00	-2.354581e+03	5.066543e+04
1.047200e+00	5.146232e+04	-1.501996e-01	1.767670e-01	0.000000e+00	-8.050547e+02	5.226737e+04
1.048390e+00	5.209607e+04	-1.504100e-01	1.768403e-01	0.000000e+00	-1.127026e+02	5.220877e+04
1.049580e+00	6.361769e+04	-1.506205e-01	1.769222e-01	0.000000e+00	-1.352576e+03	6.497027e+04
1.050770e+00	5.361412e+04	-1.508311e-01	1.770053e-01	0.000000e+00	-8.135375e+02	5.442765e+04
1.051960e+00	5.369121e+04	-1.510418e-01	1.770813e-01	0.000000e+00	-2.504194e+03	5.619540e+04
1.053150e+00	4.651985e+04	-1.512526e-01	1.771522e-01	0.000000e+00	-1.866997e+03	4.838684e+04
1.054340e+00	5.831829e+04	-1.514634e-01	1.772265e-01	0.000000e+00	-6.053292e+02	5.892362e+04
1.055530e+00	5.918355e+04	-1.516744e-01	1.773097e-01	0.000000e+00	-4.846811e+02	5.966823e+04
1.056720e+00	6.518765e+04	-1.518854e-01	1.773977e-01	0.000000e+00	-2.059540e+03	6.724719e+04
1.057910e+00	5.887991e+04	-1.520966e-01	1.774856e-01	0.000000e+00	-2.125171e+03	6.100508e+04
1.059100e+00	5.110401e+04	-1.523078e-01	1.775635e-01	0.000000e+00	-1.379576e+03	5.248359e+04
1.060290e+00	5.336662e+04	-1.525192e-01	1.776375e-01	0.000000e+00	-5.644015e+02	5.393102e+04
1.061480e+00	5.450484e+04	-1.527306e-01	1.777139e-01	0.000000e+00	-1.578781e+03	5.608362e+04
1.062670e+00	5.687243e+04	-1.529421e-01	1.777927e-01	0.000000e+00	-9.683412e+02	5.784077e+04
1.063860e+00	5.877693e+04	-1.531538e-01	1.778746e-01	0.000000e+00	-5.936270e+02	5.937055e+04
1.065050e+00	5.225620e+04	-1.533655e-01	1.779533e-01	0.000000e+00	-1.604976e+03	5.386117e+04
1.066240e+00	5.356746e+04	-1.535773e-01	1.780282e-01	0.000000e+00	-7.132997e+02	5.428076e+04
1.067430e+00	5.063156e+04	-1.537892e-01	1.781020e-01	0.000000e+00	-2.336486e+02	5.086521e+04
1.068620e+00	4.223640e+04	-1.540012e-01	1.781678e-01	0.000000e+00	-1.181681e+03	4.341808e+04
1.069810e+00	4.520802e+04	-1.542132e-01	1.782297e-01	0.000000e+00	-1.974607e+03	4.718263e+04
1.071000e+00	6.094992e+04	-1.544254e-01	1.783049e-01	0.000000e+00	-1.253681e+03	6.220360e+04
1.072190e+00	5.404524e+04	-1.546376e-01	1.783863e-01	0.000000e+00	-1.238735e+03	5.528397e+04
1.073380e+00	5.697547e+04	-1.548499e-01	1.784649e-01	0.000000e+00	0.000000e+00	5.697547e+04
1.074570e+00	5.072688e+04	-1.550623e-01	1.785412e-01	0.000000e+00	-8.021847e+01	5.080710e+04
1.075760e+00	4.036748e+04	-1.552748e-01	1.786057e-01	0.000000e+00	-2.647751e+03	4.301523e+04
1.076950e+00	4.615898e+04	-1.554874e-01	1.786670e-01	0.000000e+00	-6.333753e+02	4.679235e+04
1.078140e+00	5.817396e+04	-1.557001e-01	1.787409e-01	0.000000e+00	0.000000e+00	5.817396e+04
1.079330e+00	5.506561e+04	-1.559128e-01	1.788211e-01	0.000000e+00	-5.535918e+02	5.561920e+04
1.080520e+00	4.651509e+04	-1.561257e-01	1.788930e-01	0.000000e+00	-1.127080e+03	4.764217e+04
1.081710e+00	5.704238e+04	-1.563386e-01	1.789663e-01	0.000000e+00	-1.696074e+03	5.873845e+04
1.082900e+00	5.246108e+04	-1.565516e-01	1.790439e-01	0.000000e+00	-1.675535e+03	5.413661e+04
1.084090e+00	4.686904e+04	-1.567647e-01	1.791142e-01	0.000000e+00	-2.830205e+03	4.969925e+04
1.085280e+00	5.343373e+04	-1.569779e-01	1.791853e-01	0.000000e+00	-3.614686e+03	5.704841e+04
1.086470e+00	5.507837e+04	-1.571912e-01	1.792621e-01	0.000000e+00	-2.675336e+02	5.534590e+04
1.087660e+00	4.941105e+04	-1.574045e-01	1.793361e-01	0.000000e+00	-6.419078e+01	4.947524e+04
1.088850e+00	5.842487e+04	-1.576180e-01	1.794125e-01	0.000000e+00	-8.945990e+02	5.931946e+04
1.090040e+00	5.540291e+04	-1.578315e-01	1.794931e-01	0.000000e+00	-2.402696e+03	5.780561e+04
1.091230e+00	4.209789e+04	-1.580452e-01	1.795621e-01	0.000000e+00	-2.786302e+03	4.488420e+04
1.092420e+00	4.610017e+04	-1.582589e-01	1.796246e-01	0.000000e+00	-5.749008e+02	4.667507e+04
1.093610e+00	5.748448e+04	-1.584727e-01	1.796979e-01	0.000000e+00	-9.109819e+02	5.839547e+04
1.094800e+00	5.419687e+04	-1.586866e-01	1.797770e-01	0.000000e+00	-1.342875e+03	5.553974e+04
1.095990e+00	6.119360e+04	-1.589006e-01	1.798587e-01	0.000000e+00	-1.093650e+03	6.228725e+04
1.097180e+00	5.011670e+04	-1.591146e-01	1.799376e-01	0.000000e+00	-2.237441e+03	5.235415e+04
1.098370e+00	4.565909e+04	-1.593288e-01	1.800054e-01	0.000000e+00	-2.974053e+02	4.595649e+04
1.099560e+00	3.830714e+04	-1.595431e-01	1.800648e-01	0.000000e+00	-8.357447e+02	3.914289e+04
1.100750e+00	5.277718e+04	-1.597574e-01	1.801293e-01	0.000000e+00	-1.685264e+03	5.446245e+04
1.101940e+00	5.608672e+04	-1.599718e-01	1.802064e-01	0.000000e+00	-7.059842e+02	5.679270e+04
1.103130e+00	5.400154e+04	-1.601863e-01	1.802844e-01	0.000000e+00	-1.343519e+02	5.413589e+04
1.104320e+00	5.126149e+04	-1.604008e-01	1.803589e-01	0.000000e+00	-4.976409e+02	5.175913e+04
1.105510e+00	6.496872e+04	-1.606155e-01	1.804413e-01	0.000000e+00	-3.426952e+02	6.531141e+04
1.106700e+00	5.279488e+04	-1.608303e-01	1.805246e-01	0.000000e+00	0.000000e+00	5.279488e+04
1.107890e+00	5.821702e+04	-1.610452e-01	1.806033e-01	0.000000e+00	0.000000e+00	5.821702e+04
1.109080e+00	5.214251e+04	-1.612601e-01	1.806814e-01	0.000000e+00	0.000000e+00	5.214251e+04
1.110270e+00	5.008135e+04	-1.614752e-01	1.807538e-01	0.000000e+00	-3.898929e+02	5.047124e+04
1.111460e+00	5.914465e+04	-1.616903e-01	1.808312e-01	0.000000e+00	-4.850819e+02	5.962973e+04
1.112650e+00	6.229689e+04	-1.619056e-01	1.809172e-01	0.000000e+00	-1.585205e+03	6.388209e+04
1.113840e+00	5.930075e+04	-1.621209e-01	1.810033e-01	0.000000e+00	-6.082897e+01	5.936158e+04
1.115030e+00	5.531759e+04	-1.623363e-01	1.810844e-01	0.000000e+00	0.000000e+00	5.531759e+04
1.116220e+00	4.968261e+04	-1.625519e-01	1.811588e-01	0.000000e+00	-7.629707e+02	5.044558e+04
1.117410e+00	6.333414e+04	-1.627675e-01	1.812388e-01	0.000000e+00	-4.046453e+02	6.373879e+04
1.118600e+00	5.104114e+04	-1.629832e-01	1.813198e-01	0.000000e+00	-5.130562e+02	5.155420e+04
1.119790e+00	5.434149e+04	-1.631990e-01	1.813945e-01	0.000000e+00	0.000000e+00	5.434149e+04
1.120980e+00	5.527541e+04	-1.634150e-01	1.814721e-01	0.000000e+00	-5.311228e+01	5.532852e+04
1.122170e+00	5.053090e+04	-1.636310e-01	1.815470e-01	0.000000e+00	-1.321095e+03	5.185199e+04
1.123360e+00	5.321005e+04	-1.638470e-01	1.816205e-01	0.000000e+00	-1.146801e+03	5.435685e+04
1.124550e+00	5.653049e+04	-1.640632e-01	1.816982e-01	0.000000e+00	-4.462385e+02	5.697672e+04
1.125740e+00	6.446222e+04	-1.642795e-01	1.817839e-01	0.000000e+00	-3.940976e+02	6.485632e+04
1.126930e+00	6.355213e+04	-1.644959e-01	1.818745e-01	0.000000e+00	-7.437533e+02	6.429588e+04
1.128120e+00	5.485673e+04	-1.647123e-01	1.819584e-01	0.000000e+00	-9.369190e+02	5.579365e+04
1.129310e+00	5.190485e+04	-1.649289e-01	1.820340e-01	0.000000e+00	-6.296662e+02	5.253451e+04
1.130500e+00	5.521308e+04	-1.651456e-01	1.821098e-01	0.000000e+00	-2.106700e+02	5.542375e+04
1.131690e+00	5.598605e+04	-1.653623e-01	1.821886e-01	0.000000e+00	-9.945433e+02	5.698060e+04
1.132880e+00	5.796643e+04	-1.655792e-01	1.822693e-01	0.000000e+00	-1.987508e+03	5.995394e+04
1.134070e+00	5.227571e+04	-1.657961e-01	1.823474e-01	0.000000e+00	-1.032699e+03	5.330841e+04
1.135260e+00	5.340858e+04	-1.660132e-01	1.824222e-01	0.000000e+00	-1.222240e+03	5.463082e+04
1.136450e+00	5.209974e+04	-1.662303e-01	1.824969e-01	0.000000e+00	-7.402595e+02	5.284000e+04
1.137640e+00	5.235314e+04	-1.664475e-01	1.825709e-01	0.000000e+00	-1.495770e+03	5.384891e+04
1.138830e+00	4.932161e+04	-1.666648e-01	1.826429e-01	0.000000e+00	-1.099690e+02	4.943158e+04
1.140020e+00	5.379424e+04	-1.668822e-01	1.827159e-01	0.000000e+00	-8.203721e+02	5.461461e+04
1.141210e+00	5.331433e+04	-1.670997e-01	1.827918e-01	0.000000e+00	0.000000e+00	5.331433e+04
1.142400e+00	5.925194e+04	-1.673173e-01	1.828715e-01	0.000000e+00	0.000000e+00	5.925194e+04
1.143590e+00	5.695150e+04	-1.675349e-01	1.829538e-01	0.000000e+00	-9.034959e+01	5.704185e+04
1.144780e+00	5.864484e+04	-1.677527e-01	1.830356e-01	0.000000e+00	-7.499865e+02	5.939483e+04
1.145970e+00	6.147753e+04	-1.679705e-01	1.831207e-01	0.000000e+00	0.000000e+00	6.147753e+04
1.147160e+00	5.329665e+04	-1.681885e-01	1.832020e-01	0.000000e+00	0.000000e+00	5.329665e+04
1.148350e+00	6.916125e+04	-1.684066e-01	1.832887e-01	0.000000e+00	0.000000e+00	6.916125e+04
1.149540e+00	5.961817e+04	-1.686247e-01	1.833799e-01	0.000000e+00	-7.279443e+02	6.034612e+04
1.150730e+00	5.744287e+04	-1.688430e-01	1.834628e-01	0.000000e+00	-9.527280e+02	5.839560e+04
1.151920e+00	5.986467e+04	-1.690614e-01	1.835459e-01	0.000000e+00	-4.926649e+02	6.035733e+04
1.153110e+00	5.570963e+04	-1.692798e-01	1.836277e-01	0.000000e+00	-1.693704e+03	5.740334e+04
1.154300e+00	5.365222e+04	-1.694984e-01	1.837052e-01	0.000000e+00	-3.346393e+02	5.398686e+04
1.155490e+00	5.354883e+04	-1.697171e-01	1.837811e-01	0.000000e+00	-2.873211e+02	5.383615e+04
1.156680e+00	5.489513e+04	-1.699358e-01	1.838579e-01	0.000000e+00	-1.258672e+03	5.615380e+04
1.157870e+00	5.980240e+04	-1.701546e-01	1.839391e-01	0.000000e+00	-1.346787e+02	5.993708e+04
1.159060e+00	5.575912e+04	-1.703736e-01	1.840209e-01	0.000000e+00	0.000000e+00	5.575912e+04
1.160250e+00	6.680498e+04	-1.705926e-01	1.841077e-01	0.000000e+00	-3.214864e+02	6.712647e+04
1.161440e+00	6.141421e+04	-1.708118e-01	1.841985e-01	0.000000e+00	-1.659298e+03	6.307351e+04
1.162630e+00	5.378867e+04	-1.710310e-01	1.842801e-01	0.000000e+00	-1.574704e+03	5.536338e+04
1.163820e+00	5.884442e+04	-1.712503e-01	1.843599e-01	0.000000e+00	-6.461919e+02	5.949062e+04
1.165010e+00	5.680033e+04	-1.714698e-01	1.844418e-01	0.000000e+00	0.000000e+00	5.680033e+04
1.166200e+00	5.361901e+04	-1.716893e-01	1.845200e-01	0.000000e+00	0.000000e+00	5.361901e+04
1.167390e+00	6.013137e+04	-1.719089e-01	1.846005e-01	0.000000e+00	0.000000e+00	6.013137e+04
1.168580e+00	6.224506e+04	-1.721287e-01	1.846872e-01	0.000000e+00	0.000000e+00	6.224506e+04
1.169770e+00	5.788440e+04	-1.723485e-01	1.847723e-01	0.000000e+00	-1.569698e+01	5.790010e+04
1.170960e+00	5.577791e+04	-1.725684e-01	1.848527e-01	0.000000e+00	-1.516946e+03	5.729486e+04
1.172150e+00	5.613915e+04	-1.727884e-01	1.849320e-01	0.000000e+00	-8.522952e+02	5.699145e+04
1.173340e+00	5.440634e+04	-1.730086e-01	1.850103e-01	0.000000e+00	-1.360703e+02	5.454241e+04
1.174530e+00	6.064250e+04	-1.732288e-01	1.850918e-01	0.000000e+00	0.000000e+00	6.064250e+04
1.175720e+00	5.196148e+04	-1.734491e-01	1.851715e-01	0.000000e+00	-9.725950e+02	5.293408e+04
1.176910e+00	5.415263e+04	-1.736695e-01	1.852466e-01	0.000000e+00	-7.080772e+02	5.486070e+04
1.178100e+00	4.895638e+04	-1.738900e-01	1.853197e-01	0.000000e+00	0.000000e+00	4.895638e+04
1.179290e+00	5.094086e+04	-1.741105e-01	1.853904e-01	0.000000e+00	0.000000e+00	5.094086e+04
1.180480e+00	5.477181e+04	-1.743312e-01	1.854653e-01	0.000000e+00	0.000000e+00	5.477181e+04
1.181670e+00	5.448359e+04	-1.745519e-01	1.855426e-01	0.000000e+00	-7.410638e+02	5.522465e+04
1.182860e+00	7.046080e+04	-1.747728e-01	1.856311e-01	0.000000e+00	-9.927232e+01	7.056008e+04
1.184050e+00	6.594171e+04	-1.749938e-01	1.857277e-01	0.000000e+00	0.000000e+00	6.594171e+04
1.185240e+00	5.659045e+04	-1.752148e-01	1.858145e-01	0.000000e+00	0.000000e+00	5.659045e+04
1.186430e+00	5.012722e+04	-1.754360e-01	1.858901e-01	0.000000e+00	0.000000e+00	5.012722e+04
1.187620e+00	5.274472e+04	-1.756572e-01	1.859629e-01	0.000000e+00	0.000000e+00	5.274472e+04
1.188810e+00	4.594064e+04	-1.758786e-01	1.860328e-01	0.000000e+00	0.000000e+00	4.594064e+04
1.190000e+00	2.227571e+04	-1.761000e-01	1.860811e-01	0.000000e+00	0.000000e+00	2.227571e+04
