#x	rho	phi	ex	bz	rhok[0]	rhok[1]
0.000000e+00	-4.332922e+03	0.000000e+00	3.313332e-02	0.000000e+00	-4.811955e+03	4.790327e+02
1.190000e-03	-8.008483e+03	-3.942500e-05	3.312458e-02	0.000000e+00	-8.628669e+03	6.201859e+02
2.380000e-03	-1.949612e+03	-7.883651e-05	3.311753e-02	0.000000e+00	-9.433005e+03	7.483393e+03
3.570000e-03	6.983779e+03	-1.182447e-04	3.312110e-02	0.000000e+00	-4.795554e+03	1.177933e+04
4.760000e-03	5.954954e+03	-1.576647e-04	3.313026e-02	0.000000e+00	-4.456651e+03	1.041160e+04
5.950000e-03	7.091826e+03	-1.970947e-04	3.313950e-02	0.000000e+00	-6.990970e+03	1.408280e+04
7.140000e-03	8.331098e+03	-2.365367e-04	3.315042e-02	0.000000e+00	-6.964876e+03	1.529597e+04
8.330000e-03	1.098558e+04	-2.759927e-04	3.316410e-02	0.000000e+00	-6.212894e+03	1.719847e+04
9.520000e-03	1.315649e+04	-3.154673e-04	3.318120e-02	0.000000e+00	-4.619793e+03	1.777628e+04
1.071000e-02	1.416734e+04	-3.549640e-04	3.320054e-02	0.000000e+00	-5.206619e+03	1.937396e+04
1.190000e-02	1.116185e+04	-3.944846e-04	3.321848e-02	0.000000e+00	-6.887336e+03	1.804919e+04
1.309000e-02	2.140180e+04	-4.340240e-04	3.324154e-02	0.000000e+00	-6.765252e+03	2.816706e+04
1.428000e-02	2.361051e+04	-4.735994e-04	3.327342e-02	0.000000e+00	-5.768859e+03	2.937937e+04
1.547000e-02	2.275416e+04	-5.132147e-04	3.330625e-02	0.000000e+00	-6.447562e+03	2.920172e+04
1.666000e-02	3.031271e+04	-5.528683e-04	3.334383e-02	0.000000e+00	-6.585819e+03	3.689853e+04
1.785000e-02	2.759385e+04	-5.925730e-04	3.338484e-02	0.000000e+00	-8.457060e+03	3.605091e+04
1.904000e-02	3.416845e+04	-6.323242e-04	3.342858e-02	0.000000e+00	-5.957498e+03	4.012595e+04
2.023000e-02	3.056560e+04	-6.721330e-04	3.347442e-02	0.000000e+00	-5.794941e+03	3.636054e+04
2.142000e-02	3.182176e+04	-7.119934e-04	3.351860e-02	0.000000e+00	-4.253030e+03	3.607479e+04
2.261000e-02	3.335129e+04	-7.519073e-04	3.356475e-02	0.000000e+00	-6.397776e+03	3.974907e+04
2.380000e-02	2.976493e+04	-7.918775e-04	3.360945e-02	0.000000e+00	-8.153146e+03	3.791807e+04
2.499000e-02	3.261298e+04	-8.318978e-04	3.365362e-02	0.000000e+00	-7.527643e+03	4.014062e+04
2.618000e-02	4.242876e+04	-8.719731e-04	3.370677e-02	0.000000e+00	-5.868326e+03	4.829709e+04
2.737000e-02	4.958345e+04	-9.121199e-04	3.377193e-02	0.000000e+00	-3.257776e+03	5.284123e+04
2.856000e-02	3.882502e+04	-9.523503e-04	3.383453e-02	0.000000e+00	-4.723505e+03	4.354853e+04
2.975000e-02	4.593510e+04	-9.926461e-04	3.389456e-02	0.000000e+00	-6.844884e+03	5.277999e+04
3.094000e-02	4.518460e+04	-1.033019e-03	3.395909e-02	0.000000e+00	-7.396016e+03	5.258061e+04
3.213000e-02	3.842850e+04	-1.073469e-03	3.401830e-02	0.000000e+00	-9.823174e+03	4.825167e+04
3.332000e-02	4.698691e+04	-1.113983e-03	3.407879e-02	0.000000e+00	-5.752632e+03	5.273954e+04
3.451000e-02	4.459005e+04	-1.154576e-03	3.414364e-02	0.000000e+00	-8.142562e+03	5.273261e+04
3.570000e-02	4.601483e+04	-1.195245e-03	3.420780e-02	0.000000e+00	-7.911211e+03	5.392604e+04
3.689000e-02	5.211510e+04	-1.235991e-03	3.427729e-02	0.000000e+00	-4.242810e+03	5.635791e+04
3.808000e-02	6.178855e+04	-1.276825e-03	3.435796e-02	0.000000e+00	-3.722002e+03	6.551055e+04
3.927000e-02	6.115834e+04	-1.317763e-03	3.444502e-02	0.000000e+00	-5.922577e+03	6.708091e+04
4.046000e-02	6.083193e+04	-1.358804e-03	3.453141e-02	0.000000e+00	-7.036491e+03	6.786842e+04
4.165000e-02	5.317903e+04	-1.399947e-03	3.461215e-02	0.000000e+00	-8.444924e+03	6.162395e+04
4.284000e-02	6.585683e+04	-1.441181e-03	3.469645e-02	0.000000e+00	-3.608364e+03	6.946519e+04
4.403000e-02	6.377383e+04	-1.482525e-03	3.478825e-02	0.000000e+00	-6.611876e+03	7.038571e+04
4.522000e-02	7.084105e+04	-1.523977e-03	3.488358e-02	0.000000e+00	-8.625233e+03	7.946628e+04
4.641000e-02	5.576749e+04	-1.565548e-03	3.497324e-02	0.000000e+00	-5.952048e+03	6.171954e+04
4.760000e-02	6.033830e+04	-1.607213e-03	3.505546e-02	0.000000e+00	-9.289120e+03	6.962742e+04
4.879000e-02	6.035764e+04	-1.648980e-03	3.514093e-02	0.000000e+00	-4.476355e+03	6.483399e+04
4.998000e-02	5.866547e+04	-1.690849e-03	3.522522e-02	0.000000e+00	-6.085111e+03	6.475059e+04
5.117000e-02	5.960906e+04	-1.732816e-03	3.530898e-02	0.000000e+00	-6.037995e+03	6.564706e+04
5.236000e-02	5.723184e+04	-1.774884e-03	3.539172e-02	0.000000e+00	-5.256416e+03	6.248825e+04
5.355000e-02	6.494821e+04	-1.817048e-03	3.547824e-02	0.000000e+00	-4.725289e+03	6.967350e+04
5.474000e-02	6.025113e+04	-1.859322e-03	3.556690e-02	0.000000e+00	-5.615054e+03	6.586618e+04
5.593000e-02	6.262565e+04	-1.901697e-03	3.565392e-02	0.000000e+00	-1.163504e+03	6.378915e+04
5.712000e-02	7.333408e+04	-1.944178e-03	3.575020e-02	0.000000e+00	-6.871680e+03	8.020576e+04
5.831000e-02	6.331355e+04	-1.986783e-03	3.584697e-02	0.000000e+00	-8.017720e+03	7.133127e+04
5.950000e-02	7.809791e+04	-2.029494e-03	3.594711e-02	0.000000e+00	-2.713929e+03	8.081184e+04
6.069000e-02	7.511361e+04	-2.072337e-03	3.605561e-02	0.000000e+00	-5.749830e+03	8.086344e+04
6.188000e-02	7.847522e+04	-2.115307e-03	3.616438e-02	0.000000e+00	-7.552002e+03	8.602722e+04
6.307000e-02	6.849199e+04	-2.158408e-03	3.626846e-02	0.000000e+00	-6.521852e+03	7.501384e+04
6.426000e-02	7.116657e+04	-2.201625e-03	3.636736e-02	0.000000e+00	-3.049748e+03	7.421632e+04
6.545000e-02	7.097223e+04	-2.244963e-03	3.646802e-02	0.000000e+00	-3.598229e+03	7.457046e+04
6.664000e-02	6.966253e+04	-2.288419e-03	3.656761e-02	0.000000e+00	-7.048906e+03	7.671143e+04
6.783000e-02	8.584968e+04	-2.331994e-03	3.667774e-02	0.000000e+00	-6.112000e+03	9.196168e+04
6.902000e-02	8.082238e+04	-2.375712e-03	3.679577e-02	0.000000e+00	-3.662649e+03	8.448503e+04
7.021000e-02	8.807405e+04	-2.419567e-03	3.691537e-02	0.000000e+00	-5.916016e+03	9.399007e+04
7.140000e-02	8.467112e+04	-2.463571e-03	3.703771e-02	0.000000e+00	-4.265244e+03	8.893636e+04
7.259000e-02	9.315838e+04	-2.507717e-03	3.716364e-02	0.000000e+00	-2.309585e+03	9.546797e+04
7.378000e-02	9.163192e+04	-2.552020e-03	3.729450e-02	0.000000e+00	-5.489863e+03	9.712179e+04
7.497000e-02	9.117265e+04	-2.596478e-03	3.742396e-02	0.000000e+00	-2.923258e+03	9.409591e+04
7.616000e-02	8.665982e+04	-2.641089e-03	3.754989e-02	0.000000e+00	-3.309790e+03	8.996961e+04
7.735000e-02	9.633717e+04	-2.685847e-03	3.767948e-02	0.000000e+00	-4.185337e+03	1.005225e+05
7.854000e-02	8.229091e+04	-2.730767e-03	3.780598e-02	0.000000e+00	-5.676357e+03	8.796727e+04
7.973000e-02	8.698373e+04	-2.775825e-03	3.792586e-02	0.000000e+00	-6.902684e+03	9.388641e+04
8.092000e-02	8.823255e+04	-2.821030e-03	3.804994e-02	0.000000e+00	-6.437478e+03	9.467002e+04
8.211000e-02	8.606671e+04	-2.866384e-03	3.817337e-02	0.000000e+00	-5.410377e+03	9.147708e+04
8.330000e-02	8.647688e+04	-2.911883e-03	3.829556e-02	0.000000e+00	-8.000133e+03	9.447702e+04
8.449000e-02	1.036901e+05	-2.957527e-03	3.843023e-02	0.000000e+00	-4.182933e+03	1.078730e+05
8.568000e-02	8.467169e+04	-3.003347e-03	3.856362e-02	0.000000e+00	-4.492116e+03	8.916380e+04
8.687000e-02	9.011394e+04	-3.049309e-03	3.868740e-02	0.000000e+00	-2.619302e+03	9.273325e+04
8.806000e-02	9.319276e+04	-3.095423e-03	3.881721e-02	0.000000e+00	-3.598003e+03	9.679076e+04
8.925000e-02	9.500017e+04	-3.141694e-03	3.895048e-02	0.000000e+00	-3.348744e+03	9.834891e+04
9.044000e-02	9.767205e+04	-3.188125e-03	3.908692e-02	0.000000e+00	-2.192301e+03	9.986435e+04
9.163000e-02	1.029773e+05	-3.234721e-03	3.922902e-02	0.000000e+00	-6.521630e+03	1.094990e+05
9.282000e-02	1.023123e+05	-3.281490e-03	3.937440e-02	0.000000e+00	-7.513417e+03	1.098257e+05
9.401000e-02	9.154374e+04	-3.328432e-03	3.951168e-02	0.000000e+00	-7.720891e+03	9.926463e+04
9.520000e-02	8.510566e+04	-3.375528e-03	3.963677e-02	0.000000e+00	-3.438582e+03	8.854424e+04
9.639000e-02	1.067178e+05	-3.422767e-03	3.977262e-02	0.000000e+00	-4.046908e+03	1.107647e+05
9.758000e-02	1.068868e+05	-3.470187e-03	3.992388e-02	0.000000e+00	-7.683661e+03	1.145705e+05
9.877000e-02	9.289166e+04	-3.517786e-03	4.006536e-02	0.000000e+00	-6.014455e+03	9.890612e+04
9.996000e-02	1.032491e+05	-3.565542e-03	4.020426e-02	0.000000e+00	-6.917562e+03	1.101667e+05
1.011500e-01	1.156033e+05	-3.613472e-03	4.035924e-02	0.000000e+00	-1.970785e+03	1.175741e+05
1.023400e-01	1.006077e+05	-3.661597e-03	4.051236e-02	0.000000e+00	-4.332108e+03	1.049398e+05
1.035300e-01	1.036360e+05	-3.709892e-03	4.065700e-02	0.000000e+00	-5.516698e+03	1.091527e+05
1.047200e-01	1.063202e+05	-3.758361e-03	4.080568e-02	0.000000e+00	-5.167860e+03	1.114880e+05
1.059100e-01	1.128591e+05	-3.807009e-03	4.096089e-02	0.000000e+00	-9.402529e+02	1.137993e+05
1.071000e-01	1.201979e+05	-3.855848e-03	4.112594e-02	0.000000e+00	-3.244172e+03	1.234421e+05
1.082900e-01	1.100865e+05	-3.904889e-03	4.128902e-02	0.000000e+00	-4.946047e+03	1.150326e+05
1.094800e-01	1.140090e+05	-3.954116e-03	4.144771e-02	0.000000e+00	-5.520505e+03	1.195295e+05
1.106700e-01	1.043390e+05	-4.003534e-03	4.160234e-02	0.000000e+00	-6.828544e+03	1.111675e+05
1.118600e-01	1.120406e+05	-4.053129e-03	4.175557e-02	0.000000e+00	-6.764582e+03	1.188052e+05
1.130500e-01	9.990795e+04	-4.102913e-03	4.190567e-02	0.000000e+00	-6.381222e+03	1.062892e+05
1.142400e-01	1.083868e+05	-4.152865e-03	4.205317e-02	0.000000e+00	-4.752146e+03	1.131390e+05
1.154300e-01	1.099344e+05	-4.202999e-03	4.220778e-02	0.000000e+00	-3.832384e+03	1.137668e+05
1.166200e-01	1.211951e+05	-4.253319e-03	4.237146e-02	0.000000e+00	-2.637692e+03	1.238327e+05
1.178100e-01	1.133988e+05	-4.303843e-03	4.253759e-02	0.000000e+00	-4.394128e+03	1.177929e+05
1.190000e-01	1.113701e+05	-4.354559e-03	4.269676e-02	0.000000e+00	-3.502211e+03	1.148723e+05
1.201900e-01	1.145941e+05	-4.405462e-03	4.285678e-02	0.000000e+00	-5.467162e+03	1.200613e+05
1.213800e-01	1.096906e+05	-4.456558e-03	4.301561e-02	0.000000e+00	-9.201765e+03	1.188924e+05
1.225700e-01	1.078406e+05	-4.507839e-03	4.316966e-02	0.000000e+00	-5.060880e+03	1.129015e+05
1.237600e-01	1.254630e+05	-4.559302e-03	4.333488e-02	0.000000e+00	-4.545337e+03	1.300083e+05
1.249500e-01	1.040913e+05	-4.610976e-03	4.349744e-02	0.000000e+00	-4.224122e+03	1.083154e+05
1.261400e-01	1.189579e+05	-4.662825e-03	4.365540e-02	0.000000e+00	-5.438423e+03	1.243964e+05
1.273300e-01	1.131034e+05	-4.714876e-03	4.381973e-02	0.000000e+00	-3.450826e+03	1.165542e+05
1.285200e-01	1.246357e+05	-4.767116e-03	4.398809e-02	0.000000e+00	-4.146102e+03	1.287818e+05
1.297100e-01	1.042934e+05	-4.819567e-03	4.415021e-02	0.000000e+00	-3.586783e+03	1.078802e+05
1.309000e-01	1.208867e+05	-4.872194e-03	4.430968e-02	0.000000e+00	-7.034184e+03	1.279209e+05
1.320900e-01	1.108292e+05	-4.925024e-03	4.447377e-02	0.000000e+00	-6.054471e+03	1.168837e+05
1.332800e-01	1.169485e+05	-4.978041e-03	4.463507e-02	0.000000e+00	-6.075431e+03	1.230240e+05
1.344700e-01	1.184934e+05	-5.031256e-03	4.480180e-02	0.000000e+00	-6.805453e+03	1.252989e+05
1.356600e-01	1.254237e+05	-5.084670e-03	4.497454e-02	0.000000e+00	-7.202395e+03	1.326261e+05
1.368500e-01	1.189945e+05	-5.138295e-03	4.514763e-02	0.000000e+00	-5.002003e+03	1.239965e+05
1.380400e-01	1.317862e+05	-5.192121e-03	4.532522e-02	0.000000e+00	-4.985573e+03	1.367718e+05
1.392300e-01	1.199361e+05	-5.246169e-03	4.550348e-02	0.000000e+00	-4.035862e+03	1.239719e+05
1.404200e-01	1.263407e+05	-5.300419e-03	4.567789e-02	0.000000e+00	-3.407634e+03	1.297483e+05
1.416100e-01	1.255272e+05	-5.354883e-03	4.585625e-02	0.000000e+00	-4.734520e+03	1.302617e+05
1.428000e-01	1.127656e+05	-5.409557e-03	4.602500e-02	0.000000e+00	-4.796678e+03	1.175622e+05
1.439900e-01	1.357111e+05	-5.464422e-03	4.620096e-02	0.000000e+00	-5.016730e+03	1.407278e+05
1.451800e-01	1.204505e+05	-5.519516e-03	4.638237e-02	0.000000e+00	-7.112960e+03	1.275635e+05
1.463700e-01	1.176612e+05	-5.574812e-03	4.655099e-02	0.000000e+00	-7.603537e+03	1.252647e+05
1.475600e-01	1.165305e+05	-5.630307e-03	4.671684e-02	0.000000e+00	-5.305145e+03	1.218356e+05
1.487500e-01	1.171148e+05	-5.685998e-03	4.688230e-02	0.000000e+00	-7.544725e+03	1.246595e+05
1.499400e-01	1.397634e+05	-5.741887e-03	4.706421e-02	0.000000e+00	-5.864806e+03	1.456282e+05
1.511300e-01	1.336244e+05	-5.798011e-03	4.725781e-02	0.000000e+00	-4.930726e+03	1.385552e+05
1.523200e-01	1.215959e+05	-5.854360e-03	4.743855e-02	0.000000e+00	-5.630905e+03	1.272268e+05
1.535100e-01	1.141761e+05	-5.910915e-03	4.760551e-02	0.000000e+00	-6.532669e+03	1.207088e+05
1.547000e-01	1.437391e+05	-5.967661e-03	4.778816e-02	0.000000e+00	-5.124270e+03	1.488634e+05
1.558900e-01	1.173013e+05	-6.024651e-03	4.797302e-02	0.000000e+00	-4.574428e+03	1.218757e+05
1.570800e-01	1.251639e+05	-6.081837e-03	4.814473e-02	0.000000e+00	-6.683321e+03	1.318472e+05
1.582700e-01	1.243529e+05	-6.139235e-03	4.832142e-02	0.000000e+00	-1.046514e+04	1.348180e+05
1.594600e-01	1.327515e+05	-6.196842e-03	4.850350e-02	0.000000e+00	-4.177642e+03	1.369291e+05
1.606500e-01	1.247325e+05	-6.254673e-03	4.868584e-02	0.000000e+00	-6.714272e+03	1.314468e+05
1.618400e-01	1.366920e+05	-6.312715e-03	4.887097e-02	0.000000e+00	-3.816172e+03	1.405081e+05
1.630300e-01	1.331633e+05	-6.370986e-03	4.906207e-02	0.000000e+00	-3.207645e+03	1.363709e+05
1.642200e-01	1.336417e+05	-6.429482e-03	4.925101e-02	0.000000e+00	-9.341986e+02	1.345759e+05
1.654100e-01	1.382842e+05	-6.488204e-03	4.944358e-02	0.000000e+00	-2.480468e+03	1.407646e+05
1.666000e-01	1.310457e+05	-6.547158e-03	4.963431e-02	0.000000e+00	-5.828164e+03	1.368739e+05
1.677900e-01	1.577542e+05	-6.606333e-03	4.983883e-02	0.000000e+00	-5.746462e+03	1.635007e+05
1.689800e-01	1.387123e+05	-6.665774e-03	5.004878e-02	0.000000e+00	-5.021111e+03	1.437334e+05
1.701700e-01	1.345326e+05	-6.725449e-03	5.024228e-02	0.000000e+00	-2.808997e+03	1.373416e+05
1.713600e-01	1.243287e+05	-6.785351e-03	5.042560e-02	0.000000e+00	-4.975348e+03	1.293041e+05
1.725500e-01	1.231359e+05	-6.845462e-03	5.060084e-02	0.000000e+00	-4.667192e+03	1.278031e+05
1.737400e-01	1.297960e+05	-6.905781e-03	5.077996e-02	0.000000e+00	-2.182310e+03	1.319783e+05
1.749300e-01	1.311084e+05	-6.966319e-03	5.096472e-02	0.000000e+00	-5.361582e+03	1.364700e+05
1.761200e-01	1.433524e+05	-7.027077e-03	5.115909e-02	0.000000e+00	-5.722262e+03	1.490747e+05
1.773100e-01	1.363966e+05	-7.088077e-03	5.135719e-02	0.000000e+00	-4.372286e+03	1.407689e+05
1.785000e-01	1.390956e+05	-7.149307e-03	5.155229e-02	0.000000e+00	-4.279849e+03	1.433754e+05
1.796900e-01	1.514727e+05	-7.210772e-03	5.175806e-02	0.000000e+00	-5.160354e+03	1.566331e+05
1.808800e-01	1.467407e+05	-7.272491e-03	5.196924e-02	0.000000e+00	-4.316089e+03	1.510568e+05
1.820700e-01	1.445036e+05	-7.334458e-03	5.217549e-02	0.000000e+00	-3.571815e+03	1.480755e+05
1.832600e-01	1.403460e+05	-7.396669e-03	5.237721e-02	0.000000e+00	-4.464656e+03	1.448107e+05
1.844500e-01	1.367765e+05	-7.459116e-03	5.257346e-02	0.000000e+00	-3.186085e+03	1.399626e+05
1.856400e-01	1.424497e+05	-7.521794e-03	5.277120e-02	0.000000e+00	-3.094700e+03	1.455444e+05
1.868300e-01	1.440404e+05	-7.584712e-03	5.297408e-02	0.000000e+00	-3.283837e+03	1.473242e+05
1.880200e-01	1.345830e+05	-7.647872e-03	5.317139e-02	0.000000e+00	-6.047297e+03	1.406303e+05
1.892100e-01	1.551665e+05	-7.711260e-03	5.337658e-02	0.000000e+00	-5.618887e+03	1.607854e+05
1.904000e-01	1.533700e+05	-7.774908e-03	5.359508e-02	0.000000e+00	-4.626372e+03	1.579964e+05
1.915900e-01	1.534394e+05	-7.838816e-03	5.381235e-02	0.000000e+00	-5.925498e+03	1.593649e+05
1.927800e-01	1.540929e+05	-7.902982e-03	5.403013e-02	0.000000e+00	-4.029010e+03	1.581219e+05
1.939700e-01	1.522104e+05	-7.967408e-03	5.424704e-02	0.000000e+00	-3.253340e+03	1.554638e+05
1.951600e-01	1.531791e+05	-8.032090e-03	5.446331e-02	0.000000e+00	-1.969040e+03	1.551482e+05
1.963500e-01	1.518894e+05	-8.097030e-03	5.467935e-02	0.000000e+00	-4.316732e+03	1.562061e+05
1.975400e-01	1.446785e+05	-8.162227e-03	5.488937e-02	0.000000e+00	-3.835450e+03	1.485139e+05
1.987300e-01	1.489963e+05	-8.227667e-03	5.509734e-02	0.000000e+00	-2.070998e+03	1.510673e+05
1.999200e-01	1.513634e+05	-8.293358e-03	5.531004e-02	0.000000e+00	-6.318020e+03	1.576814e+05
2.011100e-01	1.346933e+05	-8.359305e-03	5.551262e-02	0.000000e+00	-6.056489e+03	1.407498e+05
2.023000e-01	1.536198e+05	-8.425478e-03	5.571679e-02	0.000000e+00	-4.292106e+03	1.579119e+05
2.034900e-01	1.525232e+05	-8.491911e-03	5.593359e-02	0.000000e+00	-3.472940e+03	1.559962e+05
2.046800e-01	1.484003e+05	-8.558600e-03	5.614669e-02	0.000000e+00	-5.067898e+03	1.534682e+05
2.058700e-01	1.405295e+05	-8.625540e-03	5.635130e-02	0.000000e+00	-6.393703e+03	1.469232e+05
2.070600e-01	1.529421e+05	-8.692716e-03	5.655913e-02	0.000000e+00	-2.826706e+03	1.557688e+05
2.082500e-01	1.538270e+05	-8.760151e-03	5.677637e-02	0.000000e+00	-2.420300e+03	1.562473e+05
2.094400e-01	1.428089e+05	-8.827844e-03	5.698644e-02	0.000000e+00	-6.042233e+03	1.488511e+05
2.106300e-01	1.315187e+05	-8.895778e-03	5.718071e-02	0.000000e+00	-4.664973e+03	1.361837e+05
2.118200e-01	1.436859e+05	-8.963934e-03	5.737560e-02	0.000000e+00	-4.519488e+03	1.482053e+05
2.130100e-01	1.709301e+05	-9.032332e-03	5.759840e-02	0.000000e+00	-6.329418e+03	1.772595e+05
2.142000e-01	1.527589e+05	-9.101018e-03	5.782762e-02	0.000000e+00	-5.511306e+03	1.582702e+05
2.153900e-01	1.500654e+05	-9.169962e-03	5.804207e-02	0.000000e+00	-5.346182e+03	1.554116e+05
2.165800e-01	1.556334e+05	-9.239159e-03	5.825856e-02	0.000000e+00	-3.040793e+03	1.586742e+05
2.177700e-01	1.787032e+05	-9.308617e-03	5.849532e-02	0.000000e+00	-2.204736e+03	1.809080e+05
2.189600e-01	1.688191e+05	-9.378377e-03	5.874143e-02	0.000000e+00	-7.190519e+03	1.760096e+05
2.201500e-01	1.563304e+05	-9.448422e-03	5.897169e-02	0.000000e+00	-4.822690e+03	1.611531e+05
2.213400e-01	1.660213e+05	-9.518730e-03	5.919997e-02	0.000000e+00	-7.970873e+02	1.668184e+05
2.225300e-01	1.848798e+05	-9.589318e-03	5.944846e-02	0.000000e+00	-4.038937e+03	1.889187e+05
2.237200e-01	1.623364e+05	-9.660217e-03	5.969435e-02	0.000000e+00	-4.652466e+03	1.669888e+05
2.249100e-01	1.472527e+05	-9.731391e-03	5.991359e-02	0.000000e+00	-1.948715e+03	1.492015e+05
2.261000e-01	1.379816e+05	-9.802812e-03	6.011558e-02	0.000000e+00	-3.140364e+03	1.411220e+05
2.272900e-01	1.647442e+05	-9.874466e-03	6.032996e-02	0.000000e+00	-4.407380e+03	1.691515e+05
2.284800e-01	1.343284e+05	-9.946397e-03	6.054175e-02	0.000000e+00	-4.514813e+03	1.388432e+05
2.296700e-01	1.383001e+05	-1.001855e-02	6.073482e-02	0.000000e+00	-4.807904e+03	1.431080e+05
2.308600e-01	1.565287e+05	-1.009095e-02	6.094361e-02	0.000000e+00	-5.715998e+03	1.622447e+05
2.320500e-01	1.495533e+05	-1.016360e-02	6.116036e-02	0.000000e+00	-6.708747e+03	1.562620e+05
2.332400e-01	1.512192e+05	-1.023651e-02	6.137336e-02	0.000000e+00	-4.765954e+03	1.559851e+05
2.344300e-01	1.621825e+05	-1.030967e-02	6.159530e-02	0.000000e+00	-3.836153e+03	1.660186e+05
2.356200e-01	1.537367e+05	-1.038310e-02	6.181902e-02	0.000000e+00	-4.380366e+03	1.581171e+05
2.368100e-01	1.738961e+05	-1.045680e-02	6.205104e-02	0.000000e+00	-4.563834e+03	1.784599e+05
2.380000e-01	1.679920e+05	-1.053079e-02	6.229315e-02	0.000000e+00	-3.248463e+03	1.712405e+05
2.391900e-01	1.537719e+05	-1.060506e-02	6.252101e-02	0.000000e+00	-2.588116e+03	1.563600e+05
2.403800e-01	1.611827e+05	-1.067959e-02	6.274405e-02	0.000000e+00	-5.688099e+03	1.668708e+05
2.415700e-01	1.623673e+05	-1.075439e-02	6.297318e-02	0.000000e+00	-3.732559e+03	1.660999e+05
2.427600e-01	1.654628e+05	-1.082946e-02	6.320534e-02	0.000000e+00	-3.570330e+03	1.690331e+05
2.439500e-01	1.475371e+05	-1.090482e-02	6.342699e-02	0.000000e+00	-8.001611e+03	1.555387e+05
2.451400e-01	1.592640e+05	-1.098042e-02	6.364426e-02	0.000000e+00	-5.053637e+03	1.643177e+05
2.463300e-01	1.695050e+05	-1.105629e-02	6.387708e-02	0.000000e+00	-3.329315e+03	1.728343e+05
2.475200e-01	1.619421e+05	-1.113245e-02	6.411180e-02	0.000000e+00	-7.819022e+03	1.697611e+05
2.487100e-01	1.641372e+05	-1.120888e-02	6.434272e-02	0.000000e+00	-6.419302e+03	1.705565e+05
2.499000e-01	1.712829e+05	-1.128558e-02	6.458025e-02	0.000000e+00	-6.089819e+03	1.773727e+05
2.510900e-01	1.664752e+05	-1.136258e-02	6.481944e-02	0.000000e+00	-3.182290e+03	1.696575e+05
2.522800e-01	1.599926e+05	-1.143985e-02	6.505063e-02	0.000000e+00	-2.432053e+03	1.624247e+05
2.534700e-01	1.619093e+05	-1.151740e-02	6.527859e-02	0.000000e+00	-2.248714e+03	1.641581e+05
2.546600e-01	1.516840e+05	-1.159521e-02	6.550067e-02	0.000000e+00	-3.979114e+03	1.556631e+05
2.558500e-01	1.545309e+05	-1.167329e-02	6.571752e-02	0.000000e+00	-3.561805e+03	1.580927e+05
2.570400e-01	1.564733e+05	-1.175162e-02	6.593776e-02	0.000000e+00	-5.766784e+03	1.622400e+05
2.582300e-01	1.627689e+05	-1.183022e-02	6.616384e-02	0.000000e+00	-4.383721e+03	1.671526e+05
2.594200e-01	1.660020e+05	-1.190909e-02	6.639666e-02	0.000000e+00	-2.701051e+03	1.687031e+05
2.606100e-01	1.824187e+05	-1.198824e-02	6.664340e-02	0.000000e+00	-1.975343e+03	1.843940e+05
2.618000e-01	1.666985e+05	-1.206770e-02	6.689063e-02	0.000000e+00	-3.191250e+03	1.698897e+05
2.629900e-01	1.677707e+05	-1.214744e-02	6.712749e-02	0.000000e+00	-4.602094e+03	1.723728e+05
2.641800e-01	1.744084e+05	-1.222747e-02	6.736981e-02	0.000000e+00	-3.268969e+03	1.776773e+05
2.653700e-01	1.799780e+05	-1.230778e-02	6.762078e-02	0.000000e+00	-2.697751e+03	1.826757e+05
2.665600e-01	1.666996e+05	-1.238840e-02	6.786628e-02	0.000000e+00	-2.057279e+03	1.687569e+05
2.677500e-01	1.592753e+05	-1.246931e-02	6.809712e-02	0.000000e+00	-2.396813e+03	1.616721e+05
2.689400e-01	1.783020e+05	-1.255048e-02	6.833618e-02	0.000000e+00	-3.243289e+03	1.815453e+05
2.701300e-01	1.759532e+05	-1.263195e-02	6.858706e-02	0.000000e+00	-2.138189e+03	1.780914e+05
2.713200e-01	1.670776e+05	-1.271371e-02	6.882998e-02	0.000000e+00	-2.799737e+03	1.698774e+05
2.725100e-01	1.746490e+05	-1.279576e-02	6.907198e-02	0.000000e+00	-3.581537e+03	1.782305e+05
2.737000e-01	1.646653e+05	-1.287810e-02	6.931227e-02	0.000000e+00	-5.374568e+03	1.700399e+05
2.748900e-01	1.605696e+05	-1.296072e-02	6.954259e-02	0.000000e+00	-4.491981e+03	1.650615e+05
2.760800e-01	1.734288e+05	-1.304362e-02	6.977911e-02	0.000000e+00	-3.616086e+03	1.770449e+05
2.772700e-01	1.582409e+05	-1.312680e-02	7.001399e-02	0.000000e+00	-5.023751e+03	1.632647e+05
2.784600e-01	1.714302e+05	-1.321025e-02	7.024745e-02	0.000000e+00	-4.005900e+03	1.754361e+05
2.796500e-01	1.637630e+05	-1.329399e-02	7.048482e-02	0.000000e+00	-3.380878e+03	1.671439e+05
2.808400e-01	1.667219e+05	-1.337800e-02	7.071886e-02	0.000000e+00	-6.019883e+03	1.727418e+05
2.820300e-01	1.725413e+05	-1.346230e-02	7.095912e-02	0.000000e+00	-2.614109e+03	1.751554e+05
2.832200e-01	1.734582e+05	-1.354689e-02	7.120414e-02	0.000000e+00	-4.393625e+03	1.778518e+05
2.844100e-01	1.858988e+05	-1.363176e-02	7.145862e-02	0.000000e+00	-6.330833e+03	1.922296e+05
2.856000e-01	1.650537e+05	-1.371696e-02	7.170716e-02	0.000000e+00	-3.522355e+03	1.685761e+05
2.867900e-01	1.568471e+05	-1.380243e-02	7.193511e-02	0.000000e+00	-4.379245e+03	1.612263e+05
2.879800e-01	1.882299e+05	-1.388816e-02	7.217949e-02	0.000000e+00	-4.018286e+03	1.922482e+05
2.891700e-01	1.592797e+05	-1.397421e-02	7.242558e-02	0.000000e+00	-3.796478e+03	1.630762e+05
2.903600e-01	1.659859e+05	-1.406054e-02	7.265592e-02	0.000000e+00	-3.398181e+03	1.693841e+05
2.915500e-01	1.661022e+05	-1.414714e-02	7.289109e-02	0.000000e+00	-4.371893e+03	1.704741e+05
2.927400e-01	1.762486e+05	-1.423402e-02	7.313354e-02	0.000000e+00	-2.990080e+03	1.792387e+05
2.939300e-01	1.667931e+05	-1.432119e-02	7.337647e-02	0.000000e+00	-3.737041e+03	1.705301e+05
2.951200e-01	1.835261e+05	-1.440865e-02	7.362455e-02	0.000000e+00	-3.919251e+03	1.874453e+05
2.963100e-01	1.928930e+05	-1.449642e-02	7.389112e-02	0.000000e+00	-3.923965e+03	1.968169e+05
2.975000e-01	1.721345e+05	-1.458451e-02	7.414962e-02	0.000000e+00	-5.605985e+03	1.777405e+05
2.986900e-01	1.565478e+05	-1.467290e-02	7.438238e-02	0.000000e+00	-6.198605e+03	1.627464e+05
2.998800e-01	1.694774e+05	-1.476154e-02	7.461326e-02	0.000000e+00	-7.157642e+03	1.766351e+05
3.010700e-01	1.809345e+05	-1.485048e-02	7.486141e-02	0.000000e+00	-2.045724e+03	1.829803e+05
3.022600e-01	1.716248e+05	-1.493971e-02	7.511108e-02	0.000000e+00	-1.009310e+03	1.726341e+05
3.034500e-01	1.951026e+05	-1.502924e-02	7.537078e-02	0.000000e+00	-2.648051e+03	1.977507e+05
3.046400e-01	1.600717e+05	-1.511910e-02	7.562230e-02	0.000000e+00	-5.571093e+03	1.656427e+05
3.058300e-01	1.661361e+05	-1.520922e-02	7.585331e-02	0.000000e+00	-6.944951e+03	1.730810e+05
3.070200e-01	1.720076e+05	-1.529963e-02	7.609277e-02	0.000000e+00	-5.580147e+03	1.775877e+05
3.082100e-01	1.787802e+05	-1.539032e-02	7.634119e-02	0.000000e+00	-4.723046e+03	1.835032e+05
3.094000e-01	1.727256e+05	-1.548132e-02	7.659011e-02	0.000000e+00	-3.507985e+03	1.762336e+05
3.105900e-01	1.651058e+05	-1.557261e-02	7.682935e-02	0.000000e+00	-3.607915e+03	1.687137e+05
3.117800e-01	1.746020e+05	-1.566417e-02	7.706992e-02	0.000000e+00	-1.653473e+03	1.762555e+05
3.129700e-01	1.808775e+05	-1.575603e-02	7.732166e-02	0.000000e+00	-1.604526e+03	1.824820e+05
3.141600e-01	1.821337e+05	-1.584820e-02	7.757873e-02	0.000000e+00	-2.353442e+03	1.844871e+05
3.153500e-01	1.826281e+05	-1.594067e-02	7.783704e-02	0.000000e+00	-2.597402e+03	1.852255e+05
3.165400e-01	1.686809e+05	-1.603345e-02	7.808583e-02	0.000000e+00	-7.119219e+03	1.758001e+05
3.177300e-01	1.797982e+05	-1.612651e-02	7.833261e-02	0.000000e+00	-5.467747e+03	1.852659e+05
3.189200e-01	1.629093e+05	-1.621988e-02	7.857530e-02	0.000000e+00	-4.726833e+03	1.676361e+05
3.201100e-01	1.786310e+05	-1.631352e-02	7.881717e-02	0.000000e+00	-4.564515e+03	1.831955e+05
3.213000e-01	1.744000e+05	-1.640747e-02	7.906717e-02	0.000000e+00	-4.589367e+03	1.789894e+05
3.224900e-01	1.811319e+05	-1.650170e-02	7.931895e-02	0.000000e+00	-3.746070e+03	1.848780e+05
3.236800e-01	1.852483e+05	-1.659625e-02	7.957840e-02	0.000000e+00	-4.498539e+03	1.897469e+05
3.248700e-01	1.753658e+05	-1.669110e-02	7.983378e-02	0.000000e+00	-4.408902e+03	1.797747e+05
3.260600e-01	1.631328e+05	-1.678625e-02	8.007349e-02	0.000000e+00	-4.916218e+03	1.680490e+05
3.272500e-01	1.548244e+05	-1.688168e-02	8.029866e-02	0.000000e+00	-3.977374e+03	1.588017e+05
3.284400e-01	1.725930e+05	-1.697736e-02	8.053052e-02	0.000000e+00	-3.690603e+03	1.762836e+05
3.296300e-01	1.879247e+05	-1.707334e-02	8.078583e-02	0.000000e+00	-1.985077e+03	1.899098e+05
3.308200e-01	1.965973e+05	-1.716963e-02	8.105813e-02	0.000000e+00	-2.217978e+03	1.988153e+05
3.320100e-01	1.672641e+05	-1.726626e-02	8.131581e-02	0.000000e+00	-3.152835e+03	1.704169e+05
3.332000e-01	1.712102e+05	-1.736316e-02	8.155550e-02	0.000000e+00	-2.749546e+03	1.739598e+05
3.343900e-01	1.754989e+05	-1.746036e-02	8.180103e-02	0.000000e+00	-2.391666e+03	1.778906e+05
3.355800e-01	1.693820e+05	-1.755785e-02	8.204526e-02	0.000000e+00	-2.350710e+03	1.717328e+05
3.367700e-01	1.616304e+05	-1.765563e-02	8.227967e-02	0.000000e+00	-2.414233e+03	1.640446e+05
3.379600e-01	1.823959e+05	-1.775367e-02	8.252330e-02	0.000000e+00	-4.195430e+03	1.865913e+05
3.391500e-01	1.756797e+05	-1.785203e-02	8.277688e-02	0.000000e+00	-3.987942e+03	1.796677e+05
3.403400e-01	1.883385e+05	-1.795068e-02	8.303466e-02	0.000000e+00	-3.320577e+03	1.916591e+05
3.415300e-01	1.932124e+05	-1.804965e-02	8.330486e-02	0.000000e+00	-4.163808e+03	1.973762e+05
3.427200e-01	1.915603e+05	-1.814895e-02	8.357735e-02	0.000000e+00	-2.844365e+03	1.944046e+05
3.439100e-01	1.958175e+05	-1.824857e-02	8.385167e-02	0.000000e+00	-4.149926e+03	1.999675e+05
3.451000e-01	1.889229e+05	-1.834852e-02	8.412413e-02	0.000000e+00	-2.547197e+03	1.914701e+05
3.462900e-01	1.837375e+05	-1.844878e-02	8.438804e-02	0.000000e+00	-5.341527e+03	1.890790e+05
3.474800e-01	1.860919e+05	-1.854936e-02	8.464994e-02	0.000000e+00	-4.428868e+03	1.905208e+05
3.486700e-01	1.889268e+05	-1.865025e-02	8.491551e-02	0.000000e+00	-4.178164e+03	1.931049e+05
3.498600e-01	1.864116e+05	-1.875146e-02	8.518131e-02	0.000000e+00	-5.036990e+03	1.914486e+05
3.510500e-01	1.867587e+05	-1.885298e-02	8.544558e-02	0.000000e+00	-3.936994e+03	1.906957e+05
3.522400e-01	1.767350e+05	-1.895482e-02	8.570299e-02	0.000000e+00	-3.343439e+03	1.800784e+05
3.534300e-01	1.520604e+05	-1.905695e-02	8.593583e-02	0.000000e+00	-3.050679e+03	1.551110e+05
3.546200e-01	1.575353e+05	-1.915935e-02	8.615508e-02	0.000000e+00	-4.498005e+03	1.620333e+05
3.558100e-01	1.898808e+05	-1.926200e-02	8.640111e-02	0.000000e+00	-4.971902e+03	1.948527e+05
3.570000e-01	1.943923e+05	-1.936498e-02	8.667324e-02	0.000000e+00	-3.272497e+03	1.976648e+05
3.581900e-01	1.776152e+05	-1.946829e-02	8.693668e-02	0.000000e+00	-6.419510e+03	1.840347e+05
3.593800e-01	1.838289e+05	-1.957189e-02	8.719264e-02	0.000000e+00	-2.746310e+03	1.865752e+05
3.605700e-01	1.889837e+05	-1.967580e-02	8.745665e-02	0.000000e+00	-3.587514e+03	1.925712e+05
3.617600e-01	1.804589e+05	-1.978004e-02	8.771828e-02	0.000000e+00	-3.534067e+03	1.839929e+05
3.629500e-01	1.755873e+05	-1.988457e-02	8.797042e-02	0.000000e+00	-6.086297e+02	1.761960e+05
3.641400e-01	1.824673e+05	-1.998941e-02	8.822398e-02	0.000000e+00	-2.103682e+03	1.845710e+05
3.653300e-01	1.843367e+05	-2.009455e-02	8.848374e-02	0.000000e+00	-5.826733e+03	1.901634e+05
3.665200e-01	1.820428e+05	-2.020000e-02	8.874319e-02	0.000000e+00	-2.781688e+03	1.848245e+05
3.677100e-01	1.864333e+05	-2.030576e-02	8.900414e-02	0.000000e+00	-2.121519e+03	1.885548e+05
3.689000e-01	1.999166e+05	-2.041183e-02	8.927774e-02	0.000000e+00	-1.783081e+03	2.016997e+05
3.700900e-01	1.851204e+05	-2.051824e-02	8.955041e-02	0.000000e+00	-3.523368e+03	1.886438e+05
3.712800e-01	2.020772e+05	-2.062496e-02	8.982461e-02	0.000000e+00	-4.071815e+03	2.061490e+05
3.724700e-01	1.759800e+05	-2.073202e-02	9.009233e-02	0.000000e+00	-3.100727e+03	1.790807e+05
3.736600e-01	1.840516e+05	-2.083938e-02	9.034729e-02	0.000000e+00	-3.291267e+03	1.873428e+05
3.748500e-01	1.872291e+05	-2.094705e-02	9.061022e-02	0.000000e+00	-3.785399e+03	1.910145e+05
3.760400e-01	1.995253e+05	-2.105503e-02	9.088411e-02	0.000000e+00	-3.916855e+03	2.034422e+05
3.772300e-01	1.864848e+05	-2.116335e-02	9.115747e-02	0.000000e+00	-5.107503e+03	1.915923e+05
3.784200e-01	1.878128e+05	-2.127198e-02	9.142253e-02	0.000000e+00	-3.926195e+03	1.917390e+05
3.796100e-01	1.849381e+05	-2.138094e-02	9.168650e-02	0.000000e+00	-4.010504e+03	1.889486e+05
3.808000e-01	1.865534e+05	-2.149020e-02	9.194958e-02	0.000000e+00	-5.090652e+03	1.916440e+05
3.819900e-01	1.791983e+05	-2.159978e-02	9.220859e-02	0.000000e+00	-2.949311e+03	1.821476e+05
3.831800e-01	2.014970e+05	-2.170966e-02	9.247818e-02	0.000000e+00	-3.379058e+03	2.048761e+05
3.843700e-01	2.045765e+05	-2.181987e-02	9.276575e-02	0.000000e+00	-3.570843e+03	2.081473e+05
3.855600e-01	1.877772e+05	-2.193044e-02	9.304360e-02	0.000000e+00	-1.347425e+03	1.891246e+05
3.867500e-01	1.825464e+05	-2.204132e-02	9.330585e-02	0.000000e+00	-3.613423e+03	1.861598e+05
3.879400e-01	1.784500e+05	-2.215251e-02	9.356150e-02	0.000000e+00	-3.584122e+03	1.820341e+05
3.891300e-01	1.872159e+05	-2.226399e-02	9.382045e-02	0.000000e+00	-3.689325e+03	1.909052e+05
3.903200e-01	1.766235e+05	-2.237580e-02	9.407811e-02	0.000000e+00	-2.702383e+03	1.793259e+05
3.915100e-01	1.872044e+05	-2.248790e-02	9.433576e-02	0.000000e+00	-5.304935e+03	1.925094e+05
3.927000e-01	2.017789e+05	-2.260032e-02	9.461122e-02	0.000000e+00	-4.116553e+03	2.058955e+05
3.938900e-01	1.873385e+05	-2.271307e-02	9.488678e-02	0.000000e+00	-3.538043e+03	1.908766e+05
3.950800e-01	1.966869e+05	-2.282615e-02	9.515873e-02	0.000000e+00	-1.926975e+03	1.986139e+05
3.962700e-01	1.985706e+05	-2.293955e-02	9.543864e-02	0.000000e+00	-2.416616e+03	2.009872e+05
3.974600e-01	1.842945e+05	-2.305329e-02	9.570977e-02	0.000000e+00	-2.606751e+03	1.869013e+05
3.986500e-01	1.950520e+05	-2.316734e-02	9.597841e-02	0.000000e+00	-3.771029e+03	1.988231e+05
3.998400e-01	2.072398e+05	-2.328172e-02	9.626330e-02	0.000000e+00	-2.666760e+03	2.099065e+05
4.010300e-01	1.931122e+05	-2.339645e-02	9.654682e-02	0.000000e+00	-2.673240e+03	1.957854e+05
4.022200e-01	2.016144e+05	-2.351150e-02	9.682635e-02	0.000000e+00	-5.354031e+03	2.069684e+05
4.034100e-01	2.091600e+05	-2.362690e-02	9.711724e-02	0.000000e+00	-4.033543e+03	2.131936e+05
4.046000e-01	2.021075e+05	-2.374264e-02	9.740849e-02	0.000000e+00	-1.185804e+03	2.032933e+05
4.057900e-01	1.993012e+05	-2.385873e-02	9.769275e-02	0.000000e+00	-3.238851e+03	2.025401e+05
4.069800e-01	1.957950e+05	-2.397515e-02	9.797255e-02	0.000000e+00	-3.227599e+03	1.990226e+05
4.081700e-01	1.995034e+05	-2.409190e-02	9.825248e-02	0.000000e+00	-2.312841e+03	2.018162e+05
4.093600e-01	1.811320e+05	-2.420899e-02	9.852203e-02	0.000000e+00	-3.689364e+03	1.848214e+05
4.105500e-01	1.843512e+05	-2.432638e-02	9.878086e-02	0.000000e+00	-5.543586e+03	1.898948e+05
4.117400e-01	1.711484e+05	-2.444409e-02	9.903261e-02	0.000000e+00	-2.726128e+03	1.738745e+05
4.129300e-01	2.068597e+05	-2.456208e-02	9.930030e-02	0.000000e+00	-1.394022e+03	2.082538e+05
4.141200e-01	1.989561e+05	-2.468042e-02	9.958769e-02	0.000000e+00	-3.519263e+03	2.024754e+05
4.153100e-01	1.845577e+05	-2.479910e-02	9.985928e-02	0.000000e+00	-4.162093e+03	1.887198e+05
4.165000e-01	1.874846e+05	-2.491809e-02	1.001227e-01	0.000000e+00	-6.337742e+03	1.938223e+05
4.176900e-01	1.828031e+05	-2.503739e-02	1.003850e-01	0.000000e+00	-3.036584e+03	1.858397e+05
4.188800e-01	1.749284e+05	-2.515701e-02	1.006383e-01	0.000000e+00	-3.765520e+03	1.786939e+05
4.200700e-01	1.918716e+05	-2.527691e-02	1.008981e-01	0.000000e+00	-5.715254e+03	1.975868e+05
4.212600e-01	1.998466e+05	-2.539714e-02	1.011755e-01	0.000000e+00	-1.632115e+03	2.014787e+05
4.224500e-01	1.879844e+05	-2.551771e-02	1.014501e-01	0.000000e+00	-1.783851e+03	1.897682e+05
4.236400e-01	1.869453e+05	-2.563859e-02	1.017156e-01	0.000000e+00	-2.179584e+03	1.891249e+05
4.248300e-01	1.760081e+05	-2.575979e-02	1.019726e-01	0.000000e+00	-5.014478e+03	1.810226e+05
4.260200e-01	1.753301e+05	-2.588129e-02	1.022215e-01	0.000000e+00	-3.876102e+03	1.792062e+05
4.272100e-01	1.927539e+05	-2.600308e-02	1.024821e-01	0.000000e+00	-3.229423e+03	1.959833e+05
4.284000e-01	1.841500e+05	-2.612520e-02	1.027490e-01	0.000000e+00	-6.074439e+03	1.902244e+05
4.295900e-01	1.771741e+05	-2.624762e-02	1.030049e-01	0.000000e+00	-4.496377e+03	1.816705e+05
4.307800e-01	1.921990e+05	-2.637035e-02	1.032665e-01	0.000000e+00	-1.872123e+03	1.940711e+05
4.319700e-01	1.950324e+05	-2.649340e-02	1.035407e-01	0.000000e+00	-2.231253e+03	1.972637e+05
4.331600e-01	1.993761e+05	-2.661677e-02	1.038200e-01	0.000000e+00	-1.874471e+03	2.012505e+05
4.343500e-01	1.943671e+05	-2.674049e-02	1.040988e-01	0.000000e+00	-1.049862e+03	1.954170e+05
4.355400e-01	2.011840e+05	-2.686453e-02	1.043790e-01	0.000000e+00	-3.959298e+03	2.051433e+05
4.367300e-01	2.028438e+05	-2.698891e-02	1.046651e-01	0.000000e+00	-5.187070e+03	2.080309e+05
4.379200e-01	1.939806e+05	-2.711363e-02	1.049461e-01	0.000000e+00	-4.293158e+03	1.982737e+05
4.391100e-01	1.901733e+05	-2.723868e-02	1.052181e-01	0.000000e+00	-1.707840e+03	1.918811e+05
4.403000e-01	1.770053e+05	-2.736405e-02	1.054782e-01	0.000000e+00	-5.464642e+03	1.824699e+05
4.414900e-01	1.818674e+05	-2.748972e-02	1.057323e-01	0.000000e+00	-1.938606e+03	1.838060e+05
4.426800e-01	1.758948e+05	-2.761569e-02	1.059857e-01	0.000000e+00	-3.051529e+03	1.789463e+05
4.438700e-01	1.791205e+05	-2.774197e-02	1.062371e-01	0.000000e+00	-4.031304e+03	1.831518e+05
4.450600e-01	1.804270e+05	-2.786854e-02	1.064917e-01	0.000000e+00	-3.027808e+03	1.834548e+05
4.462500e-01	1.874541e+05	-2.799542e-02	1.067522e-01	0.000000e+00	-4.642213e+03	1.920963e+05
4.474400e-01	1.962050e+05	-2.812261e-02	1.070239e-01	0.000000e+00	-2.604932e+03	1.988100e+05
4.486300e-01	2.020270e+05	-2.825013e-02	1.073059e-01	0.000000e+00	-4.159989e+03	2.061870e+05
4.498200e-01	2.006893e+05	-2.837800e-02	1.075911e-01	0.000000e+00	-4.542689e+03	2.052320e+05
4.510100e-01	2.060468e+05	-2.850620e-02	1.078791e-01	0.000000e+00	-3.708752e+03	2.097555e+05
4.522000e-01	1.824859e+05	-2.863475e-02	1.081543e-01	0.000000e+00	-3.487251e+03	1.859732e+05
4.533900e-01	1.954398e+05	-2.876361e-02	1.084219e-01	0.000000e+00	-4.178428e+03	1.996183e+05
4.545800e-01	1.914942e+05	-2.889279e-02	1.086959e-01	0.000000e+00	-2.150875e+03	1.936450e+05
4.557700e-01	1.862554e+05	-2.902230e-02	1.089634e-01	0.000000e+00	-1.911405e+03	1.881668e+05
4.569600e-01	2.052777e+05	-2.915213e-02	1.092407e-01	0.000000e+00	-1.243052e+03	2.065207e+05
4.581500e-01	1.901608e+05	-2.928230e-02	1.095207e-01	0.000000e+00	-3.602412e+03	1.937632e+05
4.593400e-01	1.976878e+05	-2.941279e-02	1.097954e-01	0.000000e+00	-1.451311e+03	1.991392e+05
4.605300e-01	2.128157e+05	-2.954361e-02	1.100861e-01	0.000000e+00	-1.424279e+03	2.142399e+05
4.617200e-01	1.970774e+05	-2.967479e-02	1.103764e-01	0.000000e+00	-1.727543e+03	1.988050e+05
4.629100e-01	1.792049e+05	-2.980631e-02	1.106429e-01	0.000000e+00	-3.137845e+03	1.823428e+05
4.641000e-01	1.838278e+05	-2.993812e-02	1.108999e-01	0.000000e+00	-2.524387e+03	1.863522e+05
4.652900e-01	2.072983e+05	-3.007025e-02	1.111769e-01	0.000000e+00	-2.533883e+03	2.098322e+05
4.664800e-01	2.093553e+05	-3.020272e-02	1.114720e-01	0.000000e+00	-3.130955e+03	2.124862e+05
4.676700e-01	1.801257e+05	-3.033555e-02	1.117478e-01	0.000000e+00	-3.907648e+02	1.805164e+05
4.688600e-01	1.940995e+05	-3.046868e-02	1.120128e-01	0.000000e+00	-4.009495e+03	1.981090e+05
4.700500e-01	1.954468e+05	-3.060214e-02	1.122887e-01	0.000000e+00	-3.209593e+03	1.986564e+05
4.712400e-01	1.992182e+05	-3.073593e-02	1.125682e-01	0.000000e+00	-3.059023e+03	2.022772e+05
4.724300e-01	2.019205e+05	-3.087005e-02	1.128522e-01	0.000000e+00	-3.499918e+03	2.054204e+05
4.736200e-01	1.889328e+05	-3.100452e-02	1.131290e-01	0.000000e+00	-3.462247e+03	1.923951e+05
4.748100e-01	1.896693e+05	-3.113930e-02	1.133971e-01	0.000000e+00	-2.965559e+03	1.926348e+05
4.760000e-01	2.205976e+05	-3.127440e-02	1.136877e-01	0.000000e+00	-2.208417e+03	2.228060e+05
4.771900e-01	1.904231e+05	-3.140988e-02	1.139787e-01	0.000000e+00	-4.939683e+03	1.953628e+05
4.783800e-01	1.824788e+05	-3.154567e-02	1.142428e-01	0.000000e+00	-2.818443e+03	1.852973e+05
4.795700e-01	1.997191e+05	-3.168177e-02	1.145135e-01	0.000000e+00	-3.883603e+03	2.036027e+05
4.807600e-01	1.912788e+05	-3.181821e-02	1.147904e-01	0.000000e+00	-4.116058e+03	1.953949e+05
4.819500e-01	1.877151e+05	-3.195498e-02	1.150588e-01	0.000000e+00	-2.430205e+03	1.901453e+05
4.831400e-01	2.032452e+05	-3.209205e-02	1.153356e-01	0.000000e+00	-1.697231e+03	2.049424e+05
4.843300e-01	2.117535e+05	-3.222947e-02	1.156295e-01	0.000000e+00	-2.994781e+03	2.147483e+05
4.855200e-01	1.939687e+05	-3.236725e-02	1.159168e-01	0.000000e+00	-4.621881e+03	1.985906e+05
4.867100e-01	1.902302e+05	-3.250536e-02	1.161889e-01	0.000000e+00	-4.754770e+03	1.949850e+05
4.879000e-01	2.069084e+05	-3.264378e-02	1.164701e-01	0.000000e+00	-3.150866e+03	2.100593e+05
4.890900e-01	1.902830e+05	-3.278256e-02	1.167514e-01	0.000000e+00	-2.081114e+03	1.923641e+05
4.902800e-01	1.959673e+05	-3.292165e-02	1.170250e-01	0.000000e+00	-2.196603e+03	1.981639e+05
4.914700e-01	2.110807e+05	-3.306108e-02	1.173132e-01	0.000000e+00	-2.298268e+03	2.133790e+05
4.926600e-01	2.064833e+05	-3.320086e-02	1.176089e-01	0.000000e+00	-4.763374e+03	2.112467e+05
4.938500e-01	1.869662e+05	-3.334098e-02	1.178875e-01	0.000000e+00	-4.486731e+03	1.914530e+05
4.950400e-01	1.954357e+05	-3.348143e-02	1.181583e-01	0.000000e+00	-2.359579e+03	1.977953e+05
4.962300e-01	1.938765e+05	-3.362220e-02	1.184340e-01	0.000000e+00	-5.088555e+03	1.989651e+05
4.974200e-01	1.912708e+05	-3.376330e-02	1.187068e-01	0.000000e+00	-2.089481e+03	1.933603e+05
4.986100e-01	1.955651e+05	-3.390472e-02	1.189807e-01	0.000000e+00	-1.081125e+03	1.966462e+05
4.998000e-01	2.044001e+05	-3.404648e-02	1.192640e-01	0.000000e+00	-2.193132e+03	2.065932e+05
5.009900e-01	2.110974e+05	-3.418857e-02	1.195582e-01	0.000000e+00	-3.459937e+03	2.145574e+05
5.021800e-01	2.152600e+05	-3.433102e-02	1.198601e-01	0.000000e+00	-3.113105e+03	2.183731e+05
5.033700e-01	2.137878e+05	-3.447384e-02	1.201640e-01	0.000000e+00	-2.318926e+03	2.161067e+05
5.045600e-01	2.052020e+05	-3.461701e-02	1.204607e-01	0.000000e+00	-2.415362e+03	2.076173e+05
5.057500e-01	2.007318e+05	-3.476054e-02	1.207482e-01	0.000000e+00	-3.309878e+03	2.040417e+05
5.069400e-01	1.922463e+05	-3.490439e-02	1.210265e-01	0.000000e+00	-8.351235e+02	1.930814e+05
5.081300e-01	2.239044e+05	-3.504858e-02	1.213212e-01	0.000000e+00	-8.471995e+02	2.247516e+05
5.093200e-01	2.093034e+05	-3.519314e-02	1.216279e-01	0.000000e+00	-3.162717e+03	2.124662e+05
5.105100e-01	2.075939e+05	-3.533805e-02	1.219232e-01	0.000000e+00	-1.842908e+03	2.094368e+05
5.117000e-01	2.161199e+05	-3.548332e-02	1.222232e-01	0.000000e+00	-1.068297e+03	2.171882e+05
5.128900e-01	2.083300e+05	-3.562894e-02	1.225238e-01	0.000000e+00	-1.527363e+03	2.098574e+05
5.140800e-01	2.068004e+05	-3.577492e-02	1.228178e-01	0.000000e+00	-9.435920e+02	2.077439e+05
5.152700e-01	2.129648e+05	-3.592125e-02	1.231151e-01	0.000000e+00	-2.773534e+03	2.157383e+05
5.164600e-01	1.956870e+05	-3.606794e-02	1.234044e-01	0.000000e+00	-5.262626e+03	2.009496e+05
5.176500e-01	2.013009e+05	-3.621495e-02	1.236856e-01	0.000000e+00	-2.295483e+03	2.035964e+05
5.188400e-01	2.056529e+05	-3.636231e-02	1.239738e-01	0.000000e+00	-1.225568e+03	2.068785e+05
5.200300e-01	1.969798e+05	-3.651001e-02	1.242589e-01	0.000000e+00	-6.680586e+02	1.976479e+05
5.212200e-01	1.902285e+05	-3.665804e-02	1.245331e-01	0.000000e+00	-8.601403e+02	1.910886e+05
5.224100e-01	2.202535e+05	-3.680640e-02	1.248238e-01	0.000000e+00	-1.802477e+03	2.220560e+05
5.236000e-01	2.123810e+05	-3.695513e-02	1.251302e-01	0.000000e+00	-1.786344e+03	2.141673e+05
5.247900e-01	1.981660e+05	-3.710421e-02	1.254209e-01	0.000000e+00	-3.284765e+03	2.014508e+05
5.259800e-01	1.868469e+05	-3.725363e-02	1.256936e-01	0.000000e+00	-4.396007e+03	1.912429e+05
5.271700e-01	1.891677e+05	-3.740336e-02	1.259598e-01	0.000000e+00	-3.398628e+03	1.925663e+05
5.283600e-01	2.039446e+05	-3.755341e-02	1.262382e-01	0.000000e+00	-1.914643e+03	2.058592e+05
5.295500e-01	2.138290e+05	-3.770381e-02	1.265341e-01	0.000000e+00	-1.729362e+03	2.155583e+05
5.307400e-01	2.077946e+05	-3.785456e-02	1.268327e-01	0.000000e+00	-2.902895e+03	2.106975e+05
5.319300e-01	2.094581e+05	-3.800567e-02	1.271281e-01	0.000000e+00	-2.635675e+03	2.120938e+05
5.331200e-01	2.058196e+05	-3.815713e-02	1.274222e-01	0.000000e+00	-3.463194e+03	2.092828e+05
5.343100e-01	1.888611e+05	-3.830893e-02	1.277017e-01	0.000000e+00	-3.769906e+03	1.926310e+05
5.355000e-01	1.758990e+05	-3.846106e-02	1.279600e-01	0.000000e+00	-1.926293e+03	1.778253e+05
5.366900e-01	1.990020e+05	-3.861348e-02	1.282255e-01	0.000000e+00	-2.979803e+03	2.019818e+05
5.378800e-01	1.949870e+05	-3.876623e-02	1.285045e-01	0.000000e+00	-1.895174e+03	1.968822e+05
5.390700e-01	2.094939e+05	-3.891932e-02	1.287910e-01	0.000000e+00	-1.963437e+03	2.114574e+05
5.402600e-01	2.063549e+05	-3.907276e-02	1.290855e-01	0.000000e+00	-1.579472e+03	2.079344e+05
5.414500e-01	2.061394e+05	-3.922654e-02	1.293776e-01	0.000000e+00	-8.333813e+02	2.069727e+05
5.426400e-01	2.064389e+05	-3.938068e-02	1.296698e-01	0.000000e+00	-2.158771e+03	2.085977e+05
5.438300e-01	1.999866e+05	-3.953516e-02	1.299576e-01	0.000000e+00	-1.803903e+03	2.017905e+05
5.450200e-01	2.037140e+05	-3.968997e-02	1.302435e-01	0.000000e+00	-3.364274e+03	2.070782e+05
5.462100e-01	1.889832e+05	-3.984514e-02	1.305216e-01	0.000000e+00	-4.113804e+03	1.930970e+05
5.474000e-01	1.987579e+05	-4.000062e-02	1.307961e-01	0.000000e+00	-3.520835e+03	2.022787e+05
5.485900e-01	1.958933e+05	-4.015643e-02	1.310756e-01	0.000000e+00	-4.151425e+03	2.000447e+05
5.497800e-01	2.009433e+05	-4.031258e-02	1.313566e-01	0.000000e+00	-2.754730e+03	2.036980e+05
5.509700e-01	1.995875e+05	-4.046906e-02	1.316403e-01	0.000000e+00	-9.415619e+02	2.005291e+05
5.521600e-01	1.930813e+05	-4.062588e-02	1.319184e-01	0.000000e+00	-4.591982e+03	1.976733e+05
5.533500e-01	1.792016e+05	-4.078303e-02	1.321820e-01	0.000000e+00	-5.980385e+03	1.851820e+05
5.545400e-01	2.013728e+05	-4.094047e-02	1.324515e-01	0.000000e+00	-4.322447e+03	2.056952e+05
5.557300e-01	2.050370e+05	-4.109826e-02	1.327393e-01	0.000000e+00	-5.429714e+03	2.104667e+05
5.569200e-01	1.906625e+05	-4.125639e-02	1.330195e-01	0.000000e+00	-4.335888e+03	1.949984e+05
5.581100e-01	1.934864e+05	-4.141485e-02	1.332916e-01	0.000000e+00	-2.146318e+03	1.956328e+05
5.593000e-01	2.014698e+05	-4.157363e-02	1.335713e-01	0.000000e+00	-2.846671e+03	2.043164e+05
5.604900e-01	1.855789e+05	-4.173275e-02	1.338454e-01	0.000000e+00	-1.406190e+03	1.869851e+05
5.616800e-01	1.929151e+05	-4.189218e-02	1.341134e-01	0.000000e+00	-3.202967e+03	1.961180e+05
5.628700e-01	1.985447e+05	-4.205194e-02	1.343906e-01	0.000000e+00	-5.574441e+03	2.041191e+05
5.640600e-01	1.953461e+05	-4.221203e-02	1.346696e-01	0.000000e+00	-4.591699e+03	1.999378e+05
5.652500e-01	1.964673e+05	-4.237245e-02	1.349470e-01	0.000000e+00	-3.085775e+03	1.995531e+05
5.664400e-01	2.102125e+05	-4.253320e-02	1.352350e-01	0.000000e+00	-1.731900e+03	2.119444e+05
5.676300e-01	2.083303e+05	-4.269431e-02	1.355314e-01	0.000000e+00	-2.990280e+03	2.113206e+05
5.688200e-01	1.933823e+05	-4.285577e-02	1.358159e-01	0.000000e+00	-3.529608e+03	1.969119e+05
5.700100e-01	2.056204e+05	-4.301755e-02	1.360985e-01	0.000000e+00	-4.315975e+03	2.099364e+05
5.712000e-01	2.146478e+05	-4.317968e-02	1.363961e-01	0.000000e+00	-2.176247e+03	2.168241e+05
5.723900e-01	2.103186e+05	-4.334217e-02	1.366970e-01	0.000000e+00	-3.780420e+03	2.140990e+05
5.735800e-01	2.098842e+05	-4.350502e-02	1.369946e-01	0.000000e+00	-2.684601e+03	2.125688e+05
5.747700e-01	1.980693e+05	-4.366822e-02	1.372835e-01	0.000000e+00	-4.139746e+03	2.022091e+05
5.759600e-01	2.165088e+05	-4.383175e-02	1.375771e-01	0.000000e+00	-3.154830e+03	2.196636e+05
5.771500e-01	1.994630e+05	-4.399565e-02	1.378717e-01	0.000000e+00	-3.396210e+03	2.028592e+05
5.783400e-01	2.254666e+05	-4.415989e-02	1.381726e-01	0.000000e+00	-1.619242e+03	2.270858e+05
5.795300e-01	1.986253e+05	-4.432450e-02	1.384729e-01	0.000000e+00	-1.307898e+03	1.999332e+05
5.807200e-01	1.918074e+05	-4.448945e-02	1.387494e-01	0.000000e+00	-1.712881e+03	1.935203e+05
5.819100e-01	2.075937e+05	-4.465473e-02	1.390322e-01	0.000000e+00	-2.290829e+03	2.098845e+05
5.831000e-01	2.174427e+05	-4.482035e-02	1.393332e-01	0.000000e+00	-1.759688e+03	2.192024e+05
5.842900e-01	2.082935e+05	-4.498634e-02	1.396347e-01	0.000000e+00	-1.559621e+03	2.098531e+05
5.854800e-01	1.976423e+05	-4.515268e-02	1.399222e-01	0.000000e+00	-1.263511e+03	1.989058e+05
5.866700e-01	1.927543e+05	-4.531936e-02	1.401987e-01	0.000000e+00	-1.143636e+03	1.938979e+05
5.878600e-01	1.929606e+05	-4.548635e-02	1.404718e-01	0.000000e+00	-2.142257e+03	1.951029e+05
5.890500e-01	1.986930e+05	-4.565368e-02	1.407492e-01	0.000000e+00	-1.017248e+03	1.997103e+05
5.902400e-01	1.980507e+05	-4.582134e-02	1.410301e-01	0.000000e+00	-1.552295e+03	1.996030e+05
5.914300e-01	2.110732e+05	-4.598933e-02	1.413198e-01	0.000000e+00	-1.834661e+03	2.129079e+05
5.926200e-01	2.093247e+05	-4.615768e-02	1.416176e-01	0.000000e+00	-3.382684e+03	2.127074e+05
5.938100e-01	2.067426e+05	-4.632638e-02	1.419122e-01	0.000000e+00	-4.541051e+03	2.112837e+05
5.950000e-01	2.036377e+05	-4.649543e-02	1.422028e-01	0.000000e+00	-3.981086e+03	2.076188e+05
5.961900e-01	2.029373e+05	-4.666482e-02	1.424907e-01	0.000000e+00	-2.172537e+03	2.051098e+05
5.973800e-01	2.055337e+05	-4.683456e-02	1.427800e-01	0.000000e+00	-6.082690e+03	2.116164e+05
5.985700e-01	2.124104e+05	-4.700464e-02	1.430760e-01	0.000000e+00	-1.977891e+03	2.143883e+05
5.997600e-01	1.831904e+05	-4.717508e-02	1.433561e-01	0.000000e+00	-3.270351e+03	1.864608e+05
6.009500e-01	1.980883e+05	-4.734583e-02	1.436261e-01	0.000000e+00	-2.704019e+03	2.007923e+05
6.021400e-01	2.084936e+05	-4.751691e-02	1.439141e-01	0.000000e+00	-6.160386e+02	2.091097e+05
6.033300e-01	1.985212e+05	-4.768834e-02	1.442023e-01	0.000000e+00	-7.906878e+02	1.993119e+05
6.045200e-01	2.089143e+05	-4.786011e-02	1.444908e-01	0.000000e+00	-4.964833e+01	2.089640e+05
6.057100e-01	1.986453e+05	-4.803223e-02	1.447795e-01	0.000000e+00	-8.574903e+02	1.995028e+05
6.069000e-01	2.221851e+05	-4.820469e-02	1.450775e-01	0.000000e+00	-2.797002e+03	2.249821e+05
6.080900e-01	2.247544e+05	-4.837752e-02	1.453940e-01	0.000000e+00	-1.951819e+03	2.267063e+05
6.092800e-01	2.196959e+05	-4.855072e-02	1.457087e-01	0.000000e+00	-1.150529e+03	2.208465e+05
6.104700e-01	1.952856e+05	-4.872430e-02	1.460026e-01	0.000000e+00	-2.809771e+03	1.980954e+05
6.116600e-01	1.948699e+05	-4.889821e-02	1.462789e-01	0.000000e+00	-3.604955e+03	1.984749e+05
6.128500e-01	2.138379e+05	-4.907245e-02	1.465683e-01	0.000000e+00	-1.416894e+03	2.152548e+05
6.140400e-01	2.125813e+05	-4.924704e-02	1.468703e-01	0.000000e+00	-3.958461e+03	2.165398e+05
6.152300e-01	1.896982e+05	-4.942200e-02	1.471552e-01	0.000000e+00	-2.112814e+03	1.918111e+05
6.164200e-01	1.986999e+05	-4.959727e-02	1.474302e-01	0.000000e+00	-2.086474e+03	2.007863e+05
6.176100e-01	1.973989e+05	-4.977288e-02	1.477107e-01	0.000000e+00	-1.609823e+03	1.990087e+05
6.188000e-01	1.951112e+05	-4.994882e-02	1.479887e-01	0.000000e+00	-2.004019e+03	1.971153e+05
6.199900e-01	1.855714e+05	-5.012509e-02	1.482583e-01	0.000000e+00	-3.144810e+03	1.887163e+05
6.211800e-01	1.856095e+05	-5.030168e-02	1.485211e-01	0.000000e+00	-3.889500e+03	1.894990e+05
6.223700e-01	1.912674e+05	-5.047857e-02	1.487880e-01	0.000000e+00	-2.295952e+03	1.935633e+05
6.235600e-01	1.889048e+05	-5.065579e-02	1.490573e-01	0.000000e+00	-3.027462e+03	1.919323e+05
6.247500e-01	2.185511e+05	-5.083333e-02	1.493458e-01	0.000000e+00	-2.862820e+03	2.214139e+05
6.259400e-01	2.208024e+05	-5.101124e-02	1.496569e-01	0.000000e+00	-3.626927e+03	2.244294e+05
6.271300e-01	2.052524e+05	-5.118951e-02	1.499586e-01	0.000000e+00	-2.591326e+03	2.078437e+05
6.283200e-01	2.082668e+05	-5.136814e-02	1.502515e-01	0.000000e+00	-1.449059e+03	2.097158e+05
6.295100e-01	2.114501e+05	-5.154711e-02	1.505487e-01	0.000000e+00	-1.060425e+03	2.125105e+05
6.307000e-01	2.264510e+05	-5.172644e-02	1.508588e-01	0.000000e+00	-1.978835e+03	2.284299e+05
6.318900e-01	2.217244e+05	-5.190616e-02	1.511762e-01	0.000000e+00	-2.895500e+03	2.246199e+05
6.330800e-01	2.208916e+05	-5.208624e-02	1.514897e-01	0.000000e+00	-1.745796e+03	2.226374e+05
6.342700e-01	2.238715e+05	-5.226670e-02	1.518046e-01	0.000000e+00	-2.671314e+03	2.265428e+05
6.354600e-01	2.007572e+05	-5.244754e-02	1.521053e-01	0.000000e+00	-1.744761e+03	2.025019e+05
6.366500e-01	2.110255e+05	-5.262871e-02	1.523969e-01	0.000000e+00	-1.489837e+03	2.125153e+05
6.378400e-01	2.046603e+05	-5.281024e-02	1.526913e-01	0.000000e+00	-3.223658e+03	2.078840e+05
6.390300e-01	2.096498e+05	-5.299212e-02	1.529847e-01	0.000000e+00	-1.148317e+03	2.107981e+05
6.402200e-01	2.079452e+05	-5.317435e-02	1.532804e-01	0.000000e+00	-3.751402e+03	2.116966e+05
6.414100e-01	2.033015e+05	-5.335693e-02	1.535717e-01	0.000000e+00	-1.766346e+03	2.050678e+05
6.426000e-01	2.069361e+05	-5.353985e-02	1.538622e-01	0.000000e+00	-1.452181e+03	2.083882e+05
6.437900e-01	2.208316e+05	-5.372312e-02	1.541651e-01	0.000000e+00	-1.580866e+03	2.224125e+05
6.449800e-01	1.994735e+05	-5.390676e-02	1.544628e-01	0.000000e+00	-2.205052e+03	2.016785e+05
6.461700e-01	1.849620e+05	-5.409074e-02	1.547350e-01	0.000000e+00	-3.192065e+03	1.881541e+05
6.473600e-01	2.048079e+05	-5.427503e-02	1.550110e-01	0.000000e+00	-3.474897e+03	2.082828e+05
6.485500e-01	2.041709e+05	-5.445966e-02	1.553006e-01	0.000000e+00	-2.257663e+03	2.064286e+05
6.497400e-01	2.081147e+05	-5.464464e-02	1.555926e-01	0.000000e+00	-3.968153e+03	2.120828e+05
6.509300e-01	2.146170e+05	-5.482998e-02	1.558920e-01	0.000000e+00	-3.407507e+03	2.180245e+05
6.521200e-01	2.256378e+05	-5.501567e-02	1.562037e-01	0.000000e+00	-3.456706e+03	2.290946e+05
6.533100e-01	2.091606e+05	-5.520174e-02	1.565117e-01	0.000000e+00	-2.561928e+03	2.117226e+05
6.545000e-01	2.016969e+05	-5.538817e-02	1.568026e-01	0.000000e+00	-1.105095e+03	2.028020e+05
6.556900e-01	1.940492e+05	-5.557493e-02	1.570829e-01	0.000000e+00	-3.295619e+03	1.973448e+05
6.568800e-01	2.095537e+05	-5.576202e-02	1.573687e-01	0.000000e+00	-1.627289e+03	2.111809e+05
6.580700e-01	2.177915e+05	-5.594947e-02	1.576713e-01	0.000000e+00	-1.427920e+03	2.192194e+05
6.592600e-01	2.002618e+05	-5.613728e-02	1.579674e-01	0.000000e+00	-3.880517e+03	2.041423e+05
6.604500e-01	2.205978e+05	-5.632543e-02	1.582654e-01	0.000000e+00	-1.720675e+03	2.223184e+05
6.616400e-01	2.229219e+05	-5.651395e-02	1.585795e-01	0.000000e+00	-3.050987e+03	2.259728e+05
6.628300e-01	2.012789e+05	-5.670285e-02	1.588799e-01	0.000000e+00	-1.973303e+03	2.032522e+05
6.640200e-01	2.004051e+05	-5.689209e-02	1.591643e-01	0.000000e+00	-3.607624e+02	2.007658e+05
6.652100e-01	2.031233e+05	-5.708166e-02	1.594501e-01	0.000000e+00	-1.151346e+03	2.042746e+05
6.664000e-01	2.166443e+05	-5.727158e-02	1.597474e-01	0.000000e+00	-3.491296e+03	2.201356e+05
6.675900e-01	2.053965e+05	-5.746186e-02	1.600463e-01	0.000000e+00	-1.844159e+03	2.072406e+05
6.687800e-01	2.289740e+05	-5.765249e-02	1.603539e-01	0.000000e+00	-1.304181e+03	2.302781e+05
6.699700e-01	2.091932e+05	-5.784350e-02	1.606642e-01	0.000000e+00	-1.066881e+03	2.102601e+05
6.711600e-01	2.000588e+05	-5.803487e-02	1.609540e-01	0.000000e+00	-9.902823e+02	2.010491e+05
6.723500e-01	1.929702e+05	-5.822657e-02	1.612323e-01	0.000000e+00	-6.949480e+02	1.936652e+05
6.735400e-01	2.051642e+05	-5.841860e-02	1.615142e-01	0.000000e+00	-4.754762e+03	2.099189e+05
6.747300e-01	1.966132e+05	-5.861098e-02	1.617988e-01	0.000000e+00	-3.734518e+03	2.003477e+05
6.759200e-01	2.119400e+05	-5.880368e-02	1.620881e-01	0.000000e+00	-3.124700e+03	2.150647e+05
6.771100e-01	2.390296e+05	-5.899675e-02	1.624075e-01	0.000000e+00	-2.733714e+03	2.417633e+05
6.783000e-01	2.095993e+05	-5.919021e-02	1.627252e-01	0.000000e+00	-2.292823e+03	2.118921e+05
6.794900e-01	1.825290e+05	-5.938403e-02	1.630028e-01	0.000000e+00	-5.973555e+03	1.885025e+05
6.806800e-01	1.959380e+05	-5.957816e-02	1.632709e-01	0.000000e+00	-2.709398e+03	1.986474e+05
6.818700e-01	1.929978e+05	-5.977262e-02	1.635463e-01	0.000000e+00	-1.195011e+03	1.941928e+05
6.830600e-01	2.072822e+05	-5.996740e-02	1.638298e-01	0.000000e+00	-3.937729e+03	2.112199e+05
6.842500e-01	2.022021e+05	-6.016253e-02	1.641197e-01	0.000000e+00	-1.604530e+03	2.038066e+05
6.854400e-01	1.979677e+05	-6.035800e-02	1.644031e-01	0.000000e+00	-1.027231e+03	1.989950e+05
6.866300e-01	1.919948e+05	-6.055381e-02	1.646793e-01	0.000000e+00	-1.921558e+03	1.939163e+05
6.878200e-01	1.925791e+05	-6.074994e-02	1.649516e-01	0.000000e+00	-1.970833e+03	1.945499e+05
6.890100e-01	2.030146e+05	-6.094640e-02	1.652318e-01	0.000000e+00	-1.460656e+03	2.044752e+05
6.902000e-01	2.095293e+05	-6.114319e-02	1.655239e-01	0.000000e+00	-1.672953e+03	2.112022e+05
6.913900e-01	1.893266e+05	-6.134034e-02	1.658064e-01	0.000000e+00	-1.845168e+03	1.911718e+05
6.925800e-01	1.864617e+05	-6.153781e-02	1.660725e-01	0.000000e+00	-3.634231e+03	1.900959e+05
6.937700e-01	2.028093e+05	-6.173559e-02	1.663482e-01	0.000000e+00	-2.997062e+03	2.058064e+05
6.949600e-01	2.121573e+05	-6.193372e-02	1.666420e-01	0.000000e+00	-2.555701e+03	2.147130e+05
6.961500e-01	1.844079e+05	-6.213220e-02	1.669229e-01	0.000000e+00	-3.731471e+03	1.881393e+05
6.973400e-01	2.086005e+05	-6.233100e-02	1.672012e-01	0.000000e+00	-1.043418e+03	2.096439e+05
6.985300e-01	2.051695e+05	-6.253014e-02	1.674942e-01	0.000000e+00	-4.021138e+03	2.091906e+05
6.997200e-01	2.205301e+05	-6.272963e-02	1.677957e-01	0.000000e+00	-3.062979e+03	2.235931e+05
7.009100e-01	2.200634e+05	-6.292950e-02	1.681077e-01	0.000000e+00	-1.620810e+03	2.216842e+05
7.021000e-01	2.119850e+05	-6.312973e-02	1.684136e-01	0.000000e+00	-2.005708e+03	2.139907e+05
7.032900e-01	2.089394e+05	-6.333032e-02	1.687117e-01	0.000000e+00	-1.580960e+03	2.105203e+05
7.044800e-01	2.088059e+05	-6.353126e-02	1.690075e-01	0.000000e+00	-1.452214e+03	2.102581e+05
7.056700e-01	2.181806e+05	-6.373256e-02	1.693099e-01	0.000000e+00	-2.619275e+03	2.207999e+05
7.068600e-01	2.226697e+05	-6.393422e-02	1.696221e-01	0.000000e+00	-1.938127e+03	2.246079e+05
7.080500e-01	2.018783e+05	-6.413626e-02	1.699228e-01	0.000000e+00	-1.799383e+03	2.036777e+05
7.092400e-01	2.061365e+05	-6.433864e-02	1.702117e-01	0.000000e+00	-9.014964e+02	2.070380e+05
7.104300e-01	2.025865e+05	-6.454136e-02	1.705012e-01	0.000000e+00	-1.467504e+03	2.040540e+05
7.116200e-01	2.238983e+05	-6.474443e-02	1.708032e-01	0.000000e+00	-2.244920e+03	2.261433e+05
7.128100e-01	2.123441e+05	-6.494787e-02	1.711121e-01	0.000000e+00	-3.864949e+03	2.162091e+05
7.140000e-01	2.104057e+05	-6.515168e-02	1.714115e-01	0.000000e+00	-2.125925e+03	2.125316e+05
7.151900e-01	2.109197e+05	-6.535583e-02	1.717099e-01	0.000000e+00	-3.048480e+03	2.139682e+05
7.163800e-01	2.053223e+05	-6.556035e-02	1.720046e-01	0.000000e+00	-2.402829e+03	2.077251e+05
7.175700e-01	2.094485e+05	-6.576520e-02	1.722983e-01	0.000000e+00	-1.675373e+03	2.111239e+05
7.187600e-01	2.178523e+05	-6.597042e-02	1.726009e-01	0.000000e+00	-2.100014e+03	2.199523e+05
7.199500e-01	2.263250e+05	-6.617599e-02	1.729155e-01	0.000000e+00	-1.099479e+03	2.274244e+05
7.211400e-01	2.389091e+05	-6.638195e-02	1.732450e-01	0.000000e+00	-7.247337e+02	2.396338e+05
7.223300e-01	2.164457e+05	-6.658832e-02	1.735674e-01	0.000000e+00	-1.761609e+03	2.182073e+05
7.235200e-01	2.262906e+05	-6.679504e-02	1.738810e-01	0.000000e+00	-2.102650e+03	2.283933e+05
7.247100e-01	2.223109e+05	-6.700215e-02	1.741986e-01	0.000000e+00	-2.042399e+03	2.243533e+05
7.259000e-01	2.143184e+05	-6.720964e-02	1.745078e-01	0.000000e+00	-2.186425e+03	2.165048e+05
7.270900e-01	2.069744e+05	-6.741748e-02	1.748062e-01	0.000000e+00	-3.568735e+03	2.105432e+05
7.282800e-01	2.200316e+05	-6.762568e-02	1.751086e-01	0.000000e+00	-2.327351e+03	2.223590e+05
7.294700e-01	2.056257e+05	-6.783424e-02	1.754100e-01	0.000000e+00	-2.436105e+02	2.058693e+05
7.306600e-01	2.065128e+05	-6.804315e-02	1.757019e-01	0.000000e+00	-3.963752e+01	2.065524e+05
7.318500e-01	2.113696e+05	-6.825241e-02	1.759978e-01	0.000000e+00	-2.801526e+03	2.141711e+05
7.330400e-01	2.087690e+05	-6.846203e-02	1.762953e-01	0.000000e+00	-9.296571e+02	2.096986e+05
7.342300e-01	2.243694e+05	-6.867199e-02	1.766021e-01	0.000000e+00	-1.499569e+03	2.258689e+05
7.354200e-01	2.255177e+05	-6.888234e-02	1.769207e-01	0.000000e+00	-2.086894e+03	2.276046e+05
7.366100e-01	2.309534e+05	-6.909307e-02	1.772439e-01	0.000000e+00	-3.716091e+03	2.346695e+05
7.378000e-01	2.222920e+05	-6.930418e-02	1.775649e-01	0.000000e+00	-1.531667e+03	2.238237e+05
7.389900e-01	2.239677e+05	-6.951567e-02	1.778809e-01	0.000000e+00	-1.036024e+03	2.250037e+05
7.401800e-01	2.165454e+05	-6.972754e-02	1.781929e-01	0.000000e+00	-5.049181e+03	2.215946e+05
7.413700e-01	2.044597e+05	-6.993977e-02	1.784910e-01	0.000000e+00	-3.725108e+03	2.081848e+05
7.425600e-01	1.955711e+05	-7.015235e-02	1.787743e-01	0.000000e+00	-1.114056e+03	1.966852e+05
7.437500e-01	2.056254e+05	-7.036525e-02	1.790584e-01	0.000000e+00	-1.297463e+03	2.069229e+05
7.449400e-01	2.314537e+05	-7.057850e-02	1.793679e-01	0.000000e+00	-1.571186e+03	2.330249e+05
7.461300e-01	2.099258e+05	-7.079215e-02	1.796805e-01	0.000000e+00	-1.529634e+03	2.114554e+05
7.473200e-01	2.008713e+05	-7.100614e-02	1.799714e-01	0.000000e+00	-9.642073e+02	2.018355e+05
7.485100e-01	2.084215e+05	-7.122048e-02	1.802613e-01	0.000000e+00	-5.198630e+02	2.089414e+05
7.497000e-01	2.124551e+05	-7.143517e-02	1.805593e-01	0.000000e+00	-1.035808e+03	2.134909e+05
7.508900e-01	2.072189e+05	-7.165021e-02	1.808565e-01	0.000000e+00	-2.044979e+03	2.092638e+05
7.520800e-01	2.049187e+05	-7.186560e-02	1.811484e-01	0.000000e+00	-4.596278e+03	2.095150e+05
7.532700e-01	2.359231e+05	-7.208134e-02	1.814606e-01	0.000000e+00	-2.315293e+03	2.382384e+05
7.544600e-01	2.041544e+05	-7.229748e-02	1.817722e-01	0.000000e+00	-1.420654e+03	2.055751e+05
7.556500e-01	2.116359e+05	-7.251396e-02	1.820667e-01	0.000000e+00	-1.584729e+03	2.132206e+05
7.568400e-01	2.186140e+05	-7.273080e-02	1.823713e-01	0.000000e+00	-2.230144e+03	2.208441e+05
7.580300e-01	2.037823e+05	-7.294801e-02	1.826705e-01	0.000000e+00	-3.716773e+03	2.074991e+05
7.592200e-01	2.162821e+05	-7.316556e-02	1.829679e-01	0.000000e+00	-2.967172e+03	2.192493e+05
7.604100e-01	2.215673e+05	-7.338347e-02	1.832780e-01	0.000000e+00	-2.408533e+03	2.239758e+05
7.616000e-01	2.025711e+05	-7.360176e-02	1.835784e-01	0.000000e+00	-2.570395e+03	2.051415e+05
7.627900e-01	2.079098e+05	-7.382039e-02	1.838691e-01	0.000000e+00	-4.389485e+02	2.083488e+05
7.639800e-01	2.215051e+05	-7.403937e-02	1.841732e-01	0.000000e+00	-4.013877e+02	2.219065e+05
7.651700e-01	2.105372e+05	-7.425872e-02	1.844791e-01	0.000000e+00	-7.866851e+02	2.113238e+05
7.663600e-01	2.205458e+05	-7.447843e-02	1.847844e-01	0.000000e+00	-2.561565e+03	2.231074e+05
7.675500e-01	2.064949e+05	-7.469850e-02	1.850868e-01	0.000000e+00	-2.630677e+03	2.091255e+05
7.687400e-01	2.121198e+05	-7.491893e-02	1.853833e-01	0.000000e+00	-2.328030e+03	2.144479e+05
7.699300e-01	2.308286e+05	-7.513972e-02	1.856969e-01	0.000000e+00	-1.017206e+03	2.318458e+05
7.711200e-01	2.205206e+05	-7.536089e-02	1.860166e-01	0.000000e+00	-1.854898e+03	2.223755e+05
7.723100e-01	2.111686e+05	-7.558244e-02	1.863223e-01	0.000000e+00	-2.225753e+03	2.133943e+05
7.735000e-01	2.169552e+05	-7.580434e-02	1.866255e-01	0.000000e+00	-2.509983e+03	2.194652e+05
7.746900e-01	2.204445e+05	-7.602660e-02	1.869352e-01	0.000000e+00	-3.093532e+03	2.235380e+05
7.758800e-01	2.102528e+05	-7.624924e-02	1.872402e-01	0.000000e+00	-2.203270e+03	2.124561e+05
7.770700e-01	2.128287e+05	-7.647224e-02	1.875398e-01	0.000000e+00	-3.357505e+03	2.161862e+05
7.782600e-01	2.380630e+05	-7.669559e-02	1.878591e-01	0.000000e+00	-4.919225e+03	2.429823e+05
7.794500e-01	2.226216e+05	-7.691934e-02	1.881854e-01	0.000000e+00	-1.620447e+03	2.242421e+05
7.806400e-01	2.120413e+05	-7.714347e-02	1.884932e-01	0.000000e+00	-8.239961e+02	2.128653e+05
7.818300e-01	2.263270e+05	-7.736796e-02	1.888036e-01	0.000000e+00	-2.227179e+03	2.285542e+05
7.830200e-01	2.185004e+05	-7.759282e-02	1.891186e-01	0.000000e+00	-1.672942e+03	2.201734e+05
7.842100e-01	2.297887e+05	-7.781806e-02	1.894361e-01	0.000000e+00	-1.191490e+03	2.309802e+05
7.854000e-01	2.054694e+05	-7.804368e-02	1.897443e-01	0.000000e+00	-4.561483e+03	2.100309e+05
7.865900e-01	2.219572e+05	-7.826965e-02	1.900470e-01	0.000000e+00	-2.597608e+03	2.245548e+05
7.877800e-01	2.165394e+05	-7.849599e-02	1.903575e-01	0.000000e+00	-1.359282e+03	2.178987e+05
7.889700e-01	2.108924e+05	-7.872270e-02	1.906602e-01	0.000000e+00	-1.439969e+03	2.123324e+05
7.901600e-01	2.468820e+05	-7.894976e-02	1.909844e-01	0.000000e+00	-9.341149e+02	2.478161e+05
7.913500e-01	2.194570e+05	-7.917724e-02	1.913147e-01	0.000000e+00	-1.042145e+03	2.204992e+05
7.925400e-01	2.136332e+05	-7.940509e-02	1.916214e-01	0.000000e+00	-2.502062e+03	2.161352e+05
7.937300e-01	1.932074e+05	-7.963330e-02	1.919095e-01	0.000000e+00	-1.589292e+03	1.947967e+05
7.949200e-01	2.050871e+05	-7.986184e-02	1.921915e-01	0.000000e+00	-1.441754e+03	2.065288e+05
7.961100e-01	2.194776e+05	-8.009072e-02	1.924922e-01	0.000000e+00	-9.700907e+02	2.204477e+05
7.973000e-01	2.095894e+05	-8.031997e-02	1.927960e-01	0.000000e+00	-8.361284e+01	2.096730e+05
7.984900e-01	2.260950e+05	-8.054957e-02	1.931046e-01	0.000000e+00	-7.567233e+02	2.268517e+05
7.996800e-01	2.331509e+05	-8.077956e-02	1.934298e-01	0.000000e+00	-1.498338e+03	2.346492e+05
8.008700e-01	2.189659e+05	-8.100994e-02	1.937500e-01	0.000000e+00	-1.344061e+03	2.203100e+05
8.020600e-01	2.055836e+05	-8.124068e-02	1.940506e-01	0.000000e+00	-1.663167e+03	2.072467e+05
8.032500e-01	2.241339e+05	-8.147178e-02	1.943549e-01	0.000000e+00	-2.463992e+03	2.265979e+05
8.044400e-01	2.173108e+05	-8.170325e-02	1.946676e-01	0.000000e+00	-1.868368e+03	2.191791e+05
8.056300e-01	2.096525e+05	-8.193508e-02	1.949699e-01	0.000000e+00	-2.365293e+03	2.120178e+05
8.068200e-01	1.939668e+05	-8.216728e-02	1.952557e-01	0.000000e+00	-2.689995e+03	1.966568e+05
8.080100e-01	2.146213e+05	-8.239979e-02	1.955451e-01	0.000000e+00	-2.436608e+03	2.170579e+05
8.092000e-01	1.942910e+05	-8.263267e-02	1.958347e-01	0.000000e+00	-7.975414e+02	1.950885e+05
8.103900e-01	2.026304e+05	-8.286588e-02	1.961158e-01	0.000000e+00	-1.517655e+03	2.041481e+05
8.115800e-01	1.979585e+05	-8.309943e-02	1.963994e-01	0.000000e+00	-6.827126e+02	1.986412e+05
8.127700e-01	2.296392e+05	-8.333331e-02	1.967022e-01	0.000000e+00	-9.355313e+02	2.305748e+05
8.139600e-01	2.028019e+05	-8.356758e-02	1.970085e-01	0.000000e+00	-2.048460e+03	2.048504e+05
8.151500e-01	2.138226e+05	-8.380219e-02	1.973035e-01	0.000000e+00	-1.895742e+03	2.157183e+05
8.163400e-01	2.274508e+05	-8.403716e-02	1.976160e-01	0.000000e+00	-1.591032e+03	2.290419e+05
8.175300e-01	2.114572e+05	-8.427252e-02	1.979268e-01	0.000000e+00	-1.505775e+03	2.129630e+05
8.187200e-01	2.191964e+05	-8.450823e-02	1.982318e-01	0.000000e+00	-2.107493e+03	2.213039e+05
8.199100e-01	2.154626e+05	-8.474431e-02	1.985396e-01	0.000000e+00	-8.076522e+02	2.162702e+05
8.211000e-01	2.293352e+05	-8.498075e-02	1.988546e-01	0.000000e+00	-8.325320e+02	2.301677e+05
8.222900e-01	2.137513e+05	-8.521758e-02	1.991684e-01	0.000000e+00	-7.798374e+02	2.145312e+05
8.234800e-01	2.011075e+05	-8.545477e-02	1.994622e-01	0.000000e+00	-1.009868e+02	2.012085e+05
8.246700e-01	2.188951e+05	-8.569230e-02	1.997596e-01	0.000000e+00	0.000000e+00	2.188951e+05
8.258600e-01	2.122467e+05	-8.593020e-02	2.000649e-01	0.000000e+00	-1.084335e+03	2.133310e+05
8.270500e-01	2.030177e+05	-8.616846e-02	2.003590e-01	0.000000e+00	-2.354670e+03	2.053724e+05
8.282400e-01	2.149090e+05	-8.640706e-02	2.006550e-01	0.000000e+00	-2.312842e+03	2.172218e+05
8.294300e-01	2.118344e+05	-8.664602e-02	2.009572e-01	0.000000e+00	-1.552294e+03	2.133867e+05
8.306200e-01	2.132537e+05	-8.688533e-02	2.012582e-01	0.000000e+00	-1.410108e+03	2.146638e+05
8.318100e-01	2.174202e+05	-8.712501e-02	2.015632e-01	0.000000e+00	-3.415825e+03	2.208360e+05
8.330000e-01	2.282950e+05	-8.736505e-02	2.018788e-01	0.000000e+00	-4.749673e+02	2.287700e+05
8.341900e-01	2.276774e+05	-8.760548e-02	2.022017e-01	0.000000e+00	-1.147608e+03	2.288250e+05
8.353800e-01	2.106394e+05	-8.784629e-02	2.025121e-01	0.000000e+00	-1.373401e+03	2.120128e+05
8.365700e-01	2.363999e+05	-8.808746e-02	2.028287e-01	0.000000e+00	-3.423922e+02	2.367423e+05
8.377600e-01	2.354153e+05	-8.832903e-02	2.031628e-01	0.000000e+00	-3.382247e+03	2.387975e+05
8.389500e-01	2.121106e+05	-8.857099e-02	2.034798e-01	0.000000e+00	-2.238272e+03	2.143489e+05
8.401400e-01	2.079753e+05	-8.881331e-02	2.037772e-01	0.000000e+00	-8.980965e+02	2.088734e+05
8.413300e-01	2.091517e+05	-8.905598e-02	2.040726e-01	0.000000e+00	-9.199838e+02	2.100716e+05
8.425200e-01	2.119638e+05	-8.929900e-02	2.043709e-01	0.000000e+00	-1.180207e+03	2.131440e+05
8.437100e-01	2.318406e+05	-8.954238e-02	2.046851e-01	0.000000e+00	-1.029232e+03	2.328698e+05
8.449000e-01	2.088597e+05	-8.978615e-02	2.049972e-01	0.000000e+00	-8.668314e+02	2.097265e+05
8.460900e-01	2.276707e+05	-9.003027e-02	2.053064e-01	0.000000e+00	-8.122506e+02	2.284829e+05
8.472800e-01	2.082686e+05	-9.027478e-02	2.056151e-01	0.000000e+00	-3.113571e+03	2.113822e+05
8.484700e-01	2.012850e+05	-9.051964e-02	2.059051e-01	0.000000e+00	-5.313201e+02	2.018163e+05
8.496600e-01	1.925276e+05	-9.076483e-02	2.061840e-01	0.000000e+00	-3.103102e+03	1.956307e+05
8.508500e-01	2.112470e+05	-9.101036e-02	2.064699e-01	0.000000e+00	-2.583545e+03	2.138305e+05
8.520400e-01	2.234437e+05	-9.125623e-02	2.067778e-01	0.000000e+00	-1.232871e+03	2.246766e+05
8.532300e-01	2.074200e+05	-9.150249e-02	2.070829e-01	0.000000e+00	-1.517790e+03	2.089378e+05
8.544200e-01	2.055408e+05	-9.174909e-02	2.073753e-01	0.000000e+00	-2.481042e+03	2.080219e+05
8.556100e-01	2.239771e+05	-9.199604e-02	2.076795e-01	0.000000e+00	-3.456570e+03	2.274337e+05
8.568000e-01	2.101279e+05	-9.224337e-02	2.079869e-01	0.000000e+00	-3.336743e+03	2.134647e+05
8.579900e-01	2.367186e+05	-9.249105e-02	2.083034e-01	0.000000e+00	-5.873778e+02	2.373059e+05
8.591800e-01	2.258214e+05	-9.273913e-02	2.086309e-01	0.000000e+00	-2.924942e+02	2.261139e+05
8.603700e-01	2.208074e+05	-9.298759e-02	2.089472e-01	0.000000e+00	-3.116888e+03	2.239243e+05
8.615600e-01	2.070628e+05	-9.323642e-02	2.092502e-01	0.000000e+00	-5.254199e+03	2.123170e+05
8.627500e-01	2.226811e+05	-9.348561e-02	2.095545e-01	0.000000e+00	-1.935466e+03	2.246165e+05
8.639400e-01	2.372141e+05	-9.373516e-02	2.098802e-01	0.000000e+00	-3.253218e+02	2.375394e+05
8.651300e-01	2.130942e+05	-9.398512e-02	2.101991e-01	0.000000e+00	-1.326277e+03	2.144205e+05
8.663200e-01	2.162554e+05	-9.423544e-02	2.105032e-01	0.000000e+00	-2.030337e+03	2.182858e+05
8.675100e-01	2.385402e+05	-9.448612e-02	2.108252e-01	0.000000e+00	-3.881081e+03	2.424213e+05
8.687000e-01	2.088726e+05	-9.473720e-02	2.111421e-01	0.000000e+00	-4.376977e+03	2.132496e+05
8.698900e-01	2.104195e+05	-9.498864e-02	2.114390e-01	0.000000e+00	-3.704328e+03	2.141239e+05
8.710800e-01	2.190545e+05	-9.524043e-02	2.117431e-01	0.000000e+00	-2.141720e+03	2.211963e+05
8.722700e-01	2.247354e+05	-9.549259e-02	2.120574e-01	0.000000e+00	-1.951555e+03	2.266870e+05
8.734600e-01	2.206396e+05	-9.574512e-02	2.123728e-01	0.000000e+00	-4.683445e+03	2.253230e+05
8.746500e-01	2.177781e+05	-9.599803e-02	2.126833e-01	0.000000e+00	-1.490341e+03	2.192684e+05
8.758400e-01	2.189660e+05	-9.625131e-02	2.129926e-01	0.000000e+00	-6.796522e+02	2.196457e+05
8.770300e-01	2.160023e+05	-9.650496e-02	2.133006e-01	0.000000e+00	-1.202319e+03	2.172046e+05
8.782200e-01	2.063797e+05	-9.675896e-02	2.135997e-01	0.000000e+00	-1.407674e+03	2.077874e+05
8.794100e-01	2.167889e+05	-9.701332e-02	2.138994e-01	0.000000e+00	-5.360582e+02	2.173250e+05
8.806000e-01	2.203895e+05	-9.726805e-02	2.142090e-01	0.000000e+00	0.000000e+00	2.203895e+05
8.817900e-01	2.266747e+05	-9.752314e-02	2.145256e-01	0.000000e+00	-1.453629e+03	2.281283e+05
8.829800e-01	2.116971e+05	-9.777862e-02	2.148360e-01	0.000000e+00	-3.591458e+03	2.152885e+05
8.841700e-01	2.105389e+05	-9.803445e-02	2.151350e-01	0.000000e+00	-8.372659e+02	2.113762e+05
8.853600e-01	2.368400e+05	-9.829064e-02	2.154519e-01	0.000000e+00	-6.846323e+02	2.375246e+05
8.865500e-01	2.180090e+05	-9.854723e-02	2.157740e-01	0.000000e+00	-2.534848e+03	2.205439e+05
8.877400e-01	2.046667e+05	-9.880418e-02	2.160733e-01	0.000000e+00	-3.407804e+03	2.080745e+05
8.889300e-01	2.199956e+05	-9.906148e-02	2.163740e-01	0.000000e+00	-9.540462e+01	2.200910e+05
8.901200e-01	2.472071e+05	-9.931915e-02	2.167049e-01	0.000000e+00	-2.313032e+03	2.495202e+05
8.913100e-01	2.316430e+05	-9.957724e-02	2.170440e-01	0.000000e+00	-2.079768e+02	2.318510e+05
8.925000e-01	2.196424e+05	-9.983571e-02	2.173636e-01	0.000000e+00	-8.849128e+02	2.205273e+05
8.936900e-01	2.238221e+05	-1.000946e-01	2.176776e-01	0.000000e+00	-1.288108e+03	2.251102e+05
8.948800e-01	2.078645e+05	-1.003538e-01	2.179833e-01	0.000000e+00	-2.184743e+03	2.100493e+05
8.960700e-01	2.192966e+05	-1.006134e-01	2.182858e-01	0.000000e+00	-6.842524e+02	2.199809e+05
8.972600e-01	2.130167e+05	-1.008733e-01	2.185920e-01	0.000000e+00	-1.048234e+03	2.140649e+05
8.984500e-01	2.082899e+05	-1.011336e-01	2.188903e-01	0.000000e+00	-1.472775e+03	2.097626e+05
8.996400e-01	2.088827e+05	-1.013943e-01	2.191857e-01	0.000000e+00	-5.222053e+02	2.094049e+05
9.008300e-01	2.204915e+05	-1.016553e-01	2.194898e-01	0.000000e+00	-2.990898e+03	2.234824e+05
9.020200e-01	2.197407e+05	-1.019167e-01	2.198016e-01	0.000000e+00	-1.059260e+03	2.207999e+05
9.032100e-01	2.092556e+05	-1.021784e-01	2.201054e-01	0.000000e+00	-2.820035e+03	2.120756e+05
9.044000e-01	2.106447e+05	-1.024405e-01	2.204027e-01	0.000000e+00	-1.010963e+03	2.116557e+05
9.055900e-01	1.903473e+05	-1.027030e-01	2.206867e-01	0.000000e+00	-4.331966e+02	1.907805e+05
9.067800e-01	2.118072e+05	-1.029657e-01	2.209715e-01	0.000000e+00	-3.132517e+03	2.149397e+05
9.079700e-01	2.333036e+05	-1.032289e-01	2.212867e-01	0.000000e+00	-2.969190e+03	2.362728e+05
9.091600e-01	2.364054e+05	-1.034924e-01	2.216193e-01	0.000000e+00	-3.104795e+03	2.395102e+05
9.103500e-01	2.135846e+05	-1.037563e-01	2.219380e-01	0.000000e+00	-7.361205e+02	2.143207e+05
9.115400e-01	2.138863e+05	-1.040206e-01	2.222407e-01	0.000000e+00	-9.390039e+02	2.148253e+05
9.127300e-01	2.213832e+05	-1.042853e-01	2.225490e-01	0.000000e+00	-1.370368e+03	2.227536e+05
9.139200e-01	2.039813e+05	-1.045503e-01	2.228502e-01	0.000000e+00	-2.921750e+03	2.069030e+05
9.151100e-01	2.266688e+05	-1.048156e-01	2.231552e-01	0.000000e+00	-3.594445e+02	2.270282e+05
9.163000e-01	2.051432e+05	-1.050814e-01	2.234610e-01	0.000000e+00	-1.066701e+03	2.062099e+05
9.174900e-01	2.040016e+05	-1.053475e-01	2.237507e-01	0.000000e+00	-2.303612e+03	2.063052e+05
9.186800e-01	1.919544e+05	-1.056139e-01	2.240311e-01	0.000000e+00	-2.318816e+03	1.942732e+05
9.198700e-01	2.199779e+05	-1.058807e-01	2.243228e-01	0.000000e+00	-2.029142e+03	2.220071e+05
9.210600e-01	2.183953e+05	-1.061478e-01	2.246333e-01	0.000000e+00	-1.530753e+03	2.199260e+05
9.222500e-01	2.361255e+05	-1.064153e-01	2.249551e-01	0.000000e+00	-1.394064e+03	2.375196e+05
9.234400e-01	2.346332e+05	-1.066832e-01	2.252885e-01	0.000000e+00	-2.812817e+02	2.349145e+05
9.246300e-01	2.184513e+05	-1.069515e-01	2.256094e-01	0.000000e+00	-7.153623e+02	2.191667e+05
9.258200e-01	2.075727e+05	-1.072201e-01	2.259111e-01	0.000000e+00	-8.314636e+02	2.084042e+05
9.270100e-01	2.279741e+05	-1.074892e-01	2.262195e-01	0.000000e+00	-9.303250e+02	2.289044e+05
9.282000e-01	2.211832e+05	-1.077585e-01	2.265376e-01	0.000000e+00	-1.724530e+03	2.229077e+05
9.293900e-01	2.403425e+05	-1.080283e-01	2.268644e-01	0.000000e+00	-6.981331e+02	2.410406e+05
9.305800e-01	2.189907e+05	-1.082985e-01	2.271897e-01	0.000000e+00	-1.422031e+02	2.191329e+05
9.317700e-01	2.130131e+05	-1.085690e-01	2.274956e-01	0.000000e+00	-1.719160e+02	2.131851e+05
9.329600e-01	2.041314e+05	-1.088399e-01	2.277910e-01	0.000000e+00	-2.811087e+03	2.069425e+05
9.341500e-01	2.174667e+05	-1.091112e-01	2.280896e-01	0.000000e+00	-2.333432e+03	2.198001e+05
9.353400e-01	2.353739e+05	-1.093828e-01	2.284103e-01	0.000000e+00	-2.246590e+03	2.376205e+05
9.365300e-01	2.303047e+05	-1.096548e-01	2.287401e-01	0.000000e+00	-1.449641e+03	2.317543e+05
9.377200e-01	2.313483e+05	-1.099272e-01	2.290670e-01	0.000000e+00	-1.932145e+03	2.332805e+05
9.389100e-01	1.954408e+05	-1.102000e-01	2.293692e-01	0.000000e+00	-1.870866e+03	1.973117e+05
9.401000e-01	2.030729e+05	-1.104731e-01	2.296514e-01	0.000000e+00	-6.297008e+02	2.037026e+05
9.412900e-01	2.107349e+05	-1.107465e-01	2.299445e-01	0.000000e+00	-2.092493e+02	2.109442e+05
9.424800e-01	2.059300e+05	-1.110203e-01	2.302395e-01	0.000000e+00	-1.757179e+03	2.076871e+05
9.436700e-01	2.108376e+05	-1.112945e-01	2.305347e-01	0.000000e+00	-2.393125e+03	2.132307e+05
9.448600e-01	2.307192e+05	-1.115690e-01	2.308474e-01	0.000000e+00	-6.824638e+02	2.314017e+05
9.460500e-01	2.130299e+05	-1.118439e-01	2.311616e-01	0.000000e+00	-6.031061e+02	2.136330e+05
9.472400e-01	2.284807e+05	-1.121192e-01	2.314743e-01	0.000000e+00	-1.189490e+03	2.296702e+05
9.484300e-01	2.101323e+05	-1.123948e-01	2.317849e-01	0.000000e+00	-7.284120e+02	2.108607e+05
9.496200e-01	2.115043e+05	-1.126708e-01	2.320835e-01	0.000000e+00	0.000000e+00	2.115043e+05
9.508100e-01	2.284621e+05	-1.129472e-01	2.323951e-01	0.000000e+00	-1.659167e+03	2.301212e+05
9.520000e-01	2.289515e+05	-1.132239e-01	2.327190e-01	0.000000e+00	-2.263421e+03	2.312149e+05
9.531900e-01	2.325213e+05	-1.135011e-01	2.330458e-01	0.000000e+00	-4.284068e+02	2.329497e+05
9.543800e-01	2.306243e+05	-1.137786e-01	2.333738e-01	0.000000e+00	-2.353044e+03	2.329774e+05
9.555700e-01	2.061112e+05	-1.140565e-01	2.336830e-01	0.000000e+00	-8.589868e+02	2.069702e+05
9.567600e-01	2.236294e+05	-1.143347e-01	2.339874e-01	0.000000e+00	-3.909832e+02	2.240204e+05
9.579500e-01	2.173180e+05	-1.146134e-01	2.342996e-01	0.000000e+00	-4.493529e+02	2.177674e+05
9.591400e-01	2.305926e+05	-1.148924e-01	2.346168e-01	0.000000e+00	0.000000e+00	2.305926e+05
9.603300e-01	2.311391e+05	-1.151718e-01	2.349438e-01	0.000000e+00	-5.147689e+00	2.311443e+05
9.615200e-01	2.225894e+05	-1.154515e-01	2.352651e-01	0.000000e+00	-1.431754e+03	2.240212e+05
9.627100e-01	2.108688e+05	-1.157317e-01	2.355721e-01	0.000000e+00	-2.437704e+02	2.111126e+05
9.639000e-01	2.351127e+05	-1.160122e-01	2.358879e-01	0.000000e+00	0.000000e+00	2.351127e+05
9.650900e-01	2.132138e+05	-1.162931e-01	2.362054e-01	0.000000e+00	0.000000e+00	2.132138e+05
9.662800e-01	2.257627e+05	-1.165744e-01	2.365163e-01	0.000000e+00	-2.207821e+02	2.259835e+05
9.674700e-01	2.259861e+05	-1.168560e-01	2.368362e-01	0.000000e+00	-2.165415e+03	2.281515e+05
9.686600e-01	2.239052e+05	-1.171380e-01	2.371548e-01	0.000000e+00	-2.288865e+03	2.261941e+05
9.698500e-01	2.167389e+05	-1.174204e-01	2.374668e-01	0.000000e+00	-3.669550e+02	2.171058e+05
9.710400e-01	2.103496e+05	-1.177032e-01	2.377693e-01	0.000000e+00	-4.807669e+02	2.108304e+05
9.722300e-01	2.045940e+05	-1.179863e-01	2.380631e-01	0.000000e+00	-6.256725e+02	2.052197e+05
9.734200e-01	1.977072e+05	-1.182698e-01	2.383480e-01	0.000000e+00	-2.802356e+03	2.005096e+05
9.746100e-01	2.094538e+05	-1.185536e-01	2.386364e-01	0.000000e+00	-2.337811e+03	2.117916e+05
9.758000e-01	2.249785e+05	-1.188378e-01	2.389440e-01	0.000000e+00	-9.312739e+02	2.259098e+05
9.769900e-01	2.310144e+05	-1.191223e-01	2.392669e-01	0.000000e+00	-1.671005e+03	2.326854e+05
9.781800e-01	2.119881e+05	-1.194072e-01	2.395806e-01	0.000000e+00	-7.265048e+02	2.127146e+05
9.793700e-01	2.061869e+05	-1.196925e-01	2.398768e-01	0.000000e+00	-5.086438e+02	2.066955e+05
9.805600e-01	2.044003e+05	-1.199781e-01	2.401675e-01	0.000000e+00	-1.289321e+03	2.056897e+05
9.817500e-01	2.115764e+05	-1.202641e-01	2.404621e-01	0.000000e+00	-1.704718e+03	2.132811e+05
9.829400e-01	2.120930e+05	-1.205504e-01	2.407622e-01	0.000000e+00	-1.048577e+03	2.131416e+05
9.841300e-01	2.238448e+05	-1.208371e-01	2.410709e-01	0.000000e+00	-1.590655e+02	2.240038e+05
9.853200e-01	2.269464e+05	-1.211242e-01	2.413901e-01	0.000000e+00	-4.696859e+02	2.274161e+05
9.865100e-01	2.253389e+05	-1.214116e-01	2.417104e-01	0.000000e+00	-1.198076e+03	2.265370e+05
9.877000e-01	2.242601e+05	-1.216994e-01	2.420288e-01	0.000000e+00	-8.532469e+02	2.251133e+05
9.888900e-01	2.403279e+05	-1.219876e-01	2.423578e-01	0.000000e+00	0.000000e+00	2.403279e+05
9.900800e-01	2.290628e+05	-1.222763e-01	2.426902e-01	0.000000e+00	-1.142393e+02	2.291770e+05
9.912700e-01	2.249786e+05	-1.225653e-01	2.430117e-01	0.000000e+00	-7.260968e+02	2.257047e+05
9.924600e-01	2.439414e+05	-1.228546e-01	2.433438e-01	0.000000e+00	-8.640021e+02	2.448054e+05
9.936500e-01	2.374214e+05	-1.231444e-01	2.436847e-01	0.000000e+00	-1.613612e+03	2.390350e+05
9.948400e-01	2.219475e+05	-1.234346e-01	2.440100e-01	0.000000e+00	-5.083111e+02	2.224558e+05
9.960300e-01	2.304458e+05	-1.237252e-01	2.443304e-01	0.000000e+00	-6.424411e+02	2.310883e+05
9.972200e-01	2.031364e+05	-1.240161e-01	2.446374e-01	0.000000e+00	-1.492697e+03	2.046291e+05
9.984100e-01	2.218571e+05	-1.243074e-01	2.449384e-01	0.000000e+00	-1.597365e+03	2.234544e+05
9.996000e-01	2.168907e+05	-1.245991e-01	2.452491e-01	0.000000e+00	-1.659992e+03	2.185507e+05
1.000790e+00	2.340246e+05	-1.248911e-01	2.455684e-01	0.000000e+00	-9.839409e+02	2.350085e+05
1.001980e+00	2.257350e+05	-1.251835e-01	2.458940e-01	0.000000e+00	-7.216723e+02	2.264567e+05
1.003170e+00	2.219006e+05	-1.254763e-01	2.462110e-01	0.000000e+00	0.000000e+00	2.219006e+05
1.004360e+00	2.261794e+05	-1.257695e-01	2.465283e-01	0.000000e+00	-1.537049e+03	2.277165e+05
1.005550e+00	2.317344e+05	-1.260630e-01	2.468526e-01	0.000000e+00	-2.821671e+03	2.345561e+05
1.006740e+00	2.138210e+05	-1.263570e-01	2.471681e-01	0.000000e+00	-6.832964e+02	2.145043e+05
1.007930e+00	2.190603e+05	-1.266513e-01	2.474747e-01	0.000000e+00	-1.077134e+03	2.201375e+05
1.009120e+00	2.298476e+05	-1.269460e-01	2.477926e-01	0.000000e+00	-1.408427e+03	2.312560e+05
1.010310e+00	2.393936e+05	-1.272411e-01	2.481249e-01	0.000000e+00	-2.452922e+03	2.418466e+05
1.011500e+00	2.335540e+05	-1.275365e-01	2.484598e-01	0.000000e+00	-1.035337e+02	2.336575e+05
1.012690e+00	2.253458e+05	-1.278324e-01	2.487848e-01	0.000000e+00	0.000000e+00	2.253458e+05
1.013880e+00	2.042240e+05	-1.281286e-01	2.490890e-01	0.000000e+00	0.000000e+00	2.042240e+05
1.015070e+00	2.240797e+05	-1.284252e-01	2.493923e-01	0.000000e+00	-5.307097e+02	2.246104e+05
1.016260e+00	2.247488e+05	-1.287222e-01	2.497101e-01	0.000000e+00	-3.551760e+02	2.251040e+05
1.017450e+00	2.128174e+05	-1.290195e-01	2.500200e-01	0.000000e+00	-2.028830e+03	2.148462e+05
1.018640e+00	1.986385e+05	-1.293172e-01	2.503114e-01	0.000000e+00	-1.492012e+03	2.001305e+05
1.019830e+00	2.025412e+05	-1.296153e-01	2.505955e-01	0.000000e+00	-1.404673e+03	2.039459e+05
1.021020e+00	2.174283e+05	-1.299137e-01	2.508929e-01	0.000000e+00	-5.273407e+02	2.179557e+05
1.022210e+00	2.201099e+05	-1.302124e-01	2.512027e-01	0.000000e+00	-2.674580e+03	2.227845e+05
1.023400e+00	2.046638e+05	-1.305115e-01	2.515035e-01	0.000000e+00	-2.836770e+03	2.075005e+05
1.024590e+00	2.189083e+05	-1.308110e-01	2.518035e-01	0.000000e+00	-1.595286e+03	2.205036e+05
1.025780e+00	2.354776e+05	-1.311108e-01	2.521253e-01	0.000000e+00	-1.311138e+02	2.356088e+05
1.026970e+00	2.303353e+05	-1.314110e-01	2.524552e-01	0.000000e+00	-7.092224e+02	2.310445e+05
1.028160e+00	2.092316e+05	-1.317116e-01	2.527664e-01	0.000000e+00	0.000000e+00	2.092316e+05
1.029350e+00	2.245668e+05	-1.320126e-01	2.530736e-01	0.000000e+00	-1.176911e+03	2.257437e+05
1.030540e+00	2.165774e+05	-1.323140e-01	2.533860e-01	0.000000e+00	-4.582008e+03	2.211594e+05
1.031730e+00	2.197269e+05	-1.326157e-01	2.536950e-01	0.000000e+00	-1.532283e+03	2.212592e+05
1.032920e+00	2.307403e+05	-1.329178e-01	2.540140e-01	0.000000e+00	-6.733852e+02	2.314137e+05
1.034110e+00	2.211152e+05	-1.332202e-01	2.543340e-01	0.000000e+00	-4.387744e+02	2.215539e+05
1.035300e+00	2.425489e+05	-1.335231e-01	2.546624e-01	0.000000e+00	-6.457798e+02	2.431947e+05
1.036490e+00	2.038136e+05	-1.338263e-01	2.549785e-01	0.000000e+00	-1.415162e+03	2.052288e+05
1.037680e+00	2.148576e+05	-1.341299e-01	2.552749e-01	0.000000e+00	-4.600671e+02	2.153177e+05
1.038870e+00	2.291882e+05	-1.344339e-01	2.555894e-01	0.000000e+00	-2.466977e+02	2.294349e+05
1.040060e+00	2.421311e+05	-1.347382e-01	2.559232e-01	0.000000e+00	-1.092013e+03	2.432231e+05
1.041250e+00	2.188767e+05	-1.350430e-01	2.562496e-01	0.000000e+00	-8.627091e+02	2.197394e+05
1.042440e+00	2.323442e+05	-1.353481e-01	2.565692e-01	0.000000e+00	-1.048651e+03	2.333928e+05
1.043630e+00	2.277211e+05	-1.356536e-01	2.568950e-01	0.000000e+00	-1.112736e+02	2.278324e+05
1.044820e+00	2.320305e+05	-1.359595e-01	2.572206e-01	0.000000e+00	-8.298503e+02	2.328603e+05
1.046010e+00	2.248738e+05	-1.362658e-01	2.575441e-01	0.000000e+00	-1.316896e+03	2.261907e+05
1.047200e+00	2.149979e+05	-1.365725e-01	2.578556e-01	0.000000e+00	-3.742622e+02	2.153721e+05
1.048390e+00	2.083558e+05	-1.368795e-01	2.581554e-01	0.000000e+00	-5.383923e+02	2.088942e+05
1.049580e+00	2.112136e+05	-1.371869e-01	2.584526e-01	0.000000e+00	-3.019439e+02	2.115155e+05
1.050770e+00	2.274754e+05	-1.374946e-01	2.587632e-01	0.000000e+00	0.000000e+00	2.274754e+05
1.051960e+00	2.109788e+05	-1.378027e-01	2.590737e-01	0.000000e+00	0.000000e+00	2.109788e+05
1.053150e+00	2.116092e+05	-1.381112e-01	2.593730e-01	0.000000e+00	-1.349025e+03	2.129582e+05
1.054340e+00	2.217919e+05	-1.384200e-01	2.596799e-01	0.000000e+00	-1.171983e+03	2.229639e+05
1.055530e+00	2.257572e+05	-1.387292e-01	2.599968e-01	0.000000e+00	-1.267574e+03	2.270248e+05
1.056720e+00	2.223381e+05	-1.390388e-01	2.603142e-01	0.000000e+00	-5.588326e+02	2.228970e+05
1.057910e+00	2.190407e+05	-1.393488e-01	2.606267e-01	0.000000e+00	-2.084564e+03	2.211253e+05
1.059100e+00	2.421093e+05	-1.396591e-01	2.609533e-01	0.000000e+00	-2.907102e+02	2.424000e+05
1.060290e+00	2.409647e+05	-1.399699e-01	2.612954e-01	0.000000e+00	-1.988425e+02	2.411635e+05
1.061480e+00	2.144566e+05	-1.402810e-01	2.616179e-01	0.000000e+00	-1.480098e+03	2.159367e+05
1.062670e+00	2.157228e+05	-1.405925e-01	2.619226e-01	0.000000e+00	-1.731528e+00	2.157245e+05
1.063860e+00	2.284187e+05	-1.409044e-01	2.622371e-01	0.000000e+00	0.000000e+00	2.284187e+05
1.065050e+00	2.365022e+05	-1.412166e-01	2.625663e-01	0.000000e+00	0.000000e+00	2.365022e+05
1.066240e+00	2.409938e+05	-1.415293e-01	2.629045e-01	0.000000e+00	-9.131706e+02	2.419070e+05
1.067430e+00	2.175379e+05	-1.418423e-01	2.632292e-01	0.000000e+00	-7.675017e+02	2.183054e+05
1.068620e+00	2.153105e+05	-1.421558e-01	2.635357e-01	0.000000e+00	-7.249354e+02	2.160355e+05
1.069810e+00	2.493122e+05	-1.424696e-01	2.638647e-01	0.000000e+00	-1.154007e+02	2.494276e+05
1.071000e+00	2.427338e+05	-1.427838e-01	2.642132e-01	0.000000e+00	-5.304539e+02	2.432642e+05
1.072190e+00	2.254718e+05	-1.430984e-01	2.645448e-01	0.000000e+00	-3.098822e+02	2.257817e+05
1.073380e+00	2.112261e+05	-1.434134e-01	2.648540e-01	0.000000e+00	-7.037908e+02	2.119299e+05
1.074570e+00	1.908583e+05	-1.437287e-01	2.651388e-01	0.000000e+00	-3.061072e+02	1.911644e+05
1.075760e+00	2.149595e+05	-1.440444e-01	2.654261e-01	0.000000e+00	-1.344513e+03	2.163040e+05
1.076950e+00	2.387875e+05	-1.443605e-01	2.657475e-01	0.000000e+00	-1.665970e+02	2.389541e+05
1.078140e+00	2.357776e+05	-1.446769e-01	2.660835e-01	0.000000e+00	0.000000e+00	2.357776e+05
1.079330e+00	2.026511e+05	-1.449937e-01	2.663940e-01	0.000000e+00	-4.552656e+02	2.031064e+05
1.080520e+00	2.103015e+05	-1.453109e-01	2.666865e-01	0.000000e+00	-1.084003e+03	2.113855e+05
1.081710e+00	2.064681e+05	-1.456284e-01	2.669816e-01	0.000000e+00	-7.595734e+02	2.072277e+05
1.082900e+00	2.191954e+05	-1.459463e-01	2.672830e-01	0.000000e+00	-7.910293e+02	2.199865e+05
1.084090e+00	2.246794e+05	-1.462646e-01	2.675974e-01	0.000000e+00	-1.507540e+03	2.261869e+05
1.085280e+00	2.260126e+05	-1.465832e-01	2.679165e-01	0.000000e+00	-4.446059e+02	2.264572e+05
1.086470e+00	2.443135e+05	-1.469022e-01	2.682496e-01	0.000000e+00	-4.952215e+02	2.448087e+05
1.087660e+00	2.319363e+05	-1.472216e-01	2.685869e-01	0.000000e+00	-1.185451e+03	2.331218e+05
1.088850e+00	2.334166e+05	-1.475415e-01	2.689164e-01	0.000000e+00	-1.648413e+03	2.350650e+05
1.090040e+00	2.152638e+05	-1.478617e-01	2.692342e-01	0.000000e+00	-2.452982e+03	2.177168e+05
1.091230e+00	2.213455e+05	-1.481822e-01	2.695433e-01	0.000000e+00	-1.002858e+02	2.214458e+05
1.092420e+00	2.232229e+05	-1.485032e-01	2.698582e-01	0.000000e+00	-4.033968e+02	2.236263e+05
1.093610e+00	2.101112e+05	-1.488245e-01	2.701650e-01	0.000000e+00	-2.638828e+03	2.127501e+05
1.094800e+00	1.996582e+05	-1.491462e-01	2.704552e-01	0.000000e+00	-8.437058e+02	2.005019e+05
1.095990e+00	2.256100e+05	-1.494682e-01	2.707564e-01	0.000000e+00	-3.157497e+02	2.259257e+05
1.097180e+00	2.197779e+05	-1.497906e-01	2.710718e-01	0.000000e+00	-1.111779e+03	2.208897e+05
1.098370e+00	2.256591e+05	-1.501133e-01	2.713872e-01	0.000000e+00	-1.014702e+03	2.266738e+05
1.099560e+00	2.227176e+05	-1.504365e-01	2.717048e-01	0.000000e+00	-1.294054e+03	2.240116e+05
1.100750e+00	2.293010e+05	-1.507600e-01	2.720249e-01	0.000000e+00	-2.328912e+03	2.316299e+05
1.101940e+00	2.083303e+05	-1.510839e-01	2.723348e-01	0.000000e+00	-1.293425e+03	2.096237e+05
1.103130e+00	2.103224e+05	-1.514081e-01	2.726313e-01	0.000000e+00	-1.360490e+03	2.116829e+05
1.104320e+00	2.253102e+05	-1.517328e-01	2.729398e-01	0.000000e+00	-6.052933e+02	2.259155e+05
1.105510e+00	2.126957e+05	-1.520577e-01	2.732499e-01	0.000000e+00	-7.739291e+02	2.134696e+05
1.106700e+00	2.289750e+05	-1.523831e-01	2.735627e-01	0.000000e+00	-7.391090e+02	2.297141e+05
1.107890e+00	2.293976e+05	-1.527088e-01	2.738873e-01	0.000000e+00	-4.026770e+02	2.298003e+05
1.109080e+00	2.272911e+05	-1.530349e-01	2.742107e-01	0.000000e+00	0.000000e+00	2.272911e+05
1.110270e+00	2.329549e+05	-1.533614e-01	2.745367e-01	0.000000e+00	-5.517049e+02	2.335066e+05
1.111460e+00	2.262203e+05	-1.536883e-01	2.748618e-01	0.000000e+00	-8.493098e+02	2.270696e+05
1.112650e+00	2.168239e+05	-1.540156e-01	2.751756e-01	0.000000e+00	-8.800413e+02	2.177040e+05
1.113840e+00	2.261998e+05	-1.543433e-01	2.754893e-01	0.000000e+00	-1.205487e+03	2.274052e+05
1.115030e+00	2.167729e+05	-1.546713e-01	2.758030e-01	0.000000e+00	-1.181341e+03	2.179543e+05
1.116220e+00	2.384613e+05	-1.549997e-01	2.761254e-01	0.000000e+00	-7.409446e+02	2.392022e+05
1.117410e+00	2.211971e+05	-1.553285e-01	2.764509e-01	0.000000e+00	-1.773652e+03	2.229708e+05
1.118600e+00	2.317924e+05	-1.556576e-01	2.767717e-01	0.000000e+00	-5.675982e+02	2.323600e+05
1.119790e+00	2.358429e+05	-1.559872e-01	2.771029e-01	0.000000e+00	-1.149182e+03	2.369921e+05
1.120980e+00	2.299910e+05	-1.563171e-01	2.774327e-01	0.000000e+00	-3.444369e+02	2.303354e+05
1.122170e+00	2.437671e+05	-1.566475e-01	2.777682e-01	0.000000e+00	-3.376429e+02	2.441048e+05
1.123360e+00	2.466851e+05	-1.569782e-01	2.781156e-01	0.000000e+00	-5.026932e+02	2.471877e+05
1.124550e+00	2.260477e+05	-1.573094e-01	2.784503e-01	0.000000e+00	0.000000e+00	2.260477e+05
1.125740e+00	2.125273e+05	-1.576409e-01	2.787609e-01	0.000000e+00	-5.274124e+02	2.130547e+05
1.126930e+00	2.125375e+05	-1.579728e-01	2.790619e-01	0.000000e+00	-1.931268e+03	2.144687e+05
1.128120e+00	2.169408e+05	-1.583051e-01	2.793661e-01	0.000000e+00	-9.026638e+02	2.178435e+05
1.129310e+00	2.242523e+05	-1.586377e-01	2.796785e-01	0.000000e+00	0.000000e+00	2.242523e+05
1.130500e+00	2.102615e+05	-1.589707e-01	2.799862e-01	0.000000e+00	0.000000e+00	2.102615e+05
1.131690e+00	2.286508e+05	-1.593041e-01	2.802970e-01	0.000000e+00	-1.411458e+03	2.300623e+05
1.132880e+00	2.343735e+05	-1.596378e-01	2.806249e-01	0.000000e+00	-2.692147e+02	2.346427e+05
1.134070e+00	2.112316e+05	-1.599720e-01	2.809405e-01	0.000000e+00	-1.731986e+01	2.112490e+05
1.135260e+00	2.077171e+05	-1.603065e-01	2.812372e-01	0.000000e+00	-1.324201e+03	2.090413e+05
1.136450e+00	2.178328e+05	-1.606413e-01	2.815385e-01	0.000000e+00	-6.778483e+02	2.185106e+05
1.137640e+00	2.160558e+05	-1.609765e-01	2.818458e-01	0.000000e+00	-5.016389e+02	2.165575e+05
1.138830e+00	2.263634e+05	-1.613121e-01	2.821591e-01	0.000000e+00	-1.011643e+03	2.273750e+05
1.140020e+00	2.198281e+05	-1.616481e-01	2.824751e-01	0.000000e+00	-1.393579e+03	2.212217e+05
1.141210e+00	2.105986e+05	-1.619844e-01	2.827799e-01	0.000000e+00	-1.576935e+02	2.107563e+05
1.142400e+00	2.121304e+05	-1.623211e-01	2.830793e-01	0.000000e+00	-7.984292e+02	2.129288e+05
1.143590e+00	2.285719e+05	-1.626581e-01	2.833914e-01	0.000000e+00	-1.432152e+03	2.300040e+05
1.144780e+00	2.222741e+05	-1.629956e-01	2.837106e-01	0.000000e+00	-2.485207e+02	2.225226e+05
1.145970e+00	2.347582e+05	-1.633334e-01	2.840343e-01	0.000000e+00	0.000000e+00	2.347582e+05
1.147160e+00	2.195532e+05	-1.636716e-01	2.843560e-01	0.000000e+00	0.000000e+00	2.195532e+05
1.148350e+00	2.187728e+05	-1.640101e-01	2.846664e-01	0.000000e+00	0.000000e+00	2.187728e+05
1.149540e+00	2.346572e+05	-1.643491e-01	2.849875e-01	0.000000e+00	0.000000e+00	2.346572e+05
1.150730e+00	2.220493e+05	-1.646884e-01	2.853109e-01	0.000000e+00	-1.408786e+02	2.221902e+05
1.151920e+00	2.284504e+05	-1.650281e-01	2.856300e-01	0.000000e+00	-9.643472e+02	2.294147e+05
1.153110e+00	2.029859e+05	-1.653682e-01	2.859355e-01	0.000000e+00	-8.800159e+02	2.038659e+05
1.154300e+00	2.079310e+05	-1.657086e-01	2.862265e-01	0.000000e+00	-5.357666e+02	2.084668e+05
1.155490e+00	2.237565e+05	-1.660494e-01	2.865322e-01	0.000000e+00	-1.114867e+02	2.238680e+05
1.156680e+00	2.327224e+05	-1.663906e-01	2.868555e-01	0.000000e+00	-1.343719e+03	2.340662e+05
1.157870e+00	2.254009e+05	-1.667321e-01	2.871799e-01	0.000000e+00	-2.254667e+02	2.256264e+05
1.159060e+00	2.311931e+05	-1.670741e-01	2.875032e-01	0.000000e+00	0.000000e+00	2.311931e+05
1.160250e+00	2.358460e+05	-1.674164e-01	2.878340e-01	0.000000e+00	0.000000e+00	2.358460e+05
1.161440e+00	2.396701e+05	-1.677591e-01	2.881707e-01	0.000000e+00	0.000000e+00	2.396701e+05
1.162630e+00	2.148450e+05	-1.681022e-01	2.884926e-01	0.000000e+00	-6.703476e+02	2.155153e+05
1.163820e+00	2.131400e+05	-1.684457e-01	2.887957e-01	0.000000e+00	-1.699885e+02	2.133100e+05
1.165010e+00	2.550653e+05	-1.687896e-01	2.891272e-01	0.000000e+00	0.000000e+00	2.550653e+05
1.166200e+00	2.307033e+05	-1.691339e-01	2.894713e-01	0.000000e+00	0.000000e+00	2.307033e+05
1.167390e+00	2.200607e+05	-1.694785e-01	2.897905e-01	0.000000e+00	0.000000e+00	2.200607e+05
1.168580e+00	2.290934e+05	-1.698236e-01	2.901085e-01	0.000000e+00	0.000000e+00	2.290934e+05
1.169770e+00	2.298707e+05	-1.701690e-01	2.904336e-01	0.000000e+00	0.000000e+00	2.298707e+05
1.170960e+00	2.230394e+05	-1.705148e-01	2.907543e-01	0.000000e+00	-6.133796e+02	2.236528e+05
1.172150e+00	2.147675e+05	-1.708610e-01	2.910643e-01	0.000000e+00	-2.269565e+02	2.149944e+05
1.173340e+00	2.201743e+05	-1.712075e-01	2.913723e-01	0.000000e+00	0.000000e+00	2.201743e+05
1.174530e+00	2.205420e+05	-1.715544e-01	2.916844e-01	0.000000e+00	-3.250093e+02	2.208670e+05
1.175720e+00	2.152382e+05	-1.719017e-01	2.919931e-01	0.000000e+00	-5.153268e+02	2.157536e+05
1.176910e+00	2.475439e+05	-1.722494e-01	2.923208e-01	0.000000e+00	0.000000e+00	2.475439e+05
1.178100e+00	2.503253e+05	-1.725975e-01	2.926734e-01	0.000000e+00	-8.061586e+02	2.511314e+05
1.179290e+00	2.480666e+05	-1.729459e-01	2.930263e-01	0.000000e+00	-2.928835e+02	2.483595e+05
1.180480e+00	2.208037e+05	-1.732949e-01	2.933583e-01	0.000000e+00	-5.816301e+02	2.213853e+05
1.181670e+00	2.441840e+05	-1.736441e-01	2.936876e-01	0.000000e+00	0.000000e+00	2.441840e+05
1.182860e+00	2.241318e+05	-1.739938e-01	2.940193e-01	0.000000e+00	-5.866163e+02	2.247184e+05
1.184050e+00	2.282573e+05	-1.743439e-01	2.943396e-01	0.000000e+00	-7.750713e+02	2.290324e+05
1.185240e+00	2.243507e+05	-1.746944e-01	2.946602e-01	0.000000e+00	-3.189847e+02	2.246697e+05
1.186430e+00	2.184923e+05	-1.750452e-01	2.949738e-01	0.000000e+00	0.000000e+00	2.184923e+05
1.187620e+00	2.356660e+05	-1.753964e-01	2.952954e-01	0.000000e+00	0.000000e+00	2.356660e+05
1.188810e+00	2.388452e+05	-1.757480e-01	2.956314e-01	0.000000e+00	0.000000e+00	2.388452e+05
1.190000e+00	1.214899e+05	-1.761000e-01	2.958866e-01	0.000000e+00	0.000000e+00	1.214899e+05
