#x	rho	phi	ex	bz	rhok[0]	rhok[1]
0.000000e+00	-2.762155e+03	0.000000e+00	2.734518e-02	0.000000e+00	-3.369652e+03	6.074978e+02
1.190000e-03	-3.995129e+03	-3.253844e-05	2.734040e-02	0.000000e+00	-8.199132e+03	4.204003e+03
2.380000e-03	-5.494827e+03	-6.507014e-05	2.733368e-02	0.000000e+00	-1.090610e+04	5.411268e+03
3.570000e-03	6.264714e+03	-9.759259e-05	2.733422e-02	0.000000e+00	-9.554291e+03	1.581901e+04
4.760000e-03	7.614056e+03	-1.301256e-04	2.734405e-02	0.000000e+00	-9.295083e+03	1.690914e+04
5.950000e-03	1.362948e+04	-1.626714e-04	2.735909e-02	0.000000e+00	-9.401964e+03	2.303144e+04
7.140000e-03	1.995833e+04	-1.952402e-04	2.738288e-02	0.000000e+00	-5.631193e+03	2.558953e+04
8.330000e-03	1.451932e+04	-2.278427e-04	2.740730e-02	0.000000e+00	-6.255422e+03	2.077474e+04
9.520000e-03	1.932024e+04	-2.604696e-04	2.743126e-02	0.000000e+00	-3.909392e+03	2.322963e+04
1.071000e-02	2.139660e+04	-2.931291e-04	2.746009e-02	0.000000e+00	-4.955242e+03	2.635185e+04
1.190000e-02	1.505622e+04	-3.258246e-04	2.748591e-02	0.000000e+00	-7.126215e+03	2.218244e+04
1.309000e-02	2.494354e+04	-3.585455e-04	2.751423e-02	0.000000e+00	-3.096282e+03	2.803982e+04
1.428000e-02	1.769133e+04	-3.913085e-04	2.754443e-02	0.000000e+00	-5.998722e+03	2.369005e+04
1.547000e-02	2.402802e+04	-4.241013e-04	2.757397e-02	0.000000e+00	-8.617497e+03	3.264552e+04
1.666000e-02	3.021805e+04	-4.569346e-04	2.761239e-02	0.000000e+00	-5.976330e+03	3.619438e+04
1.785000e-02	3.905179e+04	-4.898188e-04	2.766144e-02	0.000000e+00	-4.308538e+03	4.336033e+04
1.904000e-02	2.968847e+04	-5.227688e-04	2.771012e-02	0.000000e+00	-6.614726e+03	3.630319e+04
2.023000e-02	3.843624e+04	-5.557688e-04	2.775836e-02	0.000000e+00	-4.729422e+03	4.316566e+04
2.142000e-02	3.906361e+04	-5.888337e-04	2.781325e-02	0.000000e+00	-5.299617e+03	4.436323e+04
2.261000e-02	3.731787e+04	-6.219644e-04	2.786734e-02	0.000000e+00	-3.349805e+03	4.066767e+04
2.380000e-02	4.376689e+04	-6.551580e-04	2.792476e-02	0.000000e+00	-4.191279e+03	4.795817e+04
2.499000e-02	3.975902e+04	-6.884253e-04	2.798391e-02	0.000000e+00	-6.687471e+03	4.644649e+04
2.618000e-02	3.812939e+04	-7.217597e-04	2.803907e-02	0.000000e+00	-9.852224e+03	4.798161e+04
2.737000e-02	3.995080e+04	-7.551583e-04	2.809436e-02	0.000000e+00	-6.635830e+03	4.658663e+04
2.856000e-02	4.199617e+04	-7.886242e-04	2.815239e-02	0.000000e+00	-5.253589e+03	4.724976e+04
2.975000e-02	4.323077e+04	-8.221610e-04	2.821275e-02	0.000000e+00	-6.748275e+03	4.997905e+04
3.094000e-02	4.261611e+04	-8.557706e-04	2.827354e-02	0.000000e+00	-6.223649e+03	4.883976e+04
3.213000e-02	5.582437e+04	-8.894520e-04	2.834325e-02	0.000000e+00	-7.041769e+03	6.286614e+04
3.332000e-02	4.918523e+04	-9.232275e-04	2.841762e-02	0.000000e+00	-7.415298e+03	5.660053e+04
3.451000e-02	4.597313e+04	-9.570859e-04	2.848500e-02	0.000000e+00	-1.067702e+04	5.665015e+04
3.570000e-02	5.224468e+04	-9.910218e-04	2.855456e-02	0.000000e+00	-7.602582e+03	5.984726e+04
3.689000e-02	5.323801e+04	-1.025046e-03	2.862926e-02	0.000000e+00	-5.077619e+03	5.831562e+04
3.808000e-02	5.926227e+04	-1.059159e-03	2.870893e-02	0.000000e+00	-6.821477e+03	6.608374e+04
3.927000e-02	6.381308e+04	-1.093373e-03	2.879608e-02	0.000000e+00	-5.453173e+03	6.926625e+04
4.046000e-02	5.844272e+04	-1.127694e-03	2.888266e-02	0.000000e+00	-6.518864e+03	6.496158e+04
4.165000e-02	4.901429e+04	-1.162114e-03	2.895876e-02	0.000000e+00	-9.455540e+03	5.846983e+04
4.284000e-02	6.433122e+04	-1.196616e-03	2.903903e-02	0.000000e+00	-6.937291e+03	7.126851e+04
4.403000e-02	6.314192e+04	-1.231227e-03	2.912930e-02	0.000000e+00	-4.918794e+03	6.806071e+04
4.522000e-02	6.063956e+04	-1.265944e-03	2.921696e-02	0.000000e+00	-7.290631e+03	6.793019e+04
4.641000e-02	6.256632e+04	-1.300763e-03	2.930421e-02	0.000000e+00	-6.300298e+03	6.886662e+04
4.760000e-02	7.361716e+04	-1.335688e-03	2.940065e-02	0.000000e+00	-7.192845e+03	8.081000e+04
4.879000e-02	7.243725e+04	-1.370737e-03	2.950408e-02	0.000000e+00	-7.926718e+03	8.036397e+04
4.998000e-02	7.537421e+04	-1.405907e-03	2.960875e-02	0.000000e+00	-6.110135e+03	8.148435e+04
5.117000e-02	7.423982e+04	-1.441205e-03	2.971470e-02	0.000000e+00	-5.688700e+03	7.992852e+04
5.236000e-02	6.712944e+04	-1.476628e-03	2.981482e-02	0.000000e+00	-5.630843e+03	7.276029e+04
5.355000e-02	7.081847e+04	-1.512165e-03	2.991251e-02	0.000000e+00	-7.767298e+03	7.858577e+04
5.474000e-02	6.923391e+04	-1.547820e-03	3.001169e-02	0.000000e+00	-9.342998e+03	7.857691e+04
5.593000e-02	6.971744e+04	-1.583592e-03	3.011009e-02	0.000000e+00	-9.406057e+03	7.912350e+04
5.712000e-02	7.776303e+04	-1.619482e-03	3.021453e-02	0.000000e+00	-5.919684e+03	8.368272e+04
5.831000e-02	9.246895e+04	-1.655503e-03	3.033508e-02	0.000000e+00	-6.162550e+03	9.863150e+04
5.950000e-02	8.223443e+04	-1.691680e-03	3.045880e-02	0.000000e+00	-8.018861e+03	9.025330e+04
6.069000e-02	8.564365e+04	-1.727995e-03	3.057768e-02	0.000000e+00	-4.879737e+03	9.052339e+04
6.188000e-02	9.165521e+04	-1.764455e-03	3.070324e-02	0.000000e+00	-5.464773e+03	9.711998e+04
6.307000e-02	7.726520e+04	-1.801069e-03	3.082286e-02	0.000000e+00	-5.735920e+03	8.300112e+04
6.426000e-02	8.723450e+04	-1.837813e-03	3.093936e-02	0.000000e+00	-5.266358e+03	9.250086e+04
6.545000e-02	8.542814e+04	-1.874704e-03	3.106163e-02	0.000000e+00	-5.846960e+03	9.127510e+04
6.664000e-02	8.052477e+04	-1.911740e-03	3.117915e-02	0.000000e+00	-9.394655e+03	8.991942e+04
6.783000e-02	8.613425e+04	-1.948911e-03	3.129717e-02	0.000000e+00	-7.129103e+03	9.326335e+04
6.902000e-02	8.468197e+04	-1.986227e-03	3.141814e-02	0.000000e+00	-3.981541e+03	8.866351e+04
7.021000e-02	8.786330e+04	-2.023686e-03	3.154033e-02	0.000000e+00	-4.687115e+03	9.255042e+04
7.140000e-02	8.024923e+04	-2.061293e-03	3.165938e-02	0.000000e+00	-9.126475e+03	8.937570e+04
7.259000e-02	9.183556e+04	-2.099035e-03	3.178125e-02	0.000000e+00	-5.284975e+03	9.712053e+04
7.378000e-02	8.731981e+04	-2.136932e-03	3.190812e-02	0.000000e+00	-7.456132e+03	9.477594e+04
7.497000e-02	9.559809e+04	-2.174977e-03	3.203765e-02	0.000000e+00	-5.138705e+03	1.007368e+05
7.616000e-02	8.374664e+04	-2.213182e-03	3.216466e-02	0.000000e+00	-7.044087e+03	9.079073e+04
7.735000e-02	8.782212e+04	-2.251528e-03	3.228616e-02	0.000000e+00	-4.886239e+03	9.270836e+04
7.854000e-02	1.077700e+05	-2.290023e-03	3.242467e-02	0.000000e+00	-4.854312e+03	1.126244e+05
7.973000e-02	1.034787e+05	-2.328699e-03	3.257427e-02	0.000000e+00	-5.161032e+03	1.086397e+05
8.092000e-02	9.620270e+04	-2.367550e-03	3.271568e-02	0.000000e+00	-5.437649e+03	1.016404e+05
8.211000e-02	8.983803e+04	-2.406562e-03	3.284742e-02	0.000000e+00	-6.804510e+03	9.664254e+04
8.330000e-02	8.608285e+04	-2.445727e-03	3.297200e-02	0.000000e+00	-7.612543e+03	9.369539e+04
8.449000e-02	9.831057e+04	-2.485036e-03	3.310259e-02	0.000000e+00	-4.935435e+03	1.032460e+05
8.568000e-02	1.050104e+05	-2.524511e-03	3.324657e-02	0.000000e+00	-3.725803e+03	1.087362e+05
8.687000e-02	9.726938e+04	-2.564163e-03	3.338982e-02	0.000000e+00	-3.326315e+03	1.005957e+05
8.806000e-02	1.108922e+05	-2.603979e-03	3.353723e-02	0.000000e+00	-3.392243e+03	1.142844e+05
8.925000e-02	1.074025e+05	-2.643981e-03	3.369182e-02	0.000000e+00	-4.217897e+03	1.116204e+05
9.044000e-02	1.078078e+05	-2.684165e-03	3.384422e-02	0.000000e+00	-4.791826e+03	1.125997e+05
9.163000e-02	1.084643e+05	-2.724531e-03	3.399738e-02	0.000000e+00	-4.061657e+03	1.125260e+05
9.282000e-02	1.140188e+05	-2.765079e-03	3.415493e-02	0.000000e+00	-8.429302e+03	1.224481e+05
9.401000e-02	1.080242e+05	-2.805819e-03	3.431218e-02	0.000000e+00	-4.049336e+03	1.120736e+05
9.520000e-02	1.042380e+05	-2.846742e-03	3.446249e-02	0.000000e+00	-6.243252e+03	1.104813e+05
9.639000e-02	1.168032e+05	-2.887840e-03	3.461903e-02	0.000000e+00	-5.739815e+03	1.225431e+05
9.758000e-02	1.037571e+05	-2.929135e-03	3.477522e-02	0.000000e+00	-5.298692e+03	1.090558e+05
9.877000e-02	1.008863e+05	-2.970605e-03	3.492014e-02	0.000000e+00	-4.359199e+03	1.052455e+05
9.996000e-02	1.027186e+05	-3.012245e-03	3.506433e-02	0.000000e+00	-4.607258e+03	1.073259e+05
1.011500e-01	1.110882e+05	-3.054058e-03	3.521574e-02	0.000000e+00	-4.969826e+03	1.160580e+05
1.023400e-01	1.050708e+05	-3.096058e-03	3.536881e-02	0.000000e+00	-9.054261e+03	1.141251e+05
1.035300e-01	1.228525e+05	-3.138236e-03	3.553022e-02	0.000000e+00	-6.643569e+03	1.294961e+05
1.047200e-01	1.107240e+05	-3.180620e-03	3.569563e-02	0.000000e+00	-6.763160e+03	1.174871e+05
1.059100e-01	1.146243e+05	-3.223192e-03	3.585522e-02	0.000000e+00	-4.466463e+03	1.190908e+05
1.071000e-01	1.073829e+05	-3.265956e-03	3.601243e-02	0.000000e+00	-4.746429e+03	1.121293e+05
1.082900e-01	1.198150e+05	-3.308901e-03	3.617333e-02	0.000000e+00	-4.102719e+03	1.239177e+05
1.094800e-01	9.777054e+04	-3.352048e-03	3.632741e-02	0.000000e+00	-8.390732e+03	1.061613e+05
1.106700e-01	1.298466e+05	-3.395360e-03	3.648860e-02	0.000000e+00	-6.838532e+03	1.366851e+05
1.118600e-01	1.151463e+05	-3.438891e-03	3.666210e-02	0.000000e+00	-8.975314e+03	1.241216e+05
1.130500e-01	1.153296e+05	-3.482616e-03	3.682531e-02	0.000000e+00	-5.115022e+03	1.204446e+05
1.142400e-01	1.004561e+05	-3.526535e-03	3.697813e-02	0.000000e+00	-2.946723e+03	1.034028e+05
1.154300e-01	1.190666e+05	-3.570624e-03	3.713358e-02	0.000000e+00	-5.447178e+03	1.245138e+05
1.166200e-01	1.161687e+05	-3.614913e-03	3.730017e-02	0.000000e+00	-4.055279e+03	1.202239e+05
1.178100e-01	1.245099e+05	-3.659398e-03	3.747061e-02	0.000000e+00	-4.785689e+03	1.292956e+05
1.190000e-01	1.301846e+05	-3.704093e-03	3.765098e-02	0.000000e+00	-6.209285e+03	1.363939e+05
1.201900e-01	1.206524e+05	-3.749008e-03	3.782861e-02	0.000000e+00	-5.441388e+03	1.260938e+05
1.213800e-01	1.241775e+05	-3.794126e-03	3.800199e-02	0.000000e+00	-2.907684e+03	1.270852e+05
1.225700e-01	1.303121e+05	-3.839453e-03	3.818221e-02	0.000000e+00	-8.423475e+03	1.387356e+05
1.237600e-01	1.310330e+05	-3.884999e-03	3.836728e-02	0.000000e+00	-7.686804e+03	1.387198e+05
1.249500e-01	1.242766e+05	-3.930767e-03	3.854809e-02	0.000000e+00	-7.817081e+03	1.320936e+05
1.261400e-01	1.123354e+05	-3.976744e-03	3.871565e-02	0.000000e+00	-6.528179e+03	1.188636e+05
1.273300e-01	1.221255e+05	-4.022910e-03	3.888168e-02	0.000000e+00	-8.282483e+03	1.304079e+05
1.285200e-01	1.223430e+05	-4.069282e-03	3.905481e-02	0.000000e+00	-4.254344e+03	1.265974e+05
1.297100e-01	1.377692e+05	-4.115860e-03	3.923901e-02	0.000000e+00	-2.346805e+03	1.401160e+05
1.309000e-01	1.258470e+05	-4.162671e-03	3.942569e-02	0.000000e+00	-4.751741e+03	1.305987e+05
1.320900e-01	1.288838e+05	-4.209693e-03	3.960608e-02	0.000000e+00	-3.963663e+03	1.328475e+05
1.332800e-01	1.368656e+05	-4.256933e-03	3.979428e-02	0.000000e+00	-3.499204e+03	1.403648e+05
1.344700e-01	1.251267e+05	-4.304404e-03	3.997981e-02	0.000000e+00	-2.403986e+03	1.275307e+05
1.356600e-01	1.328588e+05	-4.352085e-03	4.016251e-02	0.000000e+00	-2.964200e+03	1.358230e+05
1.368500e-01	1.360869e+05	-4.399991e-03	4.035297e-02	0.000000e+00	-5.237016e+03	1.413239e+05
1.380400e-01	1.365055e+05	-4.448125e-03	4.054601e-02	0.000000e+00	-3.091309e+03	1.395968e+05
1.392300e-01	1.222567e+05	-4.496490e-03	4.072925e-02	0.000000e+00	-5.221358e+03	1.274781e+05
1.404200e-01	1.344675e+05	-4.545061e-03	4.091106e-02	0.000000e+00	-5.574690e+03	1.400422e+05
1.416100e-01	1.316914e+05	-4.593858e-03	4.109954e-02	0.000000e+00	-4.433846e+03	1.361252e+05
1.428000e-01	1.261439e+05	-4.642878e-03	4.128213e-02	0.000000e+00	-4.404002e+03	1.305479e+05
1.439900e-01	1.179170e+05	-4.692110e-03	4.145497e-02	0.000000e+00	-3.744559e+03	1.216616e+05
1.451800e-01	1.256427e+05	-4.741541e-03	4.162745e-02	0.000000e+00	-3.455363e+03	1.290981e+05
1.463700e-01	1.362679e+05	-4.791183e-03	4.181292e-02	0.000000e+00	-4.132220e+03	1.404001e+05
1.475600e-01	1.308038e+05	-4.841055e-03	4.200205e-02	0.000000e+00	-5.052920e+03	1.358567e+05
1.487500e-01	1.512527e+05	-4.891148e-03	4.220180e-02	0.000000e+00	-6.860172e+03	1.581129e+05
1.499400e-01	1.399604e+05	-4.941496e-03	4.240802e-02	0.000000e+00	-4.510201e+03	1.444706e+05
1.511300e-01	1.438176e+05	-4.992079e-03	4.260898e-02	0.000000e+00	-4.977391e+03	1.487950e+05
1.523200e-01	1.318714e+05	-5.042905e-03	4.280422e-02	0.000000e+00	-5.026347e+03	1.368978e+05
1.535100e-01	1.405775e+05	-5.093953e-03	4.299716e-02	0.000000e+00	-2.982600e+03	1.435601e+05
1.547000e-01	1.423480e+05	-5.145238e-03	4.319751e-02	0.000000e+00	-4.643608e+03	1.469916e+05
1.558900e-01	1.351489e+05	-5.196763e-03	4.339403e-02	0.000000e+00	-5.520295e+03	1.406692e+05
1.570800e-01	1.472274e+05	-5.248516e-03	4.359400e-02	0.000000e+00	-4.345906e+03	1.515733e+05
1.582700e-01	1.524565e+05	-5.300517e-03	4.380622e-02	0.000000e+00	-7.123154e+03	1.595796e+05
1.594600e-01	1.384875e+05	-5.352775e-03	4.401226e-02	0.000000e+00	-4.974461e+03	1.434620e+05
1.606500e-01	1.441976e+05	-5.405266e-03	4.421245e-02	0.000000e+00	-7.162277e+03	1.513599e+05
1.618400e-01	1.512975e+05	-5.458001e-03	4.442170e-02	0.000000e+00	-6.894712e+03	1.581922e+05
1.630300e-01	1.594179e+05	-5.510990e-03	4.464174e-02	0.000000e+00	-3.795255e+03	1.632131e+05
1.642200e-01	1.390634e+05	-5.564248e-03	4.485312e-02	0.000000e+00	-5.621234e+03	1.446847e+05
1.654100e-01	1.500898e+05	-5.617740e-03	4.505788e-02	0.000000e+00	-3.592033e+03	1.536818e+05
1.666000e-01	1.434421e+05	-5.671486e-03	4.526575e-02	0.000000e+00	-4.221981e+03	1.476640e+05
1.677900e-01	1.452257e+05	-5.725473e-03	4.547018e-02	0.000000e+00	-7.144795e+03	1.523705e+05
1.689800e-01	1.546679e+05	-5.779705e-03	4.568255e-02	0.000000e+00	-6.551733e+03	1.612197e+05
1.701700e-01	1.597759e+05	-5.834197e-03	4.590523e-02	0.000000e+00	-3.061685e+03	1.628376e+05
1.713600e-01	1.482533e+05	-5.888959e-03	4.612337e-02	0.000000e+00	-4.858616e+03	1.531119e+05
1.725500e-01	1.357927e+05	-5.943971e-03	4.632452e-02	0.000000e+00	-3.776216e+03	1.395690e+05
1.737400e-01	1.330609e+05	-5.999211e-03	4.651491e-02	0.000000e+00	-4.172575e+03	1.372335e+05
1.749300e-01	1.507129e+05	-6.054676e-03	4.671587e-02	0.000000e+00	-6.626202e+03	1.573391e+05
1.761200e-01	1.276761e+05	-6.110395e-03	4.691301e-02	0.000000e+00	-5.781932e+03	1.334580e+05
1.773100e-01	1.368747e+05	-6.166329e-03	4.710036e-02	0.000000e+00	-3.101977e+03	1.399767e+05
1.785000e-01	1.412525e+05	-6.222494e-03	4.729732e-02	0.000000e+00	-6.018374e+03	1.472708e+05
1.796900e-01	1.430762e+05	-6.278897e-03	4.749867e-02	0.000000e+00	-5.633289e+03	1.487095e+05
1.808800e-01	1.485478e+05	-6.335541e-03	4.770519e-02	0.000000e+00	-4.001106e+03	1.525489e+05
1.820700e-01	1.516156e+05	-6.392435e-03	4.791775e-02	0.000000e+00	-2.581301e+03	1.541969e+05
1.832600e-01	1.693920e+05	-6.449585e-03	4.814508e-02	0.000000e+00	-3.006479e+03	1.723985e+05
1.844500e-01	1.648470e+05	-6.507021e-03	4.838178e-02	0.000000e+00	-2.105515e+03	1.669525e+05
1.856400e-01	1.509841e+05	-6.564734e-03	4.860544e-02	0.000000e+00	-3.739712e+03	1.547238e+05
1.868300e-01	1.726592e+05	-6.622702e-03	4.883463e-02	0.000000e+00	-3.114679e+03	1.757739e+05
1.880200e-01	1.538047e+05	-6.680960e-03	4.906582e-02	0.000000e+00	-4.530665e+03	1.583353e+05
1.892100e-01	1.465063e+05	-6.739478e-03	4.927849e-02	0.000000e+00	-4.771985e+03	1.512782e+05
1.904000e-01	1.532250e+05	-6.798243e-03	4.949075e-02	0.000000e+00	-5.331167e+03	1.585561e+05
1.915900e-01	1.624474e+05	-6.857266e-03	4.971430e-02	0.000000e+00	-4.147049e+03	1.665945e+05
1.927800e-01	1.533402e+05	-6.916563e-03	4.993793e-02	0.000000e+00	-7.738026e+03	1.610782e+05
1.939700e-01	1.421299e+05	-6.976118e-03	5.014717e-02	0.000000e+00	-7.790948e+03	1.499209e+05
1.951600e-01	1.416765e+05	-7.035913e-03	5.034815e-02	0.000000e+00	-4.275840e+03	1.459523e+05
1.963500e-01	1.553044e+05	-7.095947e-03	5.055846e-02	0.000000e+00	-4.957421e+03	1.602618e+05
1.975400e-01	1.664143e+05	-7.156242e-03	5.078629e-02	0.000000e+00	-5.732076e+03	1.721464e+05
1.987300e-01	1.510281e+05	-7.216818e-03	5.101109e-02	0.000000e+00	-4.353791e+03	1.553819e+05
1.999200e-01	1.594564e+05	-7.277649e-03	5.123097e-02	0.000000e+00	-5.398134e+03	1.648545e+05
2.011100e-01	1.744958e+05	-7.338748e-03	5.146746e-02	0.000000e+00	-6.533278e+03	1.810290e+05
2.023000e-01	1.591845e+05	-7.400141e-03	5.170376e-02	0.000000e+00	-2.023089e+03	1.612076e+05
2.034900e-01	1.454988e+05	-7.461803e-03	5.191952e-02	0.000000e+00	-4.306012e+03	1.498048e+05
2.046800e-01	1.675918e+05	-7.523710e-03	5.214124e-02	0.000000e+00	-2.839781e+03	1.704316e+05
2.058700e-01	1.584597e+05	-7.585899e-03	5.237214e-02	0.000000e+00	-6.737506e+03	1.651972e+05
2.070600e-01	1.606980e+05	-7.648356e-03	5.259816e-02	0.000000e+00	-6.666851e+03	1.673649e+05
2.082500e-01	1.454262e+05	-7.711083e-03	5.281495e-02	0.000000e+00	-6.643295e+03	1.520695e+05
2.094400e-01	1.584663e+05	-7.774055e-03	5.303015e-02	0.000000e+00	-5.024853e+03	1.634911e+05
2.106300e-01	1.688187e+05	-7.837295e-03	5.326192e-02	0.000000e+00	-3.443981e+03	1.722627e+05
2.118200e-01	1.660333e+05	-7.900819e-03	5.349905e-02	0.000000e+00	-2.865781e+03	1.688991e+05
2.130100e-01	1.663295e+05	-7.964622e-03	5.373442e-02	0.000000e+00	-2.112516e+03	1.684420e+05
2.142000e-01	1.458600e+05	-8.028706e-03	5.395550e-02	0.000000e+00	-3.947058e+03	1.498071e+05
2.153900e-01	1.510974e+05	-8.093036e-03	5.416580e-02	0.000000e+00	-2.629185e+03	1.537266e+05
2.165800e-01	1.498661e+05	-8.157621e-03	5.437893e-02	0.000000e+00	-8.182641e+03	1.580487e+05
2.177700e-01	1.473622e+05	-8.222458e-03	5.458942e-02	0.000000e+00	-2.735174e+03	1.500974e+05
2.189600e-01	1.547002e+05	-8.287544e-03	5.480333e-02	0.000000e+00	-4.155001e+03	1.588552e+05
2.201500e-01	1.649981e+05	-8.352890e-03	5.502972e-02	0.000000e+00	-4.123484e+03	1.691216e+05
2.213400e-01	1.723211e+05	-8.418515e-03	5.526860e-02	0.000000e+00	-6.910535e+03	1.792317e+05
2.225300e-01	1.598258e+05	-8.484429e-03	5.550382e-02	0.000000e+00	-4.788108e+03	1.646139e+05
2.237200e-01	1.522057e+05	-8.550614e-03	5.572479e-02	0.000000e+00	-4.590354e+03	1.567960e+05
2.249100e-01	1.478961e+05	-8.617054e-03	5.593731e-02	0.000000e+00	-5.122632e+03	1.530187e+05
2.261000e-01	1.643228e+05	-8.683744e-03	5.615841e-02	0.000000e+00	-3.094503e+03	1.674173e+05
2.272900e-01	1.643860e+05	-8.750711e-03	5.639119e-02	0.000000e+00	-4.874711e+03	1.692607e+05
2.284800e-01	1.767734e+05	-8.817956e-03	5.663279e-02	0.000000e+00	-4.682228e+03	1.814556e+05
2.296700e-01	1.742600e+05	-8.885497e-03	5.688138e-02	0.000000e+00	-5.712759e+03	1.799728e+05
2.308600e-01	1.715783e+05	-8.953333e-03	5.712629e-02	0.000000e+00	-4.782160e+03	1.763604e+05
2.320500e-01	1.729115e+05	-9.021458e-03	5.737024e-02	0.000000e+00	-7.206807e+03	1.801183e+05
2.332400e-01	1.957399e+05	-9.089874e-03	5.763131e-02	0.000000e+00	-8.331660e+03	2.040715e+05
2.344300e-01	1.774337e+05	-9.158621e-03	5.789558e-02	0.000000e+00	-4.328293e+03	1.817620e+05
2.356200e-01	1.614633e+05	-9.227666e-03	5.813557e-02	0.000000e+00	-4.026574e+03	1.654898e+05
2.368100e-01	1.686266e+05	-9.296983e-03	5.836933e-02	0.000000e+00	-6.838197e+03	1.754648e+05
2.380000e-01	1.841523e+05	-9.366585e-03	5.861916e-02	0.000000e+00	-3.733674e+03	1.878859e+05
2.391900e-01	1.754800e+05	-9.436497e-03	5.887383e-02	0.000000e+00	-3.863741e+03	1.793437e+05
2.403800e-01	1.783736e+05	-9.506705e-03	5.912442e-02	0.000000e+00	-3.528195e+03	1.819018e+05
2.415700e-01	1.666598e+05	-9.577213e-03	5.936876e-02	0.000000e+00	-5.402202e+03	1.720620e+05
2.427600e-01	1.759042e+05	-9.648002e-03	5.961135e-02	0.000000e+00	-4.783210e+03	1.806874e+05
2.439500e-01	1.738182e+05	-9.719088e-03	5.985901e-02	0.000000e+00	-5.160318e+03	1.789785e+05
2.451400e-01	1.800634e+05	-9.790467e-03	6.010962e-02	0.000000e+00	-3.517323e+03	1.835807e+05
2.463300e-01	1.728253e+05	-9.862149e-03	6.035952e-02	0.000000e+00	-3.400814e+03	1.762261e+05
2.475200e-01	1.648385e+05	-9.934122e-03	6.059865e-02	0.000000e+00	-7.064651e+03	1.719031e+05
2.487100e-01	1.674616e+05	-1.000637e-02	6.083397e-02	0.000000e+00	-4.324556e+03	1.717862e+05
2.499000e-01	1.675906e+05	-1.007891e-02	6.107124e-02	0.000000e+00	-2.401427e+03	1.699921e+05
2.510900e-01	1.918160e+05	-1.015172e-02	6.132576e-02	0.000000e+00	-3.948640e+03	1.957647e+05
2.522800e-01	1.953210e+05	-1.022486e-02	6.159992e-02	0.000000e+00	-3.822003e+03	1.991430e+05
2.534700e-01	1.747691e+05	-1.029833e-02	6.186200e-02	0.000000e+00	-4.163166e+03	1.789323e+05
2.546600e-01	1.596532e+05	-1.037209e-02	6.209883e-02	0.000000e+00	-3.087534e+03	1.627407e+05
2.558500e-01	1.641601e+05	-1.044613e-02	6.232814e-02	0.000000e+00	-6.230186e+03	1.703903e+05
2.570400e-01	1.806125e+05	-1.052044e-02	6.257230e-02	0.000000e+00	-5.707153e+03	1.863197e+05
2.582300e-01	1.889993e+05	-1.059505e-02	6.283404e-02	0.000000e+00	-2.419589e+03	1.914189e+05
2.594200e-01	1.839394e+05	-1.066998e-02	6.309815e-02	0.000000e+00	-6.190762e+03	1.901302e+05
2.606100e-01	1.705855e+05	-1.074522e-02	6.334921e-02	0.000000e+00	-3.177914e+03	1.737634e+05
2.618000e-01	1.728591e+05	-1.082075e-02	6.359242e-02	0.000000e+00	-2.816461e+03	1.756756e+05
2.629900e-01	1.889726e+05	-1.089657e-02	6.384866e-02	0.000000e+00	-3.694500e+03	1.926671e+05
2.641800e-01	1.841854e+05	-1.097271e-02	6.411292e-02	0.000000e+00	-2.952794e+03	1.871382e+05
2.653700e-01	1.831224e+05	-1.104916e-02	6.437303e-02	0.000000e+00	-2.870633e+03	1.859931e+05
2.665600e-01	1.754114e+05	-1.112592e-02	6.462693e-02	0.000000e+00	-6.379810e+03	1.817912e+05
2.677500e-01	1.765738e+05	-1.120297e-02	6.487620e-02	0.000000e+00	-5.533361e+03	1.821072e+05
2.689400e-01	1.968429e+05	-1.128032e-02	6.514064e-02	0.000000e+00	-3.503778e+03	2.003467e+05
2.701300e-01	1.662030e+05	-1.135801e-02	6.539773e-02	0.000000e+00	-2.935216e+03	1.691382e+05
2.713200e-01	1.728640e+05	-1.143597e-02	6.563785e-02	0.000000e+00	-3.275281e+03	1.761393e+05
2.725100e-01	1.643455e+05	-1.151423e-02	6.587665e-02	0.000000e+00	-5.267958e+03	1.696135e+05
2.737000e-01	1.689819e+05	-1.159276e-02	6.611270e-02	0.000000e+00	-4.751846e+03	1.737337e+05
2.748900e-01	1.869321e+05	-1.167157e-02	6.636474e-02	0.000000e+00	-1.997826e+03	1.889300e+05
2.760800e-01	1.936534e+05	-1.175071e-02	6.663426e-02	0.000000e+00	-2.918235e+03	1.965717e+05
2.772700e-01	1.861352e+05	-1.183016e-02	6.690321e-02	0.000000e+00	-3.095572e+03	1.892308e+05
2.784600e-01	1.767354e+05	-1.190993e-02	6.716019e-02	0.000000e+00	-4.547543e+03	1.812829e+05
2.796500e-01	1.673176e+05	-1.199000e-02	6.740383e-02	0.000000e+00	-4.101645e+03	1.714193e+05
2.808400e-01	1.673488e+05	-1.207036e-02	6.764083e-02	0.000000e+00	-5.211219e+03	1.725600e+05
2.820300e-01	1.860499e+05	-1.215099e-02	6.789110e-02	0.000000e+00	-3.759899e+03	1.898098e+05
2.832200e-01	1.831824e+05	-1.223194e-02	6.815257e-02	0.000000e+00	-6.460473e+03	1.896429e+05
2.844100e-01	1.848182e+05	-1.231319e-02	6.841318e-02	0.000000e+00	-3.518271e+03	1.883364e+05
2.856000e-01	1.916290e+05	-1.239476e-02	6.867976e-02	0.000000e+00	-2.980488e+03	1.946095e+05
2.867900e-01	1.788398e+05	-1.247665e-02	6.894212e-02	0.000000e+00	-3.520277e+03	1.823601e+05
2.879800e-01	1.763547e+05	-1.255884e-02	6.919365e-02	0.000000e+00	-4.573063e+03	1.809277e+05
2.891700e-01	1.877552e+05	-1.264133e-02	6.945150e-02	0.000000e+00	-1.719191e+03	1.894744e+05
2.903600e-01	1.893342e+05	-1.272414e-02	6.971855e-02	0.000000e+00	-2.694434e+03	1.920286e+05
2.915500e-01	1.935529e+05	-1.280726e-02	6.998969e-02	0.000000e+00	-4.275684e+03	1.978286e+05
2.927400e-01	1.708966e+05	-1.289071e-02	7.024778e-02	0.000000e+00	-4.328751e+03	1.752254e+05
2.939300e-01	1.814479e+05	-1.297445e-02	7.049730e-02	0.000000e+00	-6.594651e+03	1.880425e+05
2.951200e-01	1.796041e+05	-1.305850e-02	7.075298e-02	0.000000e+00	-6.398912e+03	1.860031e+05
2.963100e-01	1.903813e+05	-1.314284e-02	7.101500e-02	0.000000e+00	-3.054234e+03	1.934355e+05
2.975000e-01	1.821398e+05	-1.322751e-02	7.127880e-02	0.000000e+00	-3.526907e+03	1.856667e+05
2.986900e-01	1.868985e+05	-1.331249e-02	7.154014e-02	0.000000e+00	-2.810490e+03	1.897090e+05
2.998800e-01	1.890043e+05	-1.339778e-02	7.180634e-02	0.000000e+00	-4.279054e+03	1.932834e+05
3.010700e-01	1.742498e+05	-1.348339e-02	7.206359e-02	0.000000e+00	-3.123535e+03	1.773733e+05
3.022600e-01	1.642382e+05	-1.356929e-02	7.230329e-02	0.000000e+00	-3.867706e+03	1.681059e+05
3.034500e-01	1.920399e+05	-1.365547e-02	7.255560e-02	0.000000e+00	-4.039779e+03	1.960797e+05
3.046400e-01	1.820457e+05	-1.374197e-02	7.282051e-02	0.000000e+00	-5.582986e+03	1.876287e+05
3.058300e-01	1.822376e+05	-1.382878e-02	7.307848e-02	0.000000e+00	-3.912854e+03	1.861504e+05
3.070200e-01	1.882147e+05	-1.391590e-02	7.334082e-02	0.000000e+00	-5.066925e+03	1.932816e+05
3.082100e-01	1.781753e+05	-1.400333e-02	7.360029e-02	0.000000e+00	-4.980257e+03	1.831555e+05
3.094000e-01	1.758518e+05	-1.409107e-02	7.385100e-02	0.000000e+00	-4.713228e+03	1.805650e+05
3.105900e-01	1.870329e+05	-1.417910e-02	7.410798e-02	0.000000e+00	-3.123261e+03	1.901562e+05
3.117800e-01	1.839099e+05	-1.426744e-02	7.437067e-02	0.000000e+00	-3.895171e+03	1.878051e+05
3.129700e-01	1.960356e+05	-1.435610e-02	7.463973e-02	0.000000e+00	-2.448205e+03	1.984838e+05
3.141600e-01	2.020650e+05	-1.444509e-02	7.492165e-02	0.000000e+00	-2.950693e+03	2.050157e+05
3.153500e-01	2.000189e+05	-1.453441e-02	7.520639e-02	0.000000e+00	-4.560085e+03	2.045790e+05
3.165400e-01	1.825149e+05	-1.462408e-02	7.547729e-02	0.000000e+00	-7.728448e+03	1.902434e+05
3.177300e-01	1.895395e+05	-1.471405e-02	7.574077e-02	0.000000e+00	-4.769272e+03	1.943088e+05
3.189200e-01	1.881831e+05	-1.480434e-02	7.600826e-02	0.000000e+00	-5.053930e+03	1.932370e+05
3.201100e-01	1.753635e+05	-1.489495e-02	7.626571e-02	0.000000e+00	-3.924630e+03	1.792881e+05
3.213000e-01	1.691388e+05	-1.498585e-02	7.650967e-02	0.000000e+00	-3.893135e+03	1.730320e+05
3.224900e-01	1.871844e+05	-1.507704e-02	7.676201e-02	0.000000e+00	-3.945263e+03	1.911297e+05
3.236800e-01	1.834051e+05	-1.516855e-02	7.702445e-02	0.000000e+00	-2.467085e+03	1.858722e+05
3.248700e-01	1.928478e+05	-1.526036e-02	7.729090e-02	0.000000e+00	-3.303803e+03	1.961516e+05
3.260600e-01	1.892084e+05	-1.535250e-02	7.756145e-02	0.000000e+00	-5.415853e+03	1.946243e+05
3.272500e-01	1.860788e+05	-1.544496e-02	7.782722e-02	0.000000e+00	-3.978680e+03	1.900574e+05
3.284400e-01	1.842852e+05	-1.553773e-02	7.808950e-02	0.000000e+00	-2.713299e+03	1.869985e+05
3.296300e-01	2.039950e+05	-1.563081e-02	7.836446e-02	0.000000e+00	-4.261753e+03	2.082568e+05
3.308200e-01	1.958486e+05	-1.572423e-02	7.864762e-02	0.000000e+00	-6.448557e+03	2.022972e+05
3.320100e-01	1.909716e+05	-1.581799e-02	7.892155e-02	0.000000e+00	-5.408400e+03	1.963800e+05
3.332000e-01	1.934739e+05	-1.591207e-02	7.919380e-02	0.000000e+00	-1.584387e+03	1.950583e+05
3.343900e-01	1.898034e+05	-1.600647e-02	7.946523e-02	0.000000e+00	-2.908159e+03	1.927116e+05
3.355800e-01	1.895553e+05	-1.610120e-02	7.973387e-02	0.000000e+00	-4.107052e+03	1.936623e+05
3.367700e-01	1.911618e+05	-1.619624e-02	8.000348e-02	0.000000e+00	-1.508502e+03	1.926703e+05
3.379600e-01	1.879266e+05	-1.629160e-02	8.027194e-02	0.000000e+00	-3.526881e+03	1.914535e+05
3.391500e-01	1.848399e+05	-1.638729e-02	8.053592e-02	0.000000e+00	-7.129436e+03	1.919694e+05
3.403400e-01	1.966049e+05	-1.648328e-02	8.080605e-02	0.000000e+00	-4.957868e+03	2.015627e+05
3.415300e-01	2.040097e+05	-1.657960e-02	8.108975e-02	0.000000e+00	-3.744954e+03	2.077546e+05
3.427200e-01	2.068072e+05	-1.667627e-02	8.138067e-02	0.000000e+00	-2.906193e+03	2.097134e+05
3.439100e-01	1.908999e+05	-1.677329e-02	8.166232e-02	0.000000e+00	-4.866965e+03	1.957668e+05
3.451000e-01	1.929276e+05	-1.687063e-02	8.193413e-02	0.000000e+00	-1.890651e+03	1.948182e+05
3.462900e-01	1.876879e+05	-1.696829e-02	8.220367e-02	0.000000e+00	-4.236564e+03	1.919245e+05
3.474800e-01	1.875609e+05	-1.706627e-02	8.246941e-02	0.000000e+00	-6.811587e+03	1.943725e+05
3.486700e-01	1.862302e+05	-1.716457e-02	8.273411e-02	0.000000e+00	-5.432352e+03	1.916625e+05
3.498600e-01	1.794357e+05	-1.726318e-02	8.299306e-02	0.000000e+00	-2.982603e+03	1.824183e+05
3.510500e-01	1.879891e+05	-1.736209e-02	8.325326e-02	0.000000e+00	-3.223878e+03	1.912129e+05
3.522400e-01	1.856015e+05	-1.746132e-02	8.351782e-02	0.000000e+00	-3.029847e+03	1.886313e+05
3.534300e-01	1.934198e+05	-1.756087e-02	8.378623e-02	0.000000e+00	-4.923888e+03	1.983437e+05
3.546200e-01	2.090566e+05	-1.766073e-02	8.407125e-02	0.000000e+00	-3.067339e+03	2.121239e+05
3.558100e-01	2.035778e+05	-1.776096e-02	8.436347e-02	0.000000e+00	-5.201533e+03	2.087794e+05
3.570000e-01	1.756334e+05	-1.786152e-02	8.463201e-02	0.000000e+00	-9.925618e+03	1.855590e+05
3.581900e-01	1.946210e+05	-1.796238e-02	8.489421e-02	0.000000e+00	-4.048620e+03	1.986697e+05
3.593800e-01	1.928983e+05	-1.806357e-02	8.516864e-02	0.000000e+00	-3.682941e+03	1.965812e+05
3.605700e-01	2.116270e+05	-1.816508e-02	8.545511e-02	0.000000e+00	-3.009930e+03	2.146370e+05
3.617600e-01	1.792400e+05	-1.826695e-02	8.573191e-02	0.000000e+00	-2.640705e+03	1.818807e+05
3.629500e-01	1.958980e+05	-1.836912e-02	8.599757e-02	0.000000e+00	-4.514522e+03	2.004125e+05
3.641400e-01	1.901877e+05	-1.847163e-02	8.627098e-02	0.000000e+00	-4.736472e+03	1.949242e+05
3.653300e-01	1.829356e+05	-1.857445e-02	8.653521e-02	0.000000e+00	-4.016385e+03	1.869520e+05
3.665200e-01	1.986339e+05	-1.867758e-02	8.680543e-02	0.000000e+00	-2.193798e+03	2.008277e+05
3.677100e-01	1.851858e+05	-1.878105e-02	8.707723e-02	0.000000e+00	-2.798105e+03	1.879839e+05
3.689000e-01	1.846722e+05	-1.888482e-02	8.733915e-02	0.000000e+00	-4.045612e+03	1.887178e+05
3.700900e-01	1.902839e+05	-1.898891e-02	8.760469e-02	0.000000e+00	-3.908724e+03	1.941926e+05
3.712800e-01	1.900017e+05	-1.909332e-02	8.787399e-02	0.000000e+00	-2.769514e+03	1.927712e+05
3.724700e-01	1.875485e+05	-1.919805e-02	8.814136e-02	0.000000e+00	-2.431035e+03	1.899795e+05
3.736600e-01	1.964410e+05	-1.930310e-02	8.841329e-02	0.000000e+00	-2.816505e+03	1.992575e+05
3.748500e-01	1.952098e+05	-1.940848e-02	8.869064e-02	0.000000e+00	-4.890002e+03	2.000998e+05
3.760400e-01	2.095453e+05	-1.951418e-02	8.897727e-02	0.000000e+00	-4.512517e+03	2.140579e+05
3.772300e-01	2.082626e+05	-1.962024e-02	8.927315e-02	0.000000e+00	-3.921714e+03	2.121843e+05
3.784200e-01	1.939559e+05	-1.972665e-02	8.955799e-02	0.000000e+00	-1.976696e+03	1.959326e+05
3.796100e-01	1.851184e+05	-1.983339e-02	8.982643e-02	0.000000e+00	-1.200503e+03	1.863189e+05
3.808000e-01	2.041312e+05	-1.994044e-02	9.010209e-02	0.000000e+00	-2.448718e+03	2.065799e+05
3.819900e-01	2.023530e+05	-2.004783e-02	9.038994e-02	0.000000e+00	-2.393635e+03	2.047467e+05
3.831800e-01	1.952853e+05	-2.015557e-02	9.067154e-02	0.000000e+00	-5.063335e+03	2.003487e+05
3.843700e-01	2.045266e+05	-2.026363e-02	9.095467e-02	0.000000e+00	-2.960380e+03	2.074870e+05
3.855600e-01	2.125267e+05	-2.037204e-02	9.125001e-02	0.000000e+00	-1.320146e+03	2.138469e+05
3.867500e-01	2.185547e+05	-2.048081e-02	9.155529e-02	0.000000e+00	-1.652608e+03	2.202073e+05
3.879400e-01	1.889594e+05	-2.058994e-02	9.184388e-02	0.000000e+00	-3.071848e+03	1.920312e+05
3.891300e-01	2.022989e+05	-2.069939e-02	9.212095e-02	0.000000e+00	-2.108750e+03	2.044077e+05
3.903200e-01	1.981146e+05	-2.080919e-02	9.240451e-02	0.000000e+00	-1.938119e+03	2.000527e+05
3.915100e-01	2.053175e+05	-2.091932e-02	9.269021e-02	0.000000e+00	-1.427752e+03	2.067452e+05
3.927000e-01	1.980015e+05	-2.102979e-02	9.297582e-02	0.000000e+00	-1.505285e+03	1.995068e+05
3.938900e-01	2.042488e+05	-2.114060e-02	9.326068e-02	0.000000e+00	-5.094548e+03	2.093433e+05
3.950800e-01	1.997604e+05	-2.125175e-02	9.354679e-02	0.000000e+00	-4.557527e+03	2.043179e+05
3.962700e-01	1.976636e+05	-2.136324e-02	9.382823e-02	0.000000e+00	-4.059902e+03	2.017235e+05
3.974600e-01	1.951935e+05	-2.147506e-02	9.410644e-02	0.000000e+00	-5.704622e+03	2.008982e+05
3.986500e-01	1.938625e+05	-2.158721e-02	9.438195e-02	0.000000e+00	-4.606776e+03	1.984693e+05
3.998400e-01	1.780651e+05	-2.169969e-02	9.464534e-02	0.000000e+00	-3.110426e+03	1.811756e+05
4.010300e-01	1.795772e+05	-2.181247e-02	9.489861e-02	0.000000e+00	-2.889094e+03	1.824663e+05
4.022200e-01	1.774495e+05	-2.192555e-02	9.515144e-02	0.000000e+00	-2.818766e+03	1.802683e+05
4.034100e-01	1.963120e+05	-2.203893e-02	9.541613e-02	0.000000e+00	-2.962598e+03	1.992746e+05
4.046000e-01	1.924864e+05	-2.215264e-02	9.569146e-02	0.000000e+00	-3.318414e+03	1.958048e+05
4.057900e-01	2.019797e+05	-2.226668e-02	9.597081e-02	0.000000e+00	-2.910970e+03	2.048907e+05
4.069800e-01	2.122528e+05	-2.238105e-02	9.626415e-02	0.000000e+00	-3.188949e+03	2.154418e+05
4.081700e-01	2.073218e+05	-2.249579e-02	9.656128e-02	0.000000e+00	-2.247302e+03	2.095691e+05
4.093600e-01	2.148646e+05	-2.261087e-02	9.686026e-02	0.000000e+00	-2.074801e+03	2.169394e+05
4.105500e-01	1.734255e+05	-2.272631e-02	9.713523e-02	0.000000e+00	-4.035460e+03	1.774610e+05
4.117400e-01	1.976681e+05	-2.284205e-02	9.739803e-02	0.000000e+00	-1.878767e+03	1.995469e+05
4.129300e-01	1.934794e+05	-2.295812e-02	9.767502e-02	0.000000e+00	-2.855580e+03	1.963350e+05
4.141200e-01	2.091993e+05	-2.307452e-02	9.796019e-02	0.000000e+00	-2.719378e+03	2.119187e+05
4.153100e-01	1.871147e+05	-2.319127e-02	9.824084e-02	0.000000e+00	-1.465988e+03	1.885806e+05
4.165000e-01	1.918984e+05	-2.330833e-02	9.850925e-02	0.000000e+00	-2.232480e+03	1.941309e+05
4.176900e-01	2.134420e+05	-2.342572e-02	9.879629e-02	0.000000e+00	-5.349433e+03	2.187914e+05
4.188800e-01	2.018827e+05	-2.354346e-02	9.909041e-02	0.000000e+00	-3.698551e+03	2.055812e+05
4.200700e-01	1.907844e+05	-2.366155e-02	9.936848e-02	0.000000e+00	-2.427816e+03	1.932122e+05
4.212600e-01	1.940577e+05	-2.377996e-02	9.964102e-02	0.000000e+00	-3.028543e+03	1.970863e+05
4.224500e-01	1.946766e+05	-2.389870e-02	9.991630e-02	0.000000e+00	-1.951287e+03	1.966279e+05
4.236400e-01	1.946316e+05	-2.401776e-02	1.001920e-01	0.000000e+00	-3.089691e+03	1.977213e+05
4.248300e-01	2.034778e+05	-2.413715e-02	1.004739e-01	0.000000e+00	-3.153758e+03	2.066316e+05
4.260200e-01	2.146146e+05	-2.425689e-02	1.007700e-01	0.000000e+00	-2.869457e+03	2.174841e+05
4.272100e-01	1.837552e+05	-2.437699e-02	1.010521e-01	0.000000e+00	-2.653970e+03	1.864092e+05
4.284000e-01	1.906078e+05	-2.449739e-02	1.013172e-01	0.000000e+00	-1.963598e+03	1.925714e+05
4.295900e-01	1.894911e+05	-2.461812e-02	1.015864e-01	0.000000e+00	-5.502877e+03	1.949940e+05
4.307800e-01	2.013140e+05	-2.473917e-02	1.018632e-01	0.000000e+00	-4.989961e+03	2.063040e+05
4.319700e-01	2.027214e+05	-2.486056e-02	1.021493e-01	0.000000e+00	-1.620786e+03	2.043422e+05
4.331600e-01	2.035406e+05	-2.498229e-02	1.024370e-01	0.000000e+00	-5.732016e+03	2.092726e+05
4.343500e-01	1.852570e+05	-2.510436e-02	1.027123e-01	0.000000e+00	-4.239680e+03	1.894966e+05
4.355400e-01	1.928218e+05	-2.522674e-02	1.029801e-01	0.000000e+00	-3.330197e+03	1.961520e+05
4.367300e-01	2.018587e+05	-2.534945e-02	1.032596e-01	0.000000e+00	-3.126770e+03	2.049854e+05
4.379200e-01	1.805863e+05	-2.547250e-02	1.035304e-01	0.000000e+00	-2.132209e+03	1.827185e+05
4.391100e-01	1.911239e+05	-2.559585e-02	1.037936e-01	0.000000e+00	-1.561633e+03	1.926856e+05
4.403000e-01	2.375511e+05	-2.571953e-02	1.040972e-01	0.000000e+00	-1.984947e+03	2.395360e+05
4.414900e-01	2.073506e+05	-2.584360e-02	1.044123e-01	0.000000e+00	-3.385691e+03	2.107363e+05
4.426800e-01	2.100684e+05	-2.596803e-02	1.047079e-01	0.000000e+00	-2.777311e+03	2.128457e+05
4.438700e-01	2.124577e+05	-2.609281e-02	1.050071e-01	0.000000e+00	-1.893221e+03	2.143509e+05
4.450600e-01	2.138011e+05	-2.621795e-02	1.053089e-01	0.000000e+00	-4.663335e+03	2.184644e+05
4.462500e-01	2.012714e+05	-2.634344e-02	1.056029e-01	0.000000e+00	-2.871380e+03	2.041428e+05
4.474400e-01	1.925540e+05	-2.646928e-02	1.058818e-01	0.000000e+00	-3.782957e+03	1.963370e+05
4.486300e-01	1.865157e+05	-2.659544e-02	1.061502e-01	0.000000e+00	-5.001811e+03	1.915175e+05
4.498200e-01	2.061621e+05	-2.672192e-02	1.064283e-01	0.000000e+00	-2.247641e+03	2.084098e+05
4.510100e-01	1.901542e+05	-2.684874e-02	1.067089e-01	0.000000e+00	-2.398283e+03	1.925525e+05
4.522000e-01	2.125535e+05	-2.697588e-02	1.069941e-01	0.000000e+00	-2.104289e+03	2.146578e+05
4.533900e-01	1.889115e+05	-2.710339e-02	1.072784e-01	0.000000e+00	-2.424145e+03	1.913356e+05
4.545800e-01	2.153299e+05	-2.723121e-02	1.075647e-01	0.000000e+00	-5.254288e+03	2.205842e+05
4.557700e-01	2.263121e+05	-2.735939e-02	1.078775e-01	0.000000e+00	-4.443226e+03	2.307553e+05
4.569600e-01	1.777857e+05	-2.748796e-02	1.081636e-01	0.000000e+00	-2.956099e+03	1.807418e+05
4.581500e-01	1.791751e+05	-2.761682e-02	1.084164e-01	0.000000e+00	-2.843256e+03	1.820183e+05
4.593400e-01	2.101315e+05	-2.774599e-02	1.086921e-01	0.000000e+00	-2.454244e+03	2.125858e+05
4.605300e-01	2.172552e+05	-2.787551e-02	1.089948e-01	0.000000e+00	-1.545379e+03	2.188006e+05
4.617200e-01	2.036615e+05	-2.800539e-02	1.092928e-01	0.000000e+00	-2.492550e+03	2.061540e+05
4.629100e-01	1.893110e+05	-2.813562e-02	1.095711e-01	0.000000e+00	-3.385288e+03	1.926963e+05
4.641000e-01	1.950031e+05	-2.826617e-02	1.098433e-01	0.000000e+00	-3.634452e+03	1.986376e+05
4.652900e-01	2.077866e+05	-2.839705e-02	1.101285e-01	0.000000e+00	-2.126498e+03	2.099131e+05
4.664800e-01	2.127428e+05	-2.852828e-02	1.104263e-01	0.000000e+00	-2.718025e+03	2.154609e+05
4.676700e-01	2.043047e+05	-2.865987e-02	1.107217e-01	0.000000e+00	-2.230581e+03	2.065353e+05
4.688600e-01	1.808830e+05	-2.879180e-02	1.109945e-01	0.000000e+00	-1.833323e+03	1.827163e+05
4.700500e-01	1.939117e+05	-2.892403e-02	1.112599e-01	0.000000e+00	-1.327052e+03	1.952387e+05
4.712400e-01	2.105996e+05	-2.905660e-02	1.115463e-01	0.000000e+00	-2.760927e+03	2.133605e+05
4.724300e-01	2.225616e+05	-2.918951e-02	1.118531e-01	0.000000e+00	-1.951322e+03	2.245129e+05
4.736200e-01	2.170413e+05	-2.932281e-02	1.121644e-01	0.000000e+00	-2.019568e+03	2.190609e+05
4.748100e-01	1.990033e+05	-2.945646e-02	1.124590e-01	0.000000e+00	-4.299181e+03	2.033025e+05
4.760000e-01	1.950554e+05	-2.959046e-02	1.127381e-01	0.000000e+00	-4.167293e+03	1.992227e+05
4.771900e-01	1.986235e+05	-2.972478e-02	1.130169e-01	0.000000e+00	-2.841949e+03	2.014654e+05
4.783800e-01	2.005298e+05	-2.985944e-02	1.132995e-01	0.000000e+00	-9.652881e+02	2.014951e+05
4.795700e-01	2.045782e+05	-2.999443e-02	1.135864e-01	0.000000e+00	-3.790054e+03	2.083683e+05
4.807600e-01	1.892059e+05	-3.012977e-02	1.138653e-01	0.000000e+00	-4.061462e+03	1.932674e+05
4.819500e-01	2.005963e+05	-3.026543e-02	1.141413e-01	0.000000e+00	-3.989016e+03	2.045854e+05
4.831400e-01	2.020626e+05	-3.040143e-02	1.144265e-01	0.000000e+00	-1.290399e+03	2.033530e+05
4.843300e-01	2.038540e+05	-3.053777e-02	1.147139e-01	0.000000e+00	-2.415328e+03	2.062693e+05
4.855200e-01	1.879466e+05	-3.067445e-02	1.149914e-01	0.000000e+00	-3.167739e+03	1.911143e+05
4.867100e-01	1.979593e+05	-3.081145e-02	1.152647e-01	0.000000e+00	-2.735616e+03	2.006949e+05
4.879000e-01	2.003125e+05	-3.094878e-02	1.155467e-01	0.000000e+00	-4.068559e+03	2.043811e+05
4.890900e-01	2.018826e+05	-3.108645e-02	1.158315e-01	0.000000e+00	-2.724855e+03	2.046075e+05
4.902800e-01	1.997952e+05	-3.122446e-02	1.161160e-01	0.000000e+00	-1.398400e+03	2.011936e+05
4.914700e-01	1.921624e+05	-3.136281e-02	1.163936e-01	0.000000e+00	-2.280069e+03	1.944424e+05
4.926600e-01	1.847855e+05	-3.150148e-02	1.166605e-01	0.000000e+00	-2.320400e+03	1.871059e+05
4.938500e-01	2.020287e+05	-3.164046e-02	1.169344e-01	0.000000e+00	-1.767604e+03	2.037963e+05
4.950400e-01	2.042356e+05	-3.177978e-02	1.172221e-01	0.000000e+00	-8.607436e+02	2.050963e+05
4.962300e-01	2.073715e+05	-3.191945e-02	1.175136e-01	0.000000e+00	-2.343820e+03	2.097153e+05
4.974200e-01	2.027425e+05	-3.205946e-02	1.178040e-01	0.000000e+00	-3.904217e+03	2.066467e+05
4.986100e-01	2.157495e+05	-3.219982e-02	1.181004e-01	0.000000e+00	-4.050420e+03	2.198000e+05
4.998000e-01	2.124613e+05	-3.234054e-02	1.184037e-01	0.000000e+00	-3.143266e+03	2.156046e+05
5.009900e-01	1.872695e+05	-3.248162e-02	1.186867e-01	0.000000e+00	-3.124678e+03	1.903942e+05
5.021800e-01	1.949560e+05	-3.262302e-02	1.189574e-01	0.000000e+00	-4.466594e+03	1.994226e+05
5.033700e-01	2.050006e+05	-3.276474e-02	1.192406e-01	0.000000e+00	-4.843329e+03	2.098439e+05
5.045600e-01	2.225451e+05	-3.290681e-02	1.195434e-01	0.000000e+00	-2.780571e+03	2.253257e+05
5.057500e-01	2.078191e+05	-3.304925e-02	1.198482e-01	0.000000e+00	-3.271890e+03	2.110910e+05
5.069400e-01	2.185234e+05	-3.319205e-02	1.201501e-01	0.000000e+00	-3.344925e+03	2.218683e+05
5.081300e-01	2.272273e+05	-3.333521e-02	1.204658e-01	0.000000e+00	-1.188511e+03	2.284158e+05
5.093200e-01	2.001247e+05	-3.347876e-02	1.207684e-01	0.000000e+00	-2.588931e+03	2.027136e+05
5.105100e-01	1.969414e+05	-3.362264e-02	1.210496e-01	0.000000e+00	-4.424967e+03	2.013664e+05
5.117000e-01	2.160706e+05	-3.376685e-02	1.213421e-01	0.000000e+00	-2.213921e+03	2.182845e+05
5.128900e-01	2.024060e+05	-3.391143e-02	1.216384e-01	0.000000e+00	-2.362937e+03	2.047689e+05
5.140800e-01	1.939788e+05	-3.405635e-02	1.219191e-01	0.000000e+00	-3.629023e+03	1.976078e+05
5.152700e-01	1.939281e+05	-3.420160e-02	1.221938e-01	0.000000e+00	-4.305708e+03	1.982338e+05
5.164600e-01	1.898237e+05	-3.434717e-02	1.224656e-01	0.000000e+00	-3.808760e+03	1.936325e+05
5.176500e-01	2.008800e+05	-3.449307e-02	1.227423e-01	0.000000e+00	-3.285305e+03	2.041653e+05
5.188400e-01	2.117837e+05	-3.463930e-02	1.230345e-01	0.000000e+00	-3.689940e+03	2.154737e+05
5.200300e-01	2.048526e+05	-3.478589e-02	1.233296e-01	0.000000e+00	-2.887738e+03	2.077403e+05
5.212200e-01	2.011251e+05	-3.493282e-02	1.236171e-01	0.000000e+00	-3.144191e+03	2.042692e+05
5.224100e-01	2.131175e+05	-3.508010e-02	1.239104e-01	0.000000e+00	-2.808503e+03	2.159260e+05
5.236000e-01	2.009260e+05	-3.522773e-02	1.242036e-01	0.000000e+00	-2.461182e+03	2.033872e+05
5.247900e-01	2.282803e+05	-3.537570e-02	1.245076e-01	0.000000e+00	-2.843407e+03	2.311237e+05
5.259800e-01	2.069177e+05	-3.552406e-02	1.248158e-01	0.000000e+00	-1.635804e+03	2.085535e+05
5.271700e-01	1.896621e+05	-3.567276e-02	1.250966e-01	0.000000e+00	-1.697418e+03	1.913595e+05
5.283600e-01	2.045662e+05	-3.582179e-02	1.253758e-01	0.000000e+00	-3.462841e+03	2.080291e+05
5.295500e-01	2.187592e+05	-3.597116e-02	1.256756e-01	0.000000e+00	-4.253455e+03	2.230126e+05
5.307400e-01	2.177948e+05	-3.612090e-02	1.259847e-01	0.000000e+00	-1.205942e+03	2.190008e+05
5.319300e-01	2.070574e+05	-3.627100e-02	1.262856e-01	0.000000e+00	-9.055812e+02	2.079630e+05
5.331200e-01	2.176719e+05	-3.642146e-02	1.265864e-01	0.000000e+00	-8.770624e+02	2.185489e+05
5.343100e-01	2.052893e+05	-3.657228e-02	1.268859e-01	0.000000e+00	-1.669482e+03	2.069588e+05
5.355000e-01	2.012011e+05	-3.672345e-02	1.271737e-01	0.000000e+00	-1.575533e+03	2.027766e+05
5.366900e-01	2.071459e+05	-3.687495e-02	1.274629e-01	0.000000e+00	-3.882301e+03	2.110282e+05
5.378800e-01	1.992261e+05	-3.702681e-02	1.277507e-01	0.000000e+00	-3.814832e+03	2.030409e+05
5.390700e-01	2.187122e+05	-3.717900e-02	1.280467e-01	0.000000e+00	-2.375060e+03	2.210873e+05
5.402600e-01	2.163969e+05	-3.733156e-02	1.283548e-01	0.000000e+00	-2.009270e+03	2.184061e+05
5.414500e-01	2.364865e+05	-3.748448e-02	1.286755e-01	0.000000e+00	-2.623205e+03	2.391097e+05
5.426400e-01	2.165933e+05	-3.763781e-02	1.289964e-01	0.000000e+00	-4.154712e+03	2.207480e+05
5.438300e-01	1.872075e+05	-3.779149e-02	1.292823e-01	0.000000e+00	-2.775031e+03	1.899825e+05
5.450200e-01	2.017486e+05	-3.794550e-02	1.295578e-01	0.000000e+00	-4.016666e+03	2.057653e+05
5.462100e-01	2.235892e+05	-3.809984e-02	1.298590e-01	0.000000e+00	-4.984102e+02	2.240877e+05
5.474000e-01	2.120136e+05	-3.825456e-02	1.301675e-01	0.000000e+00	0.000000e+00	2.120136e+05
5.485900e-01	2.129077e+05	-3.840964e-02	1.304684e-01	0.000000e+00	-1.434934e+03	2.143426e+05
5.497800e-01	1.885944e+05	-3.856508e-02	1.307527e-01	0.000000e+00	-4.501430e+03	1.930958e+05
5.509700e-01	2.031905e+05	-3.872083e-02	1.310302e-01	0.000000e+00	-2.309369e+03	2.054999e+05
5.521600e-01	2.116276e+05	-3.887693e-02	1.313239e-01	0.000000e+00	-1.627402e+03	2.132550e+05
5.533500e-01	2.100728e+05	-3.903338e-02	1.316225e-01	0.000000e+00	-2.858766e+03	2.129316e+05
5.545400e-01	2.257329e+05	-3.919019e-02	1.319312e-01	0.000000e+00	-3.534969e+03	2.292679e+05
5.557300e-01	2.161138e+05	-3.934738e-02	1.322441e-01	0.000000e+00	-1.968594e+03	2.180824e+05
5.569200e-01	2.480643e+05	-3.950493e-02	1.325728e-01	0.000000e+00	-2.519303e+02	2.483162e+05
5.581100e-01	2.201439e+05	-3.966290e-02	1.329044e-01	0.000000e+00	-1.445757e+03	2.215897e+05
5.593000e-01	2.036883e+05	-3.982124e-02	1.332045e-01	0.000000e+00	-2.835419e+03	2.065237e+05
5.604900e-01	2.035504e+05	-3.997993e-02	1.334929e-01	0.000000e+00	-1.612956e+03	2.051634e+05
5.616800e-01	2.022591e+05	-4.013896e-02	1.337803e-01	0.000000e+00	-1.847748e+03	2.041069e+05
5.628700e-01	2.126416e+05	-4.029833e-02	1.340741e-01	0.000000e+00	-1.061673e+03	2.137032e+05
5.640600e-01	2.303176e+05	-4.045805e-02	1.343878e-01	0.000000e+00	-1.850272e+03	2.321679e+05
5.652500e-01	2.145110e+05	-4.061817e-02	1.347028e-01	0.000000e+00	-3.274121e+03	2.177851e+05
5.664400e-01	1.879651e+05	-4.077865e-02	1.349878e-01	0.000000e+00	-3.424109e+03	1.913892e+05
5.676300e-01	2.121431e+05	-4.093944e-02	1.352711e-01	0.000000e+00	-4.464348e+03	2.166074e+05
5.688200e-01	2.032245e+05	-4.110059e-02	1.355653e-01	0.000000e+00	-1.686253e+03	2.049108e+05
5.700100e-01	2.084313e+05	-4.126209e-02	1.358568e-01	0.000000e+00	-6.329295e+02	2.090643e+05
5.712000e-01	2.193961e+05	-4.142393e-02	1.361598e-01	0.000000e+00	-2.890583e+03	2.222867e+05
5.723900e-01	2.119158e+05	-4.158615e-02	1.364652e-01	0.000000e+00	-2.908116e+03	2.148240e+05
5.735800e-01	1.920407e+05	-4.174872e-02	1.367513e-01	0.000000e+00	-4.189370e+03	1.962300e+05
5.747700e-01	2.174199e+05	-4.191161e-02	1.370413e-01	0.000000e+00	-2.080112e+03	2.195000e+05
5.759600e-01	2.372655e+05	-4.207488e-02	1.373633e-01	0.000000e+00	-1.894562e+03	2.391600e+05
5.771500e-01	2.246635e+05	-4.223854e-02	1.376904e-01	0.000000e+00	-5.571347e+02	2.252206e+05
5.783400e-01	1.889350e+05	-4.240258e-02	1.379833e-01	0.000000e+00	-1.498470e+03	1.904335e+05
5.795300e-01	2.252124e+05	-4.256694e-02	1.382766e-01	0.000000e+00	-2.620263e+03	2.278327e+05
5.807200e-01	1.956387e+05	-4.273168e-02	1.385746e-01	0.000000e+00	-2.037463e+03	1.976762e+05
5.819100e-01	2.196166e+05	-4.289675e-02	1.388687e-01	0.000000e+00	-6.752684e+02	2.202919e+05
5.831000e-01	2.264761e+05	-4.306218e-02	1.391846e-01	0.000000e+00	-8.715787e+02	2.273477e+05
5.842900e-01	2.284303e+05	-4.322800e-02	1.395067e-01	0.000000e+00	-2.008295e+03	2.304386e+05
5.854800e-01	2.119486e+05	-4.339421e-02	1.398186e-01	0.000000e+00	-3.771510e+03	2.157201e+05
5.866700e-01	2.119645e+05	-4.356077e-02	1.401188e-01	0.000000e+00	-1.643202e+03	2.136077e+05
5.878600e-01	2.122310e+05	-4.372769e-02	1.404192e-01	0.000000e+00	-2.397349e+03	2.146284e+05
5.890500e-01	2.236183e+05	-4.389497e-02	1.407278e-01	0.000000e+00	-4.291997e+03	2.279103e+05
5.902400e-01	2.240542e+05	-4.406263e-02	1.410449e-01	0.000000e+00	-3.174211e+03	2.272284e+05
5.914300e-01	2.186173e+05	-4.423066e-02	1.413583e-01	0.000000e+00	-3.257764e+03	2.218750e+05
5.926200e-01	2.311971e+05	-4.439906e-02	1.416769e-01	0.000000e+00	-1.590378e+03	2.327875e+05
5.938100e-01	2.074599e+05	-4.456785e-02	1.419875e-01	0.000000e+00	-9.400745e+02	2.083999e+05
5.950000e-01	2.084461e+05	-4.473699e-02	1.422821e-01	0.000000e+00	-1.935579e+03	2.103817e+05
5.961900e-01	2.366605e+05	-4.490648e-02	1.425973e-01	0.000000e+00	-5.970493e+01	2.367202e+05
5.973800e-01	2.271622e+05	-4.507637e-02	1.429257e-01	0.000000e+00	-9.110068e+02	2.280732e+05
5.985700e-01	2.173490e+05	-4.524664e-02	1.432405e-01	0.000000e+00	-2.528697e+03	2.198777e+05
5.997600e-01	1.996789e+05	-4.541728e-02	1.435358e-01	0.000000e+00	-3.895041e+03	2.035740e+05
6.009500e-01	2.041350e+05	-4.558826e-02	1.438218e-01	0.000000e+00	-1.314037e+03	2.054490e+05
6.021400e-01	2.144866e+05	-4.575958e-02	1.441183e-01	0.000000e+00	-5.949167e+02	2.150815e+05
6.033300e-01	2.244629e+05	-4.593126e-02	1.444291e-01	0.000000e+00	-1.961822e+03	2.264247e+05
6.045200e-01	2.216580e+05	-4.610332e-02	1.447450e-01	0.000000e+00	-3.237457e+03	2.248955e+05
6.057100e-01	2.065859e+05	-4.627575e-02	1.450483e-01	0.000000e+00	-2.216486e+03	2.088023e+05
6.069000e-01	2.220555e+05	-4.644853e-02	1.453518e-01	0.000000e+00	-4.682542e+03	2.267380e+05
6.080900e-01	2.573383e+05	-4.662169e-02	1.456913e-01	0.000000e+00	-2.499559e+03	2.598378e+05
6.092800e-01	2.083290e+05	-4.679528e-02	1.460211e-01	0.000000e+00	-4.676395e+03	2.130054e+05
6.104700e-01	2.169368e+05	-4.696922e-02	1.463223e-01	0.000000e+00	-2.428876e+03	2.193657e+05
6.116600e-01	2.203103e+05	-4.714353e-02	1.466319e-01	0.000000e+00	-2.250309e+03	2.225606e+05
6.128500e-01	2.270433e+05	-4.731820e-02	1.469487e-01	0.000000e+00	-1.482359e+03	2.285256e+05
6.140400e-01	2.261067e+05	-4.749326e-02	1.472696e-01	0.000000e+00	-1.852456e+03	2.279591e+05
6.152300e-01	2.270908e+05	-4.766871e-02	1.475905e-01	0.000000e+00	-2.118529e+03	2.292094e+05
6.164200e-01	2.129820e+05	-4.784453e-02	1.479022e-01	0.000000e+00	-1.173498e+03	2.141555e+05
6.176100e-01	2.168904e+05	-4.802071e-02	1.482066e-01	0.000000e+00	-9.867623e+02	2.178772e+05
6.188000e-01	2.049848e+05	-4.819726e-02	1.485054e-01	0.000000e+00	-3.605595e+03	2.085904e+05
6.199900e-01	1.864098e+05	-4.837416e-02	1.487825e-01	0.000000e+00	-3.162316e+03	1.895721e+05
6.211800e-01	2.007814e+05	-4.855136e-02	1.490567e-01	0.000000e+00	-3.322158e+03	2.041036e+05
6.223700e-01	2.164032e+05	-4.872891e-02	1.493522e-01	0.000000e+00	-4.252347e+03	2.206555e+05
6.235600e-01	2.319535e+05	-4.890682e-02	1.496697e-01	0.000000e+00	-3.034980e+03	2.349884e+05
6.247500e-01	2.395805e+05	-4.908513e-02	1.500036e-01	0.000000e+00	-2.322102e+03	2.419026e+05
6.259400e-01	2.008694e+05	-4.926383e-02	1.503155e-01	0.000000e+00	-3.758649e+03	2.046281e+05
6.271300e-01	2.285623e+05	-4.944288e-02	1.506196e-01	0.000000e+00	-4.402751e+03	2.329650e+05
6.283200e-01	2.076569e+05	-4.962231e-02	1.509285e-01	0.000000e+00	-3.370630e+03	2.110276e+05
6.295100e-01	2.093294e+05	-4.980209e-02	1.512238e-01	0.000000e+00	-1.046825e+03	2.103762e+05
6.307000e-01	2.274300e+05	-4.998222e-02	1.515331e-01	0.000000e+00	-2.955132e+03	2.303852e+05
6.318900e-01	2.074795e+05	-5.016273e-02	1.518411e-01	0.000000e+00	-4.074553e+03	2.115540e+05
6.330800e-01	2.111029e+05	-5.034360e-02	1.521375e-01	0.000000e+00	-1.393819e+03	2.124967e+05
6.342700e-01	2.019792e+05	-5.052482e-02	1.524301e-01	0.000000e+00	0.000000e+00	2.019792e+05
6.354600e-01	2.075579e+05	-5.070638e-02	1.527201e-01	0.000000e+00	-1.632947e+03	2.091908e+05
6.366500e-01	1.967980e+05	-5.088830e-02	1.530064e-01	0.000000e+00	-2.803035e+03	1.996010e+05
6.378400e-01	2.093748e+05	-5.107054e-02	1.532941e-01	0.000000e+00	-3.843510e+03	2.132183e+05
6.390300e-01	2.106600e+05	-5.125314e-02	1.535915e-01	0.000000e+00	-5.448283e+03	2.161083e+05
6.402200e-01	2.231744e+05	-5.143609e-02	1.538988e-01	0.000000e+00	-3.894380e+03	2.270688e+05
6.414100e-01	2.117643e+05	-5.161941e-02	1.542068e-01	0.000000e+00	-2.149607e+03	2.139139e+05
6.426000e-01	1.951900e+05	-5.180310e-02	1.544950e-01	0.000000e+00	-2.771644e+03	1.979617e+05
6.437900e-01	2.027607e+05	-5.198711e-02	1.547768e-01	0.000000e+00	-3.885683e+03	2.066464e+05
6.449800e-01	2.011047e+05	-5.217147e-02	1.550628e-01	0.000000e+00	-1.659390e+03	2.027641e+05
6.461700e-01	2.086568e+05	-5.235616e-02	1.553530e-01	0.000000e+00	-2.318102e+03	2.109749e+05
6.473600e-01	2.068465e+05	-5.254121e-02	1.556472e-01	0.000000e+00	-3.814675e+03	2.106611e+05
6.485500e-01	2.061769e+05	-5.272660e-02	1.559397e-01	0.000000e+00	-7.547604e+02	2.069316e+05
6.497400e-01	2.168023e+05	-5.291234e-02	1.562392e-01	0.000000e+00	-1.171166e+03	2.179735e+05
6.509300e-01	2.192687e+05	-5.309845e-02	1.565480e-01	0.000000e+00	-4.068809e+03	2.233375e+05
6.521200e-01	2.462143e+05	-5.328493e-02	1.568777e-01	0.000000e+00	-3.713859e+03	2.499282e+05
6.533100e-01	2.245030e+05	-5.347182e-02	1.572110e-01	0.000000e+00	-1.216418e+03	2.257194e+05
6.545000e-01	2.306570e+05	-5.365909e-02	1.575334e-01	0.000000e+00	-1.774003e+03	2.324310e+05
6.556900e-01	2.099182e+05	-5.384675e-02	1.578454e-01	0.000000e+00	-4.146636e+03	2.140648e+05
6.568800e-01	2.039800e+05	-5.403476e-02	1.581385e-01	0.000000e+00	-2.437188e+03	2.064172e+05
6.580700e-01	2.157928e+05	-5.422312e-02	1.584357e-01	0.000000e+00	-2.223778e+03	2.180166e+05
6.592600e-01	2.147354e+05	-5.441184e-02	1.587406e-01	0.000000e+00	-1.264250e+03	2.159996e+05
6.604500e-01	2.132697e+05	-5.460092e-02	1.590437e-01	0.000000e+00	-2.299621e+03	2.155693e+05
6.616400e-01	2.036834e+05	-5.479036e-02	1.593390e-01	0.000000e+00	-1.212458e+03	2.048959e+05
6.628300e-01	2.223836e+05	-5.498015e-02	1.596407e-01	0.000000e+00	-1.061206e+03	2.234448e+05
6.640200e-01	2.291027e+05	-5.517031e-02	1.599604e-01	0.000000e+00	-6.194662e+02	2.297222e+05
6.652100e-01	2.242075e+05	-5.536086e-02	1.602815e-01	0.000000e+00	-2.729893e+03	2.269374e+05
6.664000e-01	2.117369e+05	-5.555178e-02	1.605902e-01	0.000000e+00	-3.129619e+03	2.148666e+05
6.675900e-01	2.024761e+05	-5.574306e-02	1.608835e-01	0.000000e+00	-3.965058e+03	2.064412e+05
6.687800e-01	2.093085e+05	-5.593468e-02	1.611751e-01	0.000000e+00	-2.456948e+03	2.117655e+05
6.699700e-01	2.080959e+05	-5.612666e-02	1.614707e-01	0.000000e+00	-3.123781e+03	2.112197e+05
6.711600e-01	2.147927e+05	-5.631898e-02	1.617702e-01	0.000000e+00	-3.673539e+03	2.184663e+05
6.723500e-01	2.184549e+05	-5.651167e-02	1.620770e-01	0.000000e+00	-2.585431e+03	2.210403e+05
6.735400e-01	2.275761e+05	-5.670473e-02	1.623929e-01	0.000000e+00	-2.663595e+03	2.302397e+05
6.747300e-01	2.107852e+05	-5.689816e-02	1.627033e-01	0.000000e+00	-2.594749e+03	2.133800e+05
6.759200e-01	2.111379e+05	-5.709196e-02	1.630021e-01	0.000000e+00	-1.648815e+03	2.127867e+05
6.771100e-01	2.227437e+05	-5.728611e-02	1.633093e-01	0.000000e+00	-1.460899e+03	2.242046e+05
6.783000e-01	2.178689e+05	-5.748064e-02	1.636214e-01	0.000000e+00	-1.060109e+03	2.189290e+05
6.794900e-01	2.132323e+05	-5.767553e-02	1.639267e-01	0.000000e+00	-9.510337e+02	2.141834e+05
6.806800e-01	2.203277e+05	-5.787078e-02	1.642337e-01	0.000000e+00	-2.618730e+03	2.229465e+05
6.818700e-01	2.148716e+05	-5.806640e-02	1.645419e-01	0.000000e+00	-1.434052e+03	2.163056e+05
6.830600e-01	2.194484e+05	-5.826239e-02	1.648495e-01	0.000000e+00	-1.432401e+03	2.208808e+05
6.842500e-01	2.182238e+05	-5.845875e-02	1.651594e-01	0.000000e+00	-2.600944e+03	2.208248e+05
6.854400e-01	2.526668e+05	-5.865547e-02	1.654929e-01	0.000000e+00	-2.671944e+03	2.553388e+05
6.866300e-01	2.453845e+05	-5.885262e-02	1.658456e-01	0.000000e+00	-3.876329e+03	2.492608e+05
6.878200e-01	2.163799e+05	-5.905018e-02	1.661726e-01	0.000000e+00	-4.935123e+03	2.213150e+05
6.890100e-01	2.213616e+05	-5.924811e-02	1.664826e-01	0.000000e+00	-8.229787e+02	2.221845e+05
6.902000e-01	2.142291e+05	-5.944641e-02	1.667910e-01	0.000000e+00	-1.642915e+03	2.158720e+05
6.913900e-01	2.113263e+05	-5.964507e-02	1.670924e-01	0.000000e+00	-2.633321e+03	2.139597e+05
6.925800e-01	2.099979e+05	-5.984409e-02	1.673908e-01	0.000000e+00	-5.058129e+03	2.150560e+05
6.937700e-01	2.128517e+05	-6.004346e-02	1.676902e-01	0.000000e+00	-1.254873e+03	2.141066e+05
6.949600e-01	2.580218e+05	-6.024319e-02	1.680237e-01	0.000000e+00	-5.495108e+02	2.585713e+05
6.961500e-01	2.203882e+05	-6.044336e-02	1.683625e-01	0.000000e+00	-5.149078e+02	2.209031e+05
6.973400e-01	2.095454e+05	-6.064390e-02	1.686669e-01	0.000000e+00	-3.628008e+03	2.131734e+05
6.985300e-01	2.084332e+05	-6.084479e-02	1.689629e-01	0.000000e+00	-1.627002e+03	2.100603e+05
6.997200e-01	2.037559e+05	-6.104603e-02	1.692548e-01	0.000000e+00	-1.920600e+03	2.056765e+05
7.009100e-01	2.182742e+05	-6.124761e-02	1.695537e-01	0.000000e+00	-1.734286e+03	2.200085e+05
7.021000e-01	2.295473e+05	-6.144957e-02	1.698708e-01	0.000000e+00	-1.054134e+03	2.306014e+05
7.032900e-01	2.145074e+05	-6.165191e-02	1.701853e-01	0.000000e+00	-7.621106e+02	2.152695e+05
7.044800e-01	2.373919e+05	-6.185461e-02	1.705053e-01	0.000000e+00	-3.017568e+03	2.404094e+05
7.056700e-01	2.296471e+05	-6.205771e-02	1.708360e-01	0.000000e+00	-1.666179e+03	2.313133e+05
7.068600e-01	2.300545e+05	-6.226120e-02	1.711616e-01	0.000000e+00	-2.273433e+03	2.323279e+05
7.080500e-01	2.192259e+05	-6.246507e-02	1.714798e-01	0.000000e+00	-1.168790e+03	2.203947e+05
7.092400e-01	2.199437e+05	-6.266932e-02	1.717908e-01	0.000000e+00	-2.741431e+03	2.226851e+05
7.104300e-01	2.357668e+05	-6.287393e-02	1.721135e-01	0.000000e+00	-1.085429e+03	2.368522e+05
7.116200e-01	2.178183e+05	-6.307895e-02	1.724347e-01	0.000000e+00	-1.569933e+03	2.193883e+05
7.128100e-01	2.061362e+05	-6.328433e-02	1.727349e-01	0.000000e+00	-7.585177e+02	2.068947e+05
7.140000e-01	2.018596e+05	-6.349006e-02	1.730238e-01	0.000000e+00	-1.472957e+03	2.033326e+05
7.151900e-01	2.096697e+05	-6.369613e-02	1.733153e-01	0.000000e+00	-1.026709e+03	2.106964e+05
7.163800e-01	2.043974e+05	-6.390255e-02	1.736085e-01	0.000000e+00	-3.926229e+03	2.083236e+05
7.175700e-01	2.131556e+05	-6.410931e-02	1.739042e-01	0.000000e+00	-2.708227e+03	2.158639e+05
7.187600e-01	2.142735e+05	-6.431644e-02	1.742069e-01	0.000000e+00	-3.017720e+03	2.172912e+05
7.199500e-01	2.306677e+05	-6.452393e-02	1.745220e-01	0.000000e+00	-1.661075e+03	2.323288e+05
7.211400e-01	2.390809e+05	-6.473180e-02	1.748546e-01	0.000000e+00	-1.904416e+03	2.409853e+05
7.223300e-01	2.185529e+05	-6.494008e-02	1.751787e-01	0.000000e+00	-1.722850e+03	2.202757e+05
7.235200e-01	2.468187e+05	-6.514873e-02	1.755083e-01	0.000000e+00	-1.700230e+03	2.485189e+05
7.247100e-01	2.484102e+05	-6.535779e-02	1.758590e-01	0.000000e+00	-2.209140e+03	2.506193e+05
7.259000e-01	2.402046e+05	-6.556727e-02	1.762050e-01	0.000000e+00	-3.992515e+03	2.441971e+05
7.270900e-01	2.159025e+05	-6.577716e-02	1.765280e-01	0.000000e+00	-6.869325e+02	2.165894e+05
7.282800e-01	2.251851e+05	-6.598741e-02	1.768404e-01	0.000000e+00	-9.972220e+02	2.261823e+05
7.294700e-01	2.029082e+05	-6.619804e-02	1.771435e-01	0.000000e+00	-2.500354e+03	2.054086e+05
7.306600e-01	2.104139e+05	-6.640901e-02	1.774362e-01	0.000000e+00	-1.840374e+03	2.122543e+05
7.318500e-01	2.212474e+05	-6.662034e-02	1.777419e-01	0.000000e+00	-1.950437e+03	2.231979e+05
7.330400e-01	2.283586e+05	-6.683204e-02	1.780603e-01	0.000000e+00	-1.078623e+03	2.294372e+05
7.342300e-01	2.261449e+05	-6.704412e-02	1.783822e-01	0.000000e+00	-8.766869e+02	2.270216e+05
7.354200e-01	2.342475e+05	-6.725659e-02	1.787082e-01	0.000000e+00	-7.263775e+02	2.349739e+05
7.366100e-01	2.196747e+05	-6.746945e-02	1.790297e-01	0.000000e+00	-5.528261e+02	2.202275e+05
7.378000e-01	2.447476e+05	-6.768268e-02	1.793585e-01	0.000000e+00	-1.893998e+03	2.466416e+05
7.389900e-01	2.195737e+05	-6.789632e-02	1.796874e-01	0.000000e+00	-4.640123e+03	2.242138e+05
7.401800e-01	2.202197e+05	-6.811033e-02	1.799988e-01	0.000000e+00	-1.430372e+03	2.216501e+05
7.413700e-01	2.410308e+05	-6.832472e-02	1.803254e-01	0.000000e+00	0.000000e+00	2.410308e+05
7.425600e-01	2.178728e+05	-6.853951e-02	1.806504e-01	0.000000e+00	-4.155951e+02	2.182884e+05
7.437500e-01	2.168539e+05	-6.875466e-02	1.809583e-01	0.000000e+00	-1.265077e+03	2.181189e+05
7.449400e-01	2.421534e+05	-6.897019e-02	1.812833e-01	0.000000e+00	-2.401083e+03	2.445545e+05
7.461300e-01	2.198572e+05	-6.918612e-02	1.816105e-01	0.000000e+00	-2.392603e+03	2.222499e+05
7.473200e-01	2.415387e+05	-6.940242e-02	1.819373e-01	0.000000e+00	-2.443482e+03	2.439822e+05
7.485100e-01	2.273938e+05	-6.961913e-02	1.822693e-01	0.000000e+00	-1.687241e+03	2.290810e+05
7.497000e-01	2.089398e+05	-6.983622e-02	1.825783e-01	0.000000e+00	-3.578417e+03	2.125182e+05
7.508900e-01	1.942370e+05	-7.005367e-02	1.828639e-01	0.000000e+00	-3.196756e+03	1.974338e+05
7.520800e-01	2.297826e+05	-7.027144e-02	1.831641e-01	0.000000e+00	-2.787813e+03	2.325705e+05
7.532700e-01	2.277618e+05	-7.048960e-02	1.834881e-01	0.000000e+00	-5.493934e+02	2.283112e+05
7.544600e-01	2.248082e+05	-7.070814e-02	1.838086e-01	0.000000e+00	-1.189715e+03	2.259979e+05
7.556500e-01	2.243788e+05	-7.092706e-02	1.841267e-01	0.000000e+00	-3.804170e+03	2.281830e+05
7.568400e-01	2.212908e+05	-7.114636e-02	1.844423e-01	0.000000e+00	-2.637502e+03	2.239283e+05
7.580300e-01	1.977094e+05	-7.136603e-02	1.847391e-01	0.000000e+00	-2.073325e+03	1.997828e+05
7.592200e-01	2.078552e+05	-7.158604e-02	1.850263e-01	0.000000e+00	-2.355544e+03	2.102108e+05
7.604100e-01	2.150725e+05	-7.180640e-02	1.853258e-01	0.000000e+00	-1.615877e+03	2.166883e+05
7.616000e-01	2.097934e+05	-7.202712e-02	1.856267e-01	0.000000e+00	-1.176588e+03	2.109699e+05
7.627900e-01	2.195563e+05	-7.224819e-02	1.859307e-01	0.000000e+00	-2.130216e+03	2.216865e+05
7.639800e-01	2.211883e+05	-7.246963e-02	1.862428e-01	0.000000e+00	-3.258900e+02	2.215142e+05
7.651700e-01	2.284261e+05	-7.269145e-02	1.865612e-01	0.000000e+00	-2.073200e+03	2.304993e+05
7.663600e-01	2.364440e+05	-7.291365e-02	1.868904e-01	0.000000e+00	-1.042257e+03	2.374863e+05
7.675500e-01	2.352571e+05	-7.313624e-02	1.872245e-01	0.000000e+00	-1.703224e+03	2.369603e+05
7.687400e-01	2.164609e+05	-7.335924e-02	1.875444e-01	0.000000e+00	-1.295979e+03	2.177568e+05
7.699300e-01	2.167669e+05	-7.358260e-02	1.878512e-01	0.000000e+00	-2.150735e+03	2.189176e+05
7.711200e-01	2.300917e+05	-7.380633e-02	1.881676e-01	0.000000e+00	-3.721184e+03	2.338129e+05
7.723100e-01	2.050668e+05	-7.403044e-02	1.884758e-01	0.000000e+00	-1.250595e+03	2.063174e+05
7.735000e-01	2.133769e+05	-7.425490e-02	1.887721e-01	0.000000e+00	-2.124301e+03	2.155012e+05
7.746900e-01	2.254635e+05	-7.447972e-02	1.890829e-01	0.000000e+00	-2.921780e+03	2.283853e+05
7.758800e-01	2.313781e+05	-7.470492e-02	1.894064e-01	0.000000e+00	-3.035053e+03	2.344132e+05
7.770700e-01	2.146918e+05	-7.493050e-02	1.897223e-01	0.000000e+00	-1.607352e+03	2.162992e+05
7.782600e-01	2.391130e+05	-7.515645e-02	1.900437e-01	0.000000e+00	-3.925921e+02	2.395056e+05
7.794500e-01	2.263540e+05	-7.538281e-02	1.903733e-01	0.000000e+00	-1.783896e+03	2.281379e+05
7.806400e-01	2.382676e+05	-7.560954e-02	1.907023e-01	0.000000e+00	-8.474807e+02	2.391151e+05
7.818300e-01	2.195438e+05	-7.583668e-02	1.910265e-01	0.000000e+00	-7.549725e+02	2.202988e+05
7.830200e-01	2.250691e+05	-7.606419e-02	1.913414e-01	0.000000e+00	-3.057292e+03	2.281264e+05
7.842100e-01	2.203105e+05	-7.629207e-02	1.916568e-01	0.000000e+00	-3.305580e+03	2.236161e+05
7.854000e-01	2.184550e+05	-7.652033e-02	1.919675e-01	0.000000e+00	-9.327899e+02	2.193878e+05
7.865900e-01	2.066795e+05	-7.674895e-02	1.922686e-01	0.000000e+00	-2.733598e+03	2.094131e+05
7.877800e-01	2.448498e+05	-7.697793e-02	1.925883e-01	0.000000e+00	-1.169489e+03	2.460193e+05
7.889700e-01	2.392325e+05	-7.720731e-02	1.929311e-01	0.000000e+00	-5.409527e+02	2.397735e+05
7.901600e-01	2.490684e+05	-7.743710e-02	1.932769e-01	0.000000e+00	0.000000e+00	2.490684e+05
7.913500e-01	2.155347e+05	-7.766731e-02	1.936059e-01	0.000000e+00	-1.250311e+03	2.167850e+05
7.925400e-01	2.219291e+05	-7.789789e-02	1.939157e-01	0.000000e+00	-7.164193e+02	2.226455e+05
7.937300e-01	2.287209e+05	-7.812883e-02	1.942349e-01	0.000000e+00	-1.609150e+03	2.303301e+05
7.949200e-01	2.264461e+05	-7.836017e-02	1.945572e-01	0.000000e+00	-3.033897e+03	2.294800e+05
7.961100e-01	2.106030e+05	-7.859188e-02	1.948667e-01	0.000000e+00	-2.626014e+03	2.132290e+05
7.973000e-01	2.104259e+05	-7.882395e-02	1.951649e-01	0.000000e+00	-1.550652e+03	2.119765e+05
7.984900e-01	2.203859e+05	-7.905637e-02	1.954699e-01	0.000000e+00	-2.409838e+03	2.227957e+05
7.996800e-01	2.191303e+05	-7.928917e-02	1.957812e-01	0.000000e+00	-2.761413e+03	2.218918e+05
8.008700e-01	2.141501e+05	-7.952233e-02	1.960880e-01	0.000000e+00	-5.578261e+03	2.197284e+05
8.020600e-01	2.301460e+05	-7.975586e-02	1.964027e-01	0.000000e+00	-2.740524e+03	2.328865e+05
8.032500e-01	2.226259e+05	-7.998977e-02	1.967233e-01	0.000000e+00	-1.773940e+03	2.243999e+05
8.044400e-01	2.322715e+05	-8.022406e-02	1.970454e-01	0.000000e+00	-9.429734e+02	2.332145e+05
8.056300e-01	2.256631e+05	-8.045874e-02	1.973697e-01	0.000000e+00	-1.679342e+03	2.273425e+05
8.068200e-01	2.199642e+05	-8.069380e-02	1.976853e-01	0.000000e+00	-3.480870e+03	2.234451e+05
8.080100e-01	2.114872e+05	-8.092923e-02	1.979909e-01	0.000000e+00	-6.195036e+02	2.121067e+05
8.092000e-01	2.082464e+05	-8.116502e-02	1.982881e-01	0.000000e+00	-3.006791e+01	2.082764e+05
8.103900e-01	2.231832e+05	-8.140115e-02	1.985936e-01	0.000000e+00	-2.184527e+03	2.253677e+05
8.115800e-01	2.116575e+05	-8.163767e-02	1.989016e-01	0.000000e+00	-6.130348e+02	2.122706e+05
8.127700e-01	2.074983e+05	-8.187454e-02	1.991984e-01	0.000000e+00	-1.734228e+03	2.092325e+05
8.139600e-01	2.376933e+05	-8.211176e-02	1.995137e-01	0.000000e+00	-2.220302e+03	2.399136e+05
8.151500e-01	2.162270e+05	-8.234938e-02	1.998351e-01	0.000000e+00	-1.961513e+03	2.181885e+05
8.163400e-01	1.968794e+05	-8.258737e-02	2.001277e-01	0.000000e+00	-1.926692e+03	1.988060e+05
8.175300e-01	2.416887e+05	-8.282569e-02	2.004382e-01	0.000000e+00	-2.476004e+03	2.441647e+05
8.187200e-01	2.206211e+05	-8.306441e-02	2.007656e-01	0.000000e+00	-1.458204e+03	2.220793e+05
8.199100e-01	2.126150e+05	-8.330351e-02	2.010724e-01	0.000000e+00	-1.993141e+03	2.146082e+05
8.211000e-01	2.173500e+05	-8.354296e-02	2.013769e-01	0.000000e+00	-1.979207e+03	2.193292e+05
8.222900e-01	2.244717e+05	-8.378279e-02	2.016898e-01	0.000000e+00	-1.995923e+03	2.264676e+05
8.234800e-01	2.344481e+05	-8.402299e-02	2.020148e-01	0.000000e+00	-3.216271e+03	2.376644e+05
8.246700e-01	2.194083e+05	-8.426358e-02	2.023362e-01	0.000000e+00	-1.155246e+03	2.205636e+05
8.258600e-01	2.209327e+05	-8.450455e-02	2.026480e-01	0.000000e+00	-1.871605e+03	2.228043e+05
8.270500e-01	2.357823e+05	-8.474588e-02	2.029715e-01	0.000000e+00	-1.714619e+03	2.374969e+05
8.282400e-01	2.173826e+05	-8.498762e-02	2.032924e-01	0.000000e+00	-2.230055e+03	2.196126e+05
8.294300e-01	2.167025e+05	-8.522972e-02	2.035998e-01	0.000000e+00	-3.317973e+02	2.170343e+05
8.306200e-01	2.120047e+05	-8.547219e-02	2.039034e-01	0.000000e+00	-9.602675e+02	2.129650e+05
8.318100e-01	2.170314e+05	-8.571501e-02	2.042072e-01	0.000000e+00	-2.529964e+03	2.195613e+05
8.330000e-01	2.278565e+05	-8.595820e-02	2.045223e-01	0.000000e+00	-7.114492e+02	2.285679e+05
8.341900e-01	2.421797e+05	-8.620177e-02	2.048551e-01	0.000000e+00	0.000000e+00	2.421797e+05
8.353800e-01	2.323779e+05	-8.644575e-02	2.051912e-01	0.000000e+00	-6.669775e+02	2.330449e+05
8.365700e-01	2.247906e+05	-8.669013e-02	2.055149e-01	0.000000e+00	-1.044409e+03	2.258350e+05
8.377600e-01	2.155431e+05	-8.693488e-02	2.058268e-01	0.000000e+00	-2.951105e+03	2.184942e+05
8.389500e-01	2.404236e+05	-8.717999e-02	2.061497e-01	0.000000e+00	-3.177281e+03	2.436009e+05
8.401400e-01	2.219010e+05	-8.742552e-02	2.064771e-01	0.000000e+00	-3.176981e+03	2.250779e+05
8.413300e-01	2.315239e+05	-8.767141e-02	2.067982e-01	0.000000e+00	-7.555212e+02	2.322794e+05
8.425200e-01	2.021683e+05	-8.791769e-02	2.071053e-01	0.000000e+00	-1.515549e+03	2.036839e+05
8.437100e-01	2.229072e+05	-8.816432e-02	2.074063e-01	0.000000e+00	-3.228752e+02	2.232301e+05
8.449000e-01	2.277689e+05	-8.841132e-02	2.077255e-01	0.000000e+00	-1.090105e+03	2.288590e+05
8.460900e-01	2.340929e+05	-8.865871e-02	2.080525e-01	0.000000e+00	-1.265583e+03	2.353585e+05
8.472800e-01	2.230863e+05	-8.890649e-02	2.083763e-01	0.000000e+00	0.000000e+00	2.230863e+05
8.484700e-01	2.160327e+05	-8.915464e-02	2.086873e-01	0.000000e+00	-1.358201e+03	2.173909e+05
8.496600e-01	2.406662e+05	-8.940316e-02	2.090107e-01	0.000000e+00	-2.912235e+03	2.435784e+05
8.508500e-01	2.324158e+05	-8.965209e-02	2.093457e-01	0.000000e+00	-2.284028e+03	2.346998e+05
8.520400e-01	2.370476e+05	-8.990141e-02	2.096782e-01	0.000000e+00	-1.775309e+03	2.388229e+05
8.532300e-01	2.255809e+05	-9.015112e-02	2.100058e-01	0.000000e+00	-3.136352e+03	2.287172e+05
8.544200e-01	2.104776e+05	-9.040122e-02	2.103146e-01	0.000000e+00	-1.941926e+03	2.124196e+05
8.556100e-01	2.361655e+05	-9.065167e-02	2.106309e-01	0.000000e+00	-3.008204e+03	2.391737e+05
8.568000e-01	2.436426e+05	-9.090252e-02	2.109707e-01	0.000000e+00	-2.605535e+03	2.462481e+05
8.579900e-01	2.140306e+05	-9.115378e-02	2.112948e-01	0.000000e+00	-1.864824e+03	2.158955e+05
8.591800e-01	2.109497e+05	-9.140540e-02	2.115957e-01	0.000000e+00	-2.607055e+03	2.135567e+05
8.603700e-01	2.277365e+05	-9.165738e-02	2.119064e-01	0.000000e+00	-1.427879e+03	2.291644e+05
8.615600e-01	2.281223e+05	-9.190974e-02	2.122292e-01	0.000000e+00	-2.564935e+03	2.306872e+05
8.627500e-01	2.179867e+05	-9.216248e-02	2.125451e-01	0.000000e+00	-2.379246e+03	2.203660e+05
8.639400e-01	2.337235e+05	-9.241560e-02	2.128650e-01	0.000000e+00	-2.027000e+03	2.357505e+05
8.651300e-01	2.200223e+05	-9.266910e-02	2.131863e-01	0.000000e+00	-9.987810e+02	2.210211e+05
8.663200e-01	2.278746e+05	-9.292298e-02	2.135035e-01	0.000000e+00	-2.152475e+03	2.300271e+05
8.675100e-01	2.215204e+05	-9.317724e-02	2.138218e-01	0.000000e+00	-4.245308e+02	2.219449e+05
8.687000e-01	2.195280e+05	-9.343188e-02	2.141341e-01	0.000000e+00	-1.569731e+03	2.210977e+05
8.698900e-01	2.214376e+05	-9.368688e-02	2.144464e-01	0.000000e+00	-1.996633e+03	2.234342e+05
8.710800e-01	2.215432e+05	-9.394226e-02	2.147601e-01	0.000000e+00	-4.609182e+02	2.220042e+05
8.722700e-01	2.074716e+05	-9.419801e-02	2.150639e-01	0.000000e+00	-1.865039e+02	2.076581e+05
8.734600e-01	2.287441e+05	-9.445411e-02	2.153728e-01	0.000000e+00	-2.226731e+03	2.309708e+05
8.746500e-01	2.539609e+05	-9.471060e-02	2.157146e-01	0.000000e+00	-1.788446e+03	2.557493e+05
8.758400e-01	2.253221e+05	-9.496751e-02	2.160541e-01	0.000000e+00	-1.577450e+03	2.268996e+05
8.770300e-01	2.117530e+05	-9.522481e-02	2.163636e-01	0.000000e+00	-2.829202e+03	2.145822e+05
8.782200e-01	1.901060e+05	-9.548246e-02	2.166482e-01	0.000000e+00	-2.246003e+03	1.923520e+05
8.794100e-01	2.147770e+05	-9.574043e-02	2.169349e-01	0.000000e+00	-1.474579e+03	2.162516e+05
8.806000e-01	2.282730e+05	-9.599876e-02	2.172486e-01	0.000000e+00	-8.446732e+02	2.291177e+05
8.817900e-01	2.327154e+05	-9.625748e-02	2.175751e-01	0.000000e+00	-3.330356e+03	2.360457e+05
8.829800e-01	2.332449e+05	-9.651659e-02	2.179051e-01	0.000000e+00	-2.526177e+03	2.357710e+05
8.841700e-01	2.303657e+05	-9.677609e-02	2.182334e-01	0.000000e+00	-1.228537e+03	2.315942e+05
8.853600e-01	2.151355e+05	-9.703599e-02	2.185489e-01	0.000000e+00	-1.588386e+03	2.167239e+05
8.865500e-01	2.290073e+05	-9.729624e-02	2.188634e-01	0.000000e+00	-1.695785e+00	2.290090e+05
8.877400e-01	2.297064e+05	-9.755688e-02	2.191882e-01	0.000000e+00	-5.242207e+02	2.302306e+05
8.889300e-01	2.075195e+05	-9.781791e-02	2.194979e-01	0.000000e+00	-2.013198e+03	2.095327e+05
8.901200e-01	2.207917e+05	-9.807929e-02	2.198012e-01	0.000000e+00	-1.857425e+03	2.226491e+05
8.913100e-01	2.219578e+05	-9.834104e-02	2.201147e-01	0.000000e+00	-2.241439e+03	2.241992e+05
8.925000e-01	2.221449e+05	-9.860316e-02	2.204292e-01	0.000000e+00	-2.617494e+03	2.247624e+05
8.936900e-01	2.177521e+05	-9.886566e-02	2.207407e-01	0.000000e+00	-1.858102e+03	2.196102e+05
8.948800e-01	2.067743e+05	-9.912852e-02	2.210414e-01	0.000000e+00	-3.079331e+03	2.098536e+05
8.960700e-01	2.271457e+05	-9.939174e-02	2.213487e-01	0.000000e+00	-3.519402e+03	2.306651e+05
8.972600e-01	2.269282e+05	-9.965533e-02	2.216702e-01	0.000000e+00	-7.767826e+02	2.277050e+05
8.984500e-01	2.265423e+05	-9.991931e-02	2.219914e-01	0.000000e+00	-4.212464e+01	2.265844e+05
8.996400e-01	2.221944e+05	-1.001837e-01	2.223091e-01	0.000000e+00	-1.282789e+03	2.234772e+05
9.008300e-01	2.257030e+05	-1.004484e-01	2.226263e-01	0.000000e+00	-1.266542e+03	2.269695e+05
9.020200e-01	2.181756e+05	-1.007135e-01	2.229407e-01	0.000000e+00	-1.127656e+03	2.193033e+05
9.032100e-01	2.194137e+05	-1.009790e-01	2.232505e-01	0.000000e+00	-4.825699e+02	2.198963e+05
9.044000e-01	2.039229e+05	-1.012449e-01	2.235503e-01	0.000000e+00	-1.932315e+02	2.041162e+05
9.055900e-01	2.111725e+05	-1.015111e-01	2.238443e-01	0.000000e+00	-2.489515e+03	2.136620e+05
9.067800e-01	2.222702e+05	-1.017776e-01	2.241512e-01	0.000000e+00	-1.644194e+03	2.239144e+05
9.079700e-01	2.186312e+05	-1.020445e-01	2.244635e-01	0.000000e+00	-1.376335e+03	2.200076e+05
9.091600e-01	2.138742e+05	-1.023118e-01	2.247698e-01	0.000000e+00	-2.676609e+03	2.165508e+05
9.103500e-01	2.017208e+05	-1.025795e-01	2.250641e-01	0.000000e+00	-2.155527e+03	2.038764e+05
9.115400e-01	2.270536e+05	-1.028475e-01	2.253677e-01	0.000000e+00	-3.889587e+02	2.274426e+05
9.127300e-01	2.371102e+05	-1.031159e-01	2.256964e-01	0.000000e+00	-1.607765e+03	2.387180e+05
9.139200e-01	2.139802e+05	-1.033846e-01	2.260159e-01	0.000000e+00	-1.644513e+03	2.156247e+05
9.151100e-01	2.145574e+05	-1.036538e-01	2.263193e-01	0.000000e+00	-3.651391e+02	2.149226e+05
9.163000e-01	2.215472e+05	-1.039233e-01	2.266282e-01	0.000000e+00	-2.068584e+03	2.236158e+05
9.174900e-01	2.296359e+05	-1.041932e-01	2.269477e-01	0.000000e+00	-1.894041e+03	2.315300e+05
9.186800e-01	2.314215e+05	-1.044634e-01	2.272742e-01	0.000000e+00	-2.508113e+03	2.339296e+05
9.198700e-01	2.196010e+05	-1.047341e-01	2.275936e-01	0.000000e+00	-1.137101e+03	2.207381e+05
9.210600e-01	2.231554e+05	-1.050051e-01	2.279071e-01	0.000000e+00	-1.129864e+03	2.242853e+05
9.222500e-01	2.406237e+05	-1.052765e-01	2.282356e-01	0.000000e+00	-2.525443e+03	2.431491e+05
9.234400e-01	2.477930e+05	-1.055483e-01	2.285814e-01	0.000000e+00	-2.019013e+03	2.498120e+05
9.246300e-01	2.362004e+05	-1.058205e-01	2.289242e-01	0.000000e+00	-1.767334e+03	2.379678e+05
9.258200e-01	2.166988e+05	-1.060931e-01	2.292449e-01	0.000000e+00	-1.501157e+03	2.181999e+05
9.270100e-01	2.131964e+05	-1.063661e-01	2.295493e-01	0.000000e+00	-7.412836e+02	2.139377e+05
9.282000e-01	2.265155e+05	-1.066395e-01	2.298607e-01	0.000000e+00	-9.905249e+01	2.266146e+05
9.293900e-01	2.304081e+05	-1.069132e-01	2.301843e-01	0.000000e+00	-4.083973e+02	2.308165e+05
9.305800e-01	2.106541e+05	-1.071873e-01	2.304967e-01	0.000000e+00	-4.387311e+02	2.110928e+05
9.317700e-01	2.161161e+05	-1.074618e-01	2.307989e-01	0.000000e+00	-1.654457e+03	2.177706e+05
9.329600e-01	2.292862e+05	-1.077366e-01	2.311143e-01	0.000000e+00	-1.768483e+03	2.310546e+05
9.341500e-01	2.183459e+05	-1.080118e-01	2.314313e-01	0.000000e+00	-1.394116e+03	2.197401e+05
9.353400e-01	2.261536e+05	-1.082874e-01	2.317461e-01	0.000000e+00	-1.058505e+03	2.272121e+05
9.365300e-01	2.349372e+05	-1.085634e-01	2.320726e-01	0.000000e+00	-8.064248e+02	2.357437e+05
9.377200e-01	2.356548e+05	-1.088397e-01	2.324059e-01	0.000000e+00	-4.678412e+02	2.361226e+05
9.389100e-01	2.421730e+05	-1.091165e-01	2.327442e-01	0.000000e+00	-9.014929e+02	2.430744e+05
9.401000e-01	2.220720e+05	-1.093937e-01	2.330730e-01	0.000000e+00	-1.552134e+03	2.236241e+05
9.412900e-01	2.432493e+05	-1.096712e-01	2.334025e-01	0.000000e+00	-2.697967e+03	2.459473e+05
9.424800e-01	2.200182e+05	-1.099492e-01	2.337306e-01	0.000000e+00	-2.968294e+02	2.203151e+05
9.436700e-01	2.133776e+05	-1.102275e-01	2.340375e-01	0.000000e+00	-2.231772e+02	2.136007e+05
9.448600e-01	2.349457e+05	-1.105062e-01	2.343550e-01	0.000000e+00	-6.171590e+02	2.355628e+05
9.460500e-01	2.456120e+05	-1.107853e-01	2.346953e-01	0.000000e+00	-1.564984e+03	2.471770e+05
9.472400e-01	2.321308e+05	-1.110647e-01	2.350336e-01	0.000000e+00	-2.136101e+03	2.342669e+05
9.484300e-01	2.412573e+05	-1.113446e-01	2.353689e-01	0.000000e+00	-1.106139e+03	2.423634e+05
9.496200e-01	2.326983e+05	-1.116249e-01	2.357045e-01	0.000000e+00	-6.160220e+02	2.333143e+05
9.508100e-01	2.150472e+05	-1.119056e-01	2.360216e-01	0.000000e+00	-1.368700e+03	2.164159e+05
9.520000e-01	2.180391e+05	-1.121867e-01	2.363283e-01	0.000000e+00	-2.338446e+03	2.203775e+05
9.531900e-01	2.200813e+05	-1.124681e-01	2.366385e-01	0.000000e+00	-1.624636e+03	2.217060e+05
9.543800e-01	1.982156e+05	-1.127499e-01	2.369348e-01	0.000000e+00	-2.041527e+03	2.002571e+05
9.555700e-01	2.092060e+05	-1.130320e-01	2.372233e-01	0.000000e+00	-2.855803e+03	2.120618e+05
9.567600e-01	2.376312e+05	-1.133144e-01	2.375397e-01	0.000000e+00	-1.022284e+03	2.386535e+05
9.579500e-01	2.274500e+05	-1.135973e-01	2.378691e-01	0.000000e+00	-1.320802e+02	2.275821e+05
9.591400e-01	2.178581e+05	-1.138806e-01	2.381844e-01	0.000000e+00	0.000000e+00	2.178581e+05
9.603300e-01	2.306308e+05	-1.141642e-01	2.385020e-01	0.000000e+00	-1.337610e+03	2.319684e+05
9.615200e-01	2.135473e+05	-1.144482e-01	2.388166e-01	0.000000e+00	-3.339396e+03	2.168867e+05
9.627100e-01	2.134113e+05	-1.147326e-01	2.391189e-01	0.000000e+00	-1.264621e+03	2.146760e+05
9.639000e-01	2.263510e+05	-1.150173e-01	2.394304e-01	0.000000e+00	-2.460596e+03	2.288116e+05
9.650900e-01	2.340669e+05	-1.153024e-01	2.397564e-01	0.000000e+00	-2.748006e+03	2.368149e+05
9.662800e-01	2.199260e+05	-1.155879e-01	2.400779e-01	0.000000e+00	-6.144770e+02	2.205405e+05
9.674700e-01	2.076215e+05	-1.158738e-01	2.403807e-01	0.000000e+00	-1.516063e+03	2.091376e+05
9.686600e-01	2.382150e+05	-1.161600e-01	2.406964e-01	0.000000e+00	-3.415688e+03	2.416307e+05
9.698500e-01	2.384391e+05	-1.164467e-01	2.410340e-01	0.000000e+00	-9.596885e+02	2.393988e+05
9.710400e-01	2.337421e+05	-1.167337e-01	2.413683e-01	0.000000e+00	-8.312491e+02	2.345733e+05
9.722300e-01	2.253562e+05	-1.170211e-01	2.416935e-01	0.000000e+00	-1.719297e+03	2.270755e+05
9.734200e-01	2.189527e+05	-1.173089e-01	2.420081e-01	0.000000e+00	-8.017111e+02	2.197544e+05
9.746100e-01	2.229326e+05	-1.175971e-01	2.423210e-01	0.000000e+00	-5.017114e+01	2.229828e+05
9.758000e-01	2.314661e+05	-1.178857e-01	2.426428e-01	0.000000e+00	-1.750345e+03	2.332164e+05
9.769900e-01	2.279397e+05	-1.181746e-01	2.429682e-01	0.000000e+00	-1.003153e+03	2.289429e+05
9.781800e-01	2.087264e+05	-1.184639e-01	2.432774e-01	0.000000e+00	-1.240373e+03	2.099667e+05
9.793700e-01	2.400600e+05	-1.187536e-01	2.435952e-01	0.000000e+00	-1.576376e+02	2.402176e+05
9.805600e-01	2.421158e+05	-1.190437e-01	2.439367e-01	0.000000e+00	-1.896303e+03	2.440121e+05
9.817500e-01	2.253185e+05	-1.193342e-01	2.442677e-01	0.000000e+00	-2.790998e+03	2.281095e+05
9.829400e-01	2.157168e+05	-1.196250e-01	2.445800e-01	0.000000e+00	-2.830925e+03	2.185478e+05
9.841300e-01	2.171094e+05	-1.199163e-01	2.448865e-01	0.000000e+00	-7.080198e+02	2.178175e+05
9.853200e-01	2.165505e+05	-1.202079e-01	2.451936e-01	0.000000e+00	-9.951402e+02	2.175457e+05
9.865100e-01	2.442776e+05	-1.204998e-01	2.455200e-01	0.000000e+00	-8.626478e+02	2.451403e+05
9.877000e-01	2.213356e+05	-1.207922e-01	2.458497e-01	0.000000e+00	-9.992531e+02	2.223348e+05
9.888900e-01	2.354928e+05	-1.210850e-01	2.461732e-01	0.000000e+00	-1.633668e+03	2.371264e+05
9.900800e-01	2.388220e+05	-1.213781e-01	2.465091e-01	0.000000e+00	-1.418827e+03	2.402408e+05
9.912700e-01	2.493997e+05	-1.216716e-01	2.468548e-01	0.000000e+00	-1.640129e+03	2.510399e+05
9.924600e-01	2.425867e+05	-1.219656e-01	2.472033e-01	0.000000e+00	-1.648123e+03	2.442348e+05
9.936500e-01	2.152436e+05	-1.222600e-01	2.475275e-01	0.000000e+00	-1.077397e+03	2.163210e+05
9.948400e-01	2.360046e+05	-1.225547e-01	2.478470e-01	0.000000e+00	-8.262998e+02	2.368309e+05
9.960300e-01	2.192446e+05	-1.228499e-01	2.481694e-01	0.000000e+00	0.000000e+00	2.192446e+05
9.972200e-01	2.169656e+05	-1.231454e-01	2.484783e-01	0.000000e+00	-1.445697e+03	2.184113e+05
9.984100e-01	2.249255e+05	-1.234412e-01	2.487913e-01	0.000000e+00	-3.226025e+03	2.281516e+05
9.996000e-01	2.277242e+05	-1.237375e-01	2.491118e-01	0.000000e+00	-1.210631e+03	2.289349e+05
1.000790e+00	2.278969e+05	-1.240341e-01	2.494345e-01	0.000000e+00	-7.713431e+02	2.286682e+05
1.001980e+00	2.330981e+05	-1.243311e-01	2.497609e-01	0.000000e+00	-2.631257e+03	2.357294e+05
1.003170e+00	2.347083e+05	-1.246286e-01	2.500922e-01	0.000000e+00	-7.990806e+02	2.355074e+05
1.004360e+00	2.057125e+05	-1.249264e-01	2.504041e-01	0.000000e+00	-4.051713e+02	2.061176e+05
1.005550e+00	2.122633e+05	-1.252245e-01	2.507001e-01	0.000000e+00	-9.445977e+02	2.132079e+05
1.006740e+00	2.278695e+05	-1.255230e-01	2.510118e-01	0.000000e+00	-5.840619e+02	2.284535e+05
1.007930e+00	2.466990e+05	-1.258219e-01	2.513479e-01	0.000000e+00	-5.871775e+02	2.472862e+05
1.009120e+00	2.356855e+05	-1.261212e-01	2.516895e-01	0.000000e+00	0.000000e+00	2.356855e+05
1.010310e+00	2.347782e+05	-1.264209e-01	2.520226e-01	0.000000e+00	0.000000e+00	2.347782e+05
1.011500e+00	2.542698e+05	-1.267211e-01	2.523690e-01	0.000000e+00	-5.013137e+02	2.547711e+05
1.012690e+00	2.391257e+05	-1.270216e-01	2.527184e-01	0.000000e+00	-2.008708e+03	2.411344e+05
1.013880e+00	2.468993e+05	-1.273225e-01	2.530625e-01	0.000000e+00	-1.098630e+01	2.469103e+05
1.015070e+00	2.354983e+05	-1.276239e-01	2.534042e-01	0.000000e+00	-2.361795e+02	2.357345e+05
1.016260e+00	2.293560e+05	-1.279256e-01	2.537334e-01	0.000000e+00	-6.041567e+02	2.299601e+05
1.017450e+00	2.320813e+05	-1.282278e-01	2.540601e-01	0.000000e+00	-7.885430e+02	2.328698e+05
1.018640e+00	2.428917e+05	-1.285303e-01	2.543965e-01	0.000000e+00	-1.118104e+03	2.440098e+05
1.019830e+00	2.279230e+05	-1.288332e-01	2.547299e-01	0.000000e+00	-1.454698e+03	2.293777e+05
1.021020e+00	2.048354e+05	-1.291365e-01	2.550364e-01	0.000000e+00	-6.291150e+02	2.054646e+05
1.022210e+00	2.167174e+05	-1.294402e-01	2.553349e-01	0.000000e+00	-1.017177e+03	2.177346e+05
1.023400e+00	2.090542e+05	-1.297442e-01	2.556364e-01	0.000000e+00	-6.143618e+02	2.096686e+05
1.024590e+00	2.231382e+05	-1.300486e-01	2.559425e-01	0.000000e+00	-2.603542e+02	2.233986e+05
1.025780e+00	2.285537e+05	-1.303534e-01	2.562624e-01	0.000000e+00	-5.418588e+02	2.290955e+05
1.026970e+00	2.491383e+05	-1.306585e-01	2.566006e-01	0.000000e+00	-9.656715e+02	2.501040e+05
1.028160e+00	2.328988e+05	-1.309641e-01	2.569420e-01	0.000000e+00	-2.096354e+03	2.349952e+05
1.029350e+00	2.393827e+05	-1.312701e-01	2.572765e-01	0.000000e+00	-1.438132e+03	2.408208e+05
1.030540e+00	2.324101e+05	-1.315764e-01	2.576106e-01	0.000000e+00	0.000000e+00	2.324101e+05
1.031730e+00	2.257713e+05	-1.318832e-01	2.579350e-01	0.000000e+00	0.000000e+00	2.257713e+05
1.032920e+00	2.267892e+05	-1.321903e-01	2.582555e-01	0.000000e+00	-4.782370e+01	2.268370e+05
1.034110e+00	2.361120e+05	-1.324978e-01	2.585833e-01	0.000000e+00	-7.925124e+02	2.369045e+05
1.035300e+00	2.352773e+05	-1.328057e-01	2.589171e-01	0.000000e+00	-4.564849e+02	2.357338e+05
1.036490e+00	2.155376e+05	-1.331140e-01	2.592364e-01	0.000000e+00	-6.505675e+02	2.161882e+05
1.037680e+00	2.229802e+05	-1.334227e-01	2.595469e-01	0.000000e+00	-1.254851e+03	2.242351e+05
1.038870e+00	2.266355e+05	-1.337318e-01	2.598653e-01	0.000000e+00	-1.591045e+02	2.267946e+05
1.040060e+00	2.408303e+05	-1.340412e-01	2.601964e-01	0.000000e+00	-4.150616e+02	2.412453e+05
1.041250e+00	2.259244e+05	-1.343510e-01	2.605269e-01	0.000000e+00	-6.719203e+02	2.265964e+05
1.042440e+00	2.319853e+05	-1.346612e-01	2.608512e-01	0.000000e+00	-1.254207e+03	2.332395e+05
1.043630e+00	2.283597e+05	-1.349719e-01	2.611772e-01	0.000000e+00	-1.798194e+02	2.285395e+05
1.044820e+00	2.281019e+05	-1.352828e-01	2.615004e-01	0.000000e+00	0.000000e+00	2.281019e+05
1.046010e+00	2.369403e+05	-1.355942e-01	2.618298e-01	0.000000e+00	-1.516358e+01	2.369555e+05
1.047200e+00	2.300985e+05	-1.359060e-01	2.621605e-01	0.000000e+00	-2.513469e+03	2.326120e+05
1.048390e+00	2.235437e+05	-1.362182e-01	2.624818e-01	0.000000e+00	-1.724245e+03	2.252680e+05
1.049580e+00	2.146998e+05	-1.365307e-01	2.627921e-01	0.000000e+00	-2.265901e+03	2.169657e+05
1.050770e+00	2.163504e+05	-1.368436e-01	2.630974e-01	0.000000e+00	-6.180819e+02	2.169685e+05
1.051960e+00	2.257223e+05	-1.371569e-01	2.634104e-01	0.000000e+00	-8.622823e+02	2.265846e+05
1.053150e+00	2.216711e+05	-1.374705e-01	2.637273e-01	0.000000e+00	-1.198806e+03	2.228699e+05
1.054340e+00	2.297529e+05	-1.377845e-01	2.640469e-01	0.000000e+00	-2.232956e+03	2.319859e+05
1.055530e+00	2.358228e+05	-1.380990e-01	2.643766e-01	0.000000e+00	-1.771575e+03	2.375944e+05
1.056720e+00	2.330131e+05	-1.384138e-01	2.647087e-01	0.000000e+00	-4.069079e+02	2.334200e+05
1.057910e+00	2.126621e+05	-1.387290e-01	2.650243e-01	0.000000e+00	-6.763264e+02	2.133384e+05
1.059100e+00	2.131007e+05	-1.390445e-01	2.653258e-01	0.000000e+00	-3.134014e+02	2.134141e+05
1.060290e+00	2.274613e+05	-1.393604e-01	2.656378e-01	0.000000e+00	-7.873632e+02	2.282487e+05
1.061480e+00	2.314219e+05	-1.396767e-01	2.659627e-01	0.000000e+00	-5.799077e+02	2.320018e+05
1.062670e+00	2.143744e+05	-1.399934e-01	2.662784e-01	0.000000e+00	-1.353541e+03	2.157280e+05
1.063860e+00	2.273091e+05	-1.403105e-01	2.665912e-01	0.000000e+00	-1.984491e+03	2.292935e+05
1.065050e+00	2.124938e+05	-1.406279e-01	2.669027e-01	0.000000e+00	-2.331300e+01	2.125171e+05
1.066240e+00	2.094016e+05	-1.409457e-01	2.672014e-01	0.000000e+00	-7.231716e+02	2.101248e+05
1.067430e+00	2.235738e+05	-1.412639e-01	2.675081e-01	0.000000e+00	-2.498628e+03	2.260725e+05
1.068620e+00	2.465884e+05	-1.415824e-01	2.678410e-01	0.000000e+00	-2.475517e+03	2.490639e+05
1.069810e+00	2.294413e+05	-1.419013e-01	2.681781e-01	0.000000e+00	-1.850362e+02	2.296263e+05
1.071000e+00	2.269766e+05	-1.422206e-01	2.685013e-01	0.000000e+00	-1.612340e+02	2.271378e+05
1.072190e+00	2.180583e+05	-1.425404e-01	2.688165e-01	0.000000e+00	-6.791021e+02	2.187374e+05
1.073380e+00	2.275046e+05	-1.428604e-01	2.691320e-01	0.000000e+00	-5.876564e+02	2.280923e+05
1.074570e+00	2.239606e+05	-1.431809e-01	2.694517e-01	0.000000e+00	-3.666370e+03	2.276270e+05
1.075760e+00	2.253113e+05	-1.435017e-01	2.697699e-01	0.000000e+00	-7.879908e+02	2.260993e+05
1.076950e+00	2.447482e+05	-1.438229e-01	2.701028e-01	0.000000e+00	0.000000e+00	2.447482e+05
1.078140e+00	2.348885e+05	-1.441446e-01	2.704424e-01	0.000000e+00	-8.618474e+02	2.357503e+05
1.079330e+00	2.364379e+05	-1.444666e-01	2.707762e-01	0.000000e+00	-2.687278e+03	2.391252e+05
1.080520e+00	2.296776e+05	-1.447890e-01	2.711063e-01	0.000000e+00	-1.893576e+03	2.315711e+05
1.081710e+00	2.183439e+05	-1.451118e-01	2.714236e-01	0.000000e+00	-1.470981e+03	2.198149e+05
1.082900e+00	2.286278e+05	-1.454350e-01	2.717401e-01	0.000000e+00	-8.618899e+02	2.294897e+05
1.084090e+00	2.241647e+05	-1.457586e-01	2.720608e-01	0.000000e+00	-6.277881e+02	2.247925e+05
1.085280e+00	2.187003e+05	-1.460825e-01	2.723744e-01	0.000000e+00	-3.089205e+02	2.190092e+05
1.086470e+00	2.152387e+05	-1.464068e-01	2.726817e-01	0.000000e+00	-5.314157e+02	2.157701e+05
1.087660e+00	2.362751e+05	-1.467315e-01	2.730014e-01	0.000000e+00	0.000000e+00	2.362751e+05
1.088850e+00	2.417107e+05	-1.470566e-01	2.733399e-01	0.000000e+00	-8.237236e+02	2.425344e+05
1.090040e+00	2.422870e+05	-1.473820e-01	2.736827e-01	0.000000e+00	-5.778562e+02	2.428648e+05
1.091230e+00	2.184898e+05	-1.477079e-01	2.740090e-01	0.000000e+00	-4.708840e+02	2.189607e+05
1.092420e+00	2.198987e+05	-1.480342e-01	2.743194e-01	0.000000e+00	-6.485445e+02	2.205472e+05
1.093610e+00	2.557630e+05	-1.483608e-01	2.746563e-01	0.000000e+00	0.000000e+00	2.557630e+05
1.094800e+00	2.279092e+05	-1.486879e-01	2.749988e-01	0.000000e+00	-7.356683e+02	2.286448e+05
1.095990e+00	2.028850e+05	-1.490153e-01	2.753039e-01	0.000000e+00	-1.046678e+02	2.029897e+05
1.097180e+00	2.260551e+05	-1.493431e-01	2.756076e-01	0.000000e+00	0.000000e+00	2.260551e+05
1.098370e+00	2.330032e+05	-1.496712e-01	2.759327e-01	0.000000e+00	0.000000e+00	2.330032e+05
1.099560e+00	2.211543e+05	-1.499998e-01	2.762543e-01	0.000000e+00	0.000000e+00	2.211543e+05
1.100750e+00	2.118639e+05	-1.503287e-01	2.765610e-01	0.000000e+00	-4.164954e+02	2.122804e+05
1.101940e+00	2.307697e+05	-1.506580e-01	2.768744e-01	0.000000e+00	-4.238407e+02	2.311936e+05
1.103130e+00	2.272915e+05	-1.509877e-01	2.771988e-01	0.000000e+00	-9.591072e+02	2.282506e+05
1.104320e+00	2.240380e+05	-1.513178e-01	2.775184e-01	0.000000e+00	-1.561901e+03	2.255999e+05
1.105510e+00	2.255850e+05	-1.516482e-01	2.778368e-01	0.000000e+00	0.000000e+00	2.255850e+05
1.106700e+00	2.316407e+05	-1.519790e-01	2.781606e-01	0.000000e+00	-6.396403e+02	2.322803e+05
1.107890e+00	2.202312e+05	-1.523102e-01	2.784806e-01	0.000000e+00	-2.006959e+02	2.204319e+05
1.109080e+00	2.340470e+05	-1.526418e-01	2.788023e-01	0.000000e+00	-3.647985e+02	2.344118e+05
1.110270e+00	2.207198e+05	-1.529738e-01	2.791244e-01	0.000000e+00	-9.737308e+02	2.216935e+05
1.111460e+00	2.052625e+05	-1.533061e-01	2.794261e-01	0.000000e+00	-1.738385e+03	2.070009e+05
1.112650e+00	2.287682e+05	-1.536388e-01	2.797334e-01	0.000000e+00	-2.238387e+03	2.310066e+05
1.113840e+00	2.242716e+05	-1.539719e-01	2.800542e-01	0.000000e+00	-1.875443e+03	2.261470e+05
1.115030e+00	2.283383e+05	-1.543053e-01	2.803748e-01	0.000000e+00	-1.212618e+03	2.295509e+05
1.116220e+00	2.391678e+05	-1.546392e-01	2.807058e-01	0.000000e+00	0.000000e+00	2.391678e+05
1.117410e+00	2.360244e+05	-1.549734e-01	2.810424e-01	0.000000e+00	-1.199706e+03	2.372241e+05
1.118600e+00	2.297625e+05	-1.553080e-01	2.813722e-01	0.000000e+00	-4.809663e+02	2.302435e+05
1.119790e+00	2.295622e+05	-1.556431e-01	2.816975e-01	0.000000e+00	-3.492586e+02	2.299114e+05
1.120980e+00	2.342003e+05	-1.559785e-01	2.820259e-01	0.000000e+00	-4.910776e+02	2.346914e+05
1.122170e+00	2.190408e+05	-1.563143e-01	2.823469e-01	0.000000e+00	0.000000e+00	2.190408e+05
1.123360e+00	2.258672e+05	-1.566505e-01	2.826619e-01	0.000000e+00	-3.688512e+02	2.262360e+05
1.124550e+00	2.378577e+05	-1.569870e-01	2.829903e-01	0.000000e+00	-4.714850e+02	2.383292e+05
1.125740e+00	2.317711e+05	-1.573240e-01	2.833229e-01	0.000000e+00	0.000000e+00	2.317711e+05
1.126930e+00	2.191581e+05	-1.576613e-01	2.836422e-01	0.000000e+00	-1.824060e+02	2.193405e+05
1.128120e+00	2.275282e+05	-1.579991e-01	2.839586e-01	0.000000e+00	-6.579301e+02	2.281861e+05
1.129310e+00	2.314456e+05	-1.583372e-01	2.842836e-01	0.000000e+00	0.000000e+00	2.314456e+05
1.130500e+00	2.274535e+05	-1.586756e-01	2.846086e-01	0.000000e+00	-1.802084e+02	2.276337e+05
1.131690e+00	2.139478e+05	-1.590145e-01	2.849212e-01	0.000000e+00	-6.727630e+02	2.146205e+05
1.132880e+00	2.260488e+05	-1.593538e-01	2.852328e-01	0.000000e+00	-8.277009e+02	2.268765e+05
1.134070e+00	2.384424e+05	-1.596934e-01	2.855617e-01	0.000000e+00	-3.162471e+02	2.387586e+05
1.135260e+00	2.234800e+05	-1.600334e-01	2.858888e-01	0.000000e+00	-5.437747e+02	2.240238e+05
1.136450e+00	2.341179e+05	-1.603738e-01	2.862129e-01	0.000000e+00	-8.206504e+02	2.349385e+05
1.137640e+00	2.311875e+05	-1.607146e-01	2.865424e-01	0.000000e+00	0.000000e+00	2.311875e+05
1.138830e+00	2.329968e+05	-1.610558e-01	2.868711e-01	0.000000e+00	-1.527219e+03	2.345240e+05
1.140020e+00	2.409954e+05	-1.613973e-01	2.872068e-01	0.000000e+00	-1.534532e+02	2.411488e+05
1.141210e+00	2.372310e+05	-1.617393e-01	2.875454e-01	0.000000e+00	0.000000e+00	2.372310e+05
1.142400e+00	2.270201e+05	-1.620817e-01	2.878742e-01	0.000000e+00	0.000000e+00	2.270201e+05
1.143590e+00	2.194762e+05	-1.624245e-01	2.881904e-01	0.000000e+00	-4.149842e+02	2.198912e+05
1.144780e+00	2.377288e+05	-1.627676e-01	2.885142e-01	0.000000e+00	-1.141640e+03	2.388704e+05
1.145970e+00	2.487464e+05	-1.631111e-01	2.888587e-01	0.000000e+00	-1.079941e+03	2.498263e+05
1.147160e+00	2.369727e+05	-1.634551e-01	2.892026e-01	0.000000e+00	-7.247798e+02	2.376974e+05
1.148350e+00	2.333931e+05	-1.637994e-01	2.895357e-01	0.000000e+00	-2.297758e+02	2.336228e+05
1.149540e+00	2.243881e+05	-1.641442e-01	2.898599e-01	0.000000e+00	-6.105603e+02	2.249987e+05
1.150730e+00	2.244033e+05	-1.644893e-01	2.901777e-01	0.000000e+00	0.000000e+00	2.244033e+05
1.151920e+00	2.345167e+05	-1.648348e-01	2.905027e-01	0.000000e+00	-3.699749e+02	2.348867e+05
1.153110e+00	2.313114e+05	-1.651807e-01	2.908326e-01	0.000000e+00	-7.023534e+02	2.320138e+05
1.154300e+00	2.282954e+05	-1.655270e-01	2.911581e-01	0.000000e+00	-1.345304e+03	2.296407e+05
1.155490e+00	2.465570e+05	-1.658736e-01	2.914944e-01	0.000000e+00	-1.033763e+02	2.466604e+05
1.156680e+00	2.677776e+05	-1.662207e-01	2.918586e-01	0.000000e+00	0.000000e+00	2.677776e+05
1.157870e+00	2.435153e+05	-1.665683e-01	2.922207e-01	0.000000e+00	-5.685924e+02	2.440839e+05
1.159060e+00	2.343032e+05	-1.669162e-01	2.925590e-01	0.000000e+00	-2.717437e+02	2.345749e+05
1.160250e+00	2.305620e+05	-1.672646e-01	2.928882e-01	0.000000e+00	0.000000e+00	2.305620e+05
1.161440e+00	2.235662e+05	-1.676133e-01	2.932098e-01	0.000000e+00	-6.657507e+02	2.242320e+05
1.162630e+00	2.191566e+05	-1.679624e-01	2.935234e-01	0.000000e+00	-1.014922e+03	2.201715e+05
1.163820e+00	2.380592e+05	-1.683119e-01	2.938471e-01	0.000000e+00	0.000000e+00	2.380592e+05
1.165010e+00	2.343017e+05	-1.686618e-01	2.941817e-01	0.000000e+00	0.000000e+00	2.343017e+05
1.166200e+00	2.286690e+05	-1.690120e-01	2.945095e-01	0.000000e+00	-6.925022e+02	2.293616e+05
1.167390e+00	2.334924e+05	-1.693627e-01	2.948368e-01	0.000000e+00	-1.478340e+02	2.336402e+05
1.168580e+00	2.385773e+05	-1.697137e-01	2.951711e-01	0.000000e+00	0.000000e+00	2.385773e+05
1.169770e+00	2.403351e+05	-1.700652e-01	2.955103e-01	0.000000e+00	0.000000e+00	2.403351e+05
1.170960e+00	2.313353e+05	-1.704171e-01	2.958443e-01	0.000000e+00	0.000000e+00	2.313353e+05
1.172150e+00	2.311376e+05	-1.707693e-01	2.961718e-01	0.000000e+00	0.000000e+00	2.311376e+05
1.173340e+00	2.526070e+05	-1.711219e-01	2.965144e-01	0.000000e+00	0.000000e+00	2.526070e+05
1.174530e+00	2.325214e+05	-1.714750e-01	2.968579e-01	0.000000e+00	0.000000e+00	2.325214e+05
1.175720e+00	2.116286e+05	-1.718285e-01	2.971724e-01	0.000000e+00	0.000000e+00	2.116286e+05
1.176910e+00	2.187795e+05	-1.721823e-01	2.974772e-01	0.000000e+00	0.000000e+00	2.187795e+05
1.178100e+00	2.249622e+05	-1.725365e-01	2.977915e-01	0.000000e+00	-8.214326e+02	2.257836e+05
1.179290e+00	2.441122e+05	-1.728910e-01	2.981237e-01	0.000000e+00	-1.890350e+01	2.441311e+05
1.180480e+00	2.449227e+05	-1.732460e-01	2.984700e-01	0.000000e+00	-8.726214e+02	2.457953e+05
1.181670e+00	2.542854e+05	-1.736014e-01	2.988235e-01	0.000000e+00	-8.080509e+02	2.550935e+05
1.182860e+00	2.108153e+05	-1.739572e-01	2.991529e-01	0.000000e+00	-5.672873e+02	2.113826e+05
1.184050e+00	2.202862e+05	-1.743134e-01	2.994582e-01	0.000000e+00	-8.446749e+02	2.211309e+05
1.185240e+00	2.417930e+05	-1.746699e-01	2.997854e-01	0.000000e+00	-1.823719e+03	2.436167e+05
1.186430e+00	2.223280e+05	-1.750269e-01	3.001141e-01	0.000000e+00	-1.580355e+02	2.224860e+05
1.187620e+00	2.347796e+05	-1.753842e-01	3.004378e-01	0.000000e+00	-8.079641e+02	2.355876e+05
1.188810e+00	2.297783e+05	-1.757419e-01	3.007667e-01	0.000000e+00	0.000000e+00	2.297783e+05
1.190000e+00	1.152320e+05	-1.761000e-01	3.010111e-01	0.000000e+00	0.000000e+00	1.152320e+05
