#x	rho	phi	ex	bz	rhok[0]	rhok[1]
0.000000e+00	-1.417038e+03	0.000000e+00	3.366109e-02	0.000000e+00	-1.813054e+03	3.960164e+02
1.190000e-03	-3.404330e+03	-4.005551e-05	3.365768e-02	0.000000e+00	-7.913970e+03	4.509640e+03
2.380000e-03	-2.385133e+03	-8.010528e-05	3.365358e-02	0.000000e+00	-9.044924e+03	6.659791e+03
3.570000e-03	3.920035e+03	-1.201510e-04	3.365467e-02	0.000000e+00	-7.700787e+03	1.162082e+04
4.760000e-03	3.398217e+03	-1.602034e-04	3.365985e-02	0.000000e+00	-5.024305e+03	8.422523e+03
5.950000e-03	3.307114e+03	-2.002615e-04	3.366460e-02	0.000000e+00	-7.788631e+03	1.109574e+04
7.140000e-03	1.193644e+04	-2.403251e-04	3.367539e-02	0.000000e+00	-7.367910e+03	1.930435e+04
8.330000e-03	6.850157e+03	-2.804089e-04	3.368870e-02	0.000000e+00	-8.465153e+03	1.531531e+04
9.520000e-03	8.851908e+03	-3.205042e-04	3.369982e-02	0.000000e+00	-9.469527e+03	1.832143e+04
1.071000e-02	1.561155e+04	-3.606145e-04	3.371714e-02	0.000000e+00	-5.878855e+03	2.149041e+04
1.190000e-02	2.093704e+04	-4.007510e-04	3.374302e-02	0.000000e+00	-5.350233e+03	2.628727e+04
1.309000e-02	2.315581e+04	-4.409228e-04	3.377425e-02	0.000000e+00	-6.391927e+03	2.954773e+04
1.428000e-02	2.070199e+04	-4.811337e-04	3.380531e-02	0.000000e+00	-7.387497e+03	2.808949e+04
1.547000e-02	2.389831e+04	-5.213795e-04	3.383689e-02	0.000000e+00	-7.201336e+03	3.109965e+04
1.666000e-02	3.004210e+04	-5.616655e-04	3.387509e-02	0.000000e+00	-6.995865e+03	3.703796e+04
1.785000e-02	2.795747e+04	-6.020022e-04	3.391616e-02	0.000000e+00	-4.414210e+03	3.237168e+04
1.904000e-02	2.568744e+04	-6.423860e-04	3.395415e-02	0.000000e+00	-4.979798e+03	3.066724e+04
2.023000e-02	3.431728e+04	-6.828131e-04	3.399664e-02	0.000000e+00	-3.981768e+03	3.829905e+04
2.142000e-02	3.219382e+04	-7.232980e-04	3.404375e-02	0.000000e+00	-5.405167e+03	3.759899e+04
2.261000e-02	3.769171e+04	-7.638372e-04	3.409324e-02	0.000000e+00	-7.898069e+03	4.558978e+04
2.380000e-02	3.742189e+04	-8.044399e-04	3.414643e-02	0.000000e+00	-6.460559e+03	4.388245e+04
2.499000e-02	4.024963e+04	-8.451057e-04	3.420143e-02	0.000000e+00	-5.528310e+03	4.577794e+04
2.618000e-02	4.029891e+04	-8.858393e-04	3.425847e-02	0.000000e+00	-6.721790e+03	4.702070e+04
2.737000e-02	4.517912e+04	-9.266409e-04	3.431901e-02	0.000000e+00	-3.402304e+03	4.858142e+04
2.856000e-02	3.518790e+04	-9.675185e-04	3.437592e-02	0.000000e+00	-8.525838e+03	4.371374e+04
2.975000e-02	3.395888e+04	-1.008456e-03	3.442489e-02	0.000000e+00	-7.924885e+03	4.188377e+04
3.094000e-02	4.510917e+04	-1.049450e-03	3.448088e-02	0.000000e+00	-6.421658e+03	5.153083e+04
3.213000e-02	4.393891e+04	-1.090520e-03	3.454394e-02	0.000000e+00	-7.479148e+03	5.141806e+04
3.332000e-02	5.085204e+04	-1.131664e-03	3.461107e-02	0.000000e+00	-9.154157e+03	6.000620e+04
3.451000e-02	5.779121e+04	-1.172894e-03	3.468801e-02	0.000000e+00	-5.714822e+03	6.350603e+04
3.570000e-02	4.875382e+04	-1.214222e-03	3.476346e-02	0.000000e+00	-5.941018e+03	5.469484e+04
3.689000e-02	5.515749e+04	-1.255631e-03	3.483704e-02	0.000000e+00	-4.360367e+03	5.951786e+04
3.808000e-02	4.480821e+04	-1.297134e-03	3.490784e-02	0.000000e+00	-5.051198e+03	4.985941e+04
3.927000e-02	5.450276e+04	-1.338712e-03	3.497816e-02	0.000000e+00	-4.599191e+03	5.910195e+04
4.046000e-02	5.632055e+04	-1.380382e-03	3.505665e-02	0.000000e+00	-5.110009e+03	6.143056e+04
4.165000e-02	6.239365e+04	-1.422147e-03	3.514072e-02	0.000000e+00	-6.510095e+03	6.890375e+04
4.284000e-02	6.978279e+04	-1.464017e-03	3.523432e-02	0.000000e+00	-4.157432e+03	7.394023e+04
4.403000e-02	5.356554e+04	-1.506005e-03	3.532167e-02	0.000000e+00	-6.595117e+03	6.016066e+04
4.522000e-02	5.506486e+04	-1.548082e-03	3.539860e-02	0.000000e+00	-5.841755e+03	6.090662e+04
4.641000e-02	6.085104e+04	-1.590253e-03	3.548068e-02	0.000000e+00	-4.598884e+03	6.544992e+04
4.760000e-02	6.198956e+04	-1.632527e-03	3.556768e-02	0.000000e+00	-2.872128e+03	6.486169e+04
4.879000e-02	6.078905e+04	-1.674904e-03	3.565462e-02	0.000000e+00	-6.145635e+03	6.693468e+04
4.998000e-02	6.010617e+04	-1.717385e-03	3.574024e-02	0.000000e+00	-5.212694e+03	6.531886e+04
5.117000e-02	6.575840e+04	-1.759966e-03	3.582937e-02	0.000000e+00	-6.105724e+03	7.186412e+04
5.236000e-02	6.454172e+04	-1.802658e-03	3.592164e-02	0.000000e+00	-6.187696e+03	7.072942e+04
5.355000e-02	5.899028e+04	-1.845460e-03	3.600912e-02	0.000000e+00	-3.714449e+03	6.270473e+04
5.474000e-02	6.577649e+04	-1.888360e-03	3.609748e-02	0.000000e+00	-4.879300e+03	7.065579e+04
5.593000e-02	7.329430e+04	-1.931372e-03	3.619597e-02	0.000000e+00	-2.957203e+03	7.625151e+04
5.712000e-02	6.386178e+04	-1.974507e-03	3.629309e-02	0.000000e+00	-5.603339e+03	6.946512e+04
5.831000e-02	6.528178e+04	-2.017749e-03	3.638455e-02	0.000000e+00	-2.858390e+03	6.814017e+04
5.950000e-02	7.427627e+04	-2.061102e-03	3.648338e-02	0.000000e+00	-3.797391e+03	7.807367e+04
6.069000e-02	8.218868e+04	-2.104580e-03	3.659418e-02	0.000000e+00	-6.973523e+03	8.916220e+04
6.188000e-02	8.482078e+04	-2.148196e-03	3.671245e-02	0.000000e+00	-5.632446e+03	9.045322e+04
6.307000e-02	8.581051e+04	-2.191955e-03	3.683329e-02	0.000000e+00	-6.120162e+03	9.193067e+04
6.426000e-02	6.229054e+04	-2.235859e-03	3.693817e-02	0.000000e+00	-1.105355e+04	7.334409e+04
6.545000e-02	7.583474e+04	-2.279868e-03	3.703598e-02	0.000000e+00	-5.930534e+03	8.176528e+04
6.664000e-02	7.907009e+04	-2.324005e-03	3.714568e-02	0.000000e+00	-4.899639e+03	8.396973e+04
6.783000e-02	9.559946e+04	-2.368275e-03	3.726938e-02	0.000000e+00	-9.978184e+03	1.055776e+05
6.902000e-02	7.806363e+04	-2.412706e-03	3.739236e-02	0.000000e+00	-8.613537e+03	8.667717e+04
7.021000e-02	7.997223e+04	-2.457269e-03	3.750427e-02	0.000000e+00	-6.454560e+03	8.642679e+04
7.140000e-02	8.616143e+04	-2.501966e-03	3.762192e-02	0.000000e+00	-6.349911e+03	9.251134e+04
7.259000e-02	8.850194e+04	-2.546809e-03	3.774561e-02	0.000000e+00	-6.077493e+03	9.457943e+04
7.378000e-02	7.204196e+04	-2.591801e-03	3.785931e-02	0.000000e+00	-6.538996e+03	7.858096e+04
7.497000e-02	7.346986e+04	-2.636914e-03	3.796235e-02	0.000000e+00	-6.865119e+03	8.033498e+04
7.616000e-02	9.213303e+04	-2.682151e-03	3.807963e-02	0.000000e+00	-7.714234e+03	9.984727e+04
7.735000e-02	9.060554e+04	-2.727543e-03	3.820903e-02	0.000000e+00	-6.930452e+03	9.753600e+04
7.854000e-02	8.356878e+04	-2.773089e-03	3.833238e-02	0.000000e+00	-6.178892e+03	8.974767e+04
7.973000e-02	7.574141e+04	-2.818774e-03	3.844520e-02	0.000000e+00	-1.149011e+04	8.723152e+04
8.092000e-02	8.286124e+04	-2.864588e-03	3.855751e-02	0.000000e+00	-6.418876e+03	8.928012e+04
8.211000e-02	8.576815e+04	-2.910541e-03	3.867693e-02	0.000000e+00	-6.803103e+03	9.257125e+04
8.330000e-02	9.180167e+04	-2.956639e-03	3.880268e-02	0.000000e+00	-7.820944e+03	9.962262e+04
8.449000e-02	7.216469e+04	-3.002892e-03	3.891880e-02	0.000000e+00	-1.228100e+04	8.444569e+04
8.568000e-02	8.904023e+04	-3.049266e-03	3.903295e-02	0.000000e+00	-8.434164e+03	9.747439e+04
8.687000e-02	1.062584e+05	-3.095790e-03	3.917126e-02	0.000000e+00	-5.606763e+03	1.118652e+05
8.806000e-02	9.657675e+04	-3.142494e-03	3.931490e-02	0.000000e+00	-8.581870e+03	1.051586e+05
8.925000e-02	9.519276e+04	-3.189360e-03	3.945070e-02	0.000000e+00	-5.202220e+03	1.003950e+05
9.044000e-02	9.262702e+04	-3.236386e-03	3.958371e-02	0.000000e+00	-4.532366e+03	9.715939e+04
9.163000e-02	9.349065e+04	-3.283569e-03	3.971551e-02	0.000000e+00	-4.682195e+03	9.817284e+04
9.282000e-02	8.806396e+04	-3.330909e-03	3.984408e-02	0.000000e+00	-4.057132e+03	9.212109e+04
9.401000e-02	1.099601e+05	-3.378398e-03	3.998432e-02	0.000000e+00	-4.227415e+03	1.141875e+05
9.520000e-02	9.808377e+04	-3.426072e-03	4.013165e-02	0.000000e+00	-6.407232e+03	1.044910e+05
9.639000e-02	1.004408e+05	-3.473911e-03	4.027223e-02	0.000000e+00	-4.886012e+03	1.053268e+05
9.758000e-02	1.050057e+05	-3.521920e-03	4.041772e-02	0.000000e+00	-7.144838e+03	1.121505e+05
9.877000e-02	1.012190e+05	-3.570105e-03	4.056377e-02	0.000000e+00	-5.431088e+03	1.066501e+05
9.996000e-02	1.020432e+05	-3.618461e-03	4.070771e-02	0.000000e+00	-6.564273e+03	1.086075e+05
1.011500e-01	1.090382e+05	-3.666990e-03	4.085719e-02	0.000000e+00	-3.597598e+03	1.126358e+05
1.023400e-01	1.061891e+05	-3.715702e-03	4.100961e-02	0.000000e+00	-4.778978e+03	1.109681e+05
1.035300e-01	1.045792e+05	-3.764592e-03	4.115886e-02	0.000000e+00	-8.972037e+03	1.135512e+05
1.047200e-01	1.105013e+05	-3.813660e-03	4.131118e-02	0.000000e+00	-4.355735e+03	1.148570e+05
1.059100e-01	1.004129e+05	-3.862913e-03	4.146054e-02	0.000000e+00	-3.198321e+03	1.036112e+05
1.071000e-01	1.035835e+05	-3.912336e-03	4.160500e-02	0.000000e+00	-5.778394e+03	1.093619e+05
1.082900e-01	9.812560e+04	-3.961933e-03	4.174784e-02	0.000000e+00	-9.861633e+03	1.079872e+05
1.094800e-01	1.033942e+05	-4.011696e-03	4.189055e-02	0.000000e+00	-5.950290e+03	1.093444e+05
1.106700e-01	1.165405e+05	-4.061633e-03	4.204630e-02	0.000000e+00	-3.206410e+03	1.197469e+05
1.118600e-01	1.044814e+05	-4.111766e-03	4.220282e-02	0.000000e+00	-5.490783e+03	1.099722e+05
1.130500e-01	1.146166e+05	-4.162075e-03	4.235798e-02	0.000000e+00	-5.450352e+03	1.200669e+05
1.142400e-01	1.157636e+05	-4.212578e-03	4.252113e-02	0.000000e+00	-2.787905e+03	1.185515e+05
1.154300e-01	1.159660e+05	-4.263276e-03	4.268523e-02	0.000000e+00	-1.503444e+03	1.174694e+05
1.166200e-01	1.169192e+05	-4.314169e-03	4.285015e-02	0.000000e+00	-2.078930e+03	1.189981e+05
1.178100e-01	1.100435e+05	-4.365259e-03	4.301088e-02	0.000000e+00	-3.158394e+03	1.132019e+05
1.190000e-01	1.045016e+05	-4.416535e-03	4.316281e-02	0.000000e+00	-5.100564e+03	1.096022e+05
1.201900e-01	9.936652e+04	-4.467986e-03	4.330718e-02	0.000000e+00	-9.589759e+03	1.089563e+05
1.213800e-01	1.052057e+05	-4.519606e-03	4.345206e-02	0.000000e+00	-5.885573e+03	1.110913e+05
1.225700e-01	1.099907e+05	-4.571402e-03	4.360445e-02	0.000000e+00	-2.815610e+03	1.128063e+05
1.237600e-01	1.122130e+05	-4.623384e-03	4.376181e-02	0.000000e+00	-4.697457e+03	1.169105e+05
1.249500e-01	1.196618e+05	-4.675555e-03	4.392601e-02	0.000000e+00	-7.413012e+03	1.270748e+05
1.261400e-01	1.189375e+05	-4.727928e-03	4.409498e-02	0.000000e+00	-5.660050e+03	1.245975e+05
1.273300e-01	1.166809e+05	-4.780501e-03	4.426184e-02	0.000000e+00	-2.907267e+03	1.195882e+05
1.285200e-01	1.198401e+05	-4.833271e-03	4.442933e-02	0.000000e+00	-4.560562e+03	1.244007e+05
1.297100e-01	1.172365e+05	-4.886243e-03	4.459722e-02	0.000000e+00	-4.896294e+03	1.221328e+05
1.309000e-01	1.147600e+05	-4.939413e-03	4.476151e-02	0.000000e+00	-4.143763e+03	1.189038e+05
1.320900e-01	1.320600e+05	-4.992776e-03	4.493630e-02	0.000000e+00	-4.918241e+03	1.369782e+05
1.332800e-01	1.099927e+05	-5.046361e-03	4.510772e-02	0.000000e+00	-7.680284e+03	1.176730e+05
1.344700e-01	1.153566e+05	-5.100132e-03	4.526730e-02	0.000000e+00	-6.113477e+03	1.214701e+05
1.356600e-01	1.158846e+05	-5.154097e-03	4.543106e-02	0.000000e+00	-2.453964e+03	1.183385e+05
1.368500e-01	1.051231e+05	-5.208258e-03	4.558757e-02	0.000000e+00	-3.550808e+03	1.086740e+05
1.380400e-01	1.115219e+05	-5.262596e-03	4.574099e-02	0.000000e+00	-4.611871e+03	1.161338e+05
1.392300e-01	1.214717e+05	-5.317121e-03	4.590599e-02	0.000000e+00	-5.074529e+03	1.265462e+05
1.404200e-01	1.255457e+05	-5.371852e-03	4.608091e-02	0.000000e+00	-4.890257e+03	1.304359e+05
1.416100e-01	1.253493e+05	-5.426794e-03	4.625859e-02	0.000000e+00	-4.363954e+03	1.297133e+05
1.428000e-01	1.237745e+05	-5.481947e-03	4.643501e-02	0.000000e+00	-3.502062e+03	1.272766e+05
1.439900e-01	1.119380e+05	-5.537309e-03	4.660193e-02	0.000000e+00	-4.748169e+03	1.166861e+05
1.451800e-01	1.268369e+05	-5.592860e-03	4.677103e-02	0.000000e+00	-3.317410e+03	1.301543e+05
1.463700e-01	1.388266e+05	-5.648624e-03	4.695916e-02	0.000000e+00	-2.878914e+03	1.417055e+05
1.475600e-01	1.246596e+05	-5.704623e-03	4.714575e-02	0.000000e+00	-4.094268e+03	1.287538e+05
1.487500e-01	1.164785e+05	-5.760831e-03	4.731652e-02	0.000000e+00	-5.105485e+03	1.215840e+05
1.499400e-01	1.245518e+05	-5.817236e-03	4.748720e-02	0.000000e+00	-5.469201e+03	1.300210e+05
1.511300e-01	1.275888e+05	-5.873851e-03	4.766576e-02	0.000000e+00	-5.392457e+03	1.329812e+05
1.523200e-01	1.376373e+05	-5.930681e-03	4.785359e-02	0.000000e+00	-4.056291e+03	1.416935e+05
1.535100e-01	1.302728e+05	-5.987742e-03	4.804331e-02	0.000000e+00	-2.916404e+03	1.331892e+05
1.547000e-01	1.378121e+05	-6.045024e-03	4.823316e-02	0.000000e+00	-5.325977e+03	1.431381e+05
1.558900e-01	1.426265e+05	-6.102537e-03	4.843176e-02	0.000000e+00	-5.515196e+03	1.481417e+05
1.570800e-01	1.382546e+05	-6.160291e-03	4.863067e-02	0.000000e+00	-4.950605e+03	1.432052e+05
1.582700e-01	1.444853e+05	-6.218278e-03	4.883089e-02	0.000000e+00	-3.877321e+03	1.483626e+05
1.594600e-01	1.112116e+05	-6.276509e-03	4.901197e-02	0.000000e+00	-3.827941e+03	1.150396e+05
1.606500e-01	1.192302e+05	-6.334927e-03	4.917516e-02	0.000000e+00	-5.195545e+03	1.244257e+05
1.618400e-01	1.235041e+05	-6.393546e-03	4.934705e-02	0.000000e+00	-5.612108e+03	1.291162e+05
1.630300e-01	1.353059e+05	-6.452373e-03	4.953033e-02	0.000000e+00	-4.958063e+03	1.402639e+05
1.642200e-01	1.339489e+05	-6.511428e-03	4.972101e-02	0.000000e+00	-1.904778e+03	1.358537e+05
1.654100e-01	1.478910e+05	-6.570709e-03	4.992060e-02	0.000000e+00	-4.310459e+03	1.522014e+05
1.666000e-01	1.373284e+05	-6.630239e-03	5.012258e-02	0.000000e+00	-4.103495e+03	1.414319e+05
1.677900e-01	1.291308e+05	-6.690000e-03	5.031128e-02	0.000000e+00	-1.925772e+03	1.310566e+05
1.689800e-01	1.397139e+05	-6.749980e-03	5.050167e-02	0.000000e+00	-1.725692e+03	1.414396e+05
1.701700e-01	1.303796e+05	-6.810194e-03	5.069294e-02	0.000000e+00	-3.771500e+03	1.341511e+05
1.713600e-01	1.412740e+05	-6.870629e-03	5.088531e-02	0.000000e+00	-3.671556e+03	1.449456e+05
1.725500e-01	1.396240e+05	-6.931301e-03	5.108423e-02	0.000000e+00	-4.594985e+03	1.442190e+05
1.737400e-01	1.353096e+05	-6.992209e-03	5.127893e-02	0.000000e+00	-3.660979e+03	1.389706e+05
1.749300e-01	1.495107e+05	-7.053345e-03	5.148063e-02	0.000000e+00	-4.011836e+03	1.535225e+05
1.761200e-01	1.327516e+05	-7.114733e-03	5.168052e-02	0.000000e+00	-4.334754e+03	1.370863e+05
1.773100e-01	1.383057e+05	-7.176345e-03	5.187247e-02	0.000000e+00	-3.775634e+03	1.420813e+05
1.785000e-01	1.561427e+05	-7.238190e-03	5.208099e-02	0.000000e+00	-6.468702e+03	1.626114e+05
1.796900e-01	1.435257e+05	-7.300298e-03	5.229321e-02	0.000000e+00	-6.946154e+03	1.504718e+05
1.808800e-01	1.344462e+05	-7.362648e-03	5.249006e-02	0.000000e+00	-3.161045e+03	1.376072e+05
1.820700e-01	1.522090e+05	-7.425224e-03	5.269305e-02	0.000000e+00	-4.973000e+03	1.571820e+05
1.832600e-01	1.474257e+05	-7.488057e-03	5.290525e-02	0.000000e+00	-5.732013e+03	1.531577e+05
1.844500e-01	1.411809e+05	-7.551139e-03	5.310963e-02	0.000000e+00	-5.585336e+03	1.467662e+05
1.856400e-01	1.464080e+05	-7.614458e-03	5.331329e-02	0.000000e+00	-4.703921e+03	1.511119e+05
1.868300e-01	1.461536e+05	-7.678024e-03	5.352047e-02	0.000000e+00	-5.491958e+03	1.516455e+05
1.880200e-01	1.506995e+05	-7.741837e-03	5.373069e-02	0.000000e+00	-3.295984e+03	1.539955e+05
1.892100e-01	1.430029e+05	-7.805903e-03	5.393868e-02	0.000000e+00	-6.086637e+03	1.490896e+05
1.904000e-01	1.237957e+05	-7.870211e-03	5.412762e-02	0.000000e+00	-9.444036e+03	1.332398e+05
1.915900e-01	1.495957e+05	-7.934727e-03	5.432122e-02	0.000000e+00	-5.268016e+03	1.548637e+05
1.927800e-01	1.265363e+05	-7.999495e-03	5.451677e-02	0.000000e+00	-4.667636e+03	1.312040e+05
1.939700e-01	1.506655e+05	-8.064477e-03	5.471307e-02	0.000000e+00	-4.613991e+03	1.552795e+05
1.951600e-01	1.550713e+05	-8.129712e-03	5.492959e-02	0.000000e+00	-6.439759e+03	1.615110e+05
1.963500e-01	1.410318e+05	-8.195209e-03	5.513928e-02	0.000000e+00	-4.175680e+03	1.452075e+05
1.975400e-01	1.472079e+05	-8.260944e-03	5.534340e-02	0.000000e+00	-3.518111e+03	1.507260e+05
1.987300e-01	1.422509e+05	-8.326927e-03	5.554838e-02	0.000000e+00	-2.672423e+03	1.449233e+05
1.999200e-01	1.367163e+05	-8.393149e-03	5.574594e-02	0.000000e+00	-3.937569e+03	1.406538e+05
2.011100e-01	1.336041e+05	-8.459602e-03	5.593737e-02	0.000000e+00	-3.824755e+03	1.374288e+05
2.023000e-01	1.487531e+05	-8.526280e-03	5.613732e-02	0.000000e+00	-2.554057e+03	1.513072e+05
2.034900e-01	1.678610e+05	-8.593209e-03	5.636154e-02	0.000000e+00	-4.743041e+03	1.726041e+05
2.046800e-01	1.445351e+05	-8.660420e-03	5.658277e-02	0.000000e+00	-6.095074e+03	1.506302e+05
2.058700e-01	1.447734e+05	-8.727876e-03	5.678764e-02	0.000000e+00	-7.116769e+03	1.518901e+05
2.070600e-01	1.688276e+05	-8.795575e-03	5.700972e-02	0.000000e+00	-4.335088e+03	1.731627e+05
2.082500e-01	1.492228e+05	-8.863559e-03	5.723496e-02	0.000000e+00	-3.319290e+03	1.525420e+05
2.094400e-01	1.586821e+05	-8.931794e-03	5.745300e-02	0.000000e+00	-4.330397e+03	1.630125e+05
2.106300e-01	1.575349e+05	-9.000297e-03	5.767694e-02	0.000000e+00	-6.611273e+03	1.641462e+05
2.118200e-01	1.500161e+05	-9.069065e-03	5.789473e-02	0.000000e+00	-5.816982e+03	1.558330e+05
2.130100e-01	1.435750e+05	-9.138086e-03	5.810265e-02	0.000000e+00	-3.595283e+03	1.471703e+05
2.142000e-01	1.527897e+05	-9.207350e-03	5.831252e-02	0.000000e+00	-5.452851e+03	1.582425e+05
2.153900e-01	1.598670e+05	-9.276870e-03	5.853393e-02	0.000000e+00	-4.286143e+03	1.641531e+05
2.165800e-01	1.544844e+05	-9.346660e-03	5.875655e-02	0.000000e+00	-5.416167e+03	1.599006e+05
2.177700e-01	1.421906e+05	-9.416711e-03	5.896664e-02	0.000000e+00	-5.072982e+03	1.472636e+05
2.189600e-01	1.486718e+05	-9.487001e-03	5.917262e-02	0.000000e+00	-8.026676e+03	1.566985e+05
2.201500e-01	1.622697e+05	-9.557542e-03	5.939282e-02	0.000000e+00	-2.718593e+03	1.649883e+05
2.213400e-01	1.598588e+05	-9.628356e-03	5.962094e-02	0.000000e+00	-2.866920e+03	1.627257e+05
2.225300e-01	1.571854e+05	-9.699439e-03	5.984546e-02	0.000000e+00	-4.110915e+03	1.612963e+05
2.237200e-01	1.629956e+05	-9.770788e-03	6.007220e-02	0.000000e+00	-4.639849e+03	1.676355e+05
2.249100e-01	1.518385e+05	-9.842411e-03	6.029515e-02	0.000000e+00	-3.329485e+03	1.551680e+05
2.261000e-01	1.520922e+05	-9.914291e-03	6.051038e-02	0.000000e+00	-3.806761e+03	1.558990e+05
2.272900e-01	1.386127e+05	-9.986426e-03	6.071625e-02	0.000000e+00	-3.148903e+03	1.417616e+05
2.284800e-01	1.503914e+05	-1.005880e-02	6.092091e-02	0.000000e+00	-4.492874e+03	1.548842e+05
2.296700e-01	1.492845e+05	-1.013142e-02	6.113313e-02	0.000000e+00	-5.210328e+03	1.544948e+05
2.308600e-01	1.497488e+05	-1.020429e-02	6.134490e-02	0.000000e+00	-3.464540e+03	1.532133e+05
2.320500e-01	1.755384e+05	-1.027742e-02	6.157526e-02	0.000000e+00	-2.906683e+03	1.784451e+05
2.332400e-01	1.507969e+05	-1.035084e-02	6.180635e-02	0.000000e+00	-2.948889e+03	1.537458e+05
2.344300e-01	1.517983e+05	-1.042452e-02	6.202064e-02	0.000000e+00	-2.490401e+03	1.542887e+05
2.356200e-01	1.651580e+05	-1.049845e-02	6.224510e-02	0.000000e+00	-3.668423e+03	1.688264e+05
2.368100e-01	1.703724e+05	-1.057266e-02	6.248271e-02	0.000000e+00	-4.142725e+03	1.745151e+05
2.380000e-01	1.732803e+05	-1.064716e-02	6.272607e-02	0.000000e+00	-2.732886e+03	1.760131e+05
2.391900e-01	1.489481e+05	-1.072195e-02	6.295426e-02	0.000000e+00	-3.838091e+03	1.527862e+05
2.403800e-01	1.489753e+05	-1.079699e-02	6.316524e-02	0.000000e+00	-3.935309e+03	1.529106e+05
2.415700e-01	1.546943e+05	-1.087228e-02	6.338029e-02	0.000000e+00	-3.870187e+03	1.585644e+05
2.427600e-01	1.591329e+05	-1.094784e-02	6.360253e-02	0.000000e+00	-2.114406e+03	1.612473e+05
2.439500e-01	1.569602e+05	-1.102366e-02	6.382638e-02	0.000000e+00	-4.484675e+03	1.614448e+05
2.451400e-01	1.636295e+05	-1.109974e-02	6.405341e-02	0.000000e+00	-3.806194e+03	1.674357e+05
2.463300e-01	1.744523e+05	-1.117610e-02	6.429283e-02	0.000000e+00	-2.907816e+03	1.773601e+05
2.475200e-01	1.554277e+05	-1.125276e-02	6.452644e-02	0.000000e+00	-6.541869e+03	1.619696e+05
2.487100e-01	1.554660e+05	-1.132968e-02	6.474660e-02	0.000000e+00	-6.227990e+03	1.616940e+05
2.499000e-01	1.609781e+05	-1.140686e-02	6.497069e-02	0.000000e+00	-6.299766e+03	1.672779e+05
2.510900e-01	1.604085e+05	-1.148431e-02	6.519829e-02	0.000000e+00	-3.867989e+03	1.642765e+05
2.522800e-01	1.508335e+05	-1.156203e-02	6.541870e-02	0.000000e+00	-3.011602e+03	1.538451e+05
2.534700e-01	1.659610e+05	-1.164000e-02	6.564304e-02	0.000000e+00	-2.831989e+03	1.687930e+05
2.546600e-01	1.781508e+05	-1.171826e-02	6.588673e-02	0.000000e+00	-2.190345e+03	1.803411e+05
2.558500e-01	1.646093e+05	-1.179681e-02	6.612946e-02	0.000000e+00	-2.741289e+03	1.673506e+05
2.570400e-01	1.642261e+05	-1.187565e-02	6.636233e-02	0.000000e+00	-3.547093e+03	1.677732e+05
2.582300e-01	1.603830e+05	-1.195476e-02	6.659221e-02	0.000000e+00	-3.049241e+03	1.634323e+05
2.594200e-01	1.686251e+05	-1.203414e-02	6.682520e-02	0.000000e+00	-2.089608e+03	1.707147e+05
2.606100e-01	1.726063e+05	-1.211380e-02	6.706685e-02	0.000000e+00	-4.299086e+03	1.769054e+05
2.618000e-01	1.583146e+05	-1.219376e-02	6.730119e-02	0.000000e+00	-2.315713e+03	1.606303e+05
2.629900e-01	1.629669e+05	-1.227398e-02	6.752871e-02	0.000000e+00	-4.380357e+03	1.673472e+05
2.641800e-01	1.615600e+05	-1.235447e-02	6.775853e-02	0.000000e+00	-4.279838e+03	1.658398e+05
2.653700e-01	1.645176e+05	-1.243524e-02	6.798945e-02	0.000000e+00	-3.062111e+03	1.675797e+05
2.665600e-01	1.788113e+05	-1.251629e-02	6.823258e-02	0.000000e+00	-4.281818e+03	1.830931e+05
2.677500e-01	1.597021e+05	-1.259764e-02	6.847230e-02	0.000000e+00	-7.794894e+03	1.674970e+05
2.689400e-01	1.685326e+05	-1.267925e-02	6.870475e-02	0.000000e+00	-4.065212e+03	1.725978e+05
2.701300e-01	1.621722e+05	-1.276115e-02	6.893894e-02	0.000000e+00	-4.653546e+03	1.668257e+05
2.713200e-01	1.643600e+05	-1.284333e-02	6.917018e-02	0.000000e+00	-5.880827e+03	1.702408e+05
2.725100e-01	1.664650e+05	-1.292578e-02	6.940446e-02	0.000000e+00	-2.335556e+03	1.688005e+05
2.737000e-01	1.592202e+05	-1.300851e-02	6.963510e-02	0.000000e+00	-1.505397e+03	1.607256e+05
2.748900e-01	1.742076e+05	-1.309151e-02	6.987122e-02	0.000000e+00	-2.854837e+03	1.770625e+05
2.760800e-01	1.772398e+05	-1.317480e-02	7.012010e-02	0.000000e+00	-5.204999e+03	1.824448e+05
2.772700e-01	1.739254e+05	-1.325840e-02	7.036879e-02	0.000000e+00	-4.737975e+03	1.786633e+05
2.784600e-01	1.812645e+05	-1.334228e-02	7.062032e-02	0.000000e+00	-1.842911e+03	1.831074e+05
2.796500e-01	1.599435e+05	-1.342647e-02	7.086195e-02	0.000000e+00	-3.742459e+03	1.636860e+05
2.808400e-01	1.544460e+05	-1.351093e-02	7.108459e-02	0.000000e+00	-3.913918e+03	1.583600e+05
2.820300e-01	1.616594e+05	-1.359565e-02	7.130844e-02	0.000000e+00	-4.624067e+03	1.662834e+05
2.832200e-01	1.656424e+05	-1.368065e-02	7.154023e-02	0.000000e+00	-4.230042e+03	1.698724e+05
2.844100e-01	1.748656e+05	-1.376592e-02	7.178136e-02	0.000000e+00	-4.414670e+03	1.792802e+05
2.856000e-01	1.787474e+05	-1.385149e-02	7.203178e-02	0.000000e+00	-5.208395e+03	1.839558e+05
2.867900e-01	1.834285e+05	-1.393735e-02	7.228826e-02	0.000000e+00	-5.295932e+03	1.887244e+05
2.879800e-01	1.867887e+05	-1.402353e-02	7.255043e-02	0.000000e+00	-4.764977e+03	1.915537e+05
2.891700e-01	1.734854e+05	-1.411002e-02	7.280557e-02	0.000000e+00	-4.257972e+03	1.777434e+05
2.903600e-01	1.669059e+05	-1.419681e-02	7.304662e-02	0.000000e+00	-4.044102e+03	1.709500e+05
2.915500e-01	1.696098e+05	-1.428388e-02	7.328493e-02	0.000000e+00	-2.701883e+03	1.723117e+05
2.927400e-01	1.570839e+05	-1.437123e-02	7.351628e-02	0.000000e+00	-4.559764e+03	1.616436e+05
2.939300e-01	1.636316e+05	-1.445884e-02	7.374340e-02	0.000000e+00	-5.736081e+03	1.693677e+05
2.951200e-01	1.503362e+05	-1.454674e-02	7.396574e-02	0.000000e+00	-3.431671e+03	1.537679e+05
2.963100e-01	1.679332e+05	-1.463488e-02	7.419113e-02	0.000000e+00	-3.091440e+03	1.710246e+05
2.975000e-01	1.803997e+05	-1.472331e-02	7.443781e-02	0.000000e+00	-2.813835e+03	1.832135e+05
2.986900e-01	1.769800e+05	-1.481204e-02	7.469089e-02	0.000000e+00	-3.811687e+03	1.807917e+05
2.998800e-01	1.705140e+05	-1.490108e-02	7.493697e-02	0.000000e+00	-3.420326e+03	1.739343e+05
3.010700e-01	1.601899e+05	-1.499039e-02	7.517117e-02	0.000000e+00	-4.989962e+03	1.651799e+05
3.022600e-01	1.646955e+05	-1.507998e-02	7.540124e-02	0.000000e+00	-6.558979e+03	1.712544e+05
3.034500e-01	1.747316e+05	-1.516985e-02	7.564161e-02	0.000000e+00	-2.217673e+03	1.769492e+05
3.046400e-01	1.811023e+05	-1.526001e-02	7.589360e-02	0.000000e+00	-4.976994e+03	1.860793e+05
3.058300e-01	1.770332e+05	-1.535048e-02	7.614722e-02	0.000000e+00	-3.240009e+03	1.802732e+05
3.070200e-01	1.746003e+05	-1.544124e-02	7.639623e-02	0.000000e+00	-2.712372e+03	1.773126e+05
3.082100e-01	1.694841e+05	-1.553230e-02	7.663990e-02	0.000000e+00	-1.543016e+03	1.710271e+05
3.094000e-01	1.748419e+05	-1.562364e-02	7.688374e-02	0.000000e+00	-1.210893e+03	1.760528e+05
3.105900e-01	1.819851e+05	-1.571528e-02	7.713643e-02	0.000000e+00	-2.400803e+03	1.843859e+05
3.117800e-01	1.845607e+05	-1.580723e-02	7.739601e-02	0.000000e+00	-3.533961e+03	1.880947e+05
3.129700e-01	1.607276e+05	-1.589949e-02	7.764053e-02	0.000000e+00	-3.864793e+03	1.645924e+05
3.141600e-01	1.665245e+05	-1.599201e-02	7.787228e-02	0.000000e+00	-1.441507e+03	1.679660e+05
3.153500e-01	1.778157e+05	-1.608482e-02	7.811613e-02	0.000000e+00	-1.049890e+03	1.788656e+05
3.165400e-01	1.583798e+05	-1.617793e-02	7.835421e-02	0.000000e+00	-2.861892e+03	1.612417e+05
3.177300e-01	1.661344e+05	-1.627130e-02	7.858402e-02	0.000000e+00	-2.114282e+03	1.682486e+05
3.189200e-01	1.737792e+05	-1.636496e-02	7.882473e-02	0.000000e+00	-4.175944e+03	1.779551e+05
3.201100e-01	1.740522e+05	-1.645891e-02	7.907105e-02	0.000000e+00	-5.144212e+03	1.791964e+05
3.213000e-01	1.841041e+05	-1.655315e-02	7.932469e-02	0.000000e+00	-3.533928e+03	1.876380e+05
3.224900e-01	1.894246e+05	-1.664770e-02	7.958921e-02	0.000000e+00	-4.889275e+03	1.943139e+05
3.236800e-01	1.708240e+05	-1.674257e-02	7.984432e-02	0.000000e+00	-8.053073e+03	1.788771e+05
3.248700e-01	1.871138e+05	-1.683773e-02	8.009780e-02	0.000000e+00	-5.915843e+03	1.930297e+05
3.260600e-01	1.715588e+05	-1.693320e-02	8.035180e-02	0.000000e+00	-5.972680e+03	1.775315e+05
3.272500e-01	1.697996e+05	-1.702897e-02	8.059354e-02	0.000000e+00	-6.503670e+03	1.763033e+05
3.284400e-01	1.749341e+05	-1.712502e-02	8.083767e-02	0.000000e+00	-2.062404e+03	1.769965e+05
3.296300e-01	1.845476e+05	-1.722136e-02	8.109224e-02	0.000000e+00	-3.285856e+03	1.878334e+05
3.308200e-01	1.813385e+05	-1.731802e-02	8.135135e-02	0.000000e+00	-4.248731e+03	1.855872e+05
3.320100e-01	1.732167e+05	-1.741498e-02	8.160243e-02	0.000000e+00	-1.333203e+03	1.745499e+05
3.332000e-01	1.848623e+05	-1.751223e-02	8.185601e-02	0.000000e+00	-3.230303e+03	1.880926e+05
3.343900e-01	1.915583e+05	-1.760979e-02	8.212258e-02	0.000000e+00	-3.982146e+03	1.955404e+05
3.355800e-01	1.879468e+05	-1.770768e-02	8.239133e-02	0.000000e+00	-2.937562e+03	1.908844e+05
3.367700e-01	1.708541e+05	-1.780589e-02	8.264542e-02	0.000000e+00	-5.656673e+03	1.765107e+05
3.379600e-01	1.757446e+05	-1.790438e-02	8.289087e-02	0.000000e+00	-4.039174e+03	1.797838e+05
3.391500e-01	1.696305e+05	-1.800317e-02	8.313545e-02	0.000000e+00	-4.421139e+03	1.740517e+05
3.403400e-01	1.884422e+05	-1.810224e-02	8.338903e-02	0.000000e+00	-2.516016e+03	1.909583e+05
3.415300e-01	1.735484e+05	-1.820163e-02	8.364537e-02	0.000000e+00	-4.238579e+03	1.777869e+05
3.427200e-01	1.714430e+05	-1.830132e-02	8.388969e-02	0.000000e+00	-5.412418e+03	1.768554e+05
3.439100e-01	1.612657e+05	-1.840129e-02	8.412530e-02	0.000000e+00	-4.398989e+03	1.656646e+05
3.451000e-01	1.754118e+05	-1.850153e-02	8.436372e-02	0.000000e+00	-5.529028e+03	1.809408e+05
3.462900e-01	1.800658e+05	-1.860207e-02	8.461546e-02	0.000000e+00	-4.149351e+03	1.842152e+05
3.474800e-01	1.567702e+05	-1.870292e-02	8.485399e-02	0.000000e+00	-3.659996e+03	1.604302e+05
3.486700e-01	1.826447e+05	-1.880403e-02	8.509435e-02	0.000000e+00	-4.924304e+03	1.875690e+05
3.498600e-01	1.873177e+05	-1.890544e-02	8.535635e-02	0.000000e+00	-4.039097e+03	1.913568e+05
3.510500e-01	1.831727e+05	-1.900718e-02	8.561872e-02	0.000000e+00	-2.478061e+03	1.856507e+05
3.522400e-01	1.811158e+05	-1.910922e-02	8.587669e-02	0.000000e+00	-4.227779e+03	1.853436e+05
3.534300e-01	1.779965e+05	-1.921156e-02	8.613100e-02	0.000000e+00	-5.693681e+03	1.836901e+05
3.546200e-01	2.082322e+05	-1.931421e-02	8.640452e-02	0.000000e+00	-3.940375e+03	2.121726e+05
3.558100e-01	1.816273e+05	-1.941720e-02	8.668060e-02	0.000000e+00	-3.348808e+03	1.849761e+05
3.570000e-01	1.866528e+05	-1.952051e-02	8.694141e-02	0.000000e+00	-6.948947e+03	1.936017e+05
3.581900e-01	1.873699e+05	-1.962412e-02	8.720627e-02	0.000000e+00	-2.828166e+03	1.901980e+05
3.593800e-01	1.934315e+05	-1.972806e-02	8.747595e-02	0.000000e+00	-4.643550e+03	1.980750e+05
3.605700e-01	1.823062e+05	-1.983232e-02	8.774203e-02	0.000000e+00	-2.812117e+03	1.851184e+05
3.617600e-01	1.753286e+05	-1.993688e-02	8.799529e-02	0.000000e+00	-3.268267e+03	1.785969e+05
3.629500e-01	1.741536e+05	-2.004175e-02	8.824278e-02	0.000000e+00	-5.936028e+03	1.800896e+05
3.641400e-01	1.714318e+05	-2.014690e-02	8.848752e-02	0.000000e+00	-2.793882e+03	1.742257e+05
3.653300e-01	1.853371e+05	-2.025235e-02	8.874017e-02	0.000000e+00	-3.224050e+03	1.885612e+05
3.665200e-01	1.849136e+05	-2.035810e-02	8.900237e-02	0.000000e+00	-2.854242e+03	1.877679e+05
3.677100e-01	1.819794e+05	-2.046417e-02	8.926219e-02	0.000000e+00	-1.354707e+03	1.833341e+05
3.689000e-01	2.038351e+05	-2.057055e-02	8.953541e-02	0.000000e+00	-6.582846e+03	2.104179e+05
3.700900e-01	1.707517e+05	-2.067727e-02	8.980068e-02	0.000000e+00	-4.845484e+03	1.755972e+05
3.712800e-01	1.782800e+05	-2.078427e-02	9.004785e-02	0.000000e+00	-3.461023e+03	1.817410e+05
3.724700e-01	1.972392e+05	-2.089158e-02	9.031378e-02	0.000000e+00	-4.542006e+03	2.017812e+05
3.736600e-01	1.902968e+05	-2.099922e-02	9.058822e-02	0.000000e+00	-3.782786e+03	1.940796e+05
3.748500e-01	1.799379e+05	-2.110718e-02	9.085040e-02	0.000000e+00	-2.164942e+03	1.821029e+05
3.760400e-01	1.712725e+05	-2.121544e-02	9.109912e-02	0.000000e+00	-3.291891e+03	1.745644e+05
3.772300e-01	1.875276e+05	-2.132400e-02	9.135321e-02	0.000000e+00	-4.596500e+03	1.921241e+05
3.784200e-01	1.930450e+05	-2.143286e-02	9.162272e-02	0.000000e+00	-4.071770e+03	1.971168e+05
3.796100e-01	2.012679e+05	-2.154206e-02	9.190195e-02	0.000000e+00	-3.434792e+03	2.047027e+05
3.808000e-01	1.942627e+05	-2.165159e-02	9.218206e-02	0.000000e+00	-3.210181e+03	1.974729e+05
3.819900e-01	2.005862e+05	-2.176145e-02	9.246167e-02	0.000000e+00	-1.695420e+03	2.022816e+05
3.831800e-01	1.781074e+05	-2.187165e-02	9.272985e-02	0.000000e+00	-2.372816e+03	1.804803e+05
3.843700e-01	1.867662e+05	-2.198215e-02	9.298824e-02	0.000000e+00	-3.707184e+03	1.904734e+05
3.855600e-01	1.999826e+05	-2.209296e-02	9.326212e-02	0.000000e+00	-3.352600e+03	2.033352e+05
3.867500e-01	2.019319e+05	-2.220411e-02	9.354675e-02	0.000000e+00	-6.689603e+03	2.086215e+05
3.879400e-01	1.873085e+05	-2.231560e-02	9.382239e-02	0.000000e+00	-5.297833e+03	1.926063e+05
3.891300e-01	1.954722e+05	-2.242741e-02	9.409346e-02	0.000000e+00	-5.027794e+03	2.005000e+05
3.903200e-01	2.100875e+05	-2.253955e-02	9.438067e-02	0.000000e+00	-5.473314e+03	2.155608e+05
3.915100e-01	1.887566e+05	-2.265204e-02	9.466311e-02	0.000000e+00	-3.060579e+03	1.918171e+05
3.927000e-01	1.940690e+05	-2.276484e-02	9.493422e-02	0.000000e+00	-4.309987e+03	1.983790e+05
3.938900e-01	1.884017e+05	-2.287798e-02	9.520507e-02	0.000000e+00	-5.727505e+03	1.941292e+05
3.950800e-01	1.857159e+05	-2.299143e-02	9.547001e-02	0.000000e+00	-3.227132e+03	1.889430e+05
3.962700e-01	1.844129e+05	-2.310520e-02	9.573212e-02	0.000000e+00	-5.760911e+03	1.901738e+05
3.974600e-01	1.780376e+05	-2.321927e-02	9.598879e-02	0.000000e+00	-3.432177e+03	1.814698e+05
3.986500e-01	1.893860e+05	-2.333365e-02	9.624899e-02	0.000000e+00	-2.013781e+03	1.913997e+05
3.998400e-01	1.984974e+05	-2.344835e-02	9.652367e-02	0.000000e+00	-3.202521e+03	2.017000e+05
4.010300e-01	1.843664e+05	-2.356338e-02	9.679481e-02	0.000000e+00	-1.829348e+03	1.861957e+05
4.022200e-01	1.776983e+05	-2.367872e-02	9.705121e-02	0.000000e+00	-1.912459e+03	1.796108e+05
4.034100e-01	1.884539e+05	-2.379436e-02	9.731050e-02	0.000000e+00	-3.234982e+03	1.916889e+05
4.046000e-01	1.778410e+05	-2.391032e-02	9.756990e-02	0.000000e+00	-4.289307e+03	1.821303e+05
4.057900e-01	1.881667e+05	-2.402658e-02	9.782909e-02	0.000000e+00	-3.403861e+03	1.915706e+05
4.069800e-01	1.793916e+05	-2.414315e-02	9.808939e-02	0.000000e+00	-4.433960e+03	1.838256e+05
4.081700e-01	1.876886e+05	-2.426003e-02	9.834934e-02	0.000000e+00	-6.209163e+03	1.938978e+05
4.093600e-01	1.947831e+05	-2.437722e-02	9.862019e-02	0.000000e+00	-3.441158e+03	1.982243e+05
4.105500e-01	1.854620e+05	-2.449474e-02	9.888947e-02	0.000000e+00	-3.342873e+03	1.888049e+05
4.117400e-01	1.766163e+05	-2.461258e-02	9.914588e-02	0.000000e+00	-3.729174e+03	1.803455e+05
4.129300e-01	1.851315e+05	-2.473071e-02	9.940206e-02	0.000000e+00	-2.656160e+03	1.877876e+05
4.141200e-01	2.099362e+05	-2.484916e-02	9.968183e-02	0.000000e+00	-1.782434e+03	2.117187e+05
4.153100e-01	1.916722e+05	-2.496795e-02	9.996623e-02	0.000000e+00	-3.378484e+03	1.950507e+05
4.165000e-01	1.797987e+05	-2.508708e-02	1.002293e-01	0.000000e+00	-2.643717e+03	1.824424e+05
4.176900e-01	1.931099e+05	-2.520650e-02	1.004934e-01	0.000000e+00	-3.460388e+03	1.965703e+05
4.188800e-01	2.121743e+05	-2.532625e-02	1.007804e-01	0.000000e+00	-3.837584e+03	2.160119e+05
4.200700e-01	1.981038e+05	-2.544636e-02	1.010709e-01	0.000000e+00	-1.996235e+03	2.001001e+05
4.212600e-01	1.704198e+05	-2.556680e-02	1.013319e-01	0.000000e+00	-5.262444e+03	1.756822e+05
4.224500e-01	1.908383e+05	-2.568753e-02	1.015877e-01	0.000000e+00	-2.798303e+03	1.936366e+05
4.236400e-01	1.722868e+05	-2.580858e-02	1.018449e-01	0.000000e+00	-1.653010e+03	1.739398e+05
4.248300e-01	1.881074e+05	-2.592992e-02	1.021001e-01	0.000000e+00	-1.310237e+03	1.894177e+05
4.260200e-01	1.788182e+05	-2.605158e-02	1.023600e-01	0.000000e+00	-4.125310e+03	1.829435e+05
4.272100e-01	1.727356e+05	-2.617354e-02	1.026089e-01	0.000000e+00	-5.434695e+03	1.781703e+05
4.284000e-01	1.662924e+05	-2.629579e-02	1.028490e-01	0.000000e+00	-2.525586e+03	1.688180e+05
4.295900e-01	1.957261e+05	-2.641832e-02	1.031054e-01	0.000000e+00	-3.593065e+03	1.993191e+05
4.307800e-01	1.989828e+05	-2.654118e-02	1.033849e-01	0.000000e+00	-2.814870e+03	2.017977e+05
4.319700e-01	1.812013e+05	-2.666437e-02	1.036541e-01	0.000000e+00	-3.109717e+03	1.843111e+05
4.331600e-01	1.936589e+05	-2.678787e-02	1.039196e-01	0.000000e+00	-4.581841e+03	1.982407e+05
4.343500e-01	1.900727e+05	-2.691170e-02	1.041913e-01	0.000000e+00	-1.654113e+03	1.917268e+05
4.355400e-01	1.913084e+05	-2.703585e-02	1.044614e-01	0.000000e+00	-3.583780e+03	1.948922e+05
4.367300e-01	1.861371e+05	-2.716032e-02	1.047287e-01	0.000000e+00	-3.712702e+03	1.898498e+05
4.379200e-01	1.778146e+05	-2.728510e-02	1.049864e-01	0.000000e+00	-3.127632e+03	1.809423e+05
4.391100e-01	1.961239e+05	-2.741019e-02	1.052512e-01	0.000000e+00	-5.180238e+03	2.013042e+05
4.403000e-01	1.924597e+05	-2.753560e-02	1.055264e-01	0.000000e+00	-1.823811e+03	1.942835e+05
4.414900e-01	1.908950e+05	-2.766134e-02	1.057979e-01	0.000000e+00	-1.858789e+03	1.927538e+05
4.426800e-01	1.912104e+05	-2.778740e-02	1.060685e-01	0.000000e+00	-1.502556e+03	1.927130e+05
4.438700e-01	1.955553e+05	-2.791378e-02	1.063424e-01	0.000000e+00	-1.269842e+03	1.968251e+05
4.450600e-01	1.929560e+05	-2.804049e-02	1.066175e-01	0.000000e+00	-2.714262e+03	1.956703e+05
4.462500e-01	1.957680e+05	-2.816753e-02	1.068928e-01	0.000000e+00	-2.658048e+03	1.984260e+05
4.474400e-01	1.977412e+05	-2.829490e-02	1.071715e-01	0.000000e+00	-4.957519e+03	2.026988e+05
4.486300e-01	1.752153e+05	-2.842260e-02	1.074356e-01	0.000000e+00	-6.489923e+03	1.817052e+05
4.498200e-01	1.811727e+05	-2.855060e-02	1.076880e-01	0.000000e+00	-6.149406e+03	1.873221e+05
4.510100e-01	1.966611e+05	-2.867890e-02	1.079555e-01	0.000000e+00	-2.521465e+03	1.991825e+05
4.522000e-01	2.005874e+05	-2.880753e-02	1.082369e-01	0.000000e+00	-4.656217e+03	2.052437e+05
4.533900e-01	1.981922e+05	-2.893650e-02	1.085193e-01	0.000000e+00	-4.322946e+03	2.025151e+05
4.545800e-01	1.699521e+05	-2.906581e-02	1.087800e-01	0.000000e+00	-2.728457e+03	1.726806e+05
4.557700e-01	1.817649e+05	-2.919540e-02	1.090290e-01	0.000000e+00	-2.979780e+03	1.847447e+05
4.569600e-01	1.980506e+05	-2.932530e-02	1.092980e-01	0.000000e+00	-1.599261e+03	1.996498e+05
4.581500e-01	2.081485e+05	-2.945553e-02	1.095857e-01	0.000000e+00	-1.945710e+03	2.100942e+05
4.593400e-01	2.066116e+05	-2.958611e-02	1.098794e-01	0.000000e+00	-7.937949e+02	2.074054e+05
4.605300e-01	1.927603e+05	-2.971704e-02	1.101622e-01	0.000000e+00	-4.537109e+03	1.972974e+05
4.617200e-01	2.048403e+05	-2.984829e-02	1.104438e-01	0.000000e+00	-5.009359e+03	2.098497e+05
4.629100e-01	2.089416e+05	-2.997990e-02	1.107368e-01	0.000000e+00	-3.299622e+03	2.122412e+05
4.641000e-01	1.877064e+05	-3.011185e-02	1.110177e-01	0.000000e+00	-5.500389e+03	1.932068e+05
4.652900e-01	1.892620e+05	-3.024412e-02	1.112846e-01	0.000000e+00	-3.106375e+03	1.923684e+05
4.664800e-01	2.007477e+05	-3.037671e-02	1.115608e-01	0.000000e+00	-1.671780e+03	2.024195e+05
4.676700e-01	2.001236e+05	-3.050963e-02	1.118447e-01	0.000000e+00	-2.214810e+03	2.023384e+05
4.688600e-01	2.073043e+05	-3.064290e-02	1.121332e-01	0.000000e+00	-1.885423e+03	2.091897e+05
4.700500e-01	1.952170e+05	-3.077651e-02	1.124183e-01	0.000000e+00	-1.679388e+03	1.968964e+05
4.712400e-01	2.095230e+05	-3.091045e-02	1.127049e-01	0.000000e+00	-3.564161e+03	2.130872e+05
4.724300e-01	1.865014e+05	-3.104475e-02	1.129854e-01	0.000000e+00	-4.782198e+03	1.912836e+05
4.736200e-01	1.889533e+05	-3.117936e-02	1.132513e-01	0.000000e+00	-1.836705e+03	1.907901e+05
4.748100e-01	1.965517e+05	-3.131429e-02	1.135243e-01	0.000000e+00	-2.458138e+03	1.990099e+05
4.760000e-01	1.894406e+05	-3.144954e-02	1.137976e-01	0.000000e+00	-1.739424e+03	1.911800e+05
4.771900e-01	2.088513e+05	-3.158512e-02	1.140797e-01	0.000000e+00	-8.444546e+02	2.096957e+05
4.783800e-01	1.986719e+05	-3.172105e-02	1.143683e-01	0.000000e+00	-1.897020e+03	2.005689e+05
4.795700e-01	1.977798e+05	-3.185732e-02	1.146490e-01	0.000000e+00	-5.820746e+03	2.036006e+05
4.807600e-01	1.975939e+05	-3.199392e-02	1.149290e-01	0.000000e+00	-2.582802e+03	2.001767e+05
4.819500e-01	1.911674e+05	-3.213085e-02	1.152043e-01	0.000000e+00	-2.743541e+03	1.939109e+05
4.831400e-01	1.985095e+05	-3.226811e-02	1.154803e-01	0.000000e+00	-2.367404e+03	2.008769e+05
4.843300e-01	2.060557e+05	-3.240569e-02	1.157668e-01	0.000000e+00	-3.061209e+03	2.091169e+05
4.855200e-01	2.015156e+05	-3.254363e-02	1.160554e-01	0.000000e+00	-3.173757e+03	2.046893e+05
4.867100e-01	2.199359e+05	-3.268191e-02	1.163538e-01	0.000000e+00	-1.470651e+03	2.214066e+05
4.879000e-01	2.050367e+05	-3.282055e-02	1.166548e-01	0.000000e+00	-3.442644e+03	2.084794e+05
4.890900e-01	1.951468e+05	-3.295954e-02	1.169382e-01	0.000000e+00	-3.287724e+03	1.984346e+05
4.902800e-01	1.856760e+05	-3.309887e-02	1.172079e-01	0.000000e+00	-3.016229e+03	1.886922e+05
4.914700e-01	2.018896e+05	-3.323850e-02	1.174823e-01	0.000000e+00	-2.223449e+03	2.041131e+05
4.926600e-01	1.923747e+05	-3.337847e-02	1.177615e-01	0.000000e+00	-3.279034e+03	1.956537e+05
4.938500e-01	2.187177e+05	-3.351877e-02	1.180527e-01	0.000000e+00	-2.460302e+03	2.211780e+05
4.950400e-01	2.104857e+05	-3.365944e-02	1.183566e-01	0.000000e+00	-3.625460e+03	2.141111e+05
4.962300e-01	2.073710e+05	-3.380046e-02	1.186525e-01	0.000000e+00	-3.515152e+03	2.108861e+05
4.974200e-01	1.942732e+05	-3.394183e-02	1.189369e-01	0.000000e+00	-4.892780e+03	1.991660e+05
4.986100e-01	1.902934e+05	-3.408353e-02	1.192093e-01	0.000000e+00	-5.071248e+03	1.953646e+05
4.998000e-01	1.847701e+05	-3.422555e-02	1.194749e-01	0.000000e+00	-2.440653e+03	1.872107e+05
5.009900e-01	1.870568e+05	-3.436788e-02	1.197382e-01	0.000000e+00	-3.219243e+03	1.902760e+05
5.021800e-01	1.972920e+05	-3.451053e-02	1.200104e-01	0.000000e+00	-2.619081e+03	1.999111e+05
5.033700e-01	2.084131e+05	-3.465351e-02	1.202977e-01	0.000000e+00	-1.450356e+03	2.098634e+05
5.045600e-01	2.069828e+05	-3.479683e-02	1.205919e-01	0.000000e+00	-2.557229e+03	2.095401e+05
5.057500e-01	2.074646e+05	-3.494051e-02	1.208854e-01	0.000000e+00	-2.270129e+03	2.097347e+05
5.069400e-01	2.171350e+05	-3.508454e-02	1.211860e-01	0.000000e+00	-2.741998e+03	2.198770e+05
5.081300e-01	1.916308e+05	-3.522894e-02	1.214755e-01	0.000000e+00	-2.081083e+03	1.937118e+05
5.093200e-01	1.925134e+05	-3.537365e-02	1.217476e-01	0.000000e+00	-8.723318e+02	1.933857e+05
5.105100e-01	1.968519e+05	-3.551870e-02	1.220233e-01	0.000000e+00	-3.413066e+03	2.002650e+05
5.117000e-01	1.959320e+05	-3.566407e-02	1.223014e-01	0.000000e+00	-2.936324e+03	1.988683e+05
5.128900e-01	1.928504e+05	-3.580977e-02	1.225768e-01	0.000000e+00	-2.838656e+03	1.956891e+05
5.140800e-01	2.184705e+05	-3.595580e-02	1.228680e-01	0.000000e+00	-3.162580e+03	2.216331e+05
5.152700e-01	2.038031e+05	-3.610220e-02	1.231671e-01	0.000000e+00	-4.654703e+03	2.084578e+05
5.164600e-01	1.998686e+05	-3.624894e-02	1.234530e-01	0.000000e+00	-3.151892e+03	2.030205e+05
5.176500e-01	1.958475e+05	-3.639602e-02	1.237332e-01	0.000000e+00	-2.710140e+03	1.985577e+05
5.188400e-01	1.992146e+05	-3.654342e-02	1.240130e-01	0.000000e+00	-3.249386e+03	2.024640e+05
5.200300e-01	1.953032e+05	-3.669117e-02	1.242923e-01	0.000000e+00	-3.823545e+03	1.991268e+05
5.212200e-01	1.748534e+05	-3.683924e-02	1.245545e-01	0.000000e+00	-4.754231e+03	1.796076e+05
5.224100e-01	1.997116e+05	-3.698761e-02	1.248197e-01	0.000000e+00	-2.966210e+03	2.026778e+05
5.236000e-01	2.021668e+05	-3.713631e-02	1.251043e-01	0.000000e+00	-2.278662e+03	2.044455e+05
5.247900e-01	2.078142e+05	-3.728536e-02	1.253947e-01	0.000000e+00	-1.019482e+03	2.088337e+05
5.259800e-01	1.802743e+05	-3.743475e-02	1.256695e-01	0.000000e+00	-3.688444e+03	1.839628e+05
5.271700e-01	1.739616e+05	-3.758445e-02	1.259203e-01	0.000000e+00	-4.316258e+03	1.782778e+05
5.283600e-01	1.882498e+05	-3.773444e-02	1.261768e-01	0.000000e+00	-5.842560e+02	1.888340e+05
5.295500e-01	1.962609e+05	-3.788475e-02	1.264491e-01	0.000000e+00	-5.155092e+02	1.967764e+05
5.307400e-01	2.061430e+05	-3.803539e-02	1.267341e-01	0.000000e+00	-7.522116e+02	2.068952e+05
5.319300e-01	2.075770e+05	-3.818638e-02	1.270271e-01	0.000000e+00	-2.322364e+03	2.098994e+05
5.331200e-01	1.823187e+05	-3.833771e-02	1.273032e-01	0.000000e+00	-2.596908e+03	1.849156e+05
5.343100e-01	1.844394e+05	-3.848936e-02	1.275629e-01	0.000000e+00	-3.720653e+03	1.881600e+05
5.355000e-01	1.874799e+05	-3.864131e-02	1.278263e-01	0.000000e+00	-1.759474e+03	1.892394e+05
5.366900e-01	2.072167e+05	-3.879359e-02	1.281058e-01	0.000000e+00	-1.539690e+03	2.087564e+05
5.378800e-01	2.109643e+05	-3.894621e-02	1.284020e-01	0.000000e+00	-1.001203e+03	2.119655e+05
5.390700e-01	1.963323e+05	-3.909918e-02	1.286904e-01	0.000000e+00	-1.845622e+03	1.981779e+05
5.402600e-01	1.788740e+05	-3.925249e-02	1.289561e-01	0.000000e+00	-2.090654e+03	1.809647e+05
5.414500e-01	2.103019e+05	-3.940610e-02	1.292317e-01	0.000000e+00	-2.681559e+03	2.129835e+05
5.426400e-01	2.160403e+05	-3.956006e-02	1.295336e-01	0.000000e+00	-1.331732e+03	2.173720e+05
5.438300e-01	2.325116e+05	-3.971439e-02	1.298513e-01	0.000000e+00	-1.423588e+03	2.339352e+05
5.450200e-01	2.194680e+05	-3.986911e-02	1.301713e-01	0.000000e+00	-1.612739e+03	2.210807e+05
5.462100e-01	2.000088e+05	-4.002420e-02	1.304684e-01	0.000000e+00	-2.431448e+03	2.024403e+05
5.474000e-01	2.074823e+05	-4.017962e-02	1.307570e-01	0.000000e+00	-9.099316e+02	2.083923e+05
5.485900e-01	2.085442e+05	-4.033540e-02	1.310516e-01	0.000000e+00	-1.136416e+03	2.096806e+05
5.497800e-01	1.964095e+05	-4.049152e-02	1.313384e-01	0.000000e+00	-1.891730e+03	1.983013e+05
5.509700e-01	1.948555e+05	-4.064798e-02	1.316154e-01	0.000000e+00	-3.668366e+03	1.985238e+05
5.521600e-01	2.085699e+05	-4.080477e-02	1.319011e-01	0.000000e+00	-4.638565e+03	2.132084e+05
5.533500e-01	1.874395e+05	-4.096191e-02	1.321816e-01	0.000000e+00	-2.623027e+03	1.900625e+05
5.545400e-01	1.886014e+05	-4.111936e-02	1.324479e-01	0.000000e+00	-5.449747e+02	1.891463e+05
5.557300e-01	2.157552e+05	-4.127713e-02	1.327342e-01	0.000000e+00	-1.450052e+03	2.172053e+05
5.569200e-01	1.972260e+05	-4.143527e-02	1.330267e-01	0.000000e+00	-1.815495e+03	1.990415e+05
5.581100e-01	2.030905e+05	-4.159374e-02	1.333102e-01	0.000000e+00	-1.715681e+03	2.048062e+05
5.593000e-01	2.127507e+05	-4.175255e-02	1.336047e-01	0.000000e+00	-8.151456e+02	2.135658e+05
5.604900e-01	1.922100e+05	-4.191172e-02	1.338914e-01	0.000000e+00	-1.161761e+03	1.933717e+05
5.616800e-01	1.998894e+05	-4.207121e-02	1.341691e-01	0.000000e+00	-1.593837e+03	2.014833e+05
5.628700e-01	2.118173e+05	-4.223104e-02	1.344607e-01	0.000000e+00	-2.563127e+03	2.143804e+05
5.640600e-01	2.020407e+05	-4.239122e-02	1.347537e-01	0.000000e+00	-3.303695e+03	2.053444e+05
5.652500e-01	1.985927e+05	-4.255175e-02	1.350375e-01	0.000000e+00	-1.708987e+03	2.003017e+05
5.664400e-01	2.036348e+05	-4.271261e-02	1.353223e-01	0.000000e+00	-2.426120e+03	2.060609e+05
5.676300e-01	2.200173e+05	-4.287382e-02	1.356223e-01	0.000000e+00	-3.357610e+03	2.233749e+05
5.688200e-01	1.988965e+05	-4.303540e-02	1.359190e-01	0.000000e+00	-3.804429e+03	2.027010e+05
5.700100e-01	1.856384e+05	-4.319731e-02	1.361913e-01	0.000000e+00	-1.833932e+03	1.874724e+05
5.712000e-01	2.050391e+05	-4.335953e-02	1.364680e-01	0.000000e+00	-1.874460e+03	2.069136e+05
5.723900e-01	1.983559e+05	-4.352210e-02	1.367536e-01	0.000000e+00	-3.477828e+03	2.018337e+05
5.735800e-01	1.968943e+05	-4.368500e-02	1.370335e-01	0.000000e+00	-2.818594e+03	1.997129e+05
5.747700e-01	1.855759e+05	-4.384824e-02	1.373044e-01	0.000000e+00	-2.118659e+03	1.876945e+05
5.759600e-01	2.064115e+05	-4.401179e-02	1.375820e-01	0.000000e+00	-1.848466e+03	2.082600e+05
5.771500e-01	2.077022e+05	-4.417569e-02	1.378752e-01	0.000000e+00	-1.827131e+03	2.095294e+05
5.783400e-01	2.049920e+05	-4.433993e-02	1.381675e-01	0.000000e+00	-1.306917e+03	2.062989e+05
5.795300e-01	1.960858e+05	-4.450452e-02	1.384515e-01	0.000000e+00	-4.340492e+03	2.004262e+05
5.807200e-01	2.066955e+05	-4.466945e-02	1.387368e-01	0.000000e+00	-2.307009e+03	2.090025e+05
5.819100e-01	1.918699e+05	-4.483472e-02	1.390190e-01	0.000000e+00	-2.534636e+03	1.944046e+05
5.831000e-01	2.079341e+05	-4.500031e-02	1.393021e-01	0.000000e+00	-1.560737e+03	2.094949e+05
5.842900e-01	1.890380e+05	-4.516626e-02	1.395833e-01	0.000000e+00	-4.799081e+03	1.938371e+05
5.854800e-01	1.842394e+05	-4.533252e-02	1.398476e-01	0.000000e+00	-2.799437e+03	1.870388e+05
5.866700e-01	1.630279e+05	-4.549909e-02	1.400935e-01	0.000000e+00	-1.757039e+03	1.647849e+05
5.878600e-01	2.018568e+05	-4.566594e-02	1.403519e-01	0.000000e+00	-3.787502e+03	2.056443e+05
5.890500e-01	2.067582e+05	-4.583313e-02	1.406413e-01	0.000000e+00	-5.624479e+03	2.123827e+05
5.902400e-01	2.085360e+05	-4.600067e-02	1.409354e-01	0.000000e+00	-2.620051e+03	2.111560e+05
5.914300e-01	2.077693e+05	-4.616856e-02	1.412302e-01	0.000000e+00	-3.275147e+03	2.110444e+05
5.926200e-01	2.147070e+05	-4.633680e-02	1.415294e-01	0.000000e+00	-3.228855e+03	2.179359e+05
5.938100e-01	2.113078e+05	-4.650540e-02	1.418311e-01	0.000000e+00	-3.214145e+03	2.145219e+05
5.950000e-01	2.051753e+05	-4.667435e-02	1.421260e-01	0.000000e+00	-5.614259e+03	2.107896e+05
5.961900e-01	2.127198e+05	-4.684366e-02	1.424219e-01	0.000000e+00	-2.687469e+03	2.154073e+05
5.973800e-01	2.120830e+05	-4.701332e-02	1.427228e-01	0.000000e+00	-6.827055e+02	2.127657e+05
5.985700e-01	2.041816e+05	-4.718334e-02	1.430176e-01	0.000000e+00	-1.927290e+03	2.061089e+05
5.997600e-01	2.218737e+05	-4.735370e-02	1.433193e-01	0.000000e+00	-8.760080e+02	2.227497e+05
6.009500e-01	2.097152e+05	-4.752444e-02	1.436249e-01	0.000000e+00	-1.912192e+03	2.116274e+05
6.021400e-01	1.926714e+05	-4.769553e-02	1.439099e-01	0.000000e+00	-5.062139e+03	1.977335e+05
6.033300e-01	1.877021e+05	-4.786694e-02	1.441792e-01	0.000000e+00	-2.889824e+03	1.905919e+05
6.045200e-01	2.005592e+05	-4.803867e-02	1.444542e-01	0.000000e+00	-2.565275e+03	2.031245e+05
6.057100e-01	2.027297e+05	-4.821074e-02	1.447398e-01	0.000000e+00	-5.373715e+03	2.081034e+05
6.069000e-01	2.010824e+05	-4.838315e-02	1.450257e-01	0.000000e+00	-1.537813e+03	2.026202e+05
6.080900e-01	2.100013e+05	-4.855590e-02	1.453169e-01	0.000000e+00	-2.782147e+03	2.127835e+05
6.092800e-01	2.099686e+05	-4.872901e-02	1.456143e-01	0.000000e+00	-2.584001e+03	2.125526e+05
6.104700e-01	2.034032e+05	-4.890247e-02	1.459070e-01	0.000000e+00	-2.444929e+03	2.058482e+05
6.116600e-01	2.195497e+05	-4.907627e-02	1.462065e-01	0.000000e+00	-2.672100e+03	2.222218e+05
6.128500e-01	2.047606e+05	-4.925044e-02	1.465070e-01	0.000000e+00	-2.341555e+03	2.071022e+05
6.140400e-01	2.097014e+05	-4.942495e-02	1.468005e-01	0.000000e+00	-2.623300e+03	2.123247e+05
6.152300e-01	2.124397e+05	-4.959982e-02	1.470995e-01	0.000000e+00	-4.976503e+03	2.174162e+05
6.164200e-01	2.085016e+05	-4.977505e-02	1.473976e-01	0.000000e+00	-4.091659e+03	2.125933e+05
6.176100e-01	2.112095e+05	-4.995063e-02	1.476948e-01	0.000000e+00	-1.862279e+03	2.130718e+05
6.188000e-01	2.102559e+05	-5.012656e-02	1.479932e-01	0.000000e+00	-1.338562e+03	2.115945e+05
6.199900e-01	2.190609e+05	-5.030285e-02	1.482973e-01	0.000000e+00	-1.723183e+03	2.207841e+05
6.211800e-01	2.158738e+05	-5.047951e-02	1.486053e-01	0.000000e+00	-2.938598e+03	2.188123e+05
6.223700e-01	1.980091e+05	-5.065653e-02	1.488984e-01	0.000000e+00	-1.764874e+03	1.997740e+05
6.235600e-01	1.971535e+05	-5.083389e-02	1.491782e-01	0.000000e+00	-6.198271e+02	1.977733e+05
6.247500e-01	2.123737e+05	-5.101158e-02	1.494682e-01	0.000000e+00	-4.341376e+03	2.167150e+05
6.259400e-01	2.240251e+05	-5.118962e-02	1.497773e-01	0.000000e+00	-3.163403e+03	2.271885e+05
6.271300e-01	1.960453e+05	-5.136805e-02	1.500748e-01	0.000000e+00	-3.424899e+03	1.994702e+05
6.283200e-01	1.971709e+05	-5.154680e-02	1.503532e-01	0.000000e+00	-1.367521e+03	1.985384e+05
6.295100e-01	2.009646e+05	-5.172589e-02	1.506352e-01	0.000000e+00	-1.761388e+03	2.027260e+05
6.307000e-01	2.018449e+05	-5.190531e-02	1.509204e-01	0.000000e+00	-3.225377e+03	2.050703e+05
6.318900e-01	1.871931e+05	-5.208508e-02	1.511959e-01	0.000000e+00	-1.543865e+03	1.887370e+05
6.330800e-01	1.967857e+05	-5.226516e-02	1.514678e-01	0.000000e+00	-1.016446e+03	1.978022e+05
6.342700e-01	1.873483e+05	-5.244557e-02	1.517399e-01	0.000000e+00	-1.053232e+03	1.884015e+05
6.354600e-01	2.146927e+05	-5.262630e-02	1.520246e-01	0.000000e+00	-2.715478e+03	2.174082e+05
6.366500e-01	2.217605e+05	-5.280739e-02	1.523337e-01	0.000000e+00	-2.124668e+03	2.238851e+05
6.378400e-01	2.027731e+05	-5.298886e-02	1.526343e-01	0.000000e+00	-2.047364e+03	2.048204e+05
6.390300e-01	2.152402e+05	-5.317066e-02	1.529303e-01	0.000000e+00	-1.034389e+03	2.162746e+05
6.402200e-01	1.907611e+05	-5.335283e-02	1.532178e-01	0.000000e+00	-1.866355e+03	1.926274e+05
6.414100e-01	2.077717e+05	-5.353532e-02	1.535001e-01	0.000000e+00	-2.490590e+03	2.102623e+05
6.426000e-01	2.127691e+05	-5.371816e-02	1.537979e-01	0.000000e+00	-2.868071e+02	2.130559e+05
6.437900e-01	1.963288e+05	-5.390136e-02	1.540876e-01	0.000000e+00	-2.461665e+03	1.987905e+05
6.449800e-01	2.090174e+05	-5.408489e-02	1.543746e-01	0.000000e+00	-2.990723e+03	2.120081e+05
6.461700e-01	2.058333e+05	-5.426877e-02	1.546684e-01	0.000000e+00	-2.086474e+03	2.079197e+05
6.473600e-01	2.072351e+05	-5.445300e-02	1.549609e-01	0.000000e+00	-3.212001e+03	2.104471e+05
6.485500e-01	2.146606e+05	-5.463758e-02	1.552597e-01	0.000000e+00	-1.866031e+03	2.165267e+05
6.497400e-01	2.099803e+05	-5.482252e-02	1.555604e-01	0.000000e+00	-6.549778e+02	2.106353e+05
6.509300e-01	2.082648e+05	-5.500781e-02	1.558566e-01	0.000000e+00	-4.016238e+02	2.086664e+05
6.521200e-01	1.822608e+05	-5.519346e-02	1.561332e-01	0.000000e+00	-1.388590e+03	1.836494e+05
6.533100e-01	1.817278e+05	-5.537941e-02	1.563909e-01	0.000000e+00	-2.938020e+03	1.846658e+05
6.545000e-01	1.923193e+05	-5.556567e-02	1.566558e-01	0.000000e+00	-1.330155e+03	1.936495e+05
6.556900e-01	2.112456e+05	-5.575225e-02	1.569416e-01	0.000000e+00	-3.739399e+03	2.149850e+05
6.568800e-01	2.041867e+05	-5.593919e-02	1.572358e-01	0.000000e+00	-1.353521e+03	2.055402e+05
6.580700e-01	1.958854e+05	-5.612647e-02	1.575191e-01	0.000000e+00	-6.482945e+02	1.965337e+05
6.592600e-01	2.086881e+05	-5.631408e-02	1.578056e-01	0.000000e+00	-3.855752e+03	2.125439e+05
6.604500e-01	1.973793e+05	-5.650205e-02	1.580932e-01	0.000000e+00	-4.481284e+03	2.018605e+05
6.616400e-01	1.962775e+05	-5.669034e-02	1.583720e-01	0.000000e+00	-3.268469e+03	1.995460e+05
6.628300e-01	2.144393e+05	-5.687897e-02	1.586628e-01	0.000000e+00	-3.897390e+03	2.183367e+05
6.640200e-01	2.103439e+05	-5.706796e-02	1.589636e-01	0.000000e+00	-2.565094e+03	2.129090e+05
6.652100e-01	2.031635e+05	-5.725731e-02	1.592565e-01	0.000000e+00	-2.070485e+03	2.052340e+05
6.664000e-01	1.827119e+05	-5.744699e-02	1.595297e-01	0.000000e+00	-4.412401e+03	1.871243e+05
6.675900e-01	2.102035e+05	-5.763699e-02	1.598080e-01	0.000000e+00	-3.594857e+03	2.137983e+05
6.687800e-01	2.116951e+05	-5.782734e-02	1.601068e-01	0.000000e+00	-3.290683e+03	2.149858e+05
6.699700e-01	2.026008e+05	-5.801804e-02	1.604001e-01	0.000000e+00	-1.064321e+03	2.036651e+05
6.711600e-01	2.121879e+05	-5.820909e-02	1.606939e-01	0.000000e+00	-1.727375e+03	2.139153e+05
6.723500e-01	2.063004e+05	-5.840049e-02	1.609902e-01	0.000000e+00	-1.871446e+03	2.081718e+05
6.735400e-01	1.920977e+05	-5.859224e-02	1.612724e-01	0.000000e+00	-1.302072e+03	1.933998e+05
6.747300e-01	2.095654e+05	-5.878432e-02	1.615568e-01	0.000000e+00	-2.973196e+03	2.125386e+05
6.759200e-01	2.016257e+05	-5.897675e-02	1.618480e-01	0.000000e+00	-2.210576e+03	2.038363e+05
6.771100e-01	2.048950e+05	-5.916952e-02	1.621359e-01	0.000000e+00	-2.062507e+03	2.069575e+05
6.783000e-01	1.965230e+05	-5.936263e-02	1.624202e-01	0.000000e+00	-2.376018e+03	1.988990e+05
6.794900e-01	2.091046e+05	-5.955608e-02	1.627074e-01	0.000000e+00	-2.719307e+03	2.118239e+05
6.806800e-01	2.177387e+05	-5.974988e-02	1.630097e-01	0.000000e+00	-2.127203e+03	2.198659e+05
6.818700e-01	1.997269e+05	-5.994404e-02	1.633053e-01	0.000000e+00	-2.714236e+03	2.024412e+05
6.830600e-01	1.841813e+05	-6.013854e-02	1.635772e-01	0.000000e+00	-3.188080e+03	1.873694e+05
6.842500e-01	2.138613e+05	-6.033336e-02	1.638591e-01	0.000000e+00	-3.255381e+03	2.171167e+05
6.854400e-01	2.185117e+05	-6.052853e-02	1.641653e-01	0.000000e+00	-2.008543e+03	2.205203e+05
6.866300e-01	2.168213e+05	-6.072407e-02	1.644735e-01	0.000000e+00	-2.845841e+03	2.196671e+05
6.878200e-01	2.288161e+05	-6.091998e-02	1.647891e-01	0.000000e+00	-4.691392e+02	2.292853e+05
6.890100e-01	2.300215e+05	-6.111627e-02	1.651141e-01	0.000000e+00	-6.012798e+01	2.300816e+05
6.902000e-01	2.066481e+05	-6.131295e-02	1.654233e-01	0.000000e+00	-2.433840e+03	2.090819e+05
6.913900e-01	2.015871e+05	-6.150997e-02	1.657124e-01	0.000000e+00	-1.511847e+03	2.030989e+05
6.925800e-01	2.147755e+05	-6.170734e-02	1.660073e-01	0.000000e+00	-1.532936e+03	2.163085e+05
6.937700e-01	1.946212e+05	-6.190507e-02	1.662972e-01	0.000000e+00	-2.705293e+03	1.973265e+05
6.949600e-01	1.924515e+05	-6.210313e-02	1.665713e-01	0.000000e+00	-1.192500e+03	1.936440e+05
6.961500e-01	2.009249e+05	-6.230151e-02	1.668499e-01	0.000000e+00	-4.067042e+03	2.049920e+05
6.973400e-01	2.024111e+05	-6.250023e-02	1.671355e-01	0.000000e+00	-1.622465e+03	2.040335e+05
6.985300e-01	2.150111e+05	-6.269929e-02	1.674311e-01	0.000000e+00	-2.305398e+03	2.173165e+05
6.997200e-01	2.203378e+05	-6.289872e-02	1.677394e-01	0.000000e+00	-1.102972e+03	2.214408e+05
7.009100e-01	2.403831e+05	-6.309851e-02	1.680657e-01	0.000000e+00	-2.018845e+03	2.424019e+05
7.021000e-01	2.171951e+05	-6.329871e-02	1.683897e-01	0.000000e+00	-3.308412e+03	2.205035e+05
7.032900e-01	2.094297e+05	-6.349928e-02	1.686918e-01	0.000000e+00	-5.080711e+02	2.099378e+05
7.044800e-01	2.077200e+05	-6.370020e-02	1.689872e-01	0.000000e+00	0.000000e+00	2.077200e+05
7.056700e-01	2.167741e+05	-6.390147e-02	1.692878e-01	0.000000e+00	-2.210398e+03	2.189845e+05
7.068600e-01	2.130875e+05	-6.410311e-02	1.695923e-01	0.000000e+00	-1.525509e+03	2.146131e+05
7.080500e-01	2.206927e+05	-6.430510e-02	1.698994e-01	0.000000e+00	-2.329072e+03	2.230218e+05
7.092400e-01	2.143525e+05	-6.450747e-02	1.702075e-01	0.000000e+00	-3.569650e+03	2.179222e+05
7.104300e-01	2.148674e+05	-6.471019e-02	1.705115e-01	0.000000e+00	-4.494048e+02	2.153168e+05
7.116200e-01	2.017805e+05	-6.491328e-02	1.708065e-01	0.000000e+00	-1.610098e+03	2.033906e+05
7.128100e-01	1.991566e+05	-6.511671e-02	1.710905e-01	0.000000e+00	-3.921544e+03	2.030781e+05
7.140000e-01	2.062606e+05	-6.532048e-02	1.713776e-01	0.000000e+00	-1.790987e+03	2.080516e+05
7.151900e-01	2.071688e+05	-6.552459e-02	1.716703e-01	0.000000e+00	-8.302612e+02	2.079990e+05
7.163800e-01	2.070995e+05	-6.572905e-02	1.719637e-01	0.000000e+00	-2.203600e+03	2.093031e+05
7.175700e-01	2.027585e+05	-6.593387e-02	1.722540e-01	0.000000e+00	-1.435977e+03	2.041945e+05
7.187600e-01	2.153431e+05	-6.613902e-02	1.725500e-01	0.000000e+00	-1.595934e+03	2.169390e+05
7.199500e-01	2.042930e+05	-6.634454e-02	1.728472e-01	0.000000e+00	-2.440403e+03	2.067334e+05
7.211400e-01	2.137727e+05	-6.655040e-02	1.731433e-01	0.000000e+00	-2.965805e+03	2.167385e+05
7.223300e-01	2.115883e+05	-6.675662e-02	1.734445e-01	0.000000e+00	-2.213795e+03	2.138021e+05
7.235200e-01	2.185599e+05	-6.696319e-02	1.737491e-01	0.000000e+00	-8.176592e+02	2.193776e+05
7.247100e-01	2.083899e+05	-6.717014e-02	1.740515e-01	0.000000e+00	-1.579828e+03	2.099697e+05
7.259000e-01	2.115174e+05	-6.737744e-02	1.743488e-01	0.000000e+00	-1.878411e+03	2.133958e+05
7.270900e-01	2.167927e+05	-6.758509e-02	1.746521e-01	0.000000e+00	-2.108105e+03	2.189008e+05
7.282800e-01	2.095159e+05	-6.779311e-02	1.749540e-01	0.000000e+00	-1.207840e+03	2.107238e+05
7.294700e-01	2.287752e+05	-6.800148e-02	1.752644e-01	0.000000e+00	-2.092410e+03	2.308676e+05
7.306600e-01	2.079926e+05	-6.821024e-02	1.755737e-01	0.000000e+00	-2.601056e+03	2.105937e+05
7.318500e-01	2.033330e+05	-6.841935e-02	1.758650e-01	0.000000e+00	-1.803565e+03	2.051366e+05
7.330400e-01	2.159691e+05	-6.862880e-02	1.761620e-01	0.000000e+00	-3.478476e+03	2.194475e+05
7.342300e-01	2.222618e+05	-6.883861e-02	1.764723e-01	0.000000e+00	-2.442081e+03	2.247038e+05
7.354200e-01	2.229172e+05	-6.904880e-02	1.767876e-01	0.000000e+00	-1.797707e+03	2.247150e+05
7.366100e-01	2.029880e+05	-6.925937e-02	1.770892e-01	0.000000e+00	-1.805010e+03	2.047930e+05
7.378000e-01	2.017178e+05	-6.947027e-02	1.773758e-01	0.000000e+00	-7.575990e+02	2.024754e+05
7.389900e-01	2.037403e+05	-6.968152e-02	1.776629e-01	0.000000e+00	-8.050992e+02	2.045454e+05
7.401800e-01	2.204151e+05	-6.989311e-02	1.779633e-01	0.000000e+00	-2.526765e+03	2.229418e+05
7.413700e-01	2.079523e+05	-7.010507e-02	1.782666e-01	0.000000e+00	-8.698163e+02	2.088221e+05
7.425600e-01	2.204326e+05	-7.031738e-02	1.785700e-01	0.000000e+00	-9.062168e+02	2.213388e+05
7.437500e-01	2.303624e+05	-7.053007e-02	1.788892e-01	0.000000e+00	-1.750960e+03	2.321133e+05
7.449400e-01	2.294454e+05	-7.074314e-02	1.792148e-01	0.000000e+00	-2.839490e+03	2.322849e+05
7.461300e-01	2.047284e+05	-7.095660e-02	1.795223e-01	0.000000e+00	-1.061235e+03	2.057897e+05
7.473200e-01	2.052488e+05	-7.117040e-02	1.798126e-01	0.000000e+00	-1.453149e+03	2.067020e+05
7.485100e-01	2.197097e+05	-7.138455e-02	1.801136e-01	0.000000e+00	-2.150745e+03	2.218605e+05
7.497000e-01	2.209191e+05	-7.159907e-02	1.804256e-01	0.000000e+00	-3.367262e+03	2.242863e+05
7.508900e-01	2.126831e+05	-7.181397e-02	1.807327e-01	0.000000e+00	-2.027017e+03	2.147101e+05
7.520800e-01	2.087689e+05	-7.202922e-02	1.810311e-01	0.000000e+00	-3.167604e+03	2.119365e+05
7.532700e-01	1.790842e+05	-7.224482e-02	1.813058e-01	0.000000e+00	-1.444387e+03	1.805286e+05
7.544600e-01	2.195629e+05	-7.246073e-02	1.815881e-01	0.000000e+00	-1.843576e+03	2.214065e+05
7.556500e-01	2.251120e+05	-7.267700e-02	1.819030e-01	0.000000e+00	-3.896397e+03	2.290084e+05
7.568400e-01	2.124749e+05	-7.289366e-02	1.822129e-01	0.000000e+00	-3.251960e+03	2.157269e+05
7.580300e-01	2.136739e+05	-7.311067e-02	1.825147e-01	0.000000e+00	-1.296485e+03	2.149703e+05
7.592200e-01	2.065103e+05	-7.332804e-02	1.828122e-01	0.000000e+00	-1.574875e+03	2.080852e+05
7.604100e-01	2.120420e+05	-7.354576e-02	1.831086e-01	0.000000e+00	-2.206572e+03	2.142486e+05
7.616000e-01	2.109093e+05	-7.376384e-02	1.834082e-01	0.000000e+00	-2.554730e+03	2.134641e+05
7.627900e-01	2.222906e+05	-7.398227e-02	1.837149e-01	0.000000e+00	-3.415920e+03	2.257065e+05
7.639800e-01	2.276885e+05	-7.420108e-02	1.840336e-01	0.000000e+00	-2.604965e+03	2.302934e+05
7.651700e-01	2.020492e+05	-7.442027e-02	1.843379e-01	0.000000e+00	-2.294513e+03	2.043437e+05
7.663600e-01	1.910182e+05	-7.463980e-02	1.846163e-01	0.000000e+00	-2.368176e+03	1.933864e+05
7.675500e-01	1.903311e+05	-7.485966e-02	1.848863e-01	0.000000e+00	-1.263259e+03	1.915944e+05
7.687400e-01	2.059500e+05	-7.507983e-02	1.851670e-01	0.000000e+00	-5.704931e+02	2.065205e+05
7.699300e-01	2.225128e+05	-7.530036e-02	1.854704e-01	0.000000e+00	-1.300244e+03	2.238130e+05
7.711200e-01	2.243158e+05	-7.552125e-02	1.857868e-01	0.000000e+00	-2.743966e+03	2.270598e+05
7.723100e-01	2.364921e+05	-7.574253e-02	1.861131e-01	0.000000e+00	-1.837230e+03	2.383293e+05
7.735000e-01	2.389004e+05	-7.596420e-02	1.864498e-01	0.000000e+00	-1.862102e+03	2.407625e+05
7.746900e-01	2.110584e+05	-7.618628e-02	1.867685e-01	0.000000e+00	-1.536628e+03	2.125950e+05
7.758800e-01	1.996276e+05	-7.640871e-02	1.870593e-01	0.000000e+00	-1.500223e+03	2.011278e+05
7.770700e-01	2.149682e+05	-7.663148e-02	1.873529e-01	0.000000e+00	-3.145567e+03	2.181137e+05
7.782600e-01	2.292846e+05	-7.685461e-02	1.876675e-01	0.000000e+00	-2.601825e+03	2.318864e+05
7.794500e-01	1.946623e+05	-7.707813e-02	1.879677e-01	0.000000e+00	-1.277253e+03	1.959395e+05
7.806400e-01	2.037889e+05	-7.730197e-02	1.882499e-01	0.000000e+00	-9.522002e+02	2.047411e+05
7.818300e-01	2.183797e+05	-7.752616e-02	1.885488e-01	0.000000e+00	-6.590114e+02	2.190387e+05
7.830200e-01	2.141865e+05	-7.775072e-02	1.888552e-01	0.000000e+00	-3.279953e+03	2.174664e+05
7.842100e-01	2.151042e+05	-7.797564e-02	1.891592e-01	0.000000e+00	-2.627158e+02	2.153669e+05
7.854000e-01	2.103081e+05	-7.820092e-02	1.894604e-01	0.000000e+00	-4.348150e+02	2.107429e+05
7.865900e-01	2.238566e+05	-7.842656e-02	1.897679e-01	0.000000e+00	-2.079694e+03	2.259363e+05
7.877800e-01	2.161858e+05	-7.865257e-02	1.900795e-01	0.000000e+00	-1.687172e+03	2.178730e+05
7.889700e-01	2.341990e+05	-7.887894e-02	1.903985e-01	0.000000e+00	-8.697424e+02	2.350687e+05
7.901600e-01	2.213202e+05	-7.910572e-02	1.907211e-01	0.000000e+00	-2.195433e+03	2.235156e+05
7.913500e-01	2.128972e+05	-7.933286e-02	1.910286e-01	0.000000e+00	-2.019271e+03	2.149165e+05
7.925400e-01	2.126247e+05	-7.956036e-02	1.913299e-01	0.000000e+00	-2.411427e+03	2.150361e+05
7.937300e-01	2.129515e+05	-7.978823e-02	1.916313e-01	0.000000e+00	-1.240859e+03	2.141924e+05
7.949200e-01	2.079390e+05	-8.001645e-02	1.919293e-01	0.000000e+00	-2.750633e+03	2.106896e+05
7.961100e-01	2.040989e+05	-8.024502e-02	1.922211e-01	0.000000e+00	-1.367575e+03	2.054664e+05
7.973000e-01	2.083719e+05	-8.047393e-02	1.925132e-01	0.000000e+00	-1.559683e+03	2.099316e+05
7.984900e-01	2.103229e+05	-8.070320e-02	1.928097e-01	0.000000e+00	-1.163111e+03	2.114861e+05
7.996800e-01	2.065554e+05	-8.093282e-02	1.931049e-01	0.000000e+00	-2.013086e+03	2.085685e+05
8.008700e-01	2.223931e+05	-8.116279e-02	1.934087e-01	0.000000e+00	-1.736911e+03	2.241300e+05
8.020600e-01	1.992044e+05	-8.139313e-02	1.937073e-01	0.000000e+00	-8.576480e+02	2.000620e+05
8.032500e-01	1.928629e+05	-8.162381e-02	1.939849e-01	0.000000e+00	-2.337910e+03	1.952008e+05
8.044400e-01	2.116730e+05	-8.185482e-02	1.942714e-01	0.000000e+00	-2.659382e+03	2.143324e+05
8.056300e-01	2.279510e+05	-8.208618e-02	1.945827e-01	0.000000e+00	-2.741294e+01	2.279784e+05
8.068200e-01	2.166922e+05	-8.231792e-02	1.948976e-01	0.000000e+00	-7.777245e+02	2.174699e+05
8.080100e-01	2.186851e+05	-8.255003e-02	1.952059e-01	0.000000e+00	-2.050106e+03	2.207352e+05
8.092000e-01	2.100811e+05	-8.278251e-02	1.955096e-01	0.000000e+00	-2.848499e+03	2.129296e+05
8.103900e-01	2.198925e+05	-8.301535e-02	1.958141e-01	0.000000e+00	-2.322588e+03	2.222151e+05
8.115800e-01	2.211611e+05	-8.324855e-02	1.961264e-01	0.000000e+00	-1.377799e+03	2.225389e+05
8.127700e-01	2.086841e+05	-8.348213e-02	1.964308e-01	0.000000e+00	-1.220048e+03	2.099042e+05
8.139600e-01	2.013844e+05	-8.371606e-02	1.967212e-01	0.000000e+00	-1.013824e+03	2.023982e+05
8.151500e-01	2.127839e+05	-8.395032e-02	1.970145e-01	0.000000e+00	-1.339530e+03	2.141234e+05
8.163400e-01	2.283941e+05	-8.418495e-02	1.973269e-01	0.000000e+00	-1.029644e+03	2.294238e+05
8.175300e-01	2.314236e+05	-8.441996e-02	1.976525e-01	0.000000e+00	-3.831259e+02	2.318068e+05
8.187200e-01	2.203563e+05	-8.465536e-02	1.979725e-01	0.000000e+00	-1.616069e+03	2.219723e+05
8.199100e-01	2.095499e+05	-8.489114e-02	1.982769e-01	0.000000e+00	-1.606502e+03	2.111564e+05
8.211000e-01	2.217803e+05	-8.512726e-02	1.985824e-01	0.000000e+00	-3.583210e+02	2.221386e+05
8.222900e-01	2.147187e+05	-8.536376e-02	1.988915e-01	0.000000e+00	-1.924004e+03	2.166427e+05
8.234800e-01	2.052749e+05	-8.560062e-02	1.991889e-01	0.000000e+00	-2.265929e+03	2.075408e+05
8.246700e-01	2.162236e+05	-8.583783e-02	1.994874e-01	0.000000e+00	-4.377237e+03	2.206008e+05
8.258600e-01	2.018151e+05	-8.607540e-02	1.997834e-01	0.000000e+00	-2.747168e+03	2.045623e+05
8.270500e-01	2.164934e+05	-8.631332e-02	2.000797e-01	0.000000e+00	-7.005273e+02	2.171939e+05
8.282400e-01	2.102892e+05	-8.655159e-02	2.003819e-01	0.000000e+00	-4.332068e+03	2.146212e+05
8.294300e-01	2.062698e+05	-8.679023e-02	2.006769e-01	0.000000e+00	-1.108594e+03	2.073784e+05
8.306200e-01	2.241489e+05	-8.702921e-02	2.009817e-01	0.000000e+00	-9.901412e+02	2.251390e+05
8.318100e-01	2.166333e+05	-8.726856e-02	2.012939e-01	0.000000e+00	-1.921807e+03	2.185552e+05
8.330000e-01	2.195436e+05	-8.750828e-02	2.016027e-01	0.000000e+00	-1.482478e+03	2.210261e+05
8.341900e-01	2.251968e+05	-8.774838e-02	2.019177e-01	0.000000e+00	-8.527443e+02	2.260495e+05
8.353800e-01	2.130337e+05	-8.798885e-02	2.022280e-01	0.000000e+00	-2.106740e+03	2.151405e+05
8.365700e-01	1.967486e+05	-8.822968e-02	2.025182e-01	0.000000e+00	-1.772574e+03	1.985212e+05
8.377600e-01	2.205325e+05	-8.847084e-02	2.028137e-01	0.000000e+00	-1.133829e+03	2.216664e+05
8.389500e-01	2.112994e+05	-8.871238e-02	2.031195e-01	0.000000e+00	-9.151054e+02	2.122145e+05
8.401400e-01	2.117460e+05	-8.895427e-02	2.034191e-01	0.000000e+00	-1.324434e+03	2.130704e+05
8.413300e-01	2.268814e+05	-8.919651e-02	2.037297e-01	0.000000e+00	-1.083653e+03	2.279651e+05
8.425200e-01	2.142889e+05	-8.943914e-02	2.040422e-01	0.000000e+00	-1.238323e+03	2.155272e+05
8.437100e-01	2.106205e+05	-8.968213e-02	2.043431e-01	0.000000e+00	-1.618162e+03	2.122387e+05
8.449000e-01	2.158104e+05	-8.992548e-02	2.046450e-01	0.000000e+00	-2.032929e+03	2.178433e+05
8.460900e-01	2.229529e+05	-9.016919e-02	2.049558e-01	0.000000e+00	-1.170829e+03	2.241237e+05
8.472800e-01	2.050052e+05	-9.041327e-02	2.052588e-01	0.000000e+00	-1.016697e+03	2.060219e+05
8.484700e-01	2.165627e+05	-9.065771e-02	2.055574e-01	0.000000e+00	-1.327340e+03	2.178900e+05
8.496600e-01	2.076716e+05	-9.090250e-02	2.058578e-01	0.000000e+00	-2.853946e+03	2.105255e+05
8.508500e-01	2.063687e+05	-9.114765e-02	2.061510e-01	0.000000e+00	-3.037175e+03	2.094059e+05
8.520400e-01	2.228647e+05	-9.139314e-02	2.064550e-01	0.000000e+00	-3.938074e+03	2.268028e+05
8.532300e-01	2.128007e+05	-9.163901e-02	2.067635e-01	0.000000e+00	-1.769100e+03	2.145698e+05
8.544200e-01	2.303333e+05	-9.188524e-02	2.070773e-01	0.000000e+00	-1.541212e+03	2.318745e+05
8.556100e-01	2.174199e+05	-9.213185e-02	2.073944e-01	0.000000e+00	-1.979372e+03	2.193993e+05
8.568000e-01	2.165505e+05	-9.237884e-02	2.077017e-01	0.000000e+00	-1.630780e+03	2.181813e+05
8.579900e-01	2.383490e+05	-9.262618e-02	2.080239e-01	0.000000e+00	-4.069594e+03	2.424186e+05
8.591800e-01	2.212071e+05	-9.287393e-02	2.083493e-01	0.000000e+00	-1.590205e+03	2.227973e+05
8.603700e-01	2.257091e+05	-9.312206e-02	2.086658e-01	0.000000e+00	-1.634554e+03	2.273437e+05
8.615600e-01	2.225397e+05	-9.337056e-02	2.089832e-01	0.000000e+00	-1.247277e+03	2.237869e+05
8.627500e-01	2.223857e+05	-9.361944e-02	2.092983e-01	0.000000e+00	-1.249173e+03	2.236348e+05
8.639400e-01	2.098348e+05	-9.386869e-02	2.096044e-01	0.000000e+00	-1.449451e+03	2.112843e+05
8.651300e-01	2.104636e+05	-9.411829e-02	2.099020e-01	0.000000e+00	-1.143231e+03	2.116068e+05
8.663200e-01	2.007772e+05	-9.436825e-02	2.101933e-01	0.000000e+00	-8.165613e+02	2.015938e+05
8.675100e-01	2.145494e+05	-9.461855e-02	2.104874e-01	0.000000e+00	-1.014020e+03	2.155635e+05
8.687000e-01	2.153590e+05	-9.486921e-02	2.107918e-01	0.000000e+00	-1.650258e+03	2.170093e+05
8.698900e-01	2.307815e+05	-9.512024e-02	2.111078e-01	0.000000e+00	-1.661706e+03	2.324433e+05
8.710800e-01	2.319216e+05	-9.537165e-02	2.114354e-01	0.000000e+00	-1.019655e+03	2.329412e+05
8.722700e-01	2.074618e+05	-9.562345e-02	2.117466e-01	0.000000e+00	-8.319581e+02	2.082937e+05
8.734600e-01	2.018260e+05	-9.587561e-02	2.120364e-01	0.000000e+00	-6.775519e+02	2.025036e+05
8.746500e-01	1.977141e+05	-9.612810e-02	2.123194e-01	0.000000e+00	-1.852370e+03	1.995665e+05
8.758400e-01	2.172930e+05	-9.638093e-02	2.126133e-01	0.000000e+00	-1.776419e+03	2.190695e+05
8.770300e-01	2.128733e+05	-9.663412e-02	2.129179e-01	0.000000e+00	-1.383275e+03	2.142566e+05
8.782200e-01	2.308038e+05	-9.688767e-02	2.132321e-01	0.000000e+00	-1.636328e+03	2.324401e+05
8.794100e-01	2.138930e+05	-9.714161e-02	2.135470e-01	0.000000e+00	-1.062789e+03	2.149558e+05
8.806000e-01	2.272371e+05	-9.739591e-02	2.138594e-01	0.000000e+00	-3.195537e+03	2.304327e+05
8.817900e-01	2.373067e+05	-9.765060e-02	2.141884e-01	0.000000e+00	-1.794422e+03	2.391011e+05
8.829800e-01	1.910783e+05	-9.790568e-02	2.144917e-01	0.000000e+00	-2.958198e+03	1.940365e+05
8.841700e-01	2.123826e+05	-9.816109e-02	2.147775e-01	0.000000e+00	-2.327503e+02	2.126154e+05
8.853600e-01	2.165438e+05	-9.841685e-02	2.150812e-01	0.000000e+00	0.000000e+00	2.165438e+05
8.865500e-01	2.184149e+05	-9.867298e-02	2.153892e-01	0.000000e+00	-1.757448e+03	2.201723e+05
8.877400e-01	2.091840e+05	-9.892948e-02	2.156920e-01	0.000000e+00	-7.635601e+02	2.099476e+05
8.889300e-01	2.065680e+05	-9.918633e-02	2.159865e-01	0.000000e+00	-1.279429e+03	2.078474e+05
8.901200e-01	2.076729e+05	-9.944353e-02	2.162798e-01	0.000000e+00	-2.097845e+03	2.097707e+05
8.913100e-01	2.276702e+05	-9.970108e-02	2.165881e-01	0.000000e+00	-1.037386e+03	2.287076e+05
8.925000e-01	2.167009e+05	-9.995901e-02	2.169028e-01	0.000000e+00	-1.354033e+03	2.180549e+05
8.936900e-01	2.071211e+05	-1.002173e-01	2.172029e-01	0.000000e+00	-2.799510e+03	2.099206e+05
8.948800e-01	2.126400e+05	-1.004759e-01	2.175002e-01	0.000000e+00	-1.515832e+03	2.141558e+05
8.960700e-01	2.147152e+05	-1.007350e-01	2.178028e-01	0.000000e+00	-3.843532e+02	2.150996e+05
8.972600e-01	2.156727e+05	-1.009943e-01	2.181076e-01	0.000000e+00	-1.296319e+03	2.169690e+05
8.984500e-01	2.173180e+05	-1.012541e-01	2.184142e-01	0.000000e+00	-9.344931e+02	2.182525e+05
8.996400e-01	2.331169e+05	-1.015141e-01	2.187332e-01	0.000000e+00	-2.505506e+03	2.356224e+05
9.008300e-01	2.151756e+05	-1.017746e-01	2.190507e-01	0.000000e+00	-3.455105e+03	2.186307e+05
9.020200e-01	2.076783e+05	-1.020355e-01	2.193501e-01	0.000000e+00	-1.508257e+03	2.091866e+05
9.032100e-01	2.212042e+05	-1.022967e-01	2.196539e-01	0.000000e+00	-2.571006e+02	2.214613e+05
9.044000e-01	2.179931e+05	-1.025583e-01	2.199649e-01	0.000000e+00	-1.457920e+03	2.194510e+05
9.055900e-01	2.095288e+05	-1.028202e-01	2.202676e-01	0.000000e+00	-1.767182e+03	2.112960e+05
9.067800e-01	2.103184e+05	-1.030825e-01	2.205650e-01	0.000000e+00	-2.111161e+03	2.124295e+05
9.079700e-01	2.248366e+05	-1.033451e-01	2.208731e-01	0.000000e+00	-1.370448e+03	2.262071e+05
9.091600e-01	2.233754e+05	-1.036082e-01	2.211905e-01	0.000000e+00	-1.799752e+03	2.251752e+05
9.103500e-01	2.061644e+05	-1.038716e-01	2.214947e-01	0.000000e+00	-2.330358e+03	2.084947e+05
9.115400e-01	2.274168e+05	-1.041353e-01	2.218018e-01	0.000000e+00	-1.341027e+03	2.287579e+05
9.127300e-01	2.277836e+05	-1.043995e-01	2.221241e-01	0.000000e+00	-3.171677e+03	2.309553e+05
9.139200e-01	2.237258e+05	-1.046640e-01	2.224439e-01	0.000000e+00	-2.100398e+03	2.258262e+05
9.151100e-01	2.274407e+05	-1.049289e-01	2.227634e-01	0.000000e+00	-2.211246e+03	2.296519e+05
9.163000e-01	2.152431e+05	-1.051942e-01	2.230769e-01	0.000000e+00	-2.369323e+03	2.176124e+05
9.174900e-01	2.253065e+05	-1.054598e-01	2.233888e-01	0.000000e+00	-2.186593e+03	2.274931e+05
9.186800e-01	2.187780e+05	-1.057258e-01	2.237033e-01	0.000000e+00	-1.576234e+03	2.203543e+05
9.198700e-01	2.123404e+05	-1.059922e-01	2.240086e-01	0.000000e+00	-6.509436e+02	2.129913e+05
9.210600e-01	2.073000e+05	-1.062590e-01	2.243058e-01	0.000000e+00	-1.870065e+03	2.091700e+05
9.222500e-01	1.955532e+05	-1.065261e-01	2.245911e-01	0.000000e+00	0.000000e+00	1.955532e+05
9.234400e-01	1.948279e+05	-1.067935e-01	2.248675e-01	0.000000e+00	-1.133954e+03	1.959618e+05
9.246300e-01	2.160726e+05	-1.070613e-01	2.251585e-01	0.000000e+00	-2.227390e+03	2.183000e+05
9.258200e-01	2.355392e+05	-1.073294e-01	2.254783e-01	0.000000e+00	0.000000e+00	2.355392e+05
9.270100e-01	2.261240e+05	-1.075979e-01	2.258053e-01	0.000000e+00	-5.129774e+02	2.266369e+05
9.282000e-01	2.160421e+05	-1.078668e-01	2.261184e-01	0.000000e+00	-1.232537e+03	2.172747e+05
9.293900e-01	2.340697e+05	-1.081361e-01	2.264372e-01	0.000000e+00	-1.122437e+03	2.351921e+05
9.305800e-01	2.244486e+05	-1.084057e-01	2.267619e-01	0.000000e+00	-2.217509e+03	2.266661e+05
9.317700e-01	1.965500e+05	-1.086758e-01	2.270600e-01	0.000000e+00	-3.574889e+03	2.001249e+05
9.329600e-01	2.003443e+05	-1.089461e-01	2.273411e-01	0.000000e+00	-1.285223e+03	2.016295e+05
9.341500e-01	2.145214e+05	-1.092168e-01	2.276349e-01	0.000000e+00	-1.819133e+03	2.163405e+05
9.353400e-01	2.274034e+05	-1.094879e-01	2.279478e-01	0.000000e+00	-8.869673e+02	2.282903e+05
9.365300e-01	2.402666e+05	-1.097593e-01	2.282790e-01	0.000000e+00	-7.937050e+02	2.410603e+05
9.377200e-01	2.350956e+05	-1.100312e-01	2.286156e-01	0.000000e+00	-1.510851e+03	2.366064e+05
9.389100e-01	2.116074e+05	-1.103034e-01	2.289320e-01	0.000000e+00	-1.698215e+02	2.117773e+05
9.401000e-01	2.145052e+05	-1.105761e-01	2.292337e-01	0.000000e+00	-1.291113e+03	2.157963e+05
9.412900e-01	2.146570e+05	-1.108490e-01	2.295376e-01	0.000000e+00	-2.797541e+03	2.174546e+05
9.424800e-01	2.220057e+05	-1.111224e-01	2.298469e-01	0.000000e+00	-1.988747e+03	2.239945e+05
9.436700e-01	2.196383e+05	-1.113961e-01	2.301596e-01	0.000000e+00	-1.406375e+03	2.210447e+05
9.448600e-01	2.252418e+05	-1.116701e-01	2.304747e-01	0.000000e+00	-1.843080e+03	2.270848e+05
9.460500e-01	2.127024e+05	-1.119446e-01	2.307848e-01	0.000000e+00	-1.322479e+03	2.140249e+05
9.472400e-01	2.204203e+05	-1.122194e-01	2.310915e-01	0.000000e+00	-1.633477e+03	2.220538e+05
9.484300e-01	2.046338e+05	-1.124946e-01	2.313925e-01	0.000000e+00	-1.564585e+03	2.061984e+05
9.496200e-01	2.100284e+05	-1.127701e-01	2.316862e-01	0.000000e+00	-1.331689e+03	2.113601e+05
9.508100e-01	2.406600e+05	-1.130460e-01	2.320054e-01	0.000000e+00	-2.269889e+03	2.429299e+05
9.520000e-01	2.178685e+05	-1.133223e-01	2.323301e-01	0.000000e+00	-1.545774e+03	2.194143e+05
9.531900e-01	2.318734e+05	-1.135989e-01	2.326486e-01	0.000000e+00	-1.187177e+03	2.330606e+05
9.543800e-01	2.306831e+05	-1.138760e-01	2.329761e-01	0.000000e+00	-1.201302e+03	2.318844e+05
9.555700e-01	2.332486e+05	-1.141534e-01	2.333047e-01	0.000000e+00	-1.258714e+03	2.345073e+05
9.567600e-01	2.310140e+05	-1.144313e-01	2.336334e-01	0.000000e+00	-4.713129e+01	2.310611e+05
9.579500e-01	2.202576e+05	-1.147095e-01	2.339530e-01	0.000000e+00	-2.223173e+03	2.224808e+05
9.591400e-01	1.964198e+05	-1.149881e-01	2.342481e-01	0.000000e+00	-2.549203e+03	1.989690e+05
9.603300e-01	2.125609e+05	-1.152670e-01	2.345377e-01	0.000000e+00	-2.696407e+02	2.128306e+05
9.615200e-01	2.070967e+05	-1.155463e-01	2.348349e-01	0.000000e+00	-2.080562e+02	2.073048e+05
9.627100e-01	2.245876e+05	-1.158259e-01	2.351406e-01	0.000000e+00	-6.322800e+02	2.252199e+05
9.639000e-01	2.479521e+05	-1.161059e-01	2.354752e-01	0.000000e+00	-4.513099e+02	2.484034e+05
9.650900e-01	2.348259e+05	-1.163863e-01	2.358171e-01	0.000000e+00	-1.427535e+03	2.362534e+05
9.662800e-01	2.182381e+05	-1.166671e-01	2.361380e-01	0.000000e+00	-2.171005e+03	2.204091e+05
9.674700e-01	2.103194e+05	-1.169483e-01	2.364415e-01	0.000000e+00	-2.036128e+03	2.123555e+05
9.686600e-01	2.109996e+05	-1.172299e-01	2.367398e-01	0.000000e+00	-6.367101e+02	2.116363e+05
9.698500e-01	2.201040e+05	-1.175118e-01	2.370451e-01	0.000000e+00	-1.062266e+02	2.202103e+05
9.710400e-01	2.233098e+05	-1.177940e-01	2.373591e-01	0.000000e+00	-1.728027e+03	2.250378e+05
9.722300e-01	2.111958e+05	-1.180767e-01	2.376668e-01	0.000000e+00	-1.449375e+03	2.126451e+05
9.734200e-01	2.355300e+05	-1.183597e-01	2.379832e-01	0.000000e+00	-7.771543e+01	2.356077e+05
9.746100e-01	2.018284e+05	-1.186431e-01	2.382929e-01	0.000000e+00	0.000000e+00	2.018284e+05
9.758000e-01	2.173331e+05	-1.189268e-01	2.385897e-01	0.000000e+00	-1.702086e+03	2.190352e+05
9.769900e-01	2.156964e+05	-1.192109e-01	2.388964e-01	0.000000e+00	-1.365806e+03	2.170622e+05
9.781800e-01	2.222776e+05	-1.194954e-01	2.392066e-01	0.000000e+00	-2.934526e+02	2.225710e+05
9.793700e-01	2.441677e+05	-1.197802e-01	2.395369e-01	0.000000e+00	-1.082180e+03	2.452499e+05
9.805600e-01	2.244404e+05	-1.200655e-01	2.398687e-01	0.000000e+00	-4.164292e+03	2.286047e+05
9.817500e-01	2.181980e+05	-1.203511e-01	2.401822e-01	0.000000e+00	-2.091805e+03	2.202898e+05
9.829400e-01	2.132514e+05	-1.206371e-01	2.404877e-01	0.000000e+00	-9.130205e+02	2.141644e+05
9.841300e-01	2.073999e+05	-1.209235e-01	2.407856e-01	0.000000e+00	-2.084951e+03	2.094848e+05
9.853200e-01	2.213434e+05	-1.212102e-01	2.410892e-01	0.000000e+00	-1.184144e+03	2.225276e+05
9.865100e-01	2.363791e+05	-1.214973e-01	2.414134e-01	0.000000e+00	-3.648049e+02	2.367439e+05
9.877000e-01	2.304086e+05	-1.217848e-01	2.417439e-01	0.000000e+00	-1.840006e+03	2.322486e+05
9.888900e-01	2.232033e+05	-1.220726e-01	2.420652e-01	0.000000e+00	-8.794019e+02	2.240827e+05
9.900800e-01	2.159757e+05	-1.223609e-01	2.423762e-01	0.000000e+00	-1.927201e+03	2.179029e+05
9.912700e-01	2.210239e+05	-1.226495e-01	2.426857e-01	0.000000e+00	-1.115253e+03	2.221391e+05
9.924600e-01	2.058374e+05	-1.229385e-01	2.429879e-01	0.000000e+00	0.000000e+00	2.058374e+05
9.936500e-01	2.001014e+05	-1.232278e-01	2.432754e-01	0.000000e+00	-8.353610e+02	2.009368e+05
9.948400e-01	2.164942e+05	-1.235175e-01	2.435704e-01	0.000000e+00	-2.900158e+02	2.167842e+05
9.960300e-01	2.232015e+05	-1.238075e-01	2.438818e-01	0.000000e+00	-5.946079e+02	2.237961e+05
9.972200e-01	2.305447e+05	-1.240979e-01	2.442031e-01	0.000000e+00	-1.617744e+03	2.321625e+05
9.984100e-01	2.468675e+05	-1.243887e-01	2.445412e-01	0.000000e+00	-2.901935e+02	2.471577e+05
9.996000e-01	2.349683e+05	-1.246799e-01	2.448824e-01	0.000000e+00	-7.591194e+02	2.357274e+05
1.000790e+00	2.233498e+05	-1.249715e-01	2.452070e-01	0.000000e+00	-1.575264e+03	2.249250e+05
1.001980e+00	2.139825e+05	-1.252635e-01	2.455167e-01	0.000000e+00	-7.603835e+02	2.147429e+05
1.003170e+00	2.288698e+05	-1.255558e-01	2.458303e-01	0.000000e+00	-5.363111e+02	2.294061e+05
1.004360e+00	2.266210e+05	-1.258486e-01	2.461529e-01	0.000000e+00	-7.143097e+02	2.273353e+05
1.005550e+00	2.203202e+05	-1.261417e-01	2.464694e-01	0.000000e+00	-7.774002e+02	2.210976e+05
1.006740e+00	2.121214e+05	-1.264352e-01	2.467756e-01	0.000000e+00	-4.929874e+02	2.126144e+05
1.007930e+00	2.320431e+05	-1.267290e-01	2.470902e-01	0.000000e+00	-3.644563e+02	2.324076e+05
1.009120e+00	2.314361e+05	-1.270233e-01	2.474184e-01	0.000000e+00	-4.758798e+02	2.319120e+05
1.010310e+00	2.304957e+05	-1.273179e-01	2.477455e-01	0.000000e+00	-1.497261e+03	2.319930e+05
1.011500e+00	2.042366e+05	-1.276129e-01	2.480534e-01	0.000000e+00	-1.023748e+03	2.052603e+05
1.012690e+00	2.187309e+05	-1.279082e-01	2.483529e-01	0.000000e+00	-7.548676e+02	2.194858e+05
1.013880e+00	2.254841e+05	-1.282040e-01	2.486675e-01	0.000000e+00	-1.704702e+03	2.271888e+05
1.015070e+00	2.187670e+05	-1.285001e-01	2.489821e-01	0.000000e+00	-1.324996e+03	2.200920e+05
1.016260e+00	2.374141e+05	-1.287965e-01	2.493051e-01	0.000000e+00	-7.597340e+02	2.381738e+05
1.017450e+00	2.191662e+05	-1.290934e-01	2.496285e-01	0.000000e+00	-4.977174e+02	2.196640e+05
1.018640e+00	2.268157e+05	-1.293907e-01	2.499443e-01	0.000000e+00	-1.840817e+03	2.286566e+05
1.019830e+00	2.134072e+05	-1.296883e-01	2.502561e-01	0.000000e+00	-2.491128e+03	2.158983e+05
1.021020e+00	2.083079e+05	-1.299863e-01	2.505547e-01	0.000000e+00	-2.830282e+03	2.111382e+05
1.022210e+00	2.319557e+05	-1.302846e-01	2.508665e-01	0.000000e+00	-4.007978e+02	2.323565e+05
1.023400e+00	2.302756e+05	-1.305833e-01	2.511938e-01	0.000000e+00	0.000000e+00	2.302756e+05
1.024590e+00	2.155422e+05	-1.308824e-01	2.515095e-01	0.000000e+00	0.000000e+00	2.155422e+05
1.025780e+00	2.070912e+05	-1.311819e-01	2.518088e-01	0.000000e+00	0.000000e+00	2.070912e+05
1.026970e+00	2.267060e+05	-1.314818e-01	2.521160e-01	0.000000e+00	-9.330809e+02	2.276390e+05
1.028160e+00	2.228523e+05	-1.317820e-01	2.524344e-01	0.000000e+00	-7.475914e+02	2.235999e+05
1.029350e+00	2.197451e+05	-1.320825e-01	2.527478e-01	0.000000e+00	0.000000e+00	2.197451e+05
1.030540e+00	2.304010e+05	-1.323835e-01	2.530666e-01	0.000000e+00	-3.969346e+02	2.307979e+05
1.031730e+00	2.168550e+05	-1.326848e-01	2.533833e-01	0.000000e+00	-4.861192e+02	2.173411e+05
1.032920e+00	2.288950e+05	-1.329866e-01	2.536990e-01	0.000000e+00	-7.976185e+02	2.296926e+05
1.034110e+00	2.218661e+05	-1.332886e-01	2.540182e-01	0.000000e+00	-1.175829e+03	2.230419e+05
1.035300e+00	2.037642e+05	-1.335911e-01	2.543196e-01	0.000000e+00	-1.061865e+03	2.048261e+05
1.036490e+00	2.169869e+05	-1.338939e-01	2.546176e-01	0.000000e+00	-2.394872e+03	2.193818e+05
1.037680e+00	2.295669e+05	-1.341971e-01	2.549338e-01	0.000000e+00	-1.325021e+03	2.308919e+05
1.038870e+00	2.198947e+05	-1.345007e-01	2.552521e-01	0.000000e+00	-1.750787e+03	2.216455e+05
1.040060e+00	2.145129e+05	-1.348046e-01	2.555597e-01	0.000000e+00	-2.394231e+03	2.169071e+05
1.041250e+00	2.342769e+05	-1.351089e-01	2.558776e-01	0.000000e+00	-2.037439e+03	2.363143e+05
1.042440e+00	2.269024e+05	-1.354136e-01	2.562041e-01	0.000000e+00	-4.649979e+02	2.273674e+05
1.043630e+00	2.179974e+05	-1.357187e-01	2.565192e-01	0.000000e+00	0.000000e+00	2.179974e+05
1.044820e+00	2.161399e+05	-1.360241e-01	2.568267e-01	0.000000e+00	-1.177200e+03	2.173171e+05
1.046010e+00	2.441514e+05	-1.363299e-01	2.571526e-01	0.000000e+00	-1.343809e+03	2.454952e+05
1.047200e+00	2.109695e+05	-1.366361e-01	2.574749e-01	0.000000e+00	0.000000e+00	2.109695e+05
1.048390e+00	1.895760e+05	-1.369427e-01	2.577586e-01	0.000000e+00	0.000000e+00	1.895760e+05
1.049580e+00	2.083018e+05	-1.372496e-01	2.580403e-01	0.000000e+00	-6.114505e+02	2.089132e+05
1.050770e+00	2.156678e+05	-1.375568e-01	2.583406e-01	0.000000e+00	-2.288857e+02	2.158967e+05
1.051960e+00	2.147446e+05	-1.378644e-01	2.586454e-01	0.000000e+00	-9.128931e+01	2.148359e+05
1.053150e+00	2.235055e+05	-1.381724e-01	2.589557e-01	0.000000e+00	-7.795797e+02	2.242851e+05
1.054340e+00	2.267522e+05	-1.384808e-01	2.592746e-01	0.000000e+00	-9.153584e+02	2.276676e+05
1.055530e+00	2.175114e+05	-1.387895e-01	2.595892e-01	0.000000e+00	-1.528828e+03	2.190402e+05
1.056720e+00	2.235614e+05	-1.390986e-01	2.599015e-01	0.000000e+00	-3.533478e+02	2.239147e+05
1.057910e+00	2.126631e+05	-1.394081e-01	2.602105e-01	0.000000e+00	-5.332771e+02	2.131964e+05
1.059100e+00	2.162748e+05	-1.397179e-01	2.605142e-01	0.000000e+00	-7.329352e+02	2.170077e+05
1.060290e+00	2.158114e+05	-1.400281e-01	2.608202e-01	0.000000e+00	-1.568668e+03	2.173800e+05
1.061480e+00	2.331891e+05	-1.403386e-01	2.611382e-01	0.000000e+00	-1.059742e+03	2.342488e+05
1.062670e+00	2.397870e+05	-1.406496e-01	2.614731e-01	0.000000e+00	0.000000e+00	2.397870e+05
1.063860e+00	2.327736e+05	-1.409609e-01	2.618078e-01	0.000000e+00	-6.852070e+02	2.334588e+05
1.065050e+00	2.289910e+05	-1.412727e-01	2.621348e-01	0.000000e+00	-2.500256e+03	2.314913e+05
1.066240e+00	2.331492e+05	-1.415848e-01	2.624621e-01	0.000000e+00	-9.885144e+02	2.341377e+05
1.067430e+00	2.226144e+05	-1.418974e-01	2.627848e-01	0.000000e+00	-2.770327e+01	2.226421e+05
1.068620e+00	2.147876e+05	-1.422103e-01	2.630946e-01	0.000000e+00	-1.574417e+03	2.163621e+05
1.069810e+00	2.303407e+05	-1.425235e-01	2.634098e-01	0.000000e+00	-2.066050e+03	2.324067e+05
1.071000e+00	2.218163e+05	-1.428372e-01	2.637300e-01	0.000000e+00	-1.995047e+03	2.238113e+05
1.072190e+00	2.290007e+05	-1.431512e-01	2.640492e-01	0.000000e+00	-2.468390e+02	2.292475e+05
1.073380e+00	2.283739e+05	-1.434656e-01	2.643731e-01	0.000000e+00	0.000000e+00	2.283739e+05
1.074570e+00	2.126322e+05	-1.437804e-01	2.646854e-01	0.000000e+00	-1.058007e+02	2.127380e+05
1.075760e+00	2.119157e+05	-1.440956e-01	2.649861e-01	0.000000e+00	-1.818980e+03	2.137347e+05
1.076950e+00	2.219516e+05	-1.444111e-01	2.652933e-01	0.000000e+00	-1.004072e+03	2.229557e+05
1.078140e+00	2.220535e+05	-1.447270e-01	2.656078e-01	0.000000e+00	-8.462559e+02	2.228998e+05
1.079330e+00	2.267262e+05	-1.450432e-01	2.659256e-01	0.000000e+00	-4.265726e+02	2.271528e+05
1.080520e+00	2.258860e+05	-1.453599e-01	2.662461e-01	0.000000e+00	-1.342996e+03	2.272290e+05
1.081710e+00	2.282124e+05	-1.456769e-01	2.665677e-01	0.000000e+00	-1.692104e+03	2.299045e+05
1.082900e+00	1.938586e+05	-1.459943e-01	2.668666e-01	0.000000e+00	-3.262447e+02	1.941849e+05
1.084090e+00	1.831103e+05	-1.463120e-01	2.671335e-01	0.000000e+00	-6.130096e+02	1.837233e+05
1.085280e+00	2.111611e+05	-1.466301e-01	2.674127e-01	0.000000e+00	-8.900295e+02	2.120511e+05
1.086470e+00	2.406888e+05	-1.469485e-01	2.677327e-01	0.000000e+00	-5.005223e+02	2.411893e+05
1.087660e+00	2.201041e+05	-1.472673e-01	2.680590e-01	0.000000e+00	-1.299231e+03	2.214034e+05
1.088850e+00	2.251512e+05	-1.475864e-01	2.683744e-01	0.000000e+00	-3.186233e+02	2.254699e+05
1.090040e+00	2.250272e+05	-1.479060e-01	2.686932e-01	0.000000e+00	-1.169452e+03	2.261967e+05
1.091230e+00	2.179155e+05	-1.482259e-01	2.690068e-01	0.000000e+00	-8.307153e+02	2.187462e+05
1.092420e+00	2.210002e+05	-1.485462e-01	2.693177e-01	0.000000e+00	-1.101106e+03	2.221014e+05
1.093610e+00	2.476478e+05	-1.488669e-01	2.696495e-01	0.000000e+00	0.000000e+00	2.476478e+05
1.094800e+00	2.242948e+05	-1.491880e-01	2.699838e-01	0.000000e+00	-9.827503e+02	2.252776e+05
1.095990e+00	2.287802e+05	-1.495095e-01	2.703046e-01	0.000000e+00	-6.979220e+02	2.294781e+05
1.097180e+00	2.133196e+05	-1.498313e-01	2.706177e-01	0.000000e+00	-6.888800e+02	2.140085e+05
1.098370e+00	2.130865e+05	-1.501535e-01	2.709196e-01	0.000000e+00	-4.084392e+02	2.134949e+05
1.099560e+00	2.328147e+05	-1.504761e-01	2.712354e-01	0.000000e+00	-9.674421e+02	2.337821e+05
1.100750e+00	2.297653e+05	-1.507991e-01	2.715630e-01	0.000000e+00	-1.231754e+03	2.309970e+05
1.101940e+00	2.032204e+05	-1.511224e-01	2.718696e-01	0.000000e+00	-6.482940e+01	2.032852e+05
1.103130e+00	2.301837e+05	-1.514461e-01	2.721765e-01	0.000000e+00	0.000000e+00	2.301837e+05
1.104320e+00	2.137553e+05	-1.517702e-01	2.724909e-01	0.000000e+00	0.000000e+00	2.137553e+05
1.105510e+00	2.226355e+05	-1.520947e-01	2.728000e-01	0.000000e+00	-1.234250e+02	2.227590e+05
1.106700e+00	2.147478e+05	-1.524195e-01	2.731097e-01	0.000000e+00	-1.018922e+03	2.157667e+05
1.107890e+00	2.426092e+05	-1.527447e-01	2.734336e-01	0.000000e+00	-5.383250e+02	2.431476e+05
1.109080e+00	2.047274e+05	-1.530703e-01	2.737504e-01	0.000000e+00	0.000000e+00	2.047274e+05
1.110270e+00	2.159187e+05	-1.533962e-01	2.740483e-01	0.000000e+00	-2.288157e+02	2.161475e+05
1.111460e+00	2.176951e+05	-1.537225e-01	2.743553e-01	0.000000e+00	-6.115204e+02	2.183066e+05
1.112650e+00	2.241121e+05	-1.540492e-01	2.746682e-01	0.000000e+00	0.000000e+00	2.241121e+05
1.113840e+00	2.396285e+05	-1.543762e-01	2.749966e-01	0.000000e+00	0.000000e+00	2.396285e+05
1.115030e+00	2.257256e+05	-1.547036e-01	2.753262e-01	0.000000e+00	-1.370614e+02	2.258627e+05
1.116220e+00	2.256436e+05	-1.550315e-01	2.756458e-01	0.000000e+00	-7.032748e+02	2.263469e+05
1.117410e+00	2.271644e+05	-1.553597e-01	2.759665e-01	0.000000e+00	0.000000e+00	2.271644e+05
1.118600e+00	2.351236e+05	-1.556883e-01	2.762938e-01	0.000000e+00	0.000000e+00	2.351236e+05
1.119790e+00	2.258297e+05	-1.560173e-01	2.766203e-01	0.000000e+00	0.000000e+00	2.258297e+05
1.120980e+00	2.363203e+05	-1.563466e-01	2.769476e-01	0.000000e+00	0.000000e+00	2.363203e+05
1.122170e+00	2.428448e+05	-1.566764e-01	2.772869e-01	0.000000e+00	0.000000e+00	2.428448e+05
1.123360e+00	2.303163e+05	-1.570066e-01	2.776220e-01	0.000000e+00	0.000000e+00	2.303163e+05
1.124550e+00	2.310039e+05	-1.573371e-01	2.779486e-01	0.000000e+00	-4.681462e+02	2.314721e+05
1.125740e+00	2.332657e+05	-1.576681e-01	2.782774e-01	0.000000e+00	-1.212526e+03	2.344782e+05
1.126930e+00	2.211406e+05	-1.579994e-01	2.785992e-01	0.000000e+00	-4.739949e+02	2.216146e+05
1.128120e+00	2.337850e+05	-1.583312e-01	2.789214e-01	0.000000e+00	-7.992753e+02	2.345843e+05
1.129310e+00	2.232392e+05	-1.586633e-01	2.792450e-01	0.000000e+00	-1.247738e+03	2.244869e+05
1.130500e+00	2.213383e+05	-1.589958e-01	2.795599e-01	0.000000e+00	0.000000e+00	2.213383e+05
1.131690e+00	2.238703e+05	-1.593286e-01	2.798751e-01	0.000000e+00	-6.521413e+02	2.245225e+05
1.132880e+00	2.202063e+05	-1.596619e-01	2.801896e-01	0.000000e+00	-5.888909e+02	2.207952e+05
1.134070e+00	2.136068e+05	-1.599955e-01	2.804968e-01	0.000000e+00	-1.212127e+03	2.148189e+05
1.135260e+00	2.147607e+05	-1.603294e-01	2.808002e-01	0.000000e+00	-9.081849e+02	2.156688e+05
1.136450e+00	2.339352e+05	-1.606638e-01	2.811179e-01	0.000000e+00	-3.143882e+02	2.342496e+05
1.137640e+00	2.286972e+05	-1.609985e-01	2.814456e-01	0.000000e+00	-5.259479e+02	2.292231e+05
1.138830e+00	2.045786e+05	-1.613336e-01	2.817524e-01	0.000000e+00	-6.383130e+02	2.052169e+05
1.140020e+00	2.138724e+05	-1.616691e-01	2.820487e-01	0.000000e+00	-1.042359e+03	2.149147e+05
1.141210e+00	2.169615e+05	-1.620049e-01	2.823538e-01	0.000000e+00	0.000000e+00	2.169615e+05
1.142400e+00	2.341279e+05	-1.623411e-01	2.826733e-01	0.000000e+00	0.000000e+00	2.341279e+05
1.143590e+00	2.324203e+05	-1.626777e-01	2.830037e-01	0.000000e+00	-6.727365e+02	2.330930e+05
1.144780e+00	2.252916e+05	-1.630146e-01	2.833278e-01	0.000000e+00	-1.384627e+03	2.266763e+05
1.145970e+00	2.070721e+05	-1.633520e-01	2.836340e-01	0.000000e+00	-1.280603e+03	2.083527e+05
1.147160e+00	2.376490e+05	-1.636897e-01	2.839489e-01	0.000000e+00	-1.442321e+03	2.390914e+05
1.148350e+00	2.357515e+05	-1.640278e-01	2.842842e-01	0.000000e+00	-6.352537e+02	2.363867e+05
1.149540e+00	2.256445e+05	-1.643663e-01	2.846109e-01	0.000000e+00	-4.668120e+02	2.261113e+05
1.150730e+00	2.168538e+05	-1.647052e-01	2.849243e-01	0.000000e+00	0.000000e+00	2.168538e+05
1.151920e+00	2.407328e+05	-1.650444e-01	2.852483e-01	0.000000e+00	0.000000e+00	2.407328e+05
1.153110e+00	2.315803e+05	-1.653840e-01	2.855828e-01	0.000000e+00	-7.074435e+02	2.322878e+05
1.154300e+00	2.270269e+05	-1.657241e-01	2.859076e-01	0.000000e+00	-1.616340e+03	2.286432e+05
1.155490e+00	2.178194e+05	-1.660645e-01	2.862226e-01	0.000000e+00	-1.877897e+03	2.196973e+05
1.156680e+00	2.082790e+05	-1.664053e-01	2.865243e-01	0.000000e+00	-7.975574e+02	2.090765e+05
1.157870e+00	2.153713e+05	-1.667464e-01	2.868243e-01	0.000000e+00	-8.831149e+02	2.162544e+05
1.159060e+00	2.293614e+05	-1.670879e-01	2.871393e-01	0.000000e+00	-2.788247e+02	2.296402e+05
1.160250e+00	2.198979e+05	-1.674298e-01	2.874574e-01	0.000000e+00	-5.615115e+02	2.204594e+05
1.161440e+00	2.347259e+05	-1.677721e-01	2.877794e-01	0.000000e+00	-5.628449e+02	2.352887e+05
1.162630e+00	2.395320e+05	-1.681147e-01	2.881152e-01	0.000000e+00	-2.774912e+02	2.398095e+05
1.163820e+00	2.177869e+05	-1.684578e-01	2.884391e-01	0.000000e+00	0.000000e+00	2.177869e+05
1.165010e+00	2.165736e+05	-1.688012e-01	2.887467e-01	0.000000e+00	0.000000e+00	2.165736e+05
1.166200e+00	2.172651e+05	-1.691450e-01	2.890539e-01	0.000000e+00	-6.542246e+02	2.179194e+05
1.167390e+00	2.103339e+05	-1.694892e-01	2.893567e-01	0.000000e+00	-1.861115e+02	2.105200e+05
1.168580e+00	2.343056e+05	-1.698337e-01	2.896716e-01	0.000000e+00	-5.235269e+02	2.348291e+05
1.169770e+00	2.114856e+05	-1.701786e-01	2.899873e-01	0.000000e+00	-3.168092e+02	2.118024e+05
1.170960e+00	2.127771e+05	-1.705239e-01	2.902878e-01	0.000000e+00	0.000000e+00	2.127771e+05
1.172150e+00	2.101092e+05	-1.708695e-01	2.905872e-01	0.000000e+00	-2.497275e+01	2.101341e+05
1.173340e+00	2.133906e+05	-1.712154e-01	2.908871e-01	0.000000e+00	-8.153634e+02	2.142060e+05
1.174530e+00	2.391267e+05	-1.715618e-01	2.912076e-01	0.000000e+00	-1.374211e+02	2.392641e+05
1.175720e+00	2.463416e+05	-1.719085e-01	2.915514e-01	0.000000e+00	-1.780981e+03	2.481226e+05
1.176910e+00	2.365513e+05	-1.722557e-01	2.918934e-01	0.000000e+00	-6.026066e+02	2.371539e+05
1.178100e+00	2.427188e+05	-1.726032e-01	2.922328e-01	0.000000e+00	0.000000e+00	2.427188e+05
1.179290e+00	2.268370e+05	-1.729512e-01	2.925653e-01	0.000000e+00	0.000000e+00	2.268370e+05
1.180480e+00	2.157424e+05	-1.732995e-01	2.928787e-01	0.000000e+00	-1.310521e+02	2.158734e+05
1.181670e+00	2.292943e+05	-1.736482e-01	2.931939e-01	0.000000e+00	-7.092840e+02	2.300036e+05
1.182860e+00	2.272137e+05	-1.739973e-01	2.935171e-01	0.000000e+00	0.000000e+00	2.272137e+05
1.184050e+00	2.365851e+05	-1.743468e-01	2.938456e-01	0.000000e+00	-1.127418e+02	2.366979e+05
1.185240e+00	2.268959e+05	-1.746967e-01	2.941738e-01	0.000000e+00	-8.147494e+02	2.277107e+05
1.186430e+00	2.298540e+05	-1.750469e-01	2.944973e-01	0.000000e+00	-7.531810e+02	2.306072e+05
1.187620e+00	2.207038e+05	-1.753976e-01	2.948163e-01	0.000000e+00	0.000000e+00	2.207038e+05
1.188810e+00	2.211921e+05	-1.757486e-01	2.951293e-01	0.000000e+00	0.000000e+00	2.211921e+05
1.190000e+00	1.098096e+05	-1.761000e-01	2.953637e-01	0.000000e+00	0.000000e+00	1.098096e+05
