#x	rho	phi	ex	bz	rhok[0]	rhok[1]
0.000000e+00	-6.334810e+02	0.000000e+00	2.627584e-02	0.000000e+00	-1.992584e+03	1.359103e+03
1.190000e-03	-1.101195e+03	-3.126771e-05	2.627461e-02	0.000000e+00	-5.384402e+03	4.283207e+03
2.380000e-03	3.259574e+02	-6.253357e-05	2.627406e-02	0.000000e+00	-6.117174e+03	6.443131e+03
3.570000e-03	5.715132e+03	-9.379997e-05	2.627834e-02	0.000000e+00	-4.832739e+03	1.054787e+04
4.760000e-03	5.337076e+03	-1.250760e-04	2.628616e-02	0.000000e+00	-5.823078e+03	1.116015e+04
5.950000e-03	1.310310e+04	-1.563610e-04	2.629922e-02	0.000000e+00	-3.600372e+03	1.670348e+04
7.140000e-03	1.418102e+04	-1.876682e-04	2.631854e-02	0.000000e+00	-5.493283e+03	1.967430e+04
8.330000e-03	1.791318e+04	-2.189992e-04	2.634127e-02	0.000000e+00	-5.874245e+03	2.378743e+04
9.520000e-03	1.904743e+04	-2.503604e-04	2.636745e-02	0.000000e+00	-8.584949e+03	2.763238e+04
1.071000e-02	1.792737e+04	-2.817537e-04	2.639363e-02	0.000000e+00	-9.503047e+03	2.743042e+04
1.190000e-02	1.504789e+04	-3.131772e-04	2.641698e-02	0.000000e+00	-8.531643e+03	2.357953e+04
1.309000e-02	2.143163e+04	-3.446261e-04	2.644282e-02	0.000000e+00	-4.257690e+03	2.568931e+04
1.428000e-02	2.510213e+04	-3.761111e-04	2.647577e-02	0.000000e+00	-3.926987e+03	2.902912e+04
1.547000e-02	2.998549e+04	-4.076385e-04	2.651478e-02	0.000000e+00	-3.934941e+03	3.392043e+04
1.666000e-02	3.073172e+04	-4.392163e-04	2.655778e-02	0.000000e+00	-6.557391e+03	3.728911e+04
1.785000e-02	2.779496e+04	-4.708460e-04	2.659923e-02	0.000000e+00	-8.198620e+03	3.599358e+04
1.904000e-02	3.348924e+04	-5.025225e-04	2.664262e-02	0.000000e+00	-7.226794e+03	4.071603e+04
2.023000e-02	3.504827e+04	-5.342554e-04	2.669116e-02	0.000000e+00	-8.282981e+03	4.333126e+04
2.142000e-02	3.374543e+04	-5.660474e-04	2.673988e-02	0.000000e+00	-5.725292e+03	3.947072e+04
2.261000e-02	4.018860e+04	-5.978963e-04	2.679224e-02	0.000000e+00	-6.917921e+03	4.710652e+04
2.380000e-02	4.779430e+04	-6.298130e-04	2.685454e-02	0.000000e+00	-9.934236e+03	5.772853e+04
2.499000e-02	5.098445e+04	-6.618101e-04	2.692449e-02	0.000000e+00	-6.609729e+03	5.759418e+04
2.618000e-02	5.299924e+04	-6.938932e-04	2.699813e-02	0.000000e+00	-4.457261e+03	5.745650e+04
2.737000e-02	5.463271e+04	-7.260657e-04	2.707435e-02	0.000000e+00	-7.686943e+03	6.231965e+04
2.856000e-02	6.323713e+04	-7.583302e-04	2.715782e-02	0.000000e+00	-6.818067e+03	7.005519e+04
2.975000e-02	5.931238e+04	-7.907013e-04	2.724461e-02	0.000000e+00	-9.096599e+03	6.840898e+04
3.094000e-02	5.430425e+04	-8.231724e-04	2.732507e-02	0.000000e+00	-5.329718e+03	5.963397e+04
3.213000e-02	5.309038e+04	-8.557350e-04	2.740112e-02	0.000000e+00	-6.402185e+03	5.949256e+04
3.332000e-02	5.206155e+04	-8.883870e-04	2.747559e-02	0.000000e+00	-6.981320e+03	5.904287e+04
3.451000e-02	4.762373e+04	-9.211269e-04	2.754618e-02	0.000000e+00	-6.171051e+03	5.379478e+04
3.570000e-02	5.967223e+04	-9.539470e-04	2.762216e-02	0.000000e+00	-2.563379e+03	6.223561e+04
3.689000e-02	5.695436e+04	-9.868676e-04	2.770475e-02	0.000000e+00	-7.874879e+03	6.482924e+04
3.808000e-02	5.505397e+04	-1.019884e-03	2.778407e-02	0.000000e+00	-6.137828e+03	6.119180e+04
3.927000e-02	6.029378e+04	-1.052994e-03	2.786576e-02	0.000000e+00	-4.771213e+03	6.506499e+04
4.046000e-02	5.664517e+04	-1.086205e-03	2.794857e-02	0.000000e+00	-4.796850e+03	6.144202e+04
4.165000e-02	6.597588e+04	-1.119511e-03	2.803541e-02	0.000000e+00	-6.295801e+03	7.227168e+04
4.284000e-02	6.683508e+04	-1.152929e-03	2.812946e-02	0.000000e+00	-7.874943e+03	7.471002e+04
4.403000e-02	6.324945e+04	-1.186459e-03	2.822158e-02	0.000000e+00	-8.224183e+03	7.147363e+04
4.522000e-02	6.956617e+04	-1.220096e-03	2.831564e-02	0.000000e+00	-6.500078e+03	7.606625e+04
4.641000e-02	6.742892e+04	-1.253851e-03	2.841265e-02	0.000000e+00	-2.957779e+03	7.038670e+04
4.760000e-02	6.531567e+04	-1.287719e-03	2.850666e-02	0.000000e+00	-5.703745e+03	7.101942e+04
4.879000e-02	5.800747e+04	-1.321696e-03	2.859399e-02	0.000000e+00	-9.919442e+03	6.792691e+04
4.998000e-02	6.740695e+04	-1.355772e-03	2.868280e-02	0.000000e+00	-4.330300e+03	7.173725e+04
5.117000e-02	6.960560e+04	-1.389962e-03	2.877983e-02	0.000000e+00	-4.338719e+03	7.394432e+04
5.236000e-02	7.613312e+04	-1.424268e-03	2.888304e-02	0.000000e+00	-6.187831e+03	8.232095e+04
5.355000e-02	6.598903e+04	-1.458703e-03	2.898368e-02	0.000000e+00	-1.002383e+04	7.601286e+04
5.474000e-02	7.265667e+04	-1.493249e-03	2.908187e-02	0.000000e+00	-8.528900e+03	8.118557e+04
5.593000e-02	7.640745e+04	-1.527918e-03	2.918743e-02	0.000000e+00	-4.808658e+03	8.121611e+04
5.712000e-02	8.433934e+04	-1.562715e-03	2.930126e-02	0.000000e+00	-3.871829e+03	8.821117e+04
5.831000e-02	8.463471e+04	-1.597655e-03	2.942093e-02	0.000000e+00	-7.679341e+03	9.231405e+04
5.950000e-02	8.016492e+04	-1.632737e-03	2.953763e-02	0.000000e+00	-7.619748e+03	8.778467e+04
6.069000e-02	7.366128e+04	-1.667955e-03	2.964657e-02	0.000000e+00	-5.094498e+03	7.875578e+04
6.188000e-02	7.901529e+04	-1.703296e-03	2.975469e-02	0.000000e+00	-6.309139e+03	8.532443e+04
6.307000e-02	8.149203e+04	-1.738771e-03	2.986835e-02	0.000000e+00	-1.068672e+04	9.217876e+04
6.426000e-02	9.031878e+04	-1.774383e-03	2.999002e-02	0.000000e+00	-4.162147e+03	9.448093e+04
6.545000e-02	8.751395e+04	-1.810147e-03	3.011596e-02	0.000000e+00	-5.356197e+03	9.287015e+04
6.664000e-02	8.591011e+04	-1.846059e-03	3.023877e-02	0.000000e+00	-6.680694e+03	9.259080e+04
6.783000e-02	7.165313e+04	-1.882115e-03	3.035035e-02	0.000000e+00	-7.998614e+03	7.965174e+04
6.902000e-02	8.143885e+04	-1.918293e-03	3.045876e-02	0.000000e+00	-7.395671e+03	8.883452e+04
7.021000e-02	9.715046e+04	-1.954607e-03	3.058524e-02	0.000000e+00	-5.735025e+03	1.028855e+05
7.140000e-02	9.914838e+04	-1.991085e-03	3.072425e-02	0.000000e+00	-5.448261e+03	1.045966e+05
7.259000e-02	8.805469e+04	-2.027731e-03	3.085682e-02	0.000000e+00	-1.189045e+04	9.994513e+04
7.378000e-02	9.825290e+04	-2.064525e-03	3.098875e-02	0.000000e+00	-4.584259e+03	1.028372e+05
7.497000e-02	9.524160e+04	-2.101484e-03	3.112578e-02	0.000000e+00	-4.764641e+03	1.000062e+05
7.616000e-02	9.534466e+04	-2.138604e-03	3.126075e-02	0.000000e+00	-8.208627e+03	1.035533e+05
7.735000e-02	8.226804e+04	-2.175885e-03	3.138653e-02	0.000000e+00	-6.853939e+03	8.912198e+04
7.854000e-02	9.213753e+04	-2.213304e-03	3.151003e-02	0.000000e+00	-2.960152e+03	9.509769e+04
7.973000e-02	1.024114e+05	-2.250879e-03	3.164781e-02	0.000000e+00	-7.674043e+03	1.100854e+05
8.092000e-02	1.074271e+05	-2.288626e-03	3.179641e-02	0.000000e+00	-3.430031e+03	1.108571e+05
8.211000e-02	1.105147e+05	-2.326554e-03	3.195074e-02	0.000000e+00	-3.873767e+03	1.143885e+05
8.330000e-02	9.576925e+04	-2.364668e-03	3.209683e-02	0.000000e+00	-3.587561e+03	9.935681e+04
8.449000e-02	9.390470e+04	-2.402944e-03	3.223115e-02	0.000000e+00	-3.331108e+03	9.723580e+04
8.568000e-02	1.029970e+05	-2.441379e-03	3.237059e-02	0.000000e+00	-6.634364e+03	1.096314e+05
8.687000e-02	1.130394e+05	-2.479986e-03	3.252358e-02	0.000000e+00	-6.510573e+03	1.195500e+05
8.806000e-02	1.055652e+05	-2.518785e-03	3.267838e-02	0.000000e+00	-9.173831e+03	1.147390e+05
8.925000e-02	1.123344e+05	-2.557761e-03	3.283269e-02	0.000000e+00	-7.188899e+03	1.195233e+05
9.044000e-02	1.192223e+05	-2.596927e-03	3.299667e-02	0.000000e+00	-5.033198e+03	1.242555e+05
9.163000e-02	1.098862e+05	-2.636293e-03	3.315892e-02	0.000000e+00	-4.939759e+03	1.148260e+05
9.282000e-02	1.007182e+05	-2.675845e-03	3.330806e-02	0.000000e+00	-4.887859e+03	1.056060e+05
9.401000e-02	1.038106e+05	-2.715566e-03	3.345290e-02	0.000000e+00	-7.112759e+03	1.109234e+05
9.520000e-02	1.095649e+05	-2.755463e-03	3.360401e-02	0.000000e+00	-6.645437e+03	1.162103e+05
9.639000e-02	1.131867e+05	-2.795544e-03	3.376175e-02	0.000000e+00	-7.628757e+03	1.208155e+05
9.758000e-02	1.081257e+05	-2.835816e-03	3.391848e-02	0.000000e+00	-9.474384e+03	1.176001e+05
9.877000e-02	1.077131e+05	-2.876270e-03	3.407133e-02	0.000000e+00	-6.266823e+03	1.139799e+05
9.996000e-02	1.031305e+05	-2.916905e-03	3.422064e-02	0.000000e+00	-5.681282e+03	1.088118e+05
1.011500e-01	1.069615e+05	-2.957715e-03	3.436942e-02	0.000000e+00	-3.025835e+03	1.099873e+05
1.023400e-01	1.135190e+05	-2.998705e-03	3.452556e-02	0.000000e+00	-3.673684e+03	1.171927e+05
1.035300e-01	1.139018e+05	-3.039886e-03	3.468661e-02	0.000000e+00	-5.700121e+03	1.196019e+05
1.047200e-01	9.270396e+04	-3.081259e-03	3.483292e-02	0.000000e+00	-6.791225e+03	9.949518e+04
1.059100e-01	1.105340e+05	-3.122788e-03	3.497684e-02	0.000000e+00	-5.561074e+03	1.160951e+05
1.071000e-01	1.057000e+05	-3.164504e-03	3.512997e-02	0.000000e+00	-6.555390e+03	1.122554e+05
1.082900e-01	1.274823e+05	-3.206397e-03	3.529511e-02	0.000000e+00	-5.927003e+03	1.334093e+05
1.094800e-01	1.260361e+05	-3.248506e-03	3.547464e-02	0.000000e+00	-5.315249e+03	1.313514e+05
1.106700e-01	1.215486e+05	-3.290827e-03	3.564997e-02	0.000000e+00	-3.672645e+03	1.252212e+05
1.118600e-01	1.001900e+05	-3.333353e-03	3.580700e-02	0.000000e+00	-6.449466e+03	1.066394e+05
1.130500e-01	1.153035e+05	-3.376048e-03	3.595960e-02	0.000000e+00	-5.169076e+03	1.204726e+05
1.142400e-01	1.159798e+05	-3.418937e-03	3.612339e-02	0.000000e+00	-6.983196e+03	1.229630e+05
1.154300e-01	1.276929e+05	-3.462021e-03	3.629595e-02	0.000000e+00	-4.930574e+03	1.326234e+05
1.166200e-01	1.450438e+05	-3.505321e-03	3.648909e-02	0.000000e+00	-6.989002e+03	1.520328e+05
1.178100e-01	1.249344e+05	-3.548865e-03	3.668028e-02	0.000000e+00	-5.939271e+03	1.308736e+05
1.190000e-01	1.245743e+05	-3.592620e-03	3.685697e-02	0.000000e+00	-6.815520e+03	1.313899e+05
1.201900e-01	1.225702e+05	-3.636585e-03	3.703199e-02	0.000000e+00	-4.941219e+03	1.275114e+05
1.213800e-01	1.097091e+05	-3.680756e-03	3.719648e-02	0.000000e+00	-4.991838e+03	1.147009e+05
1.225700e-01	1.290590e+05	-3.725113e-03	3.736557e-02	0.000000e+00	-7.176632e+03	1.362356e+05
1.237600e-01	1.189509e+05	-3.769686e-03	3.754120e-02	0.000000e+00	-9.142117e+03	1.280930e+05
1.249500e-01	1.113135e+05	-3.814461e-03	3.770427e-02	0.000000e+00	-4.986759e+03	1.163003e+05
1.261400e-01	1.112605e+05	-3.859423e-03	3.786189e-02	0.000000e+00	-4.515662e+03	1.157761e+05
1.273300e-01	1.327356e+05	-3.904572e-03	3.803468e-02	0.000000e+00	-6.941381e+03	1.396770e+05
1.285200e-01	1.367264e+05	-3.949945e-03	3.822550e-02	0.000000e+00	-3.078423e+03	1.398048e+05
1.297100e-01	1.331460e+05	-3.995549e-03	3.841661e-02	0.000000e+00	-3.193292e+03	1.363392e+05
1.309000e-01	1.065957e+05	-4.041377e-03	3.858639e-02	0.000000e+00	-5.814371e+03	1.124101e+05
1.320900e-01	1.262830e+05	-4.087384e-03	3.875131e-02	0.000000e+00	-4.277308e+03	1.305603e+05
1.332800e-01	1.326332e+05	-4.133605e-03	3.893466e-02	0.000000e+00	-3.978262e+03	1.366115e+05
1.344700e-01	1.351027e+05	-4.180049e-03	3.912426e-02	0.000000e+00	-6.390185e+03	1.414929e+05
1.356600e-01	1.334017e+05	-4.226720e-03	3.931441e-02	0.000000e+00	-3.285082e+03	1.366868e+05
1.368500e-01	1.341063e+05	-4.273617e-03	3.950385e-02	0.000000e+00	-5.375817e+03	1.394821e+05
1.380400e-01	1.341343e+05	-4.320740e-03	3.969381e-02	0.000000e+00	-6.041583e+03	1.401759e+05
1.392300e-01	1.327957e+05	-4.368088e-03	3.988284e-02	0.000000e+00	-3.557536e+03	1.363532e+05
1.404200e-01	1.243266e+05	-4.415661e-03	4.006492e-02	0.000000e+00	-5.883600e+03	1.302102e+05
1.416100e-01	1.413849e+05	-4.463443e-03	4.025309e-02	0.000000e+00	-4.846952e+03	1.462318e+05
1.428000e-01	1.295975e+05	-4.511463e-03	4.044499e-02	0.000000e+00	-4.848051e+03	1.344455e+05
1.439900e-01	1.437980e+05	-4.559702e-03	4.063860e-02	0.000000e+00	-3.717014e+03	1.475150e+05
1.451800e-01	1.422729e+05	-4.608183e-03	4.084118e-02	0.000000e+00	-2.756716e+03	1.450297e+05
1.463700e-01	1.390237e+05	-4.656904e-03	4.104039e-02	0.000000e+00	-1.561976e+03	1.405857e+05
1.475600e-01	1.430498e+05	-4.705859e-03	4.124014e-02	0.000000e+00	-3.850181e+03	1.469000e+05
1.487500e-01	1.275658e+05	-4.755055e-03	4.143178e-02	0.000000e+00	-4.691219e+03	1.322570e+05
1.499400e-01	1.413306e+05	-4.804467e-03	4.162221e-02	0.000000e+00	-4.305738e+03	1.456364e+05
1.511300e-01	1.411444e+05	-4.854116e-03	4.182225e-02	0.000000e+00	-4.913372e+03	1.460578e+05
1.523200e-01	1.424474e+05	-4.904004e-03	4.202308e-02	0.000000e+00	-4.093557e+03	1.465409e+05
1.535100e-01	1.264503e+05	-4.954131e-03	4.221350e-02	0.000000e+00	-6.399372e+03	1.328497e+05
1.547000e-01	1.330625e+05	-5.004472e-03	4.239728e-02	0.000000e+00	-3.677759e+03	1.367403e+05
1.558900e-01	1.245647e+05	-5.055037e-03	4.257972e-02	0.000000e+00	-3.320537e+03	1.278853e+05
1.570800e-01	1.489184e+05	-5.105812e-03	4.277339e-02	0.000000e+00	-4.517660e+03	1.534360e+05
1.582700e-01	1.537894e+05	-5.156837e-03	4.298776e-02	0.000000e+00	-4.963592e+03	1.587530e+05
1.594600e-01	1.533726e+05	-5.208122e-03	4.320528e-02	0.000000e+00	-4.338367e+03	1.577110e+05
1.606500e-01	1.435648e+05	-5.259666e-03	4.341556e-02	0.000000e+00	-2.169238e+03	1.457340e+05
1.618400e-01	1.500703e+05	-5.311451e-03	4.362350e-02	0.000000e+00	-3.079555e+03	1.531498e+05
1.630300e-01	1.387415e+05	-5.363490e-03	4.382803e-02	0.000000e+00	-6.140775e+03	1.448823e+05
1.642200e-01	1.499497e+05	-5.415762e-03	4.403247e-02	0.000000e+00	-3.351168e+03	1.533009e+05
1.654100e-01	1.325448e+05	-5.468287e-03	4.423252e-02	0.000000e+00	-5.095521e+03	1.376403e+05
1.666000e-01	1.402414e+05	-5.521036e-03	4.442570e-02	0.000000e+00	-2.662378e+03	1.429038e+05
1.677900e-01	1.345186e+05	-5.574020e-03	4.462027e-02	0.000000e+00	-8.713668e+03	1.432322e+05
1.689800e-01	1.446811e+05	-5.627232e-03	4.481799e-02	0.000000e+00	-6.137640e+03	1.508188e+05
1.701700e-01	1.509542e+05	-5.680687e-03	4.502735e-02	0.000000e+00	-6.756285e+03	1.577105e+05
1.713600e-01	1.537987e+05	-5.734397e-03	4.524317e-02	0.000000e+00	-3.233214e+03	1.570319e+05
1.725500e-01	1.573342e+05	-5.788366e-03	4.546350e-02	0.000000e+00	-3.711465e+03	1.610457e+05
1.737400e-01	1.617633e+05	-5.842600e-03	4.568947e-02	0.000000e+00	-4.077657e+03	1.658410e+05
1.749300e-01	1.712260e+05	-5.897107e-03	4.592529e-02	0.000000e+00	-4.435249e+03	1.756612e+05
1.761200e-01	1.433513e+05	-5.951902e-03	4.614806e-02	0.000000e+00	-3.408373e+03	1.467597e+05
1.773100e-01	1.481402e+05	-6.006939e-03	4.635448e-02	0.000000e+00	-1.931923e+03	1.500721e+05
1.785000e-01	1.512156e+05	-6.062226e-03	4.656648e-02	0.000000e+00	-3.641169e+03	1.548567e+05
1.796900e-01	1.439090e+05	-6.117767e-03	4.677547e-02	0.000000e+00	-6.797935e+03	1.507069e+05
1.808800e-01	1.446847e+05	-6.173552e-03	4.697984e-02	0.000000e+00	-4.672747e+03	1.493575e+05
1.820700e-01	1.433209e+05	-6.229579e-03	4.718380e-02	0.000000e+00	-3.421563e+03	1.467425e+05
1.832600e-01	1.564898e+05	-6.285849e-03	4.739611e-02	0.000000e+00	-7.295601e+03	1.637854e+05
1.844500e-01	1.455071e+05	-6.342382e-03	4.760998e-02	0.000000e+00	-7.219465e+03	1.527266e+05
1.856400e-01	1.582212e+05	-6.399161e-03	4.782507e-02	0.000000e+00	-3.702618e+03	1.619239e+05
1.868300e-01	1.489479e+05	-6.456206e-03	4.804259e-02	0.000000e+00	-6.023000e+03	1.549709e+05
1.880200e-01	1.389075e+05	-6.513502e-03	4.824644e-02	0.000000e+00	-6.298437e+03	1.452060e+05
1.892100e-01	1.496917e+05	-6.571032e-03	4.845082e-02	0.000000e+00	-4.981740e+03	1.546734e+05
1.904000e-01	1.532291e+05	-6.628815e-03	4.866534e-02	0.000000e+00	-3.571711e+03	1.568008e+05
1.915900e-01	1.476216e+05	-6.686856e-03	4.887839e-02	0.000000e+00	-4.140277e+03	1.517619e+05
1.927800e-01	1.365065e+05	-6.745146e-03	4.907960e-02	0.000000e+00	-2.759546e+03	1.392660e+05
1.939700e-01	1.513600e+05	-6.803665e-03	4.928346e-02	0.000000e+00	-5.239593e+03	1.565996e+05
1.951600e-01	1.631896e+05	-6.862440e-03	4.950621e-02	0.000000e+00	-6.244457e+03	1.694341e+05
1.963500e-01	1.805774e+05	-6.921490e-03	4.974965e-02	0.000000e+00	-3.065044e+03	1.836425e+05
1.975400e-01	1.757002e+05	-6.980844e-03	5.000196e-02	0.000000e+00	-2.335658e+03	1.780358e+05
1.987300e-01	1.600293e+05	-7.040495e-03	5.023971e-02	0.000000e+00	-3.175799e+03	1.632051e+05
1.999200e-01	1.464056e+05	-7.100415e-03	5.045671e-02	0.000000e+00	-3.249902e+03	1.496555e+05
2.011100e-01	1.586385e+05	-7.160582e-03	5.067273e-02	0.000000e+00	-4.593661e+03	1.632322e+05
2.023000e-01	1.709842e+05	-7.221016e-03	5.090616e-02	0.000000e+00	-4.255143e+03	1.752393e+05
2.034900e-01	1.783646e+05	-7.281738e-03	5.115356e-02	0.000000e+00	-1.824970e+03	1.801895e+05
2.046800e-01	1.625621e+05	-7.342761e-03	5.139499e-02	0.000000e+00	-4.950557e+03	1.675127e+05
2.058700e-01	1.740012e+05	-7.404059e-03	5.163333e-02	0.000000e+00	-4.644501e+03	1.786457e+05
2.070600e-01	1.684686e+05	-7.465649e-03	5.187586e-02	0.000000e+00	-7.023945e+03	1.754925e+05
2.082500e-01	1.661253e+05	-7.527523e-03	5.211281e-02	0.000000e+00	-5.474926e+03	1.716002e+05
2.094400e-01	1.512294e+05	-7.589677e-03	5.233754e-02	0.000000e+00	-3.244583e+03	1.544740e+05
2.106300e-01	1.580074e+05	-7.652086e-03	5.255654e-02	0.000000e+00	-3.567451e+03	1.615748e+05
2.118200e-01	1.626935e+05	-7.714762e-03	5.278364e-02	0.000000e+00	-4.090320e+03	1.667838e+05
2.130100e-01	1.596475e+05	-7.777711e-03	5.301191e-02	0.000000e+00	-4.500621e+03	1.641481e+05
2.142000e-01	1.534652e+05	-7.840930e-03	5.323365e-02	0.000000e+00	-4.426215e+03	1.578914e+05
2.153900e-01	1.730175e+05	-7.904408e-03	5.346485e-02	0.000000e+00	-3.926475e+03	1.769439e+05
2.165800e-01	1.608134e+05	-7.968177e-03	5.370126e-02	0.000000e+00	-3.046768e+03	1.638602e+05
2.177700e-01	1.762081e+05	-8.032217e-03	5.393993e-02	0.000000e+00	-4.194083e+03	1.804022e+05
2.189600e-01	1.654324e+05	-8.096554e-03	5.418187e-02	0.000000e+00	-6.022015e+03	1.714544e+05
2.201500e-01	1.719884e+05	-8.161169e-03	5.442081e-02	0.000000e+00	-2.897323e+03	1.748857e+05
2.213400e-01	1.643870e+05	-8.226075e-03	5.465902e-02	0.000000e+00	-5.064528e+03	1.694516e+05
2.225300e-01	1.612155e+05	-8.291258e-03	5.488960e-02	0.000000e+00	-5.947881e+03	1.671634e+05
2.237200e-01	1.756451e+05	-8.356712e-03	5.512816e-02	0.000000e+00	-2.840407e+03	1.784855e+05
2.249100e-01	1.603445e+05	-8.422463e-03	5.536609e-02	0.000000e+00	-2.059051e+03	1.624035e+05
2.261000e-01	1.628061e+05	-8.488484e-03	5.559494e-02	0.000000e+00	-2.385080e+03	1.651912e+05
2.272900e-01	1.660285e+05	-8.554779e-03	5.582781e-02	0.000000e+00	-5.157161e+03	1.711857e+05
2.284800e-01	1.676076e+05	-8.621354e-03	5.606408e-02	0.000000e+00	-4.113975e+03	1.717216e+05
2.296700e-01	1.751775e+05	-8.688211e-03	5.630682e-02	0.000000e+00	-3.973505e+03	1.791510e+05
2.308600e-01	1.876615e+05	-8.755364e-03	5.656377e-02	0.000000e+00	-3.220902e+03	1.908824e+05
2.320500e-01	1.732839e+05	-8.822833e-03	5.681938e-02	0.000000e+00	-4.833472e+03	1.781174e+05
2.332400e-01	1.812050e+05	-8.890594e-03	5.707042e-02	0.000000e+00	-3.214270e+03	1.844193e+05
2.344300e-01	1.701408e+05	-8.958661e-03	5.731923e-02	0.000000e+00	-4.309456e+03	1.744502e+05
2.356200e-01	1.785093e+05	-9.027014e-03	5.756613e-02	0.000000e+00	-5.582666e+03	1.840920e+05
2.368100e-01	1.864852e+05	-9.095668e-03	5.782461e-02	0.000000e+00	-6.233264e+03	1.927184e+05
2.380000e-01	1.720075e+05	-9.164637e-03	5.807848e-02	0.000000e+00	-2.784476e+03	1.747919e+05
2.391900e-01	1.745510e+05	-9.233895e-03	5.832390e-02	0.000000e+00	-3.125346e+03	1.776763e+05
2.403800e-01	1.748843e+05	-9.303447e-03	5.857136e-02	0.000000e+00	-5.587724e+03	1.804720e+05
2.415700e-01	1.664796e+05	-9.373295e-03	5.881310e-02	0.000000e+00	-7.132787e+03	1.736124e+05
2.427600e-01	1.804792e+05	-9.443423e-03	5.905880e-02	0.000000e+00	-2.395851e+03	1.828751e+05
2.439500e-01	1.776713e+05	-9.513855e-03	5.931243e-02	0.000000e+00	-4.926006e+03	1.825973e+05
2.451400e-01	1.780918e+05	-9.584586e-03	5.956437e-02	0.000000e+00	-5.249789e+03	1.833415e+05
2.463300e-01	1.491830e+05	-9.655618e-03	5.979614e-02	0.000000e+00	-4.715953e+03	1.538990e+05
2.475200e-01	1.558828e+05	-9.726901e-03	6.001217e-02	0.000000e+00	-3.968504e+03	1.598513e+05
2.487100e-01	1.928114e+05	-9.798447e-03	6.025911e-02	0.000000e+00	-5.098904e+03	1.979103e+05
2.499000e-01	1.612095e+05	-9.870318e-03	6.050981e-02	0.000000e+00	-6.085745e+03	1.672952e+05
2.510900e-01	1.622208e+05	-9.942460e-03	6.073885e-02	0.000000e+00	-2.688615e+03	1.649094e+05
2.522800e-01	1.727476e+05	-1.001488e-02	6.097607e-02	0.000000e+00	-2.978138e+03	1.757258e+05
2.534700e-01	1.845415e+05	-1.008758e-02	6.122908e-02	0.000000e+00	-4.859204e+03	1.894007e+05
2.546600e-01	1.718603e+05	-1.016060e-02	6.148148e-02	0.000000e+00	-7.156173e+03	1.790165e+05
2.558500e-01	1.653063e+05	-1.023391e-02	6.172025e-02	0.000000e+00	-3.666631e+03	1.689730e+05
2.570400e-01	1.808054e+05	-1.030750e-02	6.196535e-02	0.000000e+00	-5.049762e+03	1.858552e+05
2.582300e-01	1.756296e+05	-1.038139e-02	6.221776e-02	0.000000e+00	-4.628841e+03	1.802585e+05
2.594200e-01	1.843149e+05	-1.045557e-02	6.247266e-02	0.000000e+00	-6.631226e+03	1.909462e+05
2.606100e-01	1.839338e+05	-1.053007e-02	6.273345e-02	0.000000e+00	-5.738610e+03	1.896724e+05
2.618000e-01	1.877201e+05	-1.060488e-02	6.299664e-02	0.000000e+00	-5.317506e+03	1.930376e+05
2.629900e-01	1.644919e+05	-1.068000e-02	6.324606e-02	0.000000e+00	-4.173681e+03	1.686656e+05
2.641800e-01	1.660036e+05	-1.075541e-02	6.348011e-02	0.000000e+00	-4.502820e+03	1.705064e+05
2.653700e-01	1.765794e+05	-1.083109e-02	6.372271e-02	0.000000e+00	-3.102034e+03	1.796814e+05
2.665600e-01	1.740486e+05	-1.090707e-02	6.397101e-02	0.000000e+00	-5.991590e+03	1.800402e+05
2.677500e-01	1.714903e+05	-1.098334e-02	6.421571e-02	0.000000e+00	-7.634640e+03	1.791249e+05
2.689400e-01	1.859730e+05	-1.105990e-02	6.446886e-02	0.000000e+00	-1.635642e+03	1.876086e+05
2.701300e-01	1.639438e+05	-1.113677e-02	6.471665e-02	0.000000e+00	-3.660098e+03	1.676039e+05
2.713200e-01	1.745773e+05	-1.121392e-02	6.495638e-02	0.000000e+00	-4.064967e+03	1.786422e+05
2.725100e-01	1.742151e+05	-1.129137e-02	6.520339e-02	0.000000e+00	-6.546811e+03	1.807619e+05
2.737000e-01	1.920163e+05	-1.136911e-02	6.546274e-02	0.000000e+00	-5.397798e+03	1.974141e+05
2.748900e-01	1.828005e+05	-1.144717e-02	6.572817e-02	0.000000e+00	-3.563628e+03	1.863641e+05
2.760800e-01	1.735879e+05	-1.152554e-02	6.598055e-02	0.000000e+00	-5.272972e+03	1.788608e+05
2.772700e-01	1.773113e+05	-1.160420e-02	6.622905e-02	0.000000e+00	-4.177467e+03	1.814887e+05
2.784600e-01	1.753607e+05	-1.168317e-02	6.647880e-02	0.000000e+00	-4.809900e+03	1.801706e+05
2.796500e-01	1.723958e+05	-1.176242e-02	6.672506e-02	0.000000e+00	-5.992488e+03	1.783883e+05
2.808400e-01	1.664229e+05	-1.184197e-02	6.696500e-02	0.000000e+00	-5.660952e+03	1.720838e+05
2.820300e-01	1.787438e+05	-1.192180e-02	6.720944e-02	0.000000e+00	-3.133793e+03	1.818776e+05
2.832200e-01	1.830950e+05	-1.200193e-02	6.746568e-02	0.000000e+00	-5.893326e+03	1.889883e+05
2.844100e-01	1.855725e+05	-1.208237e-02	6.772676e-02	0.000000e+00	-4.537952e+03	1.901105e+05
2.856000e-01	1.754408e+05	-1.216312e-02	6.798241e-02	0.000000e+00	-3.591497e+03	1.790323e+05
2.867900e-01	1.711594e+05	-1.224417e-02	6.822786e-02	0.000000e+00	-4.976785e+03	1.761362e+05
2.879800e-01	1.884714e+05	-1.232550e-02	6.848254e-02	0.000000e+00	-8.185778e+03	1.966571e+05
2.891700e-01	1.939665e+05	-1.240716e-02	6.875337e-02	0.000000e+00	-4.363624e+03	1.983301e+05
2.903600e-01	2.015341e+05	-1.248914e-02	6.903345e-02	0.000000e+00	-3.721037e+03	2.052551e+05
2.915500e-01	1.912986e+05	-1.257146e-02	6.931164e-02	0.000000e+00	-4.218525e+03	1.955172e+05
2.927400e-01	1.659691e+05	-1.265410e-02	6.956465e-02	0.000000e+00	-2.487747e+03	1.684569e+05
2.939300e-01	1.778696e+05	-1.273702e-02	6.980814e-02	0.000000e+00	-3.741690e+03	1.816113e+05
2.951200e-01	1.870012e+05	-1.282024e-02	7.006653e-02	0.000000e+00	-3.638490e+03	1.906397e+05
2.963100e-01	1.879072e+05	-1.290378e-02	7.033203e-02	0.000000e+00	-4.233795e+03	1.921410e+05
2.975000e-01	1.858825e+05	-1.298763e-02	7.059673e-02	0.000000e+00	-3.287329e+03	1.891698e+05
2.986900e-01	1.691652e+05	-1.307180e-02	7.084816e-02	0.000000e+00	-5.117327e+03	1.742826e+05
2.998800e-01	1.847088e+05	-1.315625e-02	7.109876e-02	0.000000e+00	-2.596053e+03	1.873048e+05
3.010700e-01	1.786934e+05	-1.324101e-02	7.135611e-02	0.000000e+00	-8.467797e+03	1.871612e+05
3.022600e-01	1.854746e+05	-1.332608e-02	7.161400e-02	0.000000e+00	-5.377821e+03	1.908524e+05
3.034500e-01	1.728877e+05	-1.341145e-02	7.186778e-02	0.000000e+00	-1.940300e+03	1.748280e+05
3.046400e-01	2.052272e+05	-1.349712e-02	7.213555e-02	0.000000e+00	-4.543339e+03	2.097705e+05
3.058300e-01	1.624213e+05	-1.358314e-02	7.239591e-02	0.000000e+00	-3.594461e+03	1.660158e+05
3.070200e-01	1.911633e+05	-1.366942e-02	7.264630e-02	0.000000e+00	-1.404198e+03	1.925675e+05
3.082100e-01	1.907572e+05	-1.375603e-02	7.291676e-02	0.000000e+00	-4.351010e+03	1.951082e+05
3.094000e-01	1.965056e+05	-1.384297e-02	7.319101e-02	0.000000e+00	-3.915461e+03	2.004211e+05
3.105900e-01	2.080332e+05	-1.393023e-02	7.347749e-02	0.000000e+00	-3.728505e+03	2.117617e+05
3.117800e-01	1.920989e+05	-1.401784e-02	7.376085e-02	0.000000e+00	-2.906368e+03	1.950053e+05
3.129700e-01	2.025924e+05	-1.410578e-02	7.404036e-02	0.000000e+00	-3.536075e+03	2.061285e+05
3.141600e-01	2.012575e+05	-1.419406e-02	7.432635e-02	0.000000e+00	-5.978791e+03	2.072363e+05
3.153500e-01	2.028667e+05	-1.428268e-02	7.461254e-02	0.000000e+00	-3.220141e+03	2.060868e+05
3.165400e-01	2.096156e+05	-1.437164e-02	7.490464e-02	0.000000e+00	-5.131539e+03	2.147472e+05
3.177300e-01	1.895159e+05	-1.446095e-02	7.518729e-02	0.000000e+00	-3.668244e+03	1.931841e+05
3.189200e-01	1.960039e+05	-1.455058e-02	7.546030e-02	0.000000e+00	-3.656669e+03	1.996605e+05
3.201100e-01	1.861241e+05	-1.464055e-02	7.573091e-02	0.000000e+00	-4.703993e+03	1.908281e+05
3.213000e-01	1.770666e+05	-1.473082e-02	7.598811e-02	0.000000e+00	-5.634951e+03	1.827015e+05
3.224900e-01	2.078483e+05	-1.482140e-02	7.626069e-02	0.000000e+00	-3.959066e+03	2.118074e+05
3.236800e-01	2.165848e+05	-1.491232e-02	7.656126e-02	0.000000e+00	-5.906939e+03	2.224917e+05
3.248700e-01	1.852704e+05	-1.500361e-02	7.684584e-02	0.000000e+00	-3.251048e+03	1.885215e+05
3.260600e-01	1.889695e+05	-1.509522e-02	7.711087e-02	0.000000e+00	-4.474798e+03	1.934443e+05
3.272500e-01	1.807320e+05	-1.518714e-02	7.737268e-02	0.000000e+00	-3.691463e+03	1.844234e+05
3.284400e-01	2.012760e+05	-1.527936e-02	7.764320e-02	0.000000e+00	-3.703479e+03	2.049795e+05
3.296300e-01	1.877369e+05	-1.537193e-02	7.791869e-02	0.000000e+00	-1.536971e+03	1.892738e+05
3.308200e-01	2.004445e+05	-1.546481e-02	7.819358e-02	0.000000e+00	-4.678535e+03	2.051231e+05
3.320100e-01	1.926969e+05	-1.555803e-02	7.847199e-02	0.000000e+00	-4.451996e+03	1.971489e+05
3.332000e-01	1.776826e+05	-1.565157e-02	7.873428e-02	0.000000e+00	-6.798155e+03	1.844807e+05
3.343900e-01	1.918729e+05	-1.574542e-02	7.899599e-02	0.000000e+00	-2.238089e+03	1.941110e+05
3.355800e-01	1.845642e+05	-1.583958e-02	7.926257e-02	0.000000e+00	-3.314303e+03	1.878785e+05
3.367700e-01	1.792393e+05	-1.593406e-02	7.952020e-02	0.000000e+00	-8.395198e+03	1.876345e+05
3.379600e-01	2.024992e+05	-1.602884e-02	7.979053e-02	0.000000e+00	-2.722713e+03	2.052219e+05
3.391500e-01	1.991025e+05	-1.612396e-02	8.007493e-02	0.000000e+00	-2.712976e+03	2.018155e+05
3.403400e-01	1.832705e+05	-1.621942e-02	8.034572e-02	0.000000e+00	-3.477423e+03	1.867479e+05
3.415300e-01	1.942307e+05	-1.631519e-02	8.061305e-02	0.000000e+00	-1.841669e+03	1.960724e+05
3.427200e-01	2.071140e+05	-1.641128e-02	8.089727e-02	0.000000e+00	-3.720541e+03	2.108346e+05
3.439100e-01	1.962668e+05	-1.650772e-02	8.118293e-02	0.000000e+00	-4.746726e+03	2.010135e+05
3.451000e-01	1.847198e+05	-1.660449e-02	8.145273e-02	0.000000e+00	-4.199300e+03	1.889191e+05
3.462900e-01	1.963210e+05	-1.670158e-02	8.172257e-02	0.000000e+00	-5.767222e+03	2.020882e+05
3.474800e-01	2.078633e+05	-1.679899e-02	8.200880e-02	0.000000e+00	-1.956811e+03	2.098201e+05
3.486700e-01	2.051686e+05	-1.689676e-02	8.230129e-02	0.000000e+00	-1.788729e+03	2.069573e+05
3.498600e-01	1.977111e+05	-1.699487e-02	8.258660e-02	0.000000e+00	-2.860007e+03	2.005711e+05
3.510500e-01	1.915025e+05	-1.709332e-02	8.286222e-02	0.000000e+00	-4.160799e+03	1.956633e+05
3.522400e-01	1.788004e+05	-1.719208e-02	8.312446e-02	0.000000e+00	-4.676835e+03	1.834773e+05
3.534300e-01	1.866552e+05	-1.729115e-02	8.338326e-02	0.000000e+00	-6.910100e+03	1.935653e+05
3.546200e-01	1.977307e+05	-1.739053e-02	8.365547e-02	0.000000e+00	-3.659889e+03	2.013906e+05
3.558100e-01	1.787263e+05	-1.749025e-02	8.392207e-02	0.000000e+00	-2.426612e+03	1.811529e+05
3.570000e-01	1.689699e+05	-1.759027e-02	8.416829e-02	0.000000e+00	-4.283551e+03	1.732534e+05
3.581900e-01	1.926741e+05	-1.769057e-02	8.442439e-02	0.000000e+00	-4.440571e+03	1.971147e+05
3.593800e-01	1.891990e+05	-1.779120e-02	8.469482e-02	0.000000e+00	-3.301529e+03	1.925006e+05
3.605700e-01	2.056228e+05	-1.789215e-02	8.497442e-02	0.000000e+00	-3.094834e+03	2.087176e+05
3.617600e-01	1.997064e+05	-1.799344e-02	8.526146e-02	0.000000e+00	-2.348572e+03	2.020550e+05
3.629500e-01	1.859884e+05	-1.809507e-02	8.553460e-02	0.000000e+00	-5.667076e+03	1.916555e+05
3.641400e-01	1.847032e+05	-1.819701e-02	8.579711e-02	0.000000e+00	-5.855172e+03	1.905583e+05
3.653300e-01	1.958827e+05	-1.829927e-02	8.606663e-02	0.000000e+00	-4.334282e+03	2.002170e+05
3.665200e-01	2.188684e+05	-1.840185e-02	8.636034e-02	0.000000e+00	-2.874638e+03	2.217431e+05
3.677100e-01	1.954157e+05	-1.850480e-02	8.665372e-02	0.000000e+00	-5.272582e+03	2.006883e+05
3.689000e-01	1.866705e+05	-1.860809e-02	8.692430e-02	0.000000e+00	-3.163184e+03	1.898337e+05
3.700900e-01	2.010780e+05	-1.871168e-02	8.719889e-02	0.000000e+00	-4.107823e+03	2.051858e+05
3.712800e-01	1.924128e+05	-1.881562e-02	8.747755e-02	0.000000e+00	-2.814001e+03	1.952268e+05
3.724700e-01	2.106986e+05	-1.891988e-02	8.776302e-02	0.000000e+00	-3.016049e+03	2.137147e+05
3.736600e-01	2.060594e+05	-1.902449e-02	8.805815e-02	0.000000e+00	-1.970864e+03	2.080303e+05
3.748500e-01	2.005220e+05	-1.912946e-02	8.834608e-02	0.000000e+00	-2.579436e+03	2.031015e+05
3.760400e-01	2.115872e+05	-1.923476e-02	8.863792e-02	0.000000e+00	-4.025680e+03	2.156129e+05
3.772300e-01	2.032935e+05	-1.934042e-02	8.893172e-02	0.000000e+00	-5.869907e+03	2.091634e+05
3.784200e-01	1.842455e+05	-1.944642e-02	8.920616e-02	0.000000e+00	-3.770922e+03	1.880164e+05
3.796100e-01	1.922214e+05	-1.955273e-02	8.947276e-02	0.000000e+00	-3.756399e+03	1.959778e+05
3.808000e-01	2.076296e+05	-1.965936e-02	8.975592e-02	0.000000e+00	-2.105064e+03	2.097346e+05
3.819900e-01	2.032639e+05	-1.976635e-02	9.004690e-02	0.000000e+00	-3.844298e+03	2.071082e+05
3.831800e-01	2.114195e+05	-1.987367e-02	9.034057e-02	0.000000e+00	-1.647167e+03	2.130666e+05
3.843700e-01	2.079699e+05	-1.998136e-02	9.063756e-02	0.000000e+00	-1.986596e+03	2.099565e+05
3.855600e-01	1.955708e+05	-2.008939e-02	9.092334e-02	0.000000e+00	-2.218670e+03	1.977894e+05
3.867500e-01	1.912226e+05	-2.019775e-02	9.119725e-02	0.000000e+00	-3.364911e+03	1.945875e+05
3.879400e-01	1.848056e+05	-2.030644e-02	9.146354e-02	0.000000e+00	-3.585926e+03	1.883916e+05
3.891300e-01	2.011141e+05	-2.041544e-02	9.173683e-02	0.000000e+00	-4.992816e+03	2.061069e+05
3.903200e-01	1.942080e+05	-2.052477e-02	9.201679e-02	0.000000e+00	-5.959240e+03	2.001672e+05
3.915100e-01	1.986113e+05	-2.063444e-02	9.229497e-02	0.000000e+00	-5.280811e+03	2.038921e+05
3.927000e-01	2.053093e+05	-2.074444e-02	9.258101e-02	0.000000e+00	-3.036829e+03	2.083461e+05
3.938900e-01	2.050643e+05	-2.085478e-02	9.287162e-02	0.000000e+00	-2.399179e+03	2.074635e+05
3.950800e-01	1.905991e+05	-2.096547e-02	9.315182e-02	0.000000e+00	-3.420264e+03	1.940194e+05
3.962700e-01	2.084218e+05	-2.107648e-02	9.343439e-02	0.000000e+00	-2.647704e+03	2.110695e+05
3.974600e-01	2.177759e+05	-2.118784e-02	9.373621e-02	0.000000e+00	-3.413416e+03	2.211893e+05
3.986500e-01	1.940886e+05	-2.129957e-02	9.402788e-02	0.000000e+00	-4.196924e+03	1.982855e+05
3.998400e-01	2.029785e+05	-2.141163e-02	9.430907e-02	0.000000e+00	-3.471773e+03	2.064503e+05
4.010300e-01	2.174845e+05	-2.152403e-02	9.460682e-02	0.000000e+00	-4.559012e+03	2.220435e+05
4.022200e-01	2.144075e+05	-2.163679e-02	9.491267e-02	0.000000e+00	-4.442742e+03	2.188503e+05
4.034100e-01	2.228131e+05	-2.174992e-02	9.522230e-02	0.000000e+00	-3.188796e+03	2.260019e+05
4.046000e-01	1.997229e+05	-2.186342e-02	9.552152e-02	0.000000e+00	-3.369146e+03	2.030920e+05
4.057900e-01	2.047261e+05	-2.197726e-02	9.580794e-02	0.000000e+00	-3.838012e+03	2.085641e+05
4.069800e-01	1.989500e+05	-2.209145e-02	9.609381e-02	0.000000e+00	-2.283761e+03	2.012337e+05
4.081700e-01	1.859327e+05	-2.220597e-02	9.636637e-02	0.000000e+00	-7.993649e+02	1.867321e+05
4.093600e-01	2.001502e+05	-2.232080e-02	9.663978e-02	0.000000e+00	-2.303833e+02	2.003806e+05
4.105500e-01	2.095565e+05	-2.243597e-02	9.692992e-02	0.000000e+00	-2.764210e+03	2.123208e+05
4.117400e-01	2.179179e+05	-2.255149e-02	9.723264e-02	0.000000e+00	-3.913885e+03	2.218318e+05
4.129300e-01	1.995106e+05	-2.266738e-02	9.752825e-02	0.000000e+00	-3.325916e+03	2.028365e+05
4.141200e-01	1.946298e+05	-2.278361e-02	9.780737e-02	0.000000e+00	-2.550679e+03	1.971805e+05
4.153100e-01	1.871806e+05	-2.290016e-02	9.807775e-02	0.000000e+00	-4.410189e+03	1.915908e+05
4.165000e-01	2.034249e+05	-2.301703e-02	9.835436e-02	0.000000e+00	-4.604964e+03	2.080298e+05
4.176900e-01	2.101615e+05	-2.313425e-02	9.864725e-02	0.000000e+00	-2.721650e+03	2.128832e+05
4.188800e-01	2.066791e+05	-2.325181e-02	9.894244e-02	0.000000e+00	-2.447635e+03	2.091268e+05
4.200700e-01	1.942716e+05	-2.336973e-02	9.922638e-02	0.000000e+00	-3.259936e+03	1.975316e+05
4.212600e-01	2.001414e+05	-2.348797e-02	9.950569e-02	0.000000e+00	-2.138921e+03	2.022803e+05
4.224500e-01	2.002850e+05	-2.360655e-02	9.978926e-02	0.000000e+00	-2.953618e+03	2.032386e+05
4.236400e-01	1.891932e+05	-2.372547e-02	1.000651e-01	0.000000e+00	-3.286883e+03	1.924801e+05
4.248300e-01	2.034170e+05	-2.384471e-02	1.003431e-01	0.000000e+00	-1.793180e+03	2.052102e+05
4.260200e-01	1.905992e+05	-2.396429e-02	1.006221e-01	0.000000e+00	-2.556228e+03	1.931554e+05
4.272100e-01	2.184563e+05	-2.408419e-02	1.009118e-01	0.000000e+00	-1.396608e+03	2.198529e+05
4.284000e-01	2.215589e+05	-2.420446e-02	1.012234e-01	0.000000e+00	-1.192574e+03	2.227514e+05
4.295900e-01	2.021948e+05	-2.432510e-02	1.015235e-01	0.000000e+00	-3.622966e+03	2.058177e+05
4.307800e-01	2.094794e+05	-2.444608e-02	1.018150e-01	0.000000e+00	-4.746386e+03	2.142258e+05
4.319700e-01	2.147641e+05	-2.456742e-02	1.021155e-01	0.000000e+00	-1.521141e+03	2.162853e+05
4.331600e-01	1.966983e+05	-2.468912e-02	1.024069e-01	0.000000e+00	-5.746847e+03	2.024452e+05
4.343500e-01	1.910845e+05	-2.481115e-02	1.026815e-01	0.000000e+00	-3.387843e+03	1.944724e+05
4.355400e-01	2.018466e+05	-2.493350e-02	1.029597e-01	0.000000e+00	-3.570105e+03	2.054167e+05
4.367300e-01	2.162108e+05	-2.505619e-02	1.032558e-01	0.000000e+00	-4.220865e+03	2.204317e+05
4.379200e-01	2.229546e+05	-2.517925e-02	1.035668e-01	0.000000e+00	-3.480590e+03	2.264352e+05
4.391100e-01	2.044152e+05	-2.530268e-02	1.038694e-01	0.000000e+00	-2.918374e+03	2.073336e+05
4.403000e-01	2.081889e+05	-2.542646e-02	1.041616e-01	0.000000e+00	-2.028634e+03	2.102175e+05
4.414900e-01	1.999723e+05	-2.555059e-02	1.044507e-01	0.000000e+00	-3.171116e+03	2.031434e+05
4.426800e-01	2.021754e+05	-2.567505e-02	1.047355e-01	0.000000e+00	-3.469297e+03	2.056447e+05
4.438700e-01	1.856560e+05	-2.579986e-02	1.050101e-01	0.000000e+00	-4.269508e+03	1.899255e+05
4.450600e-01	2.012178e+05	-2.592498e-02	1.052841e-01	0.000000e+00	-2.677681e+03	2.038954e+05
4.462500e-01	1.976964e+05	-2.605043e-02	1.055666e-01	0.000000e+00	-5.264612e+03	2.029610e+05
4.474400e-01	1.962412e+05	-2.617622e-02	1.058455e-01	0.000000e+00	-2.211529e+03	1.984527e+05
4.486300e-01	2.190532e+05	-2.630235e-02	1.061396e-01	0.000000e+00	-2.443558e+03	2.214968e+05
4.498200e-01	2.235862e+05	-2.642884e-02	1.064531e-01	0.000000e+00	-1.720839e+03	2.253070e+05
4.510100e-01	1.950421e+05	-2.655570e-02	1.067496e-01	0.000000e+00	-1.226754e+03	1.962688e+05
4.522000e-01	2.001074e+05	-2.668290e-02	1.070294e-01	0.000000e+00	-2.130245e+03	2.022376e+05
4.533900e-01	2.191138e+05	-2.681043e-02	1.073263e-01	0.000000e+00	-2.652512e+03	2.217664e+05
4.545800e-01	2.229106e+05	-2.693834e-02	1.076393e-01	0.000000e+00	-2.235176e+03	2.251457e+05
4.557700e-01	2.184760e+05	-2.706661e-02	1.079519e-01	0.000000e+00	-4.162766e+03	2.226388e+05
4.569600e-01	2.217147e+05	-2.719526e-02	1.082636e-01	0.000000e+00	-5.496944e+03	2.272116e+05
4.581500e-01	2.045884e+05	-2.732428e-02	1.085655e-01	0.000000e+00	-3.119342e+03	2.077078e+05
4.593400e-01	2.049621e+05	-2.745365e-02	1.088555e-01	0.000000e+00	-3.291241e+03	2.082534e+05
4.605300e-01	2.066701e+05	-2.758336e-02	1.091470e-01	0.000000e+00	-3.742194e+03	2.104123e+05
4.617200e-01	2.075279e+05	-2.771342e-02	1.094403e-01	0.000000e+00	-5.220436e+03	2.127483e+05
4.629100e-01	1.926975e+05	-2.784383e-02	1.097238e-01	0.000000e+00	-2.873713e+03	1.955712e+05
4.641000e-01	1.969513e+05	-2.797456e-02	1.099997e-01	0.000000e+00	-2.506409e+03	1.994577e+05
4.652900e-01	2.218411e+05	-2.810563e-02	1.102963e-01	0.000000e+00	-2.378617e+03	2.242197e+05
4.664800e-01	2.179941e+05	-2.823707e-02	1.106078e-01	0.000000e+00	-2.428094e+03	2.204222e+05
4.676700e-01	2.116448e+05	-2.836887e-02	1.109120e-01	0.000000e+00	-3.305567e+03	2.149503e+05
4.688600e-01	2.267244e+05	-2.850104e-02	1.112224e-01	0.000000e+00	-2.951720e+03	2.296761e+05
4.700500e-01	2.247564e+05	-2.863358e-02	1.115422e-01	0.000000e+00	-2.617390e+03	2.273738e+05
4.712400e-01	2.124418e+05	-2.876651e-02	1.118518e-01	0.000000e+00	-2.135765e+03	2.145775e+05
4.724300e-01	2.188741e+05	-2.889979e-02	1.121572e-01	0.000000e+00	-3.241351e+03	2.221155e+05
4.736200e-01	2.142119e+05	-2.903344e-02	1.124639e-01	0.000000e+00	-3.365435e+03	2.175773e+05
4.748100e-01	2.202523e+05	-2.916745e-02	1.127716e-01	0.000000e+00	-2.729327e+03	2.229816e+05
4.760000e-01	2.074545e+05	-2.930184e-02	1.130745e-01	0.000000e+00	-1.922096e+03	2.093766e+05
4.771900e-01	2.272039e+05	-2.943657e-02	1.133823e-01	0.000000e+00	-4.111039e+03	2.313149e+05
4.783800e-01	2.020777e+05	-2.957169e-02	1.136863e-01	0.000000e+00	-2.036494e+03	2.041142e+05
4.795700e-01	2.131472e+05	-2.970714e-02	1.139803e-01	0.000000e+00	-2.013977e+03	2.151611e+05
4.807600e-01	2.251015e+05	-2.984296e-02	1.142907e-01	0.000000e+00	-1.220512e+03	2.263220e+05
4.819500e-01	2.142679e+05	-2.997916e-02	1.146018e-01	0.000000e+00	-2.409085e+03	2.166770e+05
4.831400e-01	2.113826e+05	-3.011571e-02	1.149033e-01	0.000000e+00	-1.719205e+03	2.131018e+05
4.843300e-01	1.911623e+05	-3.025263e-02	1.151883e-01	0.000000e+00	-3.137478e+03	1.942997e+05
4.855200e-01	2.028492e+05	-3.038986e-02	1.154674e-01	0.000000e+00	-1.567989e+03	2.044172e+05
4.867100e-01	2.098835e+05	-3.052744e-02	1.157596e-01	0.000000e+00	-2.271823e+03	2.121553e+05
4.879000e-01	2.029876e+05	-3.066537e-02	1.160520e-01	0.000000e+00	-4.573562e+03	2.075612e+05
4.890900e-01	1.993406e+05	-3.080364e-02	1.163369e-01	0.000000e+00	-1.588065e+03	2.009286e+05
4.902800e-01	2.093652e+05	-3.094225e-02	1.166264e-01	0.000000e+00	-1.279219e+03	2.106444e+05
4.914700e-01	2.185765e+05	-3.108121e-02	1.169294e-01	0.000000e+00	-1.982653e+03	2.205591e+05
4.926600e-01	2.077729e+05	-3.122054e-02	1.172313e-01	0.000000e+00	-3.800493e+03	2.115734e+05
4.938500e-01	2.170557e+05	-3.136022e-02	1.175322e-01	0.000000e+00	-4.624824e+03	2.216805e+05
4.950400e-01	2.032486e+05	-3.150027e-02	1.178298e-01	0.000000e+00	-1.577610e+03	2.048262e+05
4.962300e-01	2.093549e+05	-3.164066e-02	1.181220e-01	0.000000e+00	-1.161411e+03	2.105163e+05
4.974200e-01	2.136434e+05	-3.178140e-02	1.184216e-01	0.000000e+00	-2.721430e+03	2.163649e+05
4.986100e-01	2.011917e+05	-3.192250e-02	1.187154e-01	0.000000e+00	-3.195510e+03	2.043872e+05
4.998000e-01	2.107556e+05	-3.206394e-02	1.190071e-01	0.000000e+00	-3.869214e+03	2.146248e+05
5.009900e-01	1.932084e+05	-3.220574e-02	1.192932e-01	0.000000e+00	-2.556077e+03	1.957645e+05
5.021800e-01	1.922407e+05	-3.234786e-02	1.195661e-01	0.000000e+00	-3.518987e+03	1.957597e+05
5.033700e-01	2.121594e+05	-3.249031e-02	1.198525e-01	0.000000e+00	-2.270255e+03	2.144297e+05
5.045600e-01	2.063836e+05	-3.263311e-02	1.201489e-01	0.000000e+00	-1.801547e+03	2.081851e+05
5.057500e-01	2.103123e+05	-3.277626e-02	1.204440e-01	0.000000e+00	-2.090216e+03	2.124025e+05
5.069400e-01	2.065508e+05	-3.291977e-02	1.207392e-01	0.000000e+00	-2.005911e+03	2.085567e+05
5.081300e-01	2.065547e+05	-3.306362e-02	1.210317e-01	0.000000e+00	-2.643265e+03	2.091979e+05
5.093200e-01	2.035774e+05	-3.320782e-02	1.213222e-01	0.000000e+00	-2.076478e+02	2.037851e+05
5.105100e-01	2.057274e+05	-3.335237e-02	1.216120e-01	0.000000e+00	-3.424349e+03	2.091518e+05
5.117000e-01	2.092554e+05	-3.349726e-02	1.219059e-01	0.000000e+00	-1.815990e+03	2.110714e+05
5.128900e-01	2.189142e+05	-3.364250e-02	1.222091e-01	0.000000e+00	-1.192051e+03	2.201062e+05
5.140800e-01	2.111047e+05	-3.378812e-02	1.225136e-01	0.000000e+00	-1.050712e+03	2.121554e+05
5.152700e-01	2.185001e+05	-3.393408e-02	1.228179e-01	0.000000e+00	-2.033784e+03	2.205339e+05
5.164600e-01	2.133618e+05	-3.408042e-02	1.231237e-01	0.000000e+00	-2.702658e+03	2.160645e+05
5.176500e-01	2.144078e+05	-3.422712e-02	1.234266e-01	0.000000e+00	-1.784146e+03	2.161919e+05
5.188400e-01	2.095939e+05	-3.437418e-02	1.237269e-01	0.000000e+00	-2.144425e+03	2.117383e+05
5.200300e-01	2.241461e+05	-3.452159e-02	1.240341e-01	0.000000e+00	-1.614363e+03	2.257604e+05
5.212200e-01	2.046730e+05	-3.466938e-02	1.243377e-01	0.000000e+00	-2.632700e+03	2.073057e+05
5.224100e-01	2.090871e+05	-3.481751e-02	1.246307e-01	0.000000e+00	-2.739198e+03	2.118263e+05
5.236000e-01	2.020624e+05	-3.496600e-02	1.249219e-01	0.000000e+00	-2.238592e+02	2.022863e+05
5.247900e-01	2.092707e+05	-3.511483e-02	1.252132e-01	0.000000e+00	-2.479037e+03	2.117497e+05
5.259800e-01	1.988099e+05	-3.526401e-02	1.255022e-01	0.000000e+00	-3.658322e+03	2.024682e+05
5.271700e-01	2.073655e+05	-3.541352e-02	1.257898e-01	0.000000e+00	-1.641813e+03	2.090073e+05
5.283600e-01	2.018048e+05	-3.556339e-02	1.260796e-01	0.000000e+00	-4.200672e+03	2.060055e+05
5.295500e-01	2.210520e+05	-3.571359e-02	1.263790e-01	0.000000e+00	-1.828328e+03	2.228803e+05
5.307400e-01	2.097915e+05	-3.586417e-02	1.266841e-01	0.000000e+00	-3.412193e+03	2.132037e+05
5.319300e-01	1.994792e+05	-3.601510e-02	1.269740e-01	0.000000e+00	-1.383396e+03	2.008626e+05
5.331200e-01	2.132079e+05	-3.616637e-02	1.272662e-01	0.000000e+00	-2.478350e+03	2.156863e+05
5.343100e-01	2.091652e+05	-3.631799e-02	1.275653e-01	0.000000e+00	-2.923146e+03	2.120883e+05
5.355000e-01	2.157648e+05	-3.646997e-02	1.278663e-01	0.000000e+00	-3.309522e+03	2.190744e+05
5.366900e-01	2.136394e+05	-3.662231e-02	1.281703e-01	0.000000e+00	-3.500562e+03	2.171399e+05
5.378800e-01	2.251678e+05	-3.677502e-02	1.284811e-01	0.000000e+00	-3.413929e+03	2.285817e+05
5.390700e-01	1.957458e+05	-3.692810e-02	1.287792e-01	0.000000e+00	-5.595841e+03	2.013416e+05
5.402600e-01	1.849182e+05	-3.708151e-02	1.290487e-01	0.000000e+00	-5.297892e+03	1.902161e+05
5.414500e-01	2.063877e+05	-3.723524e-02	1.293259e-01	0.000000e+00	-3.703744e+03	2.100914e+05
5.426400e-01	2.096588e+05	-3.738931e-02	1.296205e-01	0.000000e+00	-2.935152e+03	2.125939e+05
5.438300e-01	2.212938e+05	-3.754373e-02	1.299257e-01	0.000000e+00	-1.851833e+03	2.231456e+05
5.450200e-01	1.843573e+05	-3.769853e-02	1.302129e-01	0.000000e+00	-2.883139e+03	1.872405e+05
5.462100e-01	2.007465e+05	-3.785364e-02	1.304857e-01	0.000000e+00	-4.690715e+03	2.054372e+05
5.474000e-01	2.068127e+05	-3.800909e-02	1.307743e-01	0.000000e+00	-4.735698e+03	2.115484e+05
5.485900e-01	2.314805e+05	-3.816488e-02	1.310847e-01	0.000000e+00	-3.555701e+03	2.350362e+05
5.497800e-01	2.229255e+05	-3.832107e-02	1.314065e-01	0.000000e+00	-2.755207e+03	2.256807e+05
5.509700e-01	1.981624e+05	-3.847763e-02	1.317047e-01	0.000000e+00	-3.875439e+03	2.020379e+05
5.521600e-01	2.141818e+05	-3.863453e-02	1.319967e-01	0.000000e+00	-4.591321e+03	2.187731e+05
5.533500e-01	2.206522e+05	-3.879178e-02	1.323046e-01	0.000000e+00	-3.003549e+03	2.236557e+05
5.545400e-01	1.987677e+05	-3.894941e-02	1.326016e-01	0.000000e+00	-4.034204e+03	2.028019e+05
5.557300e-01	2.068218e+05	-3.910737e-02	1.328888e-01	0.000000e+00	-5.445944e+03	2.122677e+05
5.569200e-01	2.030627e+05	-3.926569e-02	1.331791e-01	0.000000e+00	-3.269468e+03	2.063322e+05
5.581100e-01	2.232275e+05	-3.942434e-02	1.334810e-01	0.000000e+00	-1.703250e+03	2.249308e+05
5.593000e-01	2.044592e+05	-3.958337e-02	1.337839e-01	0.000000e+00	-3.034730e+03	2.074939e+05
5.604900e-01	1.940957e+05	-3.974275e-02	1.340661e-01	0.000000e+00	-3.934058e+03	1.980297e+05
5.616800e-01	2.076331e+05	-3.990245e-02	1.343506e-01	0.000000e+00	-3.523575e+03	2.111567e+05
5.628700e-01	2.272602e+05	-4.006250e-02	1.346586e-01	0.000000e+00	-6.592666e+02	2.279195e+05
5.640600e-01	2.077437e+05	-4.022293e-02	1.349666e-01	0.000000e+00	-2.588814e+03	2.103325e+05
5.652500e-01	1.922095e+05	-4.038372e-02	1.352499e-01	0.000000e+00	-5.753766e+03	1.979632e+05
5.664400e-01	1.927791e+05	-4.054483e-02	1.355225e-01	0.000000e+00	-2.769419e+03	1.955485e+05
5.676300e-01	2.001871e+05	-4.070626e-02	1.358008e-01	0.000000e+00	-4.209895e+03	2.043970e+05
5.688200e-01	2.086164e+05	-4.086804e-02	1.360903e-01	0.000000e+00	-2.715877e+03	2.113323e+05
5.700100e-01	2.193474e+05	-4.103016e-02	1.363933e-01	0.000000e+00	-1.396880e+03	2.207443e+05
5.712000e-01	2.109320e+05	-4.119265e-02	1.366981e-01	0.000000e+00	-1.230616e+03	2.121626e+05
5.723900e-01	2.105742e+05	-4.135550e-02	1.369965e-01	0.000000e+00	-3.108803e+03	2.136830e+05
5.735800e-01	2.026081e+05	-4.151870e-02	1.372891e-01	0.000000e+00	-2.164234e+03	2.047723e+05
5.747700e-01	1.977694e+05	-4.168225e-02	1.375727e-01	0.000000e+00	-3.740366e+03	2.015097e+05
5.759600e-01	2.264482e+05	-4.184613e-02	1.378731e-01	0.000000e+00	-2.937420e+03	2.293856e+05
5.771500e-01	2.194768e+05	-4.201039e-02	1.381889e-01	0.000000e+00	-4.038875e+03	2.235156e+05
5.783400e-01	2.069003e+05	-4.217502e-02	1.384908e-01	0.000000e+00	-2.202539e+03	2.091028e+05
5.795300e-01	2.081933e+05	-4.233999e-02	1.387848e-01	0.000000e+00	-3.347188e+03	2.115405e+05
5.807200e-01	2.187604e+05	-4.250532e-02	1.390871e-01	0.000000e+00	-2.828760e+03	2.215892e+05
5.819100e-01	2.086295e+05	-4.267102e-02	1.393898e-01	0.000000e+00	-2.425969e+03	2.110554e+05
5.831000e-01	2.316615e+05	-4.283707e-02	1.397016e-01	0.000000e+00	-1.754138e+03	2.334157e+05
5.842900e-01	2.055215e+05	-4.300351e-02	1.400112e-01	0.000000e+00	-2.384422e+03	2.079059e+05
5.854800e-01	2.096888e+05	-4.317030e-02	1.403052e-01	0.000000e+00	-3.108945e+03	2.127977e+05
5.866700e-01	2.202103e+05	-4.333744e-02	1.406097e-01	0.000000e+00	-2.612499e+03	2.228228e+05
5.878600e-01	2.107226e+05	-4.350495e-02	1.409148e-01	0.000000e+00	-2.759965e+03	2.134826e+05
5.890500e-01	2.071884e+05	-4.367282e-02	1.412108e-01	0.000000e+00	-2.029259e+03	2.092176e+05
5.902400e-01	2.223974e+05	-4.384103e-02	1.415150e-01	0.000000e+00	-2.385746e+03	2.247832e+05
5.914300e-01	2.190786e+05	-4.400962e-02	1.418277e-01	0.000000e+00	-5.097636e+03	2.241762e+05
5.926200e-01	2.152434e+05	-4.417858e-02	1.421352e-01	0.000000e+00	-2.611579e+03	2.178550e+05
5.938100e-01	2.256354e+05	-4.434790e-02	1.424474e-01	0.000000e+00	-3.567851e+03	2.292033e+05
5.950000e-01	2.172718e+05	-4.451761e-02	1.427611e-01	0.000000e+00	-3.997904e+03	2.212698e+05
5.961900e-01	2.140272e+05	-4.468767e-02	1.430665e-01	0.000000e+00	-2.907788e+03	2.169350e+05
5.973800e-01	1.984261e+05	-4.485810e-02	1.433586e-01	0.000000e+00	-1.291164e+03	1.997172e+05
5.985700e-01	2.214322e+05	-4.502887e-02	1.436559e-01	0.000000e+00	-4.703610e+02	2.219026e+05
5.997600e-01	1.989920e+05	-4.520000e-02	1.439537e-01	0.000000e+00	-2.445620e+03	2.014376e+05
6.009500e-01	2.156692e+05	-4.537148e-02	1.442473e-01	0.000000e+00	-5.679683e+03	2.213488e+05
6.021400e-01	2.206077e+05	-4.554331e-02	1.445563e-01	0.000000e+00	-2.614440e+03	2.232222e+05
6.033300e-01	2.138323e+05	-4.571552e-02	1.448639e-01	0.000000e+00	-1.452458e+03	2.152848e+05
6.045200e-01	2.195077e+05	-4.588809e-02	1.451708e-01	0.000000e+00	-2.984701e+03	2.224924e+05
6.057100e-01	2.080713e+05	-4.606103e-02	1.454736e-01	0.000000e+00	-1.860960e+03	2.099323e+05
6.069000e-01	1.989735e+05	-4.623432e-02	1.457618e-01	0.000000e+00	-2.464991e+03	2.014385e+05
6.080900e-01	2.131476e+05	-4.640794e-02	1.460537e-01	0.000000e+00	-2.128441e+03	2.152760e+05
6.092800e-01	2.116584e+05	-4.658192e-02	1.463545e-01	0.000000e+00	-2.955196e+03	2.146136e+05
6.104700e-01	2.292871e+05	-4.675626e-02	1.466668e-01	0.000000e+00	-2.035148e+03	2.313222e+05
6.116600e-01	2.022793e+05	-4.693099e-02	1.469724e-01	0.000000e+00	-2.948682e+03	2.052280e+05
6.128500e-01	2.180427e+05	-4.710606e-02	1.472701e-01	0.000000e+00	-3.396736e+03	2.214394e+05
6.140400e-01	2.052984e+05	-4.728149e-02	1.475699e-01	0.000000e+00	-3.169938e+03	2.084683e+05
6.152300e-01	1.973191e+05	-4.745728e-02	1.478550e-01	0.000000e+00	-3.854403e+03	2.011735e+05
6.164200e-01	2.136658e+05	-4.763339e-02	1.481460e-01	0.000000e+00	-9.202672e+02	2.145861e+05
6.176100e-01	2.171058e+05	-4.780986e-02	1.484511e-01	0.000000e+00	-2.621313e+03	2.197271e+05
6.188000e-01	2.077395e+05	-4.798670e-02	1.487519e-01	0.000000e+00	-1.571000e+03	2.093105e+05
6.199900e-01	1.990089e+05	-4.816389e-02	1.490400e-01	0.000000e+00	-1.584336e+03	2.005933e+05
6.211800e-01	2.099002e+05	-4.834142e-02	1.493296e-01	0.000000e+00	-2.070379e+03	2.119706e+05
6.223700e-01	2.186606e+05	-4.851930e-02	1.496331e-01	0.000000e+00	-2.183120e+03	2.208437e+05
6.235600e-01	2.017263e+05	-4.869754e-02	1.499308e-01	0.000000e+00	-3.386141e+03	2.051125e+05
6.247500e-01	1.977939e+05	-4.887613e-02	1.502137e-01	0.000000e+00	-2.304109e+03	2.000980e+05
6.259400e-01	2.123552e+05	-4.905505e-02	1.505041e-01	0.000000e+00	-2.253134e+03	2.146083e+05
6.271300e-01	2.320269e+05	-4.923433e-02	1.508188e-01	0.000000e+00	-4.630231e+02	2.324900e+05
6.283200e-01	2.227340e+05	-4.941400e-02	1.511409e-01	0.000000e+00	-2.303571e+03	2.250376e+05
6.295100e-01	2.274486e+05	-4.959405e-02	1.514597e-01	0.000000e+00	-3.107072e+03	2.305557e+05
6.307000e-01	2.227489e+05	-4.977448e-02	1.517785e-01	0.000000e+00	-3.749947e+03	2.264989e+05
6.318900e-01	2.173582e+05	-4.995528e-02	1.520902e-01	0.000000e+00	-1.677755e+03	2.190360e+05
6.330800e-01	2.135899e+05	-5.013645e-02	1.523954e-01	0.000000e+00	-2.779424e+03	2.163694e+05
6.342700e-01	2.270152e+05	-5.031798e-02	1.527074e-01	0.000000e+00	-1.327234e+03	2.283424e+05
6.354600e-01	2.070782e+05	-5.049989e-02	1.530148e-01	0.000000e+00	-2.954382e+03	2.100326e+05
6.366500e-01	2.163772e+05	-5.068216e-02	1.533147e-01	0.000000e+00	-3.013718e+03	2.193909e+05
6.378400e-01	2.254162e+05	-5.086478e-02	1.536275e-01	0.000000e+00	-1.450993e+03	2.268671e+05
6.390300e-01	2.162968e+05	-5.104779e-02	1.539403e-01	0.000000e+00	-1.004383e+03	2.173012e+05
6.402200e-01	2.167451e+05	-5.123116e-02	1.542470e-01	0.000000e+00	-5.095782e+02	2.172546e+05
6.414100e-01	2.277773e+05	-5.141490e-02	1.545618e-01	0.000000e+00	-1.390354e+03	2.291676e+05
6.426000e-01	2.170331e+05	-5.159902e-02	1.548768e-01	0.000000e+00	-2.475659e+03	2.195088e+05
6.437900e-01	2.106793e+05	-5.178350e-02	1.551797e-01	0.000000e+00	-4.051001e+03	2.147303e+05
6.449800e-01	1.921115e+05	-5.196835e-02	1.554649e-01	0.000000e+00	-3.168985e+03	1.952804e+05
6.461700e-01	2.140727e+05	-5.215351e-02	1.557526e-01	0.000000e+00	-2.443999e+03	2.165167e+05
6.473600e-01	2.184456e+05	-5.233904e-02	1.560589e-01	0.000000e+00	-2.346562e+03	2.207922e+05
6.485500e-01	2.131631e+05	-5.252493e-02	1.563645e-01	0.000000e+00	-2.869514e+03	2.160326e+05
6.497400e-01	2.160517e+05	-5.271118e-02	1.566685e-01	0.000000e+00	-5.834192e+02	2.166351e+05
6.509300e-01	2.012015e+05	-5.289780e-02	1.569639e-01	0.000000e+00	-1.816194e+03	2.030177e+05
6.521200e-01	2.003307e+05	-5.308476e-02	1.572483e-01	0.000000e+00	-6.190498e+02	2.009497e+05
6.533100e-01	2.008920e+05	-5.327205e-02	1.575324e-01	0.000000e+00	-1.442652e+03	2.023347e+05
6.545000e-01	2.021418e+05	-5.345969e-02	1.578178e-01	0.000000e+00	-4.754062e+03	2.068959e+05
6.556900e-01	2.097417e+05	-5.364766e-02	1.581095e-01	0.000000e+00	-3.671923e+03	2.134136e+05
6.568800e-01	2.207375e+05	-5.383599e-02	1.584144e-01	0.000000e+00	-4.440889e+03	2.251784e+05
6.580700e-01	2.189323e+05	-5.402469e-02	1.587257e-01	0.000000e+00	-1.565432e+03	2.204977e+05
6.592600e-01	2.092260e+05	-5.421375e-02	1.590289e-01	0.000000e+00	-2.108212e+03	2.113342e+05
6.604500e-01	2.232968e+05	-5.440317e-02	1.593352e-01	0.000000e+00	-1.094890e+03	2.243917e+05
6.616400e-01	2.250450e+05	-5.459297e-02	1.596527e-01	0.000000e+00	-2.158984e+03	2.272040e+05
6.628300e-01	2.087605e+05	-5.478315e-02	1.599599e-01	0.000000e+00	-3.696567e+03	2.124571e+05
6.640200e-01	2.113985e+05	-5.497368e-02	1.602575e-01	0.000000e+00	-3.664448e+03	2.150630e+05
6.652100e-01	2.267127e+05	-5.516456e-02	1.605677e-01	0.000000e+00	-2.404408e+03	2.291171e+05
6.664000e-01	2.162042e+05	-5.535583e-02	1.608814e-01	0.000000e+00	-1.656171e+03	2.178604e+05
6.675900e-01	2.217260e+05	-5.554746e-02	1.611915e-01	0.000000e+00	-5.354493e+02	2.222614e+05
6.687800e-01	2.130243e+05	-5.573946e-02	1.614994e-01	0.000000e+00	-6.793103e+02	2.137036e+05
6.699700e-01	2.056986e+05	-5.593183e-02	1.617959e-01	0.000000e+00	-1.701784e+03	2.074004e+05
6.711600e-01	2.117726e+05	-5.612454e-02	1.620916e-01	0.000000e+00	-4.691997e+03	2.164646e+05
6.723500e-01	2.110738e+05	-5.631761e-02	1.623910e-01	0.000000e+00	-3.749067e+03	2.148229e+05
6.735400e-01	2.155639e+05	-5.651103e-02	1.626931e-01	0.000000e+00	-2.399570e+03	2.179635e+05
6.747300e-01	2.216483e+05	-5.670481e-02	1.630028e-01	0.000000e+00	-1.302876e+03	2.229511e+05
6.759200e-01	2.139807e+05	-5.689897e-02	1.633113e-01	0.000000e+00	-2.152617e+03	2.161333e+05
6.771100e-01	2.139419e+05	-5.709350e-02	1.636143e-01	0.000000e+00	-1.295015e+02	2.140714e+05
6.783000e-01	2.139984e+05	-5.728838e-02	1.639173e-01	0.000000e+00	-4.018510e+02	2.144003e+05
6.794900e-01	2.383769e+05	-5.748362e-02	1.642377e-01	0.000000e+00	-2.684863e+03	2.410618e+05
6.806800e-01	2.238582e+05	-5.767926e-02	1.645650e-01	0.000000e+00	-8.124985e+02	2.246707e+05
6.818700e-01	2.187688e+05	-5.787528e-02	1.648785e-01	0.000000e+00	-2.855403e+03	2.216242e+05
6.830600e-01	2.106220e+05	-5.807167e-02	1.651826e-01	0.000000e+00	-2.251879e+03	2.128739e+05
6.842500e-01	2.161931e+05	-5.826842e-02	1.654848e-01	0.000000e+00	-1.058573e+03	2.172517e+05
6.854400e-01	2.299023e+05	-5.846553e-02	1.658007e-01	0.000000e+00	-1.272769e+03	2.311751e+05
6.866300e-01	2.135709e+05	-5.866302e-02	1.661148e-01	0.000000e+00	-2.749184e+03	2.163201e+05
6.878200e-01	2.199685e+05	-5.886088e-02	1.664218e-01	0.000000e+00	-1.752869e+03	2.217214e+05
6.890100e-01	2.372124e+05	-5.905911e-02	1.667456e-01	0.000000e+00	-2.068977e+03	2.392814e+05
6.902000e-01	2.065132e+05	-5.925774e-02	1.670598e-01	0.000000e+00	-2.454179e+03	2.089674e+05
6.913900e-01	2.296057e+05	-5.945671e-02	1.673686e-01	0.000000e+00	-1.949664e+03	2.315554e+05
6.925800e-01	1.935123e+05	-5.965607e-02	1.676683e-01	0.000000e+00	-9.724375e+02	1.944847e+05
6.937700e-01	2.212826e+05	-5.985576e-02	1.679620e-01	0.000000e+00	-3.315718e+03	2.245983e+05
6.949600e-01	2.260474e+05	-6.005582e-02	1.682788e-01	0.000000e+00	-2.170375e+03	2.282178e+05
6.961500e-01	2.176207e+05	-6.025626e-02	1.685930e-01	0.000000e+00	-1.144953e+03	2.187657e+05
6.973400e-01	2.098182e+05	-6.045707e-02	1.688957e-01	0.000000e+00	-2.221765e+03	2.120400e+05
6.985300e-01	2.181889e+05	-6.065824e-02	1.691988e-01	0.000000e+00	-2.135254e+03	2.203242e+05
6.997200e-01	2.314291e+05	-6.085977e-02	1.695172e-01	0.000000e+00	-2.574760e+03	2.340038e+05
7.009100e-01	2.116437e+05	-6.106169e-02	1.698310e-01	0.000000e+00	-4.023129e+03	2.156669e+05
7.021000e-01	2.286732e+05	-6.126396e-02	1.701428e-01	0.000000e+00	-3.053694e+02	2.289785e+05
7.032900e-01	2.284157e+05	-6.146663e-02	1.704665e-01	0.000000e+00	-1.412580e+03	2.298282e+05
7.044800e-01	2.326029e+05	-6.166967e-02	1.707930e-01	0.000000e+00	-6.317014e+02	2.332346e+05
7.056700e-01	2.260652e+05	-6.187311e-02	1.711178e-01	0.000000e+00	-1.924456e+03	2.279897e+05
7.068600e-01	2.254016e+05	-6.207693e-02	1.714375e-01	0.000000e+00	-2.329434e+02	2.256346e+05
7.080500e-01	2.216442e+05	-6.228114e-02	1.717541e-01	0.000000e+00	0.000000e+00	2.216442e+05
7.092400e-01	2.200208e+05	-6.248571e-02	1.720668e-01	0.000000e+00	-3.036668e+03	2.230575e+05
7.104300e-01	2.301060e+05	-6.269065e-02	1.723856e-01	0.000000e+00	-2.612641e+03	2.327187e+05
7.116200e-01	2.322898e+05	-6.289599e-02	1.727130e-01	0.000000e+00	-2.163990e+03	2.344538e+05
7.128100e-01	2.017551e+05	-6.310171e-02	1.730204e-01	0.000000e+00	-1.601493e+03	2.033566e+05
7.140000e-01	2.191743e+05	-6.330778e-02	1.733185e-01	0.000000e+00	-3.448134e+03	2.226225e+05
7.151900e-01	2.158886e+05	-6.351421e-02	1.736266e-01	0.000000e+00	-2.672279e+03	2.185609e+05
7.163800e-01	2.120907e+05	-6.372101e-02	1.739297e-01	0.000000e+00	-1.342848e+03	2.134335e+05
7.175700e-01	2.204795e+05	-6.392816e-02	1.742360e-01	0.000000e+00	-2.399841e+03	2.228794e+05
7.187600e-01	2.072867e+05	-6.413569e-02	1.745389e-01	0.000000e+00	-3.293093e+03	2.105798e+05
7.199500e-01	2.284509e+05	-6.434356e-02	1.748475e-01	0.000000e+00	-2.728879e+03	2.311797e+05
7.211400e-01	2.271863e+05	-6.455183e-02	1.751702e-01	0.000000e+00	-1.877320e+03	2.290636e+05
7.223300e-01	2.532733e+05	-6.476047e-02	1.755104e-01	0.000000e+00	-7.839723e+02	2.540573e+05
7.235200e-01	2.560947e+05	-6.496954e-02	1.758711e-01	0.000000e+00	-2.117438e+03	2.582122e+05
7.247100e-01	2.081510e+05	-6.517904e-02	1.761999e-01	0.000000e+00	-2.553845e+03	2.107049e+05
7.259000e-01	2.244185e+05	-6.538890e-02	1.765062e-01	0.000000e+00	-1.746885e+03	2.261653e+05
7.270900e-01	2.238970e+05	-6.559913e-02	1.768237e-01	0.000000e+00	-3.337690e+03	2.272347e+05
7.282800e-01	2.285951e+05	-6.580974e-02	1.771442e-01	0.000000e+00	-2.209475e+03	2.308046e+05
7.294700e-01	2.273027e+05	-6.602073e-02	1.774670e-01	0.000000e+00	-3.178359e+03	2.304811e+05
7.306600e-01	2.102873e+05	-6.623211e-02	1.777769e-01	0.000000e+00	-2.134357e+03	2.124216e+05
7.318500e-01	2.213932e+05	-6.644384e-02	1.780826e-01	0.000000e+00	-1.819617e+03	2.232128e+05
7.330400e-01	2.250251e+05	-6.665594e-02	1.783987e-01	0.000000e+00	-4.506970e+02	2.254758e+05
7.342300e-01	2.230681e+05	-6.686843e-02	1.787161e-01	0.000000e+00	-1.850549e+03	2.249186e+05
7.354200e-01	2.154067e+05	-6.708129e-02	1.790266e-01	0.000000e+00	-1.549936e+03	2.169566e+05
7.366100e-01	2.133541e+05	-6.729451e-02	1.793302e-01	0.000000e+00	-3.495072e+03	2.168491e+05
7.378000e-01	2.222079e+05	-6.750809e-02	1.796387e-01	0.000000e+00	-3.109468e+03	2.253174e+05
7.389900e-01	2.203765e+05	-6.772205e-02	1.799521e-01	0.000000e+00	-2.149320e+03	2.225259e+05
7.401800e-01	2.071518e+05	-6.793638e-02	1.802548e-01	0.000000e+00	-1.650935e+03	2.088027e+05
7.413700e-01	2.081142e+05	-6.815106e-02	1.805489e-01	0.000000e+00	-2.302052e+03	2.104163e+05
7.425600e-01	2.212819e+05	-6.836609e-02	1.808530e-01	0.000000e+00	-8.552486e+02	2.221372e+05
7.437500e-01	2.371231e+05	-6.858149e-02	1.811776e-01	0.000000e+00	-2.337817e+02	2.373569e+05
7.449400e-01	2.256600e+05	-6.879729e-02	1.815054e-01	0.000000e+00	-8.278554e+02	2.264879e+05
7.461300e-01	2.153202e+05	-6.901347e-02	1.818176e-01	0.000000e+00	-1.578083e+02	2.154780e+05
7.473200e-01	2.131560e+05	-6.923002e-02	1.821211e-01	0.000000e+00	-1.535345e+03	2.146914e+05
7.485100e-01	2.222503e+05	-6.944692e-02	1.824294e-01	0.000000e+00	0.000000e+00	2.222503e+05
7.497000e-01	2.444668e+05	-6.966420e-02	1.827599e-01	0.000000e+00	0.000000e+00	2.444668e+05
7.508900e-01	2.344705e+05	-6.988189e-02	1.830991e-01	0.000000e+00	-3.823474e+02	2.348529e+05
7.520800e-01	2.128033e+05	-7.009997e-02	1.834158e-01	0.000000e+00	-3.149546e+03	2.159528e+05
7.532700e-01	1.978945e+05	-7.031842e-02	1.837067e-01	0.000000e+00	-1.510123e+03	1.994046e+05
7.544600e-01	2.215695e+05	-7.053720e-02	1.840037e-01	0.000000e+00	-2.316429e+03	2.238860e+05
7.556500e-01	2.420808e+05	-7.075635e-02	1.843321e-01	0.000000e+00	-2.221838e+03	2.443026e+05
7.568400e-01	2.127648e+05	-7.097591e-02	1.846542e-01	0.000000e+00	-1.430066e+03	2.141948e+05
7.580300e-01	2.055968e+05	-7.119582e-02	1.849504e-01	0.000000e+00	-1.594693e+03	2.071915e+05
7.592200e-01	2.248334e+05	-7.141609e-02	1.852553e-01	0.000000e+00	-4.787599e+02	2.253121e+05
7.604100e-01	2.341769e+05	-7.163673e-02	1.855803e-01	0.000000e+00	-2.896016e+03	2.370729e+05
7.616000e-01	2.244091e+05	-7.185777e-02	1.859051e-01	0.000000e+00	-4.481021e+03	2.288901e+05
7.627900e-01	2.284312e+05	-7.207919e-02	1.862257e-01	0.000000e+00	-3.096029e+03	2.315272e+05
7.639800e-01	2.124346e+05	-7.230099e-02	1.865380e-01	0.000000e+00	-1.410582e+03	2.138452e+05
7.651700e-01	2.336848e+05	-7.252315e-02	1.868539e-01	0.000000e+00	-1.722080e+03	2.354069e+05
7.663600e-01	2.324192e+05	-7.274570e-02	1.871840e-01	0.000000e+00	-3.384884e+03	2.358041e+05
7.675500e-01	2.280388e+05	-7.296864e-02	1.875100e-01	0.000000e+00	-3.258767e+03	2.312975e+05
7.687400e-01	1.956489e+05	-7.319197e-02	1.878101e-01	0.000000e+00	-4.284277e+03	1.999332e+05
7.699300e-01	1.936243e+05	-7.341563e-02	1.880857e-01	0.000000e+00	-3.537033e+03	1.971613e+05
7.711200e-01	2.130717e+05	-7.363962e-02	1.883738e-01	0.000000e+00	-2.921588e+03	2.159933e+05
7.723100e-01	2.389841e+05	-7.386396e-02	1.886939e-01	0.000000e+00	-7.869866e+02	2.397711e+05
7.735000e-01	2.407909e+05	-7.408871e-02	1.890336e-01	0.000000e+00	-2.822701e+03	2.436136e+05
7.746900e-01	2.256135e+05	-7.431386e-02	1.893639e-01	0.000000e+00	-2.348372e+03	2.279619e+05
7.758800e-01	2.046429e+05	-7.453939e-02	1.896686e-01	0.000000e+00	-1.937881e+03	2.065808e+05
7.770700e-01	2.110814e+05	-7.476527e-02	1.899630e-01	0.000000e+00	-1.618731e+03	2.127001e+05
7.782600e-01	2.149294e+05	-7.499151e-02	1.902647e-01	0.000000e+00	-1.844247e+03	2.167736e+05
7.794500e-01	2.063877e+05	-7.521810e-02	1.905631e-01	0.000000e+00	-1.903187e+03	2.082909e+05
7.806400e-01	2.185225e+05	-7.544505e-02	1.908640e-01	0.000000e+00	-6.691156e+02	2.191916e+05
7.818300e-01	2.468768e+05	-7.567236e-02	1.911936e-01	0.000000e+00	-2.052118e+03	2.489289e+05
7.830200e-01	2.408764e+05	-7.590009e-02	1.915390e-01	0.000000e+00	-2.838115e+03	2.437145e+05
7.842100e-01	2.397425e+05	-7.612822e-02	1.918793e-01	0.000000e+00	-3.581034e+03	2.433235e+05
7.854000e-01	2.148703e+05	-7.635676e-02	1.922013e-01	0.000000e+00	-1.239810e+03	2.161101e+05
7.865900e-01	2.088415e+05	-7.658566e-02	1.925013e-01	0.000000e+00	-8.607563e+02	2.097023e+05
7.877800e-01	2.231710e+05	-7.681491e-02	1.928073e-01	0.000000e+00	-1.168766e+03	2.243398e+05
7.889700e-01	2.214341e+05	-7.704454e-02	1.931221e-01	0.000000e+00	-1.266417e+03	2.227005e+05
7.901600e-01	2.297869e+05	-7.727454e-02	1.934417e-01	0.000000e+00	-1.317173e+03	2.311040e+05
7.913500e-01	2.230700e+05	-7.750493e-02	1.937624e-01	0.000000e+00	-2.742794e+03	2.258128e+05
7.925400e-01	2.341218e+05	-7.773570e-02	1.940861e-01	0.000000e+00	-3.076977e+03	2.371987e+05
7.937300e-01	2.115763e+05	-7.796686e-02	1.944018e-01	0.000000e+00	-8.544079e+02	2.124307e+05
7.949200e-01	2.102694e+05	-7.819837e-02	1.947005e-01	0.000000e+00	-1.312991e+03	2.115824e+05
7.961100e-01	2.298106e+05	-7.843025e-02	1.950121e-01	0.000000e+00	-1.584670e+03	2.313953e+05
7.973000e-01	2.233270e+05	-7.866250e-02	1.953330e-01	0.000000e+00	-2.198238e+03	2.255252e+05
7.984900e-01	2.088444e+05	-7.889514e-02	1.956391e-01	0.000000e+00	-2.227820e+03	2.110722e+05
7.996800e-01	2.377317e+05	-7.912812e-02	1.959553e-01	0.000000e+00	-2.297508e+03	2.400293e+05
8.008700e-01	2.249990e+05	-7.936151e-02	1.962830e-01	0.000000e+00	-1.775999e+03	2.267750e+05
8.020600e-01	2.099571e+05	-7.959528e-02	1.965910e-01	0.000000e+00	-5.887287e+02	2.105459e+05
8.032500e-01	2.233401e+05	-7.982940e-02	1.968979e-01	0.000000e+00	-1.247313e+03	2.245874e+05
8.044400e-01	2.093349e+05	-8.006389e-02	1.972043e-01	0.000000e+00	-1.944583e+03	2.112795e+05
8.056300e-01	2.001690e+05	-8.029874e-02	1.974943e-01	0.000000e+00	-3.388995e+03	2.035580e+05
8.068200e-01	2.109679e+05	-8.053393e-02	1.977854e-01	0.000000e+00	-2.375254e+03	2.133431e+05
8.080100e-01	2.087369e+05	-8.076947e-02	1.980827e-01	0.000000e+00	-8.925660e+02	2.096295e+05
8.092000e-01	2.209203e+05	-8.100537e-02	1.983869e-01	0.000000e+00	-8.371008e+02	2.217574e+05
8.103900e-01	2.245734e+05	-8.124163e-02	1.987024e-01	0.000000e+00	-1.195225e+03	2.257687e+05
8.115800e-01	2.375080e+05	-8.147828e-02	1.990296e-01	0.000000e+00	-2.365288e+03	2.398733e+05
8.127700e-01	2.270152e+05	-8.171533e-02	1.993586e-01	0.000000e+00	-2.891519e+03	2.299067e+05
8.139600e-01	2.031376e+05	-8.195275e-02	1.996632e-01	0.000000e+00	-1.122935e+03	2.042605e+05
8.151500e-01	2.156097e+05	-8.219052e-02	1.999598e-01	0.000000e+00	-1.548281e+03	2.171580e+05
8.163400e-01	2.145328e+05	-8.242866e-02	2.002644e-01	0.000000e+00	-1.487459e+03	2.160202e+05
8.175300e-01	2.243549e+05	-8.266715e-02	2.005752e-01	0.000000e+00	-2.753081e+03	2.271080e+05
8.187200e-01	2.246638e+05	-8.290603e-02	2.008932e-01	0.000000e+00	-1.598219e+03	2.262621e+05
8.199100e-01	2.357818e+05	-8.314528e-02	2.012192e-01	0.000000e+00	-6.115005e+02	2.363933e+05
8.211000e-01	2.114772e+05	-8.338493e-02	2.015360e-01	0.000000e+00	-2.620610e+03	2.140978e+05
8.222900e-01	2.340019e+05	-8.362493e-02	2.018514e-01	0.000000e+00	-1.880140e+03	2.358821e+05
8.234800e-01	2.267603e+05	-8.386533e-02	2.021777e-01	0.000000e+00	-7.031106e+02	2.274634e+05
8.246700e-01	2.285352e+05	-8.410612e-02	2.025002e-01	0.000000e+00	-2.125468e+03	2.306607e+05
8.258600e-01	2.216666e+05	-8.434728e-02	2.028190e-01	0.000000e+00	-6.298101e+02	2.222964e+05
8.270500e-01	2.261908e+05	-8.458883e-02	2.031361e-01	0.000000e+00	-5.875378e+02	2.267783e+05
8.282400e-01	2.162064e+05	-8.483075e-02	2.034494e-01	0.000000e+00	-1.574829e+03	2.177812e+05
8.294300e-01	2.419577e+05	-8.507304e-02	2.037739e-01	0.000000e+00	-2.692320e+03	2.446500e+05
8.306200e-01	2.197810e+05	-8.531573e-02	2.041009e-01	0.000000e+00	-1.868003e+03	2.216490e+05
8.318100e-01	2.316460e+05	-8.555880e-02	2.044205e-01	0.000000e+00	-1.976403e+03	2.336224e+05
8.330000e-01	2.119489e+05	-8.580225e-02	2.047347e-01	0.000000e+00	-5.446055e+02	2.124935e+05
8.341900e-01	2.033721e+05	-8.604606e-02	2.050288e-01	0.000000e+00	0.000000e+00	2.033721e+05
8.353800e-01	2.194306e+05	-8.629022e-02	2.053282e-01	0.000000e+00	-2.730327e+02	2.197036e+05
8.365700e-01	2.274333e+05	-8.653475e-02	2.056447e-01	0.000000e+00	-9.987744e+02	2.284321e+05
8.377600e-01	2.191658e+05	-8.677965e-02	2.059609e-01	0.000000e+00	-1.083805e+03	2.202496e+05
8.389500e-01	2.228228e+05	-8.702493e-02	2.062739e-01	0.000000e+00	-1.337894e+03	2.241607e+05
8.401400e-01	2.057544e+05	-8.727059e-02	2.065774e-01	0.000000e+00	-2.611230e+03	2.083656e+05
8.413300e-01	2.152072e+05	-8.751659e-02	2.068755e-01	0.000000e+00	-1.866291e+03	2.170735e+05
8.425200e-01	2.177448e+05	-8.776295e-02	2.071821e-01	0.000000e+00	-1.178487e+03	2.189233e+05
8.437100e-01	2.116071e+05	-8.800968e-02	2.074862e-01	0.000000e+00	-2.797795e+03	2.144049e+05
8.449000e-01	2.300629e+05	-8.825677e-02	2.077990e-01	0.000000e+00	-2.209455e+03	2.322724e+05
8.460900e-01	2.254310e+05	-8.850424e-02	2.081215e-01	0.000000e+00	-8.065389e+02	2.262375e+05
8.472800e-01	2.210318e+05	-8.875210e-02	2.084377e-01	0.000000e+00	-1.859311e+03	2.228911e+05
8.484700e-01	2.564856e+05	-8.900032e-02	2.087759e-01	0.000000e+00	-1.523166e+03	2.580088e+05
8.496600e-01	2.278280e+05	-8.924898e-02	2.091188e-01	0.000000e+00	-1.902405e+03	2.297304e+05
8.508500e-01	2.209970e+05	-8.949803e-02	2.094367e-01	0.000000e+00	-1.376476e+03	2.223735e+05
8.520400e-01	2.224624e+05	-8.974744e-02	2.097507e-01	0.000000e+00	-1.980432e+03	2.244428e+05
8.532300e-01	2.207830e+05	-8.999723e-02	2.100646e-01	0.000000e+00	-5.646540e+02	2.213477e+05
8.544200e-01	2.244009e+05	-9.024740e-02	2.103799e-01	0.000000e+00	-9.735263e+02	2.253744e+05
8.556100e-01	2.196484e+05	-9.049794e-02	2.106943e-01	0.000000e+00	-2.042526e+03	2.216910e+05
8.568000e-01	2.292379e+05	-9.074885e-02	2.110122e-01	0.000000e+00	-1.423770e+03	2.306617e+05
8.579900e-01	2.141632e+05	-9.100015e-02	2.113262e-01	0.000000e+00	-6.021946e+02	2.147654e+05
8.591800e-01	2.271972e+05	-9.125181e-02	2.116388e-01	0.000000e+00	-1.171740e+03	2.283689e+05
8.603700e-01	2.294548e+05	-9.150385e-02	2.119622e-01	0.000000e+00	-5.089324e+02	2.299637e+05
8.615600e-01	2.144194e+05	-9.175628e-02	2.122765e-01	0.000000e+00	-1.038801e+03	2.154582e+05
8.627500e-01	2.117117e+05	-9.200906e-02	2.125783e-01	0.000000e+00	-1.860513e+03	2.135722e+05
8.639400e-01	2.151820e+05	-9.226221e-02	2.128806e-01	0.000000e+00	-1.606766e+03	2.167888e+05
8.651300e-01	2.257635e+05	-9.251572e-02	2.131928e-01	0.000000e+00	-1.360811e+03	2.271243e+05
8.663200e-01	2.071312e+05	-9.276961e-02	2.134994e-01	0.000000e+00	-9.138323e+02	2.080451e+05
8.675100e-01	2.329521e+05	-9.302385e-02	2.138111e-01	0.000000e+00	-1.328360e+03	2.342805e+05
8.687000e-01	2.595892e+05	-9.327848e-02	2.141599e-01	0.000000e+00	-3.697544e+03	2.632868e+05
8.698900e-01	2.379809e+05	-9.353355e-02	2.145122e-01	0.000000e+00	-3.432960e+03	2.414139e+05
8.710800e-01	2.255812e+05	-9.378902e-02	2.148405e-01	0.000000e+00	-1.801333e+03	2.273826e+05
8.722700e-01	2.276942e+05	-9.404487e-02	2.151615e-01	0.000000e+00	-1.727531e+03	2.294217e+05
8.734600e-01	2.283157e+05	-9.430110e-02	2.154844e-01	0.000000e+00	-1.301937e+03	2.296176e+05
8.746500e-01	2.429503e+05	-9.455772e-02	2.158182e-01	0.000000e+00	-9.380143e+02	2.438883e+05
8.758400e-01	2.187828e+05	-9.481475e-02	2.161451e-01	0.000000e+00	-2.701391e+03	2.214842e+05
8.770300e-01	2.375526e+05	-9.507215e-02	2.164683e-01	0.000000e+00	-2.119899e+03	2.396725e+05
8.782200e-01	2.298764e+05	-9.532995e-02	2.167993e-01	0.000000e+00	-3.023512e+03	2.328999e+05
8.794100e-01	2.470492e+05	-9.558813e-02	2.171371e-01	0.000000e+00	-2.637980e+03	2.496872e+05
8.806000e-01	2.301579e+05	-9.584673e-02	2.174750e-01	0.000000e+00	-1.391388e+03	2.315493e+05
8.817900e-01	2.192253e+05	-9.610572e-02	2.177932e-01	0.000000e+00	-1.869487e+03	2.210948e+05
8.829800e-01	2.480494e+05	-9.636508e-02	2.181241e-01	0.000000e+00	-2.163136e+03	2.502125e+05
8.841700e-01	2.081430e+05	-9.662486e-02	2.184472e-01	0.000000e+00	-3.008032e+03	2.111510e+05
8.853600e-01	2.205532e+05	-9.688498e-02	2.187508e-01	0.000000e+00	-8.381787e+02	2.213914e+05
8.865500e-01	2.163998e+05	-9.714548e-02	2.190602e-01	0.000000e+00	-1.666182e+03	2.180659e+05
8.877400e-01	2.274725e+05	-9.740635e-02	2.193746e-01	0.000000e+00	-5.061045e+02	2.279786e+05
8.889300e-01	2.187996e+05	-9.766760e-02	2.196906e-01	0.000000e+00	-1.410266e+03	2.202098e+05
8.901200e-01	2.415660e+05	-9.792921e-02	2.200166e-01	0.000000e+00	-1.034192e+03	2.426002e+05
8.913100e-01	2.240924e+05	-9.819123e-02	2.203464e-01	0.000000e+00	0.000000e+00	2.240924e+05
8.925000e-01	2.131675e+05	-9.845364e-02	2.206560e-01	0.000000e+00	-1.378219e+03	2.145457e+05
8.936900e-01	2.203649e+05	-9.871640e-02	2.209630e-01	0.000000e+00	-2.692743e+03	2.230577e+05
8.948800e-01	2.281059e+05	-9.897953e-02	2.212806e-01	0.000000e+00	-3.105451e+03	2.312114e+05
8.960700e-01	2.164178e+05	-9.924304e-02	2.215954e-01	0.000000e+00	-1.605846e+03	2.180236e+05
8.972600e-01	2.218759e+05	-9.950692e-02	2.219058e-01	0.000000e+00	-5.797539e+02	2.224556e+05
8.984500e-01	2.149906e+05	-9.977118e-02	2.222152e-01	0.000000e+00	-7.220213e+02	2.157127e+05
8.996400e-01	2.219820e+05	-1.000358e-01	2.225246e-01	0.000000e+00	-1.436015e+03	2.234180e+05
9.008300e-01	2.462908e+05	-1.003008e-01	2.228562e-01	0.000000e+00	-1.235590e+03	2.475264e+05
9.020200e-01	2.347361e+05	-1.005662e-01	2.231969e-01	0.000000e+00	-1.995394e+03	2.367315e+05
9.032100e-01	2.325814e+05	-1.008320e-01	2.235278e-01	0.000000e+00	-2.128319e+03	2.347097e+05
9.044000e-01	2.480277e+05	-1.010982e-01	2.238682e-01	0.000000e+00	-7.677072e+02	2.487954e+05
9.055900e-01	2.510085e+05	-1.013648e-01	2.242216e-01	0.000000e+00	-2.732738e+02	2.512818e+05
9.067800e-01	2.113033e+05	-1.016318e-01	2.245490e-01	0.000000e+00	-1.996059e+03	2.132993e+05
9.079700e-01	1.977696e+05	-1.018992e-01	2.248387e-01	0.000000e+00	-1.249486e+03	1.990191e+05
9.091600e-01	1.996633e+05	-1.021670e-01	2.251201e-01	0.000000e+00	-2.353624e+03	2.020170e+05
9.103500e-01	2.281844e+05	-1.024350e-01	2.254231e-01	0.000000e+00	-1.353974e+03	2.295384e+05
9.115400e-01	2.143974e+05	-1.027035e-01	2.257365e-01	0.000000e+00	-3.366086e+02	2.147340e+05
9.127300e-01	2.238093e+05	-1.029723e-01	2.260468e-01	0.000000e+00	-5.196324e+02	2.243290e+05
9.139200e-01	2.351135e+05	-1.032415e-01	2.263718e-01	0.000000e+00	-9.532457e+02	2.360668e+05
9.151100e-01	2.311776e+05	-1.035110e-01	2.267020e-01	0.000000e+00	-2.460785e+03	2.336383e+05
9.163000e-01	2.420551e+05	-1.037810e-01	2.270372e-01	0.000000e+00	-2.680179e+02	2.423231e+05
9.174900e-01	2.307375e+05	-1.040514e-01	2.273720e-01	0.000000e+00	-1.061206e+03	2.317987e+05
9.186800e-01	2.105059e+05	-1.043221e-01	2.276845e-01	0.000000e+00	-7.471195e+02	2.112530e+05
9.198700e-01	2.502049e+05	-1.045933e-01	2.280107e-01	0.000000e+00	-2.198286e+03	2.524032e+05
9.210600e-01	2.321338e+05	-1.048648e-01	2.283523e-01	0.000000e+00	-7.792900e+02	2.329131e+05
9.222500e-01	2.328379e+05	-1.051367e-01	2.286816e-01	0.000000e+00	-1.828025e+03	2.346659e+05
9.234400e-01	2.300314e+05	-1.054091e-01	2.290094e-01	0.000000e+00	-7.534273e+02	2.307848e+05
9.246300e-01	2.114107e+05	-1.056818e-01	2.293220e-01	0.000000e+00	-2.805602e+02	2.116912e+05
9.258200e-01	2.140697e+05	-1.059549e-01	2.296233e-01	0.000000e+00	-7.554470e+02	2.148251e+05
9.270100e-01	2.315618e+05	-1.062283e-01	2.299389e-01	0.000000e+00	-1.084507e+02	2.316703e+05
9.282000e-01	2.240025e+05	-1.065021e-01	2.302615e-01	0.000000e+00	-9.025622e+02	2.249051e+05
9.293900e-01	2.324322e+05	-1.067763e-01	2.305847e-01	0.000000e+00	-1.429746e+03	2.338619e+05
9.305800e-01	2.108641e+05	-1.070509e-01	2.308986e-01	0.000000e+00	-2.843804e+03	2.137079e+05
9.317700e-01	2.224900e+05	-1.073259e-01	2.312055e-01	0.000000e+00	-6.941827e+02	2.231842e+05
9.329600e-01	2.264289e+05	-1.076012e-01	2.315234e-01	0.000000e+00	-1.751227e+03	2.281801e+05
9.341500e-01	2.525292e+05	-1.078769e-01	2.318626e-01	0.000000e+00	-2.074496e+03	2.546037e+05
9.353400e-01	2.261686e+05	-1.081530e-01	2.322016e-01	0.000000e+00	-2.795649e+02	2.264482e+05
9.365300e-01	2.379247e+05	-1.084295e-01	2.325303e-01	0.000000e+00	-1.238287e+02	2.380486e+05
9.377200e-01	2.333501e+05	-1.087064e-01	2.328640e-01	0.000000e+00	-1.396186e+03	2.347462e+05
9.389100e-01	2.165212e+05	-1.089837e-01	2.331826e-01	0.000000e+00	-4.677906e+02	2.169890e+05
9.401000e-01	2.334102e+05	-1.092614e-01	2.335012e-01	0.000000e+00	-2.213876e+03	2.356241e+05
9.412900e-01	2.238655e+05	-1.095395e-01	2.338250e-01	0.000000e+00	0.000000e+00	2.238655e+05
9.424800e-01	2.262157e+05	-1.098179e-01	2.341438e-01	0.000000e+00	-5.887748e+02	2.268045e+05
9.436700e-01	2.265866e+05	-1.100967e-01	2.344644e-01	0.000000e+00	-1.036184e+03	2.276227e+05
9.448600e-01	2.392870e+05	-1.103759e-01	2.347943e-01	0.000000e+00	-1.110446e+03	2.403974e+05
9.460500e-01	2.435198e+05	-1.106555e-01	2.351363e-01	0.000000e+00	-1.306277e+03	2.448261e+05
9.472400e-01	2.208513e+05	-1.109356e-01	2.354651e-01	0.000000e+00	-2.877336e+03	2.237287e+05
9.484300e-01	2.305421e+05	-1.112160e-01	2.357848e-01	0.000000e+00	-2.107056e+03	2.326491e+05
9.496200e-01	2.507888e+05	-1.114967e-01	2.361256e-01	0.000000e+00	-2.713360e+03	2.535021e+05
9.508100e-01	2.352907e+05	-1.117779e-01	2.364698e-01	0.000000e+00	-1.435863e+03	2.367265e+05
9.520000e-01	2.274951e+05	-1.120595e-01	2.367976e-01	0.000000e+00	-1.968504e+03	2.294636e+05
9.531900e-01	2.076580e+05	-1.123415e-01	2.371057e-01	0.000000e+00	-1.579672e+03	2.092377e+05
9.543800e-01	2.237151e+05	-1.126238e-01	2.374112e-01	0.000000e+00	-8.324971e+01	2.237983e+05
9.555700e-01	1.969261e+05	-1.129065e-01	2.377091e-01	0.000000e+00	-3.235950e+02	1.972497e+05
9.567600e-01	2.110379e+05	-1.131896e-01	2.379980e-01	0.000000e+00	-3.298427e+03	2.143363e+05
9.579500e-01	2.468309e+05	-1.134730e-01	2.383223e-01	0.000000e+00	-1.013037e+03	2.478440e+05
9.591400e-01	2.423994e+05	-1.137568e-01	2.386687e-01	0.000000e+00	-1.337021e+03	2.437364e+05
9.603300e-01	2.300289e+05	-1.140410e-01	2.390033e-01	0.000000e+00	-7.506084e+02	2.307795e+05
9.615200e-01	2.170562e+05	-1.143256e-01	2.393199e-01	0.000000e+00	-8.375994e+02	2.178938e+05
9.627100e-01	2.245188e+05	-1.146106e-01	2.396326e-01	0.000000e+00	-8.430729e+02	2.253619e+05
9.639000e-01	2.144176e+05	-1.148959e-01	2.399434e-01	0.000000e+00	-9.377682e+02	2.153554e+05
9.650900e-01	2.283499e+05	-1.151817e-01	2.402570e-01	0.000000e+00	-1.194841e+03	2.295447e+05
9.662800e-01	2.370538e+05	-1.154678e-01	2.405866e-01	0.000000e+00	-1.060500e+03	2.381143e+05
9.674700e-01	2.275472e+05	-1.157543e-01	2.409156e-01	0.000000e+00	-1.424390e+03	2.289715e+05
9.686600e-01	2.217769e+05	-1.160411e-01	2.412338e-01	0.000000e+00	-4.245174e+02	2.222014e+05
9.698500e-01	2.379569e+05	-1.163284e-01	2.415593e-01	0.000000e+00	-1.050068e+03	2.390070e+05
9.710400e-01	2.407469e+05	-1.166160e-01	2.418983e-01	0.000000e+00	-1.746819e+03	2.424937e+05
9.722300e-01	2.379547e+05	-1.169041e-01	2.422373e-01	0.000000e+00	-2.619386e+03	2.405740e+05
9.734200e-01	2.339997e+05	-1.171926e-01	2.425716e-01	0.000000e+00	-1.372306e+03	2.353720e+05
9.746100e-01	2.438564e+05	-1.174814e-01	2.429100e-01	0.000000e+00	-1.507600e+03	2.453640e+05
9.758000e-01	2.429007e+05	-1.177707e-01	2.432547e-01	0.000000e+00	-1.218443e+03	2.441192e+05
9.769900e-01	2.313576e+05	-1.180604e-01	2.435905e-01	0.000000e+00	-8.235481e+02	2.321811e+05
9.781800e-01	2.233503e+05	-1.183504e-01	2.439125e-01	0.000000e+00	-5.861988e+02	2.239365e+05
9.793700e-01	2.288595e+05	-1.186409e-01	2.442328e-01	0.000000e+00	-4.394195e+02	2.292989e+05
9.805600e-01	2.203138e+05	-1.189317e-01	2.445509e-01	0.000000e+00	-4.095233e+02	2.207233e+05
9.817500e-01	2.180273e+05	-1.192229e-01	2.448613e-01	0.000000e+00	-8.317295e+02	2.188590e+05
9.829400e-01	2.312079e+05	-1.195145e-01	2.451794e-01	0.000000e+00	-1.128141e+03	2.323360e+05
9.841300e-01	2.354201e+05	-1.198064e-01	2.455099e-01	0.000000e+00	-5.525316e+02	2.359727e+05
9.853200e-01	2.550174e+05	-1.200988e-01	2.458572e-01	0.000000e+00	-2.682342e+02	2.552856e+05
9.865100e-01	2.464711e+05	-1.203916e-01	2.462123e-01	0.000000e+00	-2.252774e+03	2.487239e+05
9.877000e-01	2.214083e+05	-1.206848e-01	2.465436e-01	0.000000e+00	-4.430984e+02	2.218514e+05
9.888900e-01	2.172929e+05	-1.209784e-01	2.468543e-01	0.000000e+00	-1.946248e+03	2.192391e+05
9.900800e-01	2.267932e+05	-1.212723e-01	2.471688e-01	0.000000e+00	-2.565511e+03	2.293587e+05
9.912700e-01	2.144618e+05	-1.215666e-01	2.474813e-01	0.000000e+00	-1.561581e+03	2.160234e+05
9.924600e-01	2.346617e+05	-1.218613e-01	2.477993e-01	0.000000e+00	-1.332213e+03	2.359940e+05
9.936500e-01	2.131666e+05	-1.221564e-01	2.481165e-01	0.000000e+00	-5.547106e+02	2.137213e+05
9.948400e-01	2.177548e+05	-1.224518e-01	2.484216e-01	0.000000e+00	-1.401001e+03	2.191558e+05
9.960300e-01	2.306415e+05	-1.227476e-01	2.487392e-01	0.000000e+00	-2.796711e+02	2.309211e+05
9.972200e-01	2.298232e+05	-1.230438e-01	2.490653e-01	0.000000e+00	0.000000e+00	2.298232e+05
9.984100e-01	2.249245e+05	-1.233404e-01	2.493873e-01	0.000000e+00	-5.959179e+02	2.255204e+05
9.996000e-01	2.021620e+05	-1.236374e-01	2.496897e-01	0.000000e+00	-2.444182e+02	2.024064e+05
1.000790e+00	2.369642e+05	-1.239347e-01	2.500007e-01	0.000000e+00	0.000000e+00	2.369642e+05
1.001980e+00	2.133144e+05	-1.242324e-01	2.503196e-01	0.000000e+00	0.000000e+00	2.133144e+05
1.003170e+00	2.332501e+05	-1.245304e-01	2.506358e-01	0.000000e+00	-5.829449e+02	2.338330e+05
1.004360e+00	2.232089e+05	-1.248289e-01	2.509591e-01	0.000000e+00	-2.573912e+02	2.234663e+05
1.005550e+00	2.422289e+05	-1.251277e-01	2.512887e-01	0.000000e+00	-1.704332e+03	2.439332e+05
1.006740e+00	2.201682e+05	-1.254269e-01	2.516161e-01	0.000000e+00	-8.166766e+02	2.209849e+05
1.007930e+00	2.178168e+05	-1.257266e-01	2.519263e-01	0.000000e+00	-9.373242e+02	2.187541e+05
1.009120e+00	2.197375e+05	-1.260265e-01	2.522362e-01	0.000000e+00	-1.876688e+03	2.216142e+05
1.010310e+00	2.154276e+05	-1.263269e-01	2.525443e-01	0.000000e+00	-6.160620e+02	2.160437e+05
1.011500e+00	2.212004e+05	-1.266276e-01	2.528535e-01	0.000000e+00	-7.716064e+02	2.219720e+05
1.012690e+00	2.308499e+05	-1.269287e-01	2.531737e-01	0.000000e+00	-1.685897e+03	2.325358e+05
1.013880e+00	2.397047e+05	-1.272301e-01	2.535069e-01	0.000000e+00	-2.201953e+03	2.419066e+05
1.015070e+00	2.295723e+05	-1.275320e-01	2.538392e-01	0.000000e+00	-3.138299e+02	2.298861e+05
1.016260e+00	2.270922e+05	-1.278343e-01	2.541626e-01	0.000000e+00	-1.047909e+02	2.271970e+05
1.017450e+00	2.179198e+05	-1.281369e-01	2.544777e-01	0.000000e+00	-1.474043e+03	2.193939e+05
1.018640e+00	2.249338e+05	-1.284399e-01	2.547914e-01	0.000000e+00	-1.373951e+03	2.263077e+05
1.019830e+00	2.184036e+05	-1.287433e-01	2.551053e-01	0.000000e+00	-9.869412e+02	2.193905e+05
1.021020e+00	2.321127e+05	-1.290471e-01	2.554244e-01	0.000000e+00	-2.619549e+02	2.323746e+05
1.022210e+00	2.307150e+05	-1.293512e-01	2.557521e-01	0.000000e+00	-6.637736e+02	2.313787e+05
1.023400e+00	2.420302e+05	-1.296558e-01	2.560869e-01	0.000000e+00	-3.441170e+03	2.454714e+05
1.024590e+00	2.330820e+05	-1.299607e-01	2.564234e-01	0.000000e+00	-1.970554e+03	2.350526e+05
1.025780e+00	2.322770e+05	-1.302661e-01	2.567529e-01	0.000000e+00	-8.702890e+02	2.331473e+05
1.026970e+00	2.428183e+05	-1.305718e-01	2.570894e-01	0.000000e+00	-6.699174e+02	2.434882e+05
1.028160e+00	2.160962e+05	-1.308779e-01	2.574143e-01	0.000000e+00	-1.581643e+03	2.176778e+05
1.029350e+00	2.158097e+05	-1.311844e-01	2.577202e-01	0.000000e+00	-1.034407e+03	2.168441e+05
1.030540e+00	2.254197e+05	-1.314913e-01	2.580327e-01	0.000000e+00	-1.380379e+03	2.268000e+05
1.031730e+00	2.282181e+05	-1.317986e-01	2.583539e-01	0.000000e+00	-9.929102e+02	2.292110e+05
1.032920e+00	2.233267e+05	-1.321062e-01	2.586737e-01	0.000000e+00	0.000000e+00	2.233267e+05
1.034110e+00	2.423665e+05	-1.324142e-01	2.590035e-01	0.000000e+00	-6.623528e+02	2.430288e+05
1.035300e+00	2.469893e+05	-1.327226e-01	2.593500e-01	0.000000e+00	-1.779833e+02	2.471673e+05
1.036490e+00	2.368977e+05	-1.330315e-01	2.596927e-01	0.000000e+00	0.000000e+00	2.368977e+05
1.037680e+00	2.379148e+05	-1.333407e-01	2.600289e-01	0.000000e+00	-1.308543e+02	2.380457e+05
1.038870e+00	2.238638e+05	-1.336503e-01	2.603559e-01	0.000000e+00	-7.094818e+02	2.245733e+05
1.040060e+00	2.369106e+05	-1.339603e-01	2.606822e-01	0.000000e+00	-1.906430e+03	2.388170e+05
1.041250e+00	2.290962e+05	-1.342707e-01	2.610123e-01	0.000000e+00	-6.145782e+02	2.297108e+05
1.042440e+00	2.269720e+05	-1.345815e-01	2.613352e-01	0.000000e+00	-2.197741e+02	2.271918e+05
1.043630e+00	2.193688e+05	-1.348927e-01	2.616513e-01	0.000000e+00	-6.685910e+02	2.200374e+05
1.044820e+00	2.233112e+05	-1.352043e-01	2.619648e-01	0.000000e+00	-1.662910e+03	2.249741e+05
1.046010e+00	2.204388e+05	-1.355162e-01	2.622791e-01	0.000000e+00	-8.100690e+02	2.212489e+05
1.047200e+00	2.367599e+05	-1.358285e-01	2.626028e-01	0.000000e+00	0.000000e+00	2.367599e+05
1.048390e+00	2.287333e+05	-1.361412e-01	2.629325e-01	0.000000e+00	-2.135356e+03	2.308687e+05
1.049580e+00	2.205305e+05	-1.364543e-01	2.632506e-01	0.000000e+00	-2.548468e+03	2.230790e+05
1.050770e+00	2.426148e+05	-1.367677e-01	2.635786e-01	0.000000e+00	-3.581926e+02	2.429730e+05
1.051960e+00	2.206037e+05	-1.370816e-01	2.639066e-01	0.000000e+00	0.000000e+00	2.206037e+05
1.053150e+00	2.281966e+05	-1.373958e-01	2.642245e-01	0.000000e+00	0.000000e+00	2.281966e+05
1.054340e+00	2.370094e+05	-1.377104e-01	2.645539e-01	0.000000e+00	-8.845608e+02	2.378939e+05
1.055530e+00	2.385934e+05	-1.380255e-01	2.648907e-01	0.000000e+00	-1.636448e+03	2.402299e+05
1.056720e+00	2.507662e+05	-1.383409e-01	2.652373e-01	0.000000e+00	-2.401595e+03	2.531678e+05
1.057910e+00	2.373359e+05	-1.386567e-01	2.655829e-01	0.000000e+00	-2.110533e+03	2.394465e+05
1.059100e+00	2.364505e+05	-1.389730e-01	2.659184e-01	0.000000e+00	-5.298889e+02	2.369804e+05
1.060290e+00	2.179274e+05	-1.392896e-01	2.662402e-01	0.000000e+00	-7.274694e+02	2.186548e+05
1.061480e+00	2.390048e+05	-1.396066e-01	2.665638e-01	0.000000e+00	-2.192989e+03	2.411978e+05
1.062670e+00	2.231356e+05	-1.399240e-01	2.668911e-01	0.000000e+00	-1.947671e+03	2.250833e+05
1.063860e+00	2.211637e+05	-1.402418e-01	2.672057e-01	0.000000e+00	-1.014224e+03	2.221779e+05
1.065050e+00	2.322861e+05	-1.405600e-01	2.675268e-01	0.000000e+00	-6.940847e+02	2.329801e+05
1.066240e+00	2.186492e+05	-1.408785e-01	2.678462e-01	0.000000e+00	-1.462514e+02	2.187955e+05
1.067430e+00	2.152589e+05	-1.411975e-01	2.681534e-01	0.000000e+00	0.000000e+00	2.152589e+05
1.068620e+00	2.375480e+05	-1.415167e-01	2.684741e-01	0.000000e+00	-5.967836e+02	2.381448e+05
1.069810e+00	2.319742e+05	-1.418364e-01	2.688066e-01	0.000000e+00	-1.041629e+03	2.330158e+05
1.071000e+00	2.493317e+05	-1.421565e-01	2.691474e-01	0.000000e+00	-3.511161e+03	2.528428e+05
1.072190e+00	2.312299e+05	-1.424770e-01	2.694878e-01	0.000000e+00	-1.426875e+03	2.326567e+05
1.073380e+00	2.250310e+05	-1.427979e-01	2.698109e-01	0.000000e+00	-7.149531e+02	2.257459e+05
1.074570e+00	2.236379e+05	-1.431192e-01	2.701286e-01	0.000000e+00	-1.111960e+03	2.247499e+05
1.075760e+00	2.437365e+05	-1.434408e-01	2.704596e-01	0.000000e+00	-4.361594e+02	2.441726e+05
1.076950e+00	2.186856e+05	-1.437628e-01	2.707870e-01	0.000000e+00	-1.244612e+03	2.199302e+05
1.078140e+00	2.034202e+05	-1.440853e-01	2.710860e-01	0.000000e+00	-8.402365e+02	2.042604e+05
1.079330e+00	1.906679e+05	-1.444080e-01	2.713650e-01	0.000000e+00	-6.061964e+02	1.912741e+05
1.080520e+00	2.165555e+05	-1.447311e-01	2.716534e-01	0.000000e+00	-1.339357e+03	2.178948e+05
1.081710e+00	2.349854e+05	-1.450546e-01	2.719732e-01	0.000000e+00	-5.754549e+02	2.355609e+05
1.082900e+00	2.302477e+05	-1.453784e-01	2.723026e-01	0.000000e+00	-7.333927e+02	2.309811e+05
1.084090e+00	2.260801e+05	-1.457026e-01	2.726258e-01	0.000000e+00	-6.412917e+02	2.267214e+05
1.085280e+00	2.333120e+05	-1.460273e-01	2.729511e-01	0.000000e+00	-7.696966e+02	2.340817e+05
1.086470e+00	2.424070e+05	-1.463523e-01	2.732880e-01	0.000000e+00	-1.154109e+03	2.435611e+05
1.087660e+00	2.278033e+05	-1.466777e-01	2.736210e-01	0.000000e+00	-1.721606e+03	2.295249e+05
1.088850e+00	2.383337e+05	-1.470035e-01	2.739511e-01	0.000000e+00	-1.614371e+03	2.399480e+05
1.090040e+00	2.252683e+05	-1.473297e-01	2.742794e-01	0.000000e+00	-8.822168e+01	2.253565e+05
1.091230e+00	2.163027e+05	-1.476563e-01	2.745921e-01	0.000000e+00	-2.500336e+03	2.188030e+05
1.092420e+00	2.159592e+05	-1.479832e-01	2.748982e-01	0.000000e+00	-8.610083e+02	2.168202e+05
1.093610e+00	2.237141e+05	-1.483105e-01	2.752096e-01	0.000000e+00	-9.812933e+01	2.238122e+05
1.094800e+00	2.191319e+05	-1.486382e-01	2.755232e-01	0.000000e+00	-7.422068e+02	2.198741e+05
1.095990e+00	2.182647e+05	-1.489663e-01	2.758329e-01	0.000000e+00	0.000000e+00	2.182647e+05
1.097180e+00	2.462309e+05	-1.492947e-01	2.761619e-01	0.000000e+00	-1.900777e+02	2.464210e+05
1.098370e+00	2.567824e+05	-1.496235e-01	2.765181e-01	0.000000e+00	-1.723631e+03	2.585060e+05
1.099560e+00	2.255249e+05	-1.499528e-01	2.768597e-01	0.000000e+00	-1.191175e+03	2.267160e+05
1.100750e+00	2.084986e+05	-1.502825e-01	2.771670e-01	0.000000e+00	-3.255128e+02	2.088241e+05
1.101940e+00	2.266687e+05	-1.506125e-01	2.774752e-01	0.000000e+00	-2.211948e+03	2.288806e+05
1.103130e+00	2.513720e+05	-1.509429e-01	2.778137e-01	0.000000e+00	-2.400085e+02	2.516120e+05
1.104320e+00	2.334542e+05	-1.512737e-01	2.781571e-01	0.000000e+00	0.000000e+00	2.334542e+05
1.105510e+00	2.319537e+05	-1.516049e-01	2.784866e-01	0.000000e+00	0.000000e+00	2.319537e+05
1.106700e+00	2.214576e+05	-1.519365e-01	2.788077e-01	0.000000e+00	-7.070155e+02	2.221646e+05
1.107890e+00	2.244268e+05	-1.522684e-01	2.791235e-01	0.000000e+00	-1.666137e+03	2.260929e+05
1.109080e+00	2.147431e+05	-1.526008e-01	2.794345e-01	0.000000e+00	-2.491749e+03	2.172349e+05
1.110270e+00	2.150125e+05	-1.529335e-01	2.797388e-01	0.000000e+00	-1.017452e+03	2.160300e+05
1.111460e+00	2.287059e+05	-1.532666e-01	2.800531e-01	0.000000e+00	-1.146473e+02	2.288205e+05
1.112650e+00	2.241726e+05	-1.536000e-01	2.803738e-01	0.000000e+00	-7.256888e+02	2.248983e+05
1.113840e+00	2.161016e+05	-1.539338e-01	2.806856e-01	0.000000e+00	0.000000e+00	2.161016e+05
1.115030e+00	2.202791e+05	-1.542680e-01	2.809946e-01	0.000000e+00	0.000000e+00	2.202791e+05
1.116220e+00	2.283375e+05	-1.546026e-01	2.813123e-01	0.000000e+00	0.000000e+00	2.283375e+05
1.117410e+00	2.309578e+05	-1.549376e-01	2.816375e-01	0.000000e+00	0.000000e+00	2.309578e+05
1.118600e+00	2.352586e+05	-1.552729e-01	2.819677e-01	0.000000e+00	-3.483556e+02	2.356069e+05
1.119790e+00	2.368628e+05	-1.556087e-01	2.823020e-01	0.000000e+00	-1.924155e+03	2.387870e+05
1.120980e+00	2.393499e+05	-1.559448e-01	2.826393e-01	0.000000e+00	-9.170175e+02	2.402669e+05
1.122170e+00	2.089372e+05	-1.562813e-01	2.829567e-01	0.000000e+00	-2.007602e+02	2.091380e+05
1.123360e+00	2.146072e+05	-1.566182e-01	2.832567e-01	0.000000e+00	-1.901746e+03	2.165089e+05
1.124550e+00	2.221884e+05	-1.569555e-01	2.835660e-01	0.000000e+00	-1.430655e+03	2.236190e+05
1.125740e+00	2.114176e+05	-1.572931e-01	2.838731e-01	0.000000e+00	0.000000e+00	2.114176e+05
1.126930e+00	2.252896e+05	-1.576311e-01	2.841823e-01	0.000000e+00	-5.664849e+02	2.258561e+05
1.128120e+00	2.135875e+05	-1.579695e-01	2.844931e-01	0.000000e+00	-1.459379e+03	2.150469e+05
1.129310e+00	2.342496e+05	-1.583082e-01	2.848103e-01	0.000000e+00	-4.951447e+02	2.347448e+05
1.130500e+00	2.293589e+05	-1.586473e-01	2.851386e-01	0.000000e+00	0.000000e+00	2.293589e+05
1.131690e+00	2.406227e+05	-1.589868e-01	2.854714e-01	0.000000e+00	0.000000e+00	2.406227e+05
1.132880e+00	2.425758e+05	-1.593267e-01	2.858136e-01	0.000000e+00	-5.536523e+02	2.431294e+05
1.134070e+00	2.179355e+05	-1.596671e-01	2.861397e-01	0.000000e+00	-9.890053e+02	2.189245e+05
1.135260e+00	2.283215e+05	-1.600078e-01	2.864557e-01	0.000000e+00	-9.783508e+02	2.292999e+05
1.136450e+00	2.378612e+05	-1.603488e-01	2.867859e-01	0.000000e+00	0.000000e+00	2.378612e+05
1.137640e+00	2.397040e+05	-1.606903e-01	2.871241e-01	0.000000e+00	0.000000e+00	2.397040e+05
1.138830e+00	2.287023e+05	-1.610322e-01	2.874558e-01	0.000000e+00	-4.498790e+02	2.291522e+05
1.140020e+00	2.290256e+05	-1.613744e-01	2.877799e-01	0.000000e+00	-2.533230e+03	2.315589e+05
1.141210e+00	2.262576e+05	-1.617171e-01	2.881023e-01	0.000000e+00	-1.385396e+03	2.276430e+05
1.142400e+00	2.386605e+05	-1.620601e-01	2.884316e-01	0.000000e+00	-1.155752e+03	2.398162e+05
1.143590e+00	2.278219e+05	-1.624036e-01	2.887619e-01	0.000000e+00	-1.436297e+03	2.292582e+05
1.144780e+00	2.324930e+05	-1.627474e-01	2.890879e-01	0.000000e+00	-1.330848e+03	2.338238e+05
1.145970e+00	2.098785e+05	-1.630916e-01	2.894012e-01	0.000000e+00	-1.119591e+02	2.099905e+05
1.147160e+00	2.469115e+05	-1.634362e-01	2.897246e-01	0.000000e+00	-4.511695e+02	2.473626e+05
1.148350e+00	2.189519e+05	-1.637811e-01	2.900545e-01	0.000000e+00	-3.891667e+02	2.193410e+05
1.149540e+00	2.299193e+05	-1.641265e-01	2.903724e-01	0.000000e+00	0.000000e+00	2.299193e+05
1.150730e+00	2.102446e+05	-1.644722e-01	2.906841e-01	0.000000e+00	0.000000e+00	2.102446e+05
1.151920e+00	2.412026e+05	-1.648183e-01	2.910038e-01	0.000000e+00	-9.979531e+01	2.413024e+05
1.153110e+00	2.509930e+05	-1.651648e-01	2.913524e-01	0.000000e+00	-7.405408e+02	2.517336e+05
1.154300e+00	2.244258e+05	-1.655117e-01	2.916891e-01	0.000000e+00	0.000000e+00	2.244258e+05
1.155490e+00	2.309128e+05	-1.658590e-01	2.920115e-01	0.000000e+00	0.000000e+00	2.309128e+05
1.156680e+00	2.132559e+05	-1.662067e-01	2.923261e-01	0.000000e+00	0.000000e+00	2.132559e+05
1.157870e+00	2.155194e+05	-1.665548e-01	2.926297e-01	0.000000e+00	0.000000e+00	2.155194e+05
1.159060e+00	2.177239e+05	-1.669032e-01	2.929365e-01	0.000000e+00	0.000000e+00	2.177239e+05
1.160250e+00	2.412703e+05	-1.672520e-01	2.932616e-01	0.000000e+00	0.000000e+00	2.412703e+05
1.161440e+00	2.517218e+05	-1.676011e-01	2.936107e-01	0.000000e+00	0.000000e+00	2.517218e+05
1.162630e+00	2.438324e+05	-1.679508e-01	2.939616e-01	0.000000e+00	0.000000e+00	2.438324e+05
1.163820e+00	2.303375e+05	-1.683008e-01	2.942974e-01	0.000000e+00	-6.297896e+01	2.304005e+05
1.165010e+00	2.426527e+05	-1.686512e-01	2.946324e-01	0.000000e+00	-7.773572e+02	2.434301e+05
1.166200e+00	2.256667e+05	-1.690020e-01	2.949640e-01	0.000000e+00	0.000000e+00	2.256667e+05
1.167390e+00	2.272112e+05	-1.693532e-01	2.952847e-01	0.000000e+00	0.000000e+00	2.272112e+05
1.168580e+00	2.391907e+05	-1.697048e-01	2.956150e-01	0.000000e+00	-1.366003e+01	2.392044e+05
1.169770e+00	2.282454e+05	-1.700568e-01	2.959460e-01	0.000000e+00	-8.266761e+02	2.290721e+05
1.170960e+00	2.179888e+05	-1.704091e-01	2.962620e-01	0.000000e+00	-1.802453e+03	2.197912e+05
1.172150e+00	2.308373e+05	-1.707619e-01	2.965799e-01	0.000000e+00	-2.284215e+03	2.331215e+05
1.173340e+00	2.312474e+05	-1.711150e-01	2.969071e-01	0.000000e+00	-1.150131e+02	2.313624e+05
1.174530e+00	2.370228e+05	-1.714685e-01	2.972387e-01	0.000000e+00	-3.422702e+02	2.373651e+05
1.175720e+00	2.479672e+05	-1.718224e-01	2.975822e-01	0.000000e+00	-4.980660e+02	2.484652e+05
1.176910e+00	2.311495e+05	-1.721767e-01	2.979215e-01	0.000000e+00	-8.676742e+02	2.320172e+05
1.178100e+00	2.164999e+05	-1.725315e-01	2.982385e-01	0.000000e+00	-8.129980e+02	2.173129e+05
1.179290e+00	2.384823e+05	-1.728866e-01	2.985607e-01	0.000000e+00	0.000000e+00	2.384823e+05
1.180480e+00	2.182273e+05	-1.732420e-01	2.988841e-01	0.000000e+00	-1.495642e+03	2.197230e+05
1.181670e+00	2.289095e+05	-1.735979e-01	2.992007e-01	0.000000e+00	-1.025366e+03	2.299348e+05
1.182860e+00	2.321999e+05	-1.739541e-01	2.995273e-01	0.000000e+00	0.000000e+00	2.321999e+05
1.184050e+00	2.439063e+05	-1.743108e-01	2.998645e-01	0.000000e+00	0.000000e+00	2.439063e+05
1.185240e+00	2.348713e+05	-1.746678e-01	3.002035e-01	0.000000e+00	0.000000e+00	2.348713e+05
1.186430e+00	2.341652e+05	-1.750253e-01	3.005357e-01	0.000000e+00	0.000000e+00	2.341652e+05
1.187620e+00	2.559239e+05	-1.753831e-01	3.008827e-01	0.000000e+00	0.000000e+00	2.559239e+05
1.188810e+00	2.219904e+05	-1.757414e-01	3.012212e-01	0.000000e+00	0.000000e+00	2.219904e+05
1.190000e+00	1.001902e+05	-1.761000e-01	3.014493e-01	0.000000e+00	0.000000e+00	1.001902e+05
