#x	rho	phi	ex	bz	rhok[0]	rhok[1]
0.000000e+00	-2.455927e+03	0.000000e+00	8.236552e-02	0.000000e+00	-2.814635e+03	3.587076e+02
1.190000e-03	-2.291748e+03	-9.801290e-05	8.236216e-02	0.000000e+00	-6.636882e+03	4.345133e+03
2.380000e-03	4.813418e+01	-1.960219e-04	8.236057e-02	0.000000e+00	-6.500338e+03	6.548472e+03
3.570000e-03	2.727518e+03	-2.940310e-04	8.236253e-02	0.000000e+00	-4.182665e+03	6.910183e+03
4.760000e-03	7.226902e+03	-3.920448e-04	8.236958e-02	0.000000e+00	-7.971631e+03	1.519853e+04
5.950000e-03	8.288979e+03	-4.900706e-04	8.238057e-02	0.000000e+00	-7.781886e+03	1.607086e+04
7.140000e-03	3.441019e+03	-5.881105e-04	8.238888e-02	0.000000e+00	-5.919316e+03	9.360335e+03
8.330000e-03	1.162991e+04	-6.861562e-04	8.239955e-02	0.000000e+00	-4.208391e+03	1.583830e+04
9.520000e-03	1.728643e+04	-7.842214e-04	8.242003e-02	0.000000e+00	-2.789193e+03	2.007562e+04
1.071000e-02	1.678935e+04	-8.823158e-04	8.244416e-02	0.000000e+00	-5.441659e+03	2.223101e+04
1.190000e-02	1.415385e+04	-9.804385e-04	8.246607e-02	0.000000e+00	-8.651235e+03	2.280509e+04
1.309000e-02	1.287915e+04	-1.078585e-03	8.248521e-02	0.000000e+00	-6.744176e+03	1.962332e+04
1.428000e-02	2.520182e+04	-1.176753e-03	8.251218e-02	0.000000e+00	-3.755873e+03	2.895769e+04
1.547000e-02	1.913963e+04	-1.274964e-03	8.254358e-02	0.000000e+00	-5.557206e+03	2.469684e+04
1.666000e-02	1.966555e+04	-1.373207e-03	8.257106e-02	0.000000e+00	-5.641994e+03	2.530754e+04
1.785000e-02	1.434612e+04	-1.471483e-03	8.259515e-02	0.000000e+00	-3.625217e+03	1.797133e+04
1.904000e-02	1.630038e+04	-1.569784e-03	8.261685e-02	0.000000e+00	-6.606812e+03	2.290719e+04
2.023000e-02	1.518866e+04	-1.668111e-03	8.263915e-02	0.000000e+00	-7.535556e+03	2.272422e+04
2.142000e-02	1.605794e+04	-1.766465e-03	8.266128e-02	0.000000e+00	-5.003469e+03	2.106141e+04
2.261000e-02	2.390550e+04	-1.864845e-03	8.268958e-02	0.000000e+00	-5.179265e+03	2.908476e+04
2.380000e-02	3.077153e+04	-1.963266e-03	8.272830e-02	0.000000e+00	-4.554682e+03	3.532621e+04
2.499000e-02	2.523551e+04	-2.061739e-03	8.276796e-02	0.000000e+00	-4.313940e+03	2.954945e+04
2.618000e-02	3.567145e+04	-2.160254e-03	8.281109e-02	0.000000e+00	-6.841254e+03	4.251271e+04
2.737000e-02	3.083628e+04	-2.258829e-03	8.285819e-02	0.000000e+00	-7.376935e+03	3.821321e+04
2.856000e-02	3.510665e+04	-2.357456e-03	8.290489e-02	0.000000e+00	-4.407517e+03	3.951417e+04
2.975000e-02	3.055204e+04	-2.456143e-03	8.295139e-02	0.000000e+00	-2.860946e+03	3.341299e+04
3.094000e-02	3.507160e+04	-2.554880e-03	8.299786e-02	0.000000e+00	-6.364329e+03	4.143593e+04
3.213000e-02	3.510001e+04	-2.653677e-03	8.304755e-02	0.000000e+00	-6.788398e+03	4.188840e+04
3.332000e-02	3.367835e+04	-2.752534e-03	8.309626e-02	0.000000e+00	-5.091085e+03	3.876943e+04
3.451000e-02	4.139742e+04	-2.851447e-03	8.314943e-02	0.000000e+00	-8.367261e+03	4.976468e+04
3.570000e-02	4.035712e+04	-2.950429e-03	8.320732e-02	0.000000e+00	-6.783980e+03	4.714110e+04
3.689000e-02	4.373280e+04	-3.049480e-03	8.326687e-02	0.000000e+00	-4.424650e+03	4.815745e+04
3.808000e-02	3.902818e+04	-3.148604e-03	8.332548e-02	0.000000e+00	-2.536886e+03	4.156506e+04
3.927000e-02	3.078958e+04	-3.247795e-03	8.337492e-02	0.000000e+00	-2.729277e+03	3.351886e+04
4.046000e-02	3.498344e+04	-3.347037e-03	8.342150e-02	0.000000e+00	-3.303211e+03	3.828666e+04
4.165000e-02	4.153088e+04	-3.446338e-03	8.347569e-02	0.000000e+00	-4.850831e+03	4.638171e+04
4.284000e-02	4.443432e+04	-3.545709e-03	8.353656e-02	0.000000e+00	-4.054238e+03	4.848856e+04
4.403000e-02	3.829018e+04	-3.645155e-03	8.359515e-02	0.000000e+00	-3.882358e+03	4.217254e+04
4.522000e-02	4.476907e+04	-3.744665e-03	8.365396e-02	0.000000e+00	-5.160605e+03	4.992967e+04
4.641000e-02	4.398511e+04	-3.844251e-03	8.371682e-02	0.000000e+00	-6.365074e+03	5.035018e+04
4.760000e-02	4.461788e+04	-3.943911e-03	8.377956e-02	0.000000e+00	-4.983514e+03	4.960140e+04
4.879000e-02	4.331991e+04	-4.043647e-03	8.384184e-02	0.000000e+00	-2.970925e+03	4.629084e+04
4.998000e-02	4.614521e+04	-4.143455e-03	8.390519e-02	0.000000e+00	-1.600495e+03	4.774570e+04
5.117000e-02	3.926759e+04	-4.243341e-03	8.396568e-02	0.000000e+00	-4.546565e+03	4.381415e+04
5.236000e-02	4.674711e+04	-4.343293e-03	8.402659e-02	0.000000e+00	-6.431299e+03	5.317841e+04
5.355000e-02	5.358634e+04	-4.443324e-03	8.409764e-02	0.000000e+00	-5.016986e+03	5.860333e+04
5.474000e-02	5.536454e+04	-4.543446e-03	8.417480e-02	0.000000e+00	-2.452845e+03	5.781738e+04
5.593000e-02	5.618195e+04	-4.643660e-03	8.425379e-02	0.000000e+00	-3.797903e+03	5.997986e+04
5.712000e-02	5.566684e+04	-4.743970e-03	8.433300e-02	0.000000e+00	-6.078740e+03	6.174558e+04
5.831000e-02	4.329929e+04	-4.844373e-03	8.440309e-02	0.000000e+00	-5.374931e+03	4.867422e+04
5.950000e-02	4.604067e+04	-4.944849e-03	8.446635e-02	0.000000e+00	-2.993659e+03	4.903433e+04
6.069000e-02	6.245796e+04	-5.045403e-03	8.454319e-02	0.000000e+00	-2.950799e+03	6.540876e+04
6.188000e-02	5.932528e+04	-5.146062e-03	8.462943e-02	0.000000e+00	-5.357474e+03	6.468275e+04
6.307000e-02	6.304844e+04	-5.246821e-03	8.471609e-02	0.000000e+00	-5.534221e+03	6.858266e+04
6.426000e-02	6.318914e+04	-5.347686e-03	8.480549e-02	0.000000e+00	-4.673785e+03	6.786292e+04
6.545000e-02	4.149644e+04	-5.448658e-03	8.487962e-02	0.000000e+00	-4.229727e+03	4.572616e+04
6.664000e-02	4.071557e+04	-5.549700e-03	8.493784e-02	0.000000e+00	-5.846123e+03	4.656169e+04
6.783000e-02	5.608992e+04	-5.650810e-03	8.500640e-02	0.000000e+00	-3.347300e+03	5.943722e+04
6.902000e-02	5.580014e+04	-5.752015e-03	8.508563e-02	0.000000e+00	-3.304095e+03	5.910424e+04
7.021000e-02	5.620331e+04	-5.853314e-03	8.516495e-02	0.000000e+00	-3.424821e+03	5.962813e+04
7.140000e-02	5.648144e+04	-5.954707e-03	8.524475e-02	0.000000e+00	-3.004236e+03	5.948568e+04
7.259000e-02	5.030797e+04	-6.056196e-03	8.532037e-02	0.000000e+00	-4.473790e+03	5.478176e+04
7.378000e-02	6.055251e+04	-6.157770e-03	8.539888e-02	0.000000e+00	-4.229615e+03	6.478213e+04
7.497000e-02	6.105514e+04	-6.259446e-03	8.548500e-02	0.000000e+00	-5.461434e+03	6.651657e+04
7.616000e-02	5.765674e+04	-6.361224e-03	8.556907e-02	0.000000e+00	-6.640931e+03	6.429767e+04
7.735000e-02	6.599930e+04	-6.463100e-03	8.565664e-02	0.000000e+00	-5.357522e+03	7.135683e+04
7.854000e-02	5.965586e+04	-6.565087e-03	8.574562e-02	0.000000e+00	-5.402028e+03	6.505789e+04
7.973000e-02	5.529058e+04	-6.667175e-03	8.582702e-02	0.000000e+00	-6.376737e+03	6.166731e+04
8.092000e-02	5.633919e+04	-6.769355e-03	8.590607e-02	0.000000e+00	-7.799328e+03	6.413852e+04
8.211000e-02	6.275095e+04	-6.871631e-03	8.599041e-02	0.000000e+00	-6.697437e+03	6.944839e+04
8.330000e-02	6.102141e+04	-6.974012e-03	8.607806e-02	0.000000e+00	-4.708769e+03	6.573018e+04
8.449000e-02	5.690015e+04	-7.076497e-03	8.616157e-02	0.000000e+00	-4.051020e+03	6.095117e+04
8.568000e-02	6.573980e+04	-7.179077e-03	8.624842e-02	0.000000e+00	-3.395114e+03	6.913491e+04
8.687000e-02	6.704784e+04	-7.281768e-03	8.634245e-02	0.000000e+00	-3.667936e+03	7.071578e+04
8.806000e-02	6.021889e+04	-7.384572e-03	8.643258e-02	0.000000e+00	-3.667004e+03	6.388590e+04
8.925000e-02	6.211808e+04	-7.487478e-03	8.651921e-02	0.000000e+00	-4.359092e+03	6.647717e+04
9.044000e-02	7.502975e+04	-7.590488e-03	8.661634e-02	0.000000e+00	-4.088289e+03	7.911804e+04
9.163000e-02	6.244349e+04	-7.693624e-03	8.671369e-02	0.000000e+00	-6.602261e+03	6.904575e+04
9.282000e-02	6.024087e+04	-7.796866e-03	8.680057e-02	0.000000e+00	-4.270575e+03	6.451145e+04
9.401000e-02	7.185085e+04	-7.900210e-03	8.689411e-02	0.000000e+00	-3.855335e+03	7.570619e+04
9.520000e-02	7.929514e+04	-8.003674e-03	8.700115e-02	0.000000e+00	-3.666029e+03	8.296117e+04
9.639000e-02	8.326696e+04	-8.107272e-03	8.711627e-02	0.000000e+00	-5.066797e+03	8.833376e+04
9.758000e-02	6.247136e+04	-8.211011e-03	8.721948e-02	0.000000e+00	-4.506361e+03	6.697772e+04
9.877000e-02	6.236142e+04	-8.314855e-03	8.730788e-02	0.000000e+00	-5.045125e+03	6.740654e+04
9.996000e-02	7.060496e+04	-8.418804e-03	8.740204e-02	0.000000e+00	-4.440770e+03	7.504573e+04
1.011500e-01	6.300578e+04	-8.522872e-03	8.749666e-02	0.000000e+00	-3.209671e+03	6.621545e+04
1.023400e-01	7.966253e+04	-8.627046e-03	8.759769e-02	0.000000e+00	-2.915689e+03	8.257822e+04
1.035300e-01	7.189226e+04	-8.731354e-03	8.770502e-02	0.000000e+00	-3.685067e+03	7.557733e+04
1.047200e-01	7.105692e+04	-8.835784e-03	8.780625e-02	0.000000e+00	-4.109668e+03	7.516659e+04
1.059100e-01	6.686993e+04	-8.940333e-03	8.790393e-02	0.000000e+00	-5.008953e+03	7.187889e+04
1.071000e-01	6.484704e+04	-9.044995e-03	8.799720e-02	0.000000e+00	-3.567791e+03	6.841483e+04
1.082900e-01	7.329298e+04	-9.149766e-03	8.809503e-02	0.000000e+00	-5.480410e+03	7.877339e+04
1.094800e-01	6.546687e+04	-9.254661e-03	8.819329e-02	0.000000e+00	-4.653470e+03	7.012034e+04
1.106700e-01	7.079699e+04	-9.359666e-03	8.828979e-02	0.000000e+00	-3.918728e+03	7.471571e+04
1.118600e-01	7.125917e+04	-9.464791e-03	8.839039e-02	0.000000e+00	-5.358961e+03	7.661813e+04
1.130500e-01	8.032427e+04	-9.570036e-03	8.849774e-02	0.000000e+00	-2.914363e+03	8.323863e+04
1.142400e-01	7.798007e+04	-9.675416e-03	8.860984e-02	0.000000e+00	-1.217683e+03	7.919775e+04
1.154300e-01	7.364123e+04	-9.780927e-03	8.871721e-02	0.000000e+00	-1.651634e+03	7.529286e+04
1.166200e-01	7.790838e+04	-9.886563e-03	8.882454e-02	0.000000e+00	-5.066106e+03	8.297449e+04
1.178100e-01	8.270882e+04	-9.992329e-03	8.893828e-02	0.000000e+00	-7.113378e+03	8.982220e+04
1.190000e-01	7.917314e+04	-1.009824e-02	8.905292e-02	0.000000e+00	-3.901130e+03	8.307427e+04
1.201900e-01	7.775316e+04	-1.020428e-02	8.916405e-02	0.000000e+00	-3.062217e+03	8.081538e+04
1.213800e-01	7.708043e+04	-1.031045e-02	8.927370e-02	0.000000e+00	-5.282824e+03	8.236325e+04
1.225700e-01	8.022191e+04	-1.041675e-02	8.938509e-02	0.000000e+00	-4.761363e+03	8.498327e+04
1.237600e-01	6.956314e+04	-1.052318e-02	8.949116e-02	0.000000e+00	-4.795765e+03	7.435890e+04
1.249500e-01	8.125881e+04	-1.062974e-02	8.959797e-02	0.000000e+00	-2.054646e+03	8.331346e+04
1.261400e-01	7.250799e+04	-1.073643e-02	8.970686e-02	0.000000e+00	-4.119391e+03	7.662738e+04
1.273300e-01	7.826967e+04	-1.084324e-02	8.981364e-02	0.000000e+00	-4.027728e+03	8.229740e+04
1.285200e-01	9.141006e+04	-1.095018e-02	8.993380e-02	0.000000e+00	-3.446753e+03	9.485681e+04
1.297100e-01	8.062823e+04	-1.105728e-02	9.005563e-02	0.000000e+00	-5.939445e+03	8.656768e+04
1.309000e-01	7.601975e+04	-1.116451e-02	9.016656e-02	0.000000e+00	-6.739684e+03	8.275943e+04
1.320900e-01	8.716140e+04	-1.127188e-02	9.028212e-02	0.000000e+00	-4.126198e+03	9.128760e+04
1.332800e-01	8.723943e+04	-1.137939e-02	9.040563e-02	0.000000e+00	-2.299328e+03	8.953876e+04
1.344700e-01	8.599597e+04	-1.148704e-02	9.052831e-02	0.000000e+00	-2.760412e+03	8.875639e+04
1.356600e-01	9.027428e+04	-1.159484e-02	9.065314e-02	0.000000e+00	-4.078800e+03	9.435308e+04
1.368500e-01	7.908241e+04	-1.170280e-02	9.077307e-02	0.000000e+00	-4.974160e+03	8.405657e+04
1.380400e-01	9.974066e+04	-1.181088e-02	9.089970e-02	0.000000e+00	-9.768617e+02	1.007175e+05
1.392300e-01	9.554331e+04	-1.191914e-02	9.103800e-02	0.000000e+00	-3.739129e+03	9.928244e+04
1.404200e-01	9.801165e+04	-1.202755e-02	9.117507e-02	0.000000e+00	-2.883640e+03	1.008953e+05
1.416100e-01	1.014634e+05	-1.213613e-02	9.131633e-02	0.000000e+00	-5.693333e+03	1.071567e+05
1.428000e-01	7.340219e+04	-1.224489e-02	9.144016e-02	0.000000e+00	-2.959580e+03	7.636177e+04
1.439900e-01	8.424896e+04	-1.235376e-02	9.155180e-02	0.000000e+00	-2.652641e+03	8.690160e+04
1.451800e-01	9.251701e+04	-1.246278e-02	9.167698e-02	0.000000e+00	-1.903453e+03	9.442046e+04
1.463700e-01	9.046804e+04	-1.257195e-02	9.180657e-02	0.000000e+00	-2.882031e+03	9.335007e+04
1.475600e-01	1.017650e+05	-1.268128e-02	9.194270e-02	0.000000e+00	-2.860132e+03	1.046251e+05
1.487500e-01	8.471649e+04	-1.279078e-02	9.207476e-02	0.000000e+00	-3.565656e+03	8.828215e+04
1.499400e-01	7.006363e+04	-1.290042e-02	9.218437e-02	0.000000e+00	-3.943278e+03	7.400691e+04
1.511300e-01	7.949916e+04	-1.301018e-02	9.229028e-02	0.000000e+00	-2.382630e+03	8.188179e+04
1.523200e-01	9.096925e+04	-1.312007e-02	9.241100e-02	0.000000e+00	-1.705079e+03	9.267433e+04
1.535100e-01	8.609573e+04	-1.323011e-02	9.253639e-02	0.000000e+00	-3.785853e+03	8.988159e+04
1.547000e-01	8.561126e+04	-1.334031e-02	9.265799e-02	0.000000e+00	-3.529627e+03	8.914089e+04
1.558900e-01	8.800740e+04	-1.345064e-02	9.278094e-02	0.000000e+00	-4.908952e+03	9.291635e+04
1.570800e-01	8.132958e+04	-1.356112e-02	9.290086e-02	0.000000e+00	-4.452458e+03	8.578203e+04
1.582700e-01	8.769212e+04	-1.367174e-02	9.302056e-02	0.000000e+00	-6.180065e+03	9.387219e+04
1.594600e-01	8.758318e+04	-1.378251e-02	9.314468e-02	0.000000e+00	-3.369484e+03	9.095266e+04
1.606500e-01	9.044452e+04	-1.389343e-02	9.327075e-02	0.000000e+00	-2.875551e+03	9.332008e+04
1.618400e-01	8.297985e+04	-1.400450e-02	9.339357e-02	0.000000e+00	-7.922403e+03	9.090226e+04
1.630300e-01	8.961696e+04	-1.411571e-02	9.351579e-02	0.000000e+00	-4.036371e+03	9.365333e+04
1.642200e-01	8.852006e+04	-1.422706e-02	9.364194e-02	0.000000e+00	-3.880686e+03	9.240074e+04
1.654100e-01	8.353335e+04	-1.433857e-02	9.376379e-02	0.000000e+00	-1.685481e+03	8.521883e+04
1.666000e-01	8.503851e+04	-1.445022e-02	9.388316e-02	0.000000e+00	-6.060819e+03	9.109933e+04
1.677900e-01	8.981220e+04	-1.456202e-02	9.400698e-02	0.000000e+00	-4.574443e+03	9.438664e+04
1.689800e-01	1.017191e+05	-1.467396e-02	9.414262e-02	0.000000e+00	-4.437453e+03	1.061566e+05
1.701700e-01	9.872013e+04	-1.478607e-02	9.428456e-02	0.000000e+00	-3.666271e+03	1.023864e+05
1.713600e-01	8.369838e+04	-1.489836e-02	9.441375e-02	0.000000e+00	-2.656014e+03	8.635439e+04
1.725500e-01	1.058097e+05	-1.501078e-02	9.454795e-02	0.000000e+00	-1.357806e+03	1.071675e+05
1.737400e-01	9.695003e+04	-1.512338e-02	9.469154e-02	0.000000e+00	-3.474558e+03	1.004246e+05
1.749300e-01	1.030943e+05	-1.523615e-02	9.483320e-02	0.000000e+00	-5.320281e+03	1.084146e+05
1.761200e-01	9.094352e+04	-1.534908e-02	9.497061e-02	0.000000e+00	-5.189674e+03	9.613319e+04
1.773100e-01	9.572028e+04	-1.546218e-02	9.510280e-02	0.000000e+00	-4.978174e+03	1.006985e+05
1.785000e-01	9.854791e+04	-1.557543e-02	9.524037e-02	0.000000e+00	-3.743254e+03	1.022912e+05
1.796900e-01	9.810439e+04	-1.568885e-02	9.537964e-02	0.000000e+00	-2.044644e+03	1.001490e+05
1.808800e-01	9.297072e+04	-1.580243e-02	9.551495e-02	0.000000e+00	-2.327233e+03	9.529796e+04
1.820700e-01	9.458150e+04	-1.591617e-02	9.564777e-02	0.000000e+00	-2.010820e+03	9.659232e+04
1.832600e-01	1.071838e+05	-1.603007e-02	9.579065e-02	0.000000e+00	-3.527283e+03	1.107111e+05
1.844500e-01	9.861816e+04	-1.614415e-02	9.593639e-02	0.000000e+00	-4.963329e+03	1.035815e+05
1.856400e-01	8.489421e+04	-1.625840e-02	9.606635e-02	0.000000e+00	-5.949024e+03	9.084324e+04
1.868300e-01	1.025523e+05	-1.637279e-02	9.619909e-02	0.000000e+00	-5.553709e+03	1.081060e+05
1.880200e-01	9.604530e+04	-1.648736e-02	9.633973e-02	0.000000e+00	-4.704232e+03	1.007495e+05
1.892100e-01	9.009687e+04	-1.660208e-02	9.647155e-02	0.000000e+00	-4.273166e+03	9.437003e+04
1.904000e-01	9.003693e+04	-1.671696e-02	9.659912e-02	0.000000e+00	-3.264612e+03	9.330154e+04
1.915900e-01	9.364519e+04	-1.683199e-02	9.672919e-02	0.000000e+00	-6.393899e+03	1.000391e+05
1.927800e-01	1.063382e+05	-1.694717e-02	9.687081e-02	0.000000e+00	-1.374410e+03	1.077126e+05
1.939700e-01	1.113941e+05	-1.706254e-02	9.702500e-02	0.000000e+00	-4.445894e+03	1.158400e+05
1.951600e-01	1.003591e+05	-1.717809e-02	9.717496e-02	0.000000e+00	-4.234467e+03	1.045936e+05
1.963500e-01	9.435587e+04	-1.729382e-02	9.731285e-02	0.000000e+00	-1.386070e+03	9.574195e+04
1.975400e-01	8.066927e+04	-1.740970e-02	9.743680e-02	0.000000e+00	-4.566680e+03	8.523595e+04
1.987300e-01	1.029597e+05	-1.752572e-02	9.756684e-02	0.000000e+00	-2.852649e+03	1.058123e+05
1.999200e-01	9.777133e+04	-1.764191e-02	9.770899e-02	0.000000e+00	-4.063304e+03	1.018346e+05
2.011100e-01	1.037096e+05	-1.775826e-02	9.785167e-02	0.000000e+00	-5.593767e+03	1.093034e+05
2.023000e-01	9.745834e+04	-1.787479e-02	9.799413e-02	0.000000e+00	-3.845400e+03	1.013037e+05
2.034900e-01	8.910975e+04	-1.799149e-02	9.812625e-02	0.000000e+00	-4.629730e+03	9.373948e+04
2.046800e-01	1.043104e+05	-1.810833e-02	9.826322e-02	0.000000e+00	-2.862987e+03	1.071734e+05
2.058700e-01	9.964947e+04	-1.822536e-02	9.840766e-02	0.000000e+00	-3.245277e+03	1.028947e+05
2.070600e-01	8.873076e+04	-1.834254e-02	9.854107e-02	0.000000e+00	-5.402036e+03	9.413279e+04
2.082500e-01	9.244784e+04	-1.845988e-02	9.866937e-02	0.000000e+00	-3.509056e+03	9.595689e+04
2.094400e-01	9.652044e+04	-1.857738e-02	9.880319e-02	0.000000e+00	-5.136634e+03	1.016571e+05
2.106300e-01	1.034641e+05	-1.869503e-02	9.894481e-02	0.000000e+00	-5.820888e+03	1.092850e+05
2.118200e-01	1.077511e+05	-1.881287e-02	9.909439e-02	0.000000e+00	-2.346747e+03	1.100979e+05
2.130100e-01	1.027293e+05	-1.893088e-02	9.924344e-02	0.000000e+00	-3.499770e+03	1.062291e+05
2.142000e-01	1.113399e+05	-1.904907e-02	9.939504e-02	0.000000e+00	-2.863490e+03	1.142034e+05
2.153900e-01	1.039385e+05	-1.916744e-02	9.954749e-02	0.000000e+00	-2.425438e+03	1.063640e+05
2.165800e-01	9.848050e+04	-1.928599e-02	9.969084e-02	0.000000e+00	-4.042427e+03	1.025229e+05
2.177700e-01	1.015377e+05	-1.940470e-02	9.983248e-02	0.000000e+00	-3.750758e+03	1.052884e+05
2.189600e-01	1.005886e+05	-1.952359e-02	9.997562e-02	0.000000e+00	-4.157339e+03	1.047460e+05
2.201500e-01	9.745146e+04	-1.964265e-02	1.001159e-01	0.000000e+00	-5.989231e+03	1.034407e+05
2.213400e-01	1.018590e+05	-1.976187e-02	1.002570e-01	0.000000e+00	-2.396354e+03	1.042553e+05
2.225300e-01	1.018803e+05	-1.988126e-02	1.004013e-01	0.000000e+00	-4.970354e+03	1.068507e+05
2.237200e-01	1.009016e+05	-2.000082e-02	1.005449e-01	0.000000e+00	-2.436831e+03	1.033384e+05
2.249100e-01	9.238094e+04	-2.012055e-02	1.006818e-01	0.000000e+00	-2.799409e+03	9.518034e+04
2.261000e-01	1.002456e+05	-2.024044e-02	1.008182e-01	0.000000e+00	-4.845804e+03	1.050914e+05
2.272900e-01	9.993311e+04	-2.036050e-02	1.009599e-01	0.000000e+00	-4.088484e+03	1.040216e+05
2.284800e-01	1.161516e+05	-2.048073e-02	1.011130e-01	0.000000e+00	-1.548159e+03	1.176998e+05
2.296700e-01	1.049537e+05	-2.060115e-02	1.012695e-01	0.000000e+00	-4.686933e+03	1.096406e+05
2.308600e-01	8.739385e+04	-2.072175e-02	1.014058e-01	0.000000e+00	-6.073026e+03	9.346688e+04
2.320500e-01	9.502843e+04	-2.084250e-02	1.015349e-01	0.000000e+00	-2.621987e+03	9.765042e+04
2.332400e-01	1.103187e+05	-2.096340e-02	1.016804e-01	0.000000e+00	-2.764135e+03	1.130828e+05
2.344300e-01	1.028677e+05	-2.108450e-02	1.018313e-01	0.000000e+00	-1.888056e+03	1.047558e+05
2.356200e-01	9.510860e+04	-2.120576e-02	1.019715e-01	0.000000e+00	-4.155580e+03	9.926418e+04
2.368100e-01	8.883527e+04	-2.132719e-02	1.021018e-01	0.000000e+00	-2.672770e+03	9.150804e+04
2.380000e-01	8.995667e+04	-2.144876e-02	1.022284e-01	0.000000e+00	-2.780772e+03	9.273744e+04
2.391900e-01	1.127563e+05	-2.157049e-02	1.023720e-01	0.000000e+00	-4.113261e+03	1.168696e+05
2.403800e-01	1.055347e+05	-2.169241e-02	1.025266e-01	0.000000e+00	-3.192916e+03	1.087277e+05
2.415700e-01	1.061636e+05	-2.181450e-02	1.026765e-01	0.000000e+00	-2.421368e+03	1.085849e+05
2.427600e-01	9.887102e+04	-2.193678e-02	1.028217e-01	0.000000e+00	-6.175015e+03	1.050460e+05
2.439500e-01	1.022688e+05	-2.205922e-02	1.029641e-01	0.000000e+00	-4.940984e+03	1.072097e+05
2.451400e-01	1.041681e+05	-2.218183e-02	1.031103e-01	0.000000e+00	-2.011956e+03	1.061800e+05
2.463300e-01	1.028687e+05	-2.230462e-02	1.032569e-01	0.000000e+00	-2.190306e+03	1.050591e+05
2.475200e-01	9.656364e+04	-2.242758e-02	1.033981e-01	0.000000e+00	-1.221103e+03	9.778474e+04
2.487100e-01	1.066693e+05	-2.255071e-02	1.035421e-01	0.000000e+00	-2.380842e+03	1.090501e+05
2.499000e-01	9.444373e+04	-2.267401e-02	1.036845e-01	0.000000e+00	-2.844900e+03	9.728863e+04
2.510900e-01	9.220851e+04	-2.279748e-02	1.038167e-01	0.000000e+00	-5.142766e+03	9.735127e+04
2.522800e-01	1.067344e+05	-2.292110e-02	1.039576e-01	0.000000e+00	-4.563049e+03	1.112975e+05
2.534700e-01	1.108841e+05	-2.304490e-02	1.041117e-01	0.000000e+00	-4.288823e+03	1.151729e+05
2.546600e-01	1.009877e+05	-2.316888e-02	1.042617e-01	0.000000e+00	-3.394694e+03	1.043824e+05
2.558500e-01	1.093914e+05	-2.329304e-02	1.044107e-01	0.000000e+00	-3.647709e+03	1.130391e+05
2.570400e-01	1.167865e+05	-2.341738e-02	1.045709e-01	0.000000e+00	-3.062924e+03	1.198494e+05
2.582300e-01	1.128541e+05	-2.354192e-02	1.047335e-01	0.000000e+00	-3.584866e+03	1.164390e+05
2.594200e-01	1.058538e+05	-2.366665e-02	1.048884e-01	0.000000e+00	-2.685389e+03	1.085391e+05
2.606100e-01	1.032677e+05	-2.379155e-02	1.050365e-01	0.000000e+00	-2.621149e+03	1.058889e+05
2.618000e-01	8.623593e+04	-2.391663e-02	1.051707e-01	0.000000e+00	-1.340533e+03	8.757646e+04
2.629900e-01	1.017900e+05	-2.404186e-02	1.053038e-01	0.000000e+00	-3.245878e+03	1.050359e+05
2.641800e-01	1.014849e+05	-2.416726e-02	1.054478e-01	0.000000e+00	-6.051335e+03	1.075362e+05
2.653700e-01	9.547588e+04	-2.429283e-02	1.055872e-01	0.000000e+00	-3.782213e+03	9.925809e+04
2.665600e-01	1.044417e+05	-2.441855e-02	1.057288e-01	0.000000e+00	-2.917440e+03	1.073591e+05
2.677500e-01	1.058830e+05	-2.454446e-02	1.058778e-01	0.000000e+00	-2.861367e+03	1.087444e+05
2.689400e-01	1.032153e+05	-2.467054e-02	1.060258e-01	0.000000e+00	-2.132586e+03	1.053479e+05
2.701300e-01	9.721520e+04	-2.479680e-02	1.061678e-01	0.000000e+00	-4.966868e+03	1.021821e+05
2.713200e-01	9.942141e+04	-2.492322e-02	1.063070e-01	0.000000e+00	-4.963380e+03	1.043848e+05
2.725100e-01	1.091286e+05	-2.504981e-02	1.064547e-01	0.000000e+00	-4.324602e+03	1.134532e+05
2.737000e-01	1.038373e+05	-2.517659e-02	1.066055e-01	0.000000e+00	-5.188463e+03	1.090258e+05
2.748900e-01	1.047886e+05	-2.530353e-02	1.067533e-01	0.000000e+00	-5.320286e+03	1.101089e+05
2.760800e-01	1.032602e+05	-2.543066e-02	1.069006e-01	0.000000e+00	-4.025651e+03	1.072859e+05
2.772700e-01	1.018767e+05	-2.555796e-02	1.070459e-01	0.000000e+00	-7.596206e+03	1.094729e+05
2.784600e-01	1.091746e+05	-2.568543e-02	1.071953e-01	0.000000e+00	-5.057020e+03	1.142316e+05
2.796500e-01	1.101527e+05	-2.581308e-02	1.073507e-01	0.000000e+00	-3.921344e+03	1.140741e+05
2.808400e-01	1.047765e+05	-2.594092e-02	1.075029e-01	0.000000e+00	-1.931916e+03	1.067084e+05
2.820300e-01	9.829318e+04	-2.606894e-02	1.076467e-01	0.000000e+00	-2.564284e+03	1.008575e+05
2.832200e-01	1.066502e+05	-2.619712e-02	1.077918e-01	0.000000e+00	-3.149803e+03	1.098000e+05
2.844100e-01	1.086523e+05	-2.632548e-02	1.079443e-01	0.000000e+00	-2.601180e+03	1.112535e+05
2.856000e-01	1.097964e+05	-2.645403e-02	1.080990e-01	0.000000e+00	-2.407865e+03	1.122043e+05
2.867900e-01	1.067977e+05	-2.658276e-02	1.082523e-01	0.000000e+00	-3.220032e+03	1.100178e+05
2.879800e-01	9.569178e+04	-2.671167e-02	1.083957e-01	0.000000e+00	-3.649769e+03	9.934154e+04
2.891700e-01	1.053090e+05	-2.684074e-02	1.085381e-01	0.000000e+00	-1.588142e+03	1.068971e+05
2.903600e-01	1.019661e+05	-2.696999e-02	1.086849e-01	0.000000e+00	-2.728461e+03	1.046946e+05
2.915500e-01	9.817933e+04	-2.709941e-02	1.088266e-01	0.000000e+00	-4.035281e+03	1.022146e+05
2.927400e-01	1.111640e+05	-2.722900e-02	1.089749e-01	0.000000e+00	-2.245466e+03	1.134094e+05
2.939300e-01	1.009741e+05	-2.735877e-02	1.091251e-01	0.000000e+00	-3.660415e+03	1.046345e+05
2.951200e-01	1.041505e+05	-2.748871e-02	1.092703e-01	0.000000e+00	-6.091765e+03	1.102423e+05
2.963100e-01	9.447817e+04	-2.761883e-02	1.094110e-01	0.000000e+00	-3.341663e+03	9.781983e+04
2.975000e-01	1.101196e+05	-2.774911e-02	1.095559e-01	0.000000e+00	-1.751347e+03	1.118709e+05
2.986900e-01	1.131145e+05	-2.787958e-02	1.097140e-01	0.000000e+00	-2.788906e+03	1.159034e+05
2.998800e-01	1.095245e+05	-2.801023e-02	1.098716e-01	0.000000e+00	-3.322465e+03	1.128470e+05
3.010700e-01	1.154186e+05	-2.814107e-02	1.100309e-01	0.000000e+00	-7.291930e+03	1.227105e+05
3.022600e-01	1.028462e+05	-2.827211e-02	1.101855e-01	0.000000e+00	-4.129927e+03	1.069761e+05
3.034500e-01	9.815354e+04	-2.840331e-02	1.103279e-01	0.000000e+00	-3.554031e+03	1.017076e+05
3.046400e-01	1.072038e+05	-2.853469e-02	1.104733e-01	0.000000e+00	-4.691764e+03	1.118956e+05
3.058300e-01	1.116827e+05	-2.866624e-02	1.106283e-01	0.000000e+00	-2.527587e+03	1.142103e+05
3.070200e-01	1.152502e+05	-2.879798e-02	1.107890e-01	0.000000e+00	-3.286696e+03	1.185369e+05
3.082100e-01	9.780069e+04	-2.892992e-02	1.109399e-01	0.000000e+00	-2.834477e+03	1.006352e+05
3.094000e-01	9.792970e+04	-2.906202e-02	1.110785e-01	0.000000e+00	-2.858635e+03	1.007883e+05
3.105900e-01	1.026409e+05	-2.919428e-02	1.112205e-01	0.000000e+00	-4.004596e+03	1.066455e+05
3.117800e-01	1.071519e+05	-2.932672e-02	1.113691e-01	0.000000e+00	-3.036440e+03	1.101883e+05
3.129700e-01	1.204573e+05	-2.945934e-02	1.115303e-01	0.000000e+00	-3.169751e+03	1.236271e+05
3.141600e-01	1.119409e+05	-2.959217e-02	1.116948e-01	0.000000e+00	-3.235406e+03	1.151763e+05
3.153500e-01	1.059109e+05	-2.972518e-02	1.118491e-01	0.000000e+00	-2.153554e+03	1.080645e+05
3.165400e-01	9.145993e+04	-2.985837e-02	1.119889e-01	0.000000e+00	-5.228354e+03	9.668828e+04
3.177300e-01	9.897896e+04	-2.999171e-02	1.121238e-01	0.000000e+00	-4.527398e+03	1.035064e+05
3.189200e-01	1.129159e+05	-3.012522e-02	1.122738e-01	0.000000e+00	-3.241632e+03	1.161575e+05
3.201100e-01	1.083433e+05	-3.025892e-02	1.124305e-01	0.000000e+00	-5.200428e+03	1.135437e+05
3.213000e-01	1.098250e+05	-3.039281e-02	1.125850e-01	0.000000e+00	-1.666028e+03	1.114910e+05
3.224900e-01	1.071119e+05	-3.052687e-02	1.127386e-01	0.000000e+00	-2.868018e+03	1.099799e+05
3.236800e-01	9.849927e+04	-3.066112e-02	1.128842e-01	0.000000e+00	-1.921091e+03	1.004204e+05
3.248700e-01	1.085549e+05	-3.079554e-02	1.130309e-01	0.000000e+00	-4.135053e+03	1.126899e+05
3.260600e-01	1.006047e+05	-3.093014e-02	1.131790e-01	0.000000e+00	-3.914385e+03	1.045191e+05
3.272500e-01	1.050133e+05	-3.106490e-02	1.133246e-01	0.000000e+00	-2.554032e+03	1.075673e+05
3.284400e-01	1.080845e+05	-3.119985e-02	1.134755e-01	0.000000e+00	-1.984343e+03	1.100689e+05
3.296300e-01	1.063469e+05	-3.133498e-02	1.136274e-01	0.000000e+00	-5.189797e+03	1.115367e+05
3.308200e-01	1.018576e+05	-3.147028e-02	1.137748e-01	0.000000e+00	-3.457242e+03	1.053148e+05
3.320100e-01	1.018173e+05	-3.160576e-02	1.139190e-01	0.000000e+00	-4.817259e+03	1.066346e+05
3.332000e-01	1.006954e+05	-3.174141e-02	1.140624e-01	0.000000e+00	-3.029953e+03	1.037254e+05
3.343900e-01	1.086732e+05	-3.187723e-02	1.142107e-01	0.000000e+00	-2.462078e+03	1.111353e+05
3.355800e-01	1.061450e+05	-3.201323e-02	1.143628e-01	0.000000e+00	-2.201189e+03	1.083462e+05
3.367700e-01	9.691923e+04	-3.214941e-02	1.145066e-01	0.000000e+00	-3.020165e+03	9.993940e+04
3.379600e-01	1.201727e+05	-3.228576e-02	1.146604e-01	0.000000e+00	-2.049449e+03	1.222222e+05
3.391500e-01	1.085997e+05	-3.242230e-02	1.148224e-01	0.000000e+00	-6.204267e+03	1.148040e+05
3.403400e-01	1.186494e+05	-3.255903e-02	1.149833e-01	0.000000e+00	-5.080002e+03	1.237294e+05
3.415300e-01	1.058719e+05	-3.269596e-02	1.151423e-01	0.000000e+00	-2.489366e+03	1.083612e+05
3.427200e-01	1.112641e+05	-3.283307e-02	1.152961e-01	0.000000e+00	-2.308784e+03	1.135729e+05
3.439100e-01	9.922439e+04	-3.297037e-02	1.154451e-01	0.000000e+00	-5.138337e+03	1.043627e+05
3.451000e-01	8.683049e+04	-3.310783e-02	1.155769e-01	0.000000e+00	-3.105742e+03	8.993623e+04
3.462900e-01	1.050911e+05	-3.324544e-02	1.157128e-01	0.000000e+00	-4.864496e+03	1.099556e+05
3.474800e-01	1.144649e+05	-3.338323e-02	1.158683e-01	0.000000e+00	-4.463782e+03	1.189287e+05
3.486700e-01	1.109538e+05	-3.352121e-02	1.160279e-01	0.000000e+00	-3.417666e+03	1.143714e+05
3.498600e-01	1.056773e+05	-3.365938e-02	1.161813e-01	0.000000e+00	-3.431284e+03	1.091086e+05
3.510500e-01	1.032607e+05	-3.379772e-02	1.163293e-01	0.000000e+00	-2.631521e+03	1.058922e+05
3.522400e-01	9.613128e+04	-3.393624e-02	1.164705e-01	0.000000e+00	-4.748462e+03	1.008797e+05
3.534300e-01	8.998303e+04	-3.407492e-02	1.166023e-01	0.000000e+00	-3.029890e+03	9.301292e+04
3.546200e-01	9.317918e+04	-3.421375e-02	1.167320e-01	0.000000e+00	-2.665667e+03	9.584485e+04
3.558100e-01	1.053530e+05	-3.435274e-02	1.168726e-01	0.000000e+00	-4.979744e+03	1.103328e+05
3.570000e-01	1.193678e+05	-3.449191e-02	1.170317e-01	0.000000e+00	-3.536388e+03	1.229041e+05
3.581900e-01	1.061429e+05	-3.463128e-02	1.171914e-01	0.000000e+00	-2.342172e+03	1.084851e+05
3.593800e-01	9.412997e+04	-3.477082e-02	1.173333e-01	0.000000e+00	-1.893996e+03	9.602397e+04
3.605700e-01	1.030771e+05	-3.491053e-02	1.174729e-01	0.000000e+00	-4.421858e+03	1.074989e+05
3.617600e-01	1.123057e+05	-3.505041e-02	1.176254e-01	0.000000e+00	-7.031726e+02	1.130089e+05
3.629500e-01	1.115320e+05	-3.519048e-02	1.177840e-01	0.000000e+00	-1.324901e+03	1.128569e+05
3.641400e-01	1.200309e+05	-3.533074e-02	1.179479e-01	0.000000e+00	-3.738787e+03	1.237696e+05
3.653300e-01	1.027588e+05	-3.547120e-02	1.181057e-01	0.000000e+00	-5.732587e+03	1.084914e+05
3.665200e-01	1.031249e+05	-3.561183e-02	1.182515e-01	0.000000e+00	-4.446787e+03	1.075716e+05
3.677100e-01	9.833686e+04	-3.575263e-02	1.183942e-01	0.000000e+00	-1.654466e+03	9.999133e+04
3.689000e-01	9.244649e+04	-3.589361e-02	1.185293e-01	0.000000e+00	-4.391177e+03	9.683767e+04
3.700900e-01	9.046874e+04	-3.603473e-02	1.186588e-01	0.000000e+00	-5.513748e+03	9.598249e+04
3.712800e-01	1.037812e+05	-3.617601e-02	1.187964e-01	0.000000e+00	-3.318748e+03	1.070999e+05
3.724700e-01	1.065966e+05	-3.631747e-02	1.189454e-01	0.000000e+00	-1.554819e+03	1.081514e+05
3.736600e-01	1.084918e+05	-3.645910e-02	1.190977e-01	0.000000e+00	-1.291305e+03	1.097831e+05
3.748500e-01	1.148835e+05	-3.660092e-02	1.192559e-01	0.000000e+00	-1.157002e+03	1.160405e+05
3.760400e-01	9.742436e+04	-3.674293e-02	1.194062e-01	0.000000e+00	-2.631257e+03	1.000556e+05
3.772300e-01	9.643232e+04	-3.688511e-02	1.195435e-01	0.000000e+00	-4.926801e+03	1.013591e+05
3.784200e-01	1.099921e+05	-3.702745e-02	1.196897e-01	0.000000e+00	-2.633280e+03	1.126254e+05
3.796100e-01	1.003813e+05	-3.716997e-02	1.198387e-01	0.000000e+00	-2.464748e+03	1.028460e+05
3.808000e-01	9.583183e+04	-3.731266e-02	1.199776e-01	0.000000e+00	-7.883238e+02	9.662015e+04
3.819900e-01	1.050418e+05	-3.745552e-02	1.201199e-01	0.000000e+00	-1.941868e+03	1.069837e+05
3.831800e-01	9.975637e+04	-3.759855e-02	1.202649e-01	0.000000e+00	-2.044062e+03	1.018004e+05
3.843700e-01	1.112308e+05	-3.774175e-02	1.204143e-01	0.000000e+00	-3.815229e+03	1.150460e+05
3.855600e-01	1.005353e+05	-3.788513e-02	1.205643e-01	0.000000e+00	-2.478386e+03	1.030137e+05
3.867500e-01	1.001164e+05	-3.802869e-02	1.207064e-01	0.000000e+00	-1.909495e+03	1.020259e+05
3.879400e-01	9.375633e+04	-3.817241e-02	1.208437e-01	0.000000e+00	-3.270475e+03	9.702680e+04
3.891300e-01	1.119374e+05	-3.831630e-02	1.209893e-01	0.000000e+00	-2.072957e+03	1.140103e+05
3.903200e-01	1.071495e+05	-3.846037e-02	1.211445e-01	0.000000e+00	-2.638899e+03	1.097884e+05
3.915100e-01	1.154806e+05	-3.860462e-02	1.213021e-01	0.000000e+00	-3.426594e+03	1.189072e+05
3.927000e-01	9.941475e+04	-3.874907e-02	1.214543e-01	0.000000e+00	-4.949847e+03	1.043646e+05
3.938900e-01	1.070667e+05	-3.889368e-02	1.216005e-01	0.000000e+00	-2.454087e+03	1.095208e+05
3.950800e-01	1.131621e+05	-3.903848e-02	1.217565e-01	0.000000e+00	-7.879267e+02	1.139500e+05
3.962700e-01	9.883877e+04	-3.918346e-02	1.219066e-01	0.000000e+00	-3.364258e+03	1.022030e+05
3.974600e-01	1.007588e+05	-3.932862e-02	1.220480e-01	0.000000e+00	-3.444236e+03	1.042030e+05
3.986500e-01	1.125557e+05	-3.947394e-02	1.221990e-01	0.000000e+00	-3.875655e+02	1.129433e+05
3.998400e-01	1.017853e+05	-3.961945e-02	1.223508e-01	0.000000e+00	-1.233317e+03	1.030187e+05
4.010300e-01	9.810425e+04	-3.976513e-02	1.224924e-01	0.000000e+00	-3.058500e+03	1.011627e+05
4.022200e-01	1.095693e+05	-3.991098e-02	1.226395e-01	0.000000e+00	-4.387361e+03	1.139567e+05
4.034100e-01	9.019585e+04	-4.005701e-02	1.227809e-01	0.000000e+00	-4.572423e+03	9.476828e+04
4.046000e-01	8.934150e+04	-4.020320e-02	1.229081e-01	0.000000e+00	-3.326392e+03	9.266789e+04
4.057900e-01	1.120953e+05	-4.034954e-02	1.230507e-01	0.000000e+00	-2.603883e+03	1.146991e+05
4.069800e-01	1.043732e+05	-4.049606e-02	1.232040e-01	0.000000e+00	-2.433154e+03	1.068064e+05
4.081700e-01	9.413238e+04	-4.064276e-02	1.233446e-01	0.000000e+00	-1.107549e+03	9.523993e+04
4.093600e-01	1.030675e+05	-4.078962e-02	1.234842e-01	0.000000e+00	-8.719095e+02	1.039395e+05
4.105500e-01	1.070258e+05	-4.093665e-02	1.236330e-01	0.000000e+00	-3.723018e+03	1.107488e+05
4.117400e-01	1.119213e+05	-4.108387e-02	1.237881e-01	0.000000e+00	-3.510917e+03	1.154322e+05
4.129300e-01	1.149102e+05	-4.123127e-02	1.239487e-01	0.000000e+00	-4.640221e+03	1.195504e+05
4.141200e-01	1.092215e+05	-4.137887e-02	1.241074e-01	0.000000e+00	-4.290148e+03	1.135117e+05
4.153100e-01	1.009468e+05	-4.152665e-02	1.242563e-01	0.000000e+00	-3.951166e+03	1.048979e+05
4.165000e-01	1.133722e+05	-4.167460e-02	1.244080e-01	0.000000e+00	-2.508531e+03	1.158808e+05
4.176900e-01	9.148941e+04	-4.182274e-02	1.245531e-01	0.000000e+00	-3.067663e+03	9.455708e+04
4.188800e-01	1.065168e+05	-4.197103e-02	1.246933e-01	0.000000e+00	-4.491292e+03	1.110081e+05
4.200700e-01	9.229573e+04	-4.211951e-02	1.248341e-01	0.000000e+00	-3.669155e+03	9.596488e+04
4.212600e-01	1.003373e+05	-4.226814e-02	1.249705e-01	0.000000e+00	-3.059474e+03	1.033967e+05
4.224500e-01	1.126634e+05	-4.241694e-02	1.251214e-01	0.000000e+00	-2.369916e+03	1.150333e+05
4.236400e-01	1.103068e+05	-4.256593e-02	1.252793e-01	0.000000e+00	-3.538184e+03	1.138450e+05
4.248300e-01	9.918687e+04	-4.271510e-02	1.254276e-01	0.000000e+00	-2.471336e+03	1.016582e+05
4.260200e-01	9.155777e+04	-4.286444e-02	1.255627e-01	0.000000e+00	-1.283782e+03	9.284156e+04
4.272100e-01	1.104973e+05	-4.301394e-02	1.257058e-01	0.000000e+00	-3.817935e+03	1.143152e+05
4.284000e-01	1.017618e+05	-4.316362e-02	1.258561e-01	0.000000e+00	-2.425646e+03	1.041875e+05
4.295900e-01	1.040121e+05	-4.331348e-02	1.260018e-01	0.000000e+00	-1.471817e+03	1.054839e+05
4.307800e-01	1.048447e+05	-4.346351e-02	1.261497e-01	0.000000e+00	-2.798502e+03	1.076433e+05
4.319700e-01	1.076426e+05	-4.361371e-02	1.263002e-01	0.000000e+00	-1.756563e+03	1.093992e+05
4.331600e-01	1.087461e+05	-4.376410e-02	1.264535e-01	0.000000e+00	-1.604648e+03	1.103508e+05
4.343500e-01	1.123574e+05	-4.391467e-02	1.266100e-01	0.000000e+00	-4.111926e+03	1.164693e+05
4.355400e-01	1.100372e+05	-4.406543e-02	1.267675e-01	0.000000e+00	-3.647863e+03	1.136851e+05
4.367300e-01	1.098264e+05	-4.421638e-02	1.269232e-01	0.000000e+00	-3.255904e+03	1.130823e+05
4.379200e-01	1.156417e+05	-4.436751e-02	1.270829e-01	0.000000e+00	-2.699181e+03	1.183409e+05
4.391100e-01	1.135383e+05	-4.451884e-02	1.272452e-01	0.000000e+00	-2.446335e+03	1.159846e+05
4.403000e-01	1.183267e+05	-4.467035e-02	1.274094e-01	0.000000e+00	-8.293101e+02	1.191561e+05
4.414900e-01	1.131750e+05	-4.482207e-02	1.275733e-01	0.000000e+00	-2.101445e+03	1.152765e+05
4.426800e-01	9.970352e+04	-4.497398e-02	1.277241e-01	0.000000e+00	-2.041913e+03	1.017454e+05
4.438700e-01	1.027773e+05	-4.512605e-02	1.278675e-01	0.000000e+00	-2.200758e+03	1.049780e+05
4.450600e-01	1.068317e+05	-4.527830e-02	1.280159e-01	0.000000e+00	-3.781665e+03	1.106133e+05
4.462500e-01	9.879659e+04	-4.543073e-02	1.281615e-01	0.000000e+00	-4.077206e+03	1.028738e+05
4.474400e-01	1.134810e+05	-4.558333e-02	1.283119e-01	0.000000e+00	-2.402496e+03	1.158835e+05
4.486300e-01	1.027604e+05	-4.573612e-02	1.284650e-01	0.000000e+00	-3.415762e+03	1.061761e+05
4.498200e-01	1.055361e+05	-4.588907e-02	1.286125e-01	0.000000e+00	-1.542636e+03	1.070788e+05
4.510100e-01	1.124461e+05	-4.604221e-02	1.287669e-01	0.000000e+00	-4.026969e+03	1.164731e+05
4.522000e-01	1.032851e+05	-4.619554e-02	1.289196e-01	0.000000e+00	-4.442753e+03	1.077279e+05
4.533900e-01	1.260505e+05	-4.634904e-02	1.290820e-01	0.000000e+00	-2.464083e+03	1.285146e+05
4.545800e-01	1.057346e+05	-4.650276e-02	1.292462e-01	0.000000e+00	-4.042638e+03	1.097773e+05
4.557700e-01	9.767835e+04	-4.665665e-02	1.293902e-01	0.000000e+00	-2.579034e+03	1.002574e+05
4.569600e-01	1.038813e+05	-4.681070e-02	1.295330e-01	0.000000e+00	-3.203609e+03	1.070849e+05
4.581500e-01	1.065014e+05	-4.696494e-02	1.296820e-01	0.000000e+00	-3.665177e+03	1.101666e+05
4.593400e-01	1.098648e+05	-4.711935e-02	1.298352e-01	0.000000e+00	-1.104192e+03	1.109690e+05
4.605300e-01	1.050128e+05	-4.727394e-02	1.299874e-01	0.000000e+00	-2.923384e+03	1.079362e+05
4.617200e-01	1.069442e+05	-4.742872e-02	1.301375e-01	0.000000e+00	-3.273278e+03	1.102175e+05
4.629100e-01	1.106815e+05	-4.758367e-02	1.302916e-01	0.000000e+00	-2.385960e+03	1.130674e+05
4.641000e-01	1.063791e+05	-4.773881e-02	1.304453e-01	0.000000e+00	-4.041578e+03	1.104207e+05
4.652900e-01	1.003584e+05	-4.789413e-02	1.305917e-01	0.000000e+00	-7.101319e+03	1.074597e+05
4.664800e-01	9.946048e+04	-4.804962e-02	1.307332e-01	0.000000e+00	-3.411288e+03	1.028718e+05
4.676700e-01	1.150494e+05	-4.820528e-02	1.308851e-01	0.000000e+00	-1.645086e+02	1.152140e+05
4.688600e-01	1.065014e+05	-4.836113e-02	1.310420e-01	0.000000e+00	-2.300912e+03	1.088023e+05
4.700500e-01	1.007941e+05	-4.851716e-02	1.311888e-01	0.000000e+00	-2.978206e+03	1.037723e+05
4.712400e-01	1.099467e+05	-4.867336e-02	1.313380e-01	0.000000e+00	-1.530199e+03	1.114769e+05
4.724300e-01	1.139860e+05	-4.882974e-02	1.314966e-01	0.000000e+00	-2.809568e+03	1.167955e+05
4.736200e-01	8.832348e+04	-4.898632e-02	1.316399e-01	0.000000e+00	-3.535548e+03	9.185903e+04
4.748100e-01	9.386854e+04	-4.914304e-02	1.317689e-01	0.000000e+00	-5.426557e+03	9.929510e+04
4.760000e-01	9.628749e+04	-4.929993e-02	1.319036e-01	0.000000e+00	-4.836314e+03	1.011238e+05
4.771900e-01	9.909122e+04	-4.945697e-02	1.320419e-01	0.000000e+00	-4.642963e+03	1.037342e+05
4.783800e-01	1.012835e+05	-4.961419e-02	1.321838e-01	0.000000e+00	-2.824013e+03	1.041075e+05
4.795700e-01	1.142160e+05	-4.977157e-02	1.323364e-01	0.000000e+00	-1.575309e+03	1.157913e+05
4.807600e-01	1.154470e+05	-4.992915e-02	1.324991e-01	0.000000e+00	-4.689642e+03	1.201367e+05
4.819500e-01	1.079990e+05	-5.008692e-02	1.326573e-01	0.000000e+00	-3.115586e+03	1.111146e+05
4.831400e-01	1.002908e+05	-5.024487e-02	1.328048e-01	0.000000e+00	-7.131730e+01	1.003621e+05
4.843300e-01	1.159681e+05	-5.040299e-02	1.329580e-01	0.000000e+00	-1.810747e+03	1.177789e+05
4.855200e-01	1.076239e+05	-5.056131e-02	1.331163e-01	0.000000e+00	-2.769658e+03	1.103936e+05
4.867100e-01	1.083296e+05	-5.071981e-02	1.332692e-01	0.000000e+00	-3.361551e+03	1.116912e+05
4.879000e-01	1.111258e+05	-5.087849e-02	1.334246e-01	0.000000e+00	-3.383003e+03	1.145088e+05
4.890900e-01	1.003631e+05	-5.103736e-02	1.335744e-01	0.000000e+00	-2.503731e+03	1.028668e+05
4.902800e-01	1.053121e+05	-5.119640e-02	1.337201e-01	0.000000e+00	-3.671686e+03	1.089838e+05
4.914700e-01	1.213177e+05	-5.135562e-02	1.338806e-01	0.000000e+00	-2.047144e+03	1.233648e+05
4.926600e-01	1.119220e+05	-5.151504e-02	1.340457e-01	0.000000e+00	-2.983703e+03	1.149057e+05
4.938500e-01	1.093286e+05	-5.167464e-02	1.342024e-01	0.000000e+00	-2.604439e+03	1.119331e+05
4.950400e-01	1.165988e+05	-5.183444e-02	1.343624e-01	0.000000e+00	-3.002144e+03	1.196010e+05
4.962300e-01	1.146772e+05	-5.199443e-02	1.345262e-01	0.000000e+00	-1.925637e+03	1.166029e+05
4.974200e-01	1.050491e+05	-5.215461e-02	1.346818e-01	0.000000e+00	-5.294440e+03	1.103435e+05
4.986100e-01	1.095923e+05	-5.231497e-02	1.348338e-01	0.000000e+00	-4.843733e+03	1.144361e+05
4.998000e-01	9.526597e+04	-5.247551e-02	1.349789e-01	0.000000e+00	-4.997705e+03	1.002637e+05
5.009900e-01	9.119122e+04	-5.263622e-02	1.351109e-01	0.000000e+00	-3.978089e+03	9.516931e+04
5.021800e-01	1.014506e+05	-5.279708e-02	1.352473e-01	0.000000e+00	-1.946783e+03	1.033974e+05
5.033700e-01	9.814523e+04	-5.295811e-02	1.353887e-01	0.000000e+00	-3.251523e+03	1.013968e+05
5.045600e-01	1.004532e+05	-5.311930e-02	1.355293e-01	0.000000e+00	-6.422777e+03	1.068760e+05
5.057500e-01	1.087704e+05	-5.328067e-02	1.356775e-01	0.000000e+00	-1.481881e+03	1.102523e+05
5.069400e-01	1.200785e+05	-5.344222e-02	1.358395e-01	0.000000e+00	-4.848407e+03	1.249269e+05
5.081300e-01	1.175009e+05	-5.360397e-02	1.360078e-01	0.000000e+00	-1.127053e+03	1.186280e+05
5.093200e-01	1.022771e+05	-5.376591e-02	1.361634e-01	0.000000e+00	-3.234564e+03	1.055116e+05
5.105100e-01	1.075416e+05	-5.392803e-02	1.363120e-01	0.000000e+00	-1.317605e+03	1.088592e+05
5.117000e-01	9.522536e+04	-5.409034e-02	1.364556e-01	0.000000e+00	-2.882599e+03	9.810796e+04
5.128900e-01	1.002664e+05	-5.425280e-02	1.365940e-01	0.000000e+00	-3.960028e+03	1.042265e+05
5.140800e-01	1.038738e+05	-5.441543e-02	1.367386e-01	0.000000e+00	-2.228150e+03	1.061019e+05
5.152700e-01	1.053850e+05	-5.457824e-02	1.368868e-01	0.000000e+00	-2.668594e+03	1.080536e+05
5.164600e-01	1.159613e+05	-5.474122e-02	1.370435e-01	0.000000e+00	-2.728922e+03	1.186903e+05
5.176500e-01	1.027849e+05	-5.490440e-02	1.371985e-01	0.000000e+00	-2.864326e+03	1.056492e+05
5.188400e-01	1.055266e+05	-5.506775e-02	1.373460e-01	0.000000e+00	-1.551832e+03	1.070785e+05
5.200300e-01	1.199271e+05	-5.523128e-02	1.375056e-01	0.000000e+00	-2.935111e+03	1.228622e+05
5.212200e-01	1.241308e+05	-5.539502e-02	1.376785e-01	0.000000e+00	-3.377161e+03	1.275079e+05
5.224100e-01	1.013037e+05	-5.555896e-02	1.378381e-01	0.000000e+00	-2.995047e+03	1.042987e+05
5.236000e-01	1.045039e+05	-5.572307e-02	1.379839e-01	0.000000e+00	-3.236669e+03	1.077405e+05
5.247900e-01	1.178582e+05	-5.588736e-02	1.381413e-01	0.000000e+00	-3.056572e+03	1.209147e+05
5.259800e-01	1.037668e+05	-5.605185e-02	1.382983e-01	0.000000e+00	-2.587310e+03	1.063541e+05
5.271700e-01	1.058063e+05	-5.621651e-02	1.384467e-01	0.000000e+00	-1.775312e+03	1.075816e+05
5.283600e-01	1.038020e+05	-5.638135e-02	1.385951e-01	0.000000e+00	-9.494010e+02	1.047514e+05
5.295500e-01	1.239557e+05	-5.654637e-02	1.387564e-01	0.000000e+00	-8.384400e+02	1.247941e+05
5.307400e-01	1.149005e+05	-5.671159e-02	1.389256e-01	0.000000e+00	-1.609119e+03	1.165096e+05
5.319300e-01	1.095674e+05	-5.687701e-02	1.390845e-01	0.000000e+00	-2.861889e+03	1.124293e+05
5.331200e-01	1.083235e+05	-5.704261e-02	1.392388e-01	0.000000e+00	-3.783640e+03	1.121071e+05
5.343100e-01	1.052063e+05	-5.720840e-02	1.393900e-01	0.000000e+00	-2.195348e+03	1.074016e+05
5.355000e-01	1.118492e+05	-5.737436e-02	1.395437e-01	0.000000e+00	-2.517390e+03	1.143666e+05
5.366900e-01	1.000242e+05	-5.754051e-02	1.396938e-01	0.000000e+00	-4.011037e+03	1.040352e+05
5.378800e-01	9.001954e+04	-5.770683e-02	1.398284e-01	0.000000e+00	-8.217953e+02	9.084134e+04
5.390700e-01	1.124037e+05	-5.787330e-02	1.399717e-01	0.000000e+00	-1.840613e+03	1.142443e+05
5.402600e-01	1.069614e+05	-5.803996e-02	1.401271e-01	0.000000e+00	-5.291322e+02	1.074905e+05
5.414500e-01	9.668847e+04	-5.820681e-02	1.402713e-01	0.000000e+00	0.000000e+00	9.668847e+04
5.426400e-01	1.206245e+05	-5.837381e-02	1.404252e-01	0.000000e+00	0.000000e+00	1.206245e+05
5.438300e-01	1.151468e+05	-5.854102e-02	1.405921e-01	0.000000e+00	-5.188263e+02	1.156656e+05
5.450200e-01	1.080130e+05	-5.870842e-02	1.407502e-01	0.000000e+00	-1.199960e+03	1.092129e+05
5.462100e-01	1.158487e+05	-5.887600e-02	1.409087e-01	0.000000e+00	-1.346483e+03	1.171952e+05
5.474000e-01	1.157810e+05	-5.904378e-02	1.410727e-01	0.000000e+00	-3.121463e+03	1.189024e+05
5.485900e-01	1.082803e+05	-5.921176e-02	1.412314e-01	0.000000e+00	-2.652015e+03	1.109323e+05
5.497800e-01	1.056491e+05	-5.937991e-02	1.413829e-01	0.000000e+00	-3.798824e+03	1.094480e+05
5.509700e-01	1.212943e+05	-5.954825e-02	1.415436e-01	0.000000e+00	-3.403764e+03	1.246981e+05
5.521600e-01	1.057982e+05	-5.971679e-02	1.417044e-01	0.000000e+00	-1.824458e+03	1.076226e+05
5.533500e-01	1.031945e+05	-5.988550e-02	1.418524e-01	0.000000e+00	-4.705970e+03	1.079004e+05
5.545400e-01	1.066615e+05	-6.005440e-02	1.420011e-01	0.000000e+00	-2.995149e+03	1.096566e+05
5.557300e-01	9.484391e+04	-6.022347e-02	1.421438e-01	0.000000e+00	-2.816271e+03	9.766018e+04
5.569200e-01	9.737094e+04	-6.039270e-02	1.422799e-01	0.000000e+00	-3.531183e+03	1.009021e+05
5.581100e-01	1.056782e+05	-6.056209e-02	1.424237e-01	0.000000e+00	-2.894522e+03	1.085728e+05
5.593000e-01	1.126604e+05	-6.073167e-02	1.425783e-01	0.000000e+00	-2.005547e+03	1.146659e+05
5.604900e-01	1.094229e+05	-6.090143e-02	1.427356e-01	0.000000e+00	-1.000690e+03	1.104236e+05
5.616800e-01	1.067343e+05	-6.107138e-02	1.428886e-01	0.000000e+00	-1.300304e+03	1.080346e+05
5.628700e-01	1.206746e+05	-6.124150e-02	1.430497e-01	0.000000e+00	-3.388767e+03	1.240634e+05
5.640600e-01	1.094965e+05	-6.141183e-02	1.432127e-01	0.000000e+00	-3.548216e+03	1.130447e+05
5.652500e-01	9.989502e+04	-6.158235e-02	1.433610e-01	0.000000e+00	-3.633583e+03	1.035286e+05
5.664400e-01	1.128705e+05	-6.175303e-02	1.435116e-01	0.000000e+00	-3.776540e+03	1.166470e+05
5.676300e-01	1.090397e+05	-6.192391e-02	1.436688e-01	0.000000e+00	-1.023411e+03	1.100631e+05
5.688200e-01	1.010175e+05	-6.209497e-02	1.438175e-01	0.000000e+00	-1.144867e+03	1.021624e+05
5.700100e-01	1.085496e+05	-6.226619e-02	1.439659e-01	0.000000e+00	-9.767773e+02	1.095264e+05
5.712000e-01	1.189013e+05	-6.243760e-02	1.441270e-01	0.000000e+00	-3.368007e+03	1.222693e+05
5.723900e-01	1.204711e+05	-6.260922e-02	1.442965e-01	0.000000e+00	-1.739233e+03	1.222103e+05
5.735800e-01	1.080638e+05	-6.278103e-02	1.444584e-01	0.000000e+00	-4.958283e+03	1.130221e+05
5.747700e-01	1.001095e+05	-6.295303e-02	1.446058e-01	0.000000e+00	-4.620664e+03	1.047302e+05
5.759600e-01	1.062107e+05	-6.312519e-02	1.447519e-01	0.000000e+00	-1.744851e+03	1.079555e+05
5.771500e-01	9.899012e+04	-6.329754e-02	1.448972e-01	0.000000e+00	-3.505223e+03	1.024953e+05
5.783400e-01	1.009183e+05	-6.347005e-02	1.450388e-01	0.000000e+00	-2.248615e+03	1.031670e+05
5.795300e-01	9.794237e+04	-6.364273e-02	1.451796e-01	0.000000e+00	-4.929580e+03	1.028719e+05
5.807200e-01	1.123639e+05	-6.381557e-02	1.453285e-01	0.000000e+00	-1.718815e+03	1.140828e+05
5.819100e-01	9.792269e+04	-6.398861e-02	1.454775e-01	0.000000e+00	-2.178751e+03	1.001014e+05
5.831000e-01	1.091738e+05	-6.416181e-02	1.456241e-01	0.000000e+00	-2.728040e+03	1.119019e+05
5.842900e-01	1.079275e+05	-6.433520e-02	1.457779e-01	0.000000e+00	-2.502026e+03	1.104295e+05
5.854800e-01	9.134675e+04	-6.450876e-02	1.459190e-01	0.000000e+00	-2.321874e+03	9.366863e+04
5.866700e-01	1.107776e+05	-6.468248e-02	1.460621e-01	0.000000e+00	-2.738339e+03	1.135159e+05
5.878600e-01	1.012777e+05	-6.485639e-02	1.462123e-01	0.000000e+00	-4.829516e+03	1.061073e+05
5.890500e-01	1.023580e+05	-6.503047e-02	1.463565e-01	0.000000e+00	-4.641093e+03	1.069991e+05
5.902400e-01	1.172813e+05	-6.520472e-02	1.465120e-01	0.000000e+00	-2.067147e+03	1.193485e+05
5.914300e-01	1.133332e+05	-6.537917e-02	1.466754e-01	0.000000e+00	-1.387589e+03	1.147208e+05
5.926200e-01	1.053095e+05	-6.555381e-02	1.468302e-01	0.000000e+00	-1.948278e+03	1.072578e+05
5.938100e-01	1.104377e+05	-6.572862e-02	1.469830e-01	0.000000e+00	-3.592042e+03	1.140298e+05
5.950000e-01	1.098216e+05	-6.590363e-02	1.471390e-01	0.000000e+00	-2.962758e+03	1.127843e+05
5.961900e-01	1.044879e+05	-6.607881e-02	1.472907e-01	0.000000e+00	-2.489186e+03	1.069770e+05
5.973800e-01	9.448831e+04	-6.625418e-02	1.474316e-01	0.000000e+00	-1.396841e+03	9.588515e+04
5.985700e-01	1.051691e+05	-6.642970e-02	1.475730e-01	0.000000e+00	-1.962484e+03	1.071316e+05
5.997600e-01	1.030203e+05	-6.660540e-02	1.477204e-01	0.000000e+00	-3.856247e+03	1.068765e+05
6.009500e-01	9.598429e+04	-6.678128e-02	1.478614e-01	0.000000e+00	-2.205517e+03	9.818981e+04
6.021400e-01	1.054579e+05	-6.695731e-02	1.480040e-01	0.000000e+00	-3.266522e+03	1.087245e+05
6.033300e-01	1.090307e+05	-6.713353e-02	1.481559e-01	0.000000e+00	-5.327134e+03	1.143579e+05
6.045200e-01	9.647401e+04	-6.730992e-02	1.483015e-01	0.000000e+00	-2.930091e+03	9.940411e+04
6.057100e-01	9.908175e+04	-6.748648e-02	1.484399e-01	0.000000e+00	-1.374308e+03	1.004561e+05
6.069000e-01	1.114079e+05	-6.766321e-02	1.485890e-01	0.000000e+00	-2.987065e+03	1.143950e+05
6.080900e-01	1.074301e+05	-6.784012e-02	1.487440e-01	0.000000e+00	-2.968976e+03	1.103991e+05
6.092800e-01	1.090401e+05	-6.801722e-02	1.488973e-01	0.000000e+00	-3.073606e+03	1.121137e+05
6.104700e-01	1.084709e+05	-6.819450e-02	1.490513e-01	0.000000e+00	-6.052212e+02	1.090761e+05
6.116600e-01	1.015526e+05	-6.837196e-02	1.492000e-01	0.000000e+00	-9.638573e+02	1.025165e+05
6.128500e-01	9.482822e+04	-6.854960e-02	1.493391e-01	0.000000e+00	-2.241705e+03	9.706993e+04
6.140400e-01	1.023168e+05	-6.872739e-02	1.494787e-01	0.000000e+00	-1.861525e+03	1.041783e+05
6.152300e-01	1.036649e+05	-6.890536e-02	1.496246e-01	0.000000e+00	-1.993537e+03	1.056585e+05
6.164200e-01	1.042626e+05	-6.908350e-02	1.497718e-01	0.000000e+00	-2.139383e+03	1.064020e+05
6.176100e-01	1.074896e+05	-6.926181e-02	1.499218e-01	0.000000e+00	-2.772276e+02	1.077668e+05
6.188000e-01	9.593947e+04	-6.944031e-02	1.500659e-01	0.000000e+00	-3.160405e+03	9.909987e+04
6.199900e-01	1.122579e+05	-6.961897e-02	1.502133e-01	0.000000e+00	-2.733297e+03	1.149912e+05
6.211800e-01	9.764422e+04	-6.979782e-02	1.503619e-01	0.000000e+00	-4.425627e+03	1.020698e+05
6.223700e-01	9.675303e+04	-6.997683e-02	1.504996e-01	0.000000e+00	-1.049530e+03	9.780256e+04
6.235600e-01	1.169807e+05	-7.015601e-02	1.506510e-01	0.000000e+00	-1.209082e+03	1.181898e+05
6.247500e-01	1.094411e+05	-7.033538e-02	1.508113e-01	0.000000e+00	-2.538573e+03	1.119797e+05
6.259400e-01	1.052638e+05	-7.051494e-02	1.509633e-01	0.000000e+00	-6.163374e+02	1.058802e+05
6.271300e-01	1.021395e+05	-7.069467e-02	1.511102e-01	0.000000e+00	-2.399512e+03	1.045390e+05
6.283200e-01	9.873676e+04	-7.087458e-02	1.512525e-01	0.000000e+00	-5.115205e+03	1.038520e+05
6.295100e-01	9.449488e+04	-7.105465e-02	1.513893e-01	0.000000e+00	-2.312829e+03	9.680771e+04
6.307000e-01	1.021333e+05	-7.123489e-02	1.515286e-01	0.000000e+00	-1.827593e+03	1.039609e+05
6.318900e-01	1.155552e+05	-7.141529e-02	1.516827e-01	0.000000e+00	-2.354548e+03	1.179098e+05
6.330800e-01	1.033269e+05	-7.159589e-02	1.518377e-01	0.000000e+00	-3.047877e+03	1.063748e+05
6.342700e-01	1.007773e+05	-7.177667e-02	1.519823e-01	0.000000e+00	-1.815172e+03	1.025924e+05
6.354600e-01	1.028875e+05	-7.195761e-02	1.521265e-01	0.000000e+00	-1.715028e+03	1.046025e+05
6.366500e-01	9.744974e+04	-7.213873e-02	1.522684e-01	0.000000e+00	-3.527733e+03	1.009775e+05
6.378400e-01	1.061079e+05	-7.232001e-02	1.524125e-01	0.000000e+00	-1.252687e+03	1.073605e+05
6.390300e-01	1.011062e+05	-7.250147e-02	1.525593e-01	0.000000e+00	-5.219356e+03	1.063256e+05
6.402200e-01	9.850201e+04	-7.268310e-02	1.527006e-01	0.000000e+00	-5.378792e+03	1.038808e+05
6.414100e-01	1.039167e+05	-7.286490e-02	1.528440e-01	0.000000e+00	-1.497683e+03	1.054144e+05
6.426000e-01	1.014157e+05	-7.304687e-02	1.529894e-01	0.000000e+00	-1.759509e+03	1.031752e+05
6.437900e-01	1.040857e+05	-7.322901e-02	1.531349e-01	0.000000e+00	-5.143707e+03	1.092294e+05
6.449800e-01	1.158796e+05	-7.341133e-02	1.532907e-01	0.000000e+00	-2.039802e+03	1.179194e+05
6.461700e-01	9.873247e+04	-7.359384e-02	1.534427e-01	0.000000e+00	-1.329636e+03	1.000621e+05
6.473600e-01	1.017180e+05	-7.377652e-02	1.535846e-01	0.000000e+00	-1.002826e+03	1.027209e+05
6.485500e-01	1.127350e+05	-7.395937e-02	1.537365e-01	0.000000e+00	-1.667178e+03	1.144022e+05
6.497400e-01	1.111077e+05	-7.414241e-02	1.538950e-01	0.000000e+00	-1.665126e+03	1.127728e+05
6.509300e-01	1.000654e+05	-7.432564e-02	1.540445e-01	0.000000e+00	-1.563477e+03	1.016289e+05
6.521200e-01	1.033248e+05	-7.450904e-02	1.541886e-01	0.000000e+00	-1.014472e+03	1.043393e+05
6.533100e-01	1.168752e+05	-7.469261e-02	1.543445e-01	0.000000e+00	-1.991614e+03	1.188668e+05
6.545000e-01	1.117623e+05	-7.487638e-02	1.545064e-01	0.000000e+00	-2.093826e+03	1.138561e+05
6.556900e-01	1.061686e+05	-7.506034e-02	1.546608e-01	0.000000e+00	-3.223614e+03	1.093922e+05
6.568800e-01	1.146608e+05	-7.524447e-02	1.548171e-01	0.000000e+00	-7.245299e+03	1.219061e+05
6.580700e-01	1.091271e+05	-7.542880e-02	1.549756e-01	0.000000e+00	-3.881692e+03	1.130088e+05
6.592600e-01	9.787797e+04	-7.561332e-02	1.551222e-01	0.000000e+00	-3.536560e+03	1.014145e+05
6.604500e-01	1.057752e+05	-7.579799e-02	1.552664e-01	0.000000e+00	-3.323584e+03	1.090988e+05
6.616400e-01	9.304812e+04	-7.598285e-02	1.554072e-01	0.000000e+00	-4.017139e+03	9.706526e+04
6.628300e-01	1.170629e+05	-7.616786e-02	1.555560e-01	0.000000e+00	-1.751209e+03	1.188141e+05
6.640200e-01	1.198888e+05	-7.635307e-02	1.557238e-01	0.000000e+00	-5.747683e+02	1.204635e+05
6.652100e-01	1.012777e+05	-7.653848e-02	1.558804e-01	0.000000e+00	-2.823664e+03	1.041014e+05
6.664000e-01	1.098221e+05	-7.672407e-02	1.560299e-01	0.000000e+00	-1.911305e+03	1.117334e+05
6.675900e-01	1.137167e+05	-7.690984e-02	1.561882e-01	0.000000e+00	-2.400389e+03	1.161171e+05
6.687800e-01	1.125670e+05	-7.709580e-02	1.563485e-01	0.000000e+00	-1.960647e+03	1.145277e+05
6.699700e-01	1.012133e+05	-7.728195e-02	1.564999e-01	0.000000e+00	-2.071204e+03	1.032845e+05
6.711600e-01	1.112275e+05	-7.746827e-02	1.566503e-01	0.000000e+00	-1.658564e+03	1.128860e+05
6.723500e-01	9.613923e+04	-7.765477e-02	1.567972e-01	0.000000e+00	-2.528222e+03	9.866745e+04
6.735400e-01	9.734566e+04	-7.784144e-02	1.569342e-01	0.000000e+00	-3.723438e+03	1.010691e+05
6.747300e-01	1.078418e+05	-7.802828e-02	1.570795e-01	0.000000e+00	-2.806995e+03	1.106488e+05
6.759200e-01	1.096305e+05	-7.821529e-02	1.572335e-01	0.000000e+00	-2.639263e+03	1.122698e+05
6.771100e-01	8.988355e+04	-7.840249e-02	1.573748e-01	0.000000e+00	-8.492398e+02	9.073279e+04
6.783000e-01	1.039922e+05	-7.858984e-02	1.575121e-01	0.000000e+00	-2.681337e+03	1.066735e+05
6.794900e-01	1.139691e+05	-7.877737e-02	1.576664e-01	0.000000e+00	-2.833152e+03	1.168023e+05
6.806800e-01	1.047901e+05	-7.896509e-02	1.578214e-01	0.000000e+00	-4.138673e+03	1.089288e+05
6.818700e-01	9.555776e+04	-7.915299e-02	1.579632e-01	0.000000e+00	-3.724182e+03	9.928194e+04
6.830600e-01	1.053281e+05	-7.934104e-02	1.581055e-01	0.000000e+00	-4.202234e+03	1.095303e+05
6.842500e-01	1.132901e+05	-7.952928e-02	1.582603e-01	0.000000e+00	-1.916759e+03	1.152068e+05
6.854400e-01	1.071855e+05	-7.971770e-02	1.584164e-01	0.000000e+00	-2.719975e+03	1.099055e+05
6.866300e-01	9.993528e+04	-7.990631e-02	1.585631e-01	0.000000e+00	-6.773238e+02	1.006126e+05
6.878200e-01	1.006306e+05	-8.009508e-02	1.587052e-01	0.000000e+00	-2.354029e+03	1.029847e+05
6.890100e-01	1.113629e+05	-8.028403e-02	1.588553e-01	0.000000e+00	-3.004334e+03	1.143672e+05
6.902000e-01	1.107163e+05	-8.047316e-02	1.590125e-01	0.000000e+00	-2.050554e+03	1.127669e+05
6.913900e-01	9.599889e+04	-8.066248e-02	1.591589e-01	0.000000e+00	-3.502084e+03	9.950098e+04
6.925800e-01	1.052797e+05	-8.085196e-02	1.593015e-01	0.000000e+00	-2.658407e+03	1.079381e+05
6.937700e-01	9.879693e+04	-8.104161e-02	1.594460e-01	0.000000e+00	-3.059139e+03	1.018561e+05
6.949600e-01	9.668719e+04	-8.123144e-02	1.595844e-01	0.000000e+00	-2.374964e+03	9.906216e+04
6.961500e-01	1.113264e+05	-8.142142e-02	1.597317e-01	0.000000e+00	-2.753303e+03	1.140797e+05
6.973400e-01	1.017864e+05	-8.161160e-02	1.598827e-01	0.000000e+00	-8.304206e+02	1.026168e+05
6.985300e-01	1.051738e+05	-8.180195e-02	1.600292e-01	0.000000e+00	-1.264260e+03	1.064380e+05
6.997200e-01	1.013814e+05	-8.199247e-02	1.601755e-01	0.000000e+00	-3.614266e+03	1.049956e+05
7.009100e-01	1.016741e+05	-8.218316e-02	1.603193e-01	0.000000e+00	-1.821904e+03	1.034960e+05
7.021000e-01	1.084085e+05	-8.237403e-02	1.604681e-01	0.000000e+00	-9.656330e+02	1.093741e+05
7.032900e-01	1.077421e+05	-8.256508e-02	1.606211e-01	0.000000e+00	-3.193798e+03	1.109359e+05
7.044800e-01	1.158595e+05	-8.275631e-02	1.607795e-01	0.000000e+00	-1.159053e+03	1.170185e+05
7.056700e-01	1.204423e+05	-8.294773e-02	1.609468e-01	0.000000e+00	-3.633270e+03	1.240755e+05
7.068600e-01	1.074488e+05	-8.313936e-02	1.611082e-01	0.000000e+00	-3.142029e+02	1.077630e+05
7.080500e-01	1.122595e+05	-8.333117e-02	1.612638e-01	0.000000e+00	-7.680685e+02	1.130276e+05
7.092400e-01	1.055735e+05	-8.352317e-02	1.614181e-01	0.000000e+00	-3.175550e+03	1.087491e+05
7.104300e-01	1.028166e+05	-8.371534e-02	1.615656e-01	0.000000e+00	-4.656858e+03	1.074734e+05
7.116200e-01	1.040139e+05	-8.390769e-02	1.617121e-01	0.000000e+00	-4.555108e+03	1.085690e+05
7.128100e-01	1.103034e+05	-8.410022e-02	1.618639e-01	0.000000e+00	-2.765264e+03	1.130687e+05
7.140000e-01	1.087701e+05	-8.429293e-02	1.620190e-01	0.000000e+00	-1.457940e+03	1.102281e+05
7.151900e-01	1.006642e+05	-8.448582e-02	1.621673e-01	0.000000e+00	-2.276672e+03	1.029409e+05
7.163800e-01	9.875878e+04	-8.467889e-02	1.623086e-01	0.000000e+00	-2.668418e+03	1.014272e+05
7.175700e-01	1.043072e+05	-8.487212e-02	1.624524e-01	0.000000e+00	-1.495699e+03	1.058029e+05
7.187600e-01	1.101614e+05	-8.506553e-02	1.626042e-01	0.000000e+00	-9.308568e+02	1.110923e+05
7.199500e-01	1.130174e+05	-8.525912e-02	1.627623e-01	0.000000e+00	-2.696830e+03	1.157143e+05
7.211400e-01	1.038100e+05	-8.545290e-02	1.629158e-01	0.000000e+00	-1.631394e+03	1.054414e+05
7.223300e-01	9.134145e+04	-8.564686e-02	1.630540e-01	0.000000e+00	-1.743863e+03	9.308531e+04
7.235200e-01	1.034854e+05	-8.584097e-02	1.631920e-01	0.000000e+00	-3.096862e+03	1.065822e+05
7.247100e-01	1.250919e+05	-8.603525e-02	1.633539e-01	0.000000e+00	-3.951822e+03	1.290437e+05
7.259000e-01	1.175941e+05	-8.622975e-02	1.635257e-01	0.000000e+00	-2.281641e+03	1.198758e+05
7.270900e-01	1.106811e+05	-8.642445e-02	1.636874e-01	0.000000e+00	-3.213888e+03	1.138950e+05
7.282800e-01	1.073718e+05	-8.661933e-02	1.638418e-01	0.000000e+00	-4.223752e+03	1.115956e+05
7.294700e-01	1.275421e+05	-8.681439e-02	1.640082e-01	0.000000e+00	-9.072131e+02	1.284494e+05
7.306600e-01	9.092968e+04	-8.700967e-02	1.641629e-01	0.000000e+00	-2.232571e+03	9.316225e+04
7.318500e-01	1.149031e+05	-8.720510e-02	1.643086e-01	0.000000e+00	-1.024406e+03	1.159275e+05
7.330400e-01	1.120557e+05	-8.740072e-02	1.644694e-01	0.000000e+00	-1.477890e+03	1.135336e+05
7.342300e-01	1.190131e+05	-8.759653e-02	1.646330e-01	0.000000e+00	-1.845248e+03	1.208583e+05
7.354200e-01	1.097598e+05	-8.779255e-02	1.647950e-01	0.000000e+00	-1.207337e+03	1.109671e+05
7.366100e-01	1.243680e+05	-8.798875e-02	1.649608e-01	0.000000e+00	-1.737166e+01	1.243853e+05
7.378000e-01	1.045494e+05	-8.818515e-02	1.651229e-01	0.000000e+00	-1.546529e+03	1.060959e+05
7.389900e-01	1.086433e+05	-8.838174e-02	1.652739e-01	0.000000e+00	-1.499919e+03	1.101432e+05
7.401800e-01	1.058895e+05	-8.857851e-02	1.654258e-01	0.000000e+00	-1.703848e+03	1.075933e+05
7.413700e-01	9.721656e+04	-8.877545e-02	1.655697e-01	0.000000e+00	-1.813198e+03	9.902976e+04
7.425600e-01	1.020912e+05	-8.897256e-02	1.657108e-01	0.000000e+00	-1.874938e+03	1.039661e+05
7.437500e-01	1.011105e+05	-8.916984e-02	1.658547e-01	0.000000e+00	-1.450287e+03	1.025608e+05
7.449400e-01	9.222490e+04	-8.936730e-02	1.659916e-01	0.000000e+00	-1.953141e+02	9.242022e+04
7.461300e-01	1.168468e+05	-8.956490e-02	1.661397e-01	0.000000e+00	-7.207251e+02	1.175675e+05
7.473200e-01	1.182187e+05	-8.976271e-02	1.663061e-01	0.000000e+00	-1.688070e+03	1.199068e+05
7.485100e-01	1.079170e+05	-8.996071e-02	1.664663e-01	0.000000e+00	-2.351399e+03	1.102684e+05
7.497000e-01	1.255802e+05	-9.015890e-02	1.666316e-01	0.000000e+00	-2.515217e+03	1.280954e+05
7.508900e-01	1.022553e+05	-9.035730e-02	1.667930e-01	0.000000e+00	-3.216892e+03	1.054722e+05
7.520800e-01	1.207752e+05	-9.055587e-02	1.669509e-01	0.000000e+00	-1.230666e+03	1.220058e+05
7.532700e-01	1.163891e+05	-9.075464e-02	1.671189e-01	0.000000e+00	-1.786759e+03	1.181759e+05
7.544600e-01	1.142599e+05	-9.095361e-02	1.672822e-01	0.000000e+00	-3.110204e+03	1.173701e+05
7.556500e-01	1.074253e+05	-9.115277e-02	1.674392e-01	0.000000e+00	-2.955482e+03	1.103808e+05
7.568400e-01	1.114712e+05	-9.135211e-02	1.675942e-01	0.000000e+00	-4.499964e+03	1.159712e+05
7.580300e-01	9.874512e+04	-9.155164e-02	1.677431e-01	0.000000e+00	-2.864608e+03	1.016097e+05
7.592200e-01	1.155570e+05	-9.175134e-02	1.678948e-01	0.000000e+00	-7.911059e+02	1.163481e+05
7.604100e-01	1.087798e+05	-9.195123e-02	1.680537e-01	0.000000e+00	-4.846668e+02	1.092645e+05
7.616000e-01	1.019029e+05	-9.215131e-02	1.682029e-01	0.000000e+00	-2.358252e+03	1.042611e+05
7.627900e-01	9.548291e+04	-9.235156e-02	1.683427e-01	0.000000e+00	-1.594483e+03	9.707739e+04
7.639800e-01	1.116947e+05	-9.255197e-02	1.684894e-01	0.000000e+00	-6.539308e+02	1.123486e+05
7.651700e-01	1.171664e+05	-9.275256e-02	1.686515e-01	0.000000e+00	-1.079958e+03	1.182464e+05
7.663600e-01	1.079878e+05	-9.295336e-02	1.688109e-01	0.000000e+00	-3.221631e+03	1.112095e+05
7.675500e-01	1.216452e+05	-9.315433e-02	1.689735e-01	0.000000e+00	-2.049068e+03	1.236942e+05
7.687400e-01	1.029475e+05	-9.335551e-02	1.691326e-01	0.000000e+00	-1.782236e+03	1.047298e+05
7.699300e-01	9.699849e+04	-9.355687e-02	1.692742e-01	0.000000e+00	-2.348607e+03	9.934710e+04
7.711200e-01	1.060139e+05	-9.375839e-02	1.694179e-01	0.000000e+00	-1.309075e+03	1.073229e+05
7.723100e-01	1.059617e+05	-9.396008e-02	1.695681e-01	0.000000e+00	-1.243924e+03	1.072056e+05
7.735000e-01	9.605757e+04	-9.416196e-02	1.697111e-01	0.000000e+00	-2.688023e+03	9.874559e+04
7.746900e-01	1.060065e+05	-9.436399e-02	1.698542e-01	0.000000e+00	-2.813135e+03	1.088197e+05
7.758800e-01	1.175949e+05	-9.456621e-02	1.700126e-01	0.000000e+00	-1.368025e+03	1.189630e+05
7.770700e-01	1.082648e+05	-9.476862e-02	1.701725e-01	0.000000e+00	-1.055404e+03	1.093202e+05
7.782600e-01	1.030981e+05	-9.497122e-02	1.703222e-01	0.000000e+00	-1.536687e+03	1.046348e+05
7.794500e-01	1.162989e+05	-9.517399e-02	1.704776e-01	0.000000e+00	-3.104041e+03	1.194029e+05
7.806400e-01	1.135407e+05	-9.537696e-02	1.706403e-01	0.000000e+00	-1.371178e+03	1.149119e+05
7.818300e-01	1.004445e+05	-9.558012e-02	1.707919e-01	0.000000e+00	-3.409866e+03	1.038543e+05
7.830200e-01	9.515982e+04	-9.578344e-02	1.709304e-01	0.000000e+00	-5.100966e+03	1.002608e+05
7.842100e-01	1.034685e+05	-9.598693e-02	1.710710e-01	0.000000e+00	-2.670061e+03	1.061386e+05
7.854000e-01	1.174377e+05	-9.619059e-02	1.712275e-01	0.000000e+00	-2.022867e+03	1.194606e+05
7.865900e-01	9.733606e+04	-9.639445e-02	1.713796e-01	0.000000e+00	-1.809969e+02	9.751706e+04
7.877800e-01	1.010719e+05	-9.659847e-02	1.715201e-01	0.000000e+00	-1.296859e+03	1.023688e+05
7.889700e-01	1.031713e+05	-9.680267e-02	1.716647e-01	0.000000e+00	-1.890318e+03	1.050616e+05
7.901600e-01	1.083645e+05	-9.700704e-02	1.718145e-01	0.000000e+00	-8.535418e+02	1.092180e+05
7.913500e-01	1.170071e+05	-9.721159e-02	1.719741e-01	0.000000e+00	-1.064245e+03	1.180713e+05
7.925400e-01	1.228416e+05	-9.741634e-02	1.721440e-01	0.000000e+00	-2.314286e+03	1.251559e+05
7.937300e-01	1.083852e+05	-9.762129e-02	1.723077e-01	0.000000e+00	-1.575716e+03	1.099609e+05
7.949200e-01	1.032978e+05	-9.782643e-02	1.724576e-01	0.000000e+00	-2.921570e+03	1.062194e+05
7.961100e-01	1.161212e+05	-9.803174e-02	1.726130e-01	0.000000e+00	-3.197085e+03	1.193183e+05
7.973000e-01	1.214342e+05	-9.823725e-02	1.727812e-01	0.000000e+00	-1.024835e+03	1.224591e+05
7.984900e-01	1.089826e+05	-9.844296e-02	1.729444e-01	0.000000e+00	-9.685491e+02	1.099511e+05
7.996800e-01	1.079125e+05	-9.864885e-02	1.730980e-01	0.000000e+00	-1.330568e+03	1.092431e+05
8.008700e-01	1.086528e+05	-9.885493e-02	1.732514e-01	0.000000e+00	-4.064734e+03	1.127176e+05
8.020600e-01	1.038503e+05	-9.906119e-02	1.734019e-01	0.000000e+00	-7.566470e+02	1.046070e+05
8.032500e-01	1.032342e+05	-9.926763e-02	1.735485e-01	0.000000e+00	-2.196186e+03	1.054304e+05
8.044400e-01	1.095222e+05	-9.947424e-02	1.736992e-01	0.000000e+00	-2.194661e+03	1.117169e+05
8.056300e-01	9.970067e+04	-9.968103e-02	1.738473e-01	0.000000e+00	-1.236104e+01	9.971303e+04
8.068200e-01	1.162946e+05	-9.988799e-02	1.740003e-01	0.000000e+00	-1.565202e+02	1.164511e+05
8.080100e-01	1.085091e+05	-1.000952e-01	1.741595e-01	0.000000e+00	-1.511522e+03	1.100207e+05
8.092000e-01	1.049972e+05	-1.003025e-01	1.743107e-01	0.000000e+00	-9.282187e+02	1.059254e+05
8.103900e-01	1.181639e+05	-1.005100e-01	1.744687e-01	0.000000e+00	-1.418902e+03	1.195828e+05
8.115800e-01	1.155794e+05	-1.007177e-01	1.746343e-01	0.000000e+00	-2.270573e+03	1.178500e+05
8.127700e-01	1.219022e+05	-1.009256e-01	1.748024e-01	0.000000e+00	-1.128381e+03	1.230306e+05
8.139600e-01	1.054280e+05	-1.011338e-01	1.749634e-01	0.000000e+00	-9.892443e+02	1.064173e+05
8.151500e-01	1.021475e+05	-1.013421e-01	1.751104e-01	0.000000e+00	-1.404197e+03	1.035517e+05
8.163400e-01	1.107247e+05	-1.015505e-01	1.752612e-01	0.000000e+00	-2.247771e+03	1.129725e+05
8.175300e-01	1.076218e+05	-1.017592e-01	1.754158e-01	0.000000e+00	-3.140852e+03	1.107626e+05
8.187200e-01	1.057769e+05	-1.019680e-01	1.755669e-01	0.000000e+00	-1.822389e+03	1.075993e+05
8.199100e-01	1.060028e+05	-1.021770e-01	1.757169e-01	0.000000e+00	-1.162740e+03	1.071656e+05
8.211000e-01	1.113624e+05	-1.023862e-01	1.758708e-01	0.000000e+00	-2.874944e+03	1.142373e+05
8.222900e-01	1.142817e+05	-1.025956e-01	1.760306e-01	0.000000e+00	-1.743250e+03	1.160249e+05
8.234800e-01	1.208407e+05	-1.028052e-01	1.761971e-01	0.000000e+00	-7.299074e+02	1.215706e+05
8.246700e-01	1.108200e+05	-1.030149e-01	1.763612e-01	0.000000e+00	-1.179944e+03	1.119999e+05
8.258600e-01	1.161831e+05	-1.032249e-01	1.765219e-01	0.000000e+00	-2.798644e+03	1.189817e+05
8.270500e-01	1.105161e+05	-1.034351e-01	1.766825e-01	0.000000e+00	-5.744510e+02	1.110905e+05
8.282400e-01	1.055737e+05	-1.036454e-01	1.768355e-01	0.000000e+00	-1.160735e+03	1.067345e+05
8.294300e-01	1.075547e+05	-1.038559e-01	1.769864e-01	0.000000e+00	-1.518445e+03	1.090732e+05
8.306200e-01	1.065342e+05	-1.040666e-01	1.771380e-01	0.000000e+00	-2.318093e+03	1.088523e+05
8.318100e-01	1.115746e+05	-1.042775e-01	1.772925e-01	0.000000e+00	-2.214394e+03	1.137890e+05
8.330000e-01	1.158146e+05	-1.044886e-01	1.774535e-01	0.000000e+00	-6.642091e+02	1.164788e+05
8.341900e-01	1.118683e+05	-1.046999e-01	1.776148e-01	0.000000e+00	-1.761270e+02	1.120444e+05
8.353800e-01	1.192971e+05	-1.049113e-01	1.777785e-01	0.000000e+00	-1.308631e+03	1.206058e+05
8.365700e-01	1.211675e+05	-1.051230e-01	1.779488e-01	0.000000e+00	-2.336399e+03	1.235039e+05
8.377600e-01	1.035167e+05	-1.053348e-01	1.781079e-01	0.000000e+00	-1.375665e+03	1.048923e+05
8.389500e-01	1.051702e+05	-1.055469e-01	1.782557e-01	0.000000e+00	-8.616577e+02	1.060318e+05
8.401400e-01	1.059146e+05	-1.057591e-01	1.784051e-01	0.000000e+00	-7.724799e+02	1.066871e+05
8.413300e-01	9.909667e+04	-1.059715e-01	1.785503e-01	0.000000e+00	-2.589440e+03	1.016861e+05
8.425200e-01	1.231256e+05	-1.061840e-01	1.787077e-01	0.000000e+00	-1.782405e+03	1.249080e+05
8.437100e-01	1.063065e+05	-1.063968e-01	1.788702e-01	0.000000e+00	-1.429113e+03	1.077357e+05
8.449000e-01	1.028933e+05	-1.066097e-01	1.790183e-01	0.000000e+00	-1.161370e+03	1.040547e+05
8.460900e-01	8.823901e+04	-1.068229e-01	1.791537e-01	0.000000e+00	-1.829827e+03	9.006884e+04
8.472800e-01	1.005731e+05	-1.070361e-01	1.792874e-01	0.000000e+00	-1.567909e+03	1.021410e+05
8.484700e-01	1.091424e+05	-1.072496e-01	1.794359e-01	0.000000e+00	-1.239951e+03	1.103823e+05
8.496600e-01	1.059700e+05	-1.074632e-01	1.795882e-01	0.000000e+00	-1.344903e+03	1.073149e+05
8.508500e-01	8.596675e+04	-1.076770e-01	1.797241e-01	0.000000e+00	-1.907362e+03	8.787411e+04
8.520400e-01	9.808563e+04	-1.078909e-01	1.798545e-01	0.000000e+00	-2.576554e+03	1.006622e+05
8.532300e-01	1.147849e+05	-1.081050e-01	1.800052e-01	0.000000e+00	-6.839523e+02	1.154689e+05
8.544200e-01	1.105572e+05	-1.083193e-01	1.801648e-01	0.000000e+00	-1.534218e+03	1.120914e+05
8.556100e-01	1.062850e+05	-1.085338e-01	1.803184e-01	0.000000e+00	-2.586463e+03	1.088715e+05
8.568000e-01	1.229785e+05	-1.087485e-01	1.804807e-01	0.000000e+00	-2.582696e+03	1.255612e+05
8.579900e-01	1.091068e+05	-1.089634e-01	1.806451e-01	0.000000e+00	-1.643196e+03	1.107500e+05
8.591800e-01	1.022950e+05	-1.091784e-01	1.807948e-01	0.000000e+00	-4.992519e+02	1.027943e+05
8.603700e-01	1.069903e+05	-1.093937e-01	1.809430e-01	0.000000e+00	-1.470172e+03	1.084605e+05
8.615600e-01	1.173053e+05	-1.096091e-01	1.811018e-01	0.000000e+00	-1.050836e+03	1.183561e+05
8.627500e-01	1.118893e+05	-1.098247e-01	1.812641e-01	0.000000e+00	-2.065389e+02	1.120958e+05
8.639400e-01	1.140106e+05	-1.100405e-01	1.814241e-01	0.000000e+00	-2.615806e+03	1.166264e+05
8.651300e-01	1.013124e+05	-1.102565e-01	1.815766e-01	0.000000e+00	-1.046975e+03	1.023594e+05
8.663200e-01	1.072035e+05	-1.104726e-01	1.817243e-01	0.000000e+00	-3.423799e+02	1.075459e+05
8.675100e-01	9.786208e+04	-1.106890e-01	1.818695e-01	0.000000e+00	-2.897887e+03	1.007600e+05
8.687000e-01	1.014550e+05	-1.109055e-01	1.820106e-01	0.000000e+00	-2.223746e+03	1.036787e+05
8.698900e-01	1.079097e+05	-1.111222e-01	1.821589e-01	0.000000e+00	-1.502581e+03	1.094122e+05
8.710800e-01	1.007207e+05	-1.113390e-01	1.823066e-01	0.000000e+00	-8.495625e+02	1.015702e+05
8.722700e-01	1.108656e+05	-1.115561e-01	1.824565e-01	0.000000e+00	-2.230821e+03	1.130964e+05
8.734600e-01	1.081578e+05	-1.117733e-01	1.826116e-01	0.000000e+00	-1.613307e+03	1.097711e+05
8.746500e-01	1.304935e+05	-1.119907e-01	1.827806e-01	0.000000e+00	-1.572579e+03	1.320661e+05
8.758400e-01	1.273582e+05	-1.122083e-01	1.829632e-01	0.000000e+00	-2.364690e+03	1.297229e+05
8.770300e-01	1.088138e+05	-1.124261e-01	1.831304e-01	0.000000e+00	-1.424081e+03	1.102379e+05
8.782200e-01	1.162164e+05	-1.126441e-01	1.832898e-01	0.000000e+00	-4.135233e+03	1.203517e+05
8.794100e-01	9.878417e+04	-1.128624e-01	1.834421e-01	0.000000e+00	-1.902947e+03	1.006871e+05
8.806000e-01	1.088127e+05	-1.130807e-01	1.835891e-01	0.000000e+00	-1.053839e+03	1.098665e+05
8.817900e-01	1.018787e+05	-1.132993e-01	1.837383e-01	0.000000e+00	-2.585656e+03	1.044644e+05
8.829800e-01	1.109165e+05	-1.135180e-01	1.838890e-01	0.000000e+00	-5.238064e+02	1.114403e+05
8.841700e-01	1.025883e+05	-1.137370e-01	1.840402e-01	0.000000e+00	-1.629179e+03	1.042175e+05
8.853600e-01	1.078088e+05	-1.139561e-01	1.841892e-01	0.000000e+00	-1.292196e+02	1.079380e+05
8.865500e-01	1.086603e+05	-1.141753e-01	1.843425e-01	0.000000e+00	-1.512100e+03	1.101724e+05
8.877400e-01	1.141074e+05	-1.143948e-01	1.845002e-01	0.000000e+00	-3.396850e+03	1.175043e+05
8.889300e-01	1.110996e+05	-1.146144e-01	1.846597e-01	0.000000e+00	-2.404531e+03	1.135041e+05
8.901200e-01	1.085393e+05	-1.148343e-01	1.848152e-01	0.000000e+00	-2.238070e+03	1.107773e+05
8.913100e-01	1.035687e+05	-1.150543e-01	1.849654e-01	0.000000e+00	-1.346371e+03	1.049151e+05
8.925000e-01	1.044951e+05	-1.152745e-01	1.851128e-01	0.000000e+00	-1.384528e+03	1.058796e+05
8.936900e-01	1.160286e+05	-1.154949e-01	1.852690e-01	0.000000e+00	-2.448667e+02	1.162734e+05
8.948800e-01	1.079026e+05	-1.157154e-01	1.854275e-01	0.000000e+00	-7.769862e+02	1.086796e+05
8.960700e-01	1.095375e+05	-1.159362e-01	1.855815e-01	0.000000e+00	-6.334990e+01	1.096008e+05
8.972600e-01	1.021473e+05	-1.161571e-01	1.857314e-01	0.000000e+00	-8.185216e+02	1.029658e+05
8.984500e-01	1.176231e+05	-1.163782e-01	1.858871e-01	0.000000e+00	-8.689663e+02	1.184920e+05
8.996400e-01	1.300524e+05	-1.165995e-01	1.860625e-01	0.000000e+00	-2.089594e+03	1.321420e+05
9.008300e-01	1.206699e+05	-1.168211e-01	1.862400e-01	0.000000e+00	-1.027444e+03	1.216973e+05
9.020200e-01	1.038032e+05	-1.170428e-01	1.863990e-01	0.000000e+00	-4.110755e+03	1.079139e+05
9.032100e-01	9.798365e+04	-1.172647e-01	1.865419e-01	0.000000e+00	-3.181425e+03	1.011651e+05
9.044000e-01	1.020158e+05	-1.174868e-01	1.866835e-01	0.000000e+00	-2.958845e+03	1.049746e+05
9.055900e-01	1.094185e+05	-1.177090e-01	1.868332e-01	0.000000e+00	-1.239761e+03	1.106582e+05
9.067800e-01	1.133020e+05	-1.179314e-01	1.869910e-01	0.000000e+00	-1.612728e+03	1.149147e+05
9.079700e-01	1.022573e+05	-1.181540e-01	1.871436e-01	0.000000e+00	-5.793555e+02	1.028367e+05
9.091600e-01	1.061686e+05	-1.183768e-01	1.872912e-01	0.000000e+00	-2.830464e+02	1.064516e+05
9.103500e-01	1.223825e+05	-1.185998e-01	1.874531e-01	0.000000e+00	-1.257341e+03	1.236398e+05
9.115400e-01	1.178965e+05	-1.188230e-01	1.876232e-01	0.000000e+00	-1.402844e+02	1.180368e+05
9.127300e-01	1.058510e+05	-1.190463e-01	1.877817e-01	0.000000e+00	-1.456316e+03	1.073073e+05
9.139200e-01	1.114278e+05	-1.192699e-01	1.879355e-01	0.000000e+00	-2.323820e+03	1.137516e+05
9.151100e-01	1.184449e+05	-1.194936e-01	1.880983e-01	0.000000e+00	-1.250583e+03	1.196955e+05
9.163000e-01	1.092908e+05	-1.197176e-01	1.882596e-01	0.000000e+00	-1.672036e+03	1.109628e+05
9.174900e-01	1.175513e+05	-1.199417e-01	1.884202e-01	0.000000e+00	-1.919433e+03	1.194707e+05
9.186800e-01	1.097510e+05	-1.201660e-01	1.885812e-01	0.000000e+00	-1.867660e+03	1.116186e+05
9.198700e-01	9.880363e+04	-1.203905e-01	1.887289e-01	0.000000e+00	-1.713569e+03	1.005172e+05
9.210600e-01	1.211862e+05	-1.206152e-01	1.888847e-01	0.000000e+00	-1.539825e+03	1.227260e+05
9.222500e-01	1.207928e+05	-1.208400e-01	1.890560e-01	0.000000e+00	-7.772691e+02	1.215701e+05
9.234400e-01	1.024284e+05	-1.210651e-01	1.892141e-01	0.000000e+00	-1.577772e+03	1.040062e+05
9.246300e-01	9.803867e+04	-1.212904e-01	1.893561e-01	0.000000e+00	-3.915457e+03	1.019541e+05
9.258200e-01	9.708159e+04	-1.215158e-01	1.894943e-01	0.000000e+00	-3.515672e+03	1.005973e+05
9.270100e-01	1.010522e+05	-1.217414e-01	1.896346e-01	0.000000e+00	-6.083913e+02	1.016606e+05
9.282000e-01	1.172229e+05	-1.219671e-01	1.897892e-01	0.000000e+00	-1.152574e+03	1.183755e+05
9.293900e-01	1.215491e+05	-1.221931e-01	1.899582e-01	0.000000e+00	-7.600428e+02	1.223091e+05
9.305800e-01	1.019026e+05	-1.224192e-01	1.901165e-01	0.000000e+00	-6.986210e+02	1.026012e+05
9.317700e-01	1.115766e+05	-1.226455e-01	1.902677e-01	0.000000e+00	-1.552662e+03	1.131293e+05
9.329600e-01	9.889054e+04	-1.228721e-01	1.904167e-01	0.000000e+00	-4.291926e+03	1.031825e+05
9.341500e-01	1.173141e+05	-1.230987e-01	1.905698e-01	0.000000e+00	-1.860152e+03	1.191742e+05
9.353400e-01	1.005530e+05	-1.233256e-01	1.907241e-01	0.000000e+00	0.000000e+00	1.005530e+05
9.365300e-01	1.007639e+05	-1.235527e-01	1.908667e-01	0.000000e+00	-1.878200e+03	1.026421e+05
9.377200e-01	1.132576e+05	-1.237799e-01	1.910182e-01	0.000000e+00	-3.197896e+03	1.164555e+05
9.389100e-01	1.137609e+05	-1.240073e-01	1.911790e-01	0.000000e+00	-1.107114e+03	1.148681e+05
9.401000e-01	1.099163e+05	-1.242349e-01	1.913374e-01	0.000000e+00	-2.951411e+03	1.128677e+05
9.412900e-01	1.188310e+05	-1.244627e-01	1.914994e-01	0.000000e+00	-1.485981e+03	1.203169e+05
9.424800e-01	1.222272e+05	-1.246906e-01	1.916701e-01	0.000000e+00	-3.037676e+02	1.225309e+05
9.436700e-01	1.052401e+05	-1.249188e-01	1.918312e-01	0.000000e+00	-1.619523e+03	1.068596e+05
9.448600e-01	1.082545e+05	-1.251472e-01	1.919824e-01	0.000000e+00	-1.549777e+03	1.098043e+05
9.460500e-01	1.054582e+05	-1.253758e-01	1.921337e-01	0.000000e+00	-1.588422e+03	1.070466e+05
9.472400e-01	1.104301e+05	-1.256045e-01	1.922866e-01	0.000000e+00	-1.414551e+03	1.118446e+05
9.484300e-01	1.151668e+05	-1.258334e-01	1.924464e-01	0.000000e+00	-3.349983e+03	1.185168e+05
9.496200e-01	1.062859e+05	-1.260625e-01	1.926032e-01	0.000000e+00	-1.131742e+03	1.074177e+05
9.508100e-01	1.039325e+05	-1.262918e-01	1.927521e-01	0.000000e+00	-1.649059e+03	1.055816e+05
9.520000e-01	1.242127e+05	-1.265213e-01	1.929136e-01	0.000000e+00	-2.391909e+03	1.266046e+05
9.531900e-01	1.191238e+05	-1.267509e-01	1.930859e-01	0.000000e+00	-1.145150e+03	1.202690e+05
9.543800e-01	8.882270e+04	-1.269808e-01	1.932332e-01	0.000000e+00	-4.894622e+02	8.931216e+04
9.555700e-01	9.782957e+04	-1.272108e-01	1.933654e-01	0.000000e+00	-1.737612e+03	9.956719e+04
9.567600e-01	1.076805e+05	-1.274410e-01	1.935109e-01	0.000000e+00	-1.520046e+03	1.092006e+05
9.579500e-01	1.210248e+05	-1.276714e-01	1.936729e-01	0.000000e+00	-5.808330e+02	1.216056e+05
9.591400e-01	1.036013e+05	-1.279020e-01	1.938319e-01	0.000000e+00	-7.575784e+02	1.043589e+05
9.603300e-01	1.030714e+05	-1.281327e-01	1.939783e-01	0.000000e+00	-2.040920e+03	1.051123e+05
9.615200e-01	1.029712e+05	-1.283636e-01	1.941242e-01	0.000000e+00	-2.243519e+03	1.052147e+05
9.627100e-01	1.117781e+05	-1.285947e-01	1.942763e-01	0.000000e+00	-7.473077e+02	1.125254e+05
9.639000e-01	1.138688e+05	-1.288260e-01	1.944361e-01	0.000000e+00	-1.773701e+03	1.156425e+05
9.650900e-01	1.060613e+05	-1.290575e-01	1.945918e-01	0.000000e+00	-7.143409e+02	1.067756e+05
9.662800e-01	1.128847e+05	-1.292891e-01	1.947469e-01	0.000000e+00	-1.110765e+03	1.139955e+05
9.674700e-01	1.197586e+05	-1.295210e-01	1.949116e-01	0.000000e+00	-2.719445e+03	1.224780e+05
9.686600e-01	1.068814e+05	-1.297530e-01	1.950721e-01	0.000000e+00	-2.631360e+03	1.095128e+05
9.698500e-01	1.158483e+05	-1.299852e-01	1.952299e-01	0.000000e+00	-2.130120e+03	1.179784e+05
9.710400e-01	9.924988e+04	-1.302177e-01	1.953822e-01	0.000000e+00	-2.664325e+03	1.019142e+05
9.722300e-01	1.108661e+05	-1.304503e-01	1.955310e-01	0.000000e+00	-1.441584e+03	1.123076e+05
9.734200e-01	1.109858e+05	-1.306830e-01	1.956881e-01	0.000000e+00	-3.343918e+01	1.110192e+05
9.746100e-01	1.067538e+05	-1.309160e-01	1.958423e-01	0.000000e+00	-3.296340e+02	1.070834e+05
9.758000e-01	1.103671e+05	-1.311491e-01	1.959960e-01	0.000000e+00	-1.974507e+03	1.123416e+05
9.769900e-01	1.109298e+05	-1.313825e-01	1.961528e-01	0.000000e+00	-2.168677e+02	1.111467e+05
9.781800e-01	1.042479e+05	-1.316160e-01	1.963051e-01	0.000000e+00	0.000000e+00	1.042479e+05
9.793700e-01	1.205989e+05	-1.318497e-01	1.964644e-01	0.000000e+00	-6.069112e+02	1.212058e+05
9.805600e-01	1.185178e+05	-1.320836e-01	1.966337e-01	0.000000e+00	-1.514228e+03	1.200320e+05
9.817500e-01	1.145331e+05	-1.323177e-01	1.967987e-01	0.000000e+00	-1.888330e+03	1.164214e+05
9.829400e-01	1.227697e+05	-1.325519e-01	1.969668e-01	0.000000e+00	-1.022988e+03	1.237927e+05
9.841300e-01	1.051918e+05	-1.327864e-01	1.971282e-01	0.000000e+00	-2.928715e+03	1.081205e+05
9.853200e-01	1.122715e+05	-1.330211e-01	1.972822e-01	0.000000e+00	-2.821805e+03	1.150933e+05
9.865100e-01	1.085465e+05	-1.332560e-01	1.974386e-01	0.000000e+00	-1.810128e+03	1.103566e+05
9.877000e-01	1.050663e+05	-1.334910e-01	1.975899e-01	0.000000e+00	-1.624212e+03	1.066905e+05
9.888900e-01	1.043743e+05	-1.337262e-01	1.977382e-01	0.000000e+00	-2.460738e+03	1.068350e+05
9.900800e-01	1.018601e+05	-1.339616e-01	1.978842e-01	0.000000e+00	-3.173251e+02	1.021774e+05
9.912700e-01	1.065805e+05	-1.341972e-01	1.980319e-01	0.000000e+00	-6.516809e+02	1.072322e+05
9.924600e-01	1.071590e+05	-1.344329e-01	1.981832e-01	0.000000e+00	-9.099485e+02	1.080689e+05
9.936500e-01	1.052147e+05	-1.346689e-01	1.983336e-01	0.000000e+00	-1.416106e+03	1.066308e+05
9.948400e-01	1.226749e+05	-1.349050e-01	1.984950e-01	0.000000e+00	-4.920528e+02	1.231670e+05
9.960300e-01	1.063855e+05	-1.351413e-01	1.986572e-01	0.000000e+00	-1.390975e+03	1.077764e+05
9.972200e-01	1.034237e+05	-1.353778e-01	1.988058e-01	0.000000e+00	-2.385046e+03	1.058088e+05
9.984100e-01	1.135642e+05	-1.356144e-01	1.989594e-01	0.000000e+00	-1.285609e+02	1.136928e+05
9.996000e-01	1.015735e+05	-1.358513e-01	1.991118e-01	0.000000e+00	-7.220597e+02	1.022956e+05
1.000790e+00	1.145214e+05	-1.360883e-01	1.992648e-01	0.000000e+00	-5.751256e+02	1.150965e+05
1.001980e+00	1.029856e+05	-1.363256e-01	1.994189e-01	0.000000e+00	-1.327310e+03	1.043129e+05
1.003170e+00	1.023945e+05	-1.365629e-01	1.995643e-01	0.000000e+00	-1.147962e+03	1.035425e+05
1.004360e+00	1.049216e+05	-1.368005e-01	1.997111e-01	0.000000e+00	-7.539914e+02	1.056755e+05
1.005550e+00	1.095264e+05	-1.370383e-01	1.998630e-01	0.000000e+00	-5.827127e+02	1.101091e+05
1.006740e+00	9.710787e+04	-1.372762e-01	2.000093e-01	0.000000e+00	-1.457677e+03	9.856554e+04
1.007930e+00	1.027901e+05	-1.375143e-01	2.001509e-01	0.000000e+00	-1.214327e+03	1.040045e+05
1.009120e+00	1.100002e+05	-1.377526e-01	2.003016e-01	0.000000e+00	-1.462532e+03	1.114627e+05
1.010310e+00	1.110252e+05	-1.379910e-01	2.004581e-01	0.000000e+00	0.000000e+00	1.110252e+05
1.011500e+00	1.145402e+05	-1.382296e-01	2.006178e-01	0.000000e+00	0.000000e+00	1.145402e+05
1.012690e+00	1.147336e+05	-1.384685e-01	2.007802e-01	0.000000e+00	0.000000e+00	1.147336e+05
1.013880e+00	9.834671e+04	-1.387075e-01	2.009311e-01	0.000000e+00	-1.564065e+03	9.991077e+04
1.015070e+00	1.015557e+05	-1.389467e-01	2.010726e-01	0.000000e+00	-2.258922e+03	1.038146e+05
1.016260e+00	1.131547e+05	-1.391861e-01	2.012247e-01	0.000000e+00	-2.429143e+03	1.155838e+05
1.017450e+00	1.005602e+05	-1.394256e-01	2.013760e-01	0.000000e+00	-1.933852e+03	1.024940e+05
1.018640e+00	9.660305e+04	-1.396653e-01	2.015157e-01	0.000000e+00	-1.348732e+03	9.795178e+04
1.019830e+00	1.128427e+05	-1.399052e-01	2.016640e-01	0.000000e+00	-1.860661e+03	1.147034e+05
1.021020e+00	1.197288e+05	-1.401453e-01	2.018287e-01	0.000000e+00	-1.547832e+03	1.212766e+05
1.022210e+00	1.165754e+05	-1.403856e-01	2.019960e-01	0.000000e+00	-2.830906e+03	1.194063e+05
1.023400e+00	1.096444e+05	-1.406260e-01	2.021562e-01	0.000000e+00	-1.915976e+03	1.115604e+05
1.024590e+00	1.134873e+05	-1.408667e-01	2.023142e-01	0.000000e+00	-1.765135e+03	1.152524e+05
1.025780e+00	1.102477e+05	-1.411075e-01	2.024727e-01	0.000000e+00	-9.207543e+02	1.111685e+05
1.026970e+00	1.254639e+05	-1.413486e-01	2.026396e-01	0.000000e+00	-1.954639e+03	1.274185e+05
1.028160e+00	1.265675e+05	-1.415898e-01	2.028181e-01	0.000000e+00	-1.198794e+03	1.277663e+05
1.029350e+00	1.158121e+05	-1.418313e-01	2.029897e-01	0.000000e+00	-4.888532e+02	1.163010e+05
1.030540e+00	1.047614e+05	-1.420729e-01	2.031459e-01	0.000000e+00	-1.973570e+03	1.067350e+05
1.031730e+00	1.025366e+05	-1.423148e-01	2.032927e-01	0.000000e+00	-6.291944e+02	1.031658e+05
1.032920e+00	9.820423e+04	-1.425568e-01	2.034349e-01	0.000000e+00	-2.425225e+03	1.006295e+05
1.034110e+00	1.093730e+05	-1.427989e-01	2.035819e-01	0.000000e+00	-7.781324e+02	1.101511e+05
1.035300e+00	1.074195e+05	-1.430413e-01	2.037354e-01	0.000000e+00	-2.159061e+03	1.095785e+05
1.036490e+00	1.103860e+05	-1.432838e-01	2.038897e-01	0.000000e+00	-1.302777e+03	1.116888e+05
1.037680e+00	1.007681e+05	-1.435266e-01	2.040392e-01	0.000000e+00	-3.272205e+02	1.010953e+05
1.038870e+00	1.049990e+05	-1.437695e-01	2.041849e-01	0.000000e+00	-6.472869e+02	1.056462e+05
1.040060e+00	1.082867e+05	-1.440125e-01	2.043360e-01	0.000000e+00	-1.930493e+02	1.084797e+05
1.041250e+00	1.236357e+05	-1.442558e-01	2.045002e-01	0.000000e+00	0.000000e+00	1.236357e+05
1.042440e+00	1.206299e+05	-1.444992e-01	2.046732e-01	0.000000e+00	-7.198162e+02	1.213497e+05
1.043630e+00	1.079745e+05	-1.447429e-01	2.048351e-01	0.000000e+00	-5.059609e+02	1.084804e+05
1.044820e+00	1.160107e+05	-1.449867e-01	2.049937e-01	0.000000e+00	-1.295231e+03	1.173059e+05
1.046010e+00	1.138822e+05	-1.452308e-01	2.051565e-01	0.000000e+00	-1.820637e+03	1.157028e+05
1.047200e+00	1.089286e+05	-1.454750e-01	2.053143e-01	0.000000e+00	-1.283782e+03	1.102124e+05
1.048390e+00	1.240786e+05	-1.457194e-01	2.054793e-01	0.000000e+00	-2.569256e+02	1.243355e+05
1.049580e+00	1.091362e+05	-1.459641e-01	2.056444e-01	0.000000e+00	-8.596208e+01	1.092222e+05
1.050770e+00	1.115482e+05	-1.462089e-01	2.058007e-01	0.000000e+00	-9.451197e+02	1.124933e+05
1.051960e+00	1.116984e+05	-1.464539e-01	2.059588e-01	0.000000e+00	-1.913400e+03	1.136118e+05
1.053150e+00	9.598824e+04	-1.466990e-01	2.061059e-01	0.000000e+00	-1.730244e+03	9.771849e+04
1.054340e+00	1.134758e+05	-1.469444e-01	2.062542e-01	0.000000e+00	-1.207627e+03	1.146834e+05
1.055530e+00	1.069461e+05	-1.471899e-01	2.064103e-01	0.000000e+00	-7.453873e+02	1.076915e+05
1.056720e+00	9.765022e+04	-1.474356e-01	2.065552e-01	0.000000e+00	-9.352850e+02	9.858550e+04
1.057910e+00	1.017956e+05	-1.476815e-01	2.066964e-01	0.000000e+00	-3.579061e+02	1.021535e+05
1.059100e+00	9.812652e+04	-1.479276e-01	2.068380e-01	0.000000e+00	-1.748224e+03	9.987474e+04
1.060290e+00	1.146535e+05	-1.481738e-01	2.069887e-01	0.000000e+00	-1.954970e+03	1.166085e+05
1.061480e+00	1.108121e+05	-1.484202e-01	2.071484e-01	0.000000e+00	-9.663616e+02	1.117785e+05
1.062670e+00	1.074068e+05	-1.486668e-01	2.073029e-01	0.000000e+00	-1.681087e+03	1.090878e+05
1.063860e+00	1.029838e+05	-1.489136e-01	2.074519e-01	0.000000e+00	-8.221811e+02	1.038060e+05
1.065050e+00	1.044829e+05	-1.491606e-01	2.075988e-01	0.000000e+00	-3.330033e+02	1.048159e+05
1.066240e+00	1.028741e+05	-1.494077e-01	2.077457e-01	0.000000e+00	-5.396292e+02	1.034137e+05
1.067430e+00	1.101157e+05	-1.496550e-01	2.078965e-01	0.000000e+00	-1.182128e+03	1.112978e+05
1.068620e+00	1.095293e+05	-1.499025e-01	2.080520e-01	0.000000e+00	-1.504367e+03	1.110336e+05
1.069810e+00	1.138976e+05	-1.501502e-01	2.082103e-01	0.000000e+00	-1.476241e+03	1.153738e+05
1.071000e+00	1.159287e+05	-1.503980e-01	2.083730e-01	0.000000e+00	-3.894458e+01	1.159677e+05
1.072190e+00	1.145501e+05	-1.506461e-01	2.085362e-01	0.000000e+00	-1.694346e+03	1.162445e+05
1.073380e+00	1.046812e+05	-1.508943e-01	2.086915e-01	0.000000e+00	-2.887438e+03	1.075687e+05
1.074570e+00	1.086035e+05	-1.511428e-01	2.088425e-01	0.000000e+00	-1.258008e+03	1.098615e+05
1.075760e+00	1.091531e+05	-1.513914e-01	2.089967e-01	0.000000e+00	-2.036249e+03	1.111894e+05
1.076950e+00	9.994100e+04	-1.516402e-01	2.091448e-01	0.000000e+00	-1.500398e+03	1.014414e+05
1.078140e+00	1.112925e+05	-1.518891e-01	2.092944e-01	0.000000e+00	-7.075942e+02	1.120001e+05
1.079330e+00	1.008173e+05	-1.521383e-01	2.094446e-01	0.000000e+00	-1.322677e+03	1.021400e+05
1.080520e+00	1.083229e+05	-1.523876e-01	2.095927e-01	0.000000e+00	-1.064136e+03	1.093870e+05
1.081710e+00	1.043502e+05	-1.526371e-01	2.097433e-01	0.000000e+00	-5.560594e+02	1.049063e+05
1.082900e+00	9.644812e+04	-1.528868e-01	2.098855e-01	0.000000e+00	-7.634424e+02	9.721156e+04
1.084090e+00	1.090149e+05	-1.531367e-01	2.100310e-01	0.000000e+00	-1.687202e+03	1.107021e+05
1.085280e+00	1.137731e+05	-1.533867e-01	2.101888e-01	0.000000e+00	-1.940706e+03	1.157138e+05
1.086470e+00	1.258177e+05	-1.536369e-01	2.103585e-01	0.000000e+00	-2.288019e+02	1.260466e+05
1.087660e+00	1.139770e+05	-1.538873e-01	2.105283e-01	0.000000e+00	-2.573559e+02	1.142343e+05
1.088850e+00	9.267385e+04	-1.541380e-01	2.106746e-01	0.000000e+00	-1.277989e+03	9.395184e+04
1.090040e+00	1.047372e+05	-1.543887e-01	2.108144e-01	0.000000e+00	-1.453273e+02	1.048825e+05
1.091230e+00	1.169928e+05	-1.546397e-01	2.109714e-01	0.000000e+00	0.000000e+00	1.169928e+05
1.092420e+00	1.065637e+05	-1.548909e-01	2.111297e-01	0.000000e+00	-6.684476e+02	1.072322e+05
1.093610e+00	1.069415e+05	-1.551422e-01	2.112809e-01	0.000000e+00	-1.718885e+02	1.071134e+05
1.094800e+00	1.002237e+05	-1.553937e-01	2.114277e-01	0.000000e+00	-6.581536e+02	1.008819e+05
1.095990e+00	1.050349e+05	-1.556454e-01	2.115730e-01	0.000000e+00	-4.818155e+02	1.055167e+05
1.097180e+00	9.031711e+04	-1.558972e-01	2.117114e-01	0.000000e+00	-5.407032e+02	9.085782e+04
1.098370e+00	1.051149e+05	-1.561493e-01	2.118497e-01	0.000000e+00	0.000000e+00	1.051149e+05
1.099560e+00	9.432241e+04	-1.564015e-01	2.119910e-01	0.000000e+00	-8.545388e+01	9.440787e+04
1.100750e+00	1.000243e+05	-1.566538e-01	2.121286e-01	0.000000e+00	-2.214297e+03	1.022386e+05
1.101940e+00	9.579321e+04	-1.569063e-01	2.122673e-01	0.000000e+00	-1.061594e+03	9.685481e+04
1.103130e+00	1.021862e+05	-1.571590e-01	2.124075e-01	0.000000e+00	0.000000e+00	1.021862e+05
1.104320e+00	1.102813e+05	-1.574118e-01	2.125579e-01	0.000000e+00	0.000000e+00	1.102813e+05
1.105510e+00	1.109869e+05	-1.576649e-01	2.127146e-01	0.000000e+00	-7.764473e+01	1.110646e+05
1.106700e+00	1.000569e+05	-1.579181e-01	2.128641e-01	0.000000e+00	-1.226641e+03	1.012835e+05
1.107890e+00	1.015645e+05	-1.581715e-01	2.130069e-01	0.000000e+00	-4.939554e+02	1.020584e+05
1.109080e+00	1.092386e+05	-1.584251e-01	2.131562e-01	0.000000e+00	-7.227668e+02	1.099614e+05
1.110270e+00	1.032497e+05	-1.586788e-01	2.133066e-01	0.000000e+00	0.000000e+00	1.032497e+05
1.111460e+00	1.101662e+05	-1.589327e-01	2.134578e-01	0.000000e+00	0.000000e+00	1.101662e+05
1.112650e+00	1.076776e+05	-1.591868e-01	2.136120e-01	0.000000e+00	0.000000e+00	1.076776e+05
1.113840e+00	1.080794e+05	-1.594411e-01	2.137648e-01	0.000000e+00	0.000000e+00	1.080794e+05
1.115030e+00	1.087715e+05	-1.596956e-01	2.139184e-01	0.000000e+00	-5.415273e+02	1.093130e+05
1.116220e+00	1.108194e+05	-1.599503e-01	2.140739e-01	0.000000e+00	-2.988088e+02	1.111182e+05
1.117410e+00	1.111912e+05	-1.602051e-01	2.142311e-01	0.000000e+00	-7.785986e+02	1.119698e+05
1.118600e+00	1.170403e+05	-1.604601e-01	2.143927e-01	0.000000e+00	-1.742410e+03	1.187827e+05
1.119790e+00	9.908472e+04	-1.607154e-01	2.145458e-01	0.000000e+00	-9.655963e+02	1.000503e+05
1.120980e+00	1.184636e+05	-1.609707e-01	2.146999e-01	0.000000e+00	-1.267718e+03	1.197313e+05
1.122170e+00	1.037754e+05	-1.612263e-01	2.148572e-01	0.000000e+00	-1.128031e+03	1.049034e+05
1.123360e+00	1.175252e+05	-1.614821e-01	2.150140e-01	0.000000e+00	0.000000e+00	1.175252e+05
1.124550e+00	1.100877e+05	-1.617381e-01	2.151751e-01	0.000000e+00	0.000000e+00	1.100877e+05
1.125740e+00	9.982635e+04	-1.619942e-01	2.153238e-01	0.000000e+00	-1.862297e+01	9.984498e+04
1.126930e+00	1.006998e+05	-1.622505e-01	2.154658e-01	0.000000e+00	-1.500851e+03	1.022006e+05
1.128120e+00	1.202825e+05	-1.625070e-01	2.156223e-01	0.000000e+00	-1.002939e+03	1.212854e+05
1.129310e+00	1.254033e+05	-1.627637e-01	2.157963e-01	0.000000e+00	-8.752568e+02	1.262786e+05
1.130500e+00	1.000305e+05	-1.630206e-01	2.159559e-01	0.000000e+00	-1.251499e+03	1.012820e+05
1.131690e+00	1.060409e+05	-1.632777e-01	2.161019e-01	0.000000e+00	-3.928472e+02	1.064338e+05
1.132880e+00	1.015549e+05	-1.635349e-01	2.162489e-01	0.000000e+00	-1.947677e+03	1.035026e+05
1.134070e+00	1.152103e+05	-1.637924e-01	2.164024e-01	0.000000e+00	-5.733317e+02	1.157837e+05
1.135260e+00	1.196048e+05	-1.640500e-01	2.165687e-01	0.000000e+00	-2.435683e+02	1.198483e+05
1.136450e+00	1.064355e+05	-1.643078e-01	2.167287e-01	0.000000e+00	-5.967679e+02	1.070322e+05
1.137640e+00	1.005312e+05	-1.645658e-01	2.168753e-01	0.000000e+00	-4.203578e+02	1.009515e+05
1.138830e+00	1.208036e+05	-1.648240e-01	2.170320e-01	0.000000e+00	-4.199783e+02	1.212236e+05
1.140020e+00	1.067293e+05	-1.650823e-01	2.171932e-01	0.000000e+00	-1.563640e+02	1.068856e+05
1.141210e+00	1.168465e+05	-1.653409e-01	2.173515e-01	0.000000e+00	-6.839722e+02	1.175305e+05
1.142400e+00	1.106075e+05	-1.655996e-01	2.175126e-01	0.000000e+00	0.000000e+00	1.106075e+05
1.143590e+00	1.019631e+05	-1.658586e-01	2.176631e-01	0.000000e+00	0.000000e+00	1.019631e+05
1.144780e+00	1.098221e+05	-1.661177e-01	2.178131e-01	0.000000e+00	-4.906101e+02	1.103127e+05
1.145970e+00	1.068873e+05	-1.663770e-01	2.179666e-01	0.000000e+00	-3.497260e+02	1.072370e+05
1.147160e+00	1.091561e+05	-1.666364e-01	2.181196e-01	0.000000e+00	0.000000e+00	1.091561e+05
1.148350e+00	1.076746e+05	-1.668961e-01	2.182731e-01	0.000000e+00	0.000000e+00	1.076746e+05
1.149540e+00	1.164343e+05	-1.671559e-01	2.184318e-01	0.000000e+00	0.000000e+00	1.164343e+05
1.150730e+00	1.170089e+05	-1.674160e-01	2.185971e-01	0.000000e+00	0.000000e+00	1.170089e+05
1.151920e+00	1.129601e+05	-1.676762e-01	2.187600e-01	0.000000e+00	0.000000e+00	1.129601e+05
1.153110e+00	1.104834e+05	-1.679366e-01	2.189182e-01	0.000000e+00	0.000000e+00	1.104834e+05
1.154300e+00	1.090997e+05	-1.681972e-01	2.190737e-01	0.000000e+00	-5.257322e+01	1.091522e+05
1.155490e+00	1.091662e+05	-1.684580e-01	2.192283e-01	0.000000e+00	-7.877629e+02	1.099539e+05
1.156680e+00	1.157535e+05	-1.687190e-01	2.193876e-01	0.000000e+00	-1.563772e+02	1.159099e+05
1.157870e+00	9.647776e+04	-1.689801e-01	2.195379e-01	0.000000e+00	-6.839590e+02	9.716172e+04
1.159060e+00	1.154924e+05	-1.692415e-01	2.196880e-01	0.000000e+00	0.000000e+00	1.154924e+05
1.160250e+00	1.136355e+05	-1.695030e-01	2.198502e-01	0.000000e+00	0.000000e+00	1.136355e+05
1.161440e+00	1.109882e+05	-1.697647e-01	2.200093e-01	0.000000e+00	0.000000e+00	1.109882e+05
1.162630e+00	1.218663e+05	-1.700266e-01	2.201742e-01	0.000000e+00	0.000000e+00	1.218663e+05
1.163820e+00	9.790802e+04	-1.702887e-01	2.203298e-01	0.000000e+00	-4.407096e+02	9.834873e+04
1.165010e+00	1.168303e+05	-1.705510e-01	2.204819e-01	0.000000e+00	-6.579249e+02	1.174883e+05
1.166200e+00	9.880560e+04	-1.708135e-01	2.206346e-01	0.000000e+00	-5.820378e+02	9.938764e+04
1.167390e+00	9.080125e+04	-1.710761e-01	2.207689e-01	0.000000e+00	0.000000e+00	9.080125e+04
1.168580e+00	1.160630e+05	-1.713389e-01	2.209154e-01	0.000000e+00	0.000000e+00	1.160630e+05
1.169770e+00	1.140235e+05	-1.716019e-01	2.210783e-01	0.000000e+00	-6.773894e+02	1.147009e+05
1.170960e+00	1.197358e+05	-1.718651e-01	2.212439e-01	0.000000e+00	-1.629468e+02	1.198988e+05
1.172150e+00	1.075623e+05	-1.721285e-01	2.214048e-01	0.000000e+00	-6.551334e+02	1.082175e+05
1.173340e+00	9.887601e+04	-1.723920e-01	2.215510e-01	0.000000e+00	-1.852027e+02	9.906121e+04
1.174530e+00	1.046681e+05	-1.726557e-01	2.216952e-01	0.000000e+00	-6.863440e+02	1.053545e+05
1.175720e+00	9.454393e+04	-1.729197e-01	2.218362e-01	0.000000e+00	-1.539921e+02	9.469793e+04
1.176910e+00	1.003885e+05	-1.731837e-01	2.219743e-01	0.000000e+00	0.000000e+00	1.003885e+05
1.178100e+00	1.025162e+05	-1.734479e-01	2.221180e-01	0.000000e+00	0.000000e+00	1.025162e+05
1.179290e+00	9.395645e+04	-1.737124e-01	2.222571e-01	0.000000e+00	-5.932238e+02	9.454968e+04
1.180480e+00	9.783549e+04	-1.739769e-01	2.223929e-01	0.000000e+00	-6.203536e+02	9.845584e+04
1.181670e+00	1.045970e+05	-1.742417e-01	2.225363e-01	0.000000e+00	-6.847437e+02	1.052818e+05
1.182860e+00	1.172785e+05	-1.745066e-01	2.226934e-01	0.000000e+00	-6.226873e+02	1.179012e+05
1.184050e+00	1.125734e+05	-1.747717e-01	2.228562e-01	0.000000e+00	0.000000e+00	1.125734e+05
1.185240e+00	1.129125e+05	-1.750370e-01	2.230159e-01	0.000000e+00	0.000000e+00	1.129125e+05
1.186430e+00	1.116542e+05	-1.753024e-01	2.231749e-01	0.000000e+00	0.000000e+00	1.116542e+05
1.187620e+00	1.084295e+05	-1.755681e-01	2.233307e-01	0.000000e+00	0.000000e+00	1.084295e+05
1.188810e+00	1.056618e+05	-1.758340e-01	2.234824e-01	0.000000e+00	0.000000e+00	1.056618e+05
1.190000e+00	5.816904e+04	-1.761000e-01	2.235984e-01	0.000000e+00	0.000000e+00	5.816904e+04
