#x	rho	phi	ex	bz	rhok[0]	rhok[1]
0.000000e+00	-8.878466e+02	0.000000e+00	4.070225e-02	0.000000e+00	-1.383846e+03	4.959994e+02
1.190000e-03	-6.590239e+02	-4.843493e-05	4.070116e-02	0.000000e+00	-4.039733e+03	3.380710e+03
2.380000e-03	2.002097e+03	-9.686876e-05	4.070211e-02	0.000000e+00	-7.008694e+03	9.010792e+03
3.570000e-03	4.957171e+03	-1.453060e-04	4.070704e-02	0.000000e+00	-7.511899e+03	1.246907e+04
4.760000e-03	1.035742e+04	-1.937515e-04	4.071788e-02	0.000000e+00	-6.447232e+03	1.680465e+04
5.950000e-03	7.635964e+03	-2.422145e-04	4.073063e-02	0.000000e+00	-7.191184e+03	1.482715e+04
7.140000e-03	8.887135e+03	-2.906904e-04	4.074233e-02	0.000000e+00	-5.647215e+03	1.453435e+04
8.330000e-03	1.070611e+04	-3.391813e-04	4.075620e-02	0.000000e+00	-4.961691e+03	1.566780e+04
9.520000e-03	1.542058e+04	-3.876902e-04	4.077470e-02	0.000000e+00	-4.325082e+03	1.974566e+04
1.071000e-02	1.552242e+04	-4.362251e-04	4.079662e-02	0.000000e+00	-6.130048e+03	2.165247e+04
1.190000e-02	2.431575e+04	-4.847861e-04	4.082483e-02	0.000000e+00	-4.529995e+03	2.884575e+04
1.309000e-02	2.102056e+04	-5.333882e-04	4.085693e-02	0.000000e+00	-6.574540e+03	2.759510e+04
1.428000e-02	3.382083e+04	-5.820256e-04	4.089577e-02	0.000000e+00	-4.196027e+03	3.801685e+04
1.547000e-02	2.430100e+04	-6.307201e-04	4.093693e-02	0.000000e+00	-3.502114e+03	2.780311e+04
1.666000e-02	2.443375e+04	-6.794555e-04	4.097144e-02	0.000000e+00	-6.772042e+03	3.120579e+04
1.785000e-02	1.395722e+04	-7.282321e-04	4.099863e-02	0.000000e+00	-7.255189e+03	2.121241e+04
1.904000e-02	2.583171e+04	-7.770323e-04	4.102681e-02	0.000000e+00	-1.050605e+04	3.633776e+04
2.023000e-02	3.129366e+04	-8.258759e-04	4.106726e-02	0.000000e+00	-9.581889e+03	4.087554e+04
2.142000e-02	2.199191e+04	-8.747723e-04	4.110500e-02	0.000000e+00	-6.886958e+03	2.887887e+04
2.261000e-02	4.212187e+04	-9.237058e-04	4.115040e-02	0.000000e+00	-5.902697e+03	4.802456e+04
2.380000e-02	3.587524e+04	-9.727103e-04	4.120563e-02	0.000000e+00	-5.558273e+03	4.143352e+04
2.499000e-02	3.694276e+04	-1.021775e-03	4.125720e-02	0.000000e+00	-3.878956e+03	4.082172e+04
2.618000e-02	4.410553e+04	-1.070902e-03	4.131460e-02	0.000000e+00	-4.344613e+03	4.845014e+04
2.737000e-02	3.768605e+04	-1.120104e-03	4.137252e-02	0.000000e+00	-4.586942e+03	4.227299e+04
2.856000e-02	4.187332e+04	-1.169369e-03	4.142886e-02	0.000000e+00	-3.547989e+03	4.542131e+04
2.975000e-02	4.565304e+04	-1.218705e-03	4.149084e-02	0.000000e+00	-3.517789e+03	4.917083e+04
3.094000e-02	4.965100e+04	-1.268117e-03	4.155833e-02	0.000000e+00	-4.614596e+03	5.426560e+04
3.213000e-02	4.710659e+04	-1.317613e-03	4.162685e-02	0.000000e+00	-7.551483e+03	5.465807e+04
3.332000e-02	4.050432e+04	-1.367189e-03	4.168890e-02	0.000000e+00	-1.017042e+04	5.067474e+04
3.451000e-02	4.247878e+04	-1.416833e-03	4.174766e-02	0.000000e+00	-4.000867e+03	4.647965e+04
3.570000e-02	4.696273e+04	-1.466549e-03	4.181100e-02	0.000000e+00	-7.144221e+03	5.410695e+04
3.689000e-02	5.456152e+04	-1.516343e-03	4.188290e-02	0.000000e+00	-5.944822e+03	6.050634e+04
3.808000e-02	4.880362e+04	-1.566230e-03	4.195610e-02	0.000000e+00	-6.514140e+03	5.531776e+04
3.927000e-02	5.003810e+04	-1.616199e-03	4.202609e-02	0.000000e+00	-7.718038e+03	5.775614e+04
4.046000e-02	5.300232e+04	-1.666252e-03	4.209906e-02	0.000000e+00	-8.811548e+03	6.181387e+04
4.165000e-02	5.620045e+04	-1.716395e-03	4.217640e-02	0.000000e+00	-5.838319e+03	6.203877e+04
4.284000e-02	5.626157e+04	-1.766632e-03	4.225604e-02	0.000000e+00	-6.444812e+03	6.270638e+04
4.403000e-02	7.170311e+04	-1.816964e-03	4.234666e-02	0.000000e+00	-4.359015e+03	7.606213e+04
4.522000e-02	6.012844e+04	-1.867417e-03	4.244002e-02	0.000000e+00	-8.784533e+03	6.891297e+04
4.641000e-02	4.790164e+04	-1.917971e-03	4.251652e-02	0.000000e+00	-6.287557e+03	5.418920e+04
4.760000e-02	5.333919e+04	-1.968606e-03	4.258822e-02	0.000000e+00	-6.459411e+03	5.979860e+04
4.879000e-02	4.746550e+04	-2.019331e-03	4.265960e-02	0.000000e+00	-4.513396e+03	5.197890e+04
4.998000e-02	5.027604e+04	-2.070136e-03	4.272882e-02	0.000000e+00	-5.564972e+03	5.584102e+04
5.117000e-02	4.880552e+04	-2.121026e-03	4.279899e-02	0.000000e+00	-5.373696e+03	5.417922e+04
5.236000e-02	5.817321e+04	-2.171998e-03	4.287474e-02	0.000000e+00	-5.110275e+03	6.328349e+04
5.355000e-02	5.685739e+04	-2.223068e-03	4.295620e-02	0.000000e+00	-5.479018e+03	6.233641e+04
5.474000e-02	5.960819e+04	-2.274233e-03	4.303868e-02	0.000000e+00	-4.987447e+03	6.459563e+04
5.593000e-02	4.629185e+04	-2.325500e-03	4.311368e-02	0.000000e+00	-8.631052e+03	5.492291e+04
5.712000e-02	6.510382e+04	-2.376844e-03	4.319256e-02	0.000000e+00	-4.588350e+03	6.969217e+04
5.831000e-02	7.985284e+04	-2.428298e-03	4.329522e-02	0.000000e+00	-3.585187e+03	8.343803e+04
5.950000e-02	6.718995e+04	-2.479887e-03	4.339935e-02	0.000000e+00	-5.481944e+03	7.267190e+04
6.069000e-02	6.487469e+04	-2.531588e-03	4.349287e-02	0.000000e+00	-3.772124e+03	6.864681e+04
6.188000e-02	6.389200e+04	-2.583400e-03	4.358406e-02	0.000000e+00	-6.312784e+03	7.020478e+04
6.307000e-02	6.261507e+04	-2.635318e-03	4.367365e-02	0.000000e+00	-6.151198e+03	6.876626e+04
6.426000e-02	7.006450e+04	-2.687343e-03	4.376760e-02	0.000000e+00	-5.313912e+03	7.537841e+04
6.545000e-02	7.046330e+04	-2.739485e-03	4.386712e-02	0.000000e+00	-3.382799e+03	7.384610e+04
6.664000e-02	5.389749e+04	-2.791747e-03	4.395519e-02	0.000000e+00	-4.066829e+03	5.796432e+04
6.783000e-02	6.736362e+04	-2.844099e-03	4.404106e-02	0.000000e+00	-4.934067e+03	7.229768e+04
6.902000e-02	6.241002e+04	-2.896564e-03	4.413296e-02	0.000000e+00	-8.261530e+03	7.067155e+04
7.021000e-02	7.528296e+04	-2.949135e-03	4.423047e-02	0.000000e+00	-5.721440e+03	8.100440e+04
7.140000e-02	6.844958e+04	-3.001833e-03	4.433226e-02	0.000000e+00	-8.062073e+03	7.651165e+04
7.259000e-02	6.863149e+04	-3.054646e-03	4.442934e-02	0.000000e+00	-6.876379e+03	7.550787e+04
7.378000e-02	8.392059e+04	-3.107575e-03	4.453737e-02	0.000000e+00	-4.508853e+03	8.842944e+04
7.497000e-02	8.469471e+04	-3.160645e-03	4.465677e-02	0.000000e+00	-3.888080e+03	8.858279e+04
7.616000e-02	7.644282e+04	-3.213858e-03	4.477089e-02	0.000000e+00	-4.738861e+03	8.118168e+04
7.735000e-02	6.761102e+04	-3.267200e-03	4.487290e-02	0.000000e+00	-5.339253e+03	7.295028e+04
7.854000e-02	8.301288e+04	-3.320655e-03	4.497957e-02	0.000000e+00	-5.327082e+03	8.833996e+04
7.973000e-02	7.980501e+04	-3.374251e-03	4.509487e-02	0.000000e+00	-5.306548e+03	8.511156e+04
8.092000e-02	9.230028e+04	-3.427981e-03	4.521675e-02	0.000000e+00	-5.183947e+03	9.748423e+04
8.211000e-02	8.877013e+04	-3.481867e-03	4.534498e-02	0.000000e+00	-4.365235e+03	9.313536e+04
8.330000e-02	7.185712e+04	-3.535902e-03	4.545873e-02	0.000000e+00	-5.314203e+03	7.717132e+04
8.449000e-02	7.787933e+04	-3.590059e-03	4.556476e-02	0.000000e+00	-6.791526e+03	8.467085e+04
8.568000e-02	7.464333e+04	-3.644346e-03	4.567278e-02	0.000000e+00	-5.498874e+03	8.014221e+04
8.687000e-02	7.869375e+04	-3.698760e-03	4.578136e-02	0.000000e+00	-5.889301e+03	8.458305e+04
8.806000e-02	8.697640e+04	-3.753306e-03	4.589868e-02	0.000000e+00	-4.431904e+03	9.140830e+04
8.925000e-02	7.984432e+04	-3.807999e-03	4.601682e-02	0.000000e+00	-6.056548e+03	8.590086e+04
9.044000e-02	8.323066e+04	-3.862826e-03	4.613231e-02	0.000000e+00	-5.857551e+03	8.908821e+04
9.163000e-02	9.730390e+04	-3.917794e-03	4.626015e-02	0.000000e+00	-2.998384e+03	1.003023e+05
9.282000e-02	9.335088e+04	-3.972925e-03	4.639517e-02	0.000000e+00	-5.690420e+03	9.904130e+04
9.401000e-02	9.054972e+04	-4.028214e-03	4.652540e-02	0.000000e+00	-8.534024e+03	9.908375e+04
9.520000e-02	8.385548e+04	-4.083656e-03	4.664891e-02	0.000000e+00	-3.255679e+03	8.711116e+04
9.639000e-02	9.804112e+04	-4.139238e-03	4.677772e-02	0.000000e+00	-3.052794e+03	1.010939e+05
9.758000e-02	9.966991e+04	-4.194987e-03	4.691773e-02	0.000000e+00	-9.206358e+03	1.088763e+05
9.877000e-02	9.058615e+04	-4.250903e-03	4.705247e-02	0.000000e+00	-6.341539e+03	9.692769e+04
9.996000e-02	9.569177e+04	-4.306971e-03	4.718438e-02	0.000000e+00	-5.795311e+03	1.014871e+05
1.011500e-01	8.325624e+04	-4.363201e-03	4.731111e-02	0.000000e+00	-7.882055e+03	9.113829e+04
1.023400e-01	9.319295e+04	-4.419572e-03	4.743606e-02	0.000000e+00	-6.158869e+03	9.935182e+04
1.035300e-01	9.523260e+04	-4.476099e-03	4.756950e-02	0.000000e+00	-7.152165e+03	1.023848e+05
1.047200e-01	9.171415e+04	-4.532787e-03	4.770189e-02	0.000000e+00	-7.487417e+03	9.920157e+04
1.059100e-01	8.497052e+04	-4.589630e-03	4.782701e-02	0.000000e+00	-7.920647e+03	9.289116e+04
1.071000e-01	1.062928e+05	-4.646616e-03	4.796245e-02	0.000000e+00	-4.170634e+03	1.104634e+05
1.082900e-01	9.912197e+04	-4.703780e-03	4.810792e-02	0.000000e+00	-5.180970e+03	1.043029e+05
1.094800e-01	8.854732e+04	-4.761112e-03	4.824082e-02	0.000000e+00	-2.926283e+03	9.147360e+04
1.106700e-01	8.935182e+04	-4.818594e-03	4.836680e-02	0.000000e+00	-2.018293e+03	9.137011e+04
1.118600e-01	9.880040e+04	-4.876225e-03	4.850005e-02	0.000000e+00	-5.642632e+03	1.044430e+05
1.130500e-01	9.943667e+04	-4.934024e-03	4.864043e-02	0.000000e+00	-5.059307e+03	1.044960e+05
1.142400e-01	9.122554e+04	-4.991990e-03	4.877545e-02	0.000000e+00	-4.381915e+03	9.560745e+04
1.154300e-01	1.049527e+05	-5.050109e-03	4.891438e-02	0.000000e+00	-6.438403e+03	1.113911e+05
1.166200e-01	1.003062e+05	-5.108406e-03	4.905974e-02	0.000000e+00	-4.278805e+03	1.045850e+05
1.178100e-01	1.017306e+05	-5.166871e-03	4.920281e-02	0.000000e+00	-3.581941e+03	1.053126e+05
1.190000e-01	1.133147e+05	-5.225509e-03	4.935510e-02	0.000000e+00	-5.114230e+03	1.184289e+05
1.201900e-01	1.159204e+05	-5.284337e-03	4.951743e-02	0.000000e+00	-5.726834e+03	1.216473e+05
1.213800e-01	1.170762e+05	-5.343360e-03	4.968243e-02	0.000000e+00	-2.940407e+03	1.200166e+05
1.225700e-01	1.130794e+05	-5.402581e-03	4.984542e-02	0.000000e+00	-4.072201e+03	1.171516e+05
1.237600e-01	1.050887e+05	-5.461992e-03	4.999992e-02	0.000000e+00	-5.456910e+03	1.105456e+05
1.249500e-01	1.065520e+05	-5.521581e-03	5.014980e-02	0.000000e+00	-5.421098e+03	1.119731e+05
1.261400e-01	1.023129e+05	-5.581349e-03	5.029771e-02	0.000000e+00	-3.865735e+03	1.061786e+05
1.273300e-01	1.023913e+05	-5.641289e-03	5.044267e-02	0.000000e+00	-4.936042e+03	1.073274e+05
1.285200e-01	1.061476e+05	-5.701402e-03	5.059035e-02	0.000000e+00	-3.943145e+03	1.100907e+05
1.297100e-01	1.133275e+05	-5.761694e-03	5.074578e-02	0.000000e+00	-6.188805e+03	1.195163e+05
1.309000e-01	1.149899e+05	-5.822177e-03	5.090746e-02	0.000000e+00	-4.042597e+03	1.190325e+05
1.320900e-01	1.238037e+05	-5.882854e-03	5.107657e-02	0.000000e+00	-3.709245e+03	1.275130e+05
1.332800e-01	1.138096e+05	-5.943739e-03	5.124484e-02	0.000000e+00	-4.735887e+03	1.185454e+05
1.344700e-01	1.032829e+05	-6.004817e-03	5.139858e-02	0.000000e+00	-4.313652e+03	1.075966e+05
1.356600e-01	1.158604e+05	-6.066068e-03	5.155376e-02	0.000000e+00	-5.896891e+03	1.217573e+05
1.368500e-01	1.212509e+05	-6.127515e-03	5.172168e-02	0.000000e+00	-3.847013e+03	1.250979e+05
1.380400e-01	9.586775e+04	-6.189166e-03	5.187543e-02	0.000000e+00	-1.837058e+03	9.770481e+04
1.392300e-01	1.102029e+05	-6.250978e-03	5.202137e-02	0.000000e+00	-2.871042e+03	1.130740e+05
1.404200e-01	1.053868e+05	-6.312976e-03	5.217404e-02	0.000000e+00	-3.093800e+03	1.084806e+05
1.416100e-01	1.059199e+05	-6.375152e-03	5.232368e-02	0.000000e+00	-5.804127e+03	1.117240e+05
1.428000e-01	1.180619e+05	-6.437507e-03	5.248230e-02	0.000000e+00	-4.683414e+03	1.227453e+05
1.439900e-01	1.255732e+05	-6.500060e-03	5.265483e-02	0.000000e+00	-3.949828e+03	1.295230e+05
1.451800e-01	1.008554e+05	-6.562825e-03	5.281518e-02	0.000000e+00	-6.683337e+03	1.075388e+05
1.463700e-01	1.091230e+05	-6.625760e-03	5.296388e-02	0.000000e+00	-4.888632e+03	1.140116e+05
1.475600e-01	1.178928e+05	-6.688879e-03	5.312464e-02	0.000000e+00	-4.567473e+03	1.224603e+05
1.487500e-01	1.175867e+05	-6.752197e-03	5.329140e-02	0.000000e+00	-3.566563e+03	1.211532e+05
1.499400e-01	1.272324e+05	-6.815713e-03	5.346477e-02	0.000000e+00	-3.394592e+03	1.306270e+05
1.511300e-01	1.113009e+05	-6.879443e-03	5.363369e-02	0.000000e+00	-3.610229e+03	1.149112e+05
1.523200e-01	1.162040e+05	-6.943361e-03	5.379480e-02	0.000000e+00	-4.903659e+03	1.211076e+05
1.535100e-01	1.082263e+05	-7.007475e-03	5.395374e-02	0.000000e+00	-5.561074e+03	1.137874e+05
1.547000e-01	1.230876e+05	-7.071771e-03	5.411755e-02	0.000000e+00	-1.536735e+03	1.246244e+05
1.558900e-01	1.255999e+05	-7.136275e-03	5.429366e-02	0.000000e+00	-4.498287e+03	1.300982e+05
1.570800e-01	1.245490e+05	-7.200990e-03	5.447080e-02	0.000000e+00	-2.992378e+03	1.275413e+05
1.582700e-01	1.197951e+05	-7.265915e-03	5.464384e-02	0.000000e+00	-3.255777e+03	1.230508e+05
1.594600e-01	1.180413e+05	-7.331042e-03	5.481227e-02	0.000000e+00	-4.290849e+03	1.223321e+05
1.606500e-01	1.325928e+05	-7.396368e-03	5.498976e-02	0.000000e+00	-4.179967e+03	1.367727e+05
1.618400e-01	1.350297e+05	-7.461918e-03	5.517928e-02	0.000000e+00	-5.244547e+03	1.402742e+05
1.630300e-01	1.188191e+05	-7.527695e-03	5.535905e-02	0.000000e+00	-5.547331e+03	1.243664e+05
1.642200e-01	1.170354e+05	-7.593672e-03	5.552607e-02	0.000000e+00	-3.230136e+03	1.202656e+05
1.654100e-01	1.191672e+05	-7.659847e-03	5.569334e-02	0.000000e+00	-3.356581e+03	1.225237e+05
1.666000e-01	1.261603e+05	-7.726222e-03	5.586707e-02	0.000000e+00	-7.380531e+03	1.335408e+05
1.677900e-01	1.212322e+05	-7.792811e-03	5.604227e-02	0.000000e+00	-7.460029e+03	1.286922e+05
1.689800e-01	1.133764e+05	-7.859603e-03	5.620841e-02	0.000000e+00	-5.407084e+03	1.187834e+05
1.701700e-01	1.275020e+05	-7.926587e-03	5.637899e-02	0.000000e+00	-4.329014e+03	1.318310e+05
1.713600e-01	1.080405e+05	-7.993785e-03	5.654579e-02	0.000000e+00	-4.371745e+03	1.124123e+05
1.725500e-01	1.269572e+05	-8.061166e-03	5.671221e-02	0.000000e+00	-6.434444e+03	1.333916e+05
1.737400e-01	1.077722e+05	-8.128760e-03	5.687844e-02	0.000000e+00	-5.306784e+03	1.130790e+05
1.749300e-01	1.289614e+05	-8.196536e-03	5.704608e-02	0.000000e+00	-3.714212e+03	1.326756e+05
1.761200e-01	1.342649e+05	-8.264530e-03	5.723249e-02	0.000000e+00	-4.058196e+03	1.383231e+05
1.773100e-01	1.289131e+05	-8.332750e-03	5.741886e-02	0.000000e+00	-1.714227e+03	1.306273e+05
1.785000e-01	1.338764e+05	-8.401187e-03	5.760496e-02	0.000000e+00	-6.719975e+03	1.405964e+05
1.796900e-01	1.160685e+05	-8.469849e-03	5.778196e-02	0.000000e+00	-5.933253e+03	1.220018e+05
1.808800e-01	1.340732e+05	-8.538708e-03	5.795911e-02	0.000000e+00	-3.146818e+03	1.372200e+05
1.820700e-01	1.339959e+05	-8.607792e-03	5.814894e-02	0.000000e+00	-6.033736e+03	1.400297e+05
1.832600e-01	1.266020e+05	-8.677102e-03	5.833349e-02	0.000000e+00	-4.255207e+03	1.308572e+05
1.844500e-01	1.314158e+05	-8.746626e-03	5.851621e-02	0.000000e+00	-4.959029e+03	1.363748e+05
1.856400e-01	1.360051e+05	-8.816371e-03	5.870559e-02	0.000000e+00	-4.554387e+03	1.405595e+05
1.868300e-01	1.344054e+05	-8.886345e-03	5.889708e-02	0.000000e+00	-4.911281e+03	1.393166e+05
1.880200e-01	1.236408e+05	-8.956546e-03	5.907982e-02	0.000000e+00	-7.553624e+03	1.311944e+05
1.892100e-01	1.132832e+05	-9.026955e-03	5.924760e-02	0.000000e+00	-6.169035e+03	1.194522e+05
1.904000e-01	1.380874e+05	-9.097555e-03	5.942561e-02	0.000000e+00	-4.821698e+03	1.429091e+05
1.915900e-01	1.274891e+05	-9.168388e-03	5.961369e-02	0.000000e+00	-3.442153e+03	1.309313e+05
1.927800e-01	1.317810e+05	-9.239436e-03	5.979729e-02	0.000000e+00	-2.770290e+03	1.345513e+05
1.939700e-01	1.242303e+05	-9.310706e-03	5.997859e-02	0.000000e+00	-3.919641e+03	1.281499e+05
1.951600e-01	1.311123e+05	-9.382185e-03	6.015941e-02	0.000000e+00	-5.379307e+03	1.364916e+05
1.963500e-01	1.332314e+05	-9.453885e-03	6.034661e-02	0.000000e+00	-3.560654e+03	1.367921e+05
1.975400e-01	1.512214e+05	-9.525810e-03	6.054805e-02	0.000000e+00	-6.615579e+03	1.578369e+05
1.987300e-01	1.327916e+05	-9.597989e-03	6.074918e-02	0.000000e+00	-4.630788e+03	1.374224e+05
1.999200e-01	1.260965e+05	-9.670393e-03	6.093252e-02	0.000000e+00	-4.281434e+03	1.303779e+05
2.011100e-01	1.360735e+05	-9.743009e-03	6.111818e-02	0.000000e+00	-3.163305e+03	1.392368e+05
2.023000e-01	1.372094e+05	-9.815854e-03	6.131170e-02	0.000000e+00	-7.670084e+02	1.379764e+05
2.034900e-01	1.294395e+05	-9.888931e-03	6.150054e-02	0.000000e+00	-2.674546e+03	1.321140e+05
2.046800e-01	1.382296e+05	-9.962225e-03	6.169009e-02	0.000000e+00	-2.288631e+03	1.405182e+05
2.058700e-01	1.355929e+05	-1.003575e-02	6.188400e-02	0.000000e+00	-4.641907e+03	1.402348e+05
2.070600e-01	1.438221e+05	-1.010951e-02	6.208187e-02	0.000000e+00	-3.369485e+03	1.471916e+05
2.082500e-01	1.508309e+05	-1.018351e-02	6.229054e-02	0.000000e+00	-5.306435e+03	1.561373e+05
2.094400e-01	1.377186e+05	-1.025776e-02	6.249488e-02	0.000000e+00	-7.672237e+03	1.453908e+05
2.106300e-01	1.319994e+05	-1.033225e-02	6.268588e-02	0.000000e+00	-6.694885e+03	1.386943e+05
2.118200e-01	1.203580e+05	-1.040695e-02	6.286459e-02	0.000000e+00	-6.129657e+03	1.264876e+05
2.130100e-01	1.367372e+05	-1.048186e-02	6.304666e-02	0.000000e+00	-6.905525e+03	1.436428e+05
2.142000e-01	1.412958e+05	-1.055700e-02	6.324355e-02	0.000000e+00	-4.328708e+03	1.456245e+05
2.153900e-01	1.416582e+05	-1.063238e-02	6.344393e-02	0.000000e+00	-1.629220e+03	1.432874e+05
2.165800e-01	1.426405e+05	-1.070800e-02	6.364526e-02	0.000000e+00	-3.412372e+03	1.460528e+05
2.177700e-01	1.505804e+05	-1.078386e-02	6.385291e-02	0.000000e+00	-1.246420e+03	1.518268e+05
2.189600e-01	1.508243e+05	-1.085997e-02	6.406635e-02	0.000000e+00	-2.345961e+03	1.531703e+05
2.201500e-01	1.480678e+05	-1.093634e-02	6.427802e-02	0.000000e+00	-2.701004e+03	1.507688e+05
2.213400e-01	1.433412e+05	-1.101295e-02	6.448438e-02	0.000000e+00	-2.029628e+03	1.453708e+05
2.225300e-01	1.405183e+05	-1.108981e-02	6.468540e-02	0.000000e+00	-1.740696e+03	1.422590e+05
2.237200e-01	1.419803e+05	-1.116690e-02	6.488546e-02	0.000000e+00	-1.936014e+03	1.439163e+05
2.249100e-01	1.347326e+05	-1.124424e-02	6.508142e-02	0.000000e+00	-4.771364e+03	1.395040e+05
2.261000e-01	1.446490e+05	-1.132180e-02	6.527926e-02	0.000000e+00	-3.206178e+03	1.478552e+05
2.272900e-01	1.410302e+05	-1.139960e-02	6.548157e-02	0.000000e+00	-3.753676e+03	1.447839e+05
2.284800e-01	1.404621e+05	-1.147764e-02	6.568091e-02	0.000000e+00	-3.026933e+03	1.434890e+05
2.296700e-01	1.477792e+05	-1.155592e-02	6.588504e-02	0.000000e+00	-4.629089e+03	1.524083e+05
2.308600e-01	1.435224e+05	-1.163445e-02	6.609133e-02	0.000000e+00	-1.730879e+03	1.452533e+05
2.320500e-01	1.413996e+05	-1.171322e-02	6.629310e-02	0.000000e+00	-2.525149e+03	1.439248e+05
2.332400e-01	1.473332e+05	-1.179223e-02	6.649757e-02	0.000000e+00	-2.114696e+03	1.494478e+05
2.344300e-01	1.311815e+05	-1.187148e-02	6.669480e-02	0.000000e+00	-2.022250e+03	1.332037e+05
2.356200e-01	1.470590e+05	-1.195096e-02	6.689184e-02	0.000000e+00	-2.972074e+03	1.500311e+05
2.368100e-01	1.371901e+05	-1.203069e-02	6.709314e-02	0.000000e+00	-5.440818e+03	1.426310e+05
2.380000e-01	1.367423e+05	-1.211064e-02	6.728713e-02	0.000000e+00	-5.328964e+03	1.420712e+05
2.391900e-01	1.364619e+05	-1.219083e-02	6.748060e-02	0.000000e+00	-6.210832e+03	1.426727e+05
2.403800e-01	1.329215e+05	-1.227125e-02	6.767137e-02	0.000000e+00	-2.444413e+03	1.353659e+05
2.415700e-01	1.556461e+05	-1.235189e-02	6.787572e-02	0.000000e+00	-2.215703e+03	1.578618e+05
2.427600e-01	1.560371e+05	-1.243279e-02	6.809645e-02	0.000000e+00	-3.414945e+03	1.594521e+05
2.439500e-01	1.642403e+05	-1.251396e-02	6.832325e-02	0.000000e+00	-1.737605e+03	1.659779e+05
2.451400e-01	1.442957e+05	-1.259540e-02	6.854175e-02	0.000000e+00	-4.738705e+03	1.490344e+05
2.463300e-01	1.455711e+05	-1.267709e-02	6.874702e-02	0.000000e+00	-2.707682e+03	1.482788e+05
2.475200e-01	1.548569e+05	-1.275902e-02	6.895977e-02	0.000000e+00	-6.854231e+02	1.555423e+05
2.487100e-01	1.486224e+05	-1.284121e-02	6.917469e-02	0.000000e+00	-2.950240e+03	1.515726e+05
2.499000e-01	1.508363e+05	-1.292365e-02	6.938675e-02	0.000000e+00	-3.764281e+03	1.546006e+05
2.510900e-01	1.556045e+05	-1.300635e-02	6.960376e-02	0.000000e+00	-5.392974e+03	1.609975e+05
2.522800e-01	1.586215e+05	-1.308931e-02	6.982629e-02	0.000000e+00	-3.250146e+03	1.618717e+05
2.534700e-01	1.444115e+05	-1.317254e-02	7.004089e-02	0.000000e+00	-3.305519e+03	1.477170e+05
2.546600e-01	1.533469e+05	-1.325601e-02	7.025175e-02	0.000000e+00	-5.685884e+03	1.590328e+05
2.558500e-01	1.577810e+05	-1.333974e-02	7.047208e-02	0.000000e+00	-5.310274e+03	1.630913e+05
2.570400e-01	1.559574e+05	-1.342373e-02	7.069426e-02	0.000000e+00	-5.713398e+02	1.565287e+05
2.582300e-01	1.571009e+05	-1.350799e-02	7.091595e-02	0.000000e+00	-3.052138e+02	1.574061e+05
2.594200e-01	1.584348e+05	-1.359251e-02	7.113940e-02	0.000000e+00	-1.635175e+03	1.600700e+05
2.606100e-01	1.628388e+05	-1.367730e-02	7.136692e-02	0.000000e+00	-3.550157e+03	1.663890e+05
2.618000e-01	1.429718e+05	-1.376236e-02	7.158348e-02	0.000000e+00	-2.927229e+03	1.458990e+05
2.629900e-01	1.513024e+05	-1.384767e-02	7.179188e-02	0.000000e+00	-3.732544e+03	1.550349e+05
2.641800e-01	1.579030e+05	-1.393323e-02	7.201085e-02	0.000000e+00	-1.820574e+03	1.597235e+05
2.653700e-01	1.593048e+05	-1.401906e-02	7.223548e-02	0.000000e+00	-3.701695e+03	1.630065e+05
2.665600e-01	1.538966e+05	-1.410515e-02	7.245728e-02	0.000000e+00	-4.008037e+03	1.579046e+05
2.677500e-01	1.537769e+05	-1.419150e-02	7.267516e-02	0.000000e+00	-3.205522e+03	1.569825e+05
2.689400e-01	1.349426e+05	-1.427812e-02	7.287962e-02	0.000000e+00	-2.936274e+03	1.378788e+05
2.701300e-01	1.414201e+05	-1.436496e-02	7.307533e-02	0.000000e+00	-2.933776e+03	1.443539e+05
2.713200e-01	1.507115e+05	-1.445204e-02	7.328221e-02	0.000000e+00	-5.542903e+03	1.562544e+05
2.725100e-01	1.600863e+05	-1.453937e-02	7.350231e-02	0.000000e+00	-3.332711e+03	1.634190e+05
2.737000e-01	1.616785e+05	-1.462697e-02	7.373017e-02	0.000000e+00	-7.498928e+03	1.691774e+05
2.748900e-01	1.589725e+05	-1.471485e-02	7.395724e-02	0.000000e+00	-4.946829e+03	1.639193e+05
2.760800e-01	1.335107e+05	-1.480299e-02	7.416437e-02	0.000000e+00	-6.273178e+03	1.397838e+05
2.772700e-01	1.561535e+05	-1.489136e-02	7.436950e-02	0.000000e+00	-2.253376e+03	1.584069e+05
2.784600e-01	1.652896e+05	-1.497999e-02	7.459713e-02	0.000000e+00	-4.084943e+03	1.693745e+05
2.796500e-01	1.643249e+05	-1.506890e-02	7.483056e-02	0.000000e+00	-6.492892e+03	1.708178e+05
2.808400e-01	1.557763e+05	-1.515809e-02	7.505724e-02	0.000000e+00	-6.019680e+03	1.617960e+05
2.820300e-01	1.529321e+05	-1.524754e-02	7.527586e-02	0.000000e+00	-2.412033e+03	1.553442e+05
2.832200e-01	1.532743e+05	-1.533724e-02	7.549270e-02	0.000000e+00	-1.860612e+03	1.551349e+05
2.844100e-01	1.571109e+05	-1.542721e-02	7.571250e-02	0.000000e+00	-3.738742e+03	1.608496e+05
2.856000e-01	1.340859e+05	-1.551744e-02	7.591872e-02	0.000000e+00	-3.104742e+03	1.371907e+05
2.867900e-01	1.554936e+05	-1.560789e-02	7.612379e-02	0.000000e+00	-3.167763e+03	1.586614e+05
2.879800e-01	1.670343e+05	-1.569861e-02	7.635219e-02	0.000000e+00	-2.561862e+03	1.695962e+05
2.891700e-01	1.413560e+05	-1.578961e-02	7.657058e-02	0.000000e+00	-5.330779e+03	1.466868e+05
2.903600e-01	1.577985e+05	-1.588085e-02	7.678244e-02	0.000000e+00	-4.089652e+03	1.618882e+05
2.915500e-01	1.640618e+05	-1.597236e-02	7.701037e-02	0.000000e+00	-4.152920e+03	1.682147e+05
2.927400e-01	1.532084e+05	-1.606414e-02	7.723504e-02	0.000000e+00	-4.088066e+03	1.572965e+05
2.939300e-01	1.509305e+05	-1.615617e-02	7.745043e-02	0.000000e+00	-2.309606e+03	1.532401e+05
2.951200e-01	1.473692e+05	-1.624847e-02	7.766167e-02	0.000000e+00	-3.127114e+03	1.504963e+05
2.963100e-01	1.514300e+05	-1.634101e-02	7.787327e-02	0.000000e+00	-3.806311e+03	1.552363e+05
2.975000e-01	1.510352e+05	-1.643381e-02	7.808746e-02	0.000000e+00	-3.503705e+03	1.545389e+05
2.986900e-01	1.399288e+05	-1.652686e-02	7.829352e-02	0.000000e+00	-4.262494e+03	1.441913e+05
2.998800e-01	1.620507e+05	-1.662014e-02	7.850737e-02	0.000000e+00	-4.557194e+03	1.666079e+05
3.010700e-01	1.652864e+05	-1.671370e-02	7.873917e-02	0.000000e+00	-8.726373e+02	1.661591e+05
3.022600e-01	1.620851e+05	-1.680754e-02	7.897101e-02	0.000000e+00	-1.763301e+03	1.638484e+05
3.034500e-01	1.723875e+05	-1.690166e-02	7.920787e-02	0.000000e+00	-2.071372e+03	1.744589e+05
3.046400e-01	1.611643e+05	-1.699606e-02	7.944408e-02	0.000000e+00	-2.357270e+03	1.635216e+05
3.058300e-01	1.621565e+05	-1.709073e-02	7.967304e-02	0.000000e+00	-4.150325e+03	1.663069e+05
3.070200e-01	1.729929e+05	-1.718568e-02	7.991038e-02	0.000000e+00	-4.835464e+03	1.778284e+05
3.082100e-01	1.789064e+05	-1.728092e-02	8.015959e-02	0.000000e+00	-3.211499e+03	1.821179e+05
3.094000e-01	1.609876e+05	-1.737646e-02	8.040029e-02	0.000000e+00	-4.943770e+03	1.659314e+05
3.105900e-01	1.590886e+05	-1.747227e-02	8.062696e-02	0.000000e+00	-3.915599e+03	1.630042e+05
3.117800e-01	1.565101e+05	-1.756835e-02	8.085045e-02	0.000000e+00	-5.591686e+03	1.621018e+05
3.129700e-01	1.814090e+05	-1.766470e-02	8.108975e-02	0.000000e+00	-4.758445e+03	1.861675e+05
3.141600e-01	1.775543e+05	-1.776135e-02	8.134396e-02	0.000000e+00	-1.306457e+03	1.788608e+05
3.153500e-01	1.699572e+05	-1.785829e-02	8.159005e-02	0.000000e+00	-6.249759e+03	1.762069e+05
3.165400e-01	1.803064e+05	-1.795553e-02	8.183810e-02	0.000000e+00	-5.547807e+03	1.858542e+05
3.177300e-01	1.743090e+05	-1.805307e-02	8.208922e-02	0.000000e+00	-3.465896e+03	1.777749e+05
3.189200e-01	1.621046e+05	-1.815090e-02	8.232746e-02	0.000000e+00	-2.966878e+03	1.650715e+05
3.201100e-01	1.699213e+05	-1.824901e-02	8.256259e-02	0.000000e+00	-1.082580e+04	1.807471e+05
3.213000e-01	1.679441e+05	-1.834740e-02	8.280185e-02	0.000000e+00	-4.808633e+03	1.727527e+05
3.224900e-01	1.559964e+05	-1.844608e-02	8.303126e-02	0.000000e+00	-5.442275e+03	1.614387e+05
3.236800e-01	1.523818e+05	-1.854502e-02	8.324964e-02	0.000000e+00	-3.149035e+03	1.555308e+05
3.248700e-01	1.630867e+05	-1.864421e-02	8.347304e-02	0.000000e+00	-3.112858e+03	1.661995e+05
3.260600e-01	1.760356e+05	-1.874368e-02	8.371320e-02	0.000000e+00	-3.212329e+03	1.792479e+05
3.272500e-01	1.792022e+05	-1.884345e-02	8.396476e-02	0.000000e+00	-3.812283e+03	1.830145e+05
3.284400e-01	1.655684e+05	-1.894352e-02	8.420892e-02	0.000000e+00	-5.403512e+03	1.709720e+05
3.296300e-01	1.797547e+05	-1.904387e-02	8.445346e-02	0.000000e+00	-3.260200e+03	1.830149e+05
3.308200e-01	1.698775e+05	-1.914452e-02	8.470106e-02	0.000000e+00	-5.323756e+03	1.752013e+05
3.320100e-01	1.674412e+05	-1.924545e-02	8.493994e-02	0.000000e+00	-6.128065e+03	1.735693e+05
3.332000e-01	1.622123e+05	-1.934667e-02	8.517339e-02	0.000000e+00	-3.044581e+03	1.652569e+05
3.343900e-01	1.548031e+05	-1.944817e-02	8.539789e-02	0.000000e+00	-4.386788e+03	1.591899e+05
3.355800e-01	1.540060e+05	-1.954992e-02	8.561658e-02	0.000000e+00	-6.451836e+03	1.604578e+05
3.367700e-01	1.645885e+05	-1.965193e-02	8.584219e-02	0.000000e+00	-4.009248e+03	1.685977e+05
3.379600e-01	1.671501e+05	-1.975423e-02	8.607712e-02	0.000000e+00	-1.789182e+03	1.689393e+05
3.391500e-01	1.685503e+05	-1.985680e-02	8.631485e-02	0.000000e+00	-2.791253e+03	1.713416e+05
3.403400e-01	1.591977e+05	-1.995966e-02	8.654695e-02	0.000000e+00	-3.852243e+03	1.630499e+05
3.415300e-01	1.584024e+05	-2.006278e-02	8.677186e-02	0.000000e+00	-3.145680e+03	1.615481e+05
3.427200e-01	1.470323e+05	-2.016617e-02	8.698816e-02	0.000000e+00	-4.416541e+03	1.514489e+05
3.439100e-01	1.566647e+05	-2.026981e-02	8.720323e-02	0.000000e+00	-1.585566e+03	1.582502e+05
3.451000e-01	1.658590e+05	-2.037372e-02	8.743163e-02	0.000000e+00	-2.775476e+02	1.661365e+05
3.462900e-01	1.557640e+05	-2.047790e-02	8.765939e-02	0.000000e+00	-2.012634e+03	1.577766e+05
3.474800e-01	1.628235e+05	-2.058235e-02	8.788500e-02	0.000000e+00	-3.783573e+03	1.666071e+05
3.486700e-01	1.697161e+05	-2.068707e-02	8.812049e-02	0.000000e+00	-4.426987e+03	1.741431e+05
3.498600e-01	1.697669e+05	-2.079207e-02	8.836090e-02	0.000000e+00	-3.357845e+03	1.731247e+05
3.510500e-01	1.566025e+05	-2.089736e-02	8.859203e-02	0.000000e+00	-2.796998e+03	1.593995e+05
3.522400e-01	1.497730e+05	-2.100292e-02	8.880899e-02	0.000000e+00	-2.231915e+03	1.520049e+05
3.534300e-01	1.784789e+05	-2.110873e-02	8.904145e-02	0.000000e+00	-3.592785e+03	1.820717e+05
3.546200e-01	1.686983e+05	-2.121484e-02	8.928731e-02	0.000000e+00	-2.927434e+03	1.716258e+05
3.558100e-01	1.710714e+05	-2.132123e-02	8.952792e-02	0.000000e+00	-2.004134e+03	1.730755e+05
3.570000e-01	1.645221e+05	-2.142792e-02	8.976558e-02	0.000000e+00	-3.866470e+03	1.683886e+05
3.581900e-01	1.476817e+05	-2.153488e-02	8.998667e-02	0.000000e+00	-4.211264e+03	1.518929e+05
3.593800e-01	1.549629e+05	-2.164208e-02	9.020099e-02	0.000000e+00	-3.709660e+03	1.586726e+05
3.605700e-01	1.753087e+05	-2.174955e-02	9.043488e-02	0.000000e+00	-3.000368e+03	1.783091e+05
3.617600e-01	1.690947e+05	-2.185732e-02	9.067877e-02	0.000000e+00	-4.514562e+03	1.736093e+05
3.629500e-01	1.681079e+05	-2.196537e-02	9.091757e-02	0.000000e+00	-3.737463e+03	1.718454e+05
3.641400e-01	1.670419e+05	-2.207370e-02	9.115491e-02	0.000000e+00	-5.762943e+03	1.728048e+05
3.653300e-01	1.792700e+05	-2.218232e-02	9.140015e-02	0.000000e+00	-4.100548e+03	1.833706e+05
3.665200e-01	1.696271e+05	-2.229124e-02	9.164723e-02	0.000000e+00	-2.697859e+03	1.723250e+05
3.677100e-01	1.713563e+05	-2.240044e-02	9.188870e-02	0.000000e+00	-5.530650e+03	1.768870e+05
3.689000e-01	1.517119e+05	-2.250993e-02	9.211749e-02	0.000000e+00	-2.560900e+03	1.542728e+05
3.700900e-01	1.630540e+05	-2.261968e-02	9.234039e-02	0.000000e+00	-1.243305e+03	1.642973e+05
3.712800e-01	1.618501e+05	-2.272970e-02	9.257048e-02	0.000000e+00	-1.696207e+03	1.635463e+05
3.724700e-01	1.816158e+05	-2.284000e-02	9.281371e-02	0.000000e+00	-2.027523e+03	1.836433e+05
3.736600e-01	1.647292e+05	-2.295060e-02	9.305898e-02	0.000000e+00	-2.777028e+03	1.675062e+05
3.748500e-01	1.747361e+05	-2.306148e-02	9.329938e-02	0.000000e+00	-4.042329e+03	1.787784e+05
3.760400e-01	1.594879e+05	-2.317265e-02	9.353606e-02	0.000000e+00	-3.632256e+03	1.631201e+05
3.772300e-01	1.577006e+05	-2.328409e-02	9.376068e-02	0.000000e+00	-6.134656e+03	1.638352e+05
3.784200e-01	1.793924e+05	-2.339580e-02	9.399940e-02	0.000000e+00	-2.893152e+03	1.822855e+05
3.796100e-01	1.673155e+05	-2.350781e-02	9.424493e-02	0.000000e+00	-2.449868e+03	1.697653e+05
3.808000e-01	1.667855e+05	-2.362010e-02	9.448153e-02	0.000000e+00	-2.720003e+03	1.695055e+05
3.819900e-01	1.833932e+05	-2.373268e-02	9.472951e-02	0.000000e+00	-2.455173e+03	1.858484e+05
3.831800e-01	1.669150e+05	-2.384556e-02	9.497759e-02	0.000000e+00	-2.353793e+03	1.692688e+05
3.843700e-01	1.817313e+05	-2.395872e-02	9.522448e-02	0.000000e+00	-5.974743e+03	1.877061e+05
3.855600e-01	1.921192e+05	-2.407219e-02	9.548923e-02	0.000000e+00	-2.017919e+03	1.941371e+05
3.867500e-01	1.748714e+05	-2.418599e-02	9.574912e-02	0.000000e+00	-1.024490e+03	1.758959e+05
3.879400e-01	1.727725e+05	-2.430008e-02	9.599531e-02	0.000000e+00	-1.814343e+03	1.745868e+05
3.891300e-01	1.679177e+05	-2.441446e-02	9.623658e-02	0.000000e+00	-2.965382e+03	1.708831e+05
3.903200e-01	1.710704e+05	-2.452912e-02	9.647664e-02	0.000000e+00	-2.531944e+03	1.736023e+05
3.915100e-01	1.712000e+05	-2.464407e-02	9.671902e-02	0.000000e+00	-2.057845e+03	1.732578e+05
3.927000e-01	1.828619e+05	-2.475931e-02	9.696975e-02	0.000000e+00	-2.735795e+03	1.855977e+05
3.938900e-01	1.750082e+05	-2.487486e-02	9.722318e-02	0.000000e+00	-2.615600e+03	1.776238e+05
3.950800e-01	1.801766e+05	-2.499070e-02	9.747471e-02	0.000000e+00	-4.758964e+03	1.849356e+05
3.962700e-01	1.848340e+05	-2.510685e-02	9.773320e-02	0.000000e+00	-5.729624e+03	1.905636e+05
3.974600e-01	1.647443e+05	-2.522331e-02	9.798076e-02	0.000000e+00	-5.258397e+03	1.700027e+05
3.986500e-01	1.790765e+05	-2.534004e-02	9.822424e-02	0.000000e+00	-4.163690e+03	1.832402e+05
3.998400e-01	1.708586e+05	-2.545708e-02	9.847205e-02	0.000000e+00	-4.219451e+03	1.750781e+05
4.010300e-01	1.862563e+05	-2.557441e-02	9.872495e-02	0.000000e+00	-2.729049e+03	1.889853e+05
4.022200e-01	1.820768e+05	-2.569205e-02	9.898579e-02	0.000000e+00	-1.799218e+03	1.838760e+05
4.034100e-01	1.889839e+05	-2.580999e-02	9.924856e-02	0.000000e+00	-3.394991e+03	1.923789e+05
4.046000e-01	1.746147e+05	-2.592826e-02	9.950605e-02	0.000000e+00	-3.834425e+03	1.784491e+05
4.057900e-01	1.978686e+05	-2.604682e-02	9.976983e-02	0.000000e+00	-3.357227e+03	2.012258e+05
4.069800e-01	1.889780e+05	-2.616571e-02	1.000438e-01	0.000000e+00	-4.739029e+03	1.937170e+05
4.081700e-01	1.639997e+05	-2.628492e-02	1.002937e-01	0.000000e+00	-3.310342e+03	1.673101e+05
4.093600e-01	1.570129e+05	-2.640441e-02	1.005211e-01	0.000000e+00	-1.279683e+03	1.582926e+05
4.105500e-01	1.592779e+05	-2.652416e-02	1.007451e-01	0.000000e+00	-2.302265e+03	1.615802e+05
4.117400e-01	1.695001e+05	-2.664418e-02	1.009779e-01	0.000000e+00	-3.046068e+03	1.725462e+05
4.129300e-01	1.728626e+05	-2.676449e-02	1.012203e-01	0.000000e+00	-1.528458e+03	1.743911e+05
4.141200e-01	1.717629e+05	-2.688509e-02	1.014644e-01	0.000000e+00	-1.273057e+03	1.730359e+05
4.153100e-01	1.817097e+05	-2.700597e-02	1.017147e-01	0.000000e+00	-3.717734e+03	1.854274e+05
4.165000e-01	1.675859e+05	-2.712717e-02	1.019621e-01	0.000000e+00	-4.148356e+03	1.717342e+05
4.176900e-01	1.993793e+05	-2.724864e-02	1.022219e-01	0.000000e+00	-3.866727e+03	2.032460e+05
4.188800e-01	1.866523e+05	-2.737046e-02	1.024953e-01	0.000000e+00	-4.012954e+03	1.906653e+05
4.200700e-01	1.746261e+05	-2.749258e-02	1.027512e-01	0.000000e+00	-1.923536e+03	1.765496e+05
4.212600e-01	1.763619e+05	-2.761500e-02	1.029997e-01	0.000000e+00	-3.216790e+03	1.795786e+05
4.224500e-01	1.648967e+05	-2.773772e-02	1.032414e-01	0.000000e+00	-4.010141e+03	1.689068e+05
4.236400e-01	1.684964e+05	-2.786072e-02	1.034775e-01	0.000000e+00	-4.033836e+03	1.725302e+05
4.248300e-01	1.871142e+05	-2.798400e-02	1.037293e-01	0.000000e+00	-4.445776e+03	1.915600e+05
4.260200e-01	1.731107e+05	-2.810759e-02	1.039844e-01	0.000000e+00	-3.712979e+03	1.768237e+05
4.272100e-01	1.602123e+05	-2.823148e-02	1.042205e-01	0.000000e+00	-3.828764e+03	1.640410e+05
4.284000e-01	2.059302e+05	-2.835564e-02	1.044797e-01	0.000000e+00	-3.573026e+03	2.095032e+05
4.295900e-01	1.859325e+05	-2.848014e-02	1.047573e-01	0.000000e+00	-3.558579e+03	1.894910e+05
4.307800e-01	1.839264e+05	-2.860496e-02	1.050192e-01	0.000000e+00	-3.101818e+03	1.870282e+05
4.319700e-01	1.763807e+05	-2.873009e-02	1.052743e-01	0.000000e+00	-4.308912e+03	1.806896e+05
4.331600e-01	1.842577e+05	-2.885551e-02	1.055297e-01	0.000000e+00	-2.500868e+03	1.867586e+05
4.343500e-01	1.701776e+05	-2.898125e-02	1.057807e-01	0.000000e+00	-3.981317e+03	1.741589e+05
4.355400e-01	1.847795e+05	-2.910727e-02	1.060321e-01	0.000000e+00	-5.551621e+03	1.903311e+05
4.367300e-01	1.865539e+05	-2.923361e-02	1.062951e-01	0.000000e+00	-2.010441e+03	1.885643e+05
4.379200e-01	1.826275e+05	-2.936025e-02	1.065565e-01	0.000000e+00	-1.807170e+03	1.844347e+05
4.391100e-01	1.857911e+05	-2.948721e-02	1.068174e-01	0.000000e+00	-2.944624e+03	1.887357e+05
4.403000e-01	1.969502e+05	-2.961448e-02	1.070884e-01	0.000000e+00	-4.142676e+03	2.010928e+05
4.414900e-01	1.815572e+05	-2.974208e-02	1.073565e-01	0.000000e+00	-4.241149e+03	1.857984e+05
4.426800e-01	1.683056e+05	-2.986999e-02	1.076042e-01	0.000000e+00	-3.266122e+03	1.715717e+05
4.438700e-01	1.756258e+05	-2.999818e-02	1.078478e-01	0.000000e+00	-4.703738e+03	1.803296e+05
4.450600e-01	1.844661e+05	-3.012667e-02	1.081028e-01	0.000000e+00	-5.609025e+03	1.900751e+05
4.462500e-01	1.857572e+05	-3.025546e-02	1.083650e-01	0.000000e+00	-3.165788e+03	1.889230e+05
4.474400e-01	1.752039e+05	-3.038457e-02	1.086206e-01	0.000000e+00	-3.634397e+03	1.788383e+05
4.486300e-01	1.793408e+05	-3.051398e-02	1.088717e-01	0.000000e+00	-1.774627e+03	1.811155e+05
4.498200e-01	1.946578e+05	-3.064369e-02	1.091365e-01	0.000000e+00	-2.272997e+03	1.969308e+05
4.510100e-01	1.954675e+05	-3.077373e-02	1.094128e-01	0.000000e+00	-1.786473e+03	1.972540e+05
4.522000e-01	1.725041e+05	-3.090409e-02	1.096734e-01	0.000000e+00	-2.007778e+03	1.745119e+05
4.533900e-01	1.853174e+05	-3.103475e-02	1.099268e-01	0.000000e+00	-1.116993e+03	1.864344e+05
4.545800e-01	1.745187e+05	-3.116572e-02	1.101816e-01	0.000000e+00	-3.572150e+03	1.780908e+05
4.557700e-01	1.605488e+05	-3.129698e-02	1.104189e-01	0.000000e+00	-1.676310e+03	1.622251e+05
4.569600e-01	1.611124e+05	-3.142851e-02	1.106467e-01	0.000000e+00	-4.254742e+03	1.653672e+05
4.581500e-01	1.742264e+05	-3.156032e-02	1.108842e-01	0.000000e+00	-2.484066e+03	1.767104e+05
4.593400e-01	1.853519e+05	-3.169242e-02	1.111388e-01	0.000000e+00	-2.008960e+03	1.873609e+05
4.605300e-01	1.890969e+05	-3.182483e-02	1.114040e-01	0.000000e+00	-3.568939e+03	1.926659e+05
4.617200e-01	1.909688e+05	-3.195756e-02	1.116731e-01	0.000000e+00	-3.389676e+03	1.943585e+05
4.629100e-01	1.838666e+05	-3.209061e-02	1.119386e-01	0.000000e+00	-1.828799e+03	1.856953e+05
4.641000e-01	1.742957e+05	-3.222397e-02	1.121922e-01	0.000000e+00	-4.270290e+03	1.785660e+05
4.652900e-01	1.697639e+05	-3.235763e-02	1.124359e-01	0.000000e+00	-4.559657e+03	1.743236e+05
4.664800e-01	1.621193e+05	-3.249157e-02	1.126709e-01	0.000000e+00	-2.603504e+03	1.647228e+05
4.676700e-01	1.658812e+05	-3.262579e-02	1.129032e-01	0.000000e+00	-3.428466e+03	1.693097e+05
4.688600e-01	1.851826e+05	-3.276028e-02	1.131518e-01	0.000000e+00	-2.591552e+03	1.877742e+05
4.700500e-01	1.735482e+05	-3.289509e-02	1.134058e-01	0.000000e+00	-4.489082e+03	1.780373e+05
4.712400e-01	1.692644e+05	-3.303019e-02	1.136486e-01	0.000000e+00	-4.345624e+03	1.736100e+05
4.724300e-01	1.829183e+05	-3.316557e-02	1.138980e-01	0.000000e+00	-4.362852e+03	1.872812e+05
4.736200e-01	1.738190e+05	-3.330126e-02	1.141506e-01	0.000000e+00	-2.061693e+03	1.758807e+05
4.748100e-01	1.648541e+05	-3.343725e-02	1.143904e-01	0.000000e+00	-2.762028e+03	1.676161e+05
4.760000e-01	1.908053e+05	-3.357351e-02	1.146423e-01	0.000000e+00	-3.389575e+03	1.941949e+05
4.771900e-01	1.967328e+05	-3.371010e-02	1.149168e-01	0.000000e+00	-5.933933e+03	2.026668e+05
4.783800e-01	1.923546e+05	-3.384701e-02	1.151923e-01	0.000000e+00	-2.072746e+03	1.944274e+05
4.795700e-01	1.912912e+05	-3.398426e-02	1.154640e-01	0.000000e+00	-4.270059e+03	1.955612e+05
4.807600e-01	1.806138e+05	-3.412182e-02	1.157273e-01	0.000000e+00	-4.886655e+03	1.855005e+05
4.819500e-01	1.829934e+05	-3.425969e-02	1.159848e-01	0.000000e+00	-1.255222e+03	1.842486e+05
4.831400e-01	1.859886e+05	-3.439786e-02	1.162461e-01	0.000000e+00	-3.144034e+03	1.891326e+05
4.843300e-01	1.831612e+05	-3.453635e-02	1.165076e-01	0.000000e+00	-1.985355e+03	1.851465e+05
4.855200e-01	1.928397e+05	-3.467515e-02	1.167738e-01	0.000000e+00	-2.610958e+03	1.954507e+05
4.867100e-01	2.094549e+05	-3.481427e-02	1.170587e-01	0.000000e+00	-4.485417e+03	2.139403e+05
4.879000e-01	1.843486e+05	-3.495375e-02	1.173376e-01	0.000000e+00	-1.210473e+03	1.855590e+05
4.890900e-01	1.749273e+05	-3.509354e-02	1.175920e-01	0.000000e+00	-1.567376e+03	1.764947e+05
4.902800e-01	1.834798e+05	-3.523362e-02	1.178458e-01	0.000000e+00	-1.806587e+03	1.852864e+05
4.914700e-01	1.813444e+05	-3.537401e-02	1.181042e-01	0.000000e+00	-3.885664e+03	1.852301e+05
4.926600e-01	1.862415e+05	-3.551471e-02	1.183645e-01	0.000000e+00	-2.516705e+03	1.887582e+05
4.938500e-01	1.659976e+05	-3.565572e-02	1.186139e-01	0.000000e+00	-2.666030e+03	1.686637e+05
4.950400e-01	1.797543e+05	-3.579701e-02	1.188588e-01	0.000000e+00	-1.636475e+03	1.813908e+05
4.962300e-01	1.788080e+05	-3.593860e-02	1.191127e-01	0.000000e+00	-2.563860e+03	1.813719e+05
4.974200e-01	1.652938e+05	-3.608050e-02	1.193564e-01	0.000000e+00	-1.679811e+03	1.669736e+05
4.986100e-01	1.969975e+05	-3.622267e-02	1.196130e-01	0.000000e+00	-2.063731e+03	1.990612e+05
4.998000e-01	1.870292e+05	-3.636518e-02	1.198849e-01	0.000000e+00	-3.463603e+03	1.904928e+05
5.009900e-01	1.697057e+05	-3.650800e-02	1.201375e-01	0.000000e+00	-3.283875e+03	1.729896e+05
5.021800e-01	1.692114e+05	-3.665110e-02	1.203776e-01	0.000000e+00	-3.003694e+03	1.722151e+05
5.033700e-01	1.954247e+05	-3.679450e-02	1.206358e-01	0.000000e+00	-2.528227e+03	1.979529e+05
5.045600e-01	2.069444e+05	-3.693822e-02	1.209207e-01	0.000000e+00	-9.719789e+02	2.079164e+05
5.057500e-01	2.122162e+05	-3.708229e-02	1.212176e-01	0.000000e+00	-1.079201e+03	2.132954e+05
5.069400e-01	1.938520e+05	-3.722671e-02	1.215051e-01	0.000000e+00	-3.346967e+03	1.971990e+05
5.081300e-01	1.875652e+05	-3.737147e-02	1.217752e-01	0.000000e+00	-4.316597e+03	1.918817e+05
5.093200e-01	1.845421e+05	-3.751654e-02	1.220387e-01	0.000000e+00	-2.653292e+03	1.871954e+05
5.105100e-01	1.829713e+05	-3.766192e-02	1.222990e-01	0.000000e+00	-3.736303e+03	1.867076e+05
5.117000e-01	1.840647e+05	-3.780761e-02	1.225589e-01	0.000000e+00	-4.705032e+03	1.887698e+05
5.128900e-01	1.706361e+05	-3.795361e-02	1.228101e-01	0.000000e+00	-7.083095e+02	1.713444e+05
5.140800e-01	1.926842e+05	-3.809990e-02	1.230674e-01	0.000000e+00	-5.500426e+02	1.932342e+05
5.152700e-01	1.829542e+05	-3.824651e-02	1.233334e-01	0.000000e+00	-3.701593e+03	1.866558e+05
5.164600e-01	1.871869e+05	-3.839343e-02	1.235955e-01	0.000000e+00	-1.745540e+03	1.889324e+05
5.176500e-01	1.787704e+05	-3.854067e-02	1.238547e-01	0.000000e+00	-2.192712e+03	1.809631e+05
5.188400e-01	1.975072e+05	-3.868821e-02	1.241212e-01	0.000000e+00	-2.747641e+03	2.002548e+05
5.200300e-01	2.095851e+05	-3.883608e-02	1.244094e-01	0.000000e+00	-2.841113e+03	2.124262e+05
5.212200e-01	1.935332e+05	-3.898430e-02	1.246949e-01	0.000000e+00	-3.508096e+03	1.970412e+05
5.224100e-01	2.014491e+05	-3.913285e-02	1.249746e-01	0.000000e+00	-2.228559e+03	2.036777e+05
5.236000e-01	1.854494e+05	-3.928174e-02	1.252486e-01	0.000000e+00	-2.553070e+03	1.880024e+05
5.247900e-01	1.970555e+05	-3.943094e-02	1.255195e-01	0.000000e+00	-3.120868e+03	2.001764e+05
5.259800e-01	1.842243e+05	-3.958048e-02	1.257895e-01	0.000000e+00	-8.611853e+02	1.850855e+05
5.271700e-01	1.899611e+05	-3.973032e-02	1.260545e-01	0.000000e+00	-6.518244e+02	1.906130e+05
5.283600e-01	1.892740e+05	-3.988049e-02	1.263230e-01	0.000000e+00	-3.035060e+03	1.923091e+05
5.295500e-01	1.719198e+05	-4.003097e-02	1.265788e-01	0.000000e+00	-5.957590e+03	1.778774e+05
5.307400e-01	1.738172e+05	-4.018174e-02	1.268237e-01	0.000000e+00	-3.088148e+03	1.769054e+05
5.319300e-01	1.860751e+05	-4.033281e-02	1.270785e-01	0.000000e+00	-2.728404e+03	1.888035e+05
5.331200e-01	1.935237e+05	-4.048419e-02	1.273474e-01	0.000000e+00	-1.357426e+03	1.948812e+05
5.343100e-01	1.804025e+05	-4.063590e-02	1.276122e-01	0.000000e+00	-2.178230e+03	1.825807e+05
5.355000e-01	1.862797e+05	-4.078791e-02	1.278718e-01	0.000000e+00	-2.341454e+03	1.886211e+05
5.366900e-01	1.940022e+05	-4.094023e-02	1.281411e-01	0.000000e+00	-3.398885e+03	1.974011e+05
5.378800e-01	1.945894e+05	-4.109288e-02	1.284163e-01	0.000000e+00	-2.208628e+03	1.967980e+05
5.390700e-01	2.008020e+05	-4.124586e-02	1.286963e-01	0.000000e+00	-4.723177e+03	2.055252e+05
5.402600e-01	1.882433e+05	-4.139918e-02	1.289718e-01	0.000000e+00	-2.170827e+03	1.904142e+05
5.414500e-01	1.904372e+05	-4.155282e-02	1.292400e-01	0.000000e+00	-3.714936e+03	1.941522e+05
5.426400e-01	1.787413e+05	-4.170677e-02	1.295014e-01	0.000000e+00	-2.442082e+03	1.811833e+05
5.438300e-01	1.884881e+05	-4.186103e-02	1.297615e-01	0.000000e+00	-1.691881e+03	1.901800e+05
5.450200e-01	1.908408e+05	-4.201560e-02	1.300301e-01	0.000000e+00	-1.841900e+03	1.926827e+05
5.462100e-01	1.768285e+05	-4.217050e-02	1.302905e-01	0.000000e+00	-3.425669e+03	1.802542e+05
5.474000e-01	1.700822e+05	-4.232570e-02	1.305362e-01	0.000000e+00	-3.116274e+03	1.731985e+05
5.485900e-01	1.727451e+05	-4.248118e-02	1.307789e-01	0.000000e+00	-4.096729e+03	1.768419e+05
5.497800e-01	2.010546e+05	-4.263695e-02	1.310436e-01	0.000000e+00	-1.686419e+03	2.027410e+05
5.509700e-01	1.809417e+05	-4.279306e-02	1.313142e-01	0.000000e+00	-1.749892e+03	1.826916e+05
5.521600e-01	1.960671e+05	-4.294948e-02	1.315811e-01	0.000000e+00	-1.918686e+03	1.979858e+05
5.533500e-01	2.055049e+05	-4.310622e-02	1.318655e-01	0.000000e+00	-2.868897e+02	2.057918e+05
5.545400e-01	2.013711e+05	-4.326332e-02	1.321537e-01	0.000000e+00	-1.560591e+03	2.029317e+05
5.557300e-01	1.837688e+05	-4.342075e-02	1.324264e-01	0.000000e+00	-3.399840e+03	1.871686e+05
5.569200e-01	1.811232e+05	-4.357849e-02	1.326848e-01	0.000000e+00	-4.294020e+03	1.854172e+05
5.581100e-01	2.030339e+05	-4.373654e-02	1.329569e-01	0.000000e+00	-2.349609e+03	2.053835e+05
5.593000e-01	1.828803e+05	-4.389493e-02	1.332301e-01	0.000000e+00	-9.231251e+02	1.838034e+05
5.604900e-01	1.914543e+05	-4.405363e-02	1.334952e-01	0.000000e+00	-3.169270e+03	1.946236e+05
5.616800e-01	2.080406e+05	-4.421265e-02	1.337781e-01	0.000000e+00	-1.746487e+03	2.097871e+05
5.628700e-01	1.852509e+05	-4.437202e-02	1.340567e-01	0.000000e+00	-6.134435e+03	1.913853e+05
5.640600e-01	1.833943e+05	-4.453170e-02	1.343177e-01	0.000000e+00	-3.780646e+03	1.871749e+05
5.652500e-01	1.953305e+05	-4.469170e-02	1.345859e-01	0.000000e+00	-1.711279e+03	1.970418e+05
5.664400e-01	1.768992e+05	-4.485202e-02	1.348495e-01	0.000000e+00	-4.371196e+03	1.812704e+05
5.676300e-01	1.710652e+05	-4.501264e-02	1.350959e-01	0.000000e+00	-4.852759e+03	1.759180e+05
5.688200e-01	1.795368e+05	-4.517355e-02	1.353442e-01	0.000000e+00	-1.162891e+03	1.806997e+05
5.700100e-01	1.907902e+05	-4.533476e-02	1.356065e-01	0.000000e+00	-2.577752e+03	1.933680e+05
5.712000e-01	1.923343e+05	-4.549629e-02	1.358778e-01	0.000000e+00	-2.668863e+03	1.950031e+05
5.723900e-01	1.832019e+05	-4.565815e-02	1.361437e-01	0.000000e+00	-3.377941e+03	1.865799e+05
5.735800e-01	1.856664e+05	-4.582031e-02	1.364050e-01	0.000000e+00	-4.225956e+03	1.898924e+05
5.747700e-01	2.069869e+05	-4.598279e-02	1.366830e-01	0.000000e+00	-2.097463e+03	2.090844e+05
5.759600e-01	1.957750e+05	-4.614562e-02	1.369682e-01	0.000000e+00	-2.144863e+03	1.979199e+05
5.771500e-01	1.964733e+05	-4.630877e-02	1.372460e-01	0.000000e+00	-4.881043e+03	2.013543e+05
5.783400e-01	2.054190e+05	-4.647226e-02	1.375306e-01	0.000000e+00	-2.515732e+03	2.079347e+05
5.795300e-01	2.032794e+05	-4.663610e-02	1.378200e-01	0.000000e+00	-4.838831e+03	2.081182e+05
5.807200e-01	2.039692e+05	-4.680027e-02	1.381084e-01	0.000000e+00	-3.283266e+03	2.072524e+05
5.819100e-01	1.715246e+05	-4.696480e-02	1.383744e-01	0.000000e+00	-5.363942e+03	1.768885e+05
5.831000e-01	2.064982e+05	-4.712961e-02	1.386421e-01	0.000000e+00	-2.239996e+03	2.087382e+05
5.842900e-01	2.041254e+05	-4.729476e-02	1.389328e-01	0.000000e+00	-2.875660e+03	2.070010e+05
5.854800e-01	1.911501e+05	-4.746027e-02	1.392128e-01	0.000000e+00	-2.684195e+03	1.938343e+05
5.866700e-01	1.913486e+05	-4.762609e-02	1.394836e-01	0.000000e+00	-2.792718e+03	1.941413e+05
5.878600e-01	1.841199e+05	-4.779224e-02	1.397495e-01	0.000000e+00	-1.722248e+03	1.858422e+05
5.890500e-01	2.045540e+05	-4.795869e-02	1.400248e-01	0.000000e+00	-2.580524e+03	2.071345e+05
5.902400e-01	1.742078e+05	-4.812550e-02	1.402930e-01	0.000000e+00	-4.121112e+03	1.783289e+05
5.914300e-01	1.923823e+05	-4.829259e-02	1.405526e-01	0.000000e+00	-3.467515e+03	1.958498e+05
5.926200e-01	2.096148e+05	-4.846001e-02	1.408373e-01	0.000000e+00	-3.202760e+03	2.128176e+05
5.938100e-01	1.994005e+05	-4.862778e-02	1.411269e-01	0.000000e+00	-3.558358e+03	2.029588e+05
5.950000e-01	1.808835e+05	-4.879589e-02	1.413962e-01	0.000000e+00	-3.108629e+03	1.839921e+05
5.961900e-01	1.780462e+05	-4.896431e-02	1.416504e-01	0.000000e+00	-2.166286e+03	1.802125e+05
5.973800e-01	2.018011e+05	-4.913302e-02	1.419194e-01	0.000000e+00	-2.065027e+03	2.038661e+05
5.985700e-01	2.025089e+05	-4.930208e-02	1.422057e-01	0.000000e+00	-1.742318e+03	2.042512e+05
5.997600e-01	1.999290e+05	-4.947147e-02	1.424907e-01	0.000000e+00	-2.015746e+03	2.019447e+05
6.009500e-01	1.790224e+05	-4.964120e-02	1.427591e-01	0.000000e+00	-6.453985e+02	1.796678e+05
6.021400e-01	1.747210e+05	-4.981124e-02	1.430096e-01	0.000000e+00	-2.250614e+03	1.769716e+05
6.033300e-01	1.972455e+05	-4.998157e-02	1.432730e-01	0.000000e+00	-1.863426e+03	1.991089e+05
6.045200e-01	2.039561e+05	-5.015223e-02	1.435571e-01	0.000000e+00	-2.488726e+03	2.064448e+05
6.057100e-01	2.122660e+05	-5.032323e-02	1.438519e-01	0.000000e+00	-1.808858e+03	2.140749e+05
6.069000e-01	1.932126e+05	-5.049459e-02	1.441390e-01	0.000000e+00	-2.083816e+03	1.952964e+05
6.080900e-01	1.963274e+05	-5.066628e-02	1.444149e-01	0.000000e+00	-1.242552e+03	1.975700e+05
6.092800e-01	1.912384e+05	-5.083830e-02	1.446893e-01	0.000000e+00	-2.943238e+03	1.941816e+05
6.104700e-01	1.889165e+05	-5.101064e-02	1.449586e-01	0.000000e+00	-1.179305e+03	1.900958e+05
6.116600e-01	1.865791e+05	-5.118330e-02	1.452245e-01	0.000000e+00	-1.397295e+03	1.879764e+05
6.128500e-01	1.943189e+05	-5.135628e-02	1.454942e-01	0.000000e+00	-2.444606e+03	1.967635e+05
6.140400e-01	1.905317e+05	-5.152958e-02	1.457667e-01	0.000000e+00	-2.721073e+03	1.932528e+05
6.152300e-01	1.995508e+05	-5.170320e-02	1.460430e-01	0.000000e+00	-2.831794e+03	2.023826e+05
6.164200e-01	1.904996e+05	-5.187716e-02	1.463192e-01	0.000000e+00	-2.034573e+03	1.925341e+05
6.176100e-01	2.024495e+05	-5.205144e-02	1.465975e-01	0.000000e+00	-5.411016e+02	2.029906e+05
6.188000e-01	2.223614e+05	-5.222606e-02	1.468983e-01	0.000000e+00	-3.448414e+03	2.258098e+05
6.199900e-01	2.121110e+05	-5.240106e-02	1.472060e-01	0.000000e+00	-2.231520e+03	2.143425e+05
6.211800e-01	2.076851e+05	-5.257641e-02	1.475033e-01	0.000000e+00	-2.042028e+03	2.097271e+05
6.223700e-01	1.977542e+05	-5.275212e-02	1.477904e-01	0.000000e+00	-1.542044e+03	1.992962e+05
6.235600e-01	1.910640e+05	-5.292816e-02	1.480657e-01	0.000000e+00	-1.537755e+03	1.926017e+05
6.247500e-01	2.106625e+05	-5.310451e-02	1.483502e-01	0.000000e+00	-1.024379e+03	2.116869e+05
6.259400e-01	1.984946e+05	-5.328123e-02	1.486400e-01	0.000000e+00	-1.414700e+03	1.999093e+05
6.271300e-01	1.998310e+05	-5.345828e-02	1.489221e-01	0.000000e+00	-1.961232e+02	2.000272e+05
6.283200e-01	1.850211e+05	-5.363566e-02	1.491946e-01	0.000000e+00	-3.521070e+03	1.885422e+05
6.295100e-01	1.902914e+05	-5.381336e-02	1.494604e-01	0.000000e+00	-1.295496e+03	1.915869e+05
6.307000e-01	1.884178e+05	-5.399138e-02	1.497286e-01	0.000000e+00	-2.284989e+03	1.907028e+05
6.318900e-01	2.076127e+05	-5.416972e-02	1.500090e-01	0.000000e+00	-1.544264e+03	2.091570e+05
6.330800e-01	1.852752e+05	-5.434840e-02	1.502873e-01	0.000000e+00	-2.761980e+03	1.880372e+05
6.342700e-01	1.705565e+05	-5.452740e-02	1.505392e-01	0.000000e+00	-3.256730e+03	1.738133e+05
6.354600e-01	1.965931e+05	-5.470668e-02	1.507993e-01	0.000000e+00	-3.183511e+03	1.997766e+05
6.366500e-01	1.862664e+05	-5.488630e-02	1.510704e-01	0.000000e+00	-1.308178e+03	1.875746e+05
6.378400e-01	1.866143e+05	-5.506623e-02	1.513344e-01	0.000000e+00	-1.830559e+03	1.884448e+05
6.390300e-01	1.980421e+05	-5.524648e-02	1.516068e-01	0.000000e+00	-2.769121e+03	2.008112e+05
6.402200e-01	1.977757e+05	-5.542706e-02	1.518871e-01	0.000000e+00	-3.561498e+03	2.013372e+05
6.414100e-01	1.863712e+05	-5.560797e-02	1.521592e-01	0.000000e+00	-6.173681e+03	1.925448e+05
6.426000e-01	1.939040e+05	-5.578919e-02	1.524285e-01	0.000000e+00	-2.471864e+03	1.963759e+05
6.437900e-01	2.030131e+05	-5.597075e-02	1.527096e-01	0.000000e+00	-5.356376e+02	2.035487e+05
6.449800e-01	1.964942e+05	-5.615264e-02	1.529925e-01	0.000000e+00	-1.949139e+03	1.984434e+05
6.461700e-01	1.991046e+05	-5.633487e-02	1.532726e-01	0.000000e+00	-1.070843e+03	2.001754e+05
6.473600e-01	1.846241e+05	-5.651743e-02	1.535444e-01	0.000000e+00	-4.847762e+03	1.894718e+05
6.485500e-01	1.943291e+05	-5.670031e-02	1.538127e-01	0.000000e+00	-2.468616e+03	1.967977e+05
6.497400e-01	2.002364e+05	-5.688351e-02	1.540922e-01	0.000000e+00	-3.513029e+03	2.037494e+05
6.509300e-01	1.873606e+05	-5.706705e-02	1.543666e-01	0.000000e+00	-3.534845e+03	1.908954e+05
6.521200e-01	1.931341e+05	-5.725090e-02	1.546361e-01	0.000000e+00	-2.132721e+03	1.952668e+05
6.533100e-01	1.934447e+05	-5.743508e-02	1.549098e-01	0.000000e+00	-2.380386e+03	1.958251e+05
6.545000e-01	1.760585e+05	-5.761958e-02	1.551715e-01	0.000000e+00	-4.408018e+03	1.804665e+05
6.556900e-01	1.993974e+05	-5.780439e-02	1.554374e-01	0.000000e+00	-6.010569e+03	2.054080e+05
6.568800e-01	1.937028e+05	-5.798953e-02	1.557158e-01	0.000000e+00	-3.015323e+03	1.967182e+05
6.580700e-01	1.948584e+05	-5.817499e-02	1.559909e-01	0.000000e+00	-2.939246e+03	1.977976e+05
6.592600e-01	2.022519e+05	-5.836078e-02	1.562722e-01	0.000000e+00	-7.802596e+02	2.030322e+05
6.604500e-01	2.043794e+05	-5.854692e-02	1.565601e-01	0.000000e+00	-2.739986e+03	2.071194e+05
6.616400e-01	2.065198e+05	-5.873340e-02	1.568511e-01	0.000000e+00	-2.211435e+03	2.087312e+05
6.628300e-01	2.067448e+05	-5.892022e-02	1.571438e-01	0.000000e+00	-8.680568e+01	2.068316e+05
6.640200e-01	2.169773e+05	-5.910740e-02	1.574438e-01	0.000000e+00	-7.535305e+02	2.177308e+05
6.652100e-01	2.402694e+05	-5.929494e-02	1.577676e-01	0.000000e+00	0.000000e+00	2.402694e+05
6.664000e-01	2.022776e+05	-5.948289e-02	1.580810e-01	0.000000e+00	-1.620855e+02	2.024397e+05
6.675900e-01	1.978867e+05	-5.967117e-02	1.583644e-01	0.000000e+00	-2.167691e+03	2.000544e+05
6.687800e-01	2.050513e+05	-5.985979e-02	1.586498e-01	0.000000e+00	-2.367327e+03	2.074186e+05
6.699700e-01	2.097841e+05	-6.004876e-02	1.589435e-01	0.000000e+00	-1.975957e+03	2.117600e+05
6.711600e-01	2.032375e+05	-6.023808e-02	1.592360e-01	0.000000e+00	-1.593718e+03	2.048312e+05
6.723500e-01	2.114305e+05	-6.042774e-02	1.595297e-01	0.000000e+00	-1.860786e+03	2.132913e+05
6.735400e-01	2.010343e+05	-6.061776e-02	1.598218e-01	0.000000e+00	-2.790937e+03	2.038252e+05
6.747300e-01	1.838223e+05	-6.080812e-02	1.600943e-01	0.000000e+00	-2.135435e+03	1.859577e+05
6.759200e-01	2.006672e+05	-6.099878e-02	1.603666e-01	0.000000e+00	-3.136543e+03	2.038038e+05
6.771100e-01	1.973419e+05	-6.118979e-02	1.606485e-01	0.000000e+00	-3.723716e+03	2.010656e+05
6.783000e-01	1.895114e+05	-6.138113e-02	1.609224e-01	0.000000e+00	-2.573011e+03	1.920844e+05
6.794900e-01	1.958583e+05	-6.157279e-02	1.611953e-01	0.000000e+00	-2.213458e+03	1.980717e+05
6.806800e-01	2.059825e+05	-6.176477e-02	1.614799e-01	0.000000e+00	-1.728347e+03	2.077108e+05
6.818700e-01	2.017672e+05	-6.195711e-02	1.617686e-01	0.000000e+00	-9.827539e+02	2.027500e+05
6.830600e-01	2.049378e+05	-6.214978e-02	1.620567e-01	0.000000e+00	-7.721867e+02	2.057100e+05
6.842500e-01	2.079228e+05	-6.234280e-02	1.623490e-01	0.000000e+00	-4.039002e+03	2.119618e+05
6.854400e-01	1.992594e+05	-6.253617e-02	1.626374e-01	0.000000e+00	-1.861769e+03	2.011212e+05
6.866300e-01	2.043090e+05	-6.272988e-02	1.629232e-01	0.000000e+00	-1.092923e+03	2.054019e+05
6.878200e-01	2.041790e+05	-6.292393e-02	1.632124e-01	0.000000e+00	-2.546034e+03	2.067250e+05
6.890100e-01	2.018097e+05	-6.311832e-02	1.635000e-01	0.000000e+00	-3.795061e+03	2.056048e+05
6.902000e-01	2.148245e+05	-6.331306e-02	1.637950e-01	0.000000e+00	-4.093158e+03	2.189177e+05
6.913900e-01	2.075082e+05	-6.350816e-02	1.640941e-01	0.000000e+00	-1.127597e+03	2.086358e+05
6.925800e-01	2.082907e+05	-6.370360e-02	1.643885e-01	0.000000e+00	-2.840757e+03	2.111314e+05
6.937700e-01	1.910745e+05	-6.389940e-02	1.646714e-01	0.000000e+00	-3.337454e+03	1.944120e+05
6.949600e-01	1.963884e+05	-6.409552e-02	1.649457e-01	0.000000e+00	-2.352496e+03	1.987409e+05
6.961500e-01	2.080125e+05	-6.429197e-02	1.652321e-01	0.000000e+00	-3.193955e+03	2.112064e+05
6.973400e-01	2.161967e+05	-6.448877e-02	1.655325e-01	0.000000e+00	-7.510279e+02	2.169477e+05
6.985300e-01	2.035664e+05	-6.468594e-02	1.658298e-01	0.000000e+00	-2.241819e+03	2.058082e+05
6.997200e-01	2.074879e+05	-6.488345e-02	1.661209e-01	0.000000e+00	-2.089213e+03	2.095772e+05
7.009100e-01	1.815039e+05	-6.508131e-02	1.663964e-01	0.000000e+00	-1.227020e+03	1.827309e+05
7.021000e-01	1.986322e+05	-6.527947e-02	1.666656e-01	0.000000e+00	-2.528905e+03	2.011611e+05
7.032900e-01	1.921917e+05	-6.547797e-02	1.669423e-01	0.000000e+00	-2.617627e+03	1.948094e+05
7.044800e-01	2.132123e+05	-6.567679e-02	1.672294e-01	0.000000e+00	-3.954474e+03	2.171667e+05
7.056700e-01	2.096300e+05	-6.587598e-02	1.675289e-01	0.000000e+00	-2.220531e+03	2.118506e+05
7.068600e-01	2.095383e+05	-6.607551e-02	1.678257e-01	0.000000e+00	-2.183200e+03	2.117215e+05
7.080500e-01	2.031456e+05	-6.627540e-02	1.681179e-01	0.000000e+00	-3.320558e+03	2.064661e+05
7.092400e-01	2.065854e+05	-6.647563e-02	1.684081e-01	0.000000e+00	-2.149862e+03	2.087353e+05
7.104300e-01	2.143438e+05	-6.667621e-02	1.687062e-01	0.000000e+00	-2.504721e+03	2.168485e+05
7.116200e-01	2.050516e+05	-6.687716e-02	1.690032e-01	0.000000e+00	-1.900917e+03	2.069525e+05
7.128100e-01	2.178845e+05	-6.707844e-02	1.693027e-01	0.000000e+00	-1.165476e+03	2.190500e+05
7.140000e-01	2.086539e+05	-6.728010e-02	1.696048e-01	0.000000e+00	-3.226518e+03	2.118804e+05
7.151900e-01	2.142873e+05	-6.748210e-02	1.699043e-01	0.000000e+00	-4.054711e+03	2.183420e+05
7.163800e-01	1.934398e+05	-6.768447e-02	1.701930e-01	0.000000e+00	-2.084394e+03	1.955242e+05
7.175700e-01	2.064613e+05	-6.788716e-02	1.704762e-01	0.000000e+00	-5.495841e+02	2.070109e+05
7.187600e-01	2.163990e+05	-6.809020e-02	1.707757e-01	0.000000e+00	-8.899372e+02	2.172890e+05
7.199500e-01	1.980355e+05	-6.829361e-02	1.710691e-01	0.000000e+00	-1.470196e+03	1.995057e+05
7.211400e-01	2.010879e+05	-6.849735e-02	1.713518e-01	0.000000e+00	-1.227497e+03	2.023154e+05
7.223300e-01	1.941027e+05	-6.870142e-02	1.716317e-01	0.000000e+00	-1.503658e+03	1.956064e+05
7.235200e-01	2.014963e+05	-6.890583e-02	1.719118e-01	0.000000e+00	-2.665177e+03	2.041615e+05
7.247100e-01	1.949947e+05	-6.911057e-02	1.721926e-01	0.000000e+00	-1.556897e+03	1.965516e+05
7.259000e-01	2.130882e+05	-6.931565e-02	1.724816e-01	0.000000e+00	-3.716870e+03	2.168050e+05
7.270900e-01	2.005305e+05	-6.952108e-02	1.727745e-01	0.000000e+00	-4.549877e+03	2.050804e+05
7.282800e-01	2.137925e+05	-6.972685e-02	1.730679e-01	0.000000e+00	-2.263174e+03	2.160557e+05
7.294700e-01	2.004483e+05	-6.993298e-02	1.733612e-01	0.000000e+00	-2.451411e+03	2.028997e+05
7.306600e-01	2.241539e+05	-7.013945e-02	1.736619e-01	0.000000e+00	-5.568029e+02	2.247107e+05
7.318500e-01	1.881033e+05	-7.034630e-02	1.739539e-01	0.000000e+00	-2.835332e+02	1.883869e+05
7.330400e-01	2.018612e+05	-7.055346e-02	1.742300e-01	0.000000e+00	0.000000e+00	2.018612e+05
7.342300e-01	1.951512e+05	-7.076096e-02	1.745112e-01	0.000000e+00	-3.008648e+03	1.981598e+05
7.354200e-01	1.920613e+05	-7.096880e-02	1.747854e-01	0.000000e+00	-1.487220e+03	1.935486e+05
7.366100e-01	1.916312e+05	-7.117695e-02	1.750571e-01	0.000000e+00	-3.693044e+03	1.953242e+05
7.378000e-01	2.003346e+05	-7.138543e-02	1.753347e-01	0.000000e+00	-2.739766e+03	2.030744e+05
7.389900e-01	1.954909e+05	-7.159425e-02	1.756150e-01	0.000000e+00	-2.117637e+03	1.976086e+05
7.401800e-01	1.968389e+05	-7.180340e-02	1.758928e-01	0.000000e+00	-2.900784e+03	1.997397e+05
7.413700e-01	2.041014e+05	-7.201288e-02	1.761768e-01	0.000000e+00	-2.760026e+03	2.068615e+05
7.425600e-01	1.909195e+05	-7.222270e-02	1.764565e-01	0.000000e+00	-1.595116e+03	1.925147e+05
7.437500e-01	2.101148e+05	-7.243284e-02	1.767405e-01	0.000000e+00	-2.345323e+03	2.124601e+05
7.449400e-01	2.105255e+05	-7.264334e-02	1.770384e-01	0.000000e+00	-1.630054e+03	2.121555e+05
7.461300e-01	1.989217e+05	-7.285419e-02	1.773283e-01	0.000000e+00	-2.173070e+03	2.010948e+05
7.473200e-01	2.069410e+05	-7.306538e-02	1.776158e-01	0.000000e+00	-8.036332e+02	2.077446e+05
7.485100e-01	2.057250e+05	-7.327692e-02	1.779080e-01	0.000000e+00	-2.528988e+03	2.082540e+05
7.497000e-01	1.938535e+05	-7.348880e-02	1.781910e-01	0.000000e+00	-1.553340e+03	1.954069e+05
7.508900e-01	1.930329e+05	-7.370101e-02	1.784649e-01	0.000000e+00	-3.416266e+03	1.964492e+05
7.520800e-01	2.077550e+05	-7.391355e-02	1.787488e-01	0.000000e+00	-1.381539e+03	2.091365e+05
7.532700e-01	2.021809e+05	-7.412643e-02	1.790391e-01	0.000000e+00	-1.149846e+03	2.033308e+05
7.544600e-01	2.158722e+05	-7.433966e-02	1.793351e-01	0.000000e+00	-5.308263e+02	2.164030e+05
7.556500e-01	2.018734e+05	-7.455325e-02	1.796310e-01	0.000000e+00	-9.769648e+02	2.028503e+05
7.568400e-01	1.937389e+05	-7.476718e-02	1.799111e-01	0.000000e+00	-4.553659e+03	1.982925e+05
7.580300e-01	1.893576e+05	-7.498144e-02	1.801824e-01	0.000000e+00	-3.391638e+03	1.927493e+05
7.592200e-01	1.882724e+05	-7.519602e-02	1.804498e-01	0.000000e+00	-3.918917e+03	1.921913e+05
7.604100e-01	1.910692e+05	-7.541091e-02	1.807185e-01	0.000000e+00	-4.141849e+03	1.952111e+05
7.616000e-01	2.216280e+05	-7.562613e-02	1.810107e-01	0.000000e+00	-2.786465e+03	2.244144e+05
7.627900e-01	2.067344e+05	-7.584172e-02	1.813141e-01	0.000000e+00	-1.413862e+03	2.081482e+05
7.639800e-01	1.903463e+05	-7.605766e-02	1.815953e-01	0.000000e+00	-2.300267e+03	1.926466e+05
7.651700e-01	2.112708e+05	-7.627391e-02	1.818797e-01	0.000000e+00	-2.847643e+03	2.141184e+05
7.663600e-01	2.080107e+05	-7.649053e-02	1.821766e-01	0.000000e+00	-1.399828e+03	2.094105e+05
7.675500e-01	2.195512e+05	-7.670749e-02	1.824794e-01	0.000000e+00	-5.110258e+02	2.200622e+05
7.687400e-01	2.029673e+05	-7.692483e-02	1.827786e-01	0.000000e+00	-2.209882e+03	2.051772e+05
7.699300e-01	2.048093e+05	-7.714251e-02	1.830674e-01	0.000000e+00	-2.991734e+03	2.078011e+05
7.711200e-01	2.154290e+05	-7.736053e-02	1.833650e-01	0.000000e+00	-2.280656e+03	2.177097e+05
7.723100e-01	2.034426e+05	-7.757892e-02	1.836616e-01	0.000000e+00	-5.002137e+03	2.084447e+05
7.735000e-01	1.949683e+05	-7.779764e-02	1.839437e-01	0.000000e+00	-1.622279e+03	1.965906e+05
7.746900e-01	2.086569e+05	-7.801670e-02	1.842296e-01	0.000000e+00	-7.485830e+02	2.094055e+05
7.758800e-01	2.091446e+05	-7.823611e-02	1.845254e-01	0.000000e+00	-1.679441e+03	2.108241e+05
7.770700e-01	2.044329e+05	-7.845587e-02	1.848183e-01	0.000000e+00	-4.232888e+03	2.086657e+05
7.782600e-01	2.039718e+05	-7.867598e-02	1.851075e-01	0.000000e+00	-2.359920e+03	2.063317e+05
7.794500e-01	2.051175e+05	-7.889643e-02	1.853973e-01	0.000000e+00	-7.312015e+02	2.058487e+05
7.806400e-01	2.079415e+05	-7.911722e-02	1.856898e-01	0.000000e+00	-9.956845e+02	2.089372e+05
7.818300e-01	2.036045e+05	-7.933837e-02	1.859812e-01	0.000000e+00	-2.628863e+03	2.062334e+05
7.830200e-01	1.915357e+05	-7.955986e-02	1.862610e-01	0.000000e+00	-1.466586e+03	1.930022e+05
7.842100e-01	2.032564e+05	-7.978167e-02	1.865406e-01	0.000000e+00	-1.743468e+03	2.049999e+05
7.854000e-01	2.076696e+05	-8.000383e-02	1.868316e-01	0.000000e+00	-1.631011e+03	2.093006e+05
7.865900e-01	2.101177e+05	-8.022633e-02	1.871275e-01	0.000000e+00	-1.913342e+03	2.120311e+05
7.877800e-01	2.024103e+05	-8.044919e-02	1.874196e-01	0.000000e+00	-3.352919e+03	2.057632e+05
7.889700e-01	2.123057e+05	-8.067239e-02	1.877133e-01	0.000000e+00	-2.801368e+03	2.151070e+05
7.901600e-01	1.995188e+05	-8.089595e-02	1.880049e-01	0.000000e+00	-1.833275e+03	2.013521e+05
7.913500e-01	2.080330e+05	-8.111984e-02	1.882936e-01	0.000000e+00	-1.537824e+03	2.095708e+05
7.925400e-01	2.055726e+05	-8.134409e-02	1.885865e-01	0.000000e+00	-1.162131e+03	2.067347e+05
7.937300e-01	1.948773e+05	-8.156868e-02	1.888700e-01	0.000000e+00	-1.881133e+03	1.967585e+05
7.949200e-01	2.012750e+05	-8.179360e-02	1.891506e-01	0.000000e+00	-1.425352e+03	2.027004e+05
7.961100e-01	1.940057e+05	-8.201886e-02	1.894305e-01	0.000000e+00	-2.535683e+03	1.965414e+05
7.973000e-01	2.033526e+05	-8.224444e-02	1.897119e-01	0.000000e+00	-1.651430e+03	2.050041e+05
7.984900e-01	2.311992e+05	-8.247037e-02	1.900196e-01	0.000000e+00	-4.675474e+02	2.316667e+05
7.996800e-01	2.085193e+05	-8.269669e-02	1.903310e-01	0.000000e+00	-2.753578e+03	2.112729e+05
8.008700e-01	2.024712e+05	-8.292336e-02	1.906221e-01	0.000000e+00	-1.832251e+03	2.043035e+05
8.020600e-01	2.125559e+05	-8.315037e-02	1.909160e-01	0.000000e+00	0.000000e+00	2.125559e+05
8.032500e-01	2.112653e+05	-8.337774e-02	1.912161e-01	0.000000e+00	-4.808007e+02	2.117461e+05
8.044400e-01	2.101644e+05	-8.360546e-02	1.915146e-01	0.000000e+00	-3.595355e+02	2.105239e+05
8.056300e-01	1.796360e+05	-8.383354e-02	1.917906e-01	0.000000e+00	0.000000e+00	1.796360e+05
8.068200e-01	1.844310e+05	-8.406192e-02	1.920484e-01	0.000000e+00	-9.118176e+02	1.853428e+05
8.080100e-01	2.183534e+05	-8.429062e-02	1.923337e-01	0.000000e+00	-1.711463e+03	2.200648e+05
8.092000e-01	1.992581e+05	-8.451968e-02	1.926294e-01	0.000000e+00	-1.308530e+03	2.005666e+05
8.103900e-01	1.979605e+05	-8.474908e-02	1.929107e-01	0.000000e+00	-2.790879e+03	2.007514e+05
8.115800e-01	2.235818e+05	-8.497881e-02	1.932092e-01	0.000000e+00	-8.236890e+02	2.244055e+05
8.127700e-01	2.029848e+05	-8.520891e-02	1.935113e-01	0.000000e+00	-4.246208e+01	2.030272e+05
8.139600e-01	1.925460e+05	-8.543936e-02	1.937914e-01	0.000000e+00	-3.731502e+03	1.962775e+05
8.151500e-01	2.136542e+05	-8.567014e-02	1.940791e-01	0.000000e+00	-2.075259e+03	2.157294e+05
8.163400e-01	2.114998e+05	-8.590127e-02	1.943801e-01	0.000000e+00	-1.678362e+02	2.116677e+05
8.175300e-01	2.129901e+05	-8.613276e-02	1.946807e-01	0.000000e+00	-2.550453e+03	2.155405e+05
8.187200e-01	2.128976e+05	-8.636461e-02	1.949823e-01	0.000000e+00	-1.332732e+03	2.142303e+05
8.199100e-01	2.087341e+05	-8.659682e-02	1.952809e-01	0.000000e+00	-4.675275e+02	2.092016e+05
8.211000e-01	2.055191e+05	-8.682938e-02	1.955743e-01	0.000000e+00	-9.338226e+02	2.064530e+05
8.222900e-01	2.129703e+05	-8.706229e-02	1.958706e-01	0.000000e+00	-4.797586e+02	2.134501e+05
8.234800e-01	1.894914e+05	-8.729555e-02	1.961557e-01	0.000000e+00	-8.007781e+02	1.902921e+05
8.246700e-01	1.930388e+05	-8.752914e-02	1.964265e-01	0.000000e+00	-7.533305e+02	1.937921e+05
8.258600e-01	2.042424e+05	-8.776305e-02	1.967079e-01	0.000000e+00	-9.668999e+02	2.052093e+05
8.270500e-01	2.232376e+05	-8.799730e-02	1.970106e-01	0.000000e+00	-8.379533e+02	2.240756e+05
8.282400e-01	2.156731e+05	-8.823193e-02	1.973214e-01	0.000000e+00	-2.911640e+03	2.185848e+05
8.294300e-01	1.995289e+05	-8.846693e-02	1.976155e-01	0.000000e+00	-1.374362e+03	2.009032e+05
8.306200e-01	2.001847e+05	-8.870226e-02	1.978985e-01	0.000000e+00	-1.808841e+03	2.019936e+05
8.318100e-01	2.076142e+05	-8.893792e-02	1.981873e-01	0.000000e+00	-1.890918e+03	2.095051e+05
8.330000e-01	2.201351e+05	-8.917394e-02	1.984902e-01	0.000000e+00	-1.676458e+03	2.218116e+05
8.341900e-01	2.019185e+05	-8.941033e-02	1.987891e-01	0.000000e+00	-2.006799e+03	2.039253e+05
8.353800e-01	2.092292e+05	-8.964706e-02	1.990803e-01	0.000000e+00	-4.566000e+02	2.096858e+05
8.365700e-01	2.030367e+05	-8.988414e-02	1.993722e-01	0.000000e+00	-2.862984e+03	2.058997e+05
8.377600e-01	1.943192e+05	-9.012157e-02	1.996536e-01	0.000000e+00	-1.186824e+03	1.955060e+05
8.389500e-01	2.150015e+05	-9.035932e-02	1.999435e-01	0.000000e+00	-2.015108e+03	2.170166e+05
8.401400e-01	2.287156e+05	-9.059743e-02	2.002577e-01	0.000000e+00	-1.445729e+03	2.301614e+05
8.413300e-01	2.111011e+05	-9.083593e-02	2.005692e-01	0.000000e+00	-5.341869e+02	2.116353e+05
8.425200e-01	2.186122e+05	-9.107479e-02	2.008735e-01	0.000000e+00	0.000000e+00	2.186122e+05
8.437100e-01	2.005728e+05	-9.131401e-02	2.011703e-01	0.000000e+00	-2.014495e+03	2.025873e+05
8.449000e-01	2.060589e+05	-9.155357e-02	2.014583e-01	0.000000e+00	-1.879544e+03	2.079384e+05
8.460900e-01	2.208962e+05	-9.179348e-02	2.017607e-01	0.000000e+00	-1.147977e+03	2.220442e+05
8.472800e-01	2.266173e+05	-9.203376e-02	2.020776e-01	0.000000e+00	-9.081722e+02	2.275255e+05
8.484700e-01	2.049899e+05	-9.227443e-02	2.023832e-01	0.000000e+00	-3.598427e+03	2.085883e+05
8.496600e-01	2.141072e+05	-9.251543e-02	2.026800e-01	0.000000e+00	-2.216090e+03	2.163233e+05
8.508500e-01	2.081953e+05	-9.275680e-02	2.029791e-01	0.000000e+00	-7.808409e+02	2.089761e+05
8.520400e-01	1.835294e+05	-9.299852e-02	2.032565e-01	0.000000e+00	-1.671610e+03	1.852010e+05
8.532300e-01	1.952964e+05	-9.324055e-02	2.035247e-01	0.000000e+00	-1.129174e+03	1.964256e+05
8.544200e-01	1.931652e+05	-9.348291e-02	2.037998e-01	0.000000e+00	-2.037794e+03	1.952030e+05
8.556100e-01	1.896698e+05	-9.372560e-02	2.040709e-01	0.000000e+00	-2.548297e+03	1.922181e+05
8.568000e-01	1.919606e+05	-9.396860e-02	2.043412e-01	0.000000e+00	-2.447792e+03	1.944084e+05
8.579900e-01	2.019978e+05	-9.421193e-02	2.046202e-01	0.000000e+00	-1.712610e+03	2.037104e+05
8.591800e-01	2.075229e+05	-9.445560e-02	2.049102e-01	0.000000e+00	-3.799998e+03	2.113229e+05
8.603700e-01	1.859992e+05	-9.469962e-02	2.051889e-01	0.000000e+00	-1.518943e+03	1.875181e+05
8.615600e-01	2.228169e+05	-9.494395e-02	2.054784e-01	0.000000e+00	-1.026421e+03	2.238433e+05
8.627500e-01	2.230873e+05	-9.518866e-02	2.057942e-01	0.000000e+00	-2.057725e+03	2.251450e+05
8.639400e-01	2.157596e+05	-9.543374e-02	2.061049e-01	0.000000e+00	-1.175590e+03	2.169352e+05
8.651300e-01	1.956876e+05	-9.567919e-02	2.063963e-01	0.000000e+00	-1.601432e+03	1.972890e+05
8.663200e-01	2.002276e+05	-9.592496e-02	2.066767e-01	0.000000e+00	-2.127528e+03	2.023551e+05
8.675100e-01	2.103673e+05	-9.617108e-02	2.069675e-01	0.000000e+00	-4.658524e+03	2.150258e+05
8.687000e-01	2.293965e+05	-9.641754e-02	2.072789e-01	0.000000e+00	-1.961675e+03	2.313582e+05
8.698900e-01	2.147170e+05	-9.666440e-02	2.075934e-01	0.000000e+00	-1.652527e+03	2.163695e+05
8.710800e-01	2.001485e+05	-9.691162e-02	2.078872e-01	0.000000e+00	-2.235555e+03	2.023841e+05
8.722700e-01	2.100294e+05	-9.715917e-02	2.081776e-01	0.000000e+00	-8.321923e+02	2.108616e+05
8.734600e-01	2.131766e+05	-9.740708e-02	2.084773e-01	0.000000e+00	-1.971100e+03	2.151477e+05
8.746500e-01	1.928245e+05	-9.765535e-02	2.087649e-01	0.000000e+00	-3.060889e+03	1.958854e+05
8.758400e-01	1.974017e+05	-9.790394e-02	2.090412e-01	0.000000e+00	-2.569209e+03	1.999709e+05
8.770300e-01	1.921216e+05	-9.815286e-02	2.093171e-01	0.000000e+00	-2.055723e+03	1.941773e+05
8.782200e-01	2.122228e+05	-9.840211e-02	2.096034e-01	0.000000e+00	-4.569188e+02	2.126798e+05
8.794100e-01	2.124909e+05	-9.865172e-02	2.099042e-01	0.000000e+00	-8.090915e+02	2.133000e+05
8.806000e-01	2.130575e+05	-9.890169e-02	2.102055e-01	0.000000e+00	-4.872143e+02	2.135447e+05
8.817900e-01	2.231834e+05	-9.915201e-02	2.105145e-01	0.000000e+00	-1.155821e+03	2.243392e+05
8.829800e-01	2.129559e+05	-9.940271e-02	2.108233e-01	0.000000e+00	-9.691426e+02	2.139251e+05
8.841700e-01	2.110533e+05	-9.965377e-02	2.111236e-01	0.000000e+00	-1.742898e+03	2.127962e+05
8.853600e-01	2.193745e+05	-9.990518e-02	2.114284e-01	0.000000e+00	-1.426987e+03	2.208015e+05
8.865500e-01	2.034571e+05	-1.001570e-01	2.117278e-01	0.000000e+00	-9.406262e+02	2.043977e+05
8.877400e-01	2.048156e+05	-1.004091e-01	2.120170e-01	0.000000e+00	-6.090510e+02	2.054247e+05
8.889300e-01	2.178383e+05	-1.006616e-01	2.123163e-01	0.000000e+00	-2.312852e+02	2.180696e+05
8.901200e-01	2.201889e+05	-1.009144e-01	2.126265e-01	0.000000e+00	0.000000e+00	2.201889e+05
8.913100e-01	2.210832e+05	-1.011676e-01	2.129389e-01	0.000000e+00	-5.146861e+01	2.211346e+05
8.925000e-01	2.077792e+05	-1.014212e-01	2.132427e-01	0.000000e+00	-2.078058e+03	2.098573e+05
8.936900e-01	2.097951e+05	-1.016751e-01	2.135384e-01	0.000000e+00	-1.192710e+03	2.109878e+05
8.948800e-01	1.968448e+05	-1.019294e-01	2.138263e-01	0.000000e+00	-9.925627e+02	1.978373e+05
8.960700e-01	2.095639e+05	-1.021840e-01	2.141141e-01	0.000000e+00	-2.357676e+03	2.119216e+05
8.972600e-01	2.178735e+05	-1.024390e-01	2.144168e-01	0.000000e+00	-1.605846e+03	2.194793e+05
8.984500e-01	2.249973e+05	-1.026944e-01	2.147305e-01	0.000000e+00	-1.222662e+03	2.262200e+05
8.996400e-01	2.266915e+05	-1.029501e-01	2.150503e-01	0.000000e+00	-2.020647e+03	2.287121e+05
9.008300e-01	2.203397e+05	-1.032062e-01	2.153669e-01	0.000000e+00	-3.048303e+03	2.233880e+05
9.020200e-01	2.047170e+05	-1.034626e-01	2.156679e-01	0.000000e+00	-3.092456e+03	2.078095e+05
9.032100e-01	1.961760e+05	-1.037195e-01	2.159518e-01	0.000000e+00	-2.768873e+03	1.989449e+05
9.044000e-01	2.083082e+05	-1.039766e-01	2.162383e-01	0.000000e+00	-1.417478e+03	2.097257e+05
9.055900e-01	2.151315e+05	-1.042341e-01	2.165381e-01	0.000000e+00	-1.465443e+03	2.165970e+05
9.067800e-01	2.087424e+05	-1.044920e-01	2.168383e-01	0.000000e+00	-1.652375e+03	2.103948e+05
9.079700e-01	2.138496e+05	-1.047502e-01	2.171376e-01	0.000000e+00	-3.938853e+03	2.177885e+05
9.091600e-01	2.024482e+05	-1.050088e-01	2.174324e-01	0.000000e+00	-1.010191e+03	2.034584e+05
9.103500e-01	2.181492e+05	-1.052677e-01	2.177302e-01	0.000000e+00	-5.266294e+02	2.186759e+05
9.115400e-01	2.105411e+05	-1.055270e-01	2.180338e-01	0.000000e+00	-2.067200e+03	2.126083e+05
9.127300e-01	2.200493e+05	-1.057866e-01	2.183387e-01	0.000000e+00	-2.645741e+03	2.226950e+05
9.139200e-01	2.156528e+05	-1.060466e-01	2.186473e-01	0.000000e+00	-2.908581e+03	2.185613e+05
9.151100e-01	2.006196e+05	-1.063070e-01	2.189421e-01	0.000000e+00	-8.332913e+02	2.014528e+05
9.163000e-01	2.046419e+05	-1.065677e-01	2.192291e-01	0.000000e+00	-2.770515e+03	2.074125e+05
9.174900e-01	2.333664e+05	-1.068287e-01	2.195392e-01	0.000000e+00	-3.176345e+03	2.365427e+05
9.186800e-01	2.312854e+05	-1.070902e-01	2.198683e-01	0.000000e+00	-1.106462e+03	2.323919e+05
9.198700e-01	2.134061e+05	-1.073520e-01	2.201832e-01	0.000000e+00	-7.947535e+02	2.142008e+05
9.210600e-01	2.096010e+05	-1.076142e-01	2.204828e-01	0.000000e+00	-1.638355e+03	2.112393e+05
9.222500e-01	1.949023e+05	-1.078768e-01	2.207692e-01	0.000000e+00	-1.801972e+03	1.967043e+05
9.234400e-01	2.225909e+05	-1.081397e-01	2.210649e-01	0.000000e+00	-1.075058e+03	2.236660e+05
9.246300e-01	1.950342e+05	-1.084029e-01	2.213606e-01	0.000000e+00	-1.891629e+02	1.952234e+05
9.258200e-01	1.915002e+05	-1.086665e-01	2.216343e-01	0.000000e+00	-1.392474e+03	1.928926e+05
9.270100e-01	2.273715e+05	-1.089304e-01	2.219310e-01	0.000000e+00	-7.492275e+02	2.281208e+05
9.282000e-01	2.107563e+05	-1.091947e-01	2.222412e-01	0.000000e+00	-1.420645e+03	2.121769e+05
9.293900e-01	1.961006e+05	-1.094593e-01	2.225294e-01	0.000000e+00	-1.869171e+03	1.979698e+05
9.305800e-01	2.041623e+05	-1.097243e-01	2.228128e-01	0.000000e+00	-3.313766e+03	2.074761e+05
9.317700e-01	2.180877e+05	-1.099896e-01	2.231118e-01	0.000000e+00	-2.797926e+03	2.208856e+05
9.329600e-01	2.172084e+05	-1.102553e-01	2.234201e-01	0.000000e+00	-1.080847e+03	2.182892e+05
9.341500e-01	1.903027e+05	-1.105214e-01	2.237087e-01	0.000000e+00	-1.436245e+03	1.917389e+05
9.353400e-01	2.080995e+05	-1.107877e-01	2.239908e-01	0.000000e+00	-1.106916e+03	2.092064e+05
9.365300e-01	1.998956e+05	-1.110545e-01	2.242798e-01	0.000000e+00	-1.201121e+03	2.010968e+05
9.377200e-01	2.110117e+05	-1.113215e-01	2.245707e-01	0.000000e+00	-2.492209e+02	2.112609e+05
9.389100e-01	2.204445e+05	-1.115889e-01	2.248763e-01	0.000000e+00	0.000000e+00	2.204445e+05
9.401000e-01	1.999782e+05	-1.118567e-01	2.251740e-01	0.000000e+00	-5.291583e+02	2.005074e+05
9.412900e-01	2.221313e+05	-1.121249e-01	2.254729e-01	0.000000e+00	-1.589055e+03	2.237204e+05
9.424800e-01	2.222802e+05	-1.123934e-01	2.257877e-01	0.000000e+00	-1.673266e+03	2.239535e+05
9.436700e-01	2.199456e+05	-1.126622e-01	2.261008e-01	0.000000e+00	-4.973581e+02	2.204430e+05
9.448600e-01	2.159688e+05	-1.129315e-01	2.264095e-01	0.000000e+00	-2.337339e+03	2.183061e+05
9.460500e-01	1.983383e+05	-1.132011e-01	2.267029e-01	0.000000e+00	-2.805563e+03	2.011439e+05
9.472400e-01	1.971047e+05	-1.134710e-01	2.269830e-01	0.000000e+00	-7.294695e+02	1.978342e+05
9.484300e-01	2.079293e+05	-1.137413e-01	2.272698e-01	0.000000e+00	-1.564820e+03	2.094942e+05
9.496200e-01	2.183109e+05	-1.140119e-01	2.275716e-01	0.000000e+00	-7.941030e+02	2.191050e+05
9.508100e-01	2.238048e+05	-1.142829e-01	2.278847e-01	0.000000e+00	-2.114788e+03	2.259196e+05
9.520000e-01	2.204899e+05	-1.145543e-01	2.281994e-01	0.000000e+00	-1.474172e+03	2.219641e+05
9.531900e-01	2.232638e+05	-1.148260e-01	2.285136e-01	0.000000e+00	-1.760764e+03	2.250246e+05
9.543800e-01	2.128759e+05	-1.150982e-01	2.288225e-01	0.000000e+00	-9.816458e+02	2.138575e+05
9.555700e-01	1.916704e+05	-1.153706e-01	2.291090e-01	0.000000e+00	-1.316567e+03	1.929870e+05
9.567600e-01	1.945542e+05	-1.156434e-01	2.293825e-01	0.000000e+00	-2.667810e+02	1.948210e+05
9.579500e-01	2.216679e+05	-1.159166e-01	2.296772e-01	0.000000e+00	-1.510057e+03	2.231780e+05
9.591400e-01	2.188282e+05	-1.161901e-01	2.299892e-01	0.000000e+00	-1.158321e+03	2.199865e+05
9.603300e-01	2.194517e+05	-1.164639e-01	2.302995e-01	0.000000e+00	-8.690420e+02	2.203208e+05
9.615200e-01	2.177345e+05	-1.167382e-01	2.306091e-01	0.000000e+00	-5.797395e+02	2.183142e+05
9.627100e-01	2.293124e+05	-1.170128e-01	2.309257e-01	0.000000e+00	-6.580768e+02	2.299705e+05
9.639000e-01	2.117720e+05	-1.172878e-01	2.312381e-01	0.000000e+00	-1.172632e+03	2.129447e+05
9.650900e-01	2.051808e+05	-1.175631e-01	2.315334e-01	0.000000e+00	-2.064058e+03	2.072448e+05
9.662800e-01	2.106230e+05	-1.178388e-01	2.318278e-01	0.000000e+00	-2.179176e+03	2.128022e+05
9.674700e-01	2.072328e+05	-1.181149e-01	2.321237e-01	0.000000e+00	-1.281781e+03	2.085145e+05
9.686600e-01	2.215017e+05	-1.183913e-01	2.324273e-01	0.000000e+00	-1.622703e+03	2.231244e+05
9.698500e-01	2.135749e+05	-1.186681e-01	2.327354e-01	0.000000e+00	-1.763684e+03	2.153386e+05
9.710400e-01	2.176042e+05	-1.189452e-01	2.330408e-01	0.000000e+00	-4.266602e+01	2.176469e+05
9.722300e-01	2.074163e+05	-1.192227e-01	2.333418e-01	0.000000e+00	-2.329971e+03	2.097463e+05
9.734200e-01	2.008315e+05	-1.195006e-01	2.336309e-01	0.000000e+00	-1.974388e+03	2.028059e+05
9.746100e-01	2.024208e+05	-1.197788e-01	2.339164e-01	0.000000e+00	-3.599003e+03	2.060198e+05
9.758000e-01	2.063087e+05	-1.200573e-01	2.342059e-01	0.000000e+00	-1.935828e+03	2.082445e+05
9.769900e-01	2.272919e+05	-1.203362e-01	2.345130e-01	0.000000e+00	-1.100463e+03	2.283924e+05
9.781800e-01	2.171099e+05	-1.206154e-01	2.348277e-01	0.000000e+00	-2.895797e+03	2.200056e+05
9.793700e-01	2.128082e+05	-1.208950e-01	2.351321e-01	0.000000e+00	-1.844477e+03	2.146527e+05
9.805600e-01	2.096460e+05	-1.211750e-01	2.354313e-01	0.000000e+00	-6.969667e+02	2.103430e+05
9.817500e-01	2.142851e+05	-1.214554e-01	2.357315e-01	0.000000e+00	-3.896631e+02	2.146747e+05
9.829400e-01	2.130447e+05	-1.217361e-01	2.360341e-01	0.000000e+00	-1.621350e+03	2.146660e+05
9.841300e-01	2.139568e+05	-1.220171e-01	2.363365e-01	0.000000e+00	-1.737493e+03	2.156943e+05
9.853200e-01	2.179479e+05	-1.222986e-01	2.366424e-01	0.000000e+00	-2.128240e+02	2.181608e+05
9.865100e-01	2.361515e+05	-1.225803e-01	2.369639e-01	0.000000e+00	-1.129121e+03	2.372806e+05
9.877000e-01	2.119423e+05	-1.228625e-01	2.372813e-01	0.000000e+00	-1.276277e+03	2.132186e+05
9.888900e-01	2.060311e+05	-1.231451e-01	2.375773e-01	0.000000e+00	-2.250565e+03	2.082817e+05
9.900800e-01	2.210409e+05	-1.234280e-01	2.378797e-01	0.000000e+00	-1.092632e+03	2.221335e+05
9.912700e-01	2.295711e+05	-1.237112e-01	2.381988e-01	0.000000e+00	-7.612705e+02	2.303324e+05
9.924600e-01	2.307333e+05	-1.239949e-01	2.385248e-01	0.000000e+00	0.000000e+00	2.307333e+05
9.936500e-01	2.105036e+05	-1.242789e-01	2.388372e-01	0.000000e+00	-3.071632e+02	2.108108e+05
9.948400e-01	2.212181e+05	-1.245633e-01	2.391430e-01	0.000000e+00	-1.043697e+03	2.222618e+05
9.960300e-01	2.026314e+05	-1.248481e-01	2.394431e-01	0.000000e+00	-1.443215e+03	2.040746e+05
9.972200e-01	2.086303e+05	-1.251332e-01	2.397344e-01	0.000000e+00	-8.910912e+02	2.095214e+05
9.984100e-01	2.254873e+05	-1.254186e-01	2.400418e-01	0.000000e+00	-1.503288e+03	2.269906e+05
9.996000e-01	2.236235e+05	-1.257045e-01	2.403598e-01	0.000000e+00	-1.419839e+03	2.250434e+05
1.000790e+00	2.084983e+05	-1.259907e-01	2.406659e-01	0.000000e+00	-3.598312e+02	2.088581e+05
1.001980e+00	1.944916e+05	-1.262773e-01	2.409512e-01	0.000000e+00	-1.179766e+03	1.956714e+05
1.003170e+00	2.245525e+05	-1.265642e-01	2.412480e-01	0.000000e+00	-2.162604e+03	2.267151e+05
1.004360e+00	2.143745e+05	-1.268514e-01	2.415588e-01	0.000000e+00	-1.182099e+03	2.155566e+05
1.005550e+00	2.094999e+05	-1.271391e-01	2.418590e-01	0.000000e+00	-1.832518e+03	2.113324e+05
1.006740e+00	2.167243e+05	-1.274271e-01	2.421608e-01	0.000000e+00	-1.245276e+03	2.179696e+05
1.007930e+00	2.223785e+05	-1.277154e-01	2.424718e-01	0.000000e+00	-2.779048e+03	2.251576e+05
1.009120e+00	2.283844e+05	-1.280041e-01	2.427910e-01	0.000000e+00	-3.450695e+02	2.287294e+05
1.010310e+00	2.095052e+05	-1.282933e-01	2.431011e-01	0.000000e+00	-2.371304e+03	2.118765e+05
1.011500e+00	1.904737e+05	-1.285827e-01	2.433844e-01	0.000000e+00	-3.319469e+03	1.937931e+05
1.012690e+00	2.225450e+05	-1.288725e-01	2.436768e-01	0.000000e+00	-9.844696e+02	2.235295e+05
1.013880e+00	2.066080e+05	-1.291627e-01	2.439807e-01	0.000000e+00	0.000000e+00	2.066080e+05
1.015070e+00	2.102274e+05	-1.294532e-01	2.442759e-01	0.000000e+00	-4.845185e+02	2.107119e+05
1.016260e+00	2.212254e+05	-1.297441e-01	2.445815e-01	0.000000e+00	-1.352218e+03	2.225776e+05
1.017450e+00	2.298568e+05	-1.300353e-01	2.449009e-01	0.000000e+00	-2.479407e+03	2.323362e+05
1.018640e+00	2.090202e+05	-1.303269e-01	2.452117e-01	0.000000e+00	-2.749131e+03	2.117694e+05
1.019830e+00	2.148115e+05	-1.306189e-01	2.455119e-01	0.000000e+00	-1.231868e+03	2.160434e+05
1.021020e+00	2.111990e+05	-1.309112e-01	2.458135e-01	0.000000e+00	-3.993940e+02	2.115983e+05
1.022210e+00	2.014656e+05	-1.312039e-01	2.461058e-01	0.000000e+00	-1.039650e+03	2.025052e+05
1.023400e+00	2.202143e+05	-1.314970e-01	2.464044e-01	0.000000e+00	-1.402937e+03	2.216172e+05
1.024590e+00	2.255726e+05	-1.317904e-01	2.467201e-01	0.000000e+00	-2.310722e+03	2.278833e+05
1.025780e+00	2.235363e+05	-1.320842e-01	2.470381e-01	0.000000e+00	-1.644578e+03	2.251808e+05
1.026970e+00	1.992469e+05	-1.323783e-01	2.473375e-01	0.000000e+00	-1.387185e+03	2.006341e+05
1.028160e+00	2.072635e+05	-1.326728e-01	2.476254e-01	0.000000e+00	-1.165451e+03	2.084290e+05
1.029350e+00	2.125935e+05	-1.329677e-01	2.479227e-01	0.000000e+00	-1.007618e+03	2.136011e+05
1.030540e+00	2.001516e+05	-1.332629e-01	2.482150e-01	0.000000e+00	-6.730542e+02	2.008247e+05
1.031730e+00	2.263320e+05	-1.335584e-01	2.485170e-01	0.000000e+00	-1.239934e+02	2.264560e+05
1.032920e+00	2.166432e+05	-1.338544e-01	2.488307e-01	0.000000e+00	-2.274005e+03	2.189172e+05
1.034110e+00	1.814458e+05	-1.341506e-01	2.491127e-01	0.000000e+00	-1.711627e+03	1.831574e+05
1.035300e+00	1.957447e+05	-1.344472e-01	2.493798e-01	0.000000e+00	-3.582715e+02	1.961029e+05
1.036490e+00	2.212215e+05	-1.347442e-01	2.496751e-01	0.000000e+00	-1.163424e+03	2.223849e+05
1.037680e+00	2.349057e+05	-1.350415e-01	2.499981e-01	0.000000e+00	-1.647943e+03	2.365536e+05
1.038870e+00	2.120654e+05	-1.353392e-01	2.503146e-01	0.000000e+00	-2.837618e+02	2.123491e+05
1.040060e+00	2.143973e+05	-1.356372e-01	2.506166e-01	0.000000e+00	-1.795022e+02	2.145768e+05
1.041250e+00	2.380616e+05	-1.359356e-01	2.509370e-01	0.000000e+00	-8.001521e+02	2.388618e+05
1.042440e+00	2.133514e+05	-1.362344e-01	2.512567e-01	0.000000e+00	-1.072627e+03	2.144241e+05
1.043630e+00	2.067492e+05	-1.365336e-01	2.515542e-01	0.000000e+00	-1.287739e+03	2.080369e+05
1.044820e+00	2.311575e+05	-1.368331e-01	2.518643e-01	0.000000e+00	-1.616495e+03	2.327740e+05
1.046010e+00	2.138232e+05	-1.371331e-01	2.521794e-01	0.000000e+00	-8.550217e+01	2.139087e+05
1.047200e+00	2.075161e+05	-1.374333e-01	2.524778e-01	0.000000e+00	-1.890286e+03	2.094064e+05
1.048390e+00	1.953018e+05	-1.377340e-01	2.527631e-01	0.000000e+00	-1.443138e+03	1.967449e+05
1.049580e+00	2.054454e+05	-1.380349e-01	2.530469e-01	0.000000e+00	-3.699485e+02	2.058153e+05
1.050770e+00	2.275746e+05	-1.383362e-01	2.533535e-01	0.000000e+00	-2.548817e+03	2.301234e+05
1.051960e+00	2.348153e+05	-1.386379e-01	2.536810e-01	0.000000e+00	-4.704993e+02	2.352858e+05
1.053150e+00	2.002755e+05	-1.389400e-01	2.539891e-01	0.000000e+00	0.000000e+00	2.002755e+05
1.054340e+00	2.322772e+05	-1.392424e-01	2.542954e-01	0.000000e+00	-5.948833e+02	2.328721e+05
1.055530e+00	2.137409e+05	-1.395452e-01	2.546112e-01	0.000000e+00	-2.454529e+02	2.139864e+05
1.056720e+00	2.032488e+05	-1.398484e-01	2.549065e-01	0.000000e+00	-8.508227e+02	2.040996e+05
1.057910e+00	2.124468e+05	-1.401519e-01	2.552009e-01	0.000000e+00	-2.915895e+03	2.153627e+05
1.059100e+00	2.067419e+05	-1.404557e-01	2.554978e-01	0.000000e+00	-6.882441e+02	2.074301e+05
1.060290e+00	2.049192e+05	-1.407600e-01	2.557893e-01	0.000000e+00	-1.566328e+03	2.064855e+05
1.061480e+00	2.028889e+05	-1.410645e-01	2.560781e-01	0.000000e+00	-1.541735e+03	2.044306e+05
1.062670e+00	2.095861e+05	-1.413694e-01	2.563702e-01	0.000000e+00	-7.513055e+02	2.103374e+05
1.063860e+00	2.049711e+05	-1.416747e-01	2.566638e-01	0.000000e+00	-2.649685e+03	2.076208e+05
1.065050e+00	2.276612e+05	-1.419803e-01	2.569701e-01	0.000000e+00	-2.297354e+03	2.299585e+05
1.066240e+00	2.258582e+05	-1.422863e-01	2.572913e-01	0.000000e+00	-8.421381e+02	2.267004e+05
1.067430e+00	2.246835e+05	-1.425926e-01	2.576104e-01	0.000000e+00	-1.822056e+02	2.248657e+05
1.068620e+00	1.917215e+05	-1.428994e-01	2.579053e-01	0.000000e+00	-8.212733e+02	1.925427e+05
1.069810e+00	1.943841e+05	-1.432064e-01	2.581787e-01	0.000000e+00	-1.632245e+03	1.960163e+05
1.071000e+00	2.235066e+05	-1.435138e-01	2.584746e-01	0.000000e+00	-6.130404e+02	2.241197e+05
1.072190e+00	2.221935e+05	-1.438216e-01	2.587902e-01	0.000000e+00	-2.947858e+02	2.224882e+05
1.073380e+00	2.288267e+05	-1.441298e-01	2.591096e-01	0.000000e+00	-4.610453e+02	2.292877e+05
1.074570e+00	2.261756e+05	-1.444383e-01	2.594319e-01	0.000000e+00	-3.792908e+02	2.265549e+05
1.075760e+00	2.066290e+05	-1.447472e-01	2.597384e-01	0.000000e+00	-5.032846e+02	2.071323e+05
1.076950e+00	2.093653e+05	-1.450565e-01	2.600329e-01	0.000000e+00	-3.370515e+02	2.097024e+05
1.078140e+00	2.178058e+05	-1.453661e-01	2.603355e-01	0.000000e+00	-8.392281e+02	2.186450e+05
1.079330e+00	2.074039e+05	-1.456761e-01	2.606366e-01	0.000000e+00	-1.108056e+00	2.074051e+05
1.080520e+00	2.210238e+05	-1.459864e-01	2.609400e-01	0.000000e+00	-9.729325e+02	2.219968e+05
1.081710e+00	2.111015e+05	-1.462971e-01	2.612460e-01	0.000000e+00	-2.535907e+03	2.136374e+05
1.082900e+00	2.355772e+05	-1.466082e-01	2.615623e-01	0.000000e+00	-1.426152e+03	2.370034e+05
1.084090e+00	2.058207e+05	-1.469196e-01	2.618749e-01	0.000000e+00	-1.070258e+02	2.059277e+05
1.085280e+00	2.211512e+05	-1.472314e-01	2.621773e-01	0.000000e+00	0.000000e+00	2.211512e+05
1.086470e+00	1.980572e+05	-1.475436e-01	2.624741e-01	0.000000e+00	-9.655539e+02	1.990227e+05
1.087660e+00	2.088466e+05	-1.478561e-01	2.627623e-01	0.000000e+00	-7.151183e+02	2.095618e+05
1.088850e+00	2.219520e+05	-1.481690e-01	2.630674e-01	0.000000e+00	-1.635543e+02	2.221156e+05
1.090040e+00	2.076106e+05	-1.484822e-01	2.633716e-01	0.000000e+00	-6.767819e+02	2.082874e+05
1.091230e+00	1.908693e+05	-1.487958e-01	2.636537e-01	0.000000e+00	-6.556406e+02	1.915249e+05
1.092420e+00	1.992945e+05	-1.491097e-01	2.639300e-01	0.000000e+00	-2.367094e+03	2.016616e+05
1.093610e+00	2.008115e+05	-1.494240e-01	2.642134e-01	0.000000e+00	-1.695901e+03	2.025074e+05
1.094800e+00	2.237929e+05	-1.497385e-01	2.645141e-01	0.000000e+00	-3.233806e+02	2.241163e+05
1.095990e+00	2.192539e+05	-1.500535e-01	2.648278e-01	0.000000e+00	-7.384453e+02	2.199924e+05
1.097180e+00	2.234803e+05	-1.503688e-01	2.651414e-01	0.000000e+00	-1.614467e+03	2.250948e+05
1.098370e+00	2.394072e+05	-1.506845e-01	2.654692e-01	0.000000e+00	-1.680960e+02	2.395753e+05
1.099560e+00	2.185501e+05	-1.510007e-01	2.657935e-01	0.000000e+00	-7.302198e+02	2.192803e+05
1.100750e+00	2.277496e+05	-1.513171e-01	2.661095e-01	0.000000e+00	-1.146471e+02	2.278642e+05
1.101940e+00	2.080539e+05	-1.516340e-01	2.664181e-01	0.000000e+00	-1.792586e+03	2.098465e+05
1.103130e+00	2.066990e+05	-1.519512e-01	2.667119e-01	0.000000e+00	-7.238920e+02	2.074229e+05
1.104320e+00	2.086669e+05	-1.522688e-01	2.670060e-01	0.000000e+00	-7.029692e+01	2.087372e+05
1.105510e+00	2.079093e+05	-1.525867e-01	2.673010e-01	0.000000e+00	-2.079313e+03	2.099886e+05
1.106700e+00	2.099698e+05	-1.529049e-01	2.675969e-01	0.000000e+00	-8.790135e+02	2.108488e+05
1.107890e+00	2.210105e+05	-1.532236e-01	2.679021e-01	0.000000e+00	-3.327211e+02	2.213433e+05
1.109080e+00	2.156411e+05	-1.535426e-01	2.682114e-01	0.000000e+00	-4.859233e+02	2.161270e+05
1.110270e+00	1.989419e+05	-1.538619e-01	2.685050e-01	0.000000e+00	-3.753552e+02	1.993172e+05
1.111460e+00	2.220099e+05	-1.541816e-01	2.688031e-01	0.000000e+00	-1.613670e+03	2.236236e+05
1.112650e+00	2.379808e+05	-1.545017e-01	2.691288e-01	0.000000e+00	-8.863956e+02	2.388671e+05
1.113840e+00	2.275556e+05	-1.548221e-01	2.694585e-01	0.000000e+00	0.000000e+00	2.275556e+05
1.115030e+00	2.230256e+05	-1.551430e-01	2.697776e-01	0.000000e+00	-5.802787e+02	2.236059e+05
1.116220e+00	2.294041e+05	-1.554642e-01	2.700980e-01	0.000000e+00	-1.861628e+03	2.312657e+05
1.117410e+00	2.285711e+05	-1.557858e-01	2.704223e-01	0.000000e+00	-7.910171e+01	2.286502e+05
1.118600e+00	2.177016e+05	-1.561078e-01	2.707383e-01	0.000000e+00	-3.401398e+02	2.180418e+05
1.119790e+00	2.183690e+05	-1.564302e-01	2.710471e-01	0.000000e+00	-5.001963e+02	2.188692e+05
1.120980e+00	2.120025e+05	-1.567529e-01	2.713519e-01	0.000000e+00	-7.869840e+02	2.127894e+05
1.122170e+00	2.173525e+05	-1.570760e-01	2.716560e-01	0.000000e+00	-1.616046e+03	2.189685e+05
1.123360e+00	2.045574e+05	-1.573994e-01	2.719547e-01	0.000000e+00	-9.583148e+02	2.055157e+05
1.124550e+00	2.246544e+05	-1.577232e-01	2.722587e-01	0.000000e+00	0.000000e+00	2.246544e+05
1.125740e+00	2.268639e+05	-1.580474e-01	2.725784e-01	0.000000e+00	-5.425646e+02	2.274065e+05
1.126930e+00	2.425007e+05	-1.583720e-01	2.729108e-01	0.000000e+00	-1.558523e+03	2.440592e+05
1.128120e+00	2.241165e+05	-1.586969e-01	2.732413e-01	0.000000e+00	-1.507004e+03	2.256235e+05
1.129310e+00	2.012711e+05	-1.590223e-01	2.735425e-01	0.000000e+00	-1.914582e+03	2.031857e+05
1.130500e+00	2.190660e+05	-1.593480e-01	2.738402e-01	0.000000e+00	-3.596799e+02	2.194257e+05
1.131690e+00	2.190702e+05	-1.596740e-01	2.741505e-01	0.000000e+00	0.000000e+00	2.190702e+05
1.132880e+00	2.153854e+05	-1.600004e-01	2.744581e-01	0.000000e+00	-1.069042e+02	2.154923e+05
1.134070e+00	2.375948e+05	-1.603272e-01	2.747789e-01	0.000000e+00	-7.334319e+02	2.383283e+05
1.135260e+00	2.158845e+05	-1.606544e-01	2.751000e-01	0.000000e+00	-3.357348e+02	2.162202e+05
1.136450e+00	2.169611e+05	-1.609820e-01	2.754066e-01	0.000000e+00	-5.646205e+02	2.175257e+05
1.137640e+00	2.325839e+05	-1.613099e-01	2.757249e-01	0.000000e+00	-1.083605e+03	2.336676e+05
1.138830e+00	2.182255e+05	-1.616382e-01	2.760442e-01	0.000000e+00	-1.311828e+03	2.195374e+05
1.140020e+00	2.123738e+05	-1.619669e-01	2.763491e-01	0.000000e+00	-9.109366e+02	2.132848e+05
1.141210e+00	2.316717e+05	-1.622959e-01	2.766636e-01	0.000000e+00	-8.352923e+02	2.325070e+05
1.142400e+00	2.233828e+05	-1.626253e-01	2.769858e-01	0.000000e+00	-1.787230e+03	2.251700e+05
1.143590e+00	2.287943e+05	-1.629551e-01	2.773060e-01	0.000000e+00	-1.574114e+03	2.303684e+05
1.144780e+00	2.310981e+05	-1.632853e-01	2.776317e-01	0.000000e+00	-5.948948e+02	2.316930e+05
1.145970e+00	2.238791e+05	-1.636159e-01	2.779539e-01	0.000000e+00	-2.454413e+02	2.241246e+05
1.147160e+00	2.084276e+05	-1.639468e-01	2.782601e-01	0.000000e+00	-6.259796e+02	2.090535e+05
1.148350e+00	2.098752e+05	-1.642782e-01	2.785563e-01	0.000000e+00	-2.143566e+02	2.100895e+05
1.149540e+00	2.135652e+05	-1.646098e-01	2.788561e-01	0.000000e+00	0.000000e+00	2.135652e+05
1.150730e+00	2.209355e+05	-1.649418e-01	2.791638e-01	0.000000e+00	-5.760513e+02	2.215115e+05
1.151920e+00	2.234659e+05	-1.652742e-01	2.794786e-01	0.000000e+00	-1.104621e+03	2.245705e+05
1.153110e+00	2.197664e+05	-1.656070e-01	2.797924e-01	0.000000e+00	0.000000e+00	2.197664e+05
1.154300e+00	2.207150e+05	-1.659401e-01	2.801044e-01	0.000000e+00	0.000000e+00	2.207150e+05
1.155490e+00	2.013081e+05	-1.662736e-01	2.804032e-01	0.000000e+00	0.000000e+00	2.013081e+05
1.156680e+00	2.105340e+05	-1.666075e-01	2.806949e-01	0.000000e+00	0.000000e+00	2.105340e+05
1.157870e+00	2.084585e+05	-1.669417e-01	2.809916e-01	0.000000e+00	0.000000e+00	2.084585e+05
1.159060e+00	2.244198e+05	-1.672762e-01	2.812981e-01	0.000000e+00	0.000000e+00	2.244198e+05
1.160250e+00	2.104330e+05	-1.676112e-01	2.816061e-01	0.000000e+00	0.000000e+00	2.104330e+05
1.161440e+00	2.121254e+05	-1.679465e-01	2.819053e-01	0.000000e+00	0.000000e+00	2.121254e+05
1.162630e+00	2.128558e+05	-1.682821e-01	2.822063e-01	0.000000e+00	0.000000e+00	2.128558e+05
1.163820e+00	2.021599e+05	-1.686181e-01	2.825002e-01	0.000000e+00	0.000000e+00	2.021599e+05
1.165010e+00	2.124780e+05	-1.689545e-01	2.827938e-01	0.000000e+00	0.000000e+00	2.124780e+05
1.166200e+00	2.279900e+05	-1.692912e-01	2.831057e-01	0.000000e+00	0.000000e+00	2.279900e+05
1.167390e+00	2.106718e+05	-1.696283e-01	2.834164e-01	0.000000e+00	0.000000e+00	2.106718e+05
1.168580e+00	2.064934e+05	-1.699657e-01	2.837118e-01	0.000000e+00	-5.869877e+02	2.070804e+05
1.169770e+00	2.114712e+05	-1.703035e-01	2.840078e-01	0.000000e+00	-2.533484e+02	2.117246e+05
1.170960e+00	1.982992e+05	-1.706416e-01	2.842980e-01	0.000000e+00	0.000000e+00	1.982992e+05
1.172150e+00	2.081671e+05	-1.709801e-01	2.845858e-01	0.000000e+00	0.000000e+00	2.081671e+05
1.173340e+00	2.232159e+05	-1.713190e-01	2.848913e-01	0.000000e+00	0.000000e+00	2.232159e+05
1.174530e+00	2.269784e+05	-1.716582e-01	2.852101e-01	0.000000e+00	0.000000e+00	2.269784e+05
1.175720e+00	2.167713e+05	-1.719978e-01	2.855244e-01	0.000000e+00	0.000000e+00	2.167713e+05
1.176910e+00	1.865174e+05	-1.723377e-01	2.858100e-01	0.000000e+00	-3.514042e+02	1.868688e+05
1.178100e+00	2.015682e+05	-1.726780e-01	2.860848e-01	0.000000e+00	-4.889319e+02	2.020571e+05
1.179290e+00	2.052877e+05	-1.730186e-01	2.863729e-01	0.000000e+00	0.000000e+00	2.052877e+05
1.180480e+00	2.099296e+05	-1.733595e-01	2.866670e-01	0.000000e+00	-1.460967e+03	2.113906e+05
1.181670e+00	1.925782e+05	-1.737009e-01	2.869520e-01	0.000000e+00	-7.393296e+02	1.933175e+05
1.182860e+00	2.184714e+05	-1.740425e-01	2.872431e-01	0.000000e+00	-6.801746e+02	2.191516e+05
1.184050e+00	2.285085e+05	-1.743845e-01	2.875596e-01	0.000000e+00	-4.808737e+02	2.289893e+05
1.185240e+00	2.179682e+05	-1.747269e-01	2.878758e-01	0.000000e+00	0.000000e+00	2.179682e+05
1.186430e+00	2.170267e+05	-1.750696e-01	2.881839e-01	0.000000e+00	0.000000e+00	2.170267e+05
1.187620e+00	1.924538e+05	-1.754128e-01	2.884738e-01	0.000000e+00	0.000000e+00	1.924538e+05
1.188810e+00	2.041795e+05	-1.757562e-01	2.887547e-01	0.000000e+00	0.000000e+00	2.041795e+05
1.190000e+00	1.087043e+05	-1.761000e-01	2.889763e-01	0.000000e+00	0.000000e+00	1.087043e+05
