#x	rho	phi	ex	bz	rhok[0]	rhok[1]
0.000000e+00	-4.518401e+03	0.000000e+00	3.461828e-02	0.000000e+00	-5.279118e+03	7.607163e+02
1.190000e-03	-3.769425e+03	-4.119194e-05	3.461241e-02	0.000000e+00	-6.318132e+03	2.548707e+03
2.380000e-03	5.607654e+03	-8.237754e-05	3.461371e-02	0.000000e+00	-3.559906e+03	9.167560e+03
3.570000e-03	7.299700e+03	-1.235726e-04	3.462285e-02	0.000000e+00	-5.190732e+03	1.249043e+04
4.760000e-03	3.549360e+03	-1.647799e-04	3.463053e-02	0.000000e+00	-5.880761e+03	9.430121e+03
5.950000e-03	8.911475e+03	-2.059933e-04	3.463936e-02	0.000000e+00	-4.755534e+03	1.366701e+04
7.140000e-03	9.357599e+03	-2.472216e-04	3.465230e-02	0.000000e+00	-6.686317e+03	1.604392e+04
8.330000e-03	1.278350e+04	-2.884657e-04	3.466798e-02	0.000000e+00	-5.021433e+03	1.780494e+04
9.520000e-03	1.489326e+04	-3.297314e-04	3.468758e-02	0.000000e+00	-6.694233e+03	2.158749e+04
1.071000e-02	1.233465e+04	-3.710221e-04	3.470686e-02	0.000000e+00	-7.151908e+03	1.948656e+04
1.190000e-02	1.910055e+04	-4.123337e-04	3.472912e-02	0.000000e+00	-4.905266e+03	2.400582e+04
1.309000e-02	1.907701e+04	-4.536775e-04	3.475616e-02	0.000000e+00	-5.233841e+03	2.431085e+04
1.428000e-02	3.231761e+04	-4.950534e-04	3.479255e-02	0.000000e+00	-4.542918e+03	3.686053e+04
1.547000e-02	2.454212e+04	-5.364837e-04	3.483282e-02	0.000000e+00	-8.348184e+03	3.289030e+04
1.666000e-02	2.252442e+04	-5.779555e-04	3.486615e-02	0.000000e+00	-7.396064e+03	2.992048e+04
1.785000e-02	3.396664e+04	-6.194652e-04	3.490615e-02	0.000000e+00	-5.043876e+03	3.901052e+04
1.904000e-02	3.761961e+04	-6.610321e-04	3.495685e-02	0.000000e+00	-4.968900e+03	4.258851e+04
2.023000e-02	3.684413e+04	-7.026625e-04	3.500958e-02	0.000000e+00	-6.430551e+03	4.327468e+04
2.142000e-02	3.805567e+04	-7.443549e-04	3.506262e-02	0.000000e+00	-4.760413e+03	4.281608e+04
2.261000e-02	3.315667e+04	-7.861115e-04	3.511305e-02	0.000000e+00	-6.556362e+03	3.971303e+04
2.380000e-02	3.427800e+04	-8.279240e-04	3.516081e-02	0.000000e+00	-3.514250e+03	3.779225e+04
2.499000e-02	3.339645e+04	-8.697942e-04	3.520873e-02	0.000000e+00	-4.428772e+03	3.782522e+04
2.618000e-02	3.551863e+04	-9.117207e-04	3.525753e-02	0.000000e+00	-6.531240e+03	4.204987e+04
2.737000e-02	3.744071e+04	-9.537071e-04	3.530920e-02	0.000000e+00	-6.609332e+03	4.405004e+04
2.856000e-02	4.966946e+04	-9.957566e-04	3.537089e-02	0.000000e+00	-4.081056e+03	5.375052e+04
2.975000e-02	4.080909e+04	-1.037890e-03	3.543496e-02	0.000000e+00	-3.615389e+03	4.442448e+04
3.094000e-02	4.496249e+04	-1.080092e-03	3.549570e-02	0.000000e+00	-6.640368e+03	5.160286e+04
3.213000e-02	5.197591e+04	-1.122370e-03	3.556435e-02	0.000000e+00	-4.621286e+03	5.659719e+04
3.332000e-02	4.269375e+04	-1.164735e-03	3.563139e-02	0.000000e+00	-3.393118e+03	4.608687e+04
3.451000e-02	6.238689e+04	-1.207172e-03	3.570581e-02	0.000000e+00	-4.678028e+03	6.706492e+04
3.570000e-02	5.414600e+04	-1.249715e-03	3.578833e-02	0.000000e+00	-5.779401e+03	5.992540e+04
3.689000e-02	5.184866e+04	-1.292349e-03	3.586339e-02	0.000000e+00	-4.976383e+03	5.682504e+04
3.808000e-02	5.788323e+04	-1.335070e-03	3.594110e-02	0.000000e+00	-3.417137e+03	6.130036e+04
3.927000e-02	4.906846e+04	-1.377888e-03	3.601684e-02	0.000000e+00	-4.627945e+03	5.369641e+04
4.046000e-02	5.437598e+04	-1.420790e-03	3.609010e-02	0.000000e+00	-5.342943e+03	5.971892e+04
4.165000e-02	4.338741e+04	-1.463783e-03	3.615933e-02	0.000000e+00	-9.959647e+03	5.334705e+04
4.284000e-02	4.418187e+04	-1.506849e-03	3.622134e-02	0.000000e+00	-7.708518e+03	5.189039e+04
4.403000e-02	6.150573e+04	-1.549990e-03	3.629619e-02	0.000000e+00	-4.051774e+03	6.555750e+04
4.522000e-02	5.930746e+04	-1.593234e-03	3.638174e-02	0.000000e+00	-6.160150e+03	6.546761e+04
4.641000e-02	6.460541e+04	-1.636578e-03	3.646949e-02	0.000000e+00	-7.178285e+03	7.178369e+04
4.760000e-02	6.347067e+04	-1.680031e-03	3.656019e-02	0.000000e+00	-7.572803e+03	7.104347e+04
4.879000e-02	7.928549e+04	-1.723591e-03	3.666129e-02	0.000000e+00	-8.284599e+03	8.757009e+04
4.998000e-02	6.888130e+04	-1.767285e-03	3.676622e-02	0.000000e+00	-6.732447e+03	7.561375e+04
5.117000e-02	6.023837e+04	-1.811095e-03	3.685765e-02	0.000000e+00	-6.357195e+03	6.659556e+04
5.236000e-02	6.244864e+04	-1.855006e-03	3.694454e-02	0.000000e+00	-5.578130e+03	6.802677e+04
5.355000e-02	6.467763e+04	-1.899023e-03	3.703456e-02	0.000000e+00	-5.827610e+03	7.050524e+04
5.474000e-02	6.363242e+04	-1.943149e-03	3.712543e-02	0.000000e+00	-6.154223e+03	6.978664e+04
5.593000e-02	7.129491e+04	-1.987382e-03	3.722098e-02	0.000000e+00	-5.701380e+03	7.699629e+04
5.712000e-02	7.390600e+04	-2.031735e-03	3.732380e-02	0.000000e+00	-7.489707e+03	8.139571e+04
5.831000e-02	7.000227e+04	-2.076212e-03	3.742571e-02	0.000000e+00	-7.422324e+03	7.742460e+04
5.950000e-02	6.588797e+04	-2.120808e-03	3.752195e-02	0.000000e+00	-6.682366e+03	7.257033e+04
6.069000e-02	7.914437e+04	-2.165514e-03	3.762465e-02	0.000000e+00	-7.674677e+03	8.681905e+04
6.188000e-02	7.717209e+04	-2.210354e-03	3.773535e-02	0.000000e+00	-8.088206e+03	8.526030e+04
6.307000e-02	7.036246e+04	-2.255325e-03	3.783983e-02	0.000000e+00	-5.152868e+03	7.551532e+04
6.426000e-02	6.001961e+04	-2.300413e-03	3.793216e-02	0.000000e+00	-5.894333e+03	6.591394e+04
6.545000e-02	8.385463e+04	-2.345603e-03	3.803405e-02	0.000000e+00	-4.399784e+03	8.825441e+04
6.664000e-02	7.802680e+04	-2.390934e-03	3.814869e-02	0.000000e+00	-4.933217e+03	8.296002e+04
6.783000e-02	8.447075e+04	-2.436397e-03	3.826376e-02	0.000000e+00	-4.197507e+03	8.866826e+04
6.902000e-02	8.039924e+04	-2.482002e-03	3.838052e-02	0.000000e+00	-6.945613e+03	8.734486e+04
7.021000e-02	6.614502e+04	-2.527743e-03	3.848430e-02	0.000000e+00	-9.021297e+03	7.516632e+04
7.140000e-02	7.962234e+04	-2.573595e-03	3.858752e-02	0.000000e+00	-5.656391e+03	8.527874e+04
7.259000e-02	8.232738e+04	-2.619581e-03	3.870221e-02	0.000000e+00	-7.437679e+03	8.976506e+04
7.378000e-02	8.896166e+04	-2.665706e-03	3.882351e-02	0.000000e+00	-6.247141e+03	9.520880e+04
7.497000e-02	8.568698e+04	-2.711981e-03	3.894719e-02	0.000000e+00	-5.724986e+03	9.141197e+04
7.616000e-02	8.412753e+04	-2.758400e-03	3.906745e-02	0.000000e+00	-5.215350e+03	8.934288e+04
7.735000e-02	8.063991e+04	-2.804961e-03	3.918413e-02	0.000000e+00	-5.851334e+03	8.649124e+04
7.854000e-02	9.771857e+04	-2.851659e-03	3.931044e-02	0.000000e+00	-5.548050e+03	1.032666e+05
7.973000e-02	9.708141e+04	-2.898520e-03	3.944839e-02	0.000000e+00	-8.834420e+03	1.059158e+05
8.092000e-02	9.459393e+04	-2.945546e-03	3.958413e-02	0.000000e+00	-6.189950e+03	1.007839e+05
8.211000e-02	8.495563e+04	-2.992730e-03	3.971128e-02	0.000000e+00	-4.440150e+03	8.939578e+04
8.330000e-02	8.472410e+04	-3.040059e-03	3.983144e-02	0.000000e+00	-3.110389e+03	8.783449e+04
8.449000e-02	8.265058e+04	-3.087529e-03	3.994997e-02	0.000000e+00	-4.143192e+03	8.679378e+04
8.568000e-02	8.159039e+04	-3.135139e-03	4.006628e-02	0.000000e+00	-5.269348e+03	8.685974e+04
8.687000e-02	9.020569e+04	-3.182887e-03	4.018794e-02	0.000000e+00	-7.395284e+03	9.760097e+04
8.806000e-02	1.004899e+05	-3.230787e-03	4.032298e-02	0.000000e+00	-3.883246e+03	1.043731e+05
8.925000e-02	9.884806e+04	-3.278856e-03	4.046414e-02	0.000000e+00	-9.359542e+03	1.082076e+05
9.044000e-02	9.795333e+04	-3.327091e-03	4.060351e-02	0.000000e+00	-5.476521e+03	1.034298e+05
9.163000e-02	9.118376e+04	-3.375492e-03	4.073745e-02	0.000000e+00	-4.971805e+03	9.615556e+04
9.282000e-02	1.059820e+05	-3.424047e-03	4.087708e-02	0.000000e+00	-5.128643e+03	1.111106e+05
9.401000e-02	9.951972e+04	-3.472780e-03	4.102261e-02	0.000000e+00	-9.538966e+03	1.090587e+05
9.520000e-02	1.030158e+05	-3.521680e-03	4.116604e-02	0.000000e+00	-6.414849e+03	1.094307e+05
9.639000e-02	1.013081e+05	-3.570755e-03	4.131073e-02	0.000000e+00	-3.514579e+03	1.048227e+05
9.758000e-02	1.022783e+05	-3.620000e-03	4.145490e-02	0.000000e+00	-4.985307e+03	1.072636e+05
9.877000e-02	1.038085e+05	-3.669417e-03	4.160085e-02	0.000000e+00	-4.822308e+03	1.086308e+05
9.996000e-02	9.487654e+04	-3.719010e-03	4.174155e-02	0.000000e+00	-4.252800e+03	9.912934e+04
1.011500e-01	9.332886e+04	-3.768762e-03	4.187483e-02	0.000000e+00	-9.236224e+03	1.025651e+05
1.023400e-01	9.964429e+04	-3.818672e-03	4.201149e-02	0.000000e+00	-7.010217e+03	1.066545e+05
1.035300e-01	1.001396e+05	-3.868750e-03	4.215297e-02	0.000000e+00	-1.151503e+04	1.116547e+05
1.047200e-01	9.953671e+04	-3.918996e-03	4.229437e-02	0.000000e+00	-4.667396e+03	1.042041e+05
1.059100e-01	9.972669e+04	-3.969410e-03	4.243548e-02	0.000000e+00	-3.761209e+03	1.034879e+05
1.071000e-01	1.044667e+05	-4.019992e-03	4.258008e-02	0.000000e+00	-5.399547e+03	1.098663e+05
1.082900e-01	1.096498e+05	-4.070751e-03	4.273171e-02	0.000000e+00	-4.572748e+03	1.142225e+05
1.094800e-01	1.044107e+05	-4.121694e-03	4.288330e-02	0.000000e+00	-4.288043e+03	1.086988e+05
1.106700e-01	1.032197e+05	-4.172813e-03	4.303034e-02	0.000000e+00	-4.791758e+03	1.080115e+05
1.118600e-01	1.066847e+05	-4.224106e-03	4.317899e-02	0.000000e+00	-8.476793e+03	1.151615e+05
1.130500e-01	1.029442e+05	-4.275579e-03	4.332744e-02	0.000000e+00	-6.733304e+03	1.096775e+05
1.142400e-01	1.093205e+05	-4.327225e-03	4.347776e-02	0.000000e+00	-6.983189e+03	1.163036e+05
1.154300e-01	1.046639e+05	-4.379056e-03	4.362929e-02	0.000000e+00	-3.160329e+03	1.078242e+05
1.166200e-01	9.830689e+04	-4.431063e-03	4.377303e-02	0.000000e+00	-3.455528e+03	1.017624e+05
1.178100e-01	9.894242e+04	-4.483236e-03	4.391271e-02	0.000000e+00	-3.458182e+03	1.024006e+05
1.190000e-01	1.090338e+05	-4.535575e-03	4.406000e-02	0.000000e+00	-2.069214e+03	1.111030e+05
1.201900e-01	1.001612e+05	-4.588099e-03	4.420814e-02	0.000000e+00	-3.485575e+03	1.036468e+05
1.213800e-01	1.222118e+05	-4.640791e-03	4.436562e-02	0.000000e+00	-9.313155e+03	1.315249e+05
1.225700e-01	1.097495e+05	-4.693689e-03	4.452988e-02	0.000000e+00	-4.325399e+03	1.140749e+05
1.237600e-01	1.110849e+05	-4.746772e-03	4.468627e-02	0.000000e+00	-3.655197e+03	1.147401e+05
1.249500e-01	1.274475e+05	-4.800042e-03	4.485519e-02	0.000000e+00	-6.010316e+03	1.334578e+05
1.261400e-01	1.090237e+05	-4.853527e-03	4.502265e-02	0.000000e+00	-6.579801e+03	1.156035e+05
1.273300e-01	9.818276e+04	-4.907196e-03	4.516939e-02	0.000000e+00	-4.887495e+03	1.030703e+05
1.285200e-01	1.162195e+05	-4.961030e-03	4.532122e-02	0.000000e+00	-2.442386e+03	1.186619e+05
1.297100e-01	1.206961e+05	-5.015061e-03	4.548900e-02	0.000000e+00	-6.507325e+03	1.272034e+05
1.309000e-01	1.339029e+05	-5.069294e-03	4.566929e-02	0.000000e+00	-4.498978e+03	1.384019e+05
1.320900e-01	1.199465e+05	-5.123754e-03	4.584906e-02	0.000000e+00	-5.457731e+03	1.254042e+05
1.332800e-01	1.149863e+05	-5.178415e-03	4.601543e-02	0.000000e+00	-5.049800e+03	1.200361e+05
1.344700e-01	1.195394e+05	-5.233270e-03	4.618151e-02	0.000000e+00	-4.115181e+03	1.236546e+05
1.356600e-01	1.191382e+05	-5.288327e-03	4.635054e-02	0.000000e+00	-2.687810e+03	1.218260e+05
1.368500e-01	1.365395e+05	-5.343585e-03	4.653160e-02	0.000000e+00	-2.917104e+03	1.394566e+05
1.380400e-01	1.219539e+05	-5.399072e-03	4.671466e-02	0.000000e+00	-4.150155e+03	1.261041e+05
1.392300e-01	1.133300e+05	-5.454765e-03	4.688127e-02	0.000000e+00	-6.821954e+03	1.201520e+05
1.404200e-01	1.173268e+05	-5.510650e-03	4.704462e-02	0.000000e+00	-3.836642e+03	1.211634e+05
1.416100e-01	1.177423e+05	-5.566732e-03	4.721109e-02	0.000000e+00	-1.889464e+03	1.196318e+05
1.428000e-01	1.148507e+05	-5.623012e-03	4.737580e-02	0.000000e+00	-6.262463e+03	1.211131e+05
1.439900e-01	1.221201e+05	-5.679486e-03	4.754361e-02	0.000000e+00	-6.425170e+03	1.285452e+05
1.451800e-01	1.292884e+05	-5.736166e-03	4.772165e-02	0.000000e+00	-7.654099e+03	1.369425e+05
1.463700e-01	1.290714e+05	-5.793064e-03	4.790461e-02	0.000000e+00	-3.430012e+03	1.325014e+05
1.475600e-01	1.155703e+05	-5.850179e-03	4.807786e-02	0.000000e+00	-3.929247e+03	1.194996e+05
1.487500e-01	1.256442e+05	-5.907489e-03	4.824868e-02	0.000000e+00	-6.229621e+03	1.318739e+05
1.499400e-01	1.079980e+05	-5.965011e-03	4.841414e-02	0.000000e+00	-7.426493e+03	1.154245e+05
1.511300e-01	1.256972e+05	-6.022714e-03	4.857963e-02	0.000000e+00	-5.357577e+03	1.310548e+05
1.523200e-01	1.179029e+05	-6.080630e-03	4.875214e-02	0.000000e+00	-6.906826e+03	1.248097e+05
1.535100e-01	1.269257e+05	-6.138745e-03	4.892552e-02	0.000000e+00	-4.412963e+03	1.313387e+05
1.547000e-01	1.268144e+05	-6.197073e-03	4.910521e-02	0.000000e+00	-6.048279e+03	1.328627e+05
1.558900e-01	1.270119e+05	-6.255615e-03	4.928496e-02	0.000000e+00	-3.387917e+03	1.303998e+05
1.570800e-01	1.456514e+05	-6.314371e-03	4.947805e-02	0.000000e+00	-5.593831e+03	1.512452e+05
1.582700e-01	1.371372e+05	-6.373373e-03	4.967831e-02	0.000000e+00	-5.924818e+03	1.430620e+05
1.594600e-01	1.279515e+05	-6.432606e-03	4.986604e-02	0.000000e+00	-3.809758e+03	1.317613e+05
1.606500e-01	1.363377e+05	-6.492054e-03	5.005320e-02	0.000000e+00	-1.947016e+03	1.382847e+05
1.618400e-01	1.327932e+05	-6.551732e-03	5.024379e-02	0.000000e+00	-2.156026e+03	1.349492e+05
1.630300e-01	1.301528e+05	-6.611634e-03	5.043000e-02	0.000000e+00	-4.180786e+03	1.343336e+05
1.642200e-01	1.296132e+05	-6.671756e-03	5.061395e-02	0.000000e+00	-4.747751e+03	1.343610e+05
1.654100e-01	1.310861e+05	-6.732095e-03	5.079857e-02	0.000000e+00	-6.305364e+03	1.373915e+05
1.666000e-01	1.316105e+05	-6.792656e-03	5.098460e-02	0.000000e+00	-3.845344e+03	1.354559e+05
1.677900e-01	1.332771e+05	-6.853439e-03	5.117219e-02	0.000000e+00	-5.717346e+03	1.389945e+05
1.689800e-01	1.486750e+05	-6.914446e-03	5.137186e-02	0.000000e+00	-2.683742e+03	1.513588e+05
1.701700e-01	1.356688e+05	-6.975704e-03	5.157322e-02	0.000000e+00	-4.946753e+03	1.406155e+05
1.713600e-01	1.402351e+05	-7.037190e-03	5.176860e-02	0.000000e+00	-6.687146e+03	1.469223e+05
1.725500e-01	1.330917e+05	-7.098913e-03	5.196217e-02	0.000000e+00	-5.075417e+03	1.381671e+05
1.737400e-01	1.397567e+05	-7.160860e-03	5.215539e-02	0.000000e+00	-5.240165e+03	1.449969e+05
1.749300e-01	1.334777e+05	-7.223043e-03	5.234888e-02	0.000000e+00	-3.846998e+03	1.373247e+05
1.761200e-01	1.451891e+05	-7.285450e-03	5.254622e-02	0.000000e+00	-2.863157e+03	1.480523e+05
1.773100e-01	1.389800e+05	-7.348103e-03	5.274746e-02	0.000000e+00	-4.691826e+03	1.436718e+05
1.785000e-01	1.261550e+05	-7.410989e-03	5.293522e-02	0.000000e+00	-4.901504e+03	1.310565e+05
1.796900e-01	1.200930e+05	-7.474089e-03	5.310961e-02	0.000000e+00	-3.004182e+03	1.230972e+05
1.808800e-01	1.271569e+05	-7.537390e-03	5.328470e-02	0.000000e+00	-4.157482e+03	1.313144e+05
1.820700e-01	1.273638e+05	-7.600906e-03	5.346494e-02	0.000000e+00	-6.644740e+03	1.340085e+05
1.832600e-01	1.403521e+05	-7.664637e-03	5.365453e-02	0.000000e+00	-4.734661e+03	1.450868e+05
1.844500e-01	1.566148e+05	-7.728604e-03	5.386483e-02	0.000000e+00	-3.142337e+03	1.597572e+05
1.856400e-01	1.431070e+05	-7.792835e-03	5.407708e-02	0.000000e+00	-4.373786e+03	1.474808e+05
1.868300e-01	1.446018e+05	-7.857307e-03	5.428083e-02	0.000000e+00	-6.152140e+03	1.507540e+05
1.880200e-01	1.437906e+05	-7.922024e-03	5.448506e-02	0.000000e+00	-5.780507e+03	1.495711e+05
1.892100e-01	1.339948e+05	-7.986982e-03	5.468178e-02	0.000000e+00	-7.721953e+03	1.417167e+05
1.904000e-01	1.393742e+05	-8.052166e-03	5.487537e-02	0.000000e+00	-3.724703e+03	1.430989e+05
1.915900e-01	1.426143e+05	-8.117585e-03	5.507506e-02	0.000000e+00	-3.903909e+03	1.465182e+05
1.927800e-01	1.559343e+05	-8.183245e-03	5.528648e-02	0.000000e+00	-4.092843e+03	1.600272e+05
1.939700e-01	1.345704e+05	-8.249167e-03	5.549221e-02	0.000000e+00	-2.746397e+03	1.373168e+05
1.951600e-01	1.408239e+05	-8.315316e-03	5.568723e-02	0.000000e+00	-3.627989e+03	1.444519e+05
1.963500e-01	1.368316e+05	-8.381703e-03	5.588386e-02	0.000000e+00	-4.882741e+03	1.417143e+05
1.975400e-01	1.568895e+05	-8.448320e-03	5.609186e-02	0.000000e+00	-3.385564e+03	1.602750e+05
1.987300e-01	1.339782e+05	-8.515201e-03	5.629784e-02	0.000000e+00	-4.843338e+03	1.388215e+05
1.999200e-01	1.349618e+05	-8.582309e-03	5.648830e-02	0.000000e+00	-5.947329e+03	1.409092e+05
2.011100e-01	1.602108e+05	-8.649643e-03	5.669733e-02	0.000000e+00	-3.411941e+03	1.636228e+05
2.023000e-01	1.467876e+05	-8.717248e-03	5.691473e-02	0.000000e+00	-3.887294e+03	1.506749e+05
2.034900e-01	1.472921e+05	-8.785101e-03	5.712299e-02	0.000000e+00	-5.445212e+03	1.527373e+05
2.046800e-01	1.406378e+05	-8.853201e-03	5.732689e-02	0.000000e+00	-4.731116e+03	1.453689e+05
2.058700e-01	1.621583e+05	-8.921539e-03	5.754132e-02	0.000000e+00	-2.528711e+03	1.646870e+05
2.070600e-01	1.487942e+05	-8.990149e-03	5.776153e-02	0.000000e+00	-4.658280e+03	1.534524e+05
2.082500e-01	1.495305e+05	-9.059011e-03	5.797279e-02	0.000000e+00	-4.148681e+03	1.536792e+05
2.094400e-01	1.507555e+05	-9.128125e-03	5.818544e-02	0.000000e+00	-5.312922e+03	1.560684e+05
2.106300e-01	1.523673e+05	-9.197492e-03	5.840010e-02	0.000000e+00	-2.598169e+03	1.549655e+05
2.118200e-01	1.440967e+05	-9.267117e-03	5.861005e-02	0.000000e+00	-2.671365e+03	1.467681e+05
2.130100e-01	1.557771e+05	-9.336984e-03	5.882241e-02	0.000000e+00	-2.897253e+03	1.586743e+05
2.142000e-01	1.506468e+05	-9.407114e-03	5.903941e-02	0.000000e+00	-4.394835e+03	1.550416e+05
2.153900e-01	1.366195e+05	-9.477498e-03	5.924284e-02	0.000000e+00	-5.088213e+03	1.417078e+05
2.165800e-01	1.325199e+05	-9.548112e-03	5.943343e-02	0.000000e+00	-4.706387e+03	1.372263e+05
2.177700e-01	1.502440e+05	-9.618950e-03	5.963368e-02	0.000000e+00	-7.547595e+03	1.577916e+05
2.189600e-01	1.482751e+05	-9.690040e-03	5.984508e-02	0.000000e+00	-5.435487e+03	1.537106e+05
2.201500e-01	1.510152e+05	-9.761381e-03	6.005702e-02	0.000000e+00	-3.853971e+03	1.548692e+05
2.213400e-01	1.368227e+05	-9.832976e-03	6.026086e-02	0.000000e+00	-2.739772e+03	1.395625e+05
2.225300e-01	1.507308e+05	-9.904802e-03	6.046450e-02	0.000000e+00	-4.387076e+03	1.551178e+05
2.237200e-01	1.636604e+05	-9.976882e-03	6.068714e-02	0.000000e+00	-3.599361e+03	1.672598e+05
2.249100e-01	1.471530e+05	-1.004924e-02	6.090724e-02	0.000000e+00	-4.010071e+03	1.511631e+05
2.261000e-01	1.429995e+05	-1.012184e-02	6.111272e-02	0.000000e+00	-5.845444e+03	1.488450e+05
2.272900e-01	1.623761e+05	-1.019469e-02	6.132898e-02	0.000000e+00	-7.646796e+03	1.700229e+05
2.284800e-01	1.653743e+05	-1.026780e-02	6.156108e-02	0.000000e+00	-4.287889e+03	1.696622e+05
2.296700e-01	1.475614e+05	-1.034120e-02	6.178269e-02	0.000000e+00	-3.859448e+03	1.514209e+05
2.308600e-01	1.517292e+05	-1.041485e-02	6.199463e-02	0.000000e+00	-3.094486e+03	1.548237e+05
2.320500e-01	1.550904e+05	-1.048875e-02	6.221191e-02	0.000000e+00	-2.425004e+03	1.575154e+05
2.332400e-01	1.451410e+05	-1.056291e-02	6.242453e-02	0.000000e+00	-3.802497e+03	1.489435e+05
2.344300e-01	1.556664e+05	-1.063732e-02	6.263755e-02	0.000000e+00	-4.964030e+03	1.606304e+05
2.356200e-01	1.687763e+05	-1.071199e-02	6.286731e-02	0.000000e+00	-7.805370e+03	1.765817e+05
2.368100e-01	1.644132e+05	-1.078694e-02	6.310326e-02	0.000000e+00	-5.644232e+03	1.700574e+05
2.380000e-01	1.560414e+05	-1.086217e-02	6.333019e-02	0.000000e+00	-3.357120e+03	1.593985e+05
2.391900e-01	1.602388e+05	-1.093767e-02	6.355417e-02	0.000000e+00	-5.115798e+03	1.653546e+05
2.403800e-01	1.802510e+05	-1.101343e-02	6.379530e-02	0.000000e+00	-2.665888e+03	1.829169e+05
2.415700e-01	1.598699e+05	-1.108950e-02	6.403616e-02	0.000000e+00	-1.672614e+03	1.615425e+05
2.427600e-01	1.613743e+05	-1.116584e-02	6.426365e-02	0.000000e+00	-2.504602e+03	1.638789e+05
2.439500e-01	1.520567e+05	-1.124245e-02	6.448561e-02	0.000000e+00	-1.972711e+03	1.540294e+05
2.451400e-01	1.470275e+05	-1.131931e-02	6.469741e-02	0.000000e+00	-8.701556e+03	1.557290e+05
2.463300e-01	1.413857e+05	-1.139643e-02	6.490166e-02	0.000000e+00	-1.049786e+04	1.518836e+05
2.475200e-01	1.733477e+05	-1.147378e-02	6.512454e-02	0.000000e+00	-4.541815e+03	1.778895e+05
2.487100e-01	1.763130e+05	-1.155142e-02	6.537216e-02	0.000000e+00	-4.867274e+03	1.811802e+05
2.499000e-01	1.514171e+05	-1.162937e-02	6.560424e-02	0.000000e+00	-5.963549e+03	1.573806e+05
2.510900e-01	1.502152e+05	-1.170756e-02	6.581785e-02	0.000000e+00	-6.755595e+03	1.569708e+05
2.522800e-01	1.648826e+05	-1.178601e-02	6.604099e-02	0.000000e+00	-4.206141e+03	1.690887e+05
2.534700e-01	1.655628e+05	-1.186474e-02	6.627500e-02	0.000000e+00	-3.075638e+03	1.686385e+05
2.546600e-01	1.494928e+05	-1.194375e-02	6.649811e-02	0.000000e+00	-4.971709e+03	1.544645e+05
2.558500e-01	1.428549e+05	-1.202301e-02	6.670514e-02	0.000000e+00	-5.320488e+03	1.481754e+05
2.570400e-01	1.633895e+05	-1.210251e-02	6.692201e-02	0.000000e+00	-2.883816e+03	1.662733e+05
2.582300e-01	1.695856e+05	-1.218228e-02	6.715781e-02	0.000000e+00	-1.798841e+03	1.713845e+05
2.594200e-01	1.618665e+05	-1.226234e-02	6.739254e-02	0.000000e+00	-1.133398e+03	1.629999e+05
2.606100e-01	1.577844e+05	-1.234267e-02	6.761890e-02	0.000000e+00	-2.503356e+03	1.602878e+05
2.618000e-01	1.791105e+05	-1.242327e-02	6.785748e-02	0.000000e+00	-7.580618e+03	1.866911e+05
2.629900e-01	1.620740e+05	-1.250418e-02	6.809909e-02	0.000000e+00	-3.030768e+03	1.651048e+05
2.641800e-01	1.496777e+05	-1.258535e-02	6.831987e-02	0.000000e+00	-4.311502e+03	1.539892e+05
2.653700e-01	1.464822e+05	-1.266678e-02	6.852960e-02	0.000000e+00	-4.019167e+03	1.505014e+05
2.665600e-01	1.718540e+05	-1.274845e-02	6.875503e-02	0.000000e+00	-3.450896e+03	1.753049e+05
2.677500e-01	1.825936e+05	-1.283041e-02	6.900604e-02	0.000000e+00	-4.259110e+03	1.868527e+05
2.689400e-01	1.661115e+05	-1.291268e-02	6.925298e-02	0.000000e+00	-6.402688e+03	1.725142e+05
2.701300e-01	1.679226e+05	-1.299524e-02	6.948953e-02	0.000000e+00	-7.358310e+03	1.752809e+05
2.713200e-01	1.685117e+05	-1.307807e-02	6.972778e-02	0.000000e+00	-6.777629e+03	1.752893e+05
2.725100e-01	1.630907e+05	-1.316119e-02	6.996261e-02	0.000000e+00	-5.422501e+03	1.685132e+05
2.737000e-01	1.714646e+05	-1.324458e-02	7.019953e-02	0.000000e+00	-1.888237e+03	1.733528e+05
2.748900e-01	1.627650e+05	-1.332826e-02	7.043622e-02	0.000000e+00	-2.079021e+03	1.648440e+05
2.760800e-01	1.691257e+05	-1.341222e-02	7.067125e-02	0.000000e+00	-2.831074e+03	1.719568e+05
2.772700e-01	1.585099e+05	-1.349646e-02	7.090327e-02	0.000000e+00	-3.244673e+03	1.617545e+05
2.784600e-01	1.627330e+05	-1.358097e-02	7.113077e-02	0.000000e+00	-6.759363e+03	1.694924e+05
2.796500e-01	1.638617e+05	-1.366575e-02	7.136205e-02	0.000000e+00	-4.672460e+03	1.685342e+05
2.808400e-01	1.726837e+05	-1.375081e-02	7.160038e-02	0.000000e+00	-4.884214e+03	1.775679e+05
2.820300e-01	1.703381e+05	-1.383616e-02	7.184329e-02	0.000000e+00	-4.673871e+03	1.750120e+05
2.832200e-01	1.511099e+05	-1.392180e-02	7.207093e-02	0.000000e+00	-7.047703e+03	1.581576e+05
2.844100e-01	1.653955e+05	-1.400769e-02	7.229507e-02	0.000000e+00	-4.654377e+03	1.700499e+05
2.856000e-01	1.739670e+05	-1.409386e-02	7.253539e-02	0.000000e+00	-4.041778e+03	1.780087e+05
2.867900e-01	1.626017e+05	-1.418032e-02	7.277374e-02	0.000000e+00	-5.027966e+03	1.676297e+05
2.879800e-01	1.662925e+05	-1.426706e-02	7.300665e-02	0.000000e+00	-4.332964e+03	1.706254e+05
2.891700e-01	1.550230e+05	-1.435408e-02	7.323420e-02	0.000000e+00	-6.008394e+03	1.610314e+05
2.903600e-01	1.774827e+05	-1.444136e-02	7.346967e-02	0.000000e+00	-7.472843e+03	1.849555e+05
2.915500e-01	1.766564e+05	-1.452894e-02	7.372045e-02	0.000000e+00	-2.247090e+03	1.789035e+05
2.927400e-01	1.632142e+05	-1.461681e-02	7.396114e-02	0.000000e+00	-2.910857e+03	1.661250e+05
2.939300e-01	1.835454e+05	-1.470496e-02	7.420670e-02	0.000000e+00	-6.340300e+03	1.898857e+05
2.951200e-01	1.650107e+05	-1.479343e-02	7.445354e-02	0.000000e+00	-6.950887e+03	1.719616e+05
2.963100e-01	1.464317e+05	-1.488216e-02	7.467409e-02	0.000000e+00	-5.791189e+03	1.522229e+05
2.975000e-01	1.562323e+05	-1.497115e-02	7.488842e-02	0.000000e+00	-3.048387e+03	1.592807e+05
2.986900e-01	1.756071e+05	-1.506040e-02	7.512342e-02	0.000000e+00	-2.392636e+03	1.779997e+05
2.998800e-01	1.806831e+05	-1.514994e-02	7.537573e-02	0.000000e+00	-3.716946e+03	1.844000e+05
3.010700e-01	1.793935e+05	-1.523979e-02	7.563073e-02	0.000000e+00	-7.744162e+03	1.871376e+05
3.022600e-01	1.478192e+05	-1.532994e-02	7.586245e-02	0.000000e+00	-8.285019e+03	1.561042e+05
3.034500e-01	1.615572e+05	-1.542035e-02	7.608154e-02	0.000000e+00	-6.820274e+03	1.683775e+05
3.046400e-01	1.679725e+05	-1.551102e-02	7.631490e-02	0.000000e+00	-4.473908e+03	1.724464e+05
3.058300e-01	1.794620e+05	-1.560198e-02	7.656094e-02	0.000000e+00	-4.111008e+03	1.835730e+05
3.070200e-01	1.815787e+05	-1.569323e-02	7.681662e-02	0.000000e+00	-3.178183e+03	1.847569e+05
3.082100e-01	1.806600e+05	-1.578480e-02	7.707314e-02	0.000000e+00	-3.891755e+03	1.845517e+05
3.094000e-01	1.625873e+05	-1.587667e-02	7.731622e-02	0.000000e+00	-4.216715e+03	1.668040e+05
3.105900e-01	1.804332e+05	-1.596881e-02	7.755913e-02	0.000000e+00	-6.144531e+03	1.865777e+05
3.117800e-01	1.547375e+05	-1.606126e-02	7.779649e-02	0.000000e+00	-4.013172e+03	1.587506e+05
3.129700e-01	1.811164e+05	-1.615397e-02	7.803433e-02	0.000000e+00	-4.103863e+03	1.852202e+05
3.141600e-01	1.733685e+05	-1.624698e-02	7.828536e-02	0.000000e+00	-3.415095e+03	1.767836e+05
3.153500e-01	1.664376e+05	-1.634029e-02	7.852600e-02	0.000000e+00	-1.863836e+03	1.683014e+05
3.165400e-01	1.765206e+05	-1.643387e-02	7.876887e-02	0.000000e+00	-1.316739e+03	1.778374e+05
3.177300e-01	1.690119e+05	-1.652776e-02	7.901356e-02	0.000000e+00	-2.781477e+03	1.717934e+05
3.189200e-01	1.679879e+05	-1.662192e-02	7.925222e-02	0.000000e+00	-3.492650e+03	1.714806e+05
3.201100e-01	1.677450e+05	-1.671638e-02	7.948997e-02	0.000000e+00	-2.550763e+03	1.702958e+05
3.213000e-01	1.515704e+05	-1.681111e-02	7.971610e-02	0.000000e+00	-3.312346e+03	1.548827e+05
3.224900e-01	1.636658e+05	-1.690610e-02	7.993934e-02	0.000000e+00	-1.765542e+03	1.654314e+05
3.236800e-01	1.830659e+05	-1.700137e-02	8.018488e-02	0.000000e+00	-5.145055e+03	1.882109e+05
3.248700e-01	1.820859e+05	-1.709694e-02	8.044347e-02	0.000000e+00	-5.301179e+03	1.873871e+05
3.260600e-01	1.946234e+05	-1.719282e-02	8.071024e-02	0.000000e+00	-2.227470e+03	1.968509e+05
3.272500e-01	1.840312e+05	-1.728903e-02	8.097839e-02	0.000000e+00	-2.506601e+03	1.865378e+05
3.284400e-01	1.825088e+05	-1.738555e-02	8.123796e-02	0.000000e+00	-2.446049e+03	1.849548e+05
3.296300e-01	1.632639e+05	-1.748238e-02	8.148282e-02	0.000000e+00	-2.257756e+03	1.655216e+05
3.308200e-01	1.619200e+05	-1.757948e-02	8.171311e-02	0.000000e+00	-2.922443e+03	1.648424e+05
3.320100e-01	1.736704e+05	-1.767685e-02	8.195076e-02	0.000000e+00	-3.767038e+03	1.774374e+05
3.332000e-01	1.893754e+05	-1.777452e-02	8.220786e-02	0.000000e+00	-3.863699e+03	1.932391e+05
3.343900e-01	1.720296e+05	-1.787251e-02	8.246379e-02	0.000000e+00	-3.658750e+03	1.756883e+05
3.355800e-01	1.686580e+05	-1.797079e-02	8.270505e-02	0.000000e+00	-3.055849e+03	1.717138e+05
3.367700e-01	1.749253e+05	-1.806935e-02	8.294837e-02	0.000000e+00	-4.720154e+03	1.796454e+05
3.379600e-01	1.864214e+05	-1.816820e-02	8.320426e-02	0.000000e+00	-5.342129e+03	1.917635e+05
3.391500e-01	1.577660e+05	-1.826737e-02	8.344800e-02	0.000000e+00	-3.991896e+03	1.617579e+05
3.403400e-01	1.887841e+05	-1.836681e-02	8.369342e-02	0.000000e+00	-7.296669e+03	1.960808e+05
3.415300e-01	1.823518e+05	-1.846656e-02	8.395624e-02	0.000000e+00	-3.451923e+03	1.858037e+05
3.427200e-01	1.917130e+05	-1.856663e-02	8.422114e-02	0.000000e+00	-3.967405e+03	1.956804e+05
3.439100e-01	1.791756e+05	-1.866701e-02	8.448379e-02	0.000000e+00	-4.661857e+03	1.838375e+05
3.451000e-01	1.826484e+05	-1.876770e-02	8.474002e-02	0.000000e+00	-3.255180e+03	1.859036e+05
3.462900e-01	1.899732e+05	-1.886869e-02	8.500390e-02	0.000000e+00	-3.963946e+03	1.939372e+05
3.474800e-01	1.804058e+05	-1.897001e-02	8.526619e-02	0.000000e+00	-4.925929e+03	1.853317e+05
3.486700e-01	1.748813e+05	-1.907162e-02	8.551779e-02	0.000000e+00	-5.145009e+03	1.800263e+05
3.498600e-01	1.671821e+05	-1.917354e-02	8.576003e-02	0.000000e+00	-3.494870e+03	1.706770e+05
3.510500e-01	1.715088e+05	-1.927573e-02	8.599988e-02	0.000000e+00	-1.662916e+03	1.731717e+05
3.522400e-01	1.930358e+05	-1.937822e-02	8.625804e-02	0.000000e+00	-1.463480e+03	1.944993e+05
3.534300e-01	2.109210e+05	-1.948103e-02	8.654410e-02	0.000000e+00	-2.421030e+03	2.133420e+05
3.546200e-01	1.988105e+05	-1.958419e-02	8.683426e-02	0.000000e+00	-2.099989e+03	2.009105e+05
3.558100e-01	1.821750e+05	-1.968769e-02	8.710406e-02	0.000000e+00	-2.152707e+03	1.843277e+05
3.570000e-01	1.842887e+05	-1.979150e-02	8.736358e-02	0.000000e+00	-2.180158e+03	1.864689e+05
3.581900e-01	1.814922e+05	-1.989562e-02	8.762261e-02	0.000000e+00	-6.277353e+02	1.821200e+05
3.593800e-01	1.752823e+05	-2.000004e-02	8.787527e-02	0.000000e+00	-3.316332e+03	1.785986e+05
3.605700e-01	2.032505e+05	-2.010476e-02	8.814333e-02	0.000000e+00	-7.332324e+03	2.105828e+05
3.617600e-01	2.174778e+05	-2.020982e-02	8.844128e-02	0.000000e+00	-2.709667e+03	2.201874e+05
3.629500e-01	1.934410e+05	-2.031525e-02	8.873227e-02	0.000000e+00	-4.865420e+03	1.983064e+05
3.641400e-01	1.770771e+05	-2.042101e-02	8.899466e-02	0.000000e+00	-3.346768e+03	1.804238e+05
3.653300e-01	1.871885e+05	-2.052706e-02	8.925262e-02	0.000000e+00	-2.337870e+03	1.895264e+05
3.665200e-01	1.821205e+05	-2.063343e-02	8.951415e-02	0.000000e+00	-1.884668e+03	1.840051e+05
3.677100e-01	1.845293e+05	-2.074010e-02	8.977380e-02	0.000000e+00	-1.906241e+03	1.864356e+05
3.689000e-01	1.733262e+05	-2.084709e-02	9.002722e-02	0.000000e+00	-2.028234e+03	1.753544e+05
3.700900e-01	1.827503e+05	-2.095437e-02	9.027938e-02	0.000000e+00	-2.556635e+03	1.853069e+05
3.712800e-01	1.763232e+05	-2.106195e-02	9.053367e-02	0.000000e+00	-6.016769e+03	1.823400e+05
3.724700e-01	1.771906e+05	-2.116984e-02	9.078401e-02	0.000000e+00	-2.510895e+03	1.797015e+05
3.736600e-01	1.716256e+05	-2.127802e-02	9.103103e-02	0.000000e+00	-4.957312e+03	1.765829e+05
3.748500e-01	1.853788e+05	-2.138649e-02	9.128385e-02	0.000000e+00	-2.698853e+03	1.880777e+05
3.760400e-01	1.805914e+05	-2.149528e-02	9.154302e-02	0.000000e+00	-9.048519e+02	1.814962e+05
3.772300e-01	1.927921e+05	-2.160436e-02	9.180743e-02	0.000000e+00	-1.053235e+03	1.938454e+05
3.784200e-01	1.746896e+05	-2.171378e-02	9.206767e-02	0.000000e+00	-1.457933e+03	1.761475e+05
3.796100e-01	1.770183e+05	-2.182349e-02	9.231674e-02	0.000000e+00	-1.675016e+03	1.786933e+05
3.808000e-01	1.724010e+05	-2.193349e-02	9.256418e-02	0.000000e+00	-3.044926e+03	1.754459e+05
3.819900e-01	1.872815e+05	-2.204379e-02	9.281890e-02	0.000000e+00	-1.428493e+03	1.887100e+05
3.831800e-01	1.935271e+05	-2.215440e-02	9.308857e-02	0.000000e+00	-5.571271e+02	1.940842e+05
3.843700e-01	1.868561e+05	-2.226534e-02	9.335795e-02	0.000000e+00	-3.118129e+03	1.899742e+05
3.855600e-01	1.746498e+05	-2.237659e-02	9.361395e-02	0.000000e+00	-3.485634e+03	1.781354e+05
3.867500e-01	1.807785e+05	-2.248814e-02	9.386566e-02	0.000000e+00	-2.119218e+03	1.828977e+05
3.879400e-01	1.958077e+05	-2.259999e-02	9.413234e-02	0.000000e+00	-9.149258e+02	1.967226e+05
3.891300e-01	1.774709e+05	-2.271217e-02	9.439668e-02	0.000000e+00	-2.215629e+03	1.796865e+05
3.903200e-01	1.789410e+05	-2.282466e-02	9.464908e-02	0.000000e+00	-3.487794e+03	1.824287e+05
3.915100e-01	1.789844e+05	-2.293744e-02	9.490255e-02	0.000000e+00	-4.893050e+03	1.838775e+05
3.927000e-01	1.822266e+05	-2.305052e-02	9.515835e-02	0.000000e+00	-4.193929e+03	1.864205e+05
3.938900e-01	1.734158e+05	-2.316392e-02	9.541020e-02	0.000000e+00	-2.834335e+03	1.762502e+05
3.950800e-01	1.835949e+05	-2.327760e-02	9.566302e-02	0.000000e+00	-3.224551e+03	1.868194e+05
3.962700e-01	1.755511e+05	-2.339159e-02	9.591736e-02	0.000000e+00	-5.076230e+03	1.806273e+05
3.974600e-01	1.827224e+05	-2.350588e-02	9.617108e-02	0.000000e+00	-2.582669e+03	1.853051e+05
3.986500e-01	1.861165e+05	-2.362048e-02	9.643227e-02	0.000000e+00	-3.724372e+03	1.898409e+05
3.998400e-01	1.882836e+05	-2.373539e-02	9.669741e-02	0.000000e+00	-3.995102e+03	1.922787e+05
4.010300e-01	2.086052e+05	-2.385062e-02	9.697847e-02	0.000000e+00	-2.904522e+03	2.115097e+05
4.022200e-01	1.846825e+05	-2.396620e-02	9.725699e-02	0.000000e+00	-4.389576e+03	1.890721e+05
4.034100e-01	1.776049e+05	-2.408209e-02	9.751355e-02	0.000000e+00	-1.818062e+03	1.794229e+05
4.046000e-01	1.934992e+05	-2.419828e-02	9.777635e-02	0.000000e+00	-2.037450e+03	1.955367e+05
4.057900e-01	1.687699e+05	-2.431480e-02	9.803289e-02	0.000000e+00	-7.598436e+03	1.763683e+05
4.069800e-01	1.804453e+05	-2.443160e-02	9.828020e-02	0.000000e+00	-4.937842e+03	1.853832e+05
4.081700e-01	1.833978e+05	-2.454871e-02	9.853786e-02	0.000000e+00	-2.242365e+03	1.856402e+05
4.093600e-01	1.877772e+05	-2.466612e-02	9.880071e-02	0.000000e+00	-3.244151e+03	1.910214e+05
4.105500e-01	1.750188e+05	-2.478385e-02	9.905763e-02	0.000000e+00	-3.236992e+03	1.782558e+05
4.117400e-01	1.982829e+05	-2.490188e-02	9.932199e-02	0.000000e+00	-5.443115e+03	2.037260e+05
4.129300e-01	1.993532e+05	-2.502024e-02	9.960358e-02	0.000000e+00	-3.473747e+03	2.028270e+05
4.141200e-01	1.918257e+05	-2.513894e-02	9.988060e-02	0.000000e+00	-2.598856e+03	1.944245e+05
4.153100e-01	1.987119e+05	-2.525796e-02	1.001572e-01	0.000000e+00	-2.688507e+03	2.014004e+05
4.165000e-01	1.840330e+05	-2.537731e-02	1.004282e-01	0.000000e+00	-3.138912e+03	1.871720e+05
4.176900e-01	1.829934e+05	-2.549697e-02	1.006881e-01	0.000000e+00	-2.731707e+03	1.857251e+05
4.188800e-01	2.064618e+05	-2.561695e-02	1.009639e-01	0.000000e+00	-1.810493e+03	2.082723e+05
4.200700e-01	1.944827e+05	-2.573727e-02	1.012479e-01	0.000000e+00	-2.009997e+03	1.964927e+05
4.212600e-01	1.711918e+05	-2.585792e-02	1.015068e-01	0.000000e+00	-1.895484e+03	1.730873e+05
4.224500e-01	1.807212e+05	-2.597886e-02	1.017560e-01	0.000000e+00	-5.131979e+03	1.858532e+05
4.236400e-01	1.878872e+05	-2.610010e-02	1.020171e-01	0.000000e+00	-2.267234e+03	1.901544e+05
4.248300e-01	1.989739e+05	-2.622166e-02	1.022910e-01	0.000000e+00	-2.487026e+03	2.014609e+05
4.260200e-01	1.729142e+05	-2.634355e-02	1.025544e-01	0.000000e+00	-3.359423e+03	1.762736e+05
4.272100e-01	1.778681e+05	-2.646574e-02	1.028028e-01	0.000000e+00	-1.552709e+03	1.794208e+05
4.284000e-01	1.925463e+05	-2.658822e-02	1.030651e-01	0.000000e+00	-5.244136e+02	1.930707e+05
4.295900e-01	2.032068e+05	-2.671103e-02	1.033454e-01	0.000000e+00	-1.723303e+03	2.049301e+05
4.307800e-01	2.004169e+05	-2.683418e-02	1.036312e-01	0.000000e+00	-3.526671e+03	2.039436e+05
4.319700e-01	1.849384e+05	-2.695767e-02	1.039041e-01	0.000000e+00	-3.141431e+03	1.880799e+05
4.331600e-01	1.742290e+05	-2.708147e-02	1.041584e-01	0.000000e+00	-5.270864e+03	1.794999e+05
4.343500e-01	1.908383e+05	-2.720557e-02	1.044170e-01	0.000000e+00	-6.162447e+03	1.970008e+05
4.355400e-01	1.907582e+05	-2.732999e-02	1.046872e-01	0.000000e+00	-3.229458e+03	1.939877e+05
4.367300e-01	2.014385e+05	-2.745472e-02	1.049649e-01	0.000000e+00	-3.468867e+03	2.049074e+05
4.379200e-01	2.041550e+05	-2.757980e-02	1.052522e-01	0.000000e+00	-1.421223e+03	2.055762e+05
4.391100e-01	1.876071e+05	-2.770523e-02	1.055296e-01	0.000000e+00	-6.633932e+02	1.882705e+05
4.403000e-01	2.078026e+05	-2.783096e-02	1.058096e-01	0.000000e+00	-1.787468e+03	2.095900e+05
4.414900e-01	1.945507e+05	-2.795705e-02	1.060946e-01	0.000000e+00	-2.646938e+03	1.971976e+05
4.426800e-01	2.031090e+05	-2.808347e-02	1.063762e-01	0.000000e+00	-2.991080e+03	2.061001e+05
4.438700e-01	1.813450e+05	-2.821023e-02	1.066484e-01	0.000000e+00	-3.288180e+03	1.846332e+05
4.450600e-01	1.783901e+05	-2.833729e-02	1.069032e-01	0.000000e+00	-3.727925e+03	1.821180e+05
4.462500e-01	1.828889e+05	-2.846466e-02	1.071590e-01	0.000000e+00	-3.515198e+03	1.864041e+05
4.474400e-01	2.019542e+05	-2.859233e-02	1.074315e-01	0.000000e+00	-4.126482e+03	2.060807e+05
4.486300e-01	1.846153e+05	-2.872034e-02	1.077053e-01	0.000000e+00	-3.192298e+03	1.878076e+05
4.498200e-01	1.857009e+05	-2.884867e-02	1.079675e-01	0.000000e+00	-2.846145e+03	1.885471e+05
4.510100e-01	1.880543e+05	-2.897731e-02	1.082322e-01	0.000000e+00	-3.413385e+03	1.914677e+05
4.522000e-01	2.051413e+05	-2.910626e-02	1.085107e-01	0.000000e+00	-2.416946e+03	2.075582e+05
4.533900e-01	1.966313e+05	-2.923556e-02	1.087952e-01	0.000000e+00	-4.062667e+03	2.006940e+05
4.545800e-01	1.998897e+05	-2.936519e-02	1.090760e-01	0.000000e+00	-3.545454e+03	2.034352e+05
4.557700e-01	1.958863e+05	-2.949516e-02	1.093563e-01	0.000000e+00	-1.672439e+03	1.975588e+05
4.569600e-01	1.960889e+05	-2.962546e-02	1.096339e-01	0.000000e+00	-4.926312e+03	2.010152e+05
4.581500e-01	2.000936e+05	-2.975609e-02	1.099144e-01	0.000000e+00	-2.746847e+03	2.028404e+05
4.593400e-01	1.865244e+05	-2.988706e-02	1.101882e-01	0.000000e+00	-1.798256e+03	1.883227e+05
4.605300e-01	1.903084e+05	-3.001834e-02	1.104551e-01	0.000000e+00	-1.252643e+03	1.915610e+05
4.617200e-01	1.844074e+05	-3.014994e-02	1.107204e-01	0.000000e+00	-1.588612e+03	1.859960e+05
4.629100e-01	1.948493e+05	-3.028185e-02	1.109890e-01	0.000000e+00	-2.763454e+03	1.976127e+05
4.641000e-01	1.811186e+05	-3.041410e-02	1.112553e-01	0.000000e+00	-3.415688e+03	1.845343e+05
4.652900e-01	1.874051e+05	-3.054664e-02	1.115162e-01	0.000000e+00	-3.138511e+03	1.905436e+05
4.664800e-01	1.870709e+05	-3.067950e-02	1.117814e-01	0.000000e+00	-2.512892e+03	1.895838e+05
4.676700e-01	1.984302e+05	-3.081268e-02	1.120544e-01	0.000000e+00	-2.275014e+03	2.007053e+05
4.688600e-01	2.015469e+05	-3.094619e-02	1.123377e-01	0.000000e+00	-9.240850e+01	2.016394e+05
4.700500e-01	1.993208e+05	-3.108005e-02	1.126215e-01	0.000000e+00	-1.803023e+03	2.011238e+05
4.712400e-01	1.910975e+05	-3.121423e-02	1.128980e-01	0.000000e+00	-3.774412e+03	1.948720e+05
4.724300e-01	1.962910e+05	-3.134874e-02	1.131724e-01	0.000000e+00	-1.893182e+03	1.981842e+05
4.736200e-01	2.047340e+05	-3.148358e-02	1.134564e-01	0.000000e+00	-1.523505e+03	2.062575e+05
4.748100e-01	2.011499e+05	-3.161877e-02	1.137438e-01	0.000000e+00	-1.812856e+03	2.029628e+05
4.760000e-01	1.917906e+05	-3.175429e-02	1.140221e-01	0.000000e+00	-2.737909e+03	1.945285e+05
4.771900e-01	1.861061e+05	-3.189014e-02	1.142897e-01	0.000000e+00	-2.814157e+03	1.889202e+05
4.783800e-01	1.912150e+05	-3.202630e-02	1.145569e-01	0.000000e+00	-4.531460e+03	1.957464e+05
4.795700e-01	1.897832e+05	-3.216279e-02	1.148267e-01	0.000000e+00	-4.792659e+03	1.945759e+05
4.807600e-01	1.949669e+05	-3.229959e-02	1.150991e-01	0.000000e+00	-2.828163e+03	1.977950e+05
4.819500e-01	1.947506e+05	-3.243672e-02	1.153751e-01	0.000000e+00	-2.001988e+03	1.967526e+05
4.831400e-01	1.890762e+05	-3.257418e-02	1.156469e-01	0.000000e+00	-2.551327e+03	1.916275e+05
4.843300e-01	2.001530e+05	-3.271196e-02	1.159226e-01	0.000000e+00	-4.563951e+02	2.006094e+05
4.855200e-01	1.881475e+05	-3.285008e-02	1.161976e-01	0.000000e+00	-6.807843e+02	1.888283e+05
4.867100e-01	1.920337e+05	-3.298851e-02	1.164668e-01	0.000000e+00	-1.179460e+03	1.932132e+05
4.879000e-01	2.026910e+05	-3.312727e-02	1.167463e-01	0.000000e+00	-2.463079e+03	2.051540e+05
4.890900e-01	1.846734e+05	-3.326637e-02	1.170206e-01	0.000000e+00	-2.165173e+03	1.868385e+05
4.902800e-01	2.049039e+05	-3.340578e-02	1.172965e-01	0.000000e+00	-3.774171e+03	2.086780e+05
4.914700e-01	2.046142e+05	-3.354553e-02	1.175865e-01	0.000000e+00	-3.819378e+03	2.084336e+05
4.926600e-01	1.974257e+05	-3.368563e-02	1.178712e-01	0.000000e+00	-1.890499e+03	1.993162e+05
4.938500e-01	2.131839e+05	-3.382607e-02	1.181620e-01	0.000000e+00	-1.906693e+03	2.150906e+05
4.950400e-01	1.882814e+05	-3.396686e-02	1.184463e-01	0.000000e+00	-2.826358e+03	1.911078e+05
4.962300e-01	1.786337e+05	-3.410797e-02	1.187062e-01	0.000000e+00	-2.732408e+03	1.813662e+05
4.974200e-01	1.925689e+05	-3.424938e-02	1.189690e-01	0.000000e+00	-2.074231e+03	1.946431e+05
4.986100e-01	1.853619e+05	-3.439112e-02	1.192367e-01	0.000000e+00	-4.400268e+03	1.897622e+05
4.998000e-01	1.869495e+05	-3.453316e-02	1.195003e-01	0.000000e+00	-4.238318e+03	1.911878e+05
5.009900e-01	2.084297e+05	-3.467553e-02	1.197803e-01	0.000000e+00	-1.879976e+03	2.103096e+05
5.021800e-01	1.983523e+05	-3.481824e-02	1.200684e-01	0.000000e+00	-2.692034e+03	2.010443e+05
5.033700e-01	2.152933e+05	-3.496129e-02	1.203613e-01	0.000000e+00	-1.947953e+03	2.172413e+05
5.045600e-01	2.182146e+05	-3.510470e-02	1.206683e-01	0.000000e+00	-1.858192e+03	2.200728e+05
5.057500e-01	1.951286e+05	-3.524848e-02	1.209610e-01	0.000000e+00	-5.558530e+02	1.956844e+05
5.069400e-01	1.939013e+05	-3.539259e-02	1.212365e-01	0.000000e+00	-1.577514e+03	1.954788e+05
5.081300e-01	2.056996e+05	-3.553702e-02	1.215195e-01	0.000000e+00	-5.073259e+03	2.107728e+05
5.093200e-01	1.936706e+05	-3.568180e-02	1.218023e-01	0.000000e+00	-3.598798e+03	1.972694e+05
5.105100e-01	1.754371e+05	-3.582691e-02	1.220637e-01	0.000000e+00	-3.233083e+03	1.786702e+05
5.117000e-01	1.955303e+05	-3.597232e-02	1.223264e-01	0.000000e+00	-4.728536e+03	2.002588e+05
5.128900e-01	1.912818e+05	-3.611805e-02	1.226004e-01	0.000000e+00	-3.187201e+03	1.944690e+05
5.140800e-01	1.905943e+05	-3.626411e-02	1.228708e-01	0.000000e+00	-2.743670e+03	1.933380e+05
5.152700e-01	1.930140e+05	-3.641048e-02	1.231424e-01	0.000000e+00	-4.170905e+03	1.971849e+05
5.164600e-01	2.057612e+05	-3.655718e-02	1.234248e-01	0.000000e+00	-1.937330e+03	2.076986e+05
5.176500e-01	2.053035e+05	-3.670423e-02	1.237159e-01	0.000000e+00	-2.640642e+03	2.079441e+05
5.188400e-01	1.926521e+05	-3.685163e-02	1.239978e-01	0.000000e+00	-4.586213e+03	1.972383e+05
5.200300e-01	1.886831e+05	-3.699935e-02	1.242678e-01	0.000000e+00	-1.102884e+02	1.887933e+05
5.212200e-01	1.778148e+05	-3.714739e-02	1.245273e-01	0.000000e+00	-1.789104e+03	1.796039e+05
5.224100e-01	2.016932e+05	-3.729572e-02	1.247961e-01	0.000000e+00	-3.148626e+03	2.048418e+05
5.236000e-01	2.040604e+05	-3.744440e-02	1.250834e-01	0.000000e+00	-9.446233e+02	2.050050e+05
5.247900e-01	1.954315e+05	-3.759342e-02	1.253664e-01	0.000000e+00	-1.421084e+03	1.968525e+05
5.259800e-01	2.039156e+05	-3.774277e-02	1.256492e-01	0.000000e+00	-1.690818e+03	2.056064e+05
5.271700e-01	2.186913e+05	-3.789247e-02	1.259484e-01	0.000000e+00	-6.808401e+02	2.193722e+05
5.283600e-01	2.009632e+05	-3.804253e-02	1.262456e-01	0.000000e+00	-7.888103e+02	2.017520e+05
5.295500e-01	1.906487e+05	-3.819293e-02	1.265229e-01	0.000000e+00	-1.522803e+03	1.921715e+05
5.307400e-01	1.720598e+05	-3.834365e-02	1.267798e-01	0.000000e+00	-4.989054e+03	1.770488e+05
5.319300e-01	1.918686e+05	-3.849467e-02	1.270375e-01	0.000000e+00	-2.173671e+03	1.940423e+05
5.331200e-01	2.119656e+05	-3.864600e-02	1.273235e-01	0.000000e+00	-5.014783e+03	2.169804e+05
5.343100e-01	2.007583e+05	-3.879770e-02	1.276158e-01	0.000000e+00	-6.198362e+03	2.069566e+05
5.355000e-01	1.899252e+05	-3.894973e-02	1.278924e-01	0.000000e+00	-2.943745e+03	1.928689e+05
5.366900e-01	1.973780e+05	-3.910208e-02	1.281667e-01	0.000000e+00	-3.405521e+03	2.007835e+05
5.378800e-01	2.056549e+05	-3.925477e-02	1.284521e-01	0.000000e+00	-2.400049e+03	2.080550e+05
5.390700e-01	2.042419e+05	-3.940780e-02	1.287424e-01	0.000000e+00	-2.716467e+03	2.069584e+05
5.402600e-01	1.801451e+05	-3.956117e-02	1.290146e-01	0.000000e+00	-1.610642e+03	1.817557e+05
5.414500e-01	1.969092e+05	-3.971485e-02	1.292816e-01	0.000000e+00	-1.413750e+03	1.983230e+05
5.426400e-01	1.954402e+05	-3.986886e-02	1.295595e-01	0.000000e+00	-3.291861e+03	1.987321e+05
5.438300e-01	2.086278e+05	-4.002320e-02	1.298456e-01	0.000000e+00	-2.108754e+03	2.107365e+05
5.450200e-01	1.961377e+05	-4.017790e-02	1.301323e-01	0.000000e+00	-1.570088e+03	1.977078e+05
5.462100e-01	2.018260e+05	-4.033292e-02	1.304141e-01	0.000000e+00	-1.778211e+03	2.036042e+05
5.474000e-01	2.061895e+05	-4.048828e-02	1.307030e-01	0.000000e+00	-3.281379e+03	2.094709e+05
5.485900e-01	2.103744e+05	-4.064399e-02	1.309980e-01	0.000000e+00	-2.759150e+03	2.131335e+05
5.497800e-01	2.218418e+05	-4.080006e-02	1.313041e-01	0.000000e+00	-2.480318e+03	2.243221e+05
5.509700e-01	1.983110e+05	-4.095650e-02	1.316016e-01	0.000000e+00	-3.193801e+03	2.015048e+05
5.521600e-01	2.046072e+05	-4.111327e-02	1.318870e-01	0.000000e+00	-3.995279e+03	2.086024e+05
5.533500e-01	1.913743e+05	-4.127039e-02	1.321674e-01	0.000000e+00	-3.306537e+03	1.946808e+05
5.545400e-01	2.091993e+05	-4.142783e-02	1.324511e-01	0.000000e+00	-1.331449e+03	2.105307e+05
5.557300e-01	2.066014e+05	-4.158562e-02	1.327455e-01	0.000000e+00	-3.328236e+03	2.099296e+05
5.569200e-01	2.021023e+05	-4.174376e-02	1.330350e-01	0.000000e+00	-5.225618e+03	2.073280e+05
5.581100e-01	1.879059e+05	-4.190224e-02	1.333111e-01	0.000000e+00	-1.263628e+03	1.891696e+05
5.593000e-01	2.006759e+05	-4.206104e-02	1.335863e-01	0.000000e+00	-1.739984e+03	2.024158e+05
5.604900e-01	2.001987e+05	-4.222018e-02	1.338702e-01	0.000000e+00	-1.327299e+03	2.015260e+05
5.616800e-01	1.959339e+05	-4.237965e-02	1.341507e-01	0.000000e+00	-3.160305e+03	1.990942e+05
5.628700e-01	1.901786e+05	-4.253946e-02	1.344242e-01	0.000000e+00	-2.853728e+03	1.930324e+05
5.640600e-01	2.014566e+05	-4.269958e-02	1.347015e-01	0.000000e+00	-7.873388e+02	2.022439e+05
5.652500e-01	1.924767e+05	-4.286005e-02	1.349805e-01	0.000000e+00	-1.238330e+03	1.937151e+05
5.664400e-01	2.009674e+05	-4.302084e-02	1.352591e-01	0.000000e+00	-7.071008e+02	2.016745e+05
5.676300e-01	1.896268e+05	-4.318196e-02	1.355357e-01	0.000000e+00	-2.113271e+03	1.917401e+05
5.688200e-01	1.883129e+05	-4.334341e-02	1.358034e-01	0.000000e+00	-2.668218e+03	1.909811e+05
5.700100e-01	2.071933e+05	-4.350518e-02	1.360834e-01	0.000000e+00	-1.873288e+03	2.090665e+05
5.712000e-01	1.891725e+05	-4.366729e-02	1.363641e-01	0.000000e+00	-1.760752e+03	1.909332e+05
5.723900e-01	1.972838e+05	-4.382972e-02	1.366378e-01	0.000000e+00	-1.045341e+03	1.983292e+05
5.735800e-01	1.967247e+05	-4.399249e-02	1.369168e-01	0.000000e+00	-1.601482e+03	1.983262e+05
5.747700e-01	2.043427e+05	-4.415558e-02	1.372008e-01	0.000000e+00	-1.326208e+03	2.056689e+05
5.759600e-01	2.001404e+05	-4.431903e-02	1.374873e-01	0.000000e+00	-1.793510e+03	2.019339e+05
5.771500e-01	1.916581e+05	-4.448280e-02	1.377647e-01	0.000000e+00	-2.264014e+03	1.939222e+05
5.783400e-01	2.065255e+05	-4.464691e-02	1.380467e-01	0.000000e+00	-1.996883e+03	2.085224e+05
5.795300e-01	2.183148e+05	-4.481136e-02	1.383476e-01	0.000000e+00	-1.556009e+03	2.198708e+05
5.807200e-01	2.189377e+05	-4.497617e-02	1.386572e-01	0.000000e+00	-2.966684e+03	2.219043e+05
5.819100e-01	2.062310e+05	-4.514136e-02	1.389583e-01	0.000000e+00	-2.458355e+03	2.086894e+05
5.831000e-01	1.880275e+05	-4.530689e-02	1.392375e-01	0.000000e+00	-4.409777e+03	1.924373e+05
5.842900e-01	1.931269e+05	-4.547274e-02	1.395074e-01	0.000000e+00	-3.449240e+03	1.965761e+05
5.854800e-01	2.194071e+05	-4.563892e-02	1.397996e-01	0.000000e+00	-1.462128e+03	2.208693e+05
5.866700e-01	2.182048e+05	-4.580547e-02	1.401095e-01	0.000000e+00	-2.002147e+03	2.202070e+05
5.878600e-01	2.000568e+05	-4.597238e-02	1.404057e-01	0.000000e+00	-1.534223e+03	2.015910e+05
5.890500e-01	2.001601e+05	-4.613963e-02	1.406891e-01	0.000000e+00	-6.953402e+02	2.008554e+05
5.902400e-01	1.953005e+05	-4.630722e-02	1.409692e-01	0.000000e+00	-3.336262e+03	1.986367e+05
5.914300e-01	2.102427e+05	-4.647514e-02	1.412563e-01	0.000000e+00	-3.684236e+03	2.139270e+05
5.926200e-01	1.914905e+05	-4.664341e-02	1.415408e-01	0.000000e+00	-1.732931e+03	1.932234e+05
5.938100e-01	2.017520e+05	-4.681201e-02	1.418193e-01	0.000000e+00	-8.853902e+02	2.026374e+05
5.950000e-01	2.005068e+05	-4.698094e-02	1.421042e-01	0.000000e+00	-2.702868e+03	2.032097e+05
5.961900e-01	2.040443e+05	-4.715022e-02	1.423907e-01	0.000000e+00	-4.192885e+03	2.082372e+05
5.973800e-01	1.902175e+05	-4.731983e-02	1.426699e-01	0.000000e+00	-5.157641e+03	1.953751e+05
5.985700e-01	2.067626e+05	-4.748977e-02	1.429510e-01	0.000000e+00	-2.506487e+03	2.092691e+05
5.997600e-01	2.021806e+05	-4.766006e-02	1.432406e-01	0.000000e+00	-4.649353e+03	2.068300e+05
6.009500e-01	2.050757e+05	-4.783068e-02	1.435290e-01	0.000000e+00	-1.394767e+03	2.064705e+05
6.021400e-01	1.974333e+05	-4.800165e-02	1.438140e-01	0.000000e+00	-1.826425e+03	1.992597e+05
6.033300e-01	2.008772e+05	-4.817296e-02	1.440961e-01	0.000000e+00	-2.687501e+03	2.035647e+05
6.045200e-01	2.000395e+05	-4.834460e-02	1.443800e-01	0.000000e+00	-1.931973e+03	2.019715e+05
6.057100e-01	1.840363e+05	-4.851658e-02	1.446520e-01	0.000000e+00	-3.216809e+03	1.872531e+05
6.069000e-01	2.010417e+05	-4.868887e-02	1.449247e-01	0.000000e+00	-3.660408e+03	2.047021e+05
6.080900e-01	1.968120e+05	-4.886150e-02	1.452065e-01	0.000000e+00	-2.601104e+03	1.994131e+05
6.092800e-01	2.063727e+05	-4.903447e-02	1.454920e-01	0.000000e+00	-3.165754e+03	2.095385e+05
6.104700e-01	2.055839e+05	-4.920778e-02	1.457837e-01	0.000000e+00	-1.767657e+03	2.073515e+05
6.116600e-01	2.061126e+05	-4.938143e-02	1.460753e-01	0.000000e+00	-9.251464e+02	2.070377e+05
6.128500e-01	2.031504e+05	-4.955543e-02	1.463651e-01	0.000000e+00	-2.263989e+03	2.054144e+05
6.140400e-01	2.038774e+05	-4.972978e-02	1.466533e-01	0.000000e+00	-1.068366e+03	2.049458e+05
6.152300e-01	1.878911e+05	-4.990447e-02	1.469308e-01	0.000000e+00	-7.977742e+02	1.886889e+05
6.164200e-01	2.002496e+05	-5.007948e-02	1.472056e-01	0.000000e+00	-2.913229e+03	2.031628e+05
6.176100e-01	2.041952e+05	-5.025482e-02	1.474921e-01	0.000000e+00	-3.102445e+03	2.072977e+05
6.188000e-01	2.006335e+05	-5.043051e-02	1.477787e-01	0.000000e+00	-1.917535e+03	2.025510e+05
6.199900e-01	2.030116e+05	-5.060653e-02	1.480646e-01	0.000000e+00	-1.271853e+03	2.042835e+05
6.211800e-01	1.855102e+05	-5.078290e-02	1.483397e-01	0.000000e+00	-1.951058e+03	1.874613e+05
6.223700e-01	2.070700e+05	-5.095958e-02	1.486177e-01	0.000000e+00	-1.491485e+03	2.085615e+05
6.235600e-01	2.032228e+05	-5.113661e-02	1.489083e-01	0.000000e+00	-3.567777e+02	2.035796e+05
6.247500e-01	2.104711e+05	-5.131398e-02	1.492013e-01	0.000000e+00	-4.026135e+03	2.144972e+05
6.259400e-01	1.912957e+05	-5.149171e-02	1.494858e-01	0.000000e+00	-3.530253e+03	1.948259e+05
6.271300e-01	2.117860e+05	-5.166976e-02	1.497712e-01	0.000000e+00	-2.886964e+03	2.146730e+05
6.283200e-01	2.136006e+05	-5.184817e-02	1.500725e-01	0.000000e+00	-2.109683e+03	2.157102e+05
6.295100e-01	1.986216e+05	-5.202693e-02	1.503644e-01	0.000000e+00	-1.107128e+03	1.997288e+05
6.307000e-01	2.118558e+05	-5.220603e-02	1.506551e-01	0.000000e+00	-2.687737e+02	2.121246e+05
6.318900e-01	2.039560e+05	-5.238549e-02	1.509495e-01	0.000000e+00	-1.830981e+03	2.057869e+05
6.330800e-01	1.931144e+05	-5.256529e-02	1.512307e-01	0.000000e+00	-1.937017e+03	1.950514e+05
6.342700e-01	1.981350e+05	-5.274542e-02	1.515078e-01	0.000000e+00	-1.873786e+03	2.000088e+05
6.354600e-01	1.983580e+05	-5.292588e-02	1.517886e-01	0.000000e+00	-2.661262e+03	2.010192e+05
6.366500e-01	1.954625e+05	-5.310668e-02	1.520675e-01	0.000000e+00	-1.576214e+03	1.970387e+05
6.378400e-01	1.932889e+05	-5.328780e-02	1.523428e-01	0.000000e+00	-4.833330e+03	1.981222e+05
6.390300e-01	2.098823e+05	-5.346925e-02	1.526283e-01	0.000000e+00	-6.050171e+03	2.159325e+05
6.402200e-01	2.188526e+05	-5.365106e-02	1.529319e-01	0.000000e+00	-5.387867e+03	2.242405e+05
6.414100e-01	2.170518e+05	-5.383323e-02	1.532406e-01	0.000000e+00	-1.874594e+03	2.189264e+05
6.426000e-01	2.060073e+05	-5.401577e-02	1.535402e-01	0.000000e+00	-2.993195e+03	2.090004e+05
6.437900e-01	2.170951e+05	-5.419866e-02	1.538398e-01	0.000000e+00	-3.109178e+03	2.202043e+05
6.449800e-01	1.963733e+05	-5.438191e-02	1.541326e-01	0.000000e+00	-7.901740e+02	1.971634e+05
6.461700e-01	1.966705e+05	-5.456549e-02	1.544110e-01	0.000000e+00	-1.074023e+03	1.977445e+05
6.473600e-01	2.060848e+05	-5.474941e-02	1.546962e-01	0.000000e+00	-7.858213e+02	2.068706e+05
6.485500e-01	2.143776e+05	-5.493367e-02	1.549939e-01	0.000000e+00	-3.180133e+03	2.175577e+05
6.497400e-01	2.198814e+05	-5.511829e-02	1.553015e-01	0.000000e+00	-2.059061e+03	2.219405e+05
6.509300e-01	2.056640e+05	-5.530329e-02	1.556028e-01	0.000000e+00	-1.673810e+03	2.073379e+05
6.521200e-01	1.856096e+05	-5.548863e-02	1.558799e-01	0.000000e+00	-5.756603e+03	1.913663e+05
6.533100e-01	1.962146e+05	-5.567428e-02	1.561503e-01	0.000000e+00	-9.729486e+02	1.971875e+05
6.545000e-01	1.963321e+05	-5.586026e-02	1.564283e-01	0.000000e+00	-2.940071e+02	1.966262e+05
6.556900e-01	2.103847e+05	-5.604658e-02	1.567163e-01	0.000000e+00	-1.731521e+03	2.121162e+05
6.568800e-01	2.125721e+05	-5.623325e-02	1.570158e-01	0.000000e+00	-1.657334e+03	2.142295e+05
6.580700e-01	2.024324e+05	-5.642028e-02	1.573097e-01	0.000000e+00	-1.253872e+03	2.036863e+05
6.592600e-01	1.905077e+05	-5.660765e-02	1.575880e-01	0.000000e+00	-2.372612e+02	1.907449e+05
6.604500e-01	2.036419e+05	-5.679534e-02	1.578671e-01	0.000000e+00	-1.438242e+03	2.050802e+05
6.616400e-01	2.179300e+05	-5.698337e-02	1.581656e-01	0.000000e+00	-2.614299e+03	2.205443e+05
6.628300e-01	2.096033e+05	-5.717177e-02	1.584684e-01	0.000000e+00	-1.527259e+03	2.111306e+05
6.640200e-01	2.130772e+05	-5.736052e-02	1.587677e-01	0.000000e+00	-1.134503e+03	2.142117e+05
6.652100e-01	2.180054e+05	-5.754964e-02	1.590730e-01	0.000000e+00	-1.302702e+03	2.193081e+05
6.664000e-01	2.166469e+05	-5.773912e-02	1.593808e-01	0.000000e+00	-2.690039e+03	2.193369e+05
6.675900e-01	2.052314e+05	-5.792896e-02	1.596796e-01	0.000000e+00	-1.959405e+03	2.071908e+05
6.687800e-01	2.104434e+05	-5.811916e-02	1.599739e-01	0.000000e+00	-1.428558e+03	2.118719e+05
6.699700e-01	2.035848e+05	-5.830970e-02	1.602671e-01	0.000000e+00	-5.872807e+01	2.036435e+05
6.711600e-01	2.172689e+05	-5.850059e-02	1.605652e-01	0.000000e+00	-7.350626e+02	2.180039e+05
6.723500e-01	1.985586e+05	-5.869185e-02	1.608597e-01	0.000000e+00	-2.013209e+03	2.005718e+05
6.735400e-01	2.046907e+05	-5.888344e-02	1.611452e-01	0.000000e+00	-3.237976e+03	2.079287e+05
6.747300e-01	1.889843e+05	-5.907537e-02	1.614240e-01	0.000000e+00	-5.498318e+03	1.944827e+05
6.759200e-01	1.908968e+05	-5.926763e-02	1.616930e-01	0.000000e+00	-2.049533e+03	1.929463e+05
6.771100e-01	1.967100e+05	-5.946020e-02	1.619675e-01	0.000000e+00	-2.387640e+03	1.990976e+05
6.783000e-01	2.207516e+05	-5.965311e-02	1.622631e-01	0.000000e+00	-1.725319e+03	2.224769e+05
6.794900e-01	1.995690e+05	-5.984639e-02	1.625608e-01	0.000000e+00	-1.920753e+03	2.014897e+05
6.806800e-01	2.048301e+05	-6.004000e-02	1.628472e-01	0.000000e+00	-1.602137e+03	2.064323e+05
6.818700e-01	1.925872e+05	-6.023396e-02	1.631286e-01	0.000000e+00	-2.521509e+03	1.951087e+05
6.830600e-01	2.177426e+05	-6.042825e-02	1.634192e-01	0.000000e+00	-6.782899e+02	2.184208e+05
6.842500e-01	2.181880e+05	-6.062290e-02	1.637279e-01	0.000000e+00	-1.705245e+03	2.198932e+05
6.854400e-01	2.072626e+05	-6.081792e-02	1.640292e-01	0.000000e+00	-1.924767e+03	2.091873e+05
6.866300e-01	2.099257e+05	-6.101329e-02	1.643246e-01	0.000000e+00	-2.672972e+03	2.125986e+05
6.878200e-01	1.922720e+05	-6.120902e-02	1.646095e-01	0.000000e+00	-4.282780e+03	1.965547e+05
6.890100e-01	2.194455e+05	-6.140506e-02	1.649010e-01	0.000000e+00	-1.840943e+03	2.212864e+05
6.902000e-01	2.150585e+05	-6.160148e-02	1.652087e-01	0.000000e+00	-1.467456e+03	2.165260e+05
6.913900e-01	2.202425e+05	-6.179826e-02	1.655170e-01	0.000000e+00	-2.064913e+03	2.223074e+05
6.925800e-01	2.113068e+05	-6.199541e-02	1.658226e-01	0.000000e+00	-1.859832e+03	2.131666e+05
6.937700e-01	2.093981e+05	-6.219292e-02	1.661205e-01	0.000000e+00	-1.750476e+03	2.111486e+05
6.949600e-01	1.949829e+05	-6.239078e-02	1.664069e-01	0.000000e+00	-2.728481e+03	1.977113e+05
6.961500e-01	2.208069e+05	-6.258897e-02	1.667013e-01	0.000000e+00	-3.912116e+02	2.211981e+05
6.973400e-01	2.075598e+05	-6.278753e-02	1.670047e-01	0.000000e+00	-1.217887e+03	2.087777e+05
6.985300e-01	1.909817e+05	-6.298644e-02	1.672869e-01	0.000000e+00	-1.248583e+03	1.922303e+05
6.997200e-01	2.036457e+05	-6.318567e-02	1.675664e-01	0.000000e+00	-6.556365e+02	2.043013e+05
7.009100e-01	2.006737e+05	-6.338524e-02	1.678527e-01	0.000000e+00	-7.515349e+02	2.014252e+05
7.021000e-01	2.069297e+05	-6.358516e-02	1.681414e-01	0.000000e+00	-2.703528e+03	2.096333e+05
7.032900e-01	2.126917e+05	-6.378542e-02	1.684385e-01	0.000000e+00	-1.372604e+03	2.140643e+05
7.044800e-01	2.086426e+05	-6.398604e-02	1.687369e-01	0.000000e+00	-2.765186e+03	2.114078e+05
7.056700e-01	2.056224e+05	-6.418701e-02	1.690303e-01	0.000000e+00	-1.049746e+03	2.066722e+05
7.068600e-01	1.869571e+05	-6.438833e-02	1.693083e-01	0.000000e+00	-8.024241e+02	1.877596e+05
7.080500e-01	1.957782e+05	-6.458997e-02	1.695793e-01	0.000000e+00	-3.791208e+01	1.958161e+05
7.092400e-01	2.141614e+05	-6.479193e-02	1.698696e-01	0.000000e+00	-8.658095e+02	2.150272e+05
7.104300e-01	2.173286e+05	-6.499426e-02	1.701752e-01	0.000000e+00	-2.236693e+03	2.195653e+05
7.116200e-01	2.102046e+05	-6.519695e-02	1.704780e-01	0.000000e+00	-1.796174e+03	2.120008e+05
7.128100e-01	2.145309e+05	-6.540000e-02	1.707787e-01	0.000000e+00	-3.438903e+02	2.148748e+05
7.140000e-01	2.251844e+05	-6.560340e-02	1.710901e-01	0.000000e+00	-2.018025e+03	2.272025e+05
7.151900e-01	2.172466e+05	-6.580719e-02	1.714034e-01	0.000000e+00	-2.307339e+03	2.195539e+05
7.163800e-01	2.025125e+05	-6.601134e-02	1.717007e-01	0.000000e+00	-2.948573e+03	2.054611e+05
7.175700e-01	2.089506e+05	-6.621584e-02	1.719921e-01	0.000000e+00	-3.444440e+03	2.123951e+05
7.187600e-01	2.131309e+05	-6.642068e-02	1.722910e-01	0.000000e+00	-2.209788e+03	2.153407e+05
7.199500e-01	2.252040e+05	-6.662589e-02	1.726014e-01	0.000000e+00	-1.817114e+03	2.270211e+05
7.211400e-01	2.022917e+05	-6.683148e-02	1.729041e-01	0.000000e+00	-2.036037e+03	2.043277e+05
7.223300e-01	2.179154e+05	-6.703740e-02	1.732017e-01	0.000000e+00	-1.617887e+03	2.195333e+05
7.235200e-01	2.219591e+05	-6.724370e-02	1.735132e-01	0.000000e+00	-2.588536e+03	2.245476e+05
7.247100e-01	2.124518e+05	-6.745036e-02	1.738209e-01	0.000000e+00	-1.874680e+03	2.143265e+05
7.259000e-01	2.171488e+05	-6.765739e-02	1.741251e-01	0.000000e+00	-4.664435e+02	2.176153e+05
7.270900e-01	2.218141e+05	-6.786478e-02	1.744359e-01	0.000000e+00	-3.181543e+02	2.221323e+05
7.282800e-01	2.202864e+05	-6.807255e-02	1.747490e-01	0.000000e+00	-1.833716e+03	2.221201e+05
7.294700e-01	2.100131e+05	-6.828068e-02	1.750537e-01	0.000000e+00	-5.331085e+02	2.105462e+05
7.306600e-01	2.043647e+05	-6.848918e-02	1.753472e-01	0.000000e+00	-1.876955e+03	2.062417e+05
7.318500e-01	2.104721e+05	-6.869801e-02	1.756410e-01	0.000000e+00	-3.760633e+03	2.142328e+05
7.330400e-01	2.088620e+05	-6.890720e-02	1.759379e-01	0.000000e+00	-1.985641e+03	2.108477e+05
7.342300e-01	1.991099e+05	-6.911674e-02	1.762268e-01	0.000000e+00	-1.456497e+03	2.005664e+05
7.354200e-01	2.122320e+05	-6.932662e-02	1.765181e-01	0.000000e+00	-1.573575e+03	2.138056e+05
7.366100e-01	2.090449e+05	-6.953686e-02	1.768165e-01	0.000000e+00	-3.475747e+03	2.125206e+05
7.378000e-01	2.191807e+05	-6.974744e-02	1.771197e-01	0.000000e+00	-1.673367e+03	2.208541e+05
7.389900e-01	2.037871e+05	-6.995840e-02	1.774192e-01	0.000000e+00	-6.991315e+02	2.044863e+05
7.401800e-01	2.047285e+05	-7.016970e-02	1.777085e-01	0.000000e+00	-2.619159e+03	2.073476e+05
7.413700e-01	2.217236e+05	-7.038135e-02	1.780105e-01	0.000000e+00	-8.833901e+02	2.226070e+05
7.425600e-01	2.173684e+05	-7.059337e-02	1.783215e-01	0.000000e+00	-1.659059e+03	2.190275e+05
7.437500e-01	2.131106e+05	-7.080575e-02	1.786263e-01	0.000000e+00	-3.504093e+03	2.166147e+05
7.449400e-01	2.099075e+05	-7.101850e-02	1.789259e-01	0.000000e+00	-3.051174e+03	2.129587e+05
7.461300e-01	2.119041e+05	-7.123160e-02	1.792246e-01	0.000000e+00	-1.678160e+03	2.135822e+05
7.473200e-01	2.134782e+05	-7.144505e-02	1.795259e-01	0.000000e+00	-4.383727e+02	2.139166e+05
7.485100e-01	2.312437e+05	-7.165887e-02	1.798408e-01	0.000000e+00	-2.685850e+03	2.339295e+05
7.497000e-01	2.035324e+05	-7.187307e-02	1.801487e-01	0.000000e+00	-2.141496e+03	2.056739e+05
7.508900e-01	1.975934e+05	-7.208762e-02	1.804328e-01	0.000000e+00	-8.081822e+02	1.984016e+05
7.520800e-01	2.085948e+05	-7.230250e-02	1.807204e-01	0.000000e+00	-4.338853e+01	2.086382e+05
7.532700e-01	2.173224e+05	-7.251774e-02	1.810220e-01	0.000000e+00	-2.338202e+03	2.196607e+05
7.544600e-01	2.151840e+05	-7.273334e-02	1.813283e-01	0.000000e+00	-1.790950e+03	2.169749e+05
7.556500e-01	2.073194e+05	-7.294930e-02	1.816275e-01	0.000000e+00	-4.200523e+03	2.115199e+05
7.568400e-01	2.198200e+05	-7.316561e-02	1.819300e-01	0.000000e+00	-2.500160e+03	2.223202e+05
7.580300e-01	2.161300e+05	-7.338229e-02	1.822387e-01	0.000000e+00	-2.826453e+03	2.189565e+05
7.592200e-01	2.184308e+05	-7.359934e-02	1.825465e-01	0.000000e+00	-2.231020e+03	2.206618e+05
7.604100e-01	2.181627e+05	-7.381675e-02	1.828556e-01	0.000000e+00	-1.553665e+03	2.197164e+05
7.616000e-01	2.180674e+05	-7.403453e-02	1.831646e-01	0.000000e+00	-4.051338e+02	2.184726e+05
7.627900e-01	2.035394e+05	-7.425268e-02	1.834631e-01	0.000000e+00	-1.089945e+03	2.046294e+05
7.639800e-01	2.075313e+05	-7.447118e-02	1.837542e-01	0.000000e+00	-1.620468e+03	2.091518e+05
7.651700e-01	1.993850e+05	-7.469002e-02	1.840424e-01	0.000000e+00	-1.722851e+03	2.011078e+05
7.663600e-01	1.950698e+05	-7.490920e-02	1.843217e-01	0.000000e+00	-7.906367e+02	1.958605e+05
7.675500e-01	2.069056e+05	-7.512870e-02	1.846064e-01	0.000000e+00	-2.236398e+03	2.091420e+05
7.687400e-01	2.075347e+05	-7.534856e-02	1.848999e-01	0.000000e+00	-1.540961e+03	2.090756e+05
7.699300e-01	2.328163e+05	-7.556877e-02	1.852117e-01	0.000000e+00	-9.835346e+02	2.337998e+05
7.711200e-01	2.230336e+05	-7.578936e-02	1.855346e-01	0.000000e+00	-1.616223e+03	2.246498e+05
7.723100e-01	2.113629e+05	-7.601034e-02	1.858422e-01	0.000000e+00	-2.669220e+03	2.140321e+05
7.735000e-01	2.116569e+05	-7.623167e-02	1.861417e-01	0.000000e+00	-2.294048e+03	2.139509e+05
7.746900e-01	2.151380e+05	-7.645336e-02	1.864440e-01	0.000000e+00	-5.862688e+02	2.157243e+05
7.758800e-01	1.870860e+05	-7.667540e-02	1.867288e-01	0.000000e+00	-1.579963e+03	1.886660e+05
7.770700e-01	2.107624e+05	-7.689777e-02	1.870106e-01	0.000000e+00	-2.510404e+03	2.132728e+05
7.782600e-01	2.088126e+05	-7.712049e-02	1.873077e-01	0.000000e+00	-2.964334e+03	2.117770e+05
7.794500e-01	1.950828e+05	-7.734356e-02	1.875937e-01	0.000000e+00	-1.614874e+03	1.966977e+05
7.806400e-01	1.976119e+05	-7.756696e-02	1.878718e-01	0.000000e+00	-2.094771e+03	1.997067e+05
7.818300e-01	2.102607e+05	-7.779070e-02	1.881607e-01	0.000000e+00	-1.248308e+03	2.115090e+05
7.830200e-01	2.118169e+05	-7.801479e-02	1.884596e-01	0.000000e+00	-1.713715e+03	2.135306e+05
7.842100e-01	2.028500e+05	-7.823923e-02	1.887532e-01	0.000000e+00	-2.712284e+03	2.055623e+05
7.854000e-01	2.293348e+05	-7.846402e-02	1.890593e-01	0.000000e+00	-3.265873e+03	2.326006e+05
7.865900e-01	2.061393e+05	-7.868919e-02	1.893677e-01	0.000000e+00	-2.581534e+03	2.087209e+05
7.877800e-01	1.866394e+05	-7.891471e-02	1.896458e-01	0.000000e+00	-1.778738e+03	1.884182e+05
7.889700e-01	2.171555e+05	-7.914055e-02	1.899318e-01	0.000000e+00	-1.312690e+03	2.184682e+05
7.901600e-01	2.061870e+05	-7.936675e-02	1.902316e-01	0.000000e+00	-3.692226e+03	2.098792e+05
7.913500e-01	1.898913e+05	-7.959330e-02	1.905120e-01	0.000000e+00	-1.663246e+03	1.915546e+05
7.925400e-01	1.966152e+05	-7.982017e-02	1.907858e-01	0.000000e+00	-1.974292e+03	1.985895e+05
7.937300e-01	2.159736e+05	-8.004737e-02	1.910779e-01	0.000000e+00	-1.160260e+03	2.171339e+05
7.949200e-01	2.213200e+05	-8.027493e-02	1.913876e-01	0.000000e+00	0.000000e+00	2.213200e+05
7.961100e-01	2.262191e+05	-8.050287e-02	1.917045e-01	0.000000e+00	-2.291759e+03	2.285108e+05
7.973000e-01	1.896668e+05	-8.073119e-02	1.919991e-01	0.000000e+00	-4.685587e+03	1.943524e+05
7.984900e-01	1.901615e+05	-8.095983e-02	1.922680e-01	0.000000e+00	-2.709351e+03	1.928708e+05
7.996800e-01	2.237828e+05	-8.118879e-02	1.925612e-01	0.000000e+00	-2.191255e+03	2.259741e+05
8.008700e-01	1.976031e+05	-8.141813e-02	1.928596e-01	0.000000e+00	-4.280390e+03	2.018835e+05
8.020600e-01	2.053963e+05	-8.164780e-02	1.931450e-01	0.000000e+00	-3.133267e+03	2.085295e+05
8.032500e-01	2.138688e+05	-8.187781e-02	1.934419e-01	0.000000e+00	-1.272365e+03	2.151412e+05
8.044400e-01	2.213802e+05	-8.210819e-02	1.937501e-01	0.000000e+00	-1.075954e+03	2.224562e+05
8.056300e-01	2.192044e+05	-8.233894e-02	1.940621e-01	0.000000e+00	-1.049147e+03	2.202535e+05
8.068200e-01	2.244219e+05	-8.257005e-02	1.943763e-01	0.000000e+00	-2.040708e+03	2.264626e+05
8.080100e-01	2.043826e+05	-8.280155e-02	1.946799e-01	0.000000e+00	-2.906254e+03	2.072888e+05
8.092000e-01	2.219223e+05	-8.303339e-02	1.949818e-01	0.000000e+00	-2.112640e+03	2.240349e+05
8.103900e-01	2.358697e+05	-8.326561e-02	1.953060e-01	0.000000e+00	-2.024177e+03	2.378938e+05
8.115800e-01	2.063143e+05	-8.349822e-02	1.956192e-01	0.000000e+00	-1.361091e+03	2.076753e+05
8.127700e-01	1.935295e+05	-8.373118e-02	1.959023e-01	0.000000e+00	-8.034602e+02	1.943330e+05
8.139600e-01	2.009341e+05	-8.396447e-02	1.961817e-01	0.000000e+00	-1.811627e+03	2.027458e+05
8.151500e-01	2.131861e+05	-8.419809e-02	1.964749e-01	0.000000e+00	-4.431746e+02	2.136293e+05
8.163400e-01	2.113959e+05	-8.443208e-02	1.967756e-01	0.000000e+00	-2.607289e+03	2.140032e+05
8.175300e-01	2.179565e+05	-8.466642e-02	1.970797e-01	0.000000e+00	-2.424064e+03	2.203806e+05
8.187200e-01	2.124180e+05	-8.490113e-02	1.973844e-01	0.000000e+00	-2.194663e+03	2.146126e+05
8.199100e-01	2.061282e+05	-8.513620e-02	1.976808e-01	0.000000e+00	-2.776476e+03	2.089047e+05
8.211000e-01	2.106992e+05	-8.537161e-02	1.979760e-01	0.000000e+00	-2.282523e+03	2.129817e+05
8.222900e-01	1.774241e+05	-8.560738e-02	1.982509e-01	0.000000e+00	-2.537776e+03	1.799619e+05
8.234800e-01	1.993941e+05	-8.584345e-02	1.985177e-01	0.000000e+00	-1.896566e+03	2.012906e+05
8.246700e-01	2.256289e+05	-8.607985e-02	1.988187e-01	0.000000e+00	-3.086585e+03	2.287155e+05
8.258600e-01	2.094880e+05	-8.631663e-02	1.991268e-01	0.000000e+00	-1.769507e+03	2.112575e+05
8.270500e-01	2.124026e+05	-8.655377e-02	1.994256e-01	0.000000e+00	-1.055874e+03	2.134585e+05
8.282400e-01	2.149514e+05	-8.679127e-02	1.997283e-01	0.000000e+00	-3.795886e+02	2.153310e+05
8.294300e-01	2.149476e+05	-8.702913e-02	2.000327e-01	0.000000e+00	-2.026447e+03	2.169741e+05
8.306200e-01	2.115329e+05	-8.726735e-02	2.003347e-01	0.000000e+00	-2.632386e+03	2.141653e+05
8.318100e-01	2.168465e+05	-8.750592e-02	2.006381e-01	0.000000e+00	-1.191596e+02	2.169656e+05
8.330000e-01	2.251768e+05	-8.774486e-02	2.009511e-01	0.000000e+00	-1.565108e+03	2.267419e+05
8.341900e-01	2.182215e+05	-8.798419e-02	2.012651e-01	0.000000e+00	-4.009679e+02	2.186225e+05
8.353800e-01	2.301501e+05	-8.822388e-02	2.015826e-01	0.000000e+00	-1.476715e+03	2.316268e+05
8.365700e-01	2.355389e+05	-8.846395e-02	2.019124e-01	0.000000e+00	-1.146973e+03	2.366859e+05
8.377600e-01	2.258312e+05	-8.870443e-02	2.022391e-01	0.000000e+00	-1.524490e+03	2.273557e+05
8.389500e-01	2.159633e+05	-8.894528e-02	2.025520e-01	0.000000e+00	-1.500532e+03	2.174638e+05
8.401400e-01	2.181220e+05	-8.918650e-02	2.028594e-01	0.000000e+00	-1.150190e+03	2.192722e+05
8.413300e-01	2.235827e+05	-8.942809e-02	2.031722e-01	0.000000e+00	-1.664762e+03	2.252475e+05
8.425200e-01	2.205447e+05	-8.967005e-02	2.034867e-01	0.000000e+00	-1.825033e+03	2.223697e+05
8.437100e-01	2.049183e+05	-8.991239e-02	2.037880e-01	0.000000e+00	-1.491287e+03	2.064096e+05
8.449000e-01	2.337556e+05	-9.015507e-02	2.040987e-01	0.000000e+00	-1.108064e+03	2.348637e+05
8.460900e-01	2.246021e+05	-9.039814e-02	2.044233e-01	0.000000e+00	-1.819161e+02	2.247840e+05
8.472800e-01	2.145282e+05	-9.064159e-02	2.047342e-01	0.000000e+00	-2.068468e+03	2.165966e+05
8.484700e-01	2.095111e+05	-9.088541e-02	2.050345e-01	0.000000e+00	-4.269904e+02	2.099381e+05
8.496600e-01	2.105718e+05	-9.112958e-02	2.053320e-01	0.000000e+00	-5.909221e+02	2.111627e+05
8.508500e-01	2.210426e+05	-9.137410e-02	2.056377e-01	0.000000e+00	-1.791121e+03	2.228337e+05
8.520400e-01	2.230918e+05	-9.161899e-02	2.059522e-01	0.000000e+00	-1.819637e+03	2.249114e+05
8.532300e-01	2.181828e+05	-9.186426e-02	2.062647e-01	0.000000e+00	-8.303539e+02	2.190132e+05
8.544200e-01	2.174846e+05	-9.210990e-02	2.065732e-01	0.000000e+00	-1.155563e+03	2.186402e+05
8.556100e-01	1.899955e+05	-9.235591e-02	2.068618e-01	0.000000e+00	-3.705350e+03	1.937009e+05
8.568000e-01	2.251816e+05	-9.260223e-02	2.071558e-01	0.000000e+00	-3.385020e+03	2.285667e+05
8.579900e-01	2.118170e+05	-9.284894e-02	2.074652e-01	0.000000e+00	-1.592385e+03	2.134094e+05
8.591800e-01	2.255595e+05	-9.309600e-02	2.077750e-01	0.000000e+00	-5.771941e+02	2.261367e+05
8.603700e-01	2.215963e+05	-9.334344e-02	2.080916e-01	0.000000e+00	-2.094405e+03	2.236907e+05
8.615600e-01	2.225949e+05	-9.359126e-02	2.084062e-01	0.000000e+00	-7.778644e+02	2.233728e+05
8.627500e-01	2.167242e+05	-9.383945e-02	2.087173e-01	0.000000e+00	-6.940761e+02	2.174183e+05
8.639400e-01	2.138626e+05	-9.408801e-02	2.090222e-01	0.000000e+00	-3.138397e+02	2.141764e+05
8.651300e-01	2.130591e+05	-9.433692e-02	2.093246e-01	0.000000e+00	-8.734764e+02	2.139325e+05
8.663200e-01	2.090130e+05	-9.458620e-02	2.096235e-01	0.000000e+00	-1.945758e+03	2.109588e+05
8.675100e-01	2.114412e+05	-9.483583e-02	2.099212e-01	0.000000e+00	-1.832307e+03	2.132735e+05
8.687000e-01	2.200318e+05	-9.508581e-02	2.102268e-01	0.000000e+00	-2.071147e+03	2.221029e+05
8.698900e-01	2.072276e+05	-9.533617e-02	2.105293e-01	0.000000e+00	0.000000e+00	2.072276e+05
8.710800e-01	1.940159e+05	-9.558687e-02	2.108135e-01	0.000000e+00	-1.535931e+03	1.955518e+05
8.722700e-01	2.220195e+05	-9.583790e-02	2.111081e-01	0.000000e+00	-9.850773e+02	2.230046e+05
8.734600e-01	2.176367e+05	-9.608931e-02	2.114195e-01	0.000000e+00	-1.374058e+03	2.190108e+05
8.746500e-01	2.033756e+05	-9.634108e-02	2.117176e-01	0.000000e+00	-2.078474e+03	2.054541e+05
8.758400e-01	2.235604e+05	-9.659320e-02	2.120199e-01	0.000000e+00	-1.319947e+03	2.248804e+05
8.770300e-01	2.271289e+05	-9.684569e-02	2.123391e-01	0.000000e+00	-1.044791e+03	2.281736e+05
8.782200e-01	2.272601e+05	-9.709856e-02	2.126609e-01	0.000000e+00	-1.109007e+03	2.283691e+05
8.794100e-01	2.259974e+05	-9.735182e-02	2.129819e-01	0.000000e+00	-2.027291e+03	2.280247e+05
8.806000e-01	2.044871e+05	-9.760546e-02	2.132867e-01	0.000000e+00	-2.887994e+03	2.073751e+05
8.817900e-01	2.130754e+05	-9.785944e-02	2.135824e-01	0.000000e+00	-2.034118e+03	2.151095e+05
8.829800e-01	2.118677e+05	-9.811379e-02	2.138834e-01	0.000000e+00	-1.312066e+03	2.131798e+05
8.841700e-01	2.235734e+05	-9.836849e-02	2.141917e-01	0.000000e+00	-7.786426e+02	2.243520e+05
8.853600e-01	2.248646e+05	-9.862356e-02	2.145093e-01	0.000000e+00	-1.175365e+03	2.260400e+05
8.865500e-01	2.306979e+05	-9.887902e-02	2.148319e-01	0.000000e+00	-5.053077e+02	2.312032e+05
8.877400e-01	2.275942e+05	-9.913486e-02	2.151565e-01	0.000000e+00	-6.037341e+02	2.281979e+05
8.889300e-01	2.085448e+05	-9.939109e-02	2.154653e-01	0.000000e+00	-2.887789e+02	2.088336e+05
8.901200e-01	2.260837e+05	-9.964767e-02	2.157731e-01	0.000000e+00	-3.185122e+03	2.292689e+05
8.913100e-01	1.924090e+05	-9.990463e-02	2.160695e-01	0.000000e+00	-2.859860e+03	1.952688e+05
8.925000e-01	2.147665e+05	-1.001619e-01	2.163578e-01	0.000000e+00	-2.652885e+03	2.174194e+05
8.936900e-01	2.407688e+05	-1.004196e-01	2.166804e-01	0.000000e+00	-2.653977e+03	2.434228e+05
8.948800e-01	2.166762e+05	-1.006776e-01	2.170043e-01	0.000000e+00	-3.606850e+02	2.170369e+05
8.960700e-01	2.184646e+05	-1.009360e-01	2.173125e-01	0.000000e+00	0.000000e+00	2.184646e+05
8.972600e-01	2.297473e+05	-1.011948e-01	2.176299e-01	0.000000e+00	-1.131847e+03	2.308792e+05
8.984500e-01	2.165355e+05	-1.014540e-01	2.179459e-01	0.000000e+00	-2.922198e+03	2.194577e+05
8.996400e-01	2.210360e+05	-1.017135e-01	2.182558e-01	0.000000e+00	-2.550403e+03	2.235864e+05
9.008300e-01	2.314075e+05	-1.019734e-01	2.185762e-01	0.000000e+00	-5.900880e+02	2.319976e+05
9.020200e-01	2.104483e+05	-1.022337e-01	2.188891e-01	0.000000e+00	-1.017372e+03	2.114657e+05
9.032100e-01	2.294002e+05	-1.024944e-01	2.192006e-01	0.000000e+00	-1.216322e+03	2.306165e+05
9.044000e-01	2.157190e+05	-1.027554e-01	2.195158e-01	0.000000e+00	-2.745890e+03	2.184649e+05
9.055900e-01	2.228187e+05	-1.030168e-01	2.198264e-01	0.000000e+00	-1.251592e+03	2.240703e+05
9.067800e-01	2.232459e+05	-1.032786e-01	2.201423e-01	0.000000e+00	-5.108593e+02	2.237568e+05
9.079700e-01	2.093220e+05	-1.035408e-01	2.204486e-01	0.000000e+00	-1.212145e+03	2.105341e+05
9.091600e-01	1.990484e+05	-1.038033e-01	2.207378e-01	0.000000e+00	-1.330849e+03	2.003792e+05
9.103500e-01	2.101184e+05	-1.040661e-01	2.210276e-01	0.000000e+00	-1.175535e+03	2.112939e+05
9.115400e-01	2.214355e+05	-1.043293e-01	2.213332e-01	0.000000e+00	-2.350459e+03	2.237859e+05
9.127300e-01	2.054143e+05	-1.045929e-01	2.216355e-01	0.000000e+00	-1.397747e+03	2.068121e+05
9.139200e-01	2.249128e+05	-1.048568e-01	2.219402e-01	0.000000e+00	-4.454340e+02	2.253583e+05
9.151100e-01	2.300996e+05	-1.051211e-01	2.222624e-01	0.000000e+00	-1.611927e+03	2.317115e+05
9.163000e-01	2.339770e+05	-1.053858e-01	2.225911e-01	0.000000e+00	-1.933266e+03	2.359102e+05
9.174900e-01	2.353066e+05	-1.056509e-01	2.229234e-01	0.000000e+00	-6.564871e+02	2.359631e+05
9.186800e-01	2.209301e+05	-1.059164e-01	2.232465e-01	0.000000e+00	-3.626792e+02	2.212928e+05
9.198700e-01	2.184441e+05	-1.061822e-01	2.235576e-01	0.000000e+00	-2.222289e+03	2.206664e+05
9.210600e-01	2.158615e+05	-1.064484e-01	2.238652e-01	0.000000e+00	-1.095876e+03	2.169573e+05
9.222500e-01	2.149792e+05	-1.067150e-01	2.241703e-01	0.000000e+00	-3.205882e+03	2.181851e+05
9.234400e-01	2.276909e+05	-1.069820e-01	2.244838e-01	0.000000e+00	-1.538218e+03	2.292291e+05
9.246300e-01	1.989390e+05	-1.072493e-01	2.247859e-01	0.000000e+00	-1.505545e+03	2.004445e+05
9.258200e-01	2.235427e+05	-1.075170e-01	2.250851e-01	0.000000e+00	-8.329536e+02	2.243757e+05
9.270100e-01	2.237124e+05	-1.077850e-01	2.254018e-01	0.000000e+00	-6.593441e+02	2.243718e+05
9.282000e-01	2.047340e+05	-1.080534e-01	2.257052e-01	0.000000e+00	-1.696273e+03	2.064303e+05
9.293900e-01	2.203810e+05	-1.083222e-01	2.260063e-01	0.000000e+00	-2.281639e+03	2.226626e+05
9.305800e-01	2.187705e+05	-1.085913e-01	2.263173e-01	0.000000e+00	-1.646270e+03	2.204168e+05
9.317700e-01	2.026570e+05	-1.088608e-01	2.266157e-01	0.000000e+00	-1.055478e+03	2.037125e+05
9.329600e-01	2.108865e+05	-1.091307e-01	2.269086e-01	0.000000e+00	-1.310444e+03	2.121969e+05
9.341500e-01	1.964438e+05	-1.094009e-01	2.271970e-01	0.000000e+00	-2.371781e+03	1.988156e+05
9.353400e-01	1.954664e+05	-1.096714e-01	2.274746e-01	0.000000e+00	-6.406737e+01	1.955305e+05
9.365300e-01	2.296585e+05	-1.099422e-01	2.277756e-01	0.000000e+00	-1.353784e+03	2.310123e+05
9.377200e-01	2.083707e+05	-1.102135e-01	2.280858e-01	0.000000e+00	-2.210619e+03	2.105813e+05
9.389100e-01	1.970388e+05	-1.104851e-01	2.283729e-01	0.000000e+00	-1.292178e+03	1.983309e+05
9.401000e-01	2.025760e+05	-1.107570e-01	2.286559e-01	0.000000e+00	-1.347319e+03	2.039233e+05
9.412900e-01	2.237861e+05	-1.110293e-01	2.289578e-01	0.000000e+00	-2.591081e+03	2.263772e+05
9.424800e-01	2.214789e+05	-1.113019e-01	2.292732e-01	0.000000e+00	-2.858655e+03	2.243376e+05
9.436700e-01	2.151103e+05	-1.115750e-01	2.295823e-01	0.000000e+00	-2.665050e+03	2.177753e+05
9.448600e-01	2.234371e+05	-1.118483e-01	2.298929e-01	0.000000e+00	-9.885604e+02	2.244257e+05
9.460500e-01	2.308613e+05	-1.121221e-01	2.302146e-01	0.000000e+00	-1.416998e+03	2.322783e+05
9.472400e-01	2.189860e+05	-1.123963e-01	2.305332e-01	0.000000e+00	-1.409201e+03	2.203952e+05
9.484300e-01	2.326497e+05	-1.126708e-01	2.308530e-01	0.000000e+00	-3.289227e+03	2.359390e+05
9.496200e-01	2.209055e+05	-1.129457e-01	2.311742e-01	0.000000e+00	-8.686392e+02	2.217741e+05
9.508100e-01	2.272179e+05	-1.132210e-01	2.314916e-01	0.000000e+00	-1.896731e+03	2.291146e+05
9.520000e-01	2.158099e+05	-1.134966e-01	2.318053e-01	0.000000e+00	-2.054799e+03	2.178647e+05
9.531900e-01	2.330460e+05	-1.137727e-01	2.321232e-01	0.000000e+00	-1.154999e+03	2.342010e+05
9.543800e-01	2.242184e+05	-1.140491e-01	2.324470e-01	0.000000e+00	-2.421051e+03	2.266395e+05
9.555700e-01	2.301215e+05	-1.143259e-01	2.327687e-01	0.000000e+00	-4.332087e+02	2.305547e+05
9.567600e-01	2.083024e+05	-1.146031e-01	2.330792e-01	0.000000e+00	-6.908442e+02	2.089932e+05
9.579500e-01	2.193414e+05	-1.148806e-01	2.333820e-01	0.000000e+00	-9.898280e+02	2.203313e+05
9.591400e-01	2.081661e+05	-1.151585e-01	2.336848e-01	0.000000e+00	-6.425868e+02	2.088087e+05
9.603300e-01	2.120209e+05	-1.154368e-01	2.339824e-01	0.000000e+00	-2.317376e+03	2.143383e+05
9.615200e-01	2.175395e+05	-1.157154e-01	2.342866e-01	0.000000e+00	-2.736498e+03	2.202760e+05
9.627100e-01	2.217735e+05	-1.159944e-01	2.345977e-01	0.000000e+00	-3.178302e+03	2.249518e+05
9.639000e-01	2.426282e+05	-1.162737e-01	2.349265e-01	0.000000e+00	-3.277385e+03	2.459055e+05
9.650900e-01	2.263651e+05	-1.165535e-01	2.352587e-01	0.000000e+00	-6.532248e+02	2.270183e+05
9.662800e-01	2.102148e+05	-1.168337e-01	2.355678e-01	0.000000e+00	-1.757254e+03	2.119720e+05
9.674700e-01	2.229071e+05	-1.171142e-01	2.358745e-01	0.000000e+00	-1.270238e+03	2.241774e+05
9.686600e-01	2.275232e+05	-1.173950e-01	2.361935e-01	0.000000e+00	-1.404692e+03	2.289279e+05
9.698500e-01	2.270309e+05	-1.176763e-01	2.365154e-01	0.000000e+00	-7.672424e+02	2.277982e+05
9.710400e-01	2.302389e+05	-1.179579e-01	2.368392e-01	0.000000e+00	-4.825959e+02	2.307214e+05
9.722300e-01	2.102758e+05	-1.182400e-01	2.371512e-01	0.000000e+00	0.000000e+00	2.102758e+05
9.734200e-01	2.067535e+05	-1.185224e-01	2.374465e-01	0.000000e+00	-1.094853e+02	2.068630e+05
9.746100e-01	2.054310e+05	-1.188051e-01	2.377384e-01	0.000000e+00	-8.846572e+02	2.063157e+05
9.758000e-01	2.343316e+05	-1.190882e-01	2.380498e-01	0.000000e+00	-1.951059e+03	2.362826e+05
9.769900e-01	2.152495e+05	-1.193717e-01	2.383682e-01	0.000000e+00	-8.633126e+02	2.161129e+05
9.781800e-01	2.262723e+05	-1.196555e-01	2.386809e-01	0.000000e+00	-3.931662e+02	2.266655e+05
9.793700e-01	2.255231e+05	-1.199397e-01	2.390008e-01	0.000000e+00	-6.724732e+02	2.261956e+05
9.805600e-01	2.045629e+05	-1.202243e-01	2.393054e-01	0.000000e+00	-1.839038e+03	2.064019e+05
9.817500e-01	2.276018e+05	-1.205093e-01	2.396115e-01	0.000000e+00	-1.486376e+03	2.290882e+05
9.829400e-01	2.137195e+05	-1.207946e-01	2.399240e-01	0.000000e+00	-2.204448e+03	2.159239e+05
9.841300e-01	1.915281e+05	-1.210803e-01	2.402110e-01	0.000000e+00	-2.189540e+03	1.937176e+05
9.853200e-01	2.163485e+05	-1.213663e-01	2.404998e-01	0.000000e+00	-1.433167e+03	2.177817e+05
9.865100e-01	2.065871e+05	-1.216527e-01	2.407993e-01	0.000000e+00	-1.099326e+03	2.076864e+05
9.877000e-01	2.186846e+05	-1.219394e-01	2.411005e-01	0.000000e+00	-1.725860e+02	2.188572e+05
9.888900e-01	2.337992e+05	-1.222265e-01	2.414209e-01	0.000000e+00	-9.574709e+02	2.347567e+05
9.900800e-01	2.321222e+05	-1.225140e-01	2.417509e-01	0.000000e+00	-1.390952e+03	2.335132e+05
9.912700e-01	2.095493e+05	-1.228019e-01	2.420636e-01	0.000000e+00	-1.559695e+02	2.097053e+05
9.924600e-01	2.106538e+05	-1.230901e-01	2.423612e-01	0.000000e+00	-1.377862e+03	2.120316e+05
9.936500e-01	2.017836e+05	-1.233787e-01	2.426533e-01	0.000000e+00	-2.614540e+03	2.043981e+05
9.948400e-01	2.334643e+05	-1.236676e-01	2.429615e-01	0.000000e+00	-1.356385e+03	2.348207e+05
9.960300e-01	2.318792e+05	-1.239569e-01	2.432911e-01	0.000000e+00	-6.548123e+02	2.325340e+05
9.972200e-01	2.273855e+05	-1.242466e-01	2.436163e-01	0.000000e+00	-5.631206e+02	2.279486e+05
9.984100e-01	2.214448e+05	-1.245367e-01	2.439341e-01	0.000000e+00	-6.287442e+02	2.220735e+05
9.996000e-01	2.082616e+05	-1.248272e-01	2.442384e-01	0.000000e+00	-2.222861e+03	2.104845e+05
1.000790e+00	2.084343e+05	-1.251180e-01	2.445335e-01	0.000000e+00	-2.566389e+03	2.110007e+05
1.001980e+00	2.175997e+05	-1.254092e-01	2.448352e-01	0.000000e+00	-3.366017e+03	2.209657e+05
1.003170e+00	2.292962e+05	-1.257007e-01	2.451517e-01	0.000000e+00	-1.723439e+03	2.310196e+05
1.004360e+00	2.263685e+05	-1.259927e-01	2.454744e-01	0.000000e+00	-2.348030e+03	2.287166e+05
1.005550e+00	2.275094e+05	-1.262850e-01	2.457958e-01	0.000000e+00	-2.919730e+03	2.304292e+05
1.006740e+00	2.121278e+05	-1.265777e-01	2.461071e-01	0.000000e+00	-8.089235e+02	2.129367e+05
1.007930e+00	2.125889e+05	-1.268707e-01	2.464079e-01	0.000000e+00	-7.119356e+02	2.133008e+05
1.009120e+00	2.195409e+05	-1.271641e-01	2.467139e-01	0.000000e+00	-1.936260e+03	2.214772e+05
1.010310e+00	2.019405e+05	-1.274579e-01	2.470124e-01	0.000000e+00	-1.562485e+03	2.035030e+05
1.011500e+00	2.256586e+05	-1.277520e-01	2.473152e-01	0.000000e+00	-1.470257e+03	2.271289e+05
1.012690e+00	2.356496e+05	-1.280465e-01	2.476419e-01	0.000000e+00	-1.025853e+03	2.366755e+05
1.013880e+00	2.205350e+05	-1.283414e-01	2.479650e-01	0.000000e+00	-1.078823e+03	2.216138e+05
1.015070e+00	2.116512e+05	-1.286366e-01	2.482710e-01	0.000000e+00	-1.984933e+02	2.118497e+05
1.016260e+00	2.069266e+05	-1.289323e-01	2.485674e-01	0.000000e+00	-6.418429e+02	2.075684e+05
1.017450e+00	2.128047e+05	-1.292282e-01	2.488647e-01	0.000000e+00	0.000000e+00	2.128047e+05
1.018640e+00	2.171839e+05	-1.295246e-01	2.491692e-01	0.000000e+00	-5.649584e+02	2.177488e+05
1.019830e+00	2.175098e+05	-1.298213e-01	2.494770e-01	0.000000e+00	-1.226230e+03	2.187360e+05
1.021020e+00	2.133846e+05	-1.301183e-01	2.497822e-01	0.000000e+00	-1.902228e+03	2.152869e+05
1.022210e+00	2.251040e+05	-1.304157e-01	2.500927e-01	0.000000e+00	-1.917553e+03	2.270215e+05
1.023400e+00	2.068409e+05	-1.307135e-01	2.503986e-01	0.000000e+00	-4.145213e+02	2.072555e+05
1.024590e+00	2.200016e+05	-1.310117e-01	2.507008e-01	0.000000e+00	-1.246287e+03	2.212479e+05
1.025780e+00	2.191761e+05	-1.313102e-01	2.510119e-01	0.000000e+00	-1.165156e+03	2.203413e+05
1.026970e+00	2.141500e+05	-1.316091e-01	2.513187e-01	0.000000e+00	-8.067647e+02	2.149568e+05
1.028160e+00	2.135238e+05	-1.319083e-01	2.516216e-01	0.000000e+00	-7.767911e+02	2.143006e+05
1.029350e+00	2.130767e+05	-1.322080e-01	2.519237e-01	0.000000e+00	-5.919020e+02	2.136686e+05
1.030540e+00	2.170929e+05	-1.325079e-01	2.522283e-01	0.000000e+00	-1.667005e+03	2.187599e+05
1.031730e+00	2.121334e+05	-1.328083e-01	2.525323e-01	0.000000e+00	-1.096684e+03	2.132301e+05
1.032920e+00	2.207557e+05	-1.331090e-01	2.528388e-01	0.000000e+00	-1.384524e+03	2.221402e+05
1.034110e+00	2.408181e+05	-1.334100e-01	2.531657e-01	0.000000e+00	-3.654469e+02	2.411836e+05
1.035300e+00	2.196667e+05	-1.337115e-01	2.534918e-01	0.000000e+00	-1.061956e+03	2.207287e+05
1.036490e+00	2.167530e+05	-1.340133e-01	2.538009e-01	0.000000e+00	-1.254051e+03	2.180071e+05
1.037680e+00	2.310377e+05	-1.343155e-01	2.541180e-01	0.000000e+00	-1.045337e+03	2.320831e+05
1.038870e+00	2.227316e+05	-1.346181e-01	2.544393e-01	0.000000e+00	0.000000e+00	2.227316e+05
1.040060e+00	2.234235e+05	-1.349211e-01	2.547553e-01	0.000000e+00	-1.645248e+03	2.250688e+05
1.041250e+00	2.250923e+05	-1.352244e-01	2.550729e-01	0.000000e+00	-1.739134e+03	2.268314e+05
1.042440e+00	2.101206e+05	-1.355282e-01	2.553811e-01	0.000000e+00	-1.505728e+03	2.116263e+05
1.043630e+00	2.259865e+05	-1.358323e-01	2.556899e-01	0.000000e+00	-1.605181e+03	2.275916e+05
1.044820e+00	2.290318e+05	-1.361367e-01	2.560122e-01	0.000000e+00	-2.277311e+03	2.313091e+05
1.046010e+00	2.244514e+05	-1.364416e-01	2.563333e-01	0.000000e+00	-1.093673e+03	2.255451e+05
1.047200e+00	2.251901e+05	-1.367468e-01	2.566517e-01	0.000000e+00	-2.177590e+02	2.254078e+05
1.048390e+00	2.248263e+05	-1.370524e-01	2.569704e-01	0.000000e+00	-1.796705e+03	2.266230e+05
1.049580e+00	2.074001e+05	-1.373584e-01	2.572765e-01	0.000000e+00	-2.181628e+03	2.095817e+05
1.050770e+00	2.178467e+05	-1.376647e-01	2.575776e-01	0.000000e+00	-2.233470e+02	2.180700e+05
1.051960e+00	2.239860e+05	-1.379714e-01	2.578905e-01	0.000000e+00	-5.769493e+02	2.245629e+05
1.053150e+00	2.539258e+05	-1.382785e-01	2.582290e-01	0.000000e+00	-6.889893e+02	2.546148e+05
1.054340e+00	2.180457e+05	-1.385860e-01	2.585632e-01	0.000000e+00	-4.147337e+02	2.184604e+05
1.055530e+00	2.549489e+05	-1.388939e-01	2.588982e-01	0.000000e+00	-8.498330e+02	2.557988e+05
1.056720e+00	2.395382e+05	-1.392022e-01	2.592483e-01	0.000000e+00	-8.308392e+02	2.403690e+05
1.057910e+00	2.245331e+05	-1.395109e-01	2.595770e-01	0.000000e+00	-7.228470e+02	2.252559e+05
1.059100e+00	2.232883e+05	-1.398200e-01	2.598941e-01	0.000000e+00	-2.280686e+03	2.255690e+05
1.060290e+00	2.337538e+05	-1.401294e-01	2.602178e-01	0.000000e+00	-3.578114e+02	2.341116e+05
1.061480e+00	2.337284e+05	-1.404393e-01	2.605488e-01	0.000000e+00	-1.592563e+03	2.353210e+05
1.062670e+00	2.123033e+05	-1.407495e-01	2.608647e-01	0.000000e+00	-1.025013e+03	2.133283e+05
1.063860e+00	2.111874e+05	-1.410601e-01	2.611646e-01	0.000000e+00	-7.670157e+02	2.119544e+05
1.065050e+00	2.416886e+05	-1.413711e-01	2.614853e-01	0.000000e+00	-3.057875e+03	2.447464e+05
1.066240e+00	2.286955e+05	-1.416825e-01	2.618184e-01	0.000000e+00	-1.682122e+03	2.303776e+05
1.067430e+00	2.298414e+05	-1.419942e-01	2.621431e-01	0.000000e+00	-2.328922e+03	2.321704e+05
1.068620e+00	2.178424e+05	-1.423064e-01	2.624602e-01	0.000000e+00	-1.761994e+03	2.196044e+05
1.069810e+00	2.180573e+05	-1.426189e-01	2.627689e-01	0.000000e+00	-1.229873e+03	2.192871e+05
1.071000e+00	2.123729e+05	-1.429318e-01	2.630737e-01	0.000000e+00	-2.238071e+02	2.125967e+05
1.072190e+00	2.113791e+05	-1.432450e-01	2.633738e-01	0.000000e+00	-6.165290e+02	2.119956e+05
1.073380e+00	2.337727e+05	-1.435586e-01	2.636890e-01	0.000000e+00	-6.376036e+02	2.344103e+05
1.074570e+00	1.995262e+05	-1.438726e-01	2.639958e-01	0.000000e+00	-2.804046e+02	1.998066e+05
1.075760e+00	2.148348e+05	-1.441869e-01	2.642893e-01	0.000000e+00	-7.939576e+02	2.156287e+05
1.076950e+00	2.135766e+05	-1.445016e-01	2.645927e-01	0.000000e+00	-1.960240e+03	2.155368e+05
1.078140e+00	2.303933e+05	-1.448166e-01	2.649071e-01	0.000000e+00	-2.705743e+03	2.330990e+05
1.079330e+00	2.088705e+05	-1.451321e-01	2.652181e-01	0.000000e+00	-3.447405e+02	2.092153e+05
1.080520e+00	2.112457e+05	-1.454479e-01	2.655157e-01	0.000000e+00	-3.731416e+02	2.116188e+05
1.081710e+00	2.015973e+05	-1.457640e-01	2.658080e-01	0.000000e+00	-1.320264e+03	2.029176e+05
1.082900e+00	1.979606e+05	-1.460805e-01	2.660910e-01	0.000000e+00	-2.397697e+03	2.003583e+05
1.084090e+00	2.175109e+05	-1.463973e-01	2.663852e-01	0.000000e+00	-2.483661e+03	2.199945e+05
1.085280e+00	2.102625e+05	-1.467145e-01	2.666881e-01	0.000000e+00	-1.224046e+03	2.114865e+05
1.086470e+00	2.256678e+05	-1.470320e-01	2.669968e-01	0.000000e+00	-1.444888e+03	2.271127e+05
1.087660e+00	2.100411e+05	-1.473499e-01	2.673054e-01	0.000000e+00	-8.067809e+01	2.101218e+05
1.088850e+00	2.205075e+05	-1.476682e-01	2.676103e-01	0.000000e+00	-7.596580e+02	2.212672e+05
1.090040e+00	2.177734e+05	-1.479868e-01	2.679207e-01	0.000000e+00	-2.433471e+01	2.177977e+05
1.091230e+00	2.229746e+05	-1.483059e-01	2.682328e-01	0.000000e+00	-1.895334e+03	2.248699e+05
1.092420e+00	2.186981e+05	-1.486252e-01	2.685456e-01	0.000000e+00	-1.441676e+03	2.201398e+05
1.093610e+00	2.127693e+05	-1.489450e-01	2.688511e-01	0.000000e+00	-4.052644e+02	2.131745e+05
1.094800e+00	2.143859e+05	-1.492651e-01	2.691536e-01	0.000000e+00	-4.350717e+02	2.148210e+05
1.095990e+00	2.204165e+05	-1.495856e-01	2.694615e-01	0.000000e+00	0.000000e+00	2.204165e+05
1.097180e+00	2.405785e+05	-1.499064e-01	2.697880e-01	0.000000e+00	-7.903556e+02	2.413688e+05
1.098370e+00	2.236052e+05	-1.502277e-01	2.701167e-01	0.000000e+00	-4.998050e+01	2.236551e+05
1.099560e+00	2.315766e+05	-1.505493e-01	2.704390e-01	0.000000e+00	-1.316114e+02	2.317082e+05
1.100750e+00	2.201800e+05	-1.508713e-01	2.707590e-01	0.000000e+00	-7.087248e+02	2.208887e+05
1.101940e+00	2.351670e+05	-1.511937e-01	2.710814e-01	0.000000e+00	-5.200863e+01	2.352190e+05
1.103130e+00	2.292129e+05	-1.515165e-01	2.714103e-01	0.000000e+00	-7.883275e+02	2.300013e+05
1.104320e+00	2.328441e+05	-1.518397e-01	2.717375e-01	0.000000e+00	0.000000e+00	2.328441e+05
1.105510e+00	2.165434e+05	-1.521632e-01	2.720557e-01	0.000000e+00	-7.933108e+02	2.173367e+05
1.106700e+00	2.151386e+05	-1.524872e-01	2.723614e-01	0.000000e+00	-4.702537e+01	2.151856e+05
1.107890e+00	2.134564e+05	-1.528114e-01	2.726649e-01	0.000000e+00	-2.010035e+03	2.154664e+05
1.109080e+00	2.270685e+05	-1.531361e-01	2.729769e-01	0.000000e+00	-3.157432e+03	2.302260e+05
1.110270e+00	2.327399e+05	-1.534611e-01	2.733025e-01	0.000000e+00	-1.094307e+03	2.338342e+05
1.111460e+00	2.134961e+05	-1.537866e-01	2.736185e-01	0.000000e+00	-1.414243e+03	2.149103e+05
1.112650e+00	2.315926e+05	-1.541123e-01	2.739337e-01	0.000000e+00	-7.273444e+02	2.323200e+05
1.113840e+00	2.124456e+05	-1.544385e-01	2.742482e-01	0.000000e+00	-2.124406e+03	2.145700e+05
1.115030e+00	2.372084e+05	-1.547651e-01	2.745666e-01	0.000000e+00	-1.236939e+03	2.384453e+05
1.116220e+00	2.234337e+05	-1.550920e-01	2.748928e-01	0.000000e+00	-7.567388e+02	2.241904e+05
1.117410e+00	2.141970e+05	-1.554193e-01	2.752027e-01	0.000000e+00	-8.359732e+01	2.142806e+05
1.118600e+00	2.161566e+05	-1.557470e-01	2.755075e-01	0.000000e+00	-1.145735e+03	2.173024e+05
1.119790e+00	2.114885e+05	-1.560750e-01	2.758103e-01	0.000000e+00	-5.349373e+02	2.120234e+05
1.120980e+00	2.330044e+05	-1.564034e-01	2.761251e-01	0.000000e+00	-1.173523e+02	2.331217e+05
1.122170e+00	2.276415e+05	-1.567322e-01	2.764513e-01	0.000000e+00	-1.563320e+03	2.292049e+05
1.123360e+00	2.074598e+05	-1.570614e-01	2.767595e-01	0.000000e+00	-1.583108e+03	2.090429e+05
1.124550e+00	2.126082e+05	-1.573909e-01	2.770569e-01	0.000000e+00	-9.379002e+02	2.135461e+05
1.125740e+00	2.102960e+05	-1.577207e-01	2.773564e-01	0.000000e+00	-2.957566e+02	2.105917e+05
1.126930e+00	2.266621e+05	-1.580510e-01	2.776659e-01	0.000000e+00	-7.832641e+02	2.274454e+05
1.128120e+00	2.440651e+05	-1.583816e-01	2.779992e-01	0.000000e+00	-6.016516e+02	2.446668e+05
1.129310e+00	2.296716e+05	-1.587126e-01	2.783347e-01	0.000000e+00	0.000000e+00	2.296716e+05
1.130500e+00	2.280269e+05	-1.590440e-01	2.786588e-01	0.000000e+00	0.000000e+00	2.280269e+05
1.131690e+00	2.376941e+05	-1.593758e-01	2.789886e-01	0.000000e+00	0.000000e+00	2.376941e+05
1.132880e+00	2.247638e+05	-1.597080e-01	2.793161e-01	0.000000e+00	0.000000e+00	2.247638e+05
1.134070e+00	2.439762e+05	-1.600406e-01	2.796481e-01	0.000000e+00	-5.181276e+02	2.444943e+05
1.135260e+00	2.290190e+05	-1.603736e-01	2.799830e-01	0.000000e+00	-3.583610e+02	2.293773e+05
1.136450e+00	2.056718e+05	-1.607070e-01	2.802909e-01	0.000000e+00	-8.041837e+02	2.064760e+05
1.137640e+00	2.143895e+05	-1.610407e-01	2.805883e-01	0.000000e+00	0.000000e+00	2.143895e+05
1.138830e+00	2.014330e+05	-1.613748e-01	2.808828e-01	0.000000e+00	0.000000e+00	2.014330e+05
1.140020e+00	2.190426e+05	-1.617092e-01	2.811806e-01	0.000000e+00	-5.850691e+02	2.196277e+05
1.141210e+00	2.443411e+05	-1.620440e-01	2.815087e-01	0.000000e+00	-2.552670e+02	2.445964e+05
1.142400e+00	2.279738e+05	-1.623792e-01	2.818432e-01	0.000000e+00	-1.433103e+03	2.294069e+05
1.143590e+00	2.316972e+05	-1.627148e-01	2.821687e-01	0.000000e+00	-1.087905e+03	2.327851e+05
1.144780e+00	2.199760e+05	-1.630507e-01	2.824886e-01	0.000000e+00	-3.659428e+02	2.203419e+05
1.145970e+00	2.196130e+05	-1.633871e-01	2.827999e-01	0.000000e+00	-4.743933e+02	2.200874e+05
1.147160e+00	2.431590e+05	-1.637238e-01	2.831276e-01	0.000000e+00	-2.335618e+02	2.433926e+05
1.148350e+00	2.280717e+05	-1.640609e-01	2.834613e-01	0.000000e+00	-1.497680e+03	2.295694e+05
1.149540e+00	2.299858e+05	-1.643984e-01	2.837857e-01	0.000000e+00	-8.633793e+02	2.308492e+05
1.150730e+00	2.384122e+05	-1.647363e-01	2.841174e-01	0.000000e+00	-7.667233e+02	2.391789e+05
1.151920e+00	2.312435e+05	-1.650746e-01	2.844500e-01	0.000000e+00	-5.659491e+02	2.318095e+05
1.153110e+00	2.373704e+05	-1.654133e-01	2.847818e-01	0.000000e+00	-2.743870e+02	2.376448e+05
1.154300e+00	2.139217e+05	-1.657524e-01	2.851014e-01	0.000000e+00	0.000000e+00	2.139217e+05
1.155490e+00	2.167971e+05	-1.660919e-01	2.854065e-01	0.000000e+00	0.000000e+00	2.167971e+05
1.156680e+00	2.128479e+05	-1.664317e-01	2.857107e-01	0.000000e+00	-4.623978e+00	2.128525e+05
1.157870e+00	2.405644e+05	-1.667719e-01	2.860318e-01	0.000000e+00	-8.357122e+02	2.414001e+05
1.159060e+00	2.287984e+05	-1.671124e-01	2.863642e-01	0.000000e+00	-7.527660e+02	2.295512e+05
1.160250e+00	2.117590e+05	-1.674534e-01	2.866762e-01	0.000000e+00	-6.544429e+02	2.124135e+05
1.161440e+00	2.181673e+05	-1.677947e-01	2.869806e-01	0.000000e+00	-2.734634e+02	2.184408e+05
1.162630e+00	2.318117e+05	-1.681364e-01	2.872993e-01	0.000000e+00	0.000000e+00	2.318117e+05
1.163820e+00	2.130132e+05	-1.684785e-01	2.876143e-01	0.000000e+00	0.000000e+00	2.130132e+05
1.165010e+00	2.034143e+05	-1.688209e-01	2.879092e-01	0.000000e+00	0.000000e+00	2.034143e+05
1.166200e+00	2.341101e+05	-1.691637e-01	2.882190e-01	0.000000e+00	-2.979033e+01	2.341399e+05
1.167390e+00	2.375372e+05	-1.695069e-01	2.885530e-01	0.000000e+00	-8.105458e+02	2.383477e+05
1.168580e+00	2.221512e+05	-1.698505e-01	2.888786e-01	0.000000e+00	0.000000e+00	2.221512e+05
1.169770e+00	2.415359e+05	-1.701944e-01	2.892069e-01	0.000000e+00	0.000000e+00	2.415359e+05
1.170960e+00	2.313173e+05	-1.705388e-01	2.895418e-01	0.000000e+00	0.000000e+00	2.313173e+05
1.172150e+00	2.215730e+05	-1.708835e-01	2.898625e-01	0.000000e+00	0.000000e+00	2.215730e+05
1.173340e+00	2.272299e+05	-1.712287e-01	2.901804e-01	0.000000e+00	0.000000e+00	2.272299e+05
1.174530e+00	2.222348e+05	-1.715742e-01	2.904986e-01	0.000000e+00	0.000000e+00	2.222348e+05
1.175720e+00	2.315689e+05	-1.719200e-01	2.908200e-01	0.000000e+00	0.000000e+00	2.315689e+05
1.176910e+00	2.165460e+05	-1.722663e-01	2.911374e-01	0.000000e+00	-7.431134e+02	2.172891e+05
1.178100e+00	2.230390e+05	-1.726130e-01	2.914487e-01	0.000000e+00	-1.159191e+03	2.241982e+05
1.179290e+00	2.185016e+05	-1.729600e-01	2.917613e-01	0.000000e+00	-7.385264e+02	2.192401e+05
1.180480e+00	2.128307e+05	-1.733073e-01	2.920668e-01	0.000000e+00	-7.205134e+02	2.135512e+05
1.181670e+00	2.319945e+05	-1.736551e-01	2.923818e-01	0.000000e+00	0.000000e+00	2.319945e+05
1.182860e+00	2.414394e+05	-1.740032e-01	2.927171e-01	0.000000e+00	-1.021707e+02	2.415416e+05
1.184050e+00	2.274735e+05	-1.743518e-01	2.930491e-01	0.000000e+00	-7.381655e+02	2.282117e+05
1.185240e+00	2.134623e+05	-1.747007e-01	2.933614e-01	0.000000e+00	0.000000e+00	2.134623e+05
1.186430e+00	2.136877e+05	-1.750500e-01	2.936639e-01	0.000000e+00	0.000000e+00	2.136877e+05
1.187620e+00	2.280493e+05	-1.753996e-01	2.939767e-01	0.000000e+00	-2.848441e+02	2.283342e+05
1.188810e+00	2.121964e+05	-1.757496e-01	2.942885e-01	0.000000e+00	-5.554920e+02	2.127518e+05
1.190000e+00	1.130545e+05	-1.761000e-01	2.945188e-01	0.000000e+00	0.000000e+00	1.130545e+05
