#x	rho	phi	ex	bz	rhok[0]	rhok[1]
0.000000e+00	-1.659722e+03	0.000000e+00	5.194828e-02	0.000000e+00	-2.304112e+03	6.443902e+02
1.190000e-03	-3.761627e+03	-6.181705e-05	5.194444e-02	0.000000e+00	-7.612447e+03	3.850820e+03
2.380000e-03	-2.438539e+03	-1.236278e-04	5.194005e-02	0.000000e+00	-7.097987e+03	4.659448e+03
3.570000e-03	1.141857e+03	-1.854344e-04	5.193913e-02	0.000000e+00	-5.391657e+03	6.533514e+03
4.760000e-03	2.987529e+03	-2.472429e-04	5.194205e-02	0.000000e+00	-6.955122e+03	9.942651e+03
5.950000e-03	6.857347e+03	-3.090564e-04	5.194902e-02	0.000000e+00	-4.986682e+03	1.184403e+04
7.140000e-03	1.003683e+04	-3.708816e-04	5.196099e-02	0.000000e+00	-4.270637e+03	1.430746e+04
8.330000e-03	1.286277e+04	-4.327236e-04	5.197721e-02	0.000000e+00	-6.573693e+03	1.943647e+04
9.520000e-03	1.857809e+04	-4.945873e-04	5.199947e-02	0.000000e+00	-6.637109e+03	2.521520e+04
1.071000e-02	2.065142e+04	-5.564823e-04	5.202725e-02	0.000000e+00	-3.624965e+03	2.427638e+04
1.190000e-02	9.243002e+03	-6.184122e-04	5.204842e-02	0.000000e+00	-4.509954e+03	1.375296e+04
1.309000e-02	2.121341e+04	-6.803576e-04	5.206999e-02	0.000000e+00	-5.330520e+03	2.654393e+04
1.428000e-02	2.533070e+04	-7.423388e-04	5.210295e-02	0.000000e+00	-4.229559e+03	2.956026e+04
1.547000e-02	1.941105e+04	-8.043626e-04	5.213464e-02	0.000000e+00	-4.365625e+03	2.377668e+04
1.666000e-02	3.486076e+04	-8.664192e-04	5.217307e-02	0.000000e+00	-5.931380e+03	4.079214e+04
1.785000e-02	2.996013e+04	-9.285345e-04	5.221897e-02	0.000000e+00	-1.010795e+04	4.006808e+04
1.904000e-02	2.309563e+04	-9.907003e-04	5.225654e-02	0.000000e+00	-7.836273e+03	3.093190e+04
2.023000e-02	2.434554e+04	-1.052905e-03	5.229014e-02	0.000000e+00	-7.691076e+03	3.203662e+04
2.142000e-02	3.022136e+04	-1.115151e-03	5.232878e-02	0.000000e+00	-4.995809e+03	3.521717e+04
2.261000e-02	2.771480e+04	-1.177448e-03	5.236981e-02	0.000000e+00	-5.588983e+03	3.330378e+04
2.380000e-02	2.297098e+04	-1.239791e-03	5.240571e-02	0.000000e+00	-7.931154e+03	3.090213e+04
2.499000e-02	2.926934e+04	-1.302173e-03	5.244270e-02	0.000000e+00	-4.953538e+03	3.422287e+04
2.618000e-02	3.495678e+04	-1.364605e-03	5.248818e-02	0.000000e+00	-4.185164e+03	3.914194e+04
2.737000e-02	3.112111e+04	-1.427095e-03	5.253498e-02	0.000000e+00	-6.723480e+03	3.784459e+04
2.856000e-02	3.702494e+04	-1.489638e-03	5.258324e-02	0.000000e+00	-5.962651e+03	4.298759e+04
2.975000e-02	4.504101e+04	-1.552243e-03	5.264135e-02	0.000000e+00	-3.350216e+03	4.839123e+04
3.094000e-02	3.332561e+04	-1.614924e-03	5.269685e-02	0.000000e+00	-7.315898e+03	4.064151e+04
3.213000e-02	4.439664e+04	-1.677662e-03	5.275189e-02	0.000000e+00	-4.718594e+03	4.911523e+04
3.332000e-02	3.735756e+04	-1.740474e-03	5.280978e-02	0.000000e+00	-2.910171e+03	4.026773e+04
3.451000e-02	4.360197e+04	-1.803349e-03	5.286712e-02	0.000000e+00	-5.540092e+03	4.914206e+04
3.570000e-02	4.210722e+04	-1.866298e-03	5.292781e-02	0.000000e+00	-3.988151e+03	4.609537e+04
3.689000e-02	2.862455e+04	-1.929317e-03	5.297790e-02	0.000000e+00	-7.943963e+03	3.656851e+04
3.808000e-02	3.664029e+04	-1.992385e-03	5.302412e-02	0.000000e+00	-8.047492e+03	4.468779e+04
3.927000e-02	5.181021e+04	-2.055515e-03	5.308676e-02	0.000000e+00	-5.838021e+03	5.764824e+04
4.046000e-02	4.976935e+04	-2.118731e-03	5.315869e-02	0.000000e+00	-6.450760e+03	5.622011e+04
4.165000e-02	4.853752e+04	-2.182032e-03	5.322831e-02	0.000000e+00	-5.635514e+03	5.417304e+04
4.284000e-02	4.984421e+04	-2.245415e-03	5.329798e-02	0.000000e+00	-4.743862e+03	5.458807e+04
4.403000e-02	4.581619e+04	-2.308881e-03	5.336572e-02	0.000000e+00	-5.985694e+03	5.180189e+04
4.522000e-02	5.187411e+04	-2.372425e-03	5.343491e-02	0.000000e+00	-8.347399e+03	6.022151e+04
4.641000e-02	6.501110e+04	-2.436056e-03	5.351768e-02	0.000000e+00	-2.362918e+03	6.737402e+04
4.760000e-02	5.463398e+04	-2.499797e-03	5.360241e-02	0.000000e+00	-4.677889e+03	5.931186e+04
4.879000e-02	5.239197e+04	-2.563630e-03	5.367820e-02	0.000000e+00	-4.210028e+03	5.660200e+04
4.998000e-02	4.232011e+04	-2.627551e-03	5.374527e-02	0.000000e+00	-4.989875e+03	4.730999e+04
5.117000e-02	5.721575e+04	-2.691544e-03	5.381576e-02	0.000000e+00	-2.836183e+03	6.005193e+04
5.236000e-02	5.240024e+04	-2.755633e-03	5.389339e-02	0.000000e+00	-8.089050e+03	6.048929e+04
5.355000e-02	4.324583e+04	-2.819810e-03	5.396112e-02	0.000000e+00	-6.675629e+03	4.992146e+04
5.474000e-02	4.378317e+04	-2.884060e-03	5.402275e-02	0.000000e+00	-7.133027e+03	5.091620e+04
5.593000e-02	5.670817e+04	-2.948384e-03	5.409391e-02	0.000000e+00	-4.362007e+03	6.107018e+04
5.712000e-02	6.558848e+04	-3.012804e-03	5.418052e-02	0.000000e+00	-5.589342e+03	7.117783e+04
5.831000e-02	5.848892e+04	-3.077334e-03	5.426839e-02	0.000000e+00	-1.014285e+04	6.863177e+04
5.950000e-02	4.777028e+04	-3.141963e-03	5.434364e-02	0.000000e+00	-6.813660e+03	5.458394e+04
6.069000e-02	6.049549e+04	-3.206672e-03	5.442031e-02	0.000000e+00	-5.270007e+03	6.576550e+04
6.188000e-02	6.180463e+04	-3.271483e-03	5.450692e-02	0.000000e+00	-4.689069e+03	6.649370e+04
6.307000e-02	5.544444e+04	-3.336398e-03	5.458995e-02	0.000000e+00	-3.517629e+03	5.896207e+04
6.426000e-02	6.008877e+04	-3.401407e-03	5.467176e-02	0.000000e+00	-5.056456e+03	6.514523e+04
6.545000e-02	5.933920e+04	-3.466517e-03	5.475634e-02	0.000000e+00	-6.807306e+03	6.614651e+04
6.664000e-02	6.479857e+04	-3.531727e-03	5.484425e-02	0.000000e+00	-4.944482e+03	6.974306e+04
6.783000e-02	5.870434e+04	-3.597046e-03	5.493171e-02	0.000000e+00	-5.171407e+03	6.387575e+04
6.902000e-02	6.051500e+04	-3.662465e-03	5.501614e-02	0.000000e+00	-7.042772e+03	6.755777e+04
7.021000e-02	6.705140e+04	-3.727985e-03	5.510647e-02	0.000000e+00	-5.067235e+03	7.211864e+04
7.140000e-02	7.519003e+04	-3.793618e-03	5.520720e-02	0.000000e+00	-5.242421e+03	8.043245e+04
7.259000e-02	7.632269e+04	-3.859378e-03	5.531450e-02	0.000000e+00	-5.569824e+03	8.189252e+04
7.378000e-02	6.062245e+04	-3.925267e-03	5.541148e-02	0.000000e+00	-6.299489e+03	6.692194e+04
7.497000e-02	6.621225e+04	-3.991257e-03	5.550130e-02	0.000000e+00	-4.049177e+03	7.026143e+04
7.616000e-02	6.428823e+04	-4.057360e-03	5.559372e-02	0.000000e+00	-5.421647e+03	6.970988e+04
7.735000e-02	7.194119e+04	-4.123570e-03	5.569019e-02	0.000000e+00	-7.932884e+03	7.987407e+04
7.854000e-02	6.378805e+04	-4.189902e-03	5.578631e-02	0.000000e+00	-6.258169e+03	7.004622e+04
7.973000e-02	7.264636e+04	-4.256342e-03	5.588292e-02	0.000000e+00	-4.498473e+03	7.714483e+04
8.092000e-02	6.338587e+04	-4.322904e-03	5.597926e-02	0.000000e+00	-4.147669e+03	6.753354e+04
8.211000e-02	7.127180e+04	-4.389572e-03	5.607462e-02	0.000000e+00	-2.792408e+03	7.406421e+04
8.330000e-02	8.248712e+04	-4.456361e-03	5.618350e-02	0.000000e+00	-4.212159e+03	8.669928e+04
8.449000e-02	7.086837e+04	-4.523289e-03	5.629211e-02	0.000000e+00	-5.336523e+03	7.620489e+04
8.568000e-02	7.715008e+04	-4.590336e-03	5.639693e-02	0.000000e+00	-3.141432e+03	8.029151e+04
8.687000e-02	7.329428e+04	-4.657514e-03	5.650347e-02	0.000000e+00	-5.214059e+03	7.850834e+04
8.806000e-02	7.743992e+04	-4.724815e-03	5.661021e-02	0.000000e+00	-5.930777e+03	8.337069e+04
8.925000e-02	8.998527e+04	-4.792246e-03	5.672878e-02	0.000000e+00	-4.821419e+03	9.480669e+04
9.044000e-02	9.094362e+04	-4.859829e-03	5.685690e-02	0.000000e+00	-3.003849e+03	9.394747e+04
9.163000e-02	8.042969e+04	-4.927566e-03	5.697826e-02	0.000000e+00	-4.176311e+03	8.460600e+04
9.282000e-02	8.104718e+04	-4.995437e-03	5.709262e-02	0.000000e+00	-3.795266e+03	8.484245e+04
9.401000e-02	8.085720e+04	-5.063446e-03	5.720727e-02	0.000000e+00	-3.683405e+03	8.454061e+04
9.520000e-02	7.849362e+04	-5.131591e-03	5.732012e-02	0.000000e+00	-7.725008e+03	8.621863e+04
9.639000e-02	7.567474e+04	-5.199868e-03	5.742929e-02	0.000000e+00	-7.197277e+03	8.287202e+04
9.758000e-02	8.322382e+04	-5.268272e-03	5.754182e-02	0.000000e+00	-5.414502e+03	8.863833e+04
9.877000e-02	9.302489e+04	-5.336817e-03	5.766663e-02	0.000000e+00	-5.125210e+03	9.815010e+04
9.996000e-02	7.540505e+04	-5.405519e-03	5.778591e-02	0.000000e+00	-4.337592e+03	7.974264e+04
1.011500e-01	7.397531e+04	-5.474348e-03	5.789170e-02	0.000000e+00	-4.103059e+03	7.807837e+04
1.023400e-01	9.737431e+04	-5.543301e-03	5.801304e-02	0.000000e+00	-4.339911e+03	1.017142e+05
1.035300e-01	8.440572e+04	-5.612419e-03	5.814177e-02	0.000000e+00	-4.842423e+03	8.924814e+04
1.047200e-01	9.160241e+04	-5.681679e-03	5.826641e-02	0.000000e+00	-4.376539e+03	9.597895e+04
1.059100e-01	9.047552e+04	-5.751093e-03	5.839535e-02	0.000000e+00	-4.375479e+03	9.485100e+04
1.071000e-01	8.991172e+04	-5.820660e-03	5.852310e-02	0.000000e+00	-4.617169e+03	9.452889e+04
1.082900e-01	9.208673e+04	-5.890378e-03	5.865198e-02	0.000000e+00	-4.754641e+03	9.684137e+04
1.094800e-01	8.757599e+04	-5.960251e-03	5.877921e-02	0.000000e+00	-4.497351e+03	9.207334e+04
1.106700e-01	8.417405e+04	-6.030272e-03	5.890084e-02	0.000000e+00	-3.110438e+03	8.728449e+04
1.118600e-01	7.542974e+04	-6.100435e-03	5.901387e-02	0.000000e+00	-2.670283e+03	7.810002e+04
1.130500e-01	1.005008e+05	-6.170725e-03	5.913845e-02	0.000000e+00	-4.869894e+03	1.053707e+05
1.142400e-01	1.046737e+05	-6.241185e-03	5.928375e-02	0.000000e+00	-5.644067e+03	1.103178e+05
1.154300e-01	1.036518e+05	-6.311821e-03	5.943128e-02	0.000000e+00	-5.188864e+03	1.088406e+05
1.166200e-01	1.002615e+05	-6.382631e-03	5.957568e-02	0.000000e+00	-6.181478e+03	1.064429e+05
1.178100e-01	9.979299e+04	-6.453611e-03	5.971736e-02	0.000000e+00	-5.283948e+03	1.050769e+05
1.190000e-01	9.153595e+04	-6.524759e-03	5.985285e-02	0.000000e+00	-6.692984e+03	9.822894e+04
1.201900e-01	9.134066e+04	-6.596061e-03	5.998235e-02	0.000000e+00	-5.641438e+03	9.698210e+04
1.213800e-01	8.300715e+04	-6.667517e-03	6.010582e-02	0.000000e+00	-6.840515e+03	8.984766e+04
1.225700e-01	9.660153e+04	-6.739113e-03	6.023301e-02	0.000000e+00	-4.877115e+03	1.014786e+05
1.237600e-01	9.298240e+04	-6.810871e-03	6.036727e-02	0.000000e+00	-1.370812e+03	9.435321e+04
1.249500e-01	1.067497e+05	-6.882787e-03	6.050871e-02	0.000000e+00	-3.635316e+03	1.103850e+05
1.261400e-01	8.734883e+04	-6.954882e-03	6.064617e-02	0.000000e+00	-5.222567e+03	9.257140e+04
1.273300e-01	8.941902e+04	-7.027125e-03	6.077135e-02	0.000000e+00	-4.609298e+03	9.402831e+04
1.285200e-01	1.012241e+05	-7.099518e-03	6.090636e-02	0.000000e+00	-5.505831e+03	1.067299e+05
1.297100e-01	1.088335e+05	-7.172082e-03	6.105511e-02	0.000000e+00	-4.110177e+03	1.129437e+05
1.309000e-01	1.045896e+05	-7.244829e-03	6.120625e-02	0.000000e+00	-5.379233e+03	1.099688e+05
1.320900e-01	1.076413e+05	-7.317753e-03	6.135654e-02	0.000000e+00	-4.041040e+03	1.116824e+05
1.332800e-01	1.025397e+05	-7.390858e-03	6.150539e-02	0.000000e+00	-2.078600e+03	1.046183e+05
1.344700e-01	9.960587e+04	-7.464135e-03	6.164854e-02	0.000000e+00	-3.319759e+03	1.029256e+05
1.356600e-01	8.670213e+04	-7.537581e-03	6.178048e-02	0.000000e+00	-5.883797e+03	9.258593e+04
1.368500e-01	1.033722e+05	-7.611173e-03	6.191508e-02	0.000000e+00	-1.434554e+03	1.048068e+05
1.380400e-01	9.967046e+04	-7.684939e-03	6.205887e-02	0.000000e+00	-4.944960e+03	1.046154e+05
1.392300e-01	9.535490e+04	-7.758873e-03	6.219698e-02	0.000000e+00	-6.504522e+03	1.018594e+05
1.404200e-01	1.017205e+05	-7.832968e-03	6.233654e-02	0.000000e+00	-3.092535e+03	1.048130e+05
1.416100e-01	9.751543e+04	-7.907234e-03	6.247763e-02	0.000000e+00	-5.213441e+03	1.027289e+05
1.428000e-01	8.862054e+04	-7.981664e-03	6.260945e-02	0.000000e+00	-8.009704e+03	9.663024e+04
1.439900e-01	1.030219e+05	-8.056244e-03	6.274516e-02	0.000000e+00	-3.179830e+03	1.062017e+05
1.451800e-01	1.126464e+05	-8.130998e-03	6.289789e-02	0.000000e+00	-6.408222e+03	1.190546e+05
1.463700e-01	1.060820e+05	-8.205941e-03	6.305278e-02	0.000000e+00	-5.604097e+03	1.116861e+05
1.475600e-01	1.098601e+05	-8.281064e-03	6.320571e-02	0.000000e+00	-6.826699e+03	1.166868e+05
1.487500e-01	1.108628e+05	-8.356371e-03	6.336202e-02	0.000000e+00	-4.085822e+03	1.149487e+05
1.499400e-01	1.142322e+05	-8.431865e-03	6.352142e-02	0.000000e+00	-4.647220e+03	1.188794e+05
1.511300e-01	1.143933e+05	-8.507552e-03	6.368332e-02	0.000000e+00	-5.257414e+03	1.196507e+05
1.523200e-01	1.048879e+05	-8.583432e-03	6.383861e-02	0.000000e+00	-4.280992e+03	1.091689e+05
1.535100e-01	1.118341e+05	-8.659488e-03	6.399209e-02	0.000000e+00	-3.304887e+03	1.151390e+05
1.547000e-01	1.100183e+05	-8.735733e-03	6.414919e-02	0.000000e+00	-3.270159e+03	1.132884e+05
1.558900e-01	1.005459e+05	-8.812163e-03	6.429831e-02	0.000000e+00	-5.866994e+03	1.064129e+05
1.570800e-01	1.034350e+05	-8.888763e-03	6.444276e-02	0.000000e+00	-2.810410e+03	1.062454e+05
1.582700e-01	1.047090e+05	-8.965537e-03	6.459016e-02	0.000000e+00	-1.945702e+03	1.066547e+05
1.594600e-01	1.012255e+05	-9.042487e-03	6.473600e-02	0.000000e+00	-2.630999e+03	1.038565e+05
1.606500e-01	1.021821e+05	-9.119608e-03	6.488004e-02	0.000000e+00	-3.355155e+03	1.055373e+05
1.618400e-01	9.229999e+04	-9.196902e-03	6.501777e-02	0.000000e+00	-3.872881e+03	9.617287e+04
1.630300e-01	1.119296e+05	-9.274351e-03	6.516240e-02	0.000000e+00	-4.790580e+03	1.167202e+05
1.642200e-01	1.117942e+05	-9.351988e-03	6.532083e-02	0.000000e+00	-4.575672e+03	1.163699e+05
1.654100e-01	1.115768e+05	-9.429814e-03	6.547901e-02	0.000000e+00	-3.178516e+03	1.147554e+05
1.666000e-01	1.109888e+05	-9.507828e-03	6.563663e-02	0.000000e+00	-5.027714e+03	1.160165e+05
1.677900e-01	1.087388e+05	-9.586029e-03	6.579223e-02	0.000000e+00	-4.824164e+03	1.135629e+05
1.689800e-01	1.131103e+05	-9.664414e-03	6.594934e-02	0.000000e+00	-3.063356e+03	1.161737e+05
1.701700e-01	1.135847e+05	-9.742989e-03	6.610987e-02	0.000000e+00	-4.261855e+03	1.178466e+05
1.713600e-01	1.136632e+05	-9.821755e-03	6.627080e-02	0.000000e+00	-3.244403e+03	1.169076e+05
1.725500e-01	1.166185e+05	-9.900713e-03	6.643388e-02	0.000000e+00	-2.008175e+03	1.186266e+05
1.737400e-01	1.098555e+05	-9.979868e-03	6.659426e-02	0.000000e+00	-3.120226e+03	1.129757e+05
1.749300e-01	1.179325e+05	-1.005921e-02	6.675557e-02	0.000000e+00	-3.691228e+03	1.216237e+05
1.761200e-01	1.193454e+05	-1.013875e-02	6.692360e-02	0.000000e+00	-4.905414e+03	1.242508e+05
1.773100e-01	1.065933e+05	-1.021849e-02	6.708361e-02	0.000000e+00	-3.253576e+03	1.098468e+05
1.785000e-01	1.099470e+05	-1.029841e-02	6.723695e-02	0.000000e+00	-3.514504e+03	1.134615e+05
1.796900e-01	1.081353e+05	-1.037851e-02	6.739139e-02	0.000000e+00	-5.785149e+03	1.139205e+05
1.808800e-01	1.203077e+05	-1.045880e-02	6.755316e-02	0.000000e+00	-5.038900e+03	1.253466e+05
1.820700e-01	1.093342e+05	-1.053929e-02	6.771579e-02	0.000000e+00	-3.756835e+03	1.130910e+05
1.832600e-01	1.219856e+05	-1.061996e-02	6.787960e-02	0.000000e+00	-5.673925e+03	1.276595e+05
1.844500e-01	1.054694e+05	-1.070084e-02	6.804068e-02	0.000000e+00	-3.515009e+03	1.089844e+05
1.856400e-01	1.242982e+05	-1.078190e-02	6.820339e-02	0.000000e+00	-4.421737e+03	1.287199e+05
1.868300e-01	1.284972e+05	-1.086316e-02	6.838241e-02	0.000000e+00	-4.413408e+03	1.329106e+05
1.880200e-01	1.250435e+05	-1.094465e-02	6.856196e-02	0.000000e+00	-5.618851e+03	1.306623e+05
1.892100e-01	1.216299e+05	-1.102634e-02	6.873665e-02	0.000000e+00	-3.270488e+03	1.249004e+05
1.904000e-01	1.159388e+05	-1.110824e-02	6.890488e-02	0.000000e+00	-3.889538e+03	1.198284e+05
1.915900e-01	1.275790e+05	-1.119033e-02	6.907733e-02	0.000000e+00	-3.019735e+03	1.305987e+05
1.927800e-01	1.415876e+05	-1.127264e-02	6.926795e-02	0.000000e+00	-1.178704e+03	1.427663e+05
1.939700e-01	1.250414e+05	-1.135519e-02	6.945677e-02	0.000000e+00	-1.962678e+03	1.270041e+05
1.951600e-01	1.235772e+05	-1.143795e-02	6.963283e-02	0.000000e+00	-4.952533e+03	1.285298e+05
1.963500e-01	1.305663e+05	-1.152092e-02	6.981280e-02	0.000000e+00	-2.867610e+03	1.334339e+05
1.975400e-01	1.110912e+05	-1.160411e-02	6.998394e-02	0.000000e+00	-2.529103e+03	1.136203e+05
1.987300e-01	1.237280e+05	-1.168748e-02	7.015023e-02	0.000000e+00	-1.299551e+03	1.250275e+05
1.999200e-01	1.146796e+05	-1.177106e-02	7.031906e-02	0.000000e+00	-2.123881e+03	1.168035e+05
2.011100e-01	1.271451e+05	-1.185484e-02	7.049031e-02	0.000000e+00	-3.736417e+03	1.308815e+05
2.023000e-01	1.081736e+05	-1.193883e-02	7.065696e-02	0.000000e+00	-3.426336e+03	1.115999e+05
2.034900e-01	1.170884e+05	-1.202300e-02	7.081648e-02	0.000000e+00	-2.899096e+03	1.199874e+05
2.046800e-01	1.359116e+05	-1.210737e-02	7.099564e-02	0.000000e+00	-2.396077e+03	1.383077e+05
2.058700e-01	1.250895e+05	-1.219197e-02	7.118048e-02	0.000000e+00	-5.667317e+03	1.307569e+05
2.070600e-01	1.220038e+05	-1.227678e-02	7.135546e-02	0.000000e+00	-6.020311e+03	1.280241e+05
2.082500e-01	1.176490e+05	-1.236180e-02	7.152517e-02	0.000000e+00	-5.214275e+03	1.228633e+05
2.094400e-01	1.123415e+05	-1.244701e-02	7.168804e-02	0.000000e+00	-3.662613e+03	1.160041e+05
2.106300e-01	1.152779e+05	-1.253242e-02	7.184924e-02	0.000000e+00	-4.342326e+03	1.196202e+05
2.118200e-01	1.164393e+05	-1.261801e-02	7.201333e-02	0.000000e+00	-3.720199e+03	1.201595e+05
2.130100e-01	1.201893e+05	-1.270381e-02	7.218090e-02	0.000000e+00	-5.097697e+03	1.252870e+05
2.142000e-01	1.514751e+05	-1.278980e-02	7.237328e-02	0.000000e+00	-3.612628e+03	1.550877e+05
2.153900e-01	1.331601e+05	-1.287606e-02	7.257485e-02	0.000000e+00	-3.689819e+03	1.368499e+05
2.165800e-01	1.319319e+05	-1.296253e-02	7.276258e-02	0.000000e+00	-5.654322e+03	1.375862e+05
2.177700e-01	1.180633e+05	-1.304923e-02	7.293962e-02	0.000000e+00	-5.743737e+03	1.238071e+05
2.189600e-01	1.164089e+05	-1.313613e-02	7.310566e-02	0.000000e+00	-6.098738e+03	1.225076e+05
2.201500e-01	1.285559e+05	-1.322322e-02	7.327914e-02	0.000000e+00	-4.671173e+03	1.332270e+05
2.213400e-01	1.188176e+05	-1.331053e-02	7.345432e-02	0.000000e+00	-3.213751e+03	1.220314e+05
2.225300e-01	1.255311e+05	-1.339804e-02	7.362736e-02	0.000000e+00	-3.428886e+03	1.289600e+05
2.237200e-01	1.212367e+05	-1.348577e-02	7.380211e-02	0.000000e+00	-2.041560e+03	1.232783e+05
2.249100e-01	1.234262e+05	-1.357369e-02	7.397537e-02	0.000000e+00	-2.880799e+03	1.263070e+05
2.261000e-01	1.246514e+05	-1.366183e-02	7.415105e-02	0.000000e+00	-2.890912e+03	1.275423e+05
2.272900e-01	1.242783e+05	-1.375017e-02	7.432734e-02	0.000000e+00	-1.126370e+03	1.254047e+05
2.284800e-01	1.333451e+05	-1.383873e-02	7.450978e-02	0.000000e+00	-7.927395e+02	1.341379e+05
2.296700e-01	1.331169e+05	-1.392751e-02	7.469848e-02	0.000000e+00	-3.221388e+03	1.363383e+05
2.308600e-01	1.209652e+05	-1.401651e-02	7.487841e-02	0.000000e+00	-3.274064e+03	1.242393e+05
2.320500e-01	1.297925e+05	-1.410572e-02	7.505599e-02	0.000000e+00	-4.308758e+03	1.341013e+05
2.332400e-01	1.271257e+05	-1.419514e-02	7.523793e-02	0.000000e+00	-2.415680e+03	1.295414e+05
2.344300e-01	1.265269e+05	-1.428478e-02	7.541755e-02	0.000000e+00	-4.763908e+03	1.312908e+05
2.356200e-01	1.301583e+05	-1.437464e-02	7.559933e-02	0.000000e+00	-3.022256e+03	1.331806e+05
2.368100e-01	1.333671e+05	-1.446471e-02	7.578595e-02	0.000000e+00	-4.073212e+03	1.374403e+05
2.380000e-01	1.209132e+05	-1.455501e-02	7.596602e-02	0.000000e+00	-3.350734e+03	1.242639e+05
2.391900e-01	1.231253e+05	-1.464551e-02	7.613884e-02	0.000000e+00	-7.745552e+03	1.308709e+05
2.403800e-01	1.269659e+05	-1.473622e-02	7.631595e-02	0.000000e+00	-7.493269e+03	1.344591e+05
2.415700e-01	1.401570e+05	-1.482714e-02	7.650511e-02	0.000000e+00	-4.365474e+03	1.445225e+05
2.427600e-01	1.417840e+05	-1.491830e-02	7.670477e-02	0.000000e+00	-7.494913e+03	1.492789e+05
2.439500e-01	1.169899e+05	-1.500970e-02	7.688803e-02	0.000000e+00	-3.723988e+03	1.207139e+05
2.451400e-01	1.285000e+05	-1.510129e-02	7.706188e-02	0.000000e+00	-5.168127e+03	1.336682e+05
2.463300e-01	1.392924e+05	-1.519311e-02	7.725152e-02	0.000000e+00	-2.587002e+03	1.418794e+05
2.475200e-01	1.243018e+05	-1.528515e-02	7.743819e-02	0.000000e+00	-1.302912e+03	1.256047e+05
2.487100e-01	1.315395e+05	-1.537741e-02	7.761936e-02	0.000000e+00	-3.828322e+03	1.353678e+05
2.499000e-01	1.346313e+05	-1.546989e-02	7.780786e-02	0.000000e+00	-4.819150e+03	1.394505e+05
2.510900e-01	1.415395e+05	-1.556259e-02	7.800343e-02	0.000000e+00	-4.108868e+03	1.456484e+05
2.522800e-01	1.334470e+05	-1.565553e-02	7.819817e-02	0.000000e+00	-4.985379e+03	1.384324e+05
2.534700e-01	1.390360e+05	-1.574870e-02	7.839113e-02	0.000000e+00	-3.109169e+03	1.421452e+05
2.546600e-01	1.326011e+05	-1.584211e-02	7.858349e-02	0.000000e+00	-4.310536e+03	1.369116e+05
2.558500e-01	1.252273e+05	-1.593573e-02	7.876608e-02	0.000000e+00	-4.611680e+03	1.298389e+05
2.570400e-01	1.253351e+05	-1.602957e-02	7.894352e-02	0.000000e+00	-6.095910e+03	1.314310e+05
2.582300e-01	1.273736e+05	-1.612362e-02	7.912248e-02	0.000000e+00	-3.570318e+03	1.309440e+05
2.594200e-01	1.197055e+05	-1.621788e-02	7.929745e-02	0.000000e+00	-5.600262e+03	1.253058e+05
2.606100e-01	1.230875e+05	-1.631234e-02	7.946939e-02	0.000000e+00	-5.637690e+03	1.287252e+05
2.618000e-01	1.250596e+05	-1.640702e-02	7.964512e-02	0.000000e+00	-3.394623e+03	1.284543e+05
2.629900e-01	1.240715e+05	-1.650190e-02	7.982154e-02	0.000000e+00	-3.981655e+03	1.280531e+05
2.641800e-01	1.376917e+05	-1.659699e-02	8.000691e-02	0.000000e+00	-1.976092e+03	1.396678e+05
2.653700e-01	1.452208e+05	-1.669232e-02	8.020726e-02	0.000000e+00	-2.002729e+03	1.472235e+05
2.665600e-01	1.432449e+05	-1.678789e-02	8.041154e-02	0.000000e+00	-3.492132e+03	1.467370e+05
2.677500e-01	1.461004e+05	-1.688370e-02	8.061645e-02	0.000000e+00	-4.142301e+03	1.502427e+05
2.689400e-01	1.375218e+05	-1.697975e-02	8.081730e-02	0.000000e+00	-7.450111e+03	1.449719e+05
2.701300e-01	1.412104e+05	-1.707604e-02	8.101469e-02	0.000000e+00	-3.450000e+03	1.446604e+05
2.713200e-01	1.436156e+05	-1.717257e-02	8.121639e-02	0.000000e+00	-1.496042e+03	1.451116e+05
2.725100e-01	1.388227e+05	-1.726934e-02	8.141640e-02	0.000000e+00	-2.834991e+03	1.416577e+05
2.737000e-01	1.450959e+05	-1.736634e-02	8.161746e-02	0.000000e+00	-2.683389e+03	1.477792e+05
2.748900e-01	1.473265e+05	-1.746359e-02	8.182455e-02	0.000000e+00	-2.345607e+03	1.496721e+05
2.760800e-01	1.467008e+05	-1.756108e-02	8.203277e-02	0.000000e+00	-4.687576e+03	1.513884e+05
2.772700e-01	1.281887e+05	-1.765882e-02	8.222743e-02	0.000000e+00	-6.338929e+03	1.345276e+05
2.784600e-01	1.270196e+05	-1.775678e-02	8.240816e-02	0.000000e+00	-3.234001e+03	1.302536e+05
2.796500e-01	1.237667e+05	-1.785496e-02	8.258576e-02	0.000000e+00	-3.812305e+03	1.275790e+05
2.808400e-01	1.280640e+05	-1.795334e-02	8.276410e-02	0.000000e+00	-4.300490e+03	1.323644e+05
2.820300e-01	1.502383e+05	-1.805193e-02	8.296118e-02	0.000000e+00	-4.182621e+03	1.544209e+05
2.832200e-01	1.493186e+05	-1.815078e-02	8.317332e-02	0.000000e+00	-4.223700e+03	1.535423e+05
2.844100e-01	1.392463e+05	-1.824989e-02	8.337767e-02	0.000000e+00	-3.493026e+03	1.427393e+05
2.856000e-01	1.571422e+05	-1.834922e-02	8.358756e-02	0.000000e+00	-1.693283e+03	1.588355e+05
2.867900e-01	1.488158e+05	-1.844882e-02	8.380423e-02	0.000000e+00	-4.775034e+03	1.535908e+05
2.879800e-01	1.573339e+05	-1.854868e-02	8.402103e-02	0.000000e+00	-3.341245e+03	1.606752e+05
2.891700e-01	1.427050e+05	-1.864879e-02	8.423351e-02	0.000000e+00	-4.377438e+03	1.470824e+05
2.903600e-01	1.460131e+05	-1.874915e-02	8.443797e-02	0.000000e+00	-3.668795e+03	1.496819e+05
2.915500e-01	1.390791e+05	-1.884976e-02	8.463986e-02	0.000000e+00	-3.424101e+03	1.425032e+05
2.927400e-01	1.301555e+05	-1.895060e-02	8.483053e-02	0.000000e+00	-3.066282e+03	1.332218e+05
2.939300e-01	1.584229e+05	-1.905165e-02	8.503489e-02	0.000000e+00	-3.811401e+03	1.622343e+05
2.951200e-01	1.538066e+05	-1.915298e-02	8.525600e-02	0.000000e+00	-1.947642e+03	1.557543e+05
2.963100e-01	1.576607e+05	-1.925456e-02	8.547657e-02	0.000000e+00	-2.945869e+03	1.606065e+05
2.975000e-01	1.467371e+05	-1.935641e-02	8.569213e-02	0.000000e+00	-1.649531e+03	1.483866e+05
2.986900e-01	1.388952e+05	-1.945851e-02	8.589441e-02	0.000000e+00	-5.647904e+03	1.445431e+05
2.998800e-01	1.379903e+05	-1.956084e-02	8.609049e-02	0.000000e+00	-6.563638e+03	1.445539e+05
3.010700e-01	1.408833e+05	-1.966341e-02	8.628797e-02	0.000000e+00	-3.966141e+03	1.448494e+05
3.022600e-01	1.418959e+05	-1.976621e-02	8.648823e-02	0.000000e+00	-1.336633e+03	1.432325e+05
3.034500e-01	1.320373e+05	-1.986925e-02	8.668222e-02	0.000000e+00	-3.300765e+03	1.353381e+05
3.046400e-01	1.372008e+05	-1.997251e-02	8.687288e-02	0.000000e+00	-4.045645e+03	1.412464e+05
3.058300e-01	1.299965e+05	-2.007601e-02	8.706210e-02	0.000000e+00	-3.411195e+03	1.334077e+05
3.070200e-01	1.366772e+05	-2.017972e-02	8.725095e-02	0.000000e+00	-2.509634e+03	1.391868e+05
3.082100e-01	1.227825e+05	-2.028366e-02	8.743469e-02	0.000000e+00	-2.881140e+03	1.256636e+05
3.094000e-01	1.293358e+05	-2.038781e-02	8.761323e-02	0.000000e+00	-2.885442e+03	1.322212e+05
3.105900e-01	1.483450e+05	-2.049218e-02	8.780988e-02	0.000000e+00	-5.048754e+03	1.533938e+05
3.117800e-01	1.441406e+05	-2.059680e-02	8.801701e-02	0.000000e+00	-2.539995e+03	1.466806e+05
3.129700e-01	1.486732e+05	-2.070166e-02	8.822437e-02	0.000000e+00	-3.058726e+03	1.517319e+05
3.141600e-01	1.523948e+05	-2.080677e-02	8.843757e-02	0.000000e+00	-2.220844e+03	1.546156e+05
3.153500e-01	1.459569e+05	-2.091214e-02	8.864885e-02	0.000000e+00	-4.315420e+03	1.502723e+05
3.165400e-01	1.381100e+05	-2.101776e-02	8.885002e-02	0.000000e+00	-1.545425e+03	1.396554e+05
3.177300e-01	1.344320e+05	-2.112361e-02	8.904302e-02	0.000000e+00	-3.824297e+03	1.382563e+05
3.189200e-01	1.411655e+05	-2.122968e-02	8.923819e-02	0.000000e+00	-2.281613e+03	1.434471e+05
3.201100e-01	1.441543e+05	-2.133599e-02	8.944025e-02	0.000000e+00	-2.053175e+03	1.462075e+05
3.213000e-01	1.545182e+05	-2.144255e-02	8.965176e-02	0.000000e+00	-5.319448e+03	1.598376e+05
3.224900e-01	1.561458e+05	-2.154936e-02	8.987176e-02	0.000000e+00	-4.398268e+03	1.605441e+05
3.236800e-01	1.566756e+05	-2.165644e-02	9.009329e-02	0.000000e+00	-3.447291e+03	1.601229e+05
3.248700e-01	1.654946e+05	-2.176379e-02	9.032144e-02	0.000000e+00	-3.302523e+03	1.687971e+05
3.260600e-01	1.438334e+05	-2.187141e-02	9.054049e-02	0.000000e+00	-5.382732e+03	1.492162e+05
3.272500e-01	1.589312e+05	-2.197927e-02	9.075490e-02	0.000000e+00	-2.710099e+03	1.616413e+05
3.284400e-01	1.560074e+05	-2.208741e-02	9.097793e-02	0.000000e+00	-4.271718e+03	1.602791e+05
3.296300e-01	1.657174e+05	-2.219580e-02	9.120576e-02	0.000000e+00	-5.552198e+03	1.712696e+05
3.308200e-01	1.644299e+05	-2.230448e-02	9.143956e-02	0.000000e+00	-2.784104e+03	1.672141e+05
3.320100e-01	1.478459e+05	-2.241343e-02	9.166070e-02	0.000000e+00	-2.480487e+03	1.503264e+05
3.332000e-01	1.521801e+05	-2.252263e-02	9.187317e-02	0.000000e+00	-4.009647e+03	1.561898e+05
3.343900e-01	1.515979e+05	-2.263208e-02	9.208829e-02	0.000000e+00	-3.423212e+03	1.550211e+05
3.355800e-01	1.597495e+05	-2.274180e-02	9.230878e-02	0.000000e+00	-3.713313e+03	1.634628e+05
3.367700e-01	1.630521e+05	-2.285178e-02	9.253738e-02	0.000000e+00	-2.855680e+03	1.659077e+05
3.379600e-01	1.527150e+05	-2.296204e-02	9.276099e-02	0.000000e+00	-1.442954e+03	1.541580e+05
3.391500e-01	1.549270e+05	-2.307255e-02	9.297885e-02	0.000000e+00	-2.157109e+03	1.570841e+05
3.403400e-01	1.618030e+05	-2.318333e-02	9.320315e-02	0.000000e+00	-2.410952e+03	1.642139e+05
3.415300e-01	1.398165e+05	-2.329437e-02	9.341675e-02	0.000000e+00	-3.413783e+03	1.432303e+05
3.427200e-01	1.440501e+05	-2.340566e-02	9.361777e-02	0.000000e+00	-1.810511e+03	1.458606e+05
3.439100e-01	1.464246e+05	-2.351718e-02	9.382347e-02	0.000000e+00	-1.408545e+03	1.478332e+05
3.451000e-01	1.484629e+05	-2.362896e-02	9.403230e-02	0.000000e+00	-3.144799e+03	1.516077e+05
3.462900e-01	1.523129e+05	-2.374098e-02	9.424530e-02	0.000000e+00	-3.840216e+03	1.561531e+05
3.474800e-01	1.562965e+05	-2.385326e-02	9.446385e-02	0.000000e+00	-4.051366e+03	1.603478e+05
3.486700e-01	1.587626e+05	-2.396581e-02	9.468696e-02	0.000000e+00	-1.953877e+03	1.607165e+05
3.498600e-01	1.467974e+05	-2.407862e-02	9.490335e-02	0.000000e+00	-2.737136e+03	1.495345e+05
3.510500e-01	1.441723e+05	-2.419168e-02	9.510940e-02	0.000000e+00	-1.023595e+03	1.451959e+05
3.522400e-01	1.586923e+05	-2.430498e-02	9.532388e-02	0.000000e+00	-4.444782e+03	1.631371e+05
3.534300e-01	1.425968e+05	-2.441855e-02	9.553724e-02	0.000000e+00	-6.377818e+03	1.489747e+05
3.546200e-01	1.400233e+05	-2.453236e-02	9.573739e-02	0.000000e+00	-3.235781e+03	1.432590e+05
3.558100e-01	1.701322e+05	-2.464640e-02	9.595703e-02	0.000000e+00	-7.501026e+02	1.708823e+05
3.570000e-01	1.645307e+05	-2.476073e-02	9.619402e-02	0.000000e+00	-1.787112e+03	1.663178e+05
3.581900e-01	1.574172e+05	-2.487534e-02	9.642202e-02	0.000000e+00	-4.385907e+03	1.618032e+05
3.593800e-01	1.697093e+05	-2.499022e-02	9.665367e-02	0.000000e+00	-2.097714e+03	1.718071e+05
3.605700e-01	1.581354e+05	-2.510538e-02	9.688584e-02	0.000000e+00	-1.662379e+03	1.597978e+05
3.617600e-01	1.719861e+05	-2.522081e-02	9.711962e-02	0.000000e+00	-3.147511e+03	1.751336e+05
3.629500e-01	1.563999e+05	-2.533652e-02	9.735217e-02	0.000000e+00	-2.932285e+03	1.593321e+05
3.641400e-01	1.342233e+05	-2.545250e-02	9.755798e-02	0.000000e+00	-5.916918e+03	1.401402e+05
3.653300e-01	1.569489e+05	-2.556871e-02	9.776418e-02	0.000000e+00	-3.814890e+03	1.607638e+05
3.665200e-01	1.617940e+05	-2.568518e-02	9.798990e-02	0.000000e+00	-3.627232e+03	1.654213e+05
3.677100e-01	1.507132e+05	-2.580193e-02	9.821121e-02	0.000000e+00	-1.907745e+03	1.526209e+05
3.689000e-01	1.600183e+05	-2.591893e-02	9.843126e-02	0.000000e+00	-4.598048e+03	1.646164e+05
3.700900e-01	1.559453e+05	-2.603619e-02	9.865501e-02	0.000000e+00	-4.385290e+03	1.603306e+05
3.712800e-01	1.568159e+05	-2.615372e-02	9.887650e-02	0.000000e+00	-1.848820e+03	1.586648e+05
3.724700e-01	1.640886e+05	-2.627152e-02	9.910375e-02	0.000000e+00	-2.660360e+03	1.667490e+05
3.736600e-01	1.474141e+05	-2.638959e-02	9.932435e-02	0.000000e+00	-3.941233e+03	1.513554e+05
3.748500e-01	1.379923e+05	-2.650791e-02	9.952646e-02	0.000000e+00	-3.454293e+03	1.414466e+05
3.760400e-01	1.631763e+05	-2.662646e-02	9.973974e-02	0.000000e+00	-1.143766e+03	1.643201e+05
3.772300e-01	1.614554e+05	-2.674529e-02	9.996963e-02	0.000000e+00	-1.087204e+03	1.625426e+05
3.784200e-01	1.497029e+05	-2.686439e-02	1.001900e-01	0.000000e+00	-2.383976e+03	1.520869e+05
3.796100e-01	1.637689e+05	-2.698374e-02	1.004120e-01	0.000000e+00	-7.334751e+02	1.645024e+05
3.808000e-01	1.636421e+05	-2.710337e-02	1.006438e-01	0.000000e+00	-1.421684e+03	1.650637e+05
3.819900e-01	1.660939e+05	-2.722328e-02	1.008773e-01	0.000000e+00	-3.471752e+03	1.695656e+05
3.831800e-01	1.537857e+05	-2.734346e-02	1.011039e-01	0.000000e+00	-3.123331e+03	1.569090e+05
3.843700e-01	1.470359e+05	-2.746390e-02	1.013169e-01	0.000000e+00	-1.823187e+03	1.488591e+05
3.855600e-01	1.616257e+05	-2.758460e-02	1.015355e-01	0.000000e+00	-2.833628e+03	1.644594e+05
3.867500e-01	1.572066e+05	-2.770556e-02	1.017613e-01	0.000000e+00	-3.258163e+03	1.604648e+05
3.879400e-01	1.558997e+05	-2.782679e-02	1.019830e-01	0.000000e+00	-4.231374e+03	1.601311e+05
3.891300e-01	1.578283e+05	-2.794828e-02	1.022052e-01	0.000000e+00	-5.089559e+03	1.629179e+05
3.903200e-01	1.462997e+05	-2.807004e-02	1.024205e-01	0.000000e+00	-3.719240e+03	1.500190e+05
3.915100e-01	1.584121e+05	-2.819204e-02	1.026363e-01	0.000000e+00	-5.284416e+03	1.636965e+05
3.927000e-01	1.585077e+05	-2.831431e-02	1.028608e-01	0.000000e+00	-4.416599e+03	1.629243e+05
3.938900e-01	1.580311e+05	-2.843685e-02	1.030849e-01	0.000000e+00	-4.898976e+03	1.629301e+05
3.950800e-01	1.572354e+05	-2.855965e-02	1.033082e-01	0.000000e+00	-8.001336e+03	1.652368e+05
3.962700e-01	1.484581e+05	-2.868272e-02	1.035247e-01	0.000000e+00	-8.473175e+03	1.569312e+05
3.974600e-01	1.483380e+05	-2.880604e-02	1.037348e-01	0.000000e+00	-2.931935e+03	1.512699e+05
3.986500e-01	1.507322e+05	-2.892961e-02	1.039466e-01	0.000000e+00	-3.934866e+03	1.546670e+05
3.998400e-01	1.617383e+05	-2.905343e-02	1.041679e-01	0.000000e+00	-3.211325e+03	1.649496e+05
4.010300e-01	1.622164e+05	-2.917753e-02	1.043973e-01	0.000000e+00	-2.426624e+03	1.646430e+05
4.022200e-01	1.524958e+05	-2.930190e-02	1.046202e-01	0.000000e+00	-3.573924e+03	1.560697e+05
4.034100e-01	1.636755e+05	-2.942653e-02	1.048441e-01	0.000000e+00	-2.866502e+03	1.665420e+05
4.046000e-01	1.531913e+05	-2.955143e-02	1.050685e-01	0.000000e+00	-1.539271e+02	1.533452e+05
4.057900e-01	1.424120e+05	-2.967659e-02	1.052778e-01	0.000000e+00	-2.621691e+03	1.450337e+05
4.069800e-01	1.819023e+05	-2.980199e-02	1.055075e-01	0.000000e+00	-3.995290e+03	1.858976e+05
4.081700e-01	1.654819e+05	-2.992770e-02	1.057535e-01	0.000000e+00	-2.960441e+03	1.684423e+05
4.093600e-01	1.637893e+05	-3.005368e-02	1.059867e-01	0.000000e+00	-1.863328e+03	1.656526e+05
4.105500e-01	1.641045e+05	-3.017995e-02	1.062189e-01	0.000000e+00	-3.740961e+03	1.678454e+05
4.117400e-01	1.738436e+05	-3.030648e-02	1.064582e-01	0.000000e+00	-1.635184e+03	1.754788e+05
4.129300e-01	1.753407e+05	-3.043332e-02	1.067055e-01	0.000000e+00	-2.394261e+03	1.777350e+05
4.141200e-01	1.642155e+05	-3.056044e-02	1.069459e-01	0.000000e+00	-2.022877e+03	1.662384e+05
4.153100e-01	1.563983e+05	-3.068785e-02	1.071730e-01	0.000000e+00	-6.021885e+02	1.570005e+05
4.165000e-01	1.611876e+05	-3.081551e-02	1.073979e-01	0.000000e+00	-2.067413e+03	1.632550e+05
4.176900e-01	1.490761e+05	-3.094345e-02	1.076176e-01	0.000000e+00	-3.787296e+03	1.528634e+05
4.188800e-01	1.720759e+05	-3.107164e-02	1.078450e-01	0.000000e+00	-2.288681e+03	1.743646e+05
4.200700e-01	1.526474e+05	-3.120013e-02	1.080750e-01	0.000000e+00	-2.039531e+03	1.546869e+05
4.212600e-01	1.544295e+05	-3.132886e-02	1.082925e-01	0.000000e+00	-6.937143e+03	1.613667e+05
4.224500e-01	1.789375e+05	-3.145786e-02	1.085285e-01	0.000000e+00	-2.147148e+03	1.810846e+05
4.236400e-01	1.695483e+05	-3.158716e-02	1.087753e-01	0.000000e+00	-2.528805e+03	1.720771e+05
4.248300e-01	1.740542e+05	-3.171675e-02	1.090187e-01	0.000000e+00	-3.508668e+03	1.775628e+05
4.260200e-01	1.630741e+05	-3.184663e-02	1.092574e-01	0.000000e+00	-2.692801e+03	1.657669e+05
4.272100e-01	1.569619e+05	-3.197678e-02	1.094840e-01	0.000000e+00	-2.934800e+03	1.598967e+05
4.284000e-01	1.580208e+05	-3.210720e-02	1.097071e-01	0.000000e+00	-2.791754e+03	1.608126e+05
4.295900e-01	1.609086e+05	-3.223788e-02	1.099330e-01	0.000000e+00	-1.266058e+03	1.621747e+05
4.307800e-01	1.568335e+05	-3.236884e-02	1.101580e-01	0.000000e+00	-2.172242e+03	1.590058e+05
4.319700e-01	1.448667e+05	-3.250006e-02	1.103716e-01	0.000000e+00	-4.666356e+03	1.495330e+05
4.331600e-01	1.725407e+05	-3.263152e-02	1.105964e-01	0.000000e+00	-2.280022e+03	1.748207e+05
4.343500e-01	1.789006e+05	-3.276328e-02	1.108453e-01	0.000000e+00	-3.008862e+03	1.819095e+05
4.355400e-01	1.733858e+05	-3.289533e-02	1.110948e-01	0.000000e+00	-9.692956e+02	1.743551e+05
4.367300e-01	1.633486e+05	-3.302768e-02	1.113332e-01	0.000000e+00	-2.716004e+03	1.660646e+05
4.379200e-01	1.636425e+05	-3.316031e-02	1.115648e-01	0.000000e+00	-2.233561e+03	1.658761e+05
4.391100e-01	1.749365e+05	-3.329321e-02	1.118045e-01	0.000000e+00	-5.178974e+03	1.801155e+05
4.403000e-01	1.619875e+05	-3.342640e-02	1.120431e-01	0.000000e+00	-1.307042e+03	1.632945e+05
4.414900e-01	1.655453e+05	-3.355987e-02	1.122751e-01	0.000000e+00	-1.012112e+03	1.665574e+05
4.426800e-01	1.635180e+05	-3.369362e-02	1.125081e-01	0.000000e+00	-5.612031e+03	1.691301e+05
4.438700e-01	1.671126e+05	-3.382764e-02	1.127423e-01	0.000000e+00	-5.003611e+03	1.721163e+05
4.450600e-01	1.628038e+05	-3.396194e-02	1.129759e-01	0.000000e+00	-3.077803e+03	1.658816e+05
4.462500e-01	1.738316e+05	-3.409652e-02	1.132143e-01	0.000000e+00	-5.354395e+03	1.791860e+05
4.474400e-01	1.619986e+05	-3.423139e-02	1.134521e-01	0.000000e+00	-1.812474e+03	1.638111e+05
4.486300e-01	1.637888e+05	-3.436654e-02	1.136828e-01	0.000000e+00	-5.331778e+03	1.691206e+05
4.498200e-01	1.861822e+05	-3.450196e-02	1.139307e-01	0.000000e+00	-4.216600e+03	1.903988e+05
4.510100e-01	1.811165e+05	-3.463769e-02	1.141908e-01	0.000000e+00	-3.144197e+03	1.842607e+05
4.522000e-01	1.786295e+05	-3.477373e-02	1.144455e-01	0.000000e+00	-4.057735e+03	1.826872e+05
4.533900e-01	1.669082e+05	-3.491007e-02	1.146902e-01	0.000000e+00	-5.569212e+03	1.724775e+05
4.545800e-01	1.560001e+05	-3.504670e-02	1.149189e-01	0.000000e+00	-1.046031e+03	1.570462e+05
4.557700e-01	1.678361e+05	-3.518358e-02	1.151482e-01	0.000000e+00	-2.986009e+03	1.708222e+05
4.569600e-01	1.551686e+05	-3.532075e-02	1.153770e-01	0.000000e+00	-2.117740e+03	1.572863e+05
4.581500e-01	1.635207e+05	-3.545818e-02	1.156027e-01	0.000000e+00	-2.076801e+03	1.655975e+05
4.593400e-01	1.949085e+05	-3.559588e-02	1.158565e-01	0.000000e+00	-2.942296e+03	1.978508e+05
4.605300e-01	1.788126e+05	-3.573392e-02	1.161211e-01	0.000000e+00	-3.422031e+03	1.822346e+05
4.617200e-01	1.581002e+05	-3.587225e-02	1.163597e-01	0.000000e+00	-2.501880e+03	1.606021e+05
4.629100e-01	1.638824e+05	-3.601085e-02	1.165877e-01	0.000000e+00	-2.980242e+03	1.668626e+05
4.641000e-01	1.713742e+05	-3.614973e-02	1.168252e-01	0.000000e+00	-3.900670e+03	1.752748e+05
4.652900e-01	1.735478e+05	-3.628890e-02	1.170694e-01	0.000000e+00	-4.664960e+03	1.782128e+05
4.664800e-01	1.728230e+05	-3.642835e-02	1.173147e-01	0.000000e+00	-4.820052e+03	1.776430e+05
4.676700e-01	1.545013e+05	-3.656810e-02	1.175465e-01	0.000000e+00	-4.574117e+03	1.590754e+05
4.688600e-01	1.585936e+05	-3.670812e-02	1.177682e-01	0.000000e+00	-2.564247e+03	1.611579e+05
4.700500e-01	1.544663e+05	-3.684839e-02	1.179899e-01	0.000000e+00	-1.503414e+03	1.559697e+05
4.712400e-01	1.658190e+05	-3.698893e-02	1.182167e-01	0.000000e+00	-2.335353e+03	1.681544e+05
4.724300e-01	1.603915e+05	-3.712975e-02	1.184478e-01	0.000000e+00	-3.680113e+03	1.640716e+05
4.736200e-01	1.748722e+05	-3.727084e-02	1.186852e-01	0.000000e+00	-4.934107e+03	1.798063e+05
4.748100e-01	1.606275e+05	-3.741222e-02	1.189228e-01	0.000000e+00	-6.585277e+03	1.672128e+05
4.760000e-01	1.692608e+05	-3.755387e-02	1.191564e-01	0.000000e+00	-3.713117e+03	1.729739e+05
4.771900e-01	1.687795e+05	-3.769581e-02	1.193958e-01	0.000000e+00	-7.472761e+03	1.762523e+05
4.783800e-01	1.755765e+05	-3.783804e-02	1.196396e-01	0.000000e+00	-5.792870e+03	1.813694e+05
4.795700e-01	1.568599e+05	-3.798055e-02	1.198751e-01	0.000000e+00	-2.706136e+03	1.595660e+05
4.807600e-01	1.790984e+05	-3.812334e-02	1.201130e-01	0.000000e+00	-2.614954e+02	1.793599e+05
4.819500e-01	1.714179e+05	-3.826642e-02	1.203612e-01	0.000000e+00	-2.602349e+03	1.740203e+05
4.831400e-01	1.692619e+05	-3.840980e-02	1.206024e-01	0.000000e+00	-3.920723e+03	1.731826e+05
4.843300e-01	1.719501e+05	-3.855346e-02	1.208441e-01	0.000000e+00	-3.384702e+03	1.753348e+05
4.855200e-01	1.655922e+05	-3.869741e-02	1.210831e-01	0.000000e+00	-4.591841e+03	1.701841e+05
4.867100e-01	1.678336e+05	-3.884163e-02	1.213192e-01	0.000000e+00	-2.186551e+03	1.700202e+05
4.879000e-01	1.686768e+05	-3.898615e-02	1.215575e-01	0.000000e+00	-4.343375e+03	1.730202e+05
4.890900e-01	1.515121e+05	-3.913094e-02	1.217843e-01	0.000000e+00	-2.161762e+03	1.536738e+05
4.902800e-01	1.690711e+05	-3.927599e-02	1.220113e-01	0.000000e+00	-3.505234e+03	1.725763e+05
4.914700e-01	1.726735e+05	-3.942133e-02	1.222533e-01	0.000000e+00	-5.694098e+03	1.783676e+05
4.926600e-01	1.740152e+05	-3.956696e-02	1.224988e-01	0.000000e+00	-2.956566e+03	1.769718e+05
4.938500e-01	1.572609e+05	-3.971288e-02	1.227334e-01	0.000000e+00	-2.904181e+03	1.601651e+05
4.950400e-01	1.792247e+05	-3.985906e-02	1.229717e-01	0.000000e+00	-1.851137e+03	1.810759e+05
4.962300e-01	1.595207e+05	-4.000555e-02	1.232116e-01	0.000000e+00	-3.975011e+03	1.634957e+05
4.974200e-01	1.598574e+05	-4.015230e-02	1.234378e-01	0.000000e+00	-2.103893e+03	1.619613e+05
4.986100e-01	1.662672e+05	-4.029933e-02	1.236687e-01	0.000000e+00	-9.317205e+02	1.671989e+05
4.998000e-01	1.748199e+05	-4.044664e-02	1.239103e-01	0.000000e+00	-3.203543e+03	1.780234e+05
5.009900e-01	1.697228e+05	-4.059424e-02	1.241543e-01	0.000000e+00	-1.776713e+03	1.714995e+05
5.021800e-01	1.774546e+05	-4.074212e-02	1.244001e-01	0.000000e+00	-2.809867e+03	1.802645e+05
5.033700e-01	1.745680e+05	-4.089031e-02	1.246494e-01	0.000000e+00	-5.758959e+03	1.803269e+05
5.045600e-01	1.632927e+05	-4.103879e-02	1.248887e-01	0.000000e+00	-2.300668e+03	1.655934e+05
5.057500e-01	1.746588e+05	-4.118754e-02	1.251280e-01	0.000000e+00	-3.168815e+03	1.778276e+05
5.069400e-01	1.798410e+05	-4.133659e-02	1.253791e-01	0.000000e+00	-3.578558e+03	1.834195e+05
5.081300e-01	1.780964e+05	-4.148595e-02	1.256325e-01	0.000000e+00	-3.998513e+03	1.820949e+05
5.093200e-01	1.749414e+05	-4.163560e-02	1.258825e-01	0.000000e+00	-5.507858e+03	1.804492e+05
5.105100e-01	1.654312e+05	-4.178555e-02	1.261236e-01	0.000000e+00	-4.132015e+03	1.695632e+05
5.117000e-01	1.659907e+05	-4.193577e-02	1.263583e-01	0.000000e+00	-3.590909e+03	1.695816e+05
5.128900e-01	1.654006e+05	-4.208628e-02	1.265930e-01	0.000000e+00	-1.878871e+03	1.672795e+05
5.140800e-01	1.819181e+05	-4.223706e-02	1.268389e-01	0.000000e+00	-3.083930e+03	1.850020e+05
5.152700e-01	1.776733e+05	-4.238816e-02	1.270936e-01	0.000000e+00	-3.408594e+03	1.810819e+05
5.164600e-01	1.685964e+05	-4.253955e-02	1.273388e-01	0.000000e+00	-5.173666e+03	1.737701e+05
5.176500e-01	1.663258e+05	-4.269122e-02	1.275760e-01	0.000000e+00	-4.170368e+03	1.704962e+05
5.188400e-01	1.865612e+05	-4.284318e-02	1.278259e-01	0.000000e+00	-1.988879e+03	1.885501e+05
5.200300e-01	1.712367e+05	-4.299545e-02	1.280792e-01	0.000000e+00	-1.959286e+03	1.731960e+05
5.212200e-01	1.775384e+05	-4.314801e-02	1.283262e-01	0.000000e+00	-2.084355e+03	1.796227e+05
5.224100e-01	1.721818e+05	-4.330086e-02	1.285739e-01	0.000000e+00	-3.822550e+03	1.760043e+05
5.236000e-01	1.709133e+05	-4.345401e-02	1.288169e-01	0.000000e+00	-3.680060e+03	1.745934e+05
5.247900e-01	1.604989e+05	-4.360745e-02	1.290516e-01	0.000000e+00	-3.880581e+03	1.643794e+05
5.259800e-01	1.724067e+05	-4.376116e-02	1.292873e-01	0.000000e+00	-3.951974e+03	1.763586e+05
5.271700e-01	1.724175e+05	-4.391515e-02	1.295315e-01	0.000000e+00	-6.238266e+02	1.730413e+05
5.283600e-01	1.829378e+05	-4.406944e-02	1.297832e-01	0.000000e+00	-1.556992e+03	1.844948e+05
5.295500e-01	1.844506e+05	-4.422404e-02	1.300433e-01	0.000000e+00	-2.184963e+03	1.866355e+05
5.307400e-01	1.787045e+05	-4.437894e-02	1.303005e-01	0.000000e+00	-2.422323e+03	1.811269e+05
5.319300e-01	1.741171e+05	-4.453415e-02	1.305504e-01	0.000000e+00	-2.342000e+03	1.764591e+05
5.331200e-01	1.659458e+05	-4.468965e-02	1.307912e-01	0.000000e+00	-7.374188e+02	1.666832e+05
5.343100e-01	1.685450e+05	-4.484543e-02	1.310280e-01	0.000000e+00	-2.066744e+03	1.706118e+05
5.355000e-01	1.801266e+05	-4.500150e-02	1.312750e-01	0.000000e+00	-3.659961e+03	1.837865e+05
5.366900e-01	1.699301e+05	-4.515787e-02	1.315229e-01	0.000000e+00	-7.856425e+03	1.777865e+05
5.378800e-01	1.755186e+05	-4.531452e-02	1.317675e-01	0.000000e+00	-3.044377e+03	1.785630e+05
5.390700e-01	1.715131e+05	-4.547148e-02	1.320133e-01	0.000000e+00	-1.503781e+03	1.730169e+05
5.402600e-01	1.763245e+05	-4.562872e-02	1.322596e-01	0.000000e+00	-4.162624e+03	1.804871e+05
5.414500e-01	1.555395e+05	-4.578625e-02	1.324946e-01	0.000000e+00	-4.665872e+03	1.602054e+05
5.426400e-01	1.653069e+05	-4.594405e-02	1.327218e-01	0.000000e+00	-3.771787e+03	1.690787e+05
5.438300e-01	1.690698e+05	-4.610213e-02	1.329586e-01	0.000000e+00	-2.881874e+03	1.719517e+05
5.450200e-01	1.813324e+05	-4.626049e-02	1.332067e-01	0.000000e+00	0.000000e+00	1.813324e+05
5.462100e-01	1.718787e+05	-4.641916e-02	1.334569e-01	0.000000e+00	-2.243559e+03	1.741223e+05
5.474000e-01	1.733273e+05	-4.657812e-02	1.337013e-01	0.000000e+00	-4.098751e+03	1.774261e+05
5.485900e-01	1.745296e+05	-4.673737e-02	1.339477e-01	0.000000e+00	-3.158208e+03	1.776878e+05
5.497800e-01	1.699827e+05	-4.689692e-02	1.341916e-01	0.000000e+00	-4.865443e+03	1.748481e+05
5.509700e-01	1.664501e+05	-4.705675e-02	1.344299e-01	0.000000e+00	-2.091890e+03	1.685420e+05
5.521600e-01	1.648393e+05	-4.721686e-02	1.346645e-01	0.000000e+00	-3.540100e+03	1.683794e+05
5.533500e-01	1.769631e+05	-4.737725e-02	1.349066e-01	0.000000e+00	-3.434344e+03	1.803974e+05
5.545400e-01	1.825862e+05	-4.753794e-02	1.351612e-01	0.000000e+00	-3.981214e+03	1.865674e+05
5.557300e-01	1.710713e+05	-4.769893e-02	1.354116e-01	0.000000e+00	-5.670265e+03	1.767415e+05
5.569200e-01	1.761310e+05	-4.786022e-02	1.356575e-01	0.000000e+00	-2.000292e+03	1.781312e+05
5.581100e-01	1.829332e+05	-4.802180e-02	1.359118e-01	0.000000e+00	-1.175102e+03	1.841083e+05
5.593000e-01	2.039601e+05	-4.818369e-02	1.361858e-01	0.000000e+00	-2.189867e+03	2.061499e+05
5.604900e-01	1.821710e+05	-4.834592e-02	1.364592e-01	0.000000e+00	-2.380478e+03	1.845514e+05
5.616800e-01	1.707812e+05	-4.850846e-02	1.367092e-01	0.000000e+00	-1.953738e+03	1.727350e+05
5.628700e-01	1.824577e+05	-4.867129e-02	1.369593e-01	0.000000e+00	-3.201856e+03	1.856595e+05
5.640600e-01	1.748028e+05	-4.883442e-02	1.372123e-01	0.000000e+00	-1.350901e+03	1.761537e+05
5.652500e-01	1.748797e+05	-4.899785e-02	1.374599e-01	0.000000e+00	-8.457784e+02	1.757255e+05
5.664400e-01	1.648672e+05	-4.916158e-02	1.377005e-01	0.000000e+00	-3.522310e+03	1.683895e+05
5.676300e-01	1.655667e+05	-4.932558e-02	1.379345e-01	0.000000e+00	-3.606400e+03	1.691731e+05
5.688200e-01	1.628252e+05	-4.948986e-02	1.381671e-01	0.000000e+00	-1.902739e+03	1.647279e+05
5.700100e-01	1.978021e+05	-4.965442e-02	1.384225e-01	0.000000e+00	-2.275589e+03	2.000777e+05
5.712000e-01	1.843796e+05	-4.981931e-02	1.386931e-01	0.000000e+00	-1.413193e+03	1.857928e+05
5.723900e-01	1.909935e+05	-4.998451e-02	1.389589e-01	0.000000e+00	-3.803865e+03	1.947974e+05
5.735800e-01	1.710847e+05	-5.015003e-02	1.392154e-01	0.000000e+00	-8.163823e+02	1.719011e+05
5.747700e-01	1.659842e+05	-5.031584e-02	1.394541e-01	0.000000e+00	-1.319698e+03	1.673038e+05
5.759600e-01	1.594288e+05	-5.048193e-02	1.396845e-01	0.000000e+00	-1.749539e+03	1.611783e+05
5.771500e-01	1.617735e+05	-5.064829e-02	1.399120e-01	0.000000e+00	-4.710050e+03	1.664836e+05
5.783400e-01	1.699223e+05	-5.081492e-02	1.401469e-01	0.000000e+00	-3.808109e+03	1.737304e+05
5.795300e-01	1.678698e+05	-5.098184e-02	1.403861e-01	0.000000e+00	-8.328250e+02	1.687026e+05
5.807200e-01	1.761896e+05	-5.114904e-02	1.406297e-01	0.000000e+00	-2.521967e+03	1.787116e+05
5.819100e-01	1.784840e+05	-5.131654e-02	1.408809e-01	0.000000e+00	-2.660969e+03	1.811450e+05
5.831000e-01	1.775092e+05	-5.148434e-02	1.411330e-01	0.000000e+00	-5.162225e+03	1.826714e+05
5.842900e-01	1.652600e+05	-5.165244e-02	1.413757e-01	0.000000e+00	-2.947823e+03	1.682078e+05
5.854800e-01	1.766826e+05	-5.182081e-02	1.416179e-01	0.000000e+00	-1.958174e+03	1.786408e+05
5.866700e-01	1.774524e+05	-5.198949e-02	1.418687e-01	0.000000e+00	-1.709558e+03	1.791620e+05
5.878600e-01	1.653908e+05	-5.215846e-02	1.421115e-01	0.000000e+00	-4.155720e+03	1.695466e+05
5.890500e-01	1.815370e+05	-5.232771e-02	1.423571e-01	0.000000e+00	-3.500628e+03	1.850376e+05
5.902400e-01	1.658617e+05	-5.249727e-02	1.426032e-01	0.000000e+00	-3.561118e+03	1.694228e+05
5.914300e-01	1.702931e+05	-5.266711e-02	1.428412e-01	0.000000e+00	-2.491698e+03	1.727848e+05
5.926200e-01	1.738418e+05	-5.283723e-02	1.430849e-01	0.000000e+00	-1.471667e+03	1.753135e+05
5.938100e-01	1.792475e+05	-5.300765e-02	1.433350e-01	0.000000e+00	-4.479505e+02	1.796955e+05
5.950000e-01	1.621241e+05	-5.317837e-02	1.435767e-01	0.000000e+00	-1.900704e+03	1.640248e+05
5.961900e-01	1.688984e+05	-5.334936e-02	1.438111e-01	0.000000e+00	-2.856062e+03	1.717545e+05
5.973800e-01	1.630708e+05	-5.352064e-02	1.440462e-01	0.000000e+00	-1.517972e+03	1.645887e+05
5.985700e-01	1.744152e+05	-5.369219e-02	1.442852e-01	0.000000e+00	0.000000e+00	1.744152e+05
5.997600e-01	1.883526e+05	-5.386404e-02	1.445421e-01	0.000000e+00	0.000000e+00	1.883526e+05
6.009500e-01	1.653736e+05	-5.403620e-02	1.447926e-01	0.000000e+00	-4.130987e+03	1.695046e+05
6.021400e-01	1.580639e+05	-5.420864e-02	1.450217e-01	0.000000e+00	-5.687352e+03	1.637513e+05
6.033300e-01	1.741728e+05	-5.438135e-02	1.452569e-01	0.000000e+00	-1.882428e+03	1.760552e+05
6.045200e-01	1.631715e+05	-5.455436e-02	1.454958e-01	0.000000e+00	-2.833148e+03	1.660046e+05
6.057100e-01	1.797175e+05	-5.472763e-02	1.457387e-01	0.000000e+00	-7.821291e+02	1.804997e+05
6.069000e-01	1.808555e+05	-5.490121e-02	1.459940e-01	0.000000e+00	-3.567151e+03	1.844227e+05
6.080900e-01	1.699940e+05	-5.507510e-02	1.462425e-01	0.000000e+00	-2.967318e+03	1.729614e+05
6.092800e-01	1.787425e+05	-5.524927e-02	1.464894e-01	0.000000e+00	-5.904127e+03	1.846466e+05
6.104700e-01	1.676040e+05	-5.542374e-02	1.467347e-01	0.000000e+00	-3.480227e+03	1.710842e+05
6.116600e-01	1.656950e+05	-5.559850e-02	1.469707e-01	0.000000e+00	-3.289737e+03	1.689847e+05
6.128500e-01	1.640954e+05	-5.577353e-02	1.472043e-01	0.000000e+00	-3.771979e+03	1.678673e+05
6.140400e-01	1.695773e+05	-5.594885e-02	1.474406e-01	0.000000e+00	-2.398720e+03	1.719760e+05
6.152300e-01	1.733127e+05	-5.612444e-02	1.476834e-01	0.000000e+00	-1.608918e+03	1.749217e+05
6.164200e-01	1.788748e+05	-5.630033e-02	1.479328e-01	0.000000e+00	-4.923742e+03	1.837985e+05
6.176100e-01	1.667206e+05	-5.647652e-02	1.481775e-01	0.000000e+00	-3.962223e+03	1.706829e+05
6.188000e-01	1.755962e+05	-5.665299e-02	1.484199e-01	0.000000e+00	-2.472928e+03	1.780692e+05
6.199900e-01	1.697028e+05	-5.682976e-02	1.486645e-01	0.000000e+00	-2.438084e+03	1.721409e+05
6.211800e-01	1.792770e+05	-5.700682e-02	1.489116e-01	0.000000e+00	-1.015430e+03	1.802924e+05
6.223700e-01	1.755005e+05	-5.718417e-02	1.491629e-01	0.000000e+00	-1.608402e+03	1.771089e+05
6.235600e-01	1.663849e+05	-5.736182e-02	1.494050e-01	0.000000e+00	-2.124255e+03	1.685091e+05
6.247500e-01	1.725810e+05	-5.753976e-02	1.496450e-01	0.000000e+00	-2.180529e+03	1.747616e+05
6.259400e-01	1.718732e+05	-5.771798e-02	1.498889e-01	0.000000e+00	-3.066950e+03	1.749402e+05
6.271300e-01	1.723622e+05	-5.789649e-02	1.501327e-01	0.000000e+00	-3.367105e+03	1.757293e+05
6.283200e-01	1.914503e+05	-5.807529e-02	1.503904e-01	0.000000e+00	-2.310722e+03	1.937610e+05
6.295100e-01	1.843577e+05	-5.825442e-02	1.506565e-01	0.000000e+00	-2.041450e+03	1.863991e+05
6.307000e-01	1.552655e+05	-5.843386e-02	1.508970e-01	0.000000e+00	-1.814212e+03	1.570797e+05
6.318900e-01	1.773587e+05	-5.861355e-02	1.511325e-01	0.000000e+00	-1.286806e+03	1.786455e+05
6.330800e-01	1.975175e+05	-5.879355e-02	1.513980e-01	0.000000e+00	-2.082757e+03	1.996003e+05
6.342700e-01	1.750909e+05	-5.897388e-02	1.516619e-01	0.000000e+00	-9.345462e+02	1.760254e+05
6.354600e-01	1.627464e+05	-5.915451e-02	1.519011e-01	0.000000e+00	-1.284512e+03	1.640309e+05
6.366500e-01	1.726852e+05	-5.933541e-02	1.521387e-01	0.000000e+00	-2.101247e+03	1.747865e+05
6.378400e-01	1.799538e+05	-5.951660e-02	1.523884e-01	0.000000e+00	-2.848047e+03	1.828019e+05
6.390300e-01	1.935471e+05	-5.969809e-02	1.526529e-01	0.000000e+00	-3.878964e+03	1.974261e+05
6.402200e-01	1.819884e+05	-5.987991e-02	1.529188e-01	0.000000e+00	-2.523996e+03	1.845124e+05
6.414100e-01	1.653529e+05	-6.006204e-02	1.531648e-01	0.000000e+00	-2.119004e+03	1.674719e+05
6.426000e-01	1.774800e+05	-6.024444e-02	1.534076e-01	0.000000e+00	-2.048812e+03	1.795288e+05
6.437900e-01	1.745738e+05	-6.042715e-02	1.536569e-01	0.000000e+00	-3.732629e+03	1.783065e+05
6.449800e-01	1.597223e+05	-6.061015e-02	1.538936e-01	0.000000e+00	-2.619739e+03	1.623421e+05
6.461700e-01	1.574158e+05	-6.079342e-02	1.541182e-01	0.000000e+00	-3.004735e+03	1.604205e+05
6.473600e-01	1.694650e+05	-6.097695e-02	1.543497e-01	0.000000e+00	-1.168239e+03	1.706332e+05
6.485500e-01	1.852284e+05	-6.116077e-02	1.546009e-01	0.000000e+00	-1.156986e+03	1.863854e+05
6.497400e-01	1.759379e+05	-6.134490e-02	1.548567e-01	0.000000e+00	-1.819629e+03	1.777575e+05
6.509300e-01	1.681112e+05	-6.152933e-02	1.551003e-01	0.000000e+00	-3.264505e+03	1.713757e+05
6.521200e-01	1.619735e+05	-6.171404e-02	1.553341e-01	0.000000e+00	-3.427158e+03	1.654007e+05
6.533100e-01	1.596333e+05	-6.189902e-02	1.555618e-01	0.000000e+00	-1.629963e+03	1.612632e+05
6.545000e-01	1.685250e+05	-6.208427e-02	1.557942e-01	0.000000e+00	-1.170238e+03	1.696952e+05
6.556900e-01	1.887090e+05	-6.226981e-02	1.560472e-01	0.000000e+00	-1.211867e+03	1.899209e+05
6.568800e-01	1.849976e+05	-6.245567e-02	1.563118e-01	0.000000e+00	-1.897820e+03	1.868954e+05
6.580700e-01	1.797363e+05	-6.264183e-02	1.565701e-01	0.000000e+00	-1.677827e+03	1.814141e+05
6.592600e-01	1.702289e+05	-6.282830e-02	1.568180e-01	0.000000e+00	-2.995234e+03	1.732241e+05
6.604500e-01	1.714056e+05	-6.301506e-02	1.570599e-01	0.000000e+00	-1.055917e+03	1.724615e+05
6.616400e-01	1.834644e+05	-6.320211e-02	1.573112e-01	0.000000e+00	-2.886161e+02	1.837531e+05
6.628300e-01	1.819523e+05	-6.338946e-02	1.575700e-01	0.000000e+00	-1.761672e+03	1.837139e+05
6.640200e-01	1.751765e+05	-6.357712e-02	1.578229e-01	0.000000e+00	-2.646763e+03	1.778233e+05
6.652100e-01	1.881442e+05	-6.376508e-02	1.580802e-01	0.000000e+00	-4.318859e+03	1.924631e+05
6.664000e-01	1.740226e+05	-6.395335e-02	1.583366e-01	0.000000e+00	-5.680361e+03	1.797030e+05
6.675900e-01	1.741839e+05	-6.414192e-02	1.585832e-01	0.000000e+00	-1.376587e+03	1.755605e+05
6.687800e-01	1.791516e+05	-6.433078e-02	1.588334e-01	0.000000e+00	-1.392206e+03	1.805438e+05
6.699700e-01	1.671821e+05	-6.451994e-02	1.590787e-01	0.000000e+00	-1.652948e+03	1.688350e+05
6.711600e-01	1.960675e+05	-6.470939e-02	1.593359e-01	0.000000e+00	-9.574445e+02	1.970249e+05
6.723500e-01	1.759675e+05	-6.489916e-02	1.595994e-01	0.000000e+00	-2.995593e+03	1.789631e+05
6.735400e-01	1.763193e+05	-6.508924e-02	1.598489e-01	0.000000e+00	-1.217266e+03	1.775366e+05
6.747300e-01	1.634811e+05	-6.527960e-02	1.600895e-01	0.000000e+00	-2.888293e+03	1.663694e+05
6.759200e-01	1.825436e+05	-6.547025e-02	1.603346e-01	0.000000e+00	-2.208938e+03	1.847525e+05
6.771100e-01	1.717822e+05	-6.566120e-02	1.605855e-01	0.000000e+00	-3.156418e+03	1.749386e+05
6.783000e-01	1.794193e+05	-6.585244e-02	1.608342e-01	0.000000e+00	-2.490269e+03	1.819095e+05
6.794900e-01	1.870527e+05	-6.604399e-02	1.610937e-01	0.000000e+00	-8.045249e+02	1.878572e+05
6.806800e-01	1.931001e+05	-6.623585e-02	1.613629e-01	0.000000e+00	-1.705316e+03	1.948054e+05
6.818700e-01	1.806036e+05	-6.642803e-02	1.616276e-01	0.000000e+00	-1.506697e+03	1.821103e+05
6.830600e-01	1.748098e+05	-6.662052e-02	1.618793e-01	0.000000e+00	-3.701195e+03	1.785110e+05
6.842500e-01	1.857730e+05	-6.681330e-02	1.621346e-01	0.000000e+00	-1.787847e+03	1.875608e+05
6.854400e-01	1.844927e+05	-6.700640e-02	1.623968e-01	0.000000e+00	-1.061110e+03	1.855538e+05
6.866300e-01	1.666672e+05	-6.719981e-02	1.626455e-01	0.000000e+00	-2.513002e+03	1.691802e+05
6.878200e-01	1.666595e+05	-6.739350e-02	1.628816e-01	0.000000e+00	-1.467905e+03	1.681274e+05
6.890100e-01	1.813448e+05	-6.758746e-02	1.631280e-01	0.000000e+00	-3.833013e+02	1.817281e+05
6.902000e-01	1.769089e+05	-6.778174e-02	1.633817e-01	0.000000e+00	-7.752399e+02	1.776842e+05
6.913900e-01	1.746792e+05	-6.797631e-02	1.636307e-01	0.000000e+00	-5.221311e+02	1.752014e+05
6.925800e-01	1.879888e+05	-6.817118e-02	1.638875e-01	0.000000e+00	-1.567219e+03	1.895560e+05
6.937700e-01	1.918599e+05	-6.836637e-02	1.641565e-01	0.000000e+00	-2.009126e+03	1.938691e+05
6.949600e-01	1.801626e+05	-6.856187e-02	1.644200e-01	0.000000e+00	-1.215130e+03	1.813778e+05
6.961500e-01	1.692018e+05	-6.875769e-02	1.646674e-01	0.000000e+00	-1.460443e+03	1.706622e+05
6.973400e-01	1.754673e+05	-6.895378e-02	1.649115e-01	0.000000e+00	-1.548935e+03	1.770162e+05
6.985300e-01	1.678600e+05	-6.915017e-02	1.651546e-01	0.000000e+00	-1.222572e+03	1.690826e+05
6.997200e-01	1.732201e+05	-6.934685e-02	1.653961e-01	0.000000e+00	-2.677133e+03	1.758972e+05
7.009100e-01	1.886649e+05	-6.954382e-02	1.656524e-01	0.000000e+00	-1.424442e+03	1.900894e+05
7.021000e-01	1.840962e+05	-6.974110e-02	1.659164e-01	0.000000e+00	-4.598579e+02	1.845561e+05
7.032900e-01	1.695905e+05	-6.993870e-02	1.661668e-01	0.000000e+00	-2.402426e+03	1.719929e+05
7.044800e-01	1.871982e+05	-7.013658e-02	1.664195e-01	0.000000e+00	-1.818703e+03	1.890169e+05
7.056700e-01	1.559566e+05	-7.033478e-02	1.666625e-01	0.000000e+00	-1.453655e+03	1.574102e+05
7.068600e-01	1.657204e+05	-7.053324e-02	1.668903e-01	0.000000e+00	-2.093555e+03	1.678140e+05
7.080500e-01	1.728846e+05	-7.073198e-02	1.671301e-01	0.000000e+00	-3.431723e+03	1.763164e+05
7.092400e-01	1.912954e+05	-7.093101e-02	1.673880e-01	0.000000e+00	-2.105837e+03	1.934012e+05
7.104300e-01	1.776394e+05	-7.113036e-02	1.676493e-01	0.000000e+00	-1.043967e+03	1.786833e+05
7.116200e-01	1.765496e+05	-7.133001e-02	1.679001e-01	0.000000e+00	-5.367172e+03	1.819167e+05
7.128100e-01	1.831931e+05	-7.152996e-02	1.681549e-01	0.000000e+00	-1.540036e+03	1.847332e+05
7.140000e-01	1.828595e+05	-7.173022e-02	1.684141e-01	0.000000e+00	-5.524946e+02	1.834120e+05
7.151900e-01	1.769819e+05	-7.193079e-02	1.686689e-01	0.000000e+00	-2.350400e+03	1.793323e+05
7.163800e-01	1.803236e+05	-7.213165e-02	1.689219e-01	0.000000e+00	-2.159902e+03	1.824835e+05
7.175700e-01	1.781038e+05	-7.233282e-02	1.691758e-01	0.000000e+00	-1.898794e+03	1.800026e+05
7.187600e-01	1.757648e+05	-7.253429e-02	1.694264e-01	0.000000e+00	-3.101503e+03	1.788663e+05
7.199500e-01	1.583171e+05	-7.273606e-02	1.696629e-01	0.000000e+00	-2.632898e+03	1.609500e+05
7.211400e-01	1.543484e+05	-7.293809e-02	1.698844e-01	0.000000e+00	-2.783475e+03	1.571319e+05
7.223300e-01	1.735854e+05	-7.314038e-02	1.701166e-01	0.000000e+00	-4.078037e+03	1.776635e+05
7.235200e-01	1.801790e+05	-7.334297e-02	1.703671e-01	0.000000e+00	-2.961195e+03	1.831402e+05
7.247100e-01	1.664192e+05	-7.354585e-02	1.706126e-01	0.000000e+00	-1.620988e+03	1.680402e+05
7.259000e-01	1.674622e+05	-7.374902e-02	1.708490e-01	0.000000e+00	-1.828584e+03	1.692908e+05
7.270900e-01	1.794733e+05	-7.395247e-02	1.710947e-01	0.000000e+00	-1.192484e+03	1.806658e+05
7.282800e-01	1.645658e+05	-7.415623e-02	1.713383e-01	0.000000e+00	-4.291492e+03	1.688573e+05
7.294700e-01	1.818493e+05	-7.436026e-02	1.715837e-01	0.000000e+00	-2.427869e+03	1.842772e+05
7.306600e-01	1.732361e+05	-7.456460e-02	1.718351e-01	0.000000e+00	-2.993281e+03	1.762294e+05
7.318500e-01	1.800809e+05	-7.476923e-02	1.720853e-01	0.000000e+00	-1.466070e+03	1.815469e+05
7.330400e-01	1.664304e+05	-7.497416e-02	1.723307e-01	0.000000e+00	-2.816251e+03	1.692467e+05
7.342300e-01	1.529874e+05	-7.517937e-02	1.725569e-01	0.000000e+00	-2.035330e+03	1.550228e+05
7.354200e-01	1.674976e+05	-7.538485e-02	1.727839e-01	0.000000e+00	-1.341880e+03	1.688395e+05
7.366100e-01	1.745680e+05	-7.559060e-02	1.730261e-01	0.000000e+00	-3.188199e+03	1.777562e+05
7.378000e-01	1.785600e+05	-7.579665e-02	1.732762e-01	0.000000e+00	-6.974148e+03	1.855341e+05
7.389900e-01	1.700418e+05	-7.600300e-02	1.735230e-01	0.000000e+00	-3.576757e+03	1.736186e+05
7.401800e-01	1.689963e+05	-7.620963e-02	1.737631e-01	0.000000e+00	-2.011522e+03	1.710078e+05
7.413700e-01	1.828197e+05	-7.641655e-02	1.740123e-01	0.000000e+00	-1.244649e+03	1.840643e+05
7.425600e-01	1.906979e+05	-7.662378e-02	1.742768e-01	0.000000e+00	-9.527208e+02	1.916506e+05
7.437500e-01	1.629952e+05	-7.683133e-02	1.745273e-01	0.000000e+00	-2.078410e+03	1.650736e+05
7.449400e-01	1.828101e+05	-7.703916e-02	1.747722e-01	0.000000e+00	-7.404392e+02	1.835505e+05
7.461300e-01	1.761711e+05	-7.724729e-02	1.750264e-01	0.000000e+00	-1.929243e+03	1.781004e+05
7.473200e-01	1.643601e+05	-7.745572e-02	1.752675e-01	0.000000e+00	-1.899148e+03	1.662593e+05
7.485100e-01	1.819181e+05	-7.766443e-02	1.755127e-01	0.000000e+00	-1.914154e+03	1.838323e+05
7.497000e-01	1.890469e+05	-7.787344e-02	1.757754e-01	0.000000e+00	-3.405474e+03	1.924524e+05
7.508900e-01	1.846805e+05	-7.808277e-02	1.760401e-01	0.000000e+00	-1.891312e+03	1.865718e+05
7.520800e-01	1.623033e+05	-7.829242e-02	1.762858e-01	0.000000e+00	-2.775010e+03	1.650783e+05
7.532700e-01	1.782110e+05	-7.850233e-02	1.765270e-01	0.000000e+00	-3.296707e+02	1.785407e+05
7.544600e-01	1.908939e+05	-7.871255e-02	1.767884e-01	0.000000e+00	-1.031521e+03	1.919255e+05
7.556500e-01	1.656465e+05	-7.892309e-02	1.770408e-01	0.000000e+00	-2.784870e+03	1.684314e+05
7.568400e-01	1.786482e+05	-7.913391e-02	1.772847e-01	0.000000e+00	-1.536806e+03	1.801850e+05
7.580300e-01	1.778925e+05	-7.934503e-02	1.775372e-01	0.000000e+00	-2.872624e+03	1.807652e+05
7.592200e-01	1.867039e+05	-7.955645e-02	1.777953e-01	0.000000e+00	-5.221293e+03	1.919252e+05
7.604100e-01	1.845731e+05	-7.976818e-02	1.780583e-01	0.000000e+00	-1.417026e+03	1.859901e+05
7.616000e-01	1.920714e+05	-7.998022e-02	1.783250e-01	0.000000e+00	-8.110505e+02	1.928825e+05
7.627900e-01	1.718988e+05	-8.019259e-02	1.785828e-01	0.000000e+00	-3.948560e+03	1.758473e+05
7.639800e-01	1.990573e+05	-8.040525e-02	1.788454e-01	0.000000e+00	-2.328764e+03	2.013860e+05
7.651700e-01	1.842654e+05	-8.061825e-02	1.791169e-01	0.000000e+00	-2.926536e+03	1.871919e+05
7.663600e-01	1.805615e+05	-8.083155e-02	1.793753e-01	0.000000e+00	-1.195393e+03	1.817569e+05
7.675500e-01	1.776678e+05	-8.104516e-02	1.796289e-01	0.000000e+00	-1.259112e+03	1.789269e+05
7.687400e-01	1.522966e+05	-8.125907e-02	1.798626e-01	0.000000e+00	-3.227473e+03	1.555241e+05
7.699300e-01	1.739958e+05	-8.147323e-02	1.800937e-01	0.000000e+00	-1.666118e+03	1.756619e+05
7.711200e-01	1.786309e+05	-8.168769e-02	1.803434e-01	0.000000e+00	-1.663935e+03	1.802948e+05
7.723100e-01	1.881618e+05	-8.190245e-02	1.806032e-01	0.000000e+00	-3.031181e+03	1.911930e+05
7.735000e-01	1.763709e+05	-8.211753e-02	1.808613e-01	0.000000e+00	-1.593007e+03	1.779640e+05
7.746900e-01	1.769253e+05	-8.233290e-02	1.811115e-01	0.000000e+00	-2.572293e+03	1.794976e+05
7.758800e-01	1.824256e+05	-8.254857e-02	1.813660e-01	0.000000e+00	-1.756124e+03	1.841817e+05
7.770700e-01	1.786969e+05	-8.276455e-02	1.816217e-01	0.000000e+00	-1.347211e+03	1.800441e+05
7.782600e-01	1.820430e+05	-8.298083e-02	1.818772e-01	0.000000e+00	-1.187255e+03	1.832303e+05
7.794500e-01	1.700422e+05	-8.319742e-02	1.821265e-01	0.000000e+00	-1.737839e+03	1.717800e+05
7.806400e-01	1.538765e+05	-8.341429e-02	1.823559e-01	0.000000e+00	-2.221438e+03	1.560980e+05
7.818300e-01	1.816108e+05	-8.363142e-02	1.825935e-01	0.000000e+00	-2.463823e+03	1.840746e+05
7.830200e-01	1.966821e+05	-8.384886e-02	1.828614e-01	0.000000e+00	-1.842547e+03	1.985247e+05
7.842100e-01	1.918302e+05	-8.406663e-02	1.831365e-01	0.000000e+00	-1.488179e+03	1.933184e+05
7.854000e-01	1.898285e+05	-8.428473e-02	1.834068e-01	0.000000e+00	-1.890813e+03	1.917193e+05
7.865900e-01	1.963883e+05	-8.450314e-02	1.836803e-01	0.000000e+00	-2.924317e+02	1.966808e+05
7.877800e-01	1.664520e+05	-8.472189e-02	1.839372e-01	0.000000e+00	-6.679709e+02	1.671199e+05
7.889700e-01	1.694032e+05	-8.494091e-02	1.841751e-01	0.000000e+00	-2.934780e+03	1.723380e+05
7.901600e-01	1.838661e+05	-8.516022e-02	1.844252e-01	0.000000e+00	-3.610462e+03	1.874766e+05
7.913500e-01	1.680472e+05	-8.537985e-02	1.846745e-01	0.000000e+00	-3.169299e+03	1.712165e+05
7.925400e-01	1.806564e+05	-8.559975e-02	1.849214e-01	0.000000e+00	-3.070347e+03	1.837268e+05
7.937300e-01	1.777566e+05	-8.581996e-02	1.851752e-01	0.000000e+00	-2.554876e+03	1.803115e+05
7.949200e-01	1.628839e+05	-8.604047e-02	1.854164e-01	0.000000e+00	-2.334105e+03	1.652180e+05
7.961100e-01	1.853055e+05	-8.626125e-02	1.856630e-01	0.000000e+00	-2.538572e+03	1.878441e+05
7.973000e-01	1.730759e+05	-8.648234e-02	1.859168e-01	0.000000e+00	-2.262842e+03	1.753387e+05
7.984900e-01	1.826064e+05	-8.670373e-02	1.861687e-01	0.000000e+00	-2.043328e+03	1.846497e+05
7.996800e-01	1.763282e+05	-8.692543e-02	1.864229e-01	0.000000e+00	-1.648932e+03	1.779772e+05
8.008700e-01	1.856417e+05	-8.714742e-02	1.866792e-01	0.000000e+00	-3.252554e+03	1.888943e+05
8.020600e-01	1.881557e+05	-8.736972e-02	1.869439e-01	0.000000e+00	-3.666905e+03	1.918226e+05
8.032500e-01	1.817510e+05	-8.759234e-02	1.872059e-01	0.000000e+00	-2.207115e+03	1.839581e+05
8.044400e-01	1.882124e+05	-8.781527e-02	1.874679e-01	0.000000e+00	-2.096591e+03	1.903090e+05
8.056300e-01	2.017370e+05	-8.803852e-02	1.877440e-01	0.000000e+00	-1.281428e+03	2.030185e+05
8.068200e-01	1.864948e+05	-8.826210e-02	1.880190e-01	0.000000e+00	-2.090496e+03	1.885853e+05
8.080100e-01	1.709059e+05	-8.848600e-02	1.882721e-01	0.000000e+00	-2.907520e+03	1.738134e+05
8.092000e-01	1.758456e+05	-8.871019e-02	1.885176e-01	0.000000e+00	-2.568975e+03	1.784146e+05
8.103900e-01	1.920038e+05	-8.893467e-02	1.887781e-01	0.000000e+00	-3.217853e+03	1.952216e+05
8.115800e-01	1.854644e+05	-8.915948e-02	1.890454e-01	0.000000e+00	-1.599371e+03	1.870637e+05
8.127700e-01	1.854703e+05	-8.938460e-02	1.893081e-01	0.000000e+00	-6.792124e+02	1.861495e+05
8.139600e-01	1.833142e+05	-8.961004e-02	1.895693e-01	0.000000e+00	-2.502992e+03	1.858172e+05
8.151500e-01	1.772322e+05	-8.983578e-02	1.898246e-01	0.000000e+00	-2.225677e+03	1.794579e+05
8.163400e-01	1.807841e+05	-9.006182e-02	1.900781e-01	0.000000e+00	-2.577227e+03	1.833613e+05
8.175300e-01	1.877317e+05	-9.028816e-02	1.903391e-01	0.000000e+00	-2.265983e+03	1.899977e+05
8.187200e-01	1.833505e+05	-9.051483e-02	1.906019e-01	0.000000e+00	-3.538836e+03	1.868894e+05
8.199100e-01	1.840113e+05	-9.074180e-02	1.908620e-01	0.000000e+00	-1.355706e+03	1.853671e+05
8.211000e-01	1.845245e+05	-9.096908e-02	1.911230e-01	0.000000e+00	-5.910452e+02	1.851155e+05
8.222900e-01	2.009692e+05	-9.119667e-02	1.913960e-01	0.000000e+00	-1.781506e+03	2.027507e+05
8.234800e-01	1.870029e+05	-9.142460e-02	1.916708e-01	0.000000e+00	-3.330275e+02	1.873360e+05
8.246700e-01	1.901294e+05	-9.165285e-02	1.919378e-01	0.000000e+00	-3.455359e+02	1.904749e+05
8.258600e-01	1.949158e+05	-9.188141e-02	1.922105e-01	0.000000e+00	-4.948002e+02	1.954106e+05
8.270500e-01	2.042210e+05	-9.211031e-02	1.924932e-01	0.000000e+00	-4.008907e+03	2.082299e+05
8.282400e-01	1.974222e+05	-9.233955e-02	1.927776e-01	0.000000e+00	-2.706903e+03	2.001291e+05
8.294300e-01	1.787198e+05	-9.256912e-02	1.930440e-01	0.000000e+00	-1.368204e+03	1.800880e+05
8.306200e-01	1.776995e+05	-9.279899e-02	1.932964e-01	0.000000e+00	-5.312331e+02	1.782307e+05
8.318100e-01	1.929462e+05	-9.302916e-02	1.935588e-01	0.000000e+00	-8.681766e+02	1.938144e+05
8.330000e-01	1.868580e+05	-9.325966e-02	1.938278e-01	0.000000e+00	-1.298234e+03	1.881562e+05
8.341900e-01	1.863237e+05	-9.349047e-02	1.940921e-01	0.000000e+00	-1.993617e+03	1.883173e+05
8.353800e-01	1.597756e+05	-9.372160e-02	1.943372e-01	0.000000e+00	-3.484019e+03	1.632596e+05
8.365700e-01	1.687581e+05	-9.395299e-02	1.945698e-01	0.000000e+00	-2.526099e+03	1.712842e+05
8.377600e-01	1.754068e+05	-9.418468e-02	1.948136e-01	0.000000e+00	-5.423395e+02	1.759491e+05
8.389500e-01	1.809294e+05	-9.441665e-02	1.950659e-01	0.000000e+00	-1.163078e+03	1.820925e+05
8.401400e-01	1.786498e+05	-9.464893e-02	1.953205e-01	0.000000e+00	-1.357930e+03	1.800077e+05
8.413300e-01	1.855744e+05	-9.488151e-02	1.955785e-01	0.000000e+00	-1.226347e+03	1.868007e+05
8.425200e-01	1.853595e+05	-9.511441e-02	1.958412e-01	0.000000e+00	-1.241367e+03	1.866008e+05
8.437100e-01	1.779796e+05	-9.534762e-02	1.960985e-01	0.000000e+00	-1.628619e+03	1.796082e+05
8.449000e-01	1.789102e+05	-9.558112e-02	1.963512e-01	0.000000e+00	-1.407074e+03	1.803173e+05
8.460900e-01	1.780159e+05	-9.581493e-02	1.966040e-01	0.000000e+00	-4.071543e+03	1.820875e+05
8.472800e-01	1.769958e+05	-9.604904e-02	1.968554e-01	0.000000e+00	-2.798568e+03	1.797944e+05
8.484700e-01	2.017351e+05	-9.628345e-02	1.971236e-01	0.000000e+00	-1.071860e+03	2.028070e+05
8.496600e-01	1.914720e+05	-9.651819e-02	1.974020e-01	0.000000e+00	-1.177454e+03	1.926494e+05
8.508500e-01	1.725830e+05	-9.675326e-02	1.976598e-01	0.000000e+00	-2.112625e+03	1.746956e+05
8.520400e-01	1.773007e+05	-9.698863e-02	1.979076e-01	0.000000e+00	-9.116012e+02	1.782123e+05
8.532300e-01	1.579866e+05	-9.722428e-02	1.981450e-01	0.000000e+00	-9.440740e+02	1.589306e+05
8.544200e-01	1.645622e+05	-9.746021e-02	1.983735e-01	0.000000e+00	-2.467561e+03	1.670298e+05
8.556100e-01	1.681202e+05	-9.769641e-02	1.986091e-01	0.000000e+00	-2.012670e+03	1.701328e+05
8.568000e-01	1.976555e+05	-9.793290e-02	1.988681e-01	0.000000e+00	-1.638603e+03	1.992941e+05
8.579900e-01	1.877676e+05	-9.816972e-02	1.991410e-01	0.000000e+00	-3.012220e+03	1.907798e+05
8.591800e-01	1.895454e+05	-9.840686e-02	1.994082e-01	0.000000e+00	-6.512218e+01	1.896105e+05
8.603700e-01	1.659475e+05	-9.864431e-02	1.996600e-01	0.000000e+00	-1.958283e+03	1.679058e+05
8.615600e-01	1.603563e+05	-9.888205e-02	1.998911e-01	0.000000e+00	-1.899016e+03	1.622553e+05
8.627500e-01	1.813555e+05	-9.912005e-02	2.001330e-01	0.000000e+00	-6.064660e+02	1.819620e+05
8.639400e-01	1.933628e+05	-9.935836e-02	2.003984e-01	0.000000e+00	-1.500622e+03	1.948635e+05
8.651300e-01	1.815762e+05	-9.959700e-02	2.006639e-01	0.000000e+00	-1.982065e+03	1.835583e+05
8.663200e-01	1.851840e+05	-9.983594e-02	2.009237e-01	0.000000e+00	-2.204623e+03	1.873886e+05
8.675100e-01	1.851625e+05	-1.000752e-01	2.011859e-01	0.000000e+00	-1.557416e+03	1.867199e+05
8.687000e-01	1.690376e+05	-1.003148e-01	2.014367e-01	0.000000e+00	-1.767587e+03	1.708052e+05
8.698900e-01	1.727043e+05	-1.005546e-01	2.016788e-01	0.000000e+00	-2.028583e+03	1.747329e+05
8.710800e-01	1.546300e+05	-1.007948e-01	2.019106e-01	0.000000e+00	-4.055112e+02	1.550355e+05
8.722700e-01	1.760225e+05	-1.010352e-01	2.021447e-01	0.000000e+00	-1.182096e+03	1.772046e+05
8.734600e-01	1.834999e+05	-1.012759e-01	2.023993e-01	0.000000e+00	-1.614779e+03	1.851147e+05
8.746500e-01	1.626411e+05	-1.015169e-01	2.026444e-01	0.000000e+00	-3.019323e+03	1.656604e+05
8.758400e-01	1.832724e+05	-1.017582e-01	2.028894e-01	0.000000e+00	-1.776885e+03	1.850493e+05
8.770300e-01	1.826041e+05	-1.019998e-01	2.031485e-01	0.000000e+00	-1.304764e+03	1.839089e+05
8.782200e-01	1.798562e+05	-1.022417e-01	2.034052e-01	0.000000e+00	-3.458502e+02	1.802021e+05
8.794100e-01	1.782803e+05	-1.024839e-01	2.036588e-01	0.000000e+00	-1.177760e+03	1.794580e+05
8.806000e-01	1.824771e+05	-1.027264e-01	2.039143e-01	0.000000e+00	-3.141468e+03	1.856185e+05
8.817900e-01	1.836173e+05	-1.029692e-01	2.041735e-01	0.000000e+00	-2.489534e+03	1.861069e+05
8.829800e-01	1.747053e+05	-1.032123e-01	2.044273e-01	0.000000e+00	-2.445041e+03	1.771504e+05
8.841700e-01	1.664919e+05	-1.034557e-01	2.046689e-01	0.000000e+00	-2.316841e+03	1.688088e+05
8.853600e-01	1.723217e+05	-1.036994e-01	2.049089e-01	0.000000e+00	-1.994298e+03	1.743160e+05
8.865500e-01	1.613283e+05	-1.039434e-01	2.051451e-01	0.000000e+00	-2.136388e+03	1.634647e+05
8.877400e-01	1.779261e+05	-1.041877e-01	2.053854e-01	0.000000e+00	-7.061544e+02	1.786323e+05
8.889300e-01	1.944428e+05	-1.044322e-01	2.056491e-01	0.000000e+00	-3.350295e+03	1.977931e+05
8.901200e-01	1.859266e+05	-1.046771e-01	2.059184e-01	0.000000e+00	-1.522033e+03	1.874487e+05
8.913100e-01	1.679750e+05	-1.049223e-01	2.061691e-01	0.000000e+00	-2.218386e+03	1.701933e+05
8.925000e-01	1.649372e+05	-1.051678e-01	2.064048e-01	0.000000e+00	-8.940396e+02	1.658312e+05
8.936900e-01	1.722856e+05	-1.054135e-01	2.066436e-01	0.000000e+00	-8.178465e+02	1.731034e+05
8.948800e-01	1.895471e+05	-1.056596e-01	2.068999e-01	0.000000e+00	-2.221107e+03	1.917682e+05
8.960700e-01	1.950157e+05	-1.059060e-01	2.071722e-01	0.000000e+00	-2.263921e+03	1.972797e+05
8.972600e-01	1.925318e+05	-1.061527e-01	2.074466e-01	0.000000e+00	-5.569889e+02	1.930888e+05
8.984500e-01	1.838944e+05	-1.063997e-01	2.077132e-01	0.000000e+00	-5.091027e+02	1.844035e+05
8.996400e-01	1.826944e+05	-1.066470e-01	2.079728e-01	0.000000e+00	-1.555335e+03	1.842497e+05
9.008300e-01	1.852311e+05	-1.068947e-01	2.082334e-01	0.000000e+00	-2.012384e+03	1.872435e+05
9.020200e-01	1.837482e+05	-1.071426e-01	2.084947e-01	0.000000e+00	-9.651950e+02	1.847134e+05
9.032100e-01	1.842285e+05	-1.073909e-01	2.087553e-01	0.000000e+00	-1.016941e+03	1.852455e+05
9.044000e-01	1.803334e+05	-1.076395e-01	2.090134e-01	0.000000e+00	-9.873460e+02	1.813207e+05
9.055900e-01	1.752771e+05	-1.078883e-01	2.092653e-01	0.000000e+00	-1.400992e+03	1.766781e+05
9.067800e-01	1.907496e+05	-1.081375e-01	2.095245e-01	0.000000e+00	-1.335385e+03	1.920850e+05
9.079700e-01	1.703720e+05	-1.083870e-01	2.097802e-01	0.000000e+00	-8.210704e+02	1.711930e+05
9.091600e-01	1.923041e+05	-1.086368e-01	2.100370e-01	0.000000e+00	-8.799300e+02	1.931840e+05
9.103500e-01	1.760782e+05	-1.088869e-01	2.102979e-01	0.000000e+00	-2.343852e+03	1.784221e+05
9.115400e-01	1.860039e+05	-1.091373e-01	2.105543e-01	0.000000e+00	-4.581810e+02	1.864621e+05
9.127300e-01	1.843810e+05	-1.093880e-01	2.108166e-01	0.000000e+00	-6.098938e+02	1.849909e+05
9.139200e-01	1.772260e+05	-1.096390e-01	2.110727e-01	0.000000e+00	-1.577860e+03	1.788038e+05
9.151100e-01	1.769026e+05	-1.098904e-01	2.113235e-01	0.000000e+00	-2.587039e+03	1.794896e+05
9.163000e-01	1.885693e+05	-1.101420e-01	2.115823e-01	0.000000e+00	-2.995877e+03	1.915652e+05
9.174900e-01	1.685888e+05	-1.103939e-01	2.118352e-01	0.000000e+00	-2.313364e+03	1.709022e+05
9.186800e-01	1.665487e+05	-1.106461e-01	2.120726e-01	0.000000e+00	0.000000e+00	1.665487e+05
9.198700e-01	1.689717e+05	-1.108987e-01	2.123102e-01	0.000000e+00	0.000000e+00	1.689717e+05
9.210600e-01	1.922821e+05	-1.111514e-01	2.125660e-01	0.000000e+00	-1.442043e+03	1.937241e+05
9.222500e-01	1.799758e+05	-1.114046e-01	2.128296e-01	0.000000e+00	-1.625229e+03	1.816010e+05
9.234400e-01	1.837454e+05	-1.116580e-01	2.130872e-01	0.000000e+00	-6.969641e+02	1.844423e+05
9.246300e-01	1.637507e+05	-1.119117e-01	2.133333e-01	0.000000e+00	-1.607289e+03	1.653580e+05
9.258200e-01	1.720548e+05	-1.121657e-01	2.135711e-01	0.000000e+00	-1.782268e+03	1.738371e+05
9.270100e-01	1.772643e+05	-1.124200e-01	2.138184e-01	0.000000e+00	-2.089904e+03	1.793542e+05
9.282000e-01	1.938917e+05	-1.126746e-01	2.140813e-01	0.000000e+00	-2.003557e+02	1.940920e+05
9.293900e-01	1.746801e+05	-1.129295e-01	2.143423e-01	0.000000e+00	-7.321535e+02	1.754123e+05
9.305800e-01	1.893547e+05	-1.131847e-01	2.146001e-01	0.000000e+00	-1.211932e+03	1.905666e+05
9.317700e-01	1.792007e+05	-1.134403e-01	2.148611e-01	0.000000e+00	-1.311675e+03	1.805123e+05
9.329600e-01	1.695908e+05	-1.136961e-01	2.151081e-01	0.000000e+00	-4.123544e+03	1.737144e+05
9.341500e-01	1.741294e+05	-1.139522e-01	2.153515e-01	0.000000e+00	-3.019580e+03	1.771490e+05
9.353400e-01	1.750976e+05	-1.142086e-01	2.155988e-01	0.000000e+00	-3.825008e+02	1.754801e+05
9.365300e-01	1.666344e+05	-1.144654e-01	2.158408e-01	0.000000e+00	-1.155892e+03	1.677903e+05
9.377200e-01	1.748836e+05	-1.147223e-01	2.160827e-01	0.000000e+00	-1.307745e+03	1.761913e+05
9.389100e-01	1.868022e+05	-1.149796e-01	2.163388e-01	0.000000e+00	0.000000e+00	1.868022e+05
9.401000e-01	1.716536e+05	-1.152372e-01	2.165926e-01	0.000000e+00	-7.122654e+02	1.723658e+05
9.412900e-01	1.641128e+05	-1.154951e-01	2.168304e-01	0.000000e+00	-1.996514e+03	1.661093e+05
9.424800e-01	1.769887e+05	-1.157533e-01	2.170720e-01	0.000000e+00	-1.492901e+03	1.784816e+05
9.436700e-01	1.715102e+05	-1.160118e-01	2.173188e-01	0.000000e+00	-1.346169e+03	1.728564e+05
9.448600e-01	1.887217e+05	-1.162705e-01	2.175739e-01	0.000000e+00	-6.175857e+02	1.893392e+05
9.460500e-01	1.853236e+05	-1.165296e-01	2.178388e-01	0.000000e+00	-1.767995e+03	1.870916e+05
9.472400e-01	1.702073e+05	-1.167890e-01	2.180905e-01	0.000000e+00	-2.324331e+03	1.725316e+05
9.484300e-01	1.709563e+05	-1.170486e-01	2.183321e-01	0.000000e+00	-2.093353e+03	1.730497e+05
9.496200e-01	1.888918e+05	-1.173086e-01	2.185870e-01	0.000000e+00	-1.405320e+03	1.902971e+05
9.508100e-01	1.927728e+05	-1.175689e-01	2.188573e-01	0.000000e+00	-1.310018e+03	1.940828e+05
9.520000e-01	2.103064e+05	-1.178295e-01	2.191427e-01	0.000000e+00	-1.529534e+03	2.118359e+05
9.531900e-01	1.808825e+05	-1.180904e-01	2.194197e-01	0.000000e+00	-2.140676e+03	1.830232e+05
9.543800e-01	2.033940e+05	-1.183517e-01	2.196919e-01	0.000000e+00	-5.910701e+02	2.039850e+05
9.555700e-01	1.995748e+05	-1.186133e-01	2.199772e-01	0.000000e+00	-1.011380e+02	1.996759e+05
9.567600e-01	1.654725e+05	-1.188752e-01	2.202357e-01	0.000000e+00	-7.391981e+02	1.662117e+05
9.579500e-01	1.931379e+05	-1.191375e-01	2.204897e-01	0.000000e+00	-5.451066e+01	1.931924e+05
9.591400e-01	1.734086e+05	-1.194000e-01	2.207493e-01	0.000000e+00	-2.036130e+03	1.754448e+05
9.603300e-01	1.789520e+05	-1.196628e-01	2.209988e-01	0.000000e+00	-4.303681e+02	1.793824e+05
9.615200e-01	1.835454e+05	-1.199260e-01	2.212555e-01	0.000000e+00	-1.127199e+02	1.836581e+05
9.627100e-01	1.701340e+05	-1.201894e-01	2.215060e-01	0.000000e+00	-1.785870e+03	1.719199e+05
9.639000e-01	1.831557e+05	-1.204532e-01	2.217562e-01	0.000000e+00	-1.188472e+03	1.843442e+05
9.650900e-01	1.810780e+05	-1.207172e-01	2.220141e-01	0.000000e+00	-1.276877e+03	1.823549e+05
9.662800e-01	1.770279e+05	-1.209816e-01	2.222677e-01	0.000000e+00	-1.487246e+03	1.785151e+05
9.674700e-01	1.893913e+05	-1.212462e-01	2.225272e-01	0.000000e+00	-4.977998e+02	1.898891e+05
9.686600e-01	1.810842e+05	-1.215112e-01	2.227895e-01	0.000000e+00	-1.617587e+03	1.827018e+05
9.698500e-01	1.699744e+05	-1.217764e-01	2.230381e-01	0.000000e+00	-2.111798e+03	1.720862e+05
9.710400e-01	2.003245e+05	-1.220420e-01	2.233004e-01	0.000000e+00	-2.433585e+03	2.027581e+05
9.722300e-01	1.814627e+05	-1.223079e-01	2.235707e-01	0.000000e+00	-1.773760e+03	1.832364e+05
9.734200e-01	1.794588e+05	-1.225741e-01	2.238263e-01	0.000000e+00	-2.924233e+02	1.797512e+05
9.746100e-01	1.892474e+05	-1.228406e-01	2.240874e-01	0.000000e+00	-1.388249e+03	1.906357e+05
9.758000e-01	1.886610e+05	-1.231074e-01	2.243551e-01	0.000000e+00	-7.972504e+02	1.894583e+05
9.769900e-01	1.761666e+05	-1.233746e-01	2.246134e-01	0.000000e+00	-2.432241e+02	1.764098e+05
9.781800e-01	1.675563e+05	-1.236420e-01	2.248568e-01	0.000000e+00	-2.876401e+03	1.704327e+05
9.793700e-01	1.693664e+05	-1.239097e-01	2.250954e-01	0.000000e+00	-2.181337e+03	1.715478e+05
9.805600e-01	1.563615e+05	-1.241777e-01	2.253261e-01	0.000000e+00	-1.464812e+03	1.578263e+05
9.817500e-01	1.722787e+05	-1.244460e-01	2.255588e-01	0.000000e+00	0.000000e+00	1.722787e+05
9.829400e-01	1.813313e+05	-1.247146e-01	2.258092e-01	0.000000e+00	0.000000e+00	1.813313e+05
9.841300e-01	1.728196e+05	-1.249834e-01	2.260600e-01	0.000000e+00	0.000000e+00	1.728196e+05
9.853200e-01	1.758854e+05	-1.252526e-01	2.263070e-01	0.000000e+00	-1.379604e+01	1.758992e+05
9.865100e-01	1.780539e+05	-1.255220e-01	2.265576e-01	0.000000e+00	-4.009459e+03	1.820634e+05
9.877000e-01	1.534577e+05	-1.257918e-01	2.267924e-01	0.000000e+00	-1.018762e+03	1.544764e+05
9.888900e-01	1.882096e+05	-1.260618e-01	2.270343e-01	0.000000e+00	-2.349920e+03	1.905595e+05
9.900800e-01	1.889130e+05	-1.263321e-01	2.273014e-01	0.000000e+00	-2.012155e+03	1.909251e+05
9.912700e-01	1.785605e+05	-1.266028e-01	2.275616e-01	0.000000e+00	-1.259476e+03	1.798200e+05
9.924600e-01	1.897032e+05	-1.268737e-01	2.278224e-01	0.000000e+00	-1.992424e+03	1.916957e+05
9.936500e-01	1.681010e+05	-1.271450e-01	2.280758e-01	0.000000e+00	-1.827234e+03	1.699282e+05
9.948400e-01	1.646689e+05	-1.274166e-01	2.283115e-01	0.000000e+00	-7.866002e+02	1.654555e+05
9.960300e-01	1.871752e+05	-1.276884e-01	2.285606e-01	0.000000e+00	-1.185876e+03	1.883611e+05
9.972200e-01	1.902513e+05	-1.279605e-01	2.288279e-01	0.000000e+00	-1.019619e+03	1.912709e+05
9.984100e-01	1.823729e+05	-1.282330e-01	2.290918e-01	0.000000e+00	-1.994539e+03	1.843674e+05
9.996000e-01	1.726995e+05	-1.285058e-01	2.293432e-01	0.000000e+00	-7.155772e+02	1.734151e+05
1.000790e+00	1.789956e+05	-1.287788e-01	2.295923e-01	0.000000e+00	-1.591355e+03	1.805869e+05
1.001980e+00	1.740814e+05	-1.290522e-01	2.298423e-01	0.000000e+00	-7.194830e+01	1.741533e+05
1.003170e+00	1.803112e+05	-1.293259e-01	2.300933e-01	0.000000e+00	0.000000e+00	1.803112e+05
1.004360e+00	1.912522e+05	-1.295998e-01	2.303564e-01	0.000000e+00	-1.088577e+03	1.923408e+05
1.005550e+00	1.795568e+05	-1.298741e-01	2.306190e-01	0.000000e+00	-2.090182e+03	1.816469e+05
1.006740e+00	1.678013e+05	-1.301487e-01	2.308650e-01	0.000000e+00	-1.825862e+02	1.679839e+05
1.007930e+00	1.754774e+05	-1.304236e-01	2.311081e-01	0.000000e+00	-1.196372e+03	1.766737e+05
1.009120e+00	1.821649e+05	-1.306987e-01	2.313614e-01	0.000000e+00	-1.190162e+03	1.833550e+05
1.010310e+00	1.667013e+05	-1.309742e-01	2.316084e-01	0.000000e+00	-1.005088e+03	1.677064e+05
1.011500e+00	1.659240e+05	-1.312500e-01	2.318440e-01	0.000000e+00	-8.100591e+02	1.667340e+05
1.012690e+00	1.855346e+05	-1.315260e-01	2.320929e-01	0.000000e+00	0.000000e+00	1.855346e+05
1.013880e+00	1.941238e+05	-1.318023e-01	2.323617e-01	0.000000e+00	-4.018491e+02	1.945256e+05
1.015070e+00	1.835441e+05	-1.320790e-01	2.326292e-01	0.000000e+00	-4.384871e+02	1.839826e+05
1.016260e+00	1.804532e+05	-1.323560e-01	2.328870e-01	0.000000e+00	-8.375124e+02	1.812907e+05
1.017450e+00	1.757857e+05	-1.326333e-01	2.331392e-01	0.000000e+00	-1.717649e+02	1.759574e+05
1.018640e+00	1.933020e+05	-1.329109e-01	2.334006e-01	0.000000e+00	-6.713949e+02	1.939734e+05
1.019830e+00	1.720587e+05	-1.331888e-01	2.336594e-01	0.000000e+00	-6.384591e+02	1.726971e+05
1.021020e+00	1.830660e+05	-1.334670e-01	2.339108e-01	0.000000e+00	-2.732596e+03	1.857986e+05
1.022210e+00	1.810931e+05	-1.337455e-01	2.341687e-01	0.000000e+00	-1.949696e+03	1.830428e+05
1.023400e+00	1.733242e+05	-1.340243e-01	2.344197e-01	0.000000e+00	-5.616025e+02	1.738858e+05
1.024590e+00	1.777114e+05	-1.343034e-01	2.346683e-01	0.000000e+00	-3.286592e+02	1.780401e+05
1.025780e+00	1.864426e+05	-1.345828e-01	2.349262e-01	0.000000e+00	-1.352013e+03	1.877946e+05
1.026970e+00	1.966969e+05	-1.348625e-01	2.351975e-01	0.000000e+00	-1.478090e+02	1.968447e+05
1.028160e+00	1.915445e+05	-1.351426e-01	2.354724e-01	0.000000e+00	-1.116879e+03	1.926613e+05
1.029350e+00	1.942107e+05	-1.354230e-01	2.357456e-01	0.000000e+00	-4.159843e+02	1.946267e+05
1.030540e+00	1.940893e+05	-1.357037e-01	2.360206e-01	0.000000e+00	-2.725809e+02	1.943619e+05
1.031730e+00	1.614754e+05	-1.359847e-01	2.362724e-01	0.000000e+00	-3.560713e+03	1.650361e+05
1.032920e+00	1.688116e+05	-1.362660e-01	2.365063e-01	0.000000e+00	-3.683863e+02	1.691800e+05
1.034110e+00	1.876121e+05	-1.365476e-01	2.367587e-01	0.000000e+00	-4.589843e+02	1.880711e+05
1.035300e+00	1.854218e+05	-1.368295e-01	2.370229e-01	0.000000e+00	-8.015584e+02	1.862233e+05
1.036490e+00	1.870137e+05	-1.371117e-01	2.372866e-01	0.000000e+00	-4.201296e+02	1.874338e+05
1.037680e+00	1.799015e+05	-1.373942e-01	2.375465e-01	0.000000e+00	-8.063191e+02	1.807078e+05
1.038870e+00	1.720767e+05	-1.376770e-01	2.377957e-01	0.000000e+00	-2.120941e+03	1.741977e+05
1.040060e+00	1.875945e+05	-1.379602e-01	2.380504e-01	0.000000e+00	-1.481664e+03	1.890762e+05
1.041250e+00	1.840644e+05	-1.382436e-01	2.383136e-01	0.000000e+00	-1.412739e+03	1.854772e+05
1.042440e+00	1.712968e+05	-1.385274e-01	2.385653e-01	0.000000e+00	-3.874907e+02	1.716843e+05
1.043630e+00	1.822453e+05	-1.388114e-01	2.388156e-01	0.000000e+00	-9.110946e+02	1.831564e+05
1.044820e+00	1.808094e+05	-1.390957e-01	2.390727e-01	0.000000e+00	-1.390558e+03	1.822000e+05
1.046010e+00	1.707852e+05	-1.393804e-01	2.393217e-01	0.000000e+00	-1.657027e+03	1.724422e+05
1.047200e+00	1.778935e+05	-1.396653e-01	2.395687e-01	0.000000e+00	-2.145301e+03	1.800388e+05
1.048390e+00	1.697591e+05	-1.399506e-01	2.398148e-01	0.000000e+00	-2.919083e+02	1.700510e+05
1.049580e+00	1.807758e+05	-1.402361e-01	2.400631e-01	0.000000e+00	0.000000e+00	1.807758e+05
1.050770e+00	1.937721e+05	-1.405219e-01	2.403283e-01	0.000000e+00	0.000000e+00	1.937721e+05
1.051960e+00	1.902092e+05	-1.408081e-01	2.406002e-01	0.000000e+00	-1.255748e+02	1.903347e+05
1.053150e+00	1.763826e+05	-1.410945e-01	2.408599e-01	0.000000e+00	-1.105265e+03	1.774878e+05
1.054340e+00	1.702044e+05	-1.413813e-01	2.411053e-01	0.000000e+00	-8.316648e+02	1.710361e+05
1.055530e+00	1.936243e+05	-1.416684e-01	2.413629e-01	0.000000e+00	-1.016882e+03	1.946412e+05
1.056720e+00	1.748345e+05	-1.419557e-01	2.416239e-01	0.000000e+00	-1.122294e+03	1.759568e+05
1.057910e+00	2.089407e+05	-1.422434e-01	2.418957e-01	0.000000e+00	-1.315195e+03	2.102559e+05
1.059100e+00	1.888540e+05	-1.425315e-01	2.421774e-01	0.000000e+00	-1.320277e+03	1.901743e+05
1.060290e+00	1.929709e+05	-1.428198e-01	2.424478e-01	0.000000e+00	-1.566208e+03	1.945371e+05
1.061480e+00	1.836471e+05	-1.431085e-01	2.427145e-01	0.000000e+00	0.000000e+00	1.836471e+05
1.062670e+00	1.641854e+05	-1.433975e-01	2.429608e-01	0.000000e+00	-1.113251e+02	1.642967e+05
1.063860e+00	1.856756e+05	-1.436867e-01	2.432085e-01	0.000000e+00	-1.569347e+03	1.872449e+05
1.065050e+00	1.711230e+05	-1.439763e-01	2.434612e-01	0.000000e+00	-7.017354e+02	1.718248e+05
1.066240e+00	1.927848e+05	-1.442662e-01	2.437189e-01	0.000000e+00	-1.288391e+03	1.940732e+05
1.067430e+00	1.922137e+05	-1.445564e-01	2.439916e-01	0.000000e+00	-1.782545e+03	1.939963e+05
1.068620e+00	1.752403e+05	-1.448469e-01	2.442518e-01	0.000000e+00	-1.014668e+03	1.762550e+05
1.069810e+00	1.820792e+05	-1.451377e-01	2.445048e-01	0.000000e+00	-2.546773e+02	1.823339e+05
1.071000e+00	1.619753e+05	-1.454288e-01	2.447485e-01	0.000000e+00	0.000000e+00	1.619753e+05
1.072190e+00	1.909327e+05	-1.457202e-01	2.449984e-01	0.000000e+00	0.000000e+00	1.909327e+05
1.073380e+00	1.855646e+05	-1.460119e-01	2.452650e-01	0.000000e+00	0.000000e+00	1.855646e+05
1.074570e+00	1.875877e+05	-1.463039e-01	2.455293e-01	0.000000e+00	-4.878716e+00	1.875926e+05
1.075760e+00	1.629770e+05	-1.465962e-01	2.457775e-01	0.000000e+00	-8.354574e+02	1.638125e+05
1.076950e+00	1.892123e+05	-1.468889e-01	2.460269e-01	0.000000e+00	-4.963644e+02	1.897087e+05
1.078140e+00	1.821928e+05	-1.471818e-01	2.462899e-01	0.000000e+00	-4.873547e+02	1.826802e+05
1.079330e+00	1.808136e+05	-1.474750e-01	2.465470e-01	0.000000e+00	-8.335580e+02	1.816472e+05
1.080520e+00	1.924865e+05	-1.477686e-01	2.468114e-01	0.000000e+00	-1.062221e+03	1.935487e+05
1.081710e+00	1.844177e+05	-1.480624e-01	2.470783e-01	0.000000e+00	-5.114338e+02	1.849291e+05
1.082900e+00	1.961918e+05	-1.483566e-01	2.473478e-01	0.000000e+00	-1.695105e+03	1.978869e+05
1.084090e+00	2.070670e+05	-1.486511e-01	2.476334e-01	0.000000e+00	-1.626690e+03	2.086937e+05
1.085280e+00	1.783594e+05	-1.489460e-01	2.479063e-01	0.000000e+00	-9.962120e+00	1.783694e+05
1.086470e+00	1.799173e+05	-1.492411e-01	2.481601e-01	0.000000e+00	-8.051094e+02	1.807224e+05
1.087660e+00	1.853753e+05	-1.495366e-01	2.484187e-01	0.000000e+00	-8.755629e+02	1.862509e+05
1.088850e+00	1.675438e+05	-1.498324e-01	2.486687e-01	0.000000e+00	0.000000e+00	1.675438e+05
1.090040e+00	1.895556e+05	-1.501284e-01	2.489215e-01	0.000000e+00	-2.740155e+02	1.898296e+05
1.091230e+00	1.736667e+05	-1.504248e-01	2.491788e-01	0.000000e+00	-5.663206e+02	1.742330e+05
1.092420e+00	1.764821e+05	-1.507215e-01	2.494267e-01	0.000000e+00	0.000000e+00	1.764821e+05
1.093610e+00	1.702026e+05	-1.510185e-01	2.496722e-01	0.000000e+00	-6.288379e+02	1.708314e+05
1.094800e+00	1.713075e+05	-1.513157e-01	2.499141e-01	0.000000e+00	-2.441244e+03	1.737487e+05
1.095990e+00	1.838616e+05	-1.516132e-01	2.501656e-01	0.000000e+00	-2.912625e+02	1.841528e+05
1.097180e+00	1.793856e+05	-1.519111e-01	2.504228e-01	0.000000e+00	0.000000e+00	1.793856e+05
1.098370e+00	1.711390e+05	-1.522093e-01	2.506711e-01	0.000000e+00	0.000000e+00	1.711390e+05
1.099560e+00	1.772338e+05	-1.525077e-01	2.509178e-01	0.000000e+00	0.000000e+00	1.772338e+05
1.100750e+00	1.826698e+05	-1.528064e-01	2.511727e-01	0.000000e+00	0.000000e+00	1.826698e+05
1.101940e+00	1.698374e+05	-1.531055e-01	2.514223e-01	0.000000e+00	-9.638521e+01	1.699338e+05
1.103130e+00	1.733784e+05	-1.534048e-01	2.516653e-01	0.000000e+00	-1.557839e+03	1.749362e+05
1.104320e+00	1.849905e+05	-1.537045e-01	2.519191e-01	0.000000e+00	-9.269803e+02	1.859175e+05
1.105510e+00	2.080198e+05	-1.540044e-01	2.521974e-01	0.000000e+00	-7.801403e+02	2.087999e+05
1.106700e+00	2.118816e+05	-1.543047e-01	2.524948e-01	0.000000e+00	-1.801361e+02	2.120617e+05
1.107890e+00	1.971154e+05	-1.546053e-01	2.527844e-01	0.000000e+00	-1.409002e+03	1.985244e+05
1.109080e+00	1.907213e+05	-1.549063e-01	2.530591e-01	0.000000e+00	-7.862135e+02	1.915075e+05
1.110270e+00	1.790699e+05	-1.552076e-01	2.533210e-01	0.000000e+00	-1.098062e+03	1.801680e+05
1.111460e+00	1.909062e+05	-1.555092e-01	2.535830e-01	0.000000e+00	-1.032807e+03	1.919390e+05
1.112650e+00	1.849948e+05	-1.558111e-01	2.538492e-01	0.000000e+00	-5.357960e+02	1.855306e+05
1.113840e+00	1.903809e+05	-1.561134e-01	2.541150e-01	0.000000e+00	0.000000e+00	1.903809e+05
1.115030e+00	1.787517e+05	-1.564159e-01	2.543764e-01	0.000000e+00	-8.392325e+02	1.795909e+05
1.116220e+00	1.823955e+05	-1.567188e-01	2.546322e-01	0.000000e+00	-1.397503e+03	1.837930e+05
1.117410e+00	1.649768e+05	-1.570220e-01	2.548781e-01	0.000000e+00	-2.842732e+02	1.652611e+05
1.118600e+00	1.751522e+05	-1.573254e-01	2.551190e-01	0.000000e+00	0.000000e+00	1.751522e+05
1.119790e+00	1.839078e+05	-1.576291e-01	2.553733e-01	0.000000e+00	-3.502414e+02	1.842581e+05
1.120980e+00	1.739705e+05	-1.579332e-01	2.556267e-01	0.000000e+00	-9.023681e+02	1.748729e+05
1.122170e+00	1.777909e+05	-1.582375e-01	2.558758e-01	0.000000e+00	-1.268399e+03	1.790593e+05
1.123360e+00	1.950483e+05	-1.585422e-01	2.561399e-01	0.000000e+00	-3.785449e+02	1.954269e+05
1.124550e+00	1.764230e+05	-1.588471e-01	2.564029e-01	0.000000e+00	-8.510955e+02	1.772741e+05
1.125740e+00	1.727111e+05	-1.591524e-01	2.566502e-01	0.000000e+00	-1.291368e+03	1.740025e+05
1.126930e+00	1.872372e+05	-1.594580e-01	2.569051e-01	0.000000e+00	0.000000e+00	1.872372e+05
1.128120e+00	1.995265e+05	-1.597638e-01	2.571790e-01	0.000000e+00	0.000000e+00	1.995265e+05
1.129310e+00	1.804542e+05	-1.600701e-01	2.574481e-01	0.000000e+00	0.000000e+00	1.804542e+05
1.130500e+00	1.866810e+05	-1.603766e-01	2.577080e-01	0.000000e+00	-5.452774e+01	1.867356e+05
1.131690e+00	1.737627e+05	-1.606834e-01	2.579633e-01	0.000000e+00	-7.858084e+02	1.745485e+05
1.132880e+00	1.958970e+05	-1.609905e-01	2.582251e-01	0.000000e+00	0.000000e+00	1.958970e+05
1.134070e+00	1.738261e+05	-1.612980e-01	2.584869e-01	0.000000e+00	0.000000e+00	1.738261e+05
1.135260e+00	1.690375e+05	-1.616057e-01	2.587297e-01	0.000000e+00	0.000000e+00	1.690375e+05
1.136450e+00	1.704543e+05	-1.619138e-01	2.589701e-01	0.000000e+00	-8.746594e+02	1.713290e+05
1.137640e+00	1.867715e+05	-1.622221e-01	2.592231e-01	0.000000e+00	-1.073343e+03	1.878448e+05
1.138830e+00	1.908914e+05	-1.625307e-01	2.594905e-01	0.000000e+00	-5.730058e+02	1.914644e+05
1.140020e+00	1.930336e+05	-1.628397e-01	2.597624e-01	0.000000e+00	-7.404074e+02	1.937740e+05
1.141210e+00	1.892631e+05	-1.631489e-01	2.600332e-01	0.000000e+00	-9.402649e+02	1.902034e+05
1.142400e+00	1.768790e+05	-1.634585e-01	2.602924e-01	0.000000e+00	0.000000e+00	1.768790e+05
1.143590e+00	1.878682e+05	-1.637684e-01	2.605507e-01	0.000000e+00	0.000000e+00	1.878682e+05
1.144780e+00	2.038390e+05	-1.640786e-01	2.608281e-01	0.000000e+00	0.000000e+00	2.038390e+05
1.145970e+00	1.925192e+05	-1.643892e-01	2.611088e-01	0.000000e+00	0.000000e+00	1.925192e+05
1.147160e+00	1.889238e+05	-1.647001e-01	2.613790e-01	0.000000e+00	-1.037849e+02	1.890276e+05
1.148350e+00	1.884409e+05	-1.650113e-01	2.616462e-01	0.000000e+00	-7.365512e+02	1.891775e+05
1.149540e+00	1.838849e+05	-1.653228e-01	2.619099e-01	0.000000e+00	0.000000e+00	1.838849e+05
1.150730e+00	1.886527e+05	-1.656346e-01	2.621737e-01	0.000000e+00	-1.353026e+03	1.900057e+05
1.151920e+00	1.882492e+05	-1.659468e-01	2.624406e-01	0.000000e+00	-3.276461e+02	1.885769e+05
1.153110e+00	1.778370e+05	-1.662592e-01	2.626998e-01	0.000000e+00	0.000000e+00	1.778370e+05
1.154300e+00	1.799639e+05	-1.665720e-01	2.629532e-01	0.000000e+00	-1.583290e+03	1.815472e+05
1.155490e+00	1.856887e+05	-1.668851e-01	2.632122e-01	0.000000e+00	-7.394057e+02	1.864281e+05
1.156680e+00	1.800480e+05	-1.671984e-01	2.634712e-01	0.000000e+00	-2.336278e+02	1.802816e+05
1.157870e+00	1.887193e+05	-1.675121e-01	2.637323e-01	0.000000e+00	-8.050214e+02	1.895243e+05
1.159060e+00	1.826525e+05	-1.678261e-01	2.639953e-01	0.000000e+00	-1.170100e+03	1.838226e+05
1.160250e+00	1.865839e+05	-1.681404e-01	2.642568e-01	0.000000e+00	-5.105727e+02	1.870944e+05
1.161440e+00	1.951398e+05	-1.684551e-01	2.645271e-01	0.000000e+00	-1.290718e+03	1.964306e+05
1.162630e+00	1.818488e+05	-1.687700e-01	2.647941e-01	0.000000e+00	-1.082453e+03	1.829312e+05
1.163820e+00	1.936833e+05	-1.690853e-01	2.650600e-01	0.000000e+00	-1.478373e+02	1.938311e+05
1.165010e+00	1.918679e+05	-1.694009e-01	2.653330e-01	0.000000e+00	0.000000e+00	1.918679e+05
1.166200e+00	1.826942e+05	-1.697168e-01	2.655983e-01	0.000000e+00	0.000000e+00	1.826942e+05
1.167390e+00	1.798916e+05	-1.700330e-01	2.658551e-01	0.000000e+00	-1.575820e+02	1.800492e+05
1.168580e+00	1.816295e+05	-1.703495e-01	2.661111e-01	0.000000e+00	-6.827541e+02	1.823123e+05
1.169770e+00	1.760988e+05	-1.706663e-01	2.663644e-01	0.000000e+00	0.000000e+00	1.760988e+05
1.170960e+00	1.650542e+05	-1.709834e-01	2.666060e-01	0.000000e+00	0.000000e+00	1.650542e+05
1.172150e+00	1.763394e+05	-1.713008e-01	2.668478e-01	0.000000e+00	0.000000e+00	1.763394e+05
1.173340e+00	1.890938e+05	-1.716185e-01	2.671066e-01	0.000000e+00	0.000000e+00	1.890938e+05
1.174530e+00	1.923089e+05	-1.719366e-01	2.673767e-01	0.000000e+00	0.000000e+00	1.923089e+05
1.175720e+00	1.884130e+05	-1.722549e-01	2.676463e-01	0.000000e+00	0.000000e+00	1.884130e+05
1.176910e+00	1.837332e+05	-1.725736e-01	2.679098e-01	0.000000e+00	0.000000e+00	1.837332e+05
1.178100e+00	1.858006e+05	-1.728925e-01	2.681715e-01	0.000000e+00	0.000000e+00	1.858006e+05
1.179290e+00	1.900001e+05	-1.732118e-01	2.684376e-01	0.000000e+00	0.000000e+00	1.900001e+05
1.180480e+00	1.997846e+05	-1.735314e-01	2.687137e-01	0.000000e+00	0.000000e+00	1.997846e+05
1.181670e+00	2.060476e+05	-1.738513e-01	2.690011e-01	0.000000e+00	-1.111883e+02	2.061588e+05
1.182860e+00	1.953034e+05	-1.741716e-01	2.692853e-01	0.000000e+00	-7.291478e+02	1.960326e+05
1.184050e+00	1.857883e+05	-1.744922e-01	2.695552e-01	0.000000e+00	0.000000e+00	1.857883e+05
1.185240e+00	1.757086e+05	-1.748132e-01	2.698112e-01	0.000000e+00	-6.896334e+02	1.763982e+05
1.186430e+00	1.894389e+05	-1.751344e-01	2.700697e-01	0.000000e+00	-1.507027e+02	1.895896e+05
1.187620e+00	1.919946e+05	-1.754559e-01	2.703399e-01	0.000000e+00	-7.483924e+01	1.920695e+05
1.188810e+00	1.946135e+05	-1.757778e-01	2.706136e-01	0.000000e+00	-7.654969e+02	1.953790e+05
1.190000e+00	9.542671e+04	-1.761000e-01	2.708190e-01	0.000000e+00	0.000000e+00	9.542671e+04
