#x	rho	phi	ex	bz	rhok[0]	rhok[1]
0.000000e+00	-2.240517e+03	0.000000e+00	3.038511e-02	0.000000e+00	-3.700966e+03	1.460449e+03
1.190000e-03	-4.015317e+03	-3.615639e-05	3.038068e-02	0.000000e+00	-7.779359e+03	3.764042e+03
2.380000e-03	-1.214262e+03	-7.230601e-05	3.037697e-02	0.000000e+00	-8.041599e+03	6.827337e+03
3.570000e-03	8.354746e+03	-1.084536e-04	3.038203e-02	0.000000e+00	-4.246078e+03	1.260082e+04
4.760000e-03	6.479967e+03	-1.446152e-04	3.039254e-02	0.000000e+00	-7.956184e+03	1.443615e+04
5.950000e-03	4.584438e+03	-1.807878e-04	3.040037e-02	0.000000e+00	-9.835977e+03	1.442041e+04
7.140000e-03	1.275204e+04	-2.169681e-04	3.041265e-02	0.000000e+00	-8.329938e+03	2.108197e+04
8.330000e-03	1.794426e+04	-2.531699e-04	3.043439e-02	0.000000e+00	-6.361552e+03	2.430581e+04
9.520000e-03	2.311865e+04	-2.894020e-04	3.046347e-02	0.000000e+00	-3.395752e+03	2.651440e+04
1.071000e-02	1.801730e+04	-3.256730e-04	3.049260e-02	0.000000e+00	-5.197901e+03	2.321521e+04
1.190000e-02	1.995343e+04	-3.619743e-04	3.051949e-02	0.000000e+00	-6.709008e+03	2.666244e+04
1.309000e-02	1.802548e+04	-3.983093e-04	3.054638e-02	0.000000e+00	-8.536600e+03	2.656208e+04
1.428000e-02	2.187872e+04	-4.346747e-04	3.057464e-02	0.000000e+00	-5.832517e+03	2.771124e+04
1.547000e-02	2.331543e+04	-4.710770e-04	3.060665e-02	0.000000e+00	-6.637572e+03	2.995300e+04
1.666000e-02	2.559816e+04	-5.075185e-04	3.064128e-02	0.000000e+00	-7.740474e+03	3.333863e+04
1.785000e-02	2.178615e+04	-5.440032e-04	3.067484e-02	0.000000e+00	-7.218986e+03	2.900513e+04
1.904000e-02	3.220393e+04	-5.805247e-04	3.071307e-02	0.000000e+00	-3.100982e+03	3.530491e+04
2.023000e-02	3.798022e+04	-6.171004e-04	3.076278e-02	0.000000e+00	-4.350947e+03	4.233117e+04
2.142000e-02	3.110447e+04	-6.537401e-04	3.081170e-02	0.000000e+00	-5.705021e+03	3.680949e+04
2.261000e-02	3.215764e+04	-6.904322e-04	3.085650e-02	0.000000e+00	-9.118037e+03	4.127568e+04
2.380000e-02	3.678514e+04	-7.271785e-04	3.090532e-02	0.000000e+00	-8.099504e+03	4.488464e+04
2.499000e-02	3.917323e+04	-7.639869e-04	3.095911e-02	0.000000e+00	-6.168252e+03	4.534148e+04
2.618000e-02	3.517820e+04	-8.008612e-04	3.101177e-02	0.000000e+00	-4.710859e+03	3.988906e+04
2.737000e-02	4.286097e+04	-8.377949e-04	3.106703e-02	0.000000e+00	-5.024318e+03	4.788529e+04
2.856000e-02	3.812012e+04	-8.748008e-04	3.112438e-02	0.000000e+00	-1.038571e+04	4.850583e+04
2.975000e-02	3.889075e+04	-9.118709e-04	3.117891e-02	0.000000e+00	-6.166461e+03	4.505721e+04
3.094000e-02	3.614542e+04	-9.490066e-04	3.123205e-02	0.000000e+00	-5.890379e+03	4.203580e+04
3.213000e-02	4.767977e+04	-9.862032e-04	3.129141e-02	0.000000e+00	-7.750345e+03	5.543012e+04
3.332000e-02	4.525005e+04	-1.023480e-03	3.135722e-02	0.000000e+00	-8.477825e+03	5.372788e+04
3.451000e-02	5.291445e+04	-1.060833e-03	3.142674e-02	0.000000e+00	-6.144186e+03	5.905864e+04
3.570000e-02	5.491757e+04	-1.098276e-03	3.150310e-02	0.000000e+00	-5.285589e+03	6.020316e+04
3.689000e-02	4.995430e+04	-1.135811e-03	3.157737e-02	0.000000e+00	-6.730578e+03	5.668487e+04
3.808000e-02	4.378693e+04	-1.173430e-03	3.164375e-02	0.000000e+00	-9.104952e+03	5.289188e+04
3.927000e-02	4.902642e+04	-1.211123e-03	3.170948e-02	0.000000e+00	-7.326319e+03	5.635274e+04
4.046000e-02	6.334568e+04	-1.248898e-03	3.178906e-02	0.000000e+00	-5.268989e+03	6.861466e+04
4.165000e-02	6.419957e+04	-1.286781e-03	3.187938e-02	0.000000e+00	-4.053626e+03	6.825319e+04
4.284000e-02	6.167528e+04	-1.324771e-03	3.196852e-02	0.000000e+00	-3.211539e+03	6.488682e+04
4.403000e-02	5.965271e+04	-1.362866e-03	3.205444e-02	0.000000e+00	-2.889948e+03	6.254266e+04
4.522000e-02	6.431836e+04	-1.401061e-03	3.214224e-02	0.000000e+00	-1.696746e+03	6.601510e+04
4.641000e-02	6.404392e+04	-1.439364e-03	3.223314e-02	0.000000e+00	-3.558425e+03	6.760235e+04
4.760000e-02	6.790262e+04	-1.477776e-03	3.232658e-02	0.000000e+00	-6.720661e+03	7.462328e+04
4.879000e-02	6.540232e+04	-1.516302e-03	3.242098e-02	0.000000e+00	-5.558619e+03	7.096093e+04
4.998000e-02	6.411591e+04	-1.554938e-03	3.251270e-02	0.000000e+00	-7.419637e+03	7.153555e+04
5.117000e-02	6.130904e+04	-1.593682e-03	3.260152e-02	0.000000e+00	-5.866739e+03	6.717578e+04
5.236000e-02	5.740303e+04	-1.632529e-03	3.268559e-02	0.000000e+00	-5.975096e+03	6.337813e+04
5.355000e-02	6.825766e+04	-1.671474e-03	3.277458e-02	0.000000e+00	-6.190908e+03	7.444856e+04
5.474000e-02	7.777322e+04	-1.710533e-03	3.287799e-02	0.000000e+00	-4.708150e+03	8.248137e+04
5.593000e-02	7.463240e+04	-1.749723e-03	3.298592e-02	0.000000e+00	-7.094388e+03	8.172679e+04
5.712000e-02	6.848171e+04	-1.789039e-03	3.308727e-02	0.000000e+00	-7.797865e+03	7.627957e+04
5.831000e-02	7.196286e+04	-1.828471e-03	3.318672e-02	0.000000e+00	-7.836586e+03	7.979945e+04
5.950000e-02	8.157279e+04	-1.868024e-03	3.329545e-02	0.000000e+00	-7.159629e+03	8.873242e+04
6.069000e-02	7.788240e+04	-1.907714e-03	3.340837e-02	0.000000e+00	-4.272599e+03	8.215500e+04
6.188000e-02	9.008878e+04	-1.947536e-03	3.352733e-02	0.000000e+00	-3.561099e+03	9.364988e+04
6.307000e-02	9.157663e+04	-1.987509e-03	3.365597e-02	0.000000e+00	-3.821303e+03	9.539794e+04
6.426000e-02	9.799953e+04	-2.027637e-03	3.379023e-02	0.000000e+00	-3.546832e+03	1.015464e+05
6.545000e-02	8.277641e+04	-2.067930e-03	3.391824e-02	0.000000e+00	-7.274062e+03	9.005047e+04
6.664000e-02	7.001968e+04	-2.108362e-03	3.402645e-02	0.000000e+00	-7.330894e+03	7.735058e+04
6.783000e-02	6.236065e+04	-2.148913e-03	3.412020e-02	0.000000e+00	-4.683535e+03	6.704418e+04
6.902000e-02	7.638183e+04	-2.189568e-03	3.421845e-02	0.000000e+00	-5.752643e+03	8.213447e+04
7.021000e-02	8.180999e+04	-2.230353e-03	3.433047e-02	0.000000e+00	-7.684116e+03	8.949410e+04
7.140000e-02	8.346759e+04	-2.271275e-03	3.444752e-02	0.000000e+00	-3.769031e+03	8.723662e+04
7.259000e-02	8.143375e+04	-2.312338e-03	3.456430e-02	0.000000e+00	-2.923222e+03	8.435697e+04
7.378000e-02	8.463763e+04	-2.353538e-03	3.468190e-02	0.000000e+00	-4.436772e+03	8.907440e+04
7.497000e-02	8.526918e+04	-2.394881e-03	3.480222e-02	0.000000e+00	-7.802733e+03	9.307191e+04
7.616000e-02	8.175468e+04	-2.436367e-03	3.492050e-02	0.000000e+00	-6.847049e+03	8.860173e+04
7.735000e-02	8.739100e+04	-2.477992e-03	3.504029e-02	0.000000e+00	-7.483518e+03	9.487452e+04
7.854000e-02	8.468327e+04	-2.519763e-03	3.516214e-02	0.000000e+00	-4.311955e+03	8.899522e+04
7.973000e-02	9.623360e+04	-2.561677e-03	3.529026e-02	0.000000e+00	-3.725338e+03	9.995894e+04
8.092000e-02	1.044267e+05	-2.603754e-03	3.543236e-02	0.000000e+00	-2.527270e+03	1.069540e+05
8.211000e-02	9.253799e+04	-2.646007e-03	3.557185e-02	0.000000e+00	-4.445411e+03	9.698340e+04
8.330000e-02	9.544316e+04	-2.688415e-03	3.570497e-02	0.000000e+00	-6.100049e+03	1.015432e+05
8.449000e-02	9.146414e+04	-2.730984e-03	3.583733e-02	0.000000e+00	-5.582406e+03	9.704654e+04
8.568000e-02	8.812234e+04	-2.773708e-03	3.596451e-02	0.000000e+00	-3.894999e+03	9.201734e+04
8.687000e-02	9.778975e+04	-2.816580e-03	3.609616e-02	0.000000e+00	-4.995503e+03	1.027853e+05
8.806000e-02	9.721466e+04	-2.859617e-03	3.623426e-02	0.000000e+00	-4.762487e+03	1.019771e+05
8.925000e-02	1.035300e+05	-2.902817e-03	3.637642e-02	0.000000e+00	-4.218675e+03	1.077487e+05
9.044000e-02	1.068344e+05	-2.946193e-03	3.652539e-02	0.000000e+00	-4.413810e+03	1.112482e+05
9.163000e-02	9.516876e+04	-2.989748e-03	3.666844e-02	0.000000e+00	-7.178223e+03	1.023470e+05
9.282000e-02	1.055969e+05	-3.033463e-03	3.681062e-02	0.000000e+00	-5.648071e+03	1.112449e+05
9.401000e-02	9.786350e+04	-3.077357e-03	3.695470e-02	0.000000e+00	-8.753027e+03	1.066165e+05
9.520000e-02	9.984970e+04	-3.121416e-03	3.709471e-02	0.000000e+00	-7.784159e+03	1.076339e+05
9.639000e-02	9.869444e+04	-3.165643e-03	3.723532e-02	0.000000e+00	-5.590838e+03	1.042853e+05
9.758000e-02	1.021109e+05	-3.210036e-03	3.737752e-02	0.000000e+00	-5.835731e+03	1.079467e+05
9.877000e-02	1.090116e+05	-3.254601e-03	3.752703e-02	0.000000e+00	-5.893606e+03	1.149052e+05
9.996000e-02	9.650314e+04	-3.299350e-03	3.767257e-02	0.000000e+00	-1.054225e+04	1.070454e+05
1.011500e-01	1.005397e+05	-3.344262e-03	3.781211e-02	0.000000e+00	-5.987438e+03	1.065272e+05
1.023400e-01	1.137155e+05	-3.389343e-03	3.796383e-02	0.000000e+00	-5.403386e+03	1.191189e+05
1.035300e-01	9.156093e+04	-3.434616e-03	3.810920e-02	0.000000e+00	-7.882418e+03	9.944335e+04
1.047200e-01	1.022075e+05	-3.480043e-03	3.824642e-02	0.000000e+00	-4.676337e+03	1.068838e+05
1.059100e-01	9.535355e+04	-3.525642e-03	3.838633e-02	0.000000e+00	-5.836321e+03	1.011899e+05
1.071000e-01	1.141109e+05	-3.571402e-03	3.853467e-02	0.000000e+00	-5.816175e+03	1.199271e+05
1.082900e-01	1.087059e+05	-3.617355e-03	3.869246e-02	0.000000e+00	-6.115032e+03	1.148210e+05
1.094800e-01	1.146137e+05	-3.663490e-03	3.885060e-02	0.000000e+00	-4.918343e+03	1.195321e+05
1.106700e-01	1.053836e+05	-3.709819e-03	3.900640e-02	0.000000e+00	-5.812849e+03	1.111965e+05
1.118600e-01	1.024029e+05	-3.756326e-03	3.915354e-02	0.000000e+00	-4.316333e+03	1.067192e+05
1.130500e-01	1.098348e+05	-3.803005e-03	3.930384e-02	0.000000e+00	-3.964410e+03	1.137992e+05
1.142400e-01	1.027894e+05	-3.849869e-03	3.945442e-02	0.000000e+00	-6.769836e+03	1.095593e+05
1.154300e-01	1.143860e+05	-3.896906e-03	3.960821e-02	0.000000e+00	-7.133336e+03	1.215194e+05
1.166200e-01	1.136360e+05	-3.944136e-03	3.976969e-02	0.000000e+00	-4.009412e+03	1.176454e+05
1.178100e-01	1.123909e+05	-3.991558e-03	3.992975e-02	0.000000e+00	-5.450514e+03	1.178414e+05
1.190000e-01	1.168645e+05	-4.039169e-03	4.009211e-02	0.000000e+00	-2.995648e+03	1.198601e+05
1.201900e-01	1.452981e+05	-4.086977e-03	4.027776e-02	0.000000e+00	-3.366795e+03	1.486649e+05
1.213800e-01	1.318455e+05	-4.135030e-03	4.047402e-02	0.000000e+00	-2.282955e+03	1.341285e+05
1.225700e-01	1.151814e+05	-4.183305e-03	4.064896e-02	0.000000e+00	-2.717169e+03	1.178985e+05
1.237600e-01	1.362429e+05	-4.231775e-03	4.082701e-02	0.000000e+00	-4.758088e+03	1.410010e+05
1.249500e-01	1.337584e+05	-4.280474e-03	4.101821e-02	0.000000e+00	-5.868459e+03	1.396268e+05
1.261400e-01	1.306511e+05	-4.329398e-03	4.120546e-02	0.000000e+00	-6.956280e+03	1.376074e+05
1.273300e-01	1.105786e+05	-4.378543e-03	4.137629e-02	0.000000e+00	-7.682207e+03	1.182608e+05
1.285200e-01	1.209317e+05	-4.427874e-03	4.154024e-02	0.000000e+00	-4.702403e+03	1.256341e+05
1.297100e-01	1.168611e+05	-4.477408e-03	4.170863e-02	0.000000e+00	-3.558256e+03	1.204193e+05
1.309000e-01	1.098158e+05	-4.527140e-03	4.186916e-02	0.000000e+00	-4.382691e+03	1.141985e+05
1.320900e-01	1.159145e+05	-4.577057e-03	4.202901e-02	0.000000e+00	-4.755356e+03	1.206698e+05
1.332800e-01	1.294235e+05	-4.627169e-03	4.220275e-02	0.000000e+00	-5.963182e+03	1.353867e+05
1.344700e-01	1.285326e+05	-4.677499e-03	4.238543e-02	0.000000e+00	-6.709115e+03	1.352417e+05
1.356600e-01	1.229053e+05	-4.728046e-03	4.256349e-02	0.000000e+00	-4.392334e+03	1.272977e+05
1.368500e-01	1.321571e+05	-4.778801e-03	4.274411e-02	0.000000e+00	-3.552212e+03	1.357093e+05
1.380400e-01	1.281913e+05	-4.829777e-03	4.292848e-02	0.000000e+00	-2.463274e+03	1.306546e+05
1.392300e-01	1.397752e+05	-4.880970e-03	4.311825e-02	0.000000e+00	-2.149483e+03	1.419247e+05
1.404200e-01	1.319651e+05	-4.932399e-03	4.331068e-02	0.000000e+00	-5.378692e+03	1.373437e+05
1.416100e-01	1.319151e+05	-4.984050e-03	4.349755e-02	0.000000e+00	-8.373468e+03	1.402886e+05
1.428000e-01	1.154080e+05	-5.035923e-03	4.367270e-02	0.000000e+00	-6.025807e+03	1.214338e+05
1.439900e-01	1.192910e+05	-5.087991e-03	4.383891e-02	0.000000e+00	-7.022541e+03	1.263135e+05
1.451800e-01	1.207322e+05	-5.140260e-03	4.400888e-02	0.000000e+00	-7.098360e+03	1.278305e+05
1.463700e-01	1.285945e+05	-5.192732e-03	4.418545e-02	0.000000e+00	-6.629116e+03	1.352237e+05
1.475600e-01	1.275529e+05	-5.245421e-03	4.436684e-02	0.000000e+00	-6.282939e+03	1.338358e+05
1.487500e-01	1.167600e+05	-5.298325e-03	4.453985e-02	0.000000e+00	-7.650348e+03	1.244103e+05
1.499400e-01	1.358938e+05	-5.351426e-03	4.471877e-02	0.000000e+00	-4.972891e+03	1.408667e+05
1.511300e-01	1.393547e+05	-5.404756e-03	4.491370e-02	0.000000e+00	-7.179498e+03	1.465342e+05
1.523200e-01	1.292199e+05	-5.458320e-03	4.510389e-02	0.000000e+00	-8.721967e+03	1.379419e+05
1.535100e-01	1.348613e+05	-5.512103e-03	4.529090e-02	0.000000e+00	-5.979489e+03	1.408408e+05
1.547000e-01	1.526748e+05	-5.566113e-03	4.549453e-02	0.000000e+00	-3.196574e+03	1.558713e+05
1.558900e-01	1.342833e+05	-5.620380e-03	4.569774e-02	0.000000e+00	-5.676375e+03	1.399597e+05
1.570800e-01	1.373574e+05	-5.674873e-03	4.589011e-02	0.000000e+00	-6.655188e+03	1.440126e+05
1.582700e-01	1.453748e+05	-5.729598e-03	4.609033e-02	0.000000e+00	-4.367389e+03	1.497422e+05
1.594600e-01	1.360181e+05	-5.784568e-03	4.628960e-02	0.000000e+00	-2.075450e+03	1.380935e+05
1.606500e-01	1.530203e+05	-5.839768e-03	4.649429e-02	0.000000e+00	-4.389298e+03	1.574096e+05
1.618400e-01	1.340611e+05	-5.895225e-03	4.669759e-02	0.000000e+00	-6.218067e+03	1.402791e+05
1.630300e-01	1.292136e+05	-5.950908e-03	4.688403e-02	0.000000e+00	-7.502498e+03	1.367161e+05
1.642200e-01	1.437308e+05	-6.006809e-03	4.707732e-02	0.000000e+00	-6.960887e+03	1.506917e+05
1.654100e-01	1.390867e+05	-6.062952e-03	4.727760e-02	0.000000e+00	-5.943977e+03	1.450307e+05
1.666000e-01	1.350225e+05	-6.119329e-03	4.747172e-02	0.000000e+00	-4.842740e+03	1.398653e+05
1.677900e-01	1.321348e+05	-6.175935e-03	4.766091e-02	0.000000e+00	-6.230261e+03	1.383651e+05
1.689800e-01	1.432256e+05	-6.232762e-03	4.785591e-02	0.000000e+00	-3.738471e+03	1.469641e+05
1.701700e-01	1.368602e+05	-6.289832e-03	4.805425e-02	0.000000e+00	-2.388684e+03	1.392489e+05
1.713600e-01	1.326772e+05	-6.347132e-03	4.824513e-02	0.000000e+00	-4.702291e+03	1.373795e+05
1.725500e-01	1.363111e+05	-6.404655e-03	4.843562e-02	0.000000e+00	-4.156159e+03	1.404673e+05
1.737400e-01	1.298106e+05	-6.462408e-03	4.862408e-02	0.000000e+00	-6.346868e+03	1.361575e+05
1.749300e-01	1.352575e+05	-6.520380e-03	4.881179e-02	0.000000e+00	-6.753522e+03	1.420111e+05
1.761200e-01	1.396681e+05	-6.578580e-03	4.900648e-02	0.000000e+00	-2.404409e+03	1.420725e+05
1.773100e-01	1.363090e+05	-6.637016e-03	4.920192e-02	0.000000e+00	-3.427311e+03	1.397363e+05
1.785000e-01	1.537683e+05	-6.695681e-03	4.940734e-02	0.000000e+00	-3.693360e+03	1.574616e+05
1.796900e-01	1.517080e+05	-6.754605e-03	4.962367e-02	0.000000e+00	-3.369180e+03	1.550771e+05
1.808800e-01	1.579742e+05	-6.813785e-03	4.984297e-02	0.000000e+00	-4.247539e+03	1.622217e+05
1.820700e-01	1.315038e+05	-6.873232e-03	5.004797e-02	0.000000e+00	-4.997736e+03	1.365015e+05
1.832600e-01	1.422386e+05	-6.932899e-03	5.024183e-02	0.000000e+00	-5.090233e+03	1.473288e+05
1.844500e-01	1.571255e+05	-6.992807e-03	5.045383e-02	0.000000e+00	-4.615165e+03	1.617407e+05
1.856400e-01	1.356281e+05	-7.052980e-03	5.066114e-02	0.000000e+00	-6.384216e+03	1.420123e+05
1.868300e-01	1.428551e+05	-7.113381e-03	5.085836e-02	0.000000e+00	-4.344495e+03	1.471995e+05
1.880200e-01	1.449285e+05	-7.174022e-03	5.106215e-02	0.000000e+00	-8.105264e+03	1.530338e+05
1.892100e-01	1.314970e+05	-7.234909e-03	5.125791e-02	0.000000e+00	-5.272510e+03	1.367695e+05
1.904000e-01	1.485459e+05	-7.296016e-03	5.145623e-02	0.000000e+00	-5.096735e+03	1.536426e+05
1.915900e-01	1.511701e+05	-7.357374e-03	5.166847e-02	0.000000e+00	-4.172811e+03	1.553429e+05
1.927800e-01	1.453653e+05	-7.418987e-03	5.187847e-02	0.000000e+00	-4.148595e+03	1.495139e+05
1.939700e-01	1.389658e+05	-7.480845e-03	5.207982e-02	0.000000e+00	-5.496979e+03	1.444628e+05
1.951600e-01	1.500635e+05	-7.542937e-03	5.228450e-02	0.000000e+00	-6.098740e+03	1.561623e+05
1.963500e-01	1.521517e+05	-7.605282e-03	5.249852e-02	0.000000e+00	-6.560375e+03	1.587120e+05
1.975400e-01	1.579145e+05	-7.667884e-03	5.271810e-02	0.000000e+00	-2.100487e+03	1.600150e+05
1.987300e-01	1.546483e+05	-7.730751e-03	5.293945e-02	0.000000e+00	-2.726141e+03	1.573744e+05
1.999200e-01	1.455834e+05	-7.793880e-03	5.315206e-02	0.000000e+00	-6.918609e+03	1.525020e+05
2.011100e-01	1.410405e+05	-7.857253e-03	5.335504e-02	0.000000e+00	-3.578407e+03	1.446190e+05
2.023000e-01	1.478550e+05	-7.920865e-03	5.355962e-02	0.000000e+00	-4.417821e+03	1.522728e+05
2.034900e-01	1.310895e+05	-7.984725e-03	5.375716e-02	0.000000e+00	-5.548016e+03	1.366375e+05
2.046800e-01	1.447603e+05	-8.048807e-03	5.395251e-02	0.000000e+00	-5.779825e+03	1.505401e+05
2.058700e-01	1.557619e+05	-8.113132e-03	5.416533e-02	0.000000e+00	-7.494414e+03	1.632563e+05
2.070600e-01	1.508063e+05	-8.177720e-03	5.438243e-02	0.000000e+00	-6.676794e+03	1.574830e+05
2.082500e-01	1.446421e+05	-8.242562e-03	5.459165e-02	0.000000e+00	-4.319556e+03	1.489617e+05
2.094400e-01	1.551059e+05	-8.307648e-03	5.480392e-02	0.000000e+00	-3.465695e+03	1.585716e+05
2.106300e-01	1.686692e+05	-8.372996e-03	5.503321e-02	0.000000e+00	-6.010462e+03	1.746797e+05
2.118200e-01	1.677761e+05	-8.438627e-03	5.527147e-02	0.000000e+00	-3.173162e+03	1.709493e+05
2.130100e-01	1.847039e+05	-8.504542e-03	5.552108e-02	0.000000e+00	-3.079035e+03	1.877829e+05
2.142000e-01	1.658354e+05	-8.570767e-03	5.576932e-02	0.000000e+00	-4.495986e+03	1.703314e+05
2.153900e-01	1.707854e+05	-8.637273e-03	5.600771e-02	0.000000e+00	-4.092388e+03	1.748778e+05
2.165800e-01	1.495529e+05	-8.704066e-03	5.623456e-02	0.000000e+00	-2.515314e+03	1.520682e+05
2.177700e-01	1.526304e+05	-8.771111e-03	5.644855e-02	0.000000e+00	-2.805709e+03	1.554361e+05
2.189600e-01	1.507464e+05	-8.838413e-03	5.666339e-02	0.000000e+00	-6.888800e+03	1.576352e+05
2.201500e-01	1.609959e+05	-8.905970e-03	5.688416e-02	0.000000e+00	-4.379512e+03	1.653754e+05
2.213400e-01	1.537275e+05	-8.973798e-03	5.710704e-02	0.000000e+00	-4.757859e+03	1.584854e+05
2.225300e-01	1.688285e+05	-9.041885e-03	5.733546e-02	0.000000e+00	-4.993187e+03	1.738217e+05
2.237200e-01	1.668975e+05	-9.110256e-03	5.757321e-02	0.000000e+00	-4.495690e+03	1.713932e+05
2.249100e-01	1.537067e+05	-9.178909e-03	5.780025e-02	0.000000e+00	-2.005052e+03	1.557117e+05
2.261000e-01	1.649253e+05	-9.247821e-03	5.802589e-02	0.000000e+00	-5.821817e+03	1.707471e+05
2.272900e-01	1.535317e+05	-9.317010e-03	5.825141e-02	0.000000e+00	-5.530616e+03	1.590624e+05
2.284800e-01	1.515926e+05	-9.386459e-03	5.846749e-02	0.000000e+00	-6.192952e+03	1.577855e+05
2.296700e-01	1.571130e+05	-9.456163e-03	5.868610e-02	0.000000e+00	-6.584290e+03	1.636973e+05
2.308600e-01	1.528185e+05	-9.526132e-03	5.890559e-02	0.000000e+00	-2.285298e+03	1.551038e+05
2.320500e-01	1.507943e+05	-9.596358e-03	5.912059e-02	0.000000e+00	-1.018323e+03	1.518126e+05
2.332400e-01	1.515951e+05	-9.666839e-03	5.933474e-02	0.000000e+00	-4.367242e+03	1.559623e+05
2.344300e-01	1.629649e+05	-9.737575e-03	5.955750e-02	0.000000e+00	-4.247613e+03	1.672125e+05
2.356200e-01	1.529437e+05	-9.808586e-03	5.978121e-02	0.000000e+00	-3.840864e+03	1.567845e+05
2.368100e-01	1.806687e+05	-9.879854e-03	6.001746e-02	0.000000e+00	-4.588454e+03	1.852571e+05
2.380000e-01	1.526643e+05	-9.951427e-03	6.025352e-02	0.000000e+00	-6.891905e+03	1.595562e+05
2.391900e-01	1.695090e+05	-1.002326e-02	6.048167e-02	0.000000e+00	-3.015182e+03	1.725241e+05
2.403800e-01	1.642511e+05	-1.009537e-02	6.071803e-02	0.000000e+00	-3.488626e+03	1.677397e+05
2.415700e-01	1.576492e+05	-1.016777e-02	6.094599e-02	0.000000e+00	-5.670100e+03	1.633193e+05
2.427600e-01	1.730690e+05	-1.024043e-02	6.118019e-02	0.000000e+00	-2.288876e+03	1.753579e+05
2.439500e-01	1.687225e+05	-1.031338e-02	6.142223e-02	0.000000e+00	-3.713028e+03	1.724355e+05
2.451400e-01	1.745828e+05	-1.038661e-02	6.166535e-02	0.000000e+00	-5.911902e+03	1.804947e+05
2.463300e-01	1.917309e+05	-1.046014e-02	6.192476e-02	0.000000e+00	-3.334714e+03	1.950656e+05
2.475200e-01	1.528432e+05	-1.053399e-02	6.216878e-02	0.000000e+00	-4.814866e+03	1.576581e+05
2.487100e-01	1.662026e+05	-1.060810e-02	6.239471e-02	0.000000e+00	-3.634919e+03	1.698375e+05
2.499000e-01	1.673407e+05	-1.068249e-02	6.263092e-02	0.000000e+00	-3.481247e+03	1.708219e+05
2.510900e-01	1.676055e+05	-1.075716e-02	6.286811e-02	0.000000e+00	-1.342865e+03	1.689484e+05
2.522800e-01	1.762997e+05	-1.083212e-02	6.311166e-02	0.000000e+00	-2.349175e+03	1.786489e+05
2.534700e-01	1.675281e+05	-1.090737e-02	6.335514e-02	0.000000e+00	-3.167854e+03	1.706959e+05
2.546600e-01	1.559601e+05	-1.098290e-02	6.358423e-02	0.000000e+00	-6.713860e+03	1.626739e+05
2.558500e-01	1.605069e+05	-1.105870e-02	6.380834e-02	0.000000e+00	-4.458240e+03	1.649652e+05
2.570400e-01	1.690992e+05	-1.113477e-02	6.404175e-02	0.000000e+00	-4.271004e+03	1.733702e+05
2.582300e-01	1.779557e+05	-1.121112e-02	6.428752e-02	0.000000e+00	-3.881047e+03	1.818368e+05
2.594200e-01	1.793759e+05	-1.128777e-02	6.454057e-02	0.000000e+00	-4.496119e+03	1.838720e+05
2.606100e-01	1.735561e+05	-1.136472e-02	6.479051e-02	0.000000e+00	-4.538228e+03	1.780943e+05
2.618000e-01	1.644914e+05	-1.144197e-02	6.502990e-02	0.000000e+00	-6.491912e+03	1.709833e+05
2.629900e-01	1.646478e+05	-1.151950e-02	6.526299e-02	0.000000e+00	-5.524932e+03	1.701728e+05
2.641800e-01	1.706793e+05	-1.159730e-02	6.550045e-02	0.000000e+00	-2.791142e+03	1.734704e+05
2.653700e-01	1.685776e+05	-1.167539e-02	6.574070e-02	0.000000e+00	-3.238809e+03	1.718164e+05
2.665600e-01	1.647826e+05	-1.175376e-02	6.597678e-02	0.000000e+00	-4.888436e+03	1.696711e+05
2.677500e-01	1.687000e+05	-1.183241e-02	6.621294e-02	0.000000e+00	-3.637463e+03	1.723374e+05
2.689400e-01	1.870612e+05	-1.191135e-02	6.646487e-02	0.000000e+00	-4.084877e+03	1.911460e+05
2.701300e-01	1.762282e+05	-1.199060e-02	6.672214e-02	0.000000e+00	-4.423733e+03	1.806520e+05
2.713200e-01	1.593723e+05	-1.207015e-02	6.695980e-02	0.000000e+00	-5.858512e+03	1.652308e+05
2.725100e-01	1.452903e+05	-1.214996e-02	6.717555e-02	0.000000e+00	-4.655091e+03	1.499453e+05
2.737000e-01	1.730718e+05	-1.223002e-02	6.740101e-02	0.000000e+00	-2.656137e+03	1.757279e+05
2.748900e-01	1.585185e+05	-1.231038e-02	6.763583e-02	0.000000e+00	-2.658656e+03	1.611771e+05
2.760800e-01	1.849702e+05	-1.239100e-02	6.787907e-02	0.000000e+00	-3.139857e+03	1.881101e+05
2.772700e-01	1.686880e+05	-1.247193e-02	6.812952e-02	0.000000e+00	-4.140183e+03	1.728282e+05
2.784600e-01	1.903965e+05	-1.255314e-02	6.838381e-02	0.000000e+00	-3.178654e+03	1.935752e+05
2.796500e-01	1.668262e+05	-1.263468e-02	6.863679e-02	0.000000e+00	-4.126359e+03	1.709525e+05
2.808400e-01	1.667448e+05	-1.271650e-02	6.887301e-02	0.000000e+00	-2.552275e+03	1.692971e+05
2.820300e-01	1.835471e+05	-1.279860e-02	6.912107e-02	0.000000e+00	-3.637582e+03	1.871847e+05
2.832200e-01	1.772528e+05	-1.288101e-02	6.937658e-02	0.000000e+00	-4.943021e+03	1.821958e+05
2.844100e-01	1.768239e+05	-1.296372e-02	6.962732e-02	0.000000e+00	-2.651455e+03	1.794753e+05
2.856000e-01	1.972462e+05	-1.304672e-02	6.989223e-02	0.000000e+00	-2.591805e+03	1.998380e+05
2.867900e-01	1.948276e+05	-1.313006e-02	7.016988e-02	0.000000e+00	-6.805724e+03	2.016333e+05
2.879800e-01	1.892480e+05	-1.321373e-02	7.044187e-02	0.000000e+00	-2.944627e+03	1.921926e+05
2.891700e-01	1.740542e+05	-1.329771e-02	7.069915e-02	0.000000e+00	-3.741567e+03	1.777957e+05
2.903600e-01	1.639334e+05	-1.338199e-02	7.093850e-02	0.000000e+00	-7.784283e+03	1.717177e+05
2.915500e-01	1.693024e+05	-1.346654e-02	7.117448e-02	0.000000e+00	-4.098997e+03	1.734014e+05
2.927400e-01	1.781567e+05	-1.355139e-02	7.142054e-02	0.000000e+00	-3.448285e+03	1.816050e+05
2.939300e-01	1.918900e+05	-1.363653e-02	7.168260e-02	0.000000e+00	-4.115259e+03	1.960052e+05
2.951200e-01	1.797633e+05	-1.372199e-02	7.194579e-02	0.000000e+00	-5.368776e+03	1.851320e+05
2.963100e-01	1.713364e+05	-1.380776e-02	7.219442e-02	0.000000e+00	-7.750166e+03	1.790865e+05
2.975000e-01	1.799959e+05	-1.389381e-02	7.244322e-02	0.000000e+00	-4.395456e+03	1.843914e+05
2.986900e-01	1.705568e+05	-1.398017e-02	7.269147e-02	0.000000e+00	-3.085446e+03	1.736422e+05
2.998800e-01	1.664799e+05	-1.406682e-02	7.293015e-02	0.000000e+00	-7.487428e+03	1.739674e+05
3.010700e-01	1.776588e+05	-1.415375e-02	7.317386e-02	0.000000e+00	-5.803852e+03	1.834626e+05
3.022600e-01	1.943633e+05	-1.424097e-02	7.343731e-02	0.000000e+00	-3.544772e+03	1.979080e+05
3.034500e-01	1.685842e+05	-1.432853e-02	7.369434e-02	0.000000e+00	-4.267647e+03	1.728519e+05
3.046400e-01	1.574266e+05	-1.441636e-02	7.392521e-02	0.000000e+00	-4.057269e+03	1.614839e+05
3.058300e-01	1.939034e+05	-1.450447e-02	7.417401e-02	0.000000e+00	-3.619679e+03	1.975230e+05
3.070200e-01	1.943239e+05	-1.459290e-02	7.444894e-02	0.000000e+00	-5.378780e+03	1.997026e+05
3.082100e-01	1.721696e+05	-1.468166e-02	7.470847e-02	0.000000e+00	-6.042096e+03	1.782117e+05
3.094000e-01	1.763033e+05	-1.477070e-02	7.495525e-02	0.000000e+00	-5.665932e+03	1.819693e+05
3.105900e-01	1.621451e+05	-1.486005e-02	7.519493e-02	0.000000e+00	-4.258081e+03	1.664032e+05
3.117800e-01	1.746064e+05	-1.494967e-02	7.543340e-02	0.000000e+00	-4.704455e+03	1.793109e+05
3.129700e-01	1.752835e+05	-1.503958e-02	7.568118e-02	0.000000e+00	-3.457206e+03	1.787408e+05
3.141600e-01	1.837877e+05	-1.512979e-02	7.593546e-02	0.000000e+00	-2.499176e+03	1.862868e+05
3.153500e-01	1.925646e+05	-1.522031e-02	7.620198e-02	0.000000e+00	-2.086580e+03	1.946512e+05
3.165400e-01	1.670520e+05	-1.531115e-02	7.645665e-02	0.000000e+00	-3.647785e+03	1.706998e+05
3.177300e-01	1.703898e+05	-1.540227e-02	7.669561e-02	0.000000e+00	-3.234900e+03	1.736247e+05
3.189200e-01	1.858781e+05	-1.549369e-02	7.694791e-02	0.000000e+00	-3.913106e+03	1.897912e+05
3.201100e-01	1.846657e+05	-1.558541e-02	7.721032e-02	0.000000e+00	-3.305500e+03	1.879712e+05
3.213000e-01	1.938758e+05	-1.567745e-02	7.747839e-02	0.000000e+00	-1.791392e+03	1.956672e+05
3.224900e-01	1.911013e+05	-1.576981e-02	7.775101e-02	0.000000e+00	-1.784472e+03	1.928858e+05
3.236800e-01	1.825076e+05	-1.586249e-02	7.801559e-02	0.000000e+00	-4.987830e+03	1.874954e+05
3.248700e-01	1.801774e+05	-1.595549e-02	7.827243e-02	0.000000e+00	-4.276801e+03	1.844542e+05
3.260600e-01	1.742630e+05	-1.604878e-02	7.852343e-02	0.000000e+00	-5.140095e+03	1.794031e+05
3.272500e-01	1.801746e+05	-1.614237e-02	7.877443e-02	0.000000e+00	-3.536374e+03	1.837110e+05
3.284400e-01	1.814984e+05	-1.623627e-02	7.903056e-02	0.000000e+00	-2.515612e+03	1.840140e+05
3.296300e-01	1.613062e+05	-1.633047e-02	7.927332e-02	0.000000e+00	-3.184472e+03	1.644906e+05
3.308200e-01	1.713309e+05	-1.642494e-02	7.950888e-02	0.000000e+00	-2.382971e+03	1.737139e+05
3.320100e-01	1.957809e+05	-1.651970e-02	7.976886e-02	0.000000e+00	-2.893394e+03	1.986743e+05
3.332000e-01	1.961856e+05	-1.661479e-02	8.004643e-02	0.000000e+00	-4.245978e+03	2.004316e+05
3.343900e-01	1.866688e+05	-1.671021e-02	8.031756e-02	0.000000e+00	-4.479572e+03	1.911484e+05
3.355800e-01	1.751016e+05	-1.680594e-02	8.057375e-02	0.000000e+00	-4.572464e+03	1.796740e+05
3.367700e-01	1.805933e+05	-1.690197e-02	8.082564e-02	0.000000e+00	-5.257961e+03	1.858512e+05
3.379600e-01	1.669123e+05	-1.699831e-02	8.107173e-02	0.000000e+00	-5.259070e+03	1.721714e+05
3.391500e-01	1.714036e+05	-1.709492e-02	8.131132e-02	0.000000e+00	-4.617223e+03	1.760208e+05
3.403400e-01	1.793277e+05	-1.719183e-02	8.155969e-02	0.000000e+00	-3.693473e+03	1.830211e+05
3.415300e-01	1.875998e+05	-1.728904e-02	8.181954e-02	0.000000e+00	-4.983359e+03	1.925832e+05
3.427200e-01	1.943574e+05	-1.738656e-02	8.209003e-02	0.000000e+00	-4.676185e+03	1.990335e+05
3.439100e-01	2.006005e+05	-1.748441e-02	8.236972e-02	0.000000e+00	-3.541674e+03	2.041422e+05
3.451000e-01	1.948320e+05	-1.758260e-02	8.264975e-02	0.000000e+00	-2.833230e+03	1.976652e+05
3.462900e-01	1.883430e+05	-1.768112e-02	8.292110e-02	0.000000e+00	-4.559544e+03	1.929025e+05
3.474800e-01	1.862250e+05	-1.777995e-02	8.318636e-02	0.000000e+00	-1.626608e+03	1.878516e+05
3.486700e-01	1.673324e+05	-1.787910e-02	8.343674e-02	0.000000e+00	-5.167725e+03	1.725002e+05
3.498600e-01	1.736608e+05	-1.797853e-02	8.367822e-02	0.000000e+00	-2.926822e+03	1.765876e+05
3.510500e-01	2.028438e+05	-1.807825e-02	8.394484e-02	0.000000e+00	-2.277498e+03	2.051213e+05
3.522400e-01	2.114350e+05	-1.817832e-02	8.423822e-02	0.000000e+00	-1.580579e+03	2.130156e+05
3.534300e-01	1.958595e+05	-1.827874e-02	8.452665e-02	0.000000e+00	-6.882892e+02	1.965478e+05
3.546200e-01	1.793750e+05	-1.837949e-02	8.479238e-02	0.000000e+00	-2.702042e+03	1.820770e+05
3.558100e-01	1.909364e+05	-1.848055e-02	8.505462e-02	0.000000e+00	-3.858475e+03	1.947949e+05
3.570000e-01	2.060257e+05	-1.858192e-02	8.533574e-02	0.000000e+00	-8.496476e+03	2.145222e+05
3.581900e-01	1.898944e+05	-1.868365e-02	8.561611e-02	0.000000e+00	-2.759432e+03	1.926538e+05
3.593800e-01	1.851994e+05	-1.878569e-02	8.588174e-02	0.000000e+00	-2.268538e+03	1.874679e+05
3.605700e-01	1.778398e+05	-1.888804e-02	8.613883e-02	0.000000e+00	-2.779081e+03	1.806189e+05
3.617600e-01	1.797949e+05	-1.899070e-02	8.639210e-02	0.000000e+00	-2.404734e+03	1.821996e+05
3.629500e-01	1.766686e+05	-1.909366e-02	8.664453e-02	0.000000e+00	-2.282211e+03	1.789509e+05
3.641400e-01	1.906961e+05	-1.919691e-02	8.690469e-02	0.000000e+00	-2.651178e+03	1.933473e+05
3.653300e-01	1.868535e+05	-1.930049e-02	8.717205e-02	0.000000e+00	-3.771308e+03	1.906249e+05
3.665200e-01	1.890166e+05	-1.940438e-02	8.743823e-02	0.000000e+00	-3.621518e+03	1.926382e+05
3.677100e-01	1.936918e+05	-1.950859e-02	8.770925e-02	0.000000e+00	-4.774119e+03	1.984659e+05
3.689000e-01	1.825623e+05	-1.961313e-02	8.797570e-02	0.000000e+00	-4.087096e+03	1.866494e+05
3.700900e-01	1.681750e+05	-1.971798e-02	8.822408e-02	0.000000e+00	-6.400099e+03	1.745751e+05
3.712800e-01	1.838615e+05	-1.982310e-02	8.847338e-02	0.000000e+00	-3.413779e+03	1.872753e+05
3.724700e-01	1.746061e+05	-1.992854e-02	8.872724e-02	0.000000e+00	-2.699624e+03	1.773057e+05
3.736600e-01	2.000872e+05	-2.003427e-02	8.899258e-02	0.000000e+00	-4.027288e+03	2.041145e+05
3.748500e-01	2.172905e+05	-2.014034e-02	8.928815e-02	0.000000e+00	-4.454160e+03	2.217446e+05
3.760400e-01	1.919031e+05	-2.024678e-02	8.957793e-02	0.000000e+00	-6.039798e+03	1.979429e+05
3.772300e-01	1.980737e+05	-2.035354e-02	8.985410e-02	0.000000e+00	-5.517146e+03	2.035908e+05
3.784200e-01	1.877512e+05	-2.046063e-02	9.012732e-02	0.000000e+00	-5.002959e+03	1.927541e+05
3.796100e-01	1.798868e+05	-2.056804e-02	9.038767e-02	0.000000e+00	-4.301792e+03	1.841886e+05
3.808000e-01	1.982336e+05	-2.067576e-02	9.065544e-02	0.000000e+00	-3.760982e+03	2.019945e+05
3.819900e-01	1.782710e+05	-2.078380e-02	9.092207e-02	0.000000e+00	-3.224212e+03	1.814952e+05
3.831800e-01	1.835083e+05	-2.089215e-02	9.117827e-02	0.000000e+00	-2.715458e+03	1.862237e+05
3.843700e-01	1.894560e+05	-2.100081e-02	9.144239e-02	0.000000e+00	-4.224475e+03	1.936804e+05
3.855600e-01	1.940075e+05	-2.110978e-02	9.171395e-02	0.000000e+00	-4.211855e+03	1.982194e+05
3.867500e-01	2.010778e+05	-2.121909e-02	9.199373e-02	0.000000e+00	-1.195477e+03	2.022732e+05
3.879400e-01	1.927457e+05	-2.132873e-02	9.227262e-02	0.000000e+00	-4.170663e+03	1.969164e+05
3.891300e-01	1.802820e+05	-2.143870e-02	9.253679e-02	0.000000e+00	-4.139551e+03	1.844215e+05
3.903200e-01	1.883671e+05	-2.154897e-02	9.279785e-02	0.000000e+00	-2.873396e+03	1.912405e+05
3.915100e-01	1.964317e+05	-2.165955e-02	9.307035e-02	0.000000e+00	-4.389008e+03	2.008207e+05
3.927000e-01	2.175671e+05	-2.177047e-02	9.336353e-02	0.000000e+00	-3.139279e+03	2.207063e+05
3.938900e-01	1.905717e+05	-2.188176e-02	9.365256e-02	0.000000e+00	-5.664368e+03	1.962360e+05
3.950800e-01	2.020331e+05	-2.199337e-02	9.393059e-02	0.000000e+00	-3.706127e+03	2.057393e+05
3.962700e-01	1.996962e+05	-2.210531e-02	9.421508e-02	0.000000e+00	-4.930968e+03	2.046271e+05
3.974600e-01	1.901911e+05	-2.221760e-02	9.449119e-02	0.000000e+00	-5.575640e+03	1.957667e+05
3.986500e-01	2.051713e+05	-2.233020e-02	9.477117e-02	0.000000e+00	-2.964579e+03	2.081359e+05
3.998400e-01	1.958457e+05	-2.244315e-02	9.505515e-02	0.000000e+00	-4.926880e+03	2.007726e+05
4.010300e-01	1.790841e+05	-2.255643e-02	9.532067e-02	0.000000e+00	-3.158338e+03	1.822424e+05
4.022200e-01	1.933982e+05	-2.267002e-02	9.558445e-02	0.000000e+00	-1.356172e+03	1.947544e+05
4.034100e-01	1.896802e+05	-2.278393e-02	9.585573e-02	0.000000e+00	-1.405186e+03	1.910853e+05
4.046000e-01	1.889021e+05	-2.289815e-02	9.612383e-02	0.000000e+00	-3.528630e+03	1.924307e+05
4.057900e-01	1.971635e+05	-2.301270e-02	9.639722e-02	0.000000e+00	-4.369784e+03	2.015333e+05
4.069800e-01	2.080137e+05	-2.312758e-02	9.668416e-02	0.000000e+00	-3.050358e+03	2.110640e+05
4.081700e-01	1.729868e+05	-2.324281e-02	9.695397e-02	0.000000e+00	-6.289391e+03	1.792762e+05
4.093600e-01	2.039630e+05	-2.335833e-02	9.722091e-02	0.000000e+00	-5.777532e+03	2.097405e+05
4.105500e-01	1.979247e+05	-2.347419e-02	9.750551e-02	0.000000e+00	-2.216802e+03	2.001415e+05
4.117400e-01	1.899953e+05	-2.359039e-02	9.778022e-02	0.000000e+00	-3.286020e+03	1.932813e+05
4.129300e-01	1.872144e+05	-2.370691e-02	9.804735e-02	0.000000e+00	-3.854029e+03	1.910685e+05
4.141200e-01	1.854605e+05	-2.382375e-02	9.831127e-02	0.000000e+00	-2.063967e+03	1.875245e+05
4.153100e-01	2.002746e+05	-2.394089e-02	9.858443e-02	0.000000e+00	-4.744672e+03	2.050192e+05
4.165000e-01	1.740154e+05	-2.405838e-02	9.884949e-02	0.000000e+00	-2.596957e+03	1.766124e+05
4.176900e-01	1.870581e+05	-2.417615e-02	9.910519e-02	0.000000e+00	-4.423861e+03	1.914819e+05
4.188800e-01	2.146043e+05	-2.429425e-02	9.938963e-02	0.000000e+00	-2.204275e+03	2.168086e+05
4.200700e-01	1.878419e+05	-2.441270e-02	9.967463e-02	0.000000e+00	-3.247591e+03	1.910895e+05
4.212600e-01	1.948924e+05	-2.453147e-02	9.994567e-02	0.000000e+00	-2.860923e+03	1.977533e+05
4.224500e-01	1.907934e+05	-2.465057e-02	1.002188e-01	0.000000e+00	-2.169490e+03	1.929629e+05
4.236400e-01	1.956798e+05	-2.476999e-02	1.004925e-01	0.000000e+00	-3.443746e+03	1.991235e+05
4.248300e-01	2.048083e+05	-2.488974e-02	1.007761e-01	0.000000e+00	-2.470115e+03	2.072784e+05
4.260200e-01	2.084611e+05	-2.500984e-02	1.010688e-01	0.000000e+00	-3.523627e+03	2.119847e+05
4.272100e-01	2.185346e+05	-2.513029e-02	1.013711e-01	0.000000e+00	-5.067494e+03	2.236021e+05
4.284000e-01	2.046099e+05	-2.525110e-02	1.016708e-01	0.000000e+00	-2.324588e+03	2.069345e+05
4.295900e-01	2.112928e+05	-2.537226e-02	1.019653e-01	0.000000e+00	-1.643964e+03	2.129368e+05
4.307800e-01	1.972031e+05	-2.549378e-02	1.022546e-01	0.000000e+00	-3.083994e+03	2.002871e+05
4.319700e-01	1.858143e+05	-2.561563e-02	1.025258e-01	0.000000e+00	-4.228644e+03	1.900429e+05
4.331600e-01	1.980629e+05	-2.573779e-02	1.027977e-01	0.000000e+00	-4.027867e+03	2.020907e+05
4.343500e-01	2.084077e+05	-2.586029e-02	1.030855e-01	0.000000e+00	-2.553392e+03	2.109611e+05
4.355400e-01	1.965346e+05	-2.598314e-02	1.033723e-01	0.000000e+00	-3.358821e+03	1.998934e+05
4.367300e-01	1.703316e+05	-2.610631e-02	1.036321e-01	0.000000e+00	-3.821494e+03	1.741531e+05
4.379200e-01	1.960763e+05	-2.622978e-02	1.038916e-01	0.000000e+00	-2.863926e+03	1.989402e+05
4.391100e-01	1.911315e+05	-2.635358e-02	1.041658e-01	0.000000e+00	-1.646409e+03	1.927779e+05
4.403000e-01	1.935326e+05	-2.647769e-02	1.044382e-01	0.000000e+00	-2.669914e+03	1.962025e+05
4.414900e-01	1.939856e+05	-2.660214e-02	1.047126e-01	0.000000e+00	-3.432372e+03	1.974180e+05
4.426800e-01	1.898098e+05	-2.672691e-02	1.049844e-01	0.000000e+00	-5.253715e+03	1.950635e+05
4.438700e-01	1.878905e+05	-2.685200e-02	1.052519e-01	0.000000e+00	-5.013902e+03	1.929044e+05
4.450600e-01	2.086283e+05	-2.697741e-02	1.055327e-01	0.000000e+00	-1.764346e+03	2.103927e+05
4.462500e-01	2.075443e+05	-2.710317e-02	1.058274e-01	0.000000e+00	-2.217929e+03	2.097622e+05
4.474400e-01	1.839646e+05	-2.722928e-02	1.061047e-01	0.000000e+00	-2.323898e+03	1.862885e+05
4.486300e-01	1.982274e+05	-2.735570e-02	1.063753e-01	0.000000e+00	-1.166817e+03	1.993942e+05
4.498200e-01	2.031150e+05	-2.748245e-02	1.066595e-01	0.000000e+00	-1.785894e+03	2.049009e+05
4.510100e-01	2.174466e+05	-2.760955e-02	1.069574e-01	0.000000e+00	-2.757860e+03	2.202044e+05
4.522000e-01	2.242588e+05	-2.773701e-02	1.072702e-01	0.000000e+00	-2.798563e+03	2.270574e+05
4.533900e-01	2.046631e+05	-2.786485e-02	1.075739e-01	0.000000e+00	-1.551834e+03	2.062150e+05
4.545800e-01	2.071168e+05	-2.799304e-02	1.078655e-01	0.000000e+00	-1.921062e+03	2.090379e+05
4.557700e-01	1.983884e+05	-2.812157e-02	1.081527e-01	0.000000e+00	-2.112841e+03	2.005012e+05
4.569600e-01	2.028264e+05	-2.825044e-02	1.084368e-01	0.000000e+00	-2.157309e+03	2.049837e+05
4.581500e-01	2.049758e+05	-2.837965e-02	1.087256e-01	0.000000e+00	-1.403416e+03	2.063793e+05
4.593400e-01	1.922510e+05	-2.850921e-02	1.090069e-01	0.000000e+00	-5.363184e+03	1.976142e+05
4.605300e-01	1.999667e+05	-2.863909e-02	1.092847e-01	0.000000e+00	-5.098610e+03	2.050653e+05
4.617200e-01	2.113812e+05	-2.876931e-02	1.095760e-01	0.000000e+00	-2.772828e+03	2.141541e+05
4.629100e-01	2.014787e+05	-2.889988e-02	1.098683e-01	0.000000e+00	-3.793512e+03	2.052722e+05
4.641000e-01	2.015971e+05	-2.903079e-02	1.101538e-01	0.000000e+00	-5.016088e+03	2.066132e+05
4.652900e-01	2.020029e+05	-2.916204e-02	1.104396e-01	0.000000e+00	-3.854447e+03	2.058574e+05
4.664800e-01	1.981861e+05	-2.929364e-02	1.107230e-01	0.000000e+00	-3.848253e+03	2.020343e+05
4.676700e-01	1.920153e+05	-2.942557e-02	1.109993e-01	0.000000e+00	-1.215667e+03	1.932310e+05
4.688600e-01	2.054908e+05	-2.955782e-02	1.112808e-01	0.000000e+00	-2.090148e+03	2.075810e+05
4.700500e-01	1.863835e+05	-2.969041e-02	1.115583e-01	0.000000e+00	-2.114261e+03	1.884977e+05
4.712400e-01	2.006527e+05	-2.982333e-02	1.118324e-01	0.000000e+00	-8.282002e+02	2.014809e+05
4.724300e-01	1.972702e+05	-2.995657e-02	1.121142e-01	0.000000e+00	-1.854322e+03	1.991245e+05
4.736200e-01	2.081937e+05	-3.009016e-02	1.124013e-01	0.000000e+00	-2.637794e+03	2.108315e+05
4.748100e-01	2.156398e+05	-3.022409e-02	1.127015e-01	0.000000e+00	-2.594311e+03	2.182341e+05
4.760000e-01	2.068485e+05	-3.035839e-02	1.130007e-01	0.000000e+00	-2.934588e+03	2.097831e+05
4.771900e-01	1.881179e+05	-3.049303e-02	1.132804e-01	0.000000e+00	-3.333575e+03	1.914515e+05
4.783800e-01	2.070508e+05	-3.062799e-02	1.135602e-01	0.000000e+00	-4.529897e+03	2.115807e+05
4.795700e-01	1.979138e+05	-3.076330e-02	1.138470e-01	0.000000e+00	-4.523706e+03	2.024375e+05
4.807600e-01	1.929375e+05	-3.089895e-02	1.141238e-01	0.000000e+00	-4.730801e+03	1.976683e+05
4.819500e-01	1.967219e+05	-3.103492e-02	1.143997e-01	0.000000e+00	-3.881175e+03	2.006030e+05
4.831400e-01	2.191554e+05	-3.117122e-02	1.146942e-01	0.000000e+00	-4.236301e+03	2.233917e+05
4.843300e-01	2.122681e+05	-3.130789e-02	1.149998e-01	0.000000e+00	-1.574379e+03	2.138425e+05
4.855200e-01	1.914021e+05	-3.144492e-02	1.152856e-01	0.000000e+00	-3.249822e+03	1.946519e+05
4.867100e-01	2.030256e+05	-3.158227e-02	1.155650e-01	0.000000e+00	-2.042324e+03	2.050680e+05
4.879000e-01	1.966006e+05	-3.171997e-02	1.158480e-01	0.000000e+00	-4.705559e+03	2.013062e+05
4.890900e-01	2.117302e+05	-3.185799e-02	1.161371e-01	0.000000e+00	-5.283208e+03	2.170134e+05
4.902800e-01	2.013416e+05	-3.199637e-02	1.164296e-01	0.000000e+00	-1.657426e+03	2.029991e+05
4.914700e-01	1.860509e+05	-3.213509e-02	1.167040e-01	0.000000e+00	-1.870081e+03	1.879210e+05
4.926600e-01	1.941075e+05	-3.227413e-02	1.169732e-01	0.000000e+00	-2.449336e+03	1.965568e+05
4.938500e-01	2.089569e+05	-3.241349e-02	1.172586e-01	0.000000e+00	-8.593072e+02	2.098162e+05
4.950400e-01	2.157251e+05	-3.255320e-02	1.175594e-01	0.000000e+00	-2.197652e+03	2.179228e+05
4.962300e-01	2.143244e+05	-3.269328e-02	1.178639e-01	0.000000e+00	-2.405043e+03	2.167295e+05
4.974200e-01	1.791290e+05	-3.283372e-02	1.181425e-01	0.000000e+00	-1.280751e+03	1.804097e+05
4.986100e-01	2.187729e+05	-3.297446e-02	1.184243e-01	0.000000e+00	-2.137641e+03	2.209105e+05
4.998000e-01	2.163266e+05	-3.311557e-02	1.187325e-01	0.000000e+00	-5.521023e+03	2.218476e+05
5.009900e-01	2.249609e+05	-3.325704e-02	1.190450e-01	0.000000e+00	-3.373247e+03	2.283342e+05
5.021800e-01	2.164958e+05	-3.339890e-02	1.193576e-01	0.000000e+00	-1.459791e+03	2.179556e+05
5.033700e-01	1.880557e+05	-3.354111e-02	1.196441e-01	0.000000e+00	-2.286255e+03	1.903419e+05
5.045600e-01	1.967400e+05	-3.368365e-02	1.199166e-01	0.000000e+00	-3.957754e+03	2.006978e+05
5.057500e-01	1.925728e+05	-3.382651e-02	1.201923e-01	0.000000e+00	-1.984992e+03	1.945578e+05
5.069400e-01	2.078416e+05	-3.396971e-02	1.204758e-01	0.000000e+00	-8.372348e+02	2.086788e+05
5.081300e-01	2.185349e+05	-3.411325e-02	1.207778e-01	0.000000e+00	-3.277508e+03	2.218124e+05
5.093200e-01	2.080421e+05	-3.425716e-02	1.210799e-01	0.000000e+00	-5.724840e+03	2.137669e+05
5.105100e-01	1.881273e+05	-3.440142e-02	1.213604e-01	0.000000e+00	-2.707954e+03	1.908352e+05
5.117000e-01	1.908185e+05	-3.454599e-02	1.216288e-01	0.000000e+00	-3.008535e+03	1.938271e+05
5.128900e-01	2.206451e+05	-3.469089e-02	1.219201e-01	0.000000e+00	-1.183878e+03	2.218290e+05
5.140800e-01	1.972002e+05	-3.483616e-02	1.222161e-01	0.000000e+00	-1.775162e+03	1.989753e+05
5.152700e-01	2.134333e+05	-3.498177e-02	1.225068e-01	0.000000e+00	-1.327133e+03	2.147604e+05
5.164600e-01	2.181473e+05	-3.512773e-02	1.228125e-01	0.000000e+00	-2.304609e+03	2.204519e+05
5.176500e-01	2.166832e+05	-3.527406e-02	1.231204e-01	0.000000e+00	-1.573406e+03	2.182566e+05
5.188400e-01	1.914038e+05	-3.542076e-02	1.234094e-01	0.000000e+00	-2.628405e+03	1.940322e+05
5.200300e-01	1.843548e+05	-3.556778e-02	1.236755e-01	0.000000e+00	-1.556788e+03	1.859116e+05
5.212200e-01	1.921010e+05	-3.571511e-02	1.239421e-01	0.000000e+00	-2.619045e+03	1.947201e+05
5.224100e-01	2.158151e+05	-3.586276e-02	1.242310e-01	0.000000e+00	-1.925353e+03	2.177405e+05
5.236000e-01	2.175345e+05	-3.601078e-02	1.245378e-01	0.000000e+00	-2.178291e+03	2.197128e+05
5.247900e-01	2.209260e+05	-3.615916e-02	1.248484e-01	0.000000e+00	-2.875238e+02	2.212135e+05
5.259800e-01	2.208891e+05	-3.630791e-02	1.251612e-01	0.000000e+00	-2.206791e+03	2.230959e+05
5.271700e-01	1.975105e+05	-3.645704e-02	1.254575e-01	0.000000e+00	-8.728246e+02	1.983833e+05
5.283600e-01	2.351395e+05	-3.660650e-02	1.257639e-01	0.000000e+00	-8.345411e+02	2.359740e+05
5.295500e-01	2.006732e+05	-3.675636e-02	1.260725e-01	0.000000e+00	-1.778312e+03	2.024515e+05
5.307400e-01	2.138007e+05	-3.690656e-02	1.263661e-01	0.000000e+00	-2.313197e+03	2.161139e+05
5.319300e-01	2.110496e+05	-3.705711e-02	1.266669e-01	0.000000e+00	-9.505078e+02	2.120001e+05
5.331200e-01	2.063306e+05	-3.720802e-02	1.269625e-01	0.000000e+00	-1.747947e+03	2.080785e+05
5.343100e-01	2.377326e+05	-3.735928e-02	1.272770e-01	0.000000e+00	-1.526059e+03	2.392586e+05
5.355000e-01	2.267621e+05	-3.751094e-02	1.276059e-01	0.000000e+00	-9.378701e+02	2.276999e+05
5.366900e-01	2.066806e+05	-3.766298e-02	1.279129e-01	0.000000e+00	-3.789692e+03	2.104703e+05
5.378800e-01	2.033431e+05	-3.781537e-02	1.282032e-01	0.000000e+00	-3.114545e+03	2.064577e+05
5.390700e-01	1.881189e+05	-3.796811e-02	1.284804e-01	0.000000e+00	-2.228199e+03	1.903471e+05
5.402600e-01	1.891177e+05	-3.812116e-02	1.287476e-01	0.000000e+00	-5.331493e+03	1.944492e+05
5.414500e-01	2.123633e+05	-3.827453e-02	1.290319e-01	0.000000e+00	-1.945907e+03	2.143092e+05
5.426400e-01	1.773773e+05	-3.842825e-02	1.293079e-01	0.000000e+00	-3.210411e+03	1.805877e+05
5.438300e-01	1.899552e+05	-3.858228e-02	1.295680e-01	0.000000e+00	-2.611577e+03	1.925667e+05
5.450200e-01	1.992020e+05	-3.873663e-02	1.298436e-01	0.000000e+00	-2.275070e+03	2.014771e+05
5.462100e-01	2.096259e+05	-3.889131e-02	1.301331e-01	0.000000e+00	-2.967516e+03	2.125934e+05
5.474000e-01	2.060860e+05	-3.904634e-02	1.304275e-01	0.000000e+00	-4.321972e+03	2.104079e+05
5.485900e-01	2.149289e+05	-3.920173e-02	1.307257e-01	0.000000e+00	-2.617866e+03	2.175468e+05
5.497800e-01	2.162666e+05	-3.935747e-02	1.310310e-01	0.000000e+00	-2.338020e+02	2.165004e+05
5.509700e-01	2.112494e+05	-3.951358e-02	1.313338e-01	0.000000e+00	-2.316545e+03	2.135660e+05
5.521600e-01	2.231991e+05	-3.967004e-02	1.316414e-01	0.000000e+00	-6.733809e+02	2.238725e+05
5.533500e-01	2.181663e+05	-3.982689e-02	1.319540e-01	0.000000e+00	-8.383596e+02	2.190047e+05
5.545400e-01	2.043325e+05	-3.998409e-02	1.322532e-01	0.000000e+00	-2.555283e+03	2.068878e+05
5.557300e-01	2.171352e+05	-4.014165e-02	1.325517e-01	0.000000e+00	-2.780248e+03	2.199154e+05
5.569200e-01	2.180741e+05	-4.029957e-02	1.328599e-01	0.000000e+00	-1.829347e+03	2.199035e+05
5.581100e-01	2.101644e+05	-4.045785e-02	1.331631e-01	0.000000e+00	-2.127327e+03	2.122918e+05
5.593000e-01	2.095442e+05	-4.061650e-02	1.334604e-01	0.000000e+00	-2.737354e+03	2.122815e+05
5.604900e-01	2.033552e+05	-4.077549e-02	1.337528e-01	0.000000e+00	-4.250643e+03	2.076058e+05
5.616800e-01	2.103134e+05	-4.093483e-02	1.340457e-01	0.000000e+00	-3.679878e+03	2.139933e+05
5.628700e-01	1.966317e+05	-4.109452e-02	1.343339e-01	0.000000e+00	-1.558845e+03	1.981906e+05
5.640600e-01	2.083017e+05	-4.125454e-02	1.346206e-01	0.000000e+00	-4.542787e+03	2.128444e+05
5.652500e-01	2.297544e+05	-4.141492e-02	1.349309e-01	0.000000e+00	-3.387810e+03	2.331422e+05
5.664400e-01	1.928408e+05	-4.157568e-02	1.352301e-01	0.000000e+00	-3.315500e+03	1.961563e+05
5.676300e-01	2.153828e+05	-4.173676e-02	1.355192e-01	0.000000e+00	-3.630058e+03	2.190129e+05
5.688200e-01	2.239259e+05	-4.189821e-02	1.358303e-01	0.000000e+00	-1.567920e+03	2.254938e+05
5.700100e-01	2.049202e+05	-4.206004e-02	1.361340e-01	0.000000e+00	-4.129206e+03	2.090494e+05
5.712000e-01	2.064504e+05	-4.222221e-02	1.364253e-01	0.000000e+00	-2.937403e+03	2.093878e+05
5.723900e-01	2.061571e+05	-4.238473e-02	1.367175e-01	0.000000e+00	-1.606933e+03	2.077640e+05
5.735800e-01	2.044478e+05	-4.254760e-02	1.370083e-01	0.000000e+00	-4.077178e+03	2.085250e+05
5.747700e-01	2.061536e+05	-4.271081e-02	1.372991e-01	0.000000e+00	-2.854800e+03	2.090084e+05
5.759600e-01	2.107196e+05	-4.287437e-02	1.375943e-01	0.000000e+00	-3.777482e+03	2.144971e+05
5.771500e-01	1.940401e+05	-4.303829e-02	1.378809e-01	0.000000e+00	-2.461845e+03	1.965019e+05
5.783400e-01	2.141744e+05	-4.320253e-02	1.381700e-01	0.000000e+00	-2.010953e+03	2.161853e+05
5.795300e-01	2.094839e+05	-4.336713e-02	1.384700e-01	0.000000e+00	-1.044124e+03	2.105281e+05
5.807200e-01	2.074354e+05	-4.353209e-02	1.387653e-01	0.000000e+00	-1.906258e+03	2.093417e+05
5.819100e-01	2.053201e+05	-4.369739e-02	1.390576e-01	0.000000e+00	-4.993501e+03	2.103136e+05
5.831000e-01	2.126992e+05	-4.386304e-02	1.393536e-01	0.000000e+00	-4.454353e+03	2.171536e+05
5.842900e-01	2.101849e+05	-4.402905e-02	1.396531e-01	0.000000e+00	-3.108979e+03	2.132939e+05
5.854800e-01	2.160677e+05	-4.419542e-02	1.399549e-01	0.000000e+00	-1.763266e+03	2.178310e+05
5.866700e-01	1.994075e+05	-4.436215e-02	1.402492e-01	0.000000e+00	-3.117866e+03	2.025253e+05
5.878600e-01	2.172006e+05	-4.452921e-02	1.405442e-01	0.000000e+00	-4.226134e+03	2.214267e+05
5.890500e-01	2.233907e+05	-4.469664e-02	1.408562e-01	0.000000e+00	-3.827388e+03	2.272181e+05
5.902400e-01	2.299118e+05	-4.486445e-02	1.411772e-01	0.000000e+00	-1.734390e+03	2.316462e+05
5.914300e-01	2.027315e+05	-4.503264e-02	1.414836e-01	0.000000e+00	-2.907663e+03	2.056392e+05
5.926200e-01	1.950580e+05	-4.520118e-02	1.417653e-01	0.000000e+00	-1.794686e+03	1.968527e+05
5.938100e-01	2.348424e+05	-4.537005e-02	1.420697e-01	0.000000e+00	-9.505166e+02	2.357930e+05
5.950000e-01	2.145141e+05	-4.553931e-02	1.423880e-01	0.000000e+00	-3.020084e+02	2.148161e+05
5.961900e-01	2.109972e+05	-4.570893e-02	1.426893e-01	0.000000e+00	-1.944124e+03	2.129413e+05
5.973800e-01	2.070204e+05	-4.587891e-02	1.429853e-01	0.000000e+00	-3.722747e+03	2.107431e+05
5.985700e-01	2.196328e+05	-4.604923e-02	1.432874e-01	0.000000e+00	-3.556488e+03	2.231893e+05
5.997600e-01	2.077558e+05	-4.621993e-02	1.435901e-01	0.000000e+00	-1.799509e+03	2.095553e+05
6.009500e-01	2.013604e+05	-4.639098e-02	1.438798e-01	0.000000e+00	-1.981756e+03	2.033421e+05
6.021400e-01	1.963206e+05	-4.656236e-02	1.441615e-01	0.000000e+00	-1.332420e+03	1.976530e+05
6.033300e-01	2.154396e+05	-4.673408e-02	1.444531e-01	0.000000e+00	-1.818941e+03	2.172586e+05
6.045200e-01	2.279022e+05	-4.690616e-02	1.447670e-01	0.000000e+00	-1.453744e+03	2.293559e+05
6.057100e-01	2.173805e+05	-4.707863e-02	1.450823e-01	0.000000e+00	-1.021855e+03	2.184023e+05
6.069000e-01	2.202820e+05	-4.725146e-02	1.453923e-01	0.000000e+00	-2.312595e+03	2.225946e+05
6.080900e-01	2.070782e+05	-4.742466e-02	1.456949e-01	0.000000e+00	-2.070945e+03	2.091492e+05
6.092800e-01	2.109892e+05	-4.759821e-02	1.459910e-01	0.000000e+00	-1.873146e+03	2.128624e+05
6.104700e-01	2.153273e+05	-4.777212e-02	1.462929e-01	0.000000e+00	-2.796427e+03	2.181237e+05
6.116600e-01	2.124701e+05	-4.794639e-02	1.465958e-01	0.000000e+00	-3.225434e+03	2.156955e+05
6.128500e-01	2.159221e+05	-4.812102e-02	1.468992e-01	0.000000e+00	-3.367378e+03	2.192895e+05
6.140400e-01	2.137597e+05	-4.829601e-02	1.472035e-01	0.000000e+00	-1.661128e+03	2.154208e+05
6.152300e-01	2.128076e+05	-4.847136e-02	1.475056e-01	0.000000e+00	-3.478419e+03	2.162861e+05
6.164200e-01	2.193584e+05	-4.864707e-02	1.478116e-01	0.000000e+00	-3.609936e+03	2.229683e+05
6.176100e-01	2.222950e+05	-4.882315e-02	1.481244e-01	0.000000e+00	-1.909461e+03	2.242045e+05
6.188000e-01	2.175431e+05	-4.899961e-02	1.484359e-01	0.000000e+00	-4.068986e+03	2.216121e+05
6.199900e-01	2.223023e+05	-4.917643e-02	1.487473e-01	0.000000e+00	-1.795307e+03	2.240976e+05
6.211800e-01	2.127833e+05	-4.935363e-02	1.490555e-01	0.000000e+00	-2.107404e+03	2.148907e+05
6.223700e-01	2.150238e+05	-4.953118e-02	1.493584e-01	0.000000e+00	-1.686912e+03	2.167108e+05
6.235600e-01	2.174114e+05	-4.970910e-02	1.496646e-01	0.000000e+00	-2.943790e+03	2.203551e+05
6.247500e-01	2.208091e+05	-4.988739e-02	1.499750e-01	0.000000e+00	-1.841375e+03	2.226505e+05
6.259400e-01	2.031904e+05	-5.006604e-02	1.502752e-01	0.000000e+00	-1.407452e+03	2.045979e+05
6.271300e-01	2.255562e+05	-5.024504e-02	1.505789e-01	0.000000e+00	-1.915408e+03	2.274716e+05
6.283200e-01	2.133968e+05	-5.042442e-02	1.508897e-01	0.000000e+00	-1.907171e+03	2.153040e+05
6.295100e-01	2.164838e+05	-5.060416e-02	1.511941e-01	0.000000e+00	-1.794123e+03	2.182780e+05
6.307000e-01	2.166315e+05	-5.078426e-02	1.515009e-01	0.000000e+00	-2.967312e+03	2.195989e+05
6.318900e-01	2.069498e+05	-5.096473e-02	1.518008e-01	0.000000e+00	-9.152508e+02	2.078650e+05
6.330800e-01	2.115697e+05	-5.114555e-02	1.520972e-01	0.000000e+00	-1.648472e+03	2.132182e+05
6.342700e-01	2.083736e+05	-5.132672e-02	1.523946e-01	0.000000e+00	-3.836374e+03	2.122100e+05
6.354600e-01	2.009742e+05	-5.150825e-02	1.526845e-01	0.000000e+00	-2.476192e+03	2.034504e+05
6.366500e-01	2.055820e+05	-5.169011e-02	1.529724e-01	0.000000e+00	-2.609404e+03	2.081914e+05
6.378400e-01	2.182647e+05	-5.187232e-02	1.532725e-01	0.000000e+00	-3.286165e+03	2.215508e+05
6.390300e-01	2.125673e+05	-5.205490e-02	1.535776e-01	0.000000e+00	-4.988339e+03	2.175556e+05
6.402200e-01	1.909971e+05	-5.223784e-02	1.538634e-01	0.000000e+00	-2.675183e+03	1.936722e+05
6.414100e-01	2.022449e+05	-5.242109e-02	1.541419e-01	0.000000e+00	-2.462421e+03	2.047074e+05
6.426000e-01	2.148830e+05	-5.260469e-02	1.544373e-01	0.000000e+00	-2.737887e+03	2.176209e+05
6.437900e-01	2.190583e+05	-5.278865e-02	1.547446e-01	0.000000e+00	-1.101342e+03	2.201597e+05
6.449800e-01	2.014520e+05	-5.297299e-02	1.550424e-01	0.000000e+00	-1.539513e+03	2.029916e+05
6.461700e-01	2.106441e+05	-5.315766e-02	1.553342e-01	0.000000e+00	-6.376699e+02	2.112817e+05
6.473600e-01	2.115505e+05	-5.334268e-02	1.556332e-01	0.000000e+00	-1.835919e+03	2.133865e+05
6.485500e-01	2.114408e+05	-5.352806e-02	1.559328e-01	0.000000e+00	-8.996959e+02	2.123405e+05
6.497400e-01	1.962501e+05	-5.371380e-02	1.562215e-01	0.000000e+00	-3.090267e+03	1.993404e+05
6.509300e-01	2.006288e+05	-5.389987e-02	1.565025e-01	0.000000e+00	-3.466837e+03	2.040956e+05
6.521200e-01	2.208544e+05	-5.408628e-02	1.568010e-01	0.000000e+00	-2.471165e+03	2.233256e+05
6.533100e-01	2.131936e+05	-5.427306e-02	1.571084e-01	0.000000e+00	-1.845464e+03	2.150390e+05
6.545000e-01	1.918709e+05	-5.446019e-02	1.573952e-01	0.000000e+00	-4.104286e+03	1.959752e+05
6.556900e-01	1.962568e+05	-5.464766e-02	1.576701e-01	0.000000e+00	-3.304563e+03	1.995614e+05
6.568800e-01	1.999675e+05	-5.483545e-02	1.579507e-01	0.000000e+00	-7.757841e+02	2.007432e+05
6.580700e-01	2.015139e+05	-5.502358e-02	1.582350e-01	0.000000e+00	-3.545031e+03	2.050589e+05
6.592600e-01	2.166800e+05	-5.521205e-02	1.585312e-01	0.000000e+00	-3.664255e+03	2.203443e+05
6.604500e-01	2.288502e+05	-5.540088e-02	1.588467e-01	0.000000e+00	-2.428006e+03	2.312782e+05
6.616400e-01	2.022523e+05	-5.559010e-02	1.591520e-01	0.000000e+00	-1.686915e+03	2.039393e+05
6.628300e-01	2.030490e+05	-5.577967e-02	1.594390e-01	0.000000e+00	-1.309811e+03	2.043588e+05
6.640200e-01	1.967813e+05	-5.596957e-02	1.597221e-01	0.000000e+00	-2.469368e+03	1.992507e+05
6.652100e-01	2.134028e+05	-5.615980e-02	1.600126e-01	0.000000e+00	-1.979700e+03	2.153825e+05
6.664000e-01	2.184275e+05	-5.635040e-02	1.603184e-01	0.000000e+00	-8.711496e+02	2.192986e+05
6.675900e-01	2.499263e+05	-5.654136e-02	1.606501e-01	0.000000e+00	0.000000e+00	2.499263e+05
6.687800e-01	2.407281e+05	-5.673275e-02	1.609975e-01	0.000000e+00	-1.234037e+03	2.419621e+05
6.699700e-01	2.221668e+05	-5.692454e-02	1.613253e-01	0.000000e+00	-2.513115e+03	2.246799e+05
6.711600e-01	2.040226e+05	-5.711670e-02	1.616272e-01	0.000000e+00	-1.506289e+03	2.055289e+05
6.723500e-01	2.213176e+05	-5.730921e-02	1.619284e-01	0.000000e+00	-6.289111e+02	2.219465e+05
6.735400e-01	2.367127e+05	-5.750209e-02	1.622527e-01	0.000000e+00	-8.659863e+02	2.375787e+05
6.747300e-01	2.126039e+05	-5.769537e-02	1.625709e-01	0.000000e+00	-3.270694e+03	2.158746e+05
6.759200e-01	2.200477e+05	-5.788901e-02	1.628773e-01	0.000000e+00	-5.261041e+03	2.253088e+05
6.771100e-01	2.383663e+05	-5.808302e-02	1.632019e-01	0.000000e+00	-1.365741e+03	2.397320e+05
6.783000e-01	2.210487e+05	-5.827743e-02	1.635273e-01	0.000000e+00	-1.609070e+02	2.212096e+05
6.794900e-01	2.257045e+05	-5.847221e-02	1.638437e-01	0.000000e+00	-2.139235e+03	2.278437e+05
6.806800e-01	2.121451e+05	-5.866738e-02	1.641537e-01	0.000000e+00	-3.211158e+03	2.153563e+05
6.818700e-01	2.066021e+05	-5.886290e-02	1.644503e-01	0.000000e+00	-1.884686e+03	2.084867e+05
6.830600e-01	2.149419e+05	-5.905877e-02	1.647488e-01	0.000000e+00	-2.431618e+03	2.173735e+05
6.842500e-01	1.950475e+05	-5.925500e-02	1.650391e-01	0.000000e+00	-1.810367e+03	1.968579e+05
6.854400e-01	2.104339e+05	-5.945156e-02	1.653263e-01	0.000000e+00	-3.626764e+03	2.140607e+05
6.866300e-01	2.089394e+05	-5.964848e-02	1.656233e-01	0.000000e+00	-1.902796e+03	2.108422e+05
6.878200e-01	2.156486e+05	-5.984575e-02	1.659239e-01	0.000000e+00	-1.727584e+03	2.173762e+05
6.890100e-01	2.245877e+05	-6.004338e-02	1.662357e-01	0.000000e+00	-1.365264e+03	2.259529e+05
6.902000e-01	2.310415e+05	-6.024139e-02	1.665584e-01	0.000000e+00	-1.146278e+03	2.321878e+05
6.913900e-01	2.179153e+05	-6.043979e-02	1.668763e-01	0.000000e+00	-1.808294e+03	2.197236e+05
6.925800e-01	2.274822e+05	-6.063855e-02	1.671917e-01	0.000000e+00	-2.993740e+03	2.304759e+05
6.937700e-01	2.249765e+05	-6.083770e-02	1.675121e-01	0.000000e+00	-3.252014e+03	2.282285e+05
6.949600e-01	2.099817e+05	-6.103723e-02	1.678202e-01	0.000000e+00	-2.534237e+03	2.125159e+05
6.961500e-01	2.024017e+05	-6.123711e-02	1.681122e-01	0.000000e+00	-3.617337e+03	2.060191e+05
6.973400e-01	2.193742e+05	-6.143734e-02	1.684109e-01	0.000000e+00	-1.523418e+03	2.208976e+05
6.985300e-01	2.117785e+05	-6.163793e-02	1.687162e-01	0.000000e+00	-7.161367e+02	2.124947e+05
6.997200e-01	2.128009e+05	-6.183888e-02	1.690169e-01	0.000000e+00	-1.965541e+03	2.147665e+05
7.009100e-01	1.999366e+05	-6.204019e-02	1.693092e-01	0.000000e+00	-1.316416e+03	2.012531e+05
7.021000e-01	2.155434e+05	-6.224184e-02	1.696034e-01	0.000000e+00	-2.813054e+03	2.183565e+05
7.032900e-01	2.143228e+05	-6.244385e-02	1.699078e-01	0.000000e+00	-3.680685e+03	2.180035e+05
7.044800e-01	2.075600e+05	-6.264622e-02	1.702066e-01	0.000000e+00	-1.273835e+03	2.088339e+05
7.056700e-01	1.951421e+05	-6.284894e-02	1.704917e-01	0.000000e+00	-2.680886e+03	1.978229e+05
7.068600e-01	1.992755e+05	-6.305199e-02	1.707711e-01	0.000000e+00	-5.707157e+03	2.049826e+05
7.080500e-01	2.088759e+05	-6.325537e-02	1.710601e-01	0.000000e+00	-2.730053e+03	2.116060e+05
7.092400e-01	2.201917e+05	-6.345911e-02	1.713639e-01	0.000000e+00	-2.624311e+03	2.228161e+05
7.104300e-01	2.255847e+05	-6.366322e-02	1.716796e-01	0.000000e+00	-1.623172e+03	2.272079e+05
7.116200e-01	2.208047e+05	-6.386771e-02	1.719957e-01	0.000000e+00	-1.947549e+03	2.227522e+05
7.128100e-01	2.202037e+05	-6.407257e-02	1.723081e-01	0.000000e+00	-3.707532e+03	2.239112e+05
7.140000e-01	2.228330e+05	-6.427780e-02	1.726218e-01	0.000000e+00	-2.766739e+03	2.255997e+05
7.151900e-01	2.167528e+05	-6.448341e-02	1.729331e-01	0.000000e+00	-1.421722e+03	2.181745e+05
7.163800e-01	2.172493e+05	-6.468938e-02	1.732404e-01	0.000000e+00	-1.206000e+03	2.184553e+05
7.175700e-01	2.103158e+05	-6.489572e-02	1.735432e-01	0.000000e+00	-2.677237e+03	2.129930e+05
7.187600e-01	2.143304e+05	-6.510242e-02	1.738439e-01	0.000000e+00	-3.184441e+02	2.146489e+05
7.199500e-01	2.058588e+05	-6.530947e-02	1.741415e-01	0.000000e+00	-1.787611e+03	2.076464e+05
7.211400e-01	2.177108e+05	-6.551687e-02	1.744415e-01	0.000000e+00	-2.539017e+03	2.202498e+05
7.223300e-01	1.979056e+05	-6.572464e-02	1.747358e-01	0.000000e+00	-1.442627e+03	1.993482e+05
7.235200e-01	2.129035e+05	-6.593274e-02	1.750267e-01	0.000000e+00	-1.719705e+03	2.146232e+05
7.247100e-01	2.256343e+05	-6.614121e-02	1.753373e-01	0.000000e+00	-1.475435e+03	2.271097e+05
7.259000e-01	2.192303e+05	-6.635005e-02	1.756523e-01	0.000000e+00	-2.450902e+03	2.216812e+05
7.270900e-01	2.316196e+05	-6.655926e-02	1.759716e-01	0.000000e+00	-1.928864e+03	2.335484e+05
7.282800e-01	2.173085e+05	-6.676886e-02	1.762895e-01	0.000000e+00	-1.223054e+03	2.185316e+05
7.294700e-01	2.175468e+05	-6.697883e-02	1.765974e-01	0.000000e+00	-2.015999e+03	2.195628e+05
7.306600e-01	2.051575e+05	-6.718916e-02	1.768968e-01	0.000000e+00	-1.695025e+03	2.068526e+05
7.318500e-01	2.208924e+05	-6.739984e-02	1.771985e-01	0.000000e+00	-4.247140e+03	2.251396e+05
7.330400e-01	2.254213e+05	-6.761089e-02	1.775146e-01	0.000000e+00	-3.493028e+03	2.289143e+05
7.342300e-01	2.015707e+05	-6.782233e-02	1.778170e-01	0.000000e+00	-3.200935e+03	2.047716e+05
7.354200e-01	2.055819e+05	-6.803410e-02	1.781053e-01	0.000000e+00	-1.873097e+03	2.074550e+05
7.366100e-01	2.187182e+05	-6.824622e-02	1.784058e-01	0.000000e+00	-8.253318e+02	2.195435e+05
7.378000e-01	2.057270e+05	-6.845870e-02	1.787063e-01	0.000000e+00	-7.481782e+02	2.064752e+05
7.389900e-01	2.392582e+05	-6.867154e-02	1.790215e-01	0.000000e+00	-1.286653e+03	2.405448e+05
7.401800e-01	2.281820e+05	-6.888478e-02	1.793525e-01	0.000000e+00	-7.981276e+02	2.289802e+05
7.413700e-01	2.164674e+05	-6.909840e-02	1.796674e-01	0.000000e+00	-3.862595e+03	2.203300e+05
7.425600e-01	2.172122e+05	-6.931238e-02	1.799745e-01	0.000000e+00	-2.250732e+03	2.194630e+05
7.437500e-01	1.991601e+05	-6.952674e-02	1.802693e-01	0.000000e+00	-1.208758e+03	2.003689e+05
7.449400e-01	2.037056e+05	-6.974142e-02	1.805546e-01	0.000000e+00	-2.188562e+03	2.058941e+05
7.461300e-01	2.151852e+05	-6.995646e-02	1.808513e-01	0.000000e+00	-2.444763e+03	2.176299e+05
7.473200e-01	2.141786e+05	-7.017185e-02	1.811553e-01	0.000000e+00	-7.254251e+02	2.149040e+05
7.485100e-01	2.088119e+05	-7.038761e-02	1.814549e-01	0.000000e+00	-1.996842e+03	2.108087e+05
7.497000e-01	2.209246e+05	-7.060371e-02	1.817592e-01	0.000000e+00	-3.099159e+03	2.240238e+05
7.508900e-01	2.137492e+05	-7.082019e-02	1.820670e-01	0.000000e+00	-4.136130e+02	2.141628e+05
7.520800e-01	2.394218e+05	-7.103703e-02	1.823880e-01	0.000000e+00	-5.058508e+02	2.399277e+05
7.532700e-01	2.267954e+05	-7.125428e-02	1.827181e-01	0.000000e+00	-7.712095e+02	2.275666e+05
7.544600e-01	2.139889e+05	-7.147190e-02	1.830303e-01	0.000000e+00	-3.487232e+03	2.174761e+05
7.556500e-01	2.099256e+05	-7.168989e-02	1.833305e-01	0.000000e+00	-2.777249e+02	2.102033e+05
7.568400e-01	2.172720e+05	-7.190823e-02	1.836330e-01	0.000000e+00	-6.634739e+02	2.179355e+05
7.580300e-01	2.102806e+05	-7.212693e-02	1.839358e-01	0.000000e+00	-1.366907e+03	2.116475e+05
7.592200e-01	2.229433e+05	-7.234600e-02	1.842426e-01	0.000000e+00	-2.892286e+03	2.258356e+05
7.604100e-01	2.043510e+05	-7.256543e-02	1.845452e-01	0.000000e+00	-1.800022e+03	2.061510e+05
7.616000e-01	1.956635e+05	-7.278521e-02	1.848284e-01	0.000000e+00	-3.153887e+03	1.988174e+05
7.627900e-01	2.284951e+05	-7.300532e-02	1.851288e-01	0.000000e+00	-1.908626e+03	2.304037e+05
7.639800e-01	2.354716e+05	-7.322582e-02	1.854574e-01	0.000000e+00	-9.777877e+02	2.364494e+05
7.651700e-01	2.323673e+05	-7.344671e-02	1.857887e-01	0.000000e+00	-1.825591e+03	2.341929e+05
7.663600e-01	2.182758e+05	-7.366800e-02	1.861078e-01	0.000000e+00	-5.545241e+03	2.238210e+05
7.675500e-01	2.090748e+05	-7.388965e-02	1.864104e-01	0.000000e+00	-1.698663e+03	2.107735e+05
7.687400e-01	2.240735e+05	-7.411165e-02	1.867172e-01	0.000000e+00	-1.833416e+02	2.242569e+05
7.699300e-01	2.017882e+05	-7.433404e-02	1.870188e-01	0.000000e+00	-2.079675e+03	2.038679e+05
7.711200e-01	2.100716e+05	-7.455676e-02	1.873104e-01	0.000000e+00	-2.305813e+03	2.123774e+05
7.723100e-01	2.131408e+05	-7.477983e-02	1.876101e-01	0.000000e+00	-1.762309e+03	2.149031e+05
7.735000e-01	2.079873e+05	-7.500327e-02	1.879084e-01	0.000000e+00	-8.749208e+02	2.088622e+05
7.746900e-01	2.024174e+05	-7.522706e-02	1.881990e-01	0.000000e+00	-2.286030e+03	2.047034e+05
7.758800e-01	2.134652e+05	-7.545118e-02	1.884935e-01	0.000000e+00	-2.017494e+03	2.154827e+05
7.770700e-01	2.002393e+05	-7.567567e-02	1.887865e-01	0.000000e+00	-2.600762e+03	2.028401e+05
7.782600e-01	1.985225e+05	-7.590050e-02	1.890689e-01	0.000000e+00	-1.501906e+03	2.000244e+05
7.794500e-01	2.000249e+05	-7.612565e-02	1.893511e-01	0.000000e+00	-2.395301e+03	2.024202e+05
7.806400e-01	2.148229e+05	-7.635115e-02	1.896449e-01	0.000000e+00	-8.322574e+02	2.156552e+05
7.818300e-01	2.240623e+05	-7.657701e-02	1.899557e-01	0.000000e+00	-1.617363e+03	2.256796e+05
7.830200e-01	2.128449e+05	-7.680325e-02	1.902651e-01	0.000000e+00	-1.087403e+03	2.139323e+05
7.842100e-01	1.934460e+05	-7.702984e-02	1.905528e-01	0.000000e+00	-1.479970e+03	1.949259e+05
7.854000e-01	2.233083e+05	-7.725676e-02	1.908479e-01	0.000000e+00	-3.266690e+03	2.265750e+05
7.865900e-01	2.254355e+05	-7.748406e-02	1.911657e-01	0.000000e+00	-8.785992e+02	2.263141e+05
7.877800e-01	2.140576e+05	-7.771174e-02	1.914770e-01	0.000000e+00	-1.375677e+03	2.154333e+05
7.889700e-01	2.089738e+05	-7.793977e-02	1.917765e-01	0.000000e+00	-3.120526e+03	2.120943e+05
7.901600e-01	2.238498e+05	-7.816816e-02	1.920830e-01	0.000000e+00	-2.724969e+03	2.265748e+05
7.913500e-01	2.331099e+05	-7.839693e-02	1.924066e-01	0.000000e+00	-1.193773e+03	2.343037e+05
7.925400e-01	2.287133e+05	-7.862609e-02	1.927337e-01	0.000000e+00	-1.323787e+03	2.300371e+05
7.937300e-01	2.333898e+05	-7.885564e-02	1.930609e-01	0.000000e+00	-1.366455e+03	2.347562e+05
7.949200e-01	2.251823e+05	-7.908558e-02	1.933857e-01	0.000000e+00	-2.201662e+03	2.273839e+05
7.961100e-01	2.251739e+05	-7.931590e-02	1.937046e-01	0.000000e+00	-1.262295e+03	2.264361e+05
7.973000e-01	2.175661e+05	-7.954659e-02	1.940181e-01	0.000000e+00	-2.016928e+03	2.195830e+05
7.984900e-01	2.128338e+05	-7.977766e-02	1.943229e-01	0.000000e+00	-2.830257e+03	2.156640e+05
7.996800e-01	2.211859e+05	-8.000908e-02	1.946303e-01	0.000000e+00	-2.871769e+03	2.240577e+05
8.008700e-01	2.485301e+05	-8.024088e-02	1.949629e-01	0.000000e+00	-2.132392e+03	2.506625e+05
8.020600e-01	2.191171e+05	-8.047309e-02	1.952941e-01	0.000000e+00	-1.853212e+03	2.209703e+05
8.032500e-01	2.105603e+05	-8.070568e-02	1.955984e-01	0.000000e+00	-2.888019e+03	2.134483e+05
8.044400e-01	2.069539e+05	-8.093862e-02	1.958941e-01	0.000000e+00	-4.430818e+03	2.113847e+05
8.056300e-01	2.148115e+05	-8.117191e-02	1.961927e-01	0.000000e+00	-2.375579e+03	2.171871e+05
8.068200e-01	2.097309e+05	-8.140556e-02	1.964934e-01	0.000000e+00	-2.161026e+03	2.118919e+05
8.080100e-01	2.102018e+05	-8.163956e-02	1.967908e-01	0.000000e+00	-2.322247e+03	2.125241e+05
8.092000e-01	2.059174e+05	-8.187392e-02	1.970854e-01	0.000000e+00	-4.971674e+03	2.108891e+05
8.103900e-01	2.189511e+05	-8.210862e-02	1.973863e-01	0.000000e+00	-1.635826e+03	2.205869e+05
8.115800e-01	2.163175e+05	-8.234370e-02	1.976946e-01	0.000000e+00	-3.093503e+03	2.194110e+05
8.127700e-01	1.968117e+05	-8.257914e-02	1.979871e-01	0.000000e+00	-1.329578e+03	1.981412e+05
8.139600e-01	1.902121e+05	-8.281491e-02	1.982612e-01	0.000000e+00	-1.884921e+03	1.920970e+05
8.151500e-01	2.133268e+05	-8.305100e-02	1.985470e-01	0.000000e+00	-9.096790e+02	2.142365e+05
8.163400e-01	2.141922e+05	-8.328745e-02	1.988497e-01	0.000000e+00	-2.186157e+03	2.163784e+05
8.175300e-01	2.356766e+05	-8.352426e-02	1.991683e-01	0.000000e+00	-1.257637e+03	2.369342e+05
8.187200e-01	2.208208e+05	-8.376147e-02	1.994916e-01	0.000000e+00	-7.272709e+02	2.215481e+05
8.199100e-01	2.047728e+05	-8.399905e-02	1.997930e-01	0.000000e+00	-1.748265e+03	2.065210e+05
8.211000e-01	1.969836e+05	-8.423698e-02	2.000775e-01	0.000000e+00	-8.858089e+02	1.978694e+05
8.222900e-01	2.105848e+05	-8.447524e-02	2.003661e-01	0.000000e+00	-2.397470e+02	2.108246e+05
8.234800e-01	2.182172e+05	-8.471385e-02	2.006698e-01	0.000000e+00	-2.962645e+03	2.211799e+05
8.246700e-01	1.982143e+05	-8.495283e-02	2.009647e-01	0.000000e+00	-2.571211e+03	2.007855e+05
8.258600e-01	2.120971e+05	-8.519214e-02	2.012552e-01	0.000000e+00	-3.751620e+03	2.158487e+05
8.270500e-01	2.186411e+05	-8.543182e-02	2.015603e-01	0.000000e+00	-6.622050e+02	2.193033e+05
8.282400e-01	2.306966e+05	-8.567186e-02	2.018785e-01	0.000000e+00	-1.685288e+03	2.323819e+05
8.294300e-01	2.215593e+05	-8.591229e-02	2.021988e-01	0.000000e+00	-1.537446e+03	2.230967e+05
8.306200e-01	2.091525e+05	-8.615309e-02	2.025038e-01	0.000000e+00	-2.865502e+03	2.120180e+05
8.318100e-01	2.186339e+05	-8.639425e-02	2.028067e-01	0.000000e+00	-1.371394e+03	2.200053e+05
8.330000e-01	2.220510e+05	-8.663577e-02	2.031188e-01	0.000000e+00	0.000000e+00	2.220510e+05
8.341900e-01	2.297828e+05	-8.687767e-02	2.034388e-01	0.000000e+00	0.000000e+00	2.297828e+05
8.353800e-01	2.207063e+05	-8.711996e-02	2.037578e-01	0.000000e+00	0.000000e+00	2.207063e+05
8.365700e-01	2.173360e+05	-8.736261e-02	2.040680e-01	0.000000e+00	-1.928732e+03	2.192647e+05
8.377600e-01	2.349852e+05	-8.760564e-02	2.043883e-01	0.000000e+00	-9.084061e+02	2.358936e+05
8.389500e-01	2.475097e+05	-8.784906e-02	2.047300e-01	0.000000e+00	-5.242061e+02	2.480339e+05
8.401400e-01	2.255743e+05	-8.809289e-02	2.050650e-01	0.000000e+00	-5.297621e+02	2.261040e+05
8.413300e-01	2.204106e+05	-8.833711e-02	2.053808e-01	0.000000e+00	-1.986816e+03	2.223974e+05
8.425200e-01	2.346981e+05	-8.858170e-02	2.057031e-01	0.000000e+00	-3.461690e+02	2.350443e+05
8.437100e-01	2.238410e+05	-8.882669e-02	2.060279e-01	0.000000e+00	-1.674525e+03	2.255155e+05
8.449000e-01	2.181213e+05	-8.907205e-02	2.063408e-01	0.000000e+00	-1.846246e+03	2.199676e+05
8.460900e-01	2.189777e+05	-8.931778e-02	2.066504e-01	0.000000e+00	-3.507424e+02	2.193284e+05
8.472800e-01	2.170789e+05	-8.956388e-02	2.069592e-01	0.000000e+00	-1.591567e+03	2.186705e+05
8.484700e-01	2.068204e+05	-8.981034e-02	2.072594e-01	0.000000e+00	-2.696941e+03	2.095173e+05
8.496600e-01	2.355154e+05	-9.005715e-02	2.075726e-01	0.000000e+00	-7.419365e+02	2.362573e+05
8.508500e-01	2.336111e+05	-9.030436e-02	2.079048e-01	0.000000e+00	-6.645163e+02	2.342757e+05
8.520400e-01	2.299755e+05	-9.055197e-02	2.082331e-01	0.000000e+00	-1.861893e+03	2.318373e+05
8.532300e-01	2.258120e+05	-9.079996e-02	2.085559e-01	0.000000e+00	-8.349354e+02	2.266469e+05
8.544200e-01	2.031210e+05	-9.104833e-02	2.088597e-01	0.000000e+00	-1.427238e+03	2.045482e+05
8.556100e-01	2.306991e+05	-9.129704e-02	2.091669e-01	0.000000e+00	-2.502490e+03	2.332016e+05
8.568000e-01	2.327097e+05	-9.154615e-02	2.094950e-01	0.000000e+00	-7.654949e+02	2.334752e+05
8.579900e-01	2.189101e+05	-9.179564e-02	2.098149e-01	0.000000e+00	-8.176973e+02	2.197278e+05
8.591800e-01	2.017027e+05	-9.204551e-02	2.101127e-01	0.000000e+00	-7.547855e+02	2.024575e+05
8.603700e-01	2.100795e+05	-9.229571e-02	2.104043e-01	0.000000e+00	-4.549832e+02	2.105345e+05
8.615600e-01	2.040788e+05	-9.254627e-02	2.106976e-01	0.000000e+00	-5.496408e+02	2.046285e+05
8.627500e-01	1.892736e+05	-9.279717e-02	2.109762e-01	0.000000e+00	-1.308213e+03	1.905818e+05
8.639400e-01	2.182872e+05	-9.304839e-02	2.112648e-01	0.000000e+00	-2.188862e+03	2.204760e+05
8.651300e-01	2.201281e+05	-9.329998e-02	2.115753e-01	0.000000e+00	-1.835637e+03	2.219637e+05
8.663200e-01	2.233764e+05	-9.355194e-02	2.118893e-01	0.000000e+00	-8.391774e+02	2.242156e+05
8.675100e-01	2.316038e+05	-9.380428e-02	2.122115e-01	0.000000e+00	-1.822818e+03	2.334266e+05
8.687000e-01	2.392258e+05	-9.405700e-02	2.125450e-01	0.000000e+00	-1.387019e+03	2.406129e+05
8.698900e-01	2.291949e+05	-9.431013e-02	2.128767e-01	0.000000e+00	-1.526666e+02	2.293476e+05
8.710800e-01	2.264405e+05	-9.456365e-02	2.131994e-01	0.000000e+00	-8.089724e+01	2.265214e+05
8.722700e-01	2.424631e+05	-9.481755e-02	2.135314e-01	0.000000e+00	-7.594389e+02	2.432225e+05
8.734600e-01	2.123036e+05	-9.507185e-02	2.138535e-01	0.000000e+00	-6.526432e+01	2.123689e+05
8.746500e-01	2.130418e+05	-9.532652e-02	2.141547e-01	0.000000e+00	-1.402615e+03	2.144444e+05
8.758400e-01	2.236267e+05	-9.558154e-02	2.144639e-01	0.000000e+00	-1.301801e+03	2.249285e+05
8.770300e-01	2.067027e+05	-9.583694e-02	2.147687e-01	0.000000e+00	-3.104095e+03	2.098068e+05
8.782200e-01	2.358418e+05	-9.609269e-02	2.150821e-01	0.000000e+00	-2.169631e+03	2.380114e+05
8.794100e-01	2.355678e+05	-9.634884e-02	2.154159e-01	0.000000e+00	-6.809270e+02	2.362488e+05
8.806000e-01	1.907843e+05	-9.660538e-02	2.157178e-01	0.000000e+00	-2.171194e+03	1.929555e+05
8.817900e-01	2.188679e+05	-9.686225e-02	2.160079e-01	0.000000e+00	-8.691790e+02	2.197370e+05
8.829800e-01	2.279219e+05	-9.711948e-02	2.163243e-01	0.000000e+00	0.000000e+00	2.279219e+05
8.841700e-01	2.185423e+05	-9.737710e-02	2.166405e-01	0.000000e+00	-7.418709e+02	2.192842e+05
8.853600e-01	2.253412e+05	-9.763509e-02	2.169548e-01	0.000000e+00	-2.575722e+03	2.279169e+05
8.865500e-01	2.210386e+05	-9.789345e-02	2.172709e-01	0.000000e+00	-8.840874e+02	2.219227e+05
8.877400e-01	2.243506e+05	-9.815219e-02	2.175864e-01	0.000000e+00	-4.755130e+02	2.248261e+05
8.889300e-01	2.186113e+05	-9.841131e-02	2.179000e-01	0.000000e+00	-2.078243e+03	2.206895e+05
8.901200e-01	2.336280e+05	-9.867079e-02	2.182203e-01	0.000000e+00	-2.734511e+03	2.363625e+05
8.913100e-01	2.188293e+05	-9.893067e-02	2.185407e-01	0.000000e+00	-2.967129e+03	2.217964e+05
8.925000e-01	2.197652e+05	-9.919092e-02	2.188513e-01	0.000000e+00	-1.247164e+03	2.210123e+05
8.936900e-01	2.479917e+05	-9.945154e-02	2.191826e-01	0.000000e+00	-3.247964e+03	2.512397e+05
8.948800e-01	2.417854e+05	-9.971257e-02	2.195294e-01	0.000000e+00	-1.806187e+03	2.435916e+05
8.960700e-01	2.141462e+05	-9.997402e-02	2.198523e-01	0.000000e+00	-1.785877e+03	2.159320e+05
8.972600e-01	2.361648e+05	-1.002358e-01	2.201712e-01	0.000000e+00	-3.577007e+03	2.397418e+05
8.984500e-01	2.089247e+05	-1.004980e-01	2.204864e-01	0.000000e+00	-1.929143e+03	2.108539e+05
8.996400e-01	2.087666e+05	-1.007606e-01	2.207822e-01	0.000000e+00	-9.028693e+02	2.096695e+05
9.008300e-01	2.099895e+05	-1.010235e-01	2.210787e-01	0.000000e+00	-8.654705e+02	2.108549e+05
9.020200e-01	2.220400e+05	-1.012867e-01	2.213847e-01	0.000000e+00	-7.526686e+02	2.227927e+05
9.032100e-01	2.377653e+05	-1.015504e-01	2.217103e-01	0.000000e+00	0.000000e+00	2.377653e+05
9.044000e-01	2.101974e+05	-1.018144e-01	2.220275e-01	0.000000e+00	-3.757270e+02	2.105731e+05
9.055900e-01	1.993903e+05	-1.020788e-01	2.223176e-01	0.000000e+00	-4.646091e+02	1.998549e+05
9.067800e-01	2.020777e+05	-1.023435e-01	2.226019e-01	0.000000e+00	-1.607540e+03	2.036852e+05
9.079700e-01	2.116817e+05	-1.026086e-01	2.228949e-01	0.000000e+00	-7.399183e+02	2.124216e+05
9.091600e-01	2.333432e+05	-1.028740e-01	2.232100e-01	0.000000e+00	-1.710217e+03	2.350534e+05
9.103500e-01	2.273177e+05	-1.031398e-01	2.235363e-01	0.000000e+00	-1.703883e+03	2.290216e+05
9.115400e-01	2.268868e+05	-1.034060e-01	2.238579e-01	0.000000e+00	-1.207954e+02	2.270076e+05
9.127300e-01	2.188166e+05	-1.036726e-01	2.241735e-01	0.000000e+00	-1.731150e+03	2.205478e+05
9.139200e-01	2.064079e+05	-1.039396e-01	2.244747e-01	0.000000e+00	-2.839847e+03	2.092477e+05
9.151100e-01	2.295409e+05	-1.042069e-01	2.247834e-01	0.000000e+00	-1.485394e+03	2.310263e+05
9.163000e-01	2.386097e+05	-1.044746e-01	2.251149e-01	0.000000e+00	-2.905804e+03	2.415155e+05
9.174900e-01	2.162237e+05	-1.047426e-01	2.254370e-01	0.000000e+00	-1.602264e+03	2.178260e+05
9.186800e-01	2.192627e+05	-1.050111e-01	2.257454e-01	0.000000e+00	-7.312847e+02	2.199940e+05
9.198700e-01	2.140334e+05	-1.052799e-01	2.260523e-01	0.000000e+00	-4.689620e+02	2.145024e+05
9.210600e-01	2.257630e+05	-1.055491e-01	2.263637e-01	0.000000e+00	-3.534152e+02	2.261164e+05
9.222500e-01	2.017109e+05	-1.058187e-01	2.266664e-01	0.000000e+00	-2.161894e+03	2.038728e+05
9.234400e-01	2.299300e+05	-1.060886e-01	2.269721e-01	0.000000e+00	-2.215279e+03	2.321452e+05
9.246300e-01	2.214675e+05	-1.063589e-01	2.272918e-01	0.000000e+00	-2.542720e+03	2.240102e+05
9.258200e-01	2.361521e+05	-1.066295e-01	2.276158e-01	0.000000e+00	-1.760250e+03	2.379124e+05
9.270100e-01	2.229890e+05	-1.069006e-01	2.279410e-01	0.000000e+00	-4.063266e+02	2.233953e+05
9.282000e-01	2.262323e+05	-1.071720e-01	2.282591e-01	0.000000e+00	-1.445211e+03	2.276775e+05
9.293900e-01	2.336583e+05	-1.074438e-01	2.285848e-01	0.000000e+00	-1.029851e+03	2.346882e+05
9.305800e-01	2.292703e+05	-1.077161e-01	2.289126e-01	0.000000e+00	-3.698459e+03	2.329688e+05
9.317700e-01	2.072791e+05	-1.079887e-01	2.292218e-01	0.000000e+00	-1.973747e+03	2.092528e+05
9.329600e-01	2.393509e+05	-1.082616e-01	2.295381e-01	0.000000e+00	-8.213950e+02	2.401723e+05
9.341500e-01	2.433627e+05	-1.085350e-01	2.298799e-01	0.000000e+00	-5.175162e+02	2.438802e+05
9.353400e-01	2.437547e+05	-1.088087e-01	2.302249e-01	0.000000e+00	-1.140999e+03	2.448957e+05
9.365300e-01	2.340757e+05	-1.090829e-01	2.305632e-01	0.000000e+00	-4.177457e+03	2.382531e+05
9.377200e-01	2.151140e+05	-1.093575e-01	2.308813e-01	0.000000e+00	-1.805900e+03	2.169199e+05
9.389100e-01	2.299898e+05	-1.096324e-01	2.311965e-01	0.000000e+00	0.000000e+00	2.299898e+05
9.401000e-01	2.229277e+05	-1.099077e-01	2.315173e-01	0.000000e+00	-2.637185e+03	2.255649e+05
9.412900e-01	2.263069e+05	-1.101834e-01	2.318354e-01	0.000000e+00	-7.241592e+02	2.270311e+05
9.424800e-01	2.232141e+05	-1.104595e-01	2.321537e-01	0.000000e+00	-8.245839e+02	2.240386e+05
9.436700e-01	2.238885e+05	-1.107359e-01	2.324704e-01	0.000000e+00	-8.674920e+02	2.247560e+05
9.448600e-01	2.162519e+05	-1.110128e-01	2.327821e-01	0.000000e+00	-1.392004e+03	2.176440e+05
9.460500e-01	2.082973e+05	-1.112899e-01	2.330827e-01	0.000000e+00	-2.326706e+03	2.106240e+05
9.472400e-01	2.234130e+05	-1.115675e-01	2.333884e-01	0.000000e+00	-1.002795e+03	2.244158e+05
9.484300e-01	2.413923e+05	-1.118454e-01	2.337176e-01	0.000000e+00	-3.091085e+02	2.417014e+05
9.496200e-01	2.339910e+05	-1.121237e-01	2.340542e-01	0.000000e+00	-9.383236e+02	2.349294e+05
9.508100e-01	2.169585e+05	-1.124025e-01	2.343736e-01	0.000000e+00	-1.354581e+03	2.183131e+05
9.520000e-01	2.163227e+05	-1.126815e-01	2.346804e-01	0.000000e+00	-1.888117e+03	2.182108e+05
9.531900e-01	2.414064e+05	-1.129610e-01	2.350046e-01	0.000000e+00	-8.609956e+02	2.422674e+05
9.543800e-01	2.385374e+05	-1.132409e-01	2.353445e-01	0.000000e+00	0.000000e+00	2.385374e+05
9.555700e-01	2.177689e+05	-1.135211e-01	2.356676e-01	0.000000e+00	-6.472251e+02	2.184161e+05
9.567600e-01	2.099415e+05	-1.138017e-01	2.359705e-01	0.000000e+00	-1.441120e+03	2.113826e+05
9.579500e-01	2.295352e+05	-1.140827e-01	2.362817e-01	0.000000e+00	-1.837162e+03	2.313724e+05
9.591400e-01	2.297863e+05	-1.143641e-01	2.366070e-01	0.000000e+00	-2.761739e+02	2.300625e+05
9.603300e-01	2.215129e+05	-1.146459e-01	2.369266e-01	0.000000e+00	-2.990753e+02	2.218120e+05
9.615200e-01	2.483777e+05	-1.149280e-01	2.372593e-01	0.000000e+00	-6.321620e+02	2.490098e+05
9.627100e-01	2.073028e+05	-1.152105e-01	2.375820e-01	0.000000e+00	-7.840127e+02	2.080868e+05
9.639000e-01	2.254512e+05	-1.154934e-01	2.378885e-01	0.000000e+00	-1.456005e+03	2.269072e+05
9.650900e-01	2.242295e+05	-1.157767e-01	2.382069e-01	0.000000e+00	-1.030426e+03	2.252600e+05
9.662800e-01	2.246575e+05	-1.160604e-01	2.385248e-01	0.000000e+00	-8.224906e+02	2.254800e+05
9.674700e-01	2.159276e+05	-1.163444e-01	2.388368e-01	0.000000e+00	-1.784552e+01	2.159455e+05
9.686600e-01	2.157698e+05	-1.166288e-01	2.391425e-01	0.000000e+00	-2.499248e+03	2.182691e+05
9.698500e-01	2.176823e+05	-1.169136e-01	2.394495e-01	0.000000e+00	-1.610007e+03	2.192923e+05
9.710400e-01	2.106651e+05	-1.171987e-01	2.397528e-01	0.000000e+00	-7.787574e+02	2.114439e+05
9.722300e-01	2.306138e+05	-1.174842e-01	2.400653e-01	0.000000e+00	-1.540042e+02	2.307678e+05
9.734200e-01	2.391177e+05	-1.177700e-01	2.403980e-01	0.000000e+00	-1.884133e+03	2.410019e+05
9.746100e-01	2.379851e+05	-1.180563e-01	2.407359e-01	0.000000e+00	-2.369955e+03	2.403551e+05
9.758000e-01	2.372047e+05	-1.183430e-01	2.410724e-01	0.000000e+00	-1.609556e+03	2.388142e+05
9.769900e-01	2.274888e+05	-1.186301e-01	2.414014e-01	0.000000e+00	-1.525576e+03	2.290144e+05
9.781800e-01	2.217301e+05	-1.189175e-01	2.417196e-01	0.000000e+00	-1.014141e+03	2.227442e+05
9.793700e-01	2.314626e+05	-1.192054e-01	2.420405e-01	0.000000e+00	0.000000e+00	2.314626e+05
9.805600e-01	2.479443e+05	-1.194936e-01	2.423800e-01	0.000000e+00	0.000000e+00	2.479443e+05
9.817500e-01	2.208112e+05	-1.197822e-01	2.427120e-01	0.000000e+00	-1.225198e+03	2.220364e+05
9.829400e-01	2.170846e+05	-1.200712e-01	2.430221e-01	0.000000e+00	-1.575832e+03	2.186604e+05
9.841300e-01	2.129688e+05	-1.203606e-01	2.433266e-01	0.000000e+00	-5.603143e+02	2.135292e+05
9.853200e-01	2.222390e+05	-1.206504e-01	2.436348e-01	0.000000e+00	-3.720251e+02	2.226110e+05
9.865100e-01	2.149429e+05	-1.209405e-01	2.439444e-01	0.000000e+00	-4.683111e+02	2.154112e+05
9.877000e-01	2.122413e+05	-1.212309e-01	2.442469e-01	0.000000e+00	-1.483638e+02	2.123897e+05
9.888900e-01	2.223170e+05	-1.215218e-01	2.445547e-01	0.000000e+00	-6.919724e+02	2.230090e+05
9.900800e-01	2.239197e+05	-1.218130e-01	2.448707e-01	0.000000e+00	-2.672248e+02	2.241869e+05
9.912700e-01	2.129454e+05	-1.221046e-01	2.451800e-01	0.000000e+00	-1.191708e+03	2.141372e+05
9.924600e-01	2.221359e+05	-1.223965e-01	2.454881e-01	0.000000e+00	-1.596217e+03	2.237321e+05
9.936500e-01	2.074174e+05	-1.226888e-01	2.457923e-01	0.000000e+00	-1.889653e+03	2.093071e+05
9.948400e-01	2.290003e+05	-1.229815e-01	2.461014e-01	0.000000e+00	-2.871442e+03	2.318718e+05
9.960300e-01	2.243646e+05	-1.232745e-01	2.464225e-01	0.000000e+00	-1.725086e+03	2.260897e+05
9.972200e-01	2.216912e+05	-1.235680e-01	2.467383e-01	0.000000e+00	-5.427027e+02	2.222339e+05
9.984100e-01	2.234906e+05	-1.238618e-01	2.470536e-01	0.000000e+00	-1.181377e+03	2.246720e+05
9.996000e-01	2.151272e+05	-1.241560e-01	2.473642e-01	0.000000e+00	-2.331323e+03	2.174585e+05
1.000790e+00	2.228304e+05	-1.244505e-01	2.476744e-01	0.000000e+00	-1.545559e+03	2.243760e+05
1.001980e+00	2.137182e+05	-1.247454e-01	2.479835e-01	0.000000e+00	-8.240941e+02	2.145423e+05
1.003170e+00	2.324474e+05	-1.250407e-01	2.482995e-01	0.000000e+00	-4.437642e+02	2.328912e+05
1.004360e+00	2.329406e+05	-1.253364e-01	2.486290e-01	0.000000e+00	-3.965719e+02	2.333371e+05
1.005550e+00	2.294777e+05	-1.256324e-01	2.489565e-01	0.000000e+00	-5.418872e+02	2.300196e+05
1.006740e+00	2.068543e+05	-1.259289e-01	2.492655e-01	0.000000e+00	-1.138785e+03	2.079931e+05
1.007930e+00	2.395818e+05	-1.262257e-01	2.495817e-01	0.000000e+00	0.000000e+00	2.395818e+05
1.009120e+00	2.156783e+05	-1.265229e-01	2.499041e-01	0.000000e+00	-8.380073e+02	2.165163e+05
1.010310e+00	2.279891e+05	-1.268205e-01	2.502182e-01	0.000000e+00	-1.683001e+03	2.296721e+05
1.011500e+00	2.305219e+05	-1.271184e-01	2.505429e-01	0.000000e+00	-8.065035e+02	2.313284e+05
1.012690e+00	2.261667e+05	-1.274168e-01	2.508664e-01	0.000000e+00	-3.995280e+02	2.265662e+05
1.013880e+00	2.250301e+05	-1.277155e-01	2.511859e-01	0.000000e+00	-1.122041e+03	2.261522e+05
1.015070e+00	2.115575e+05	-1.280146e-01	2.514950e-01	0.000000e+00	-6.452489e+02	2.122028e+05
1.016260e+00	2.178909e+05	-1.283140e-01	2.517992e-01	0.000000e+00	-6.490750e+02	2.185400e+05
1.017450e+00	2.096724e+05	-1.286139e-01	2.521020e-01	0.000000e+00	-7.369376e+02	2.104094e+05
1.018640e+00	2.360619e+05	-1.289140e-01	2.524176e-01	0.000000e+00	-1.171586e+03	2.372335e+05
1.019830e+00	2.237714e+05	-1.292146e-01	2.527432e-01	0.000000e+00	-8.668416e+02	2.246382e+05
1.021020e+00	2.160397e+05	-1.295156e-01	2.530547e-01	0.000000e+00	-3.969647e+02	2.164367e+05
1.022210e+00	2.244348e+05	-1.298169e-01	2.533666e-01	0.000000e+00	-1.439032e+03	2.258739e+05
1.023400e+00	2.165633e+05	-1.301186e-01	2.536789e-01	0.000000e+00	-1.009940e+03	2.175733e+05
1.024590e+00	2.336572e+05	-1.304206e-01	2.539978e-01	0.000000e+00	-4.402658e+02	2.340974e+05
1.025780e+00	2.225285e+05	-1.307231e-01	2.543208e-01	0.000000e+00	-1.606466e+03	2.241349e+05
1.026970e+00	2.079963e+05	-1.310259e-01	2.546257e-01	0.000000e+00	-7.947640e+02	2.087910e+05
1.028160e+00	2.408023e+05	-1.313291e-01	2.549435e-01	0.000000e+00	-5.198483e+02	2.413222e+05
1.029350e+00	2.408197e+05	-1.316327e-01	2.552846e-01	0.000000e+00	-2.894743e+02	2.411091e+05
1.030540e+00	2.238643e+05	-1.319367e-01	2.556137e-01	0.000000e+00	-1.772884e+03	2.256372e+05
1.031730e+00	2.343192e+05	-1.322411e-01	2.559381e-01	0.000000e+00	-2.795043e+03	2.371142e+05
1.032920e+00	2.131739e+05	-1.325458e-01	2.562550e-01	0.000000e+00	-1.865287e+03	2.150391e+05
1.034110e+00	2.119456e+05	-1.328509e-01	2.565561e-01	0.000000e+00	-3.771979e+02	2.123228e+05
1.035300e+00	2.200035e+05	-1.331564e-01	2.568620e-01	0.000000e+00	-4.631383e+02	2.204666e+05
1.036490e+00	2.169195e+05	-1.334623e-01	2.571714e-01	0.000000e+00	0.000000e+00	2.169195e+05
1.037680e+00	2.294342e+05	-1.337685e-01	2.574875e-01	0.000000e+00	-1.155428e+03	2.305896e+05
1.038870e+00	2.244280e+05	-1.340751e-01	2.578089e-01	0.000000e+00	-2.325206e+03	2.267532e+05
1.040060e+00	2.484493e+05	-1.343821e-01	2.581438e-01	0.000000e+00	-8.590777e+02	2.493084e+05
1.041250e+00	2.423380e+05	-1.346895e-01	2.584913e-01	0.000000e+00	-9.794745e+02	2.433175e+05
1.042440e+00	2.217977e+05	-1.349973e-01	2.588200e-01	0.000000e+00	-9.881734e+02	2.227859e+05
1.043630e+00	2.236040e+05	-1.353055e-01	2.591354e-01	0.000000e+00	-7.200579e+02	2.243240e+05
1.044820e+00	2.265305e+05	-1.356140e-01	2.594542e-01	0.000000e+00	-1.340790e+03	2.278713e+05
1.046010e+00	2.410010e+05	-1.359230e-01	2.597853e-01	0.000000e+00	-7.219536e+02	2.417229e+05
1.047200e+00	2.266610e+05	-1.362323e-01	2.601165e-01	0.000000e+00	-8.209747e+02	2.274820e+05
1.048390e+00	2.215876e+05	-1.365420e-01	2.604339e-01	0.000000e+00	-1.153765e+03	2.227414e+05
1.049580e+00	2.310218e+05	-1.368522e-01	2.607544e-01	0.000000e+00	-1.131804e+03	2.321536e+05
1.050770e+00	2.273766e+05	-1.371626e-01	2.610790e-01	0.000000e+00	-1.537542e+03	2.289141e+05
1.051960e+00	2.177209e+05	-1.374735e-01	2.613942e-01	0.000000e+00	-2.232140e+03	2.199530e+05
1.053150e+00	2.229554e+05	-1.377848e-01	2.617063e-01	0.000000e+00	-1.403979e+03	2.243593e+05
1.054340e+00	2.418406e+05	-1.380964e-01	2.620355e-01	0.000000e+00	-1.587828e+03	2.434284e+05
1.055530e+00	2.297215e+05	-1.384084e-01	2.623694e-01	0.000000e+00	-1.491324e+03	2.312129e+05
1.056720e+00	2.268417e+05	-1.387208e-01	2.626927e-01	0.000000e+00	-5.588852e+02	2.274006e+05
1.057910e+00	2.304615e+05	-1.390336e-01	2.630166e-01	0.000000e+00	-1.392576e+03	2.318541e+05
1.059100e+00	2.141087e+05	-1.393468e-01	2.633314e-01	0.000000e+00	-1.614921e+03	2.157236e+05
1.060290e+00	1.988126e+05	-1.396603e-01	2.636238e-01	0.000000e+00	-3.167575e+03	2.019801e+05
1.061480e+00	2.169366e+05	-1.399742e-01	2.639182e-01	0.000000e+00	-3.605137e+03	2.205417e+05
1.062670e+00	2.141150e+05	-1.402885e-01	2.642235e-01	0.000000e+00	-3.038245e+02	2.144188e+05
1.063860e+00	2.345183e+05	-1.406031e-01	2.645412e-01	0.000000e+00	-2.893508e+03	2.374118e+05
1.065050e+00	2.342759e+05	-1.409181e-01	2.648732e-01	0.000000e+00	-1.942996e+03	2.362189e+05
1.066240e+00	2.064361e+05	-1.412335e-01	2.651853e-01	0.000000e+00	-1.034194e+03	2.074703e+05
1.067430e+00	2.285580e+05	-1.415492e-01	2.654933e-01	0.000000e+00	-8.519918e+02	2.294100e+05
1.068620e+00	2.233384e+05	-1.418653e-01	2.658134e-01	0.000000e+00	-4.433517e+02	2.237818e+05
1.069810e+00	2.115784e+05	-1.421819e-01	2.661213e-01	0.000000e+00	-1.429071e+03	2.130074e+05
1.071000e+00	2.476938e+05	-1.424987e-01	2.664466e-01	0.000000e+00	-1.902262e+03	2.495961e+05
1.072190e+00	2.293383e+05	-1.428160e-01	2.667844e-01	0.000000e+00	-5.162125e+02	2.298545e+05
1.073380e+00	2.447948e+05	-1.431337e-01	2.671202e-01	0.000000e+00	-7.511197e+02	2.455459e+05
1.074570e+00	2.235330e+05	-1.434517e-01	2.674518e-01	0.000000e+00	-6.680945e+02	2.242011e+05
1.075760e+00	2.369130e+05	-1.437702e-01	2.677779e-01	0.000000e+00	-1.593731e+03	2.385067e+05
1.076950e+00	2.238734e+05	-1.440891e-01	2.681042e-01	0.000000e+00	-1.099519e+03	2.249729e+05
1.078140e+00	2.144376e+05	-1.444083e-01	2.684146e-01	0.000000e+00	-6.827335e+01	2.145059e+05
1.079330e+00	2.142363e+05	-1.447279e-01	2.687182e-01	0.000000e+00	-7.720628e+02	2.150083e+05
1.080520e+00	2.270940e+05	-1.450478e-01	2.690307e-01	0.000000e+00	-5.232902e+02	2.276173e+05
1.081710e+00	2.368204e+05	-1.453682e-01	2.693592e-01	0.000000e+00	-1.110716e+03	2.379311e+05
1.082900e+00	2.085222e+05	-1.456889e-01	2.696746e-01	0.000000e+00	-4.666602e+01	2.085689e+05
1.084090e+00	2.182728e+05	-1.460100e-01	2.699769e-01	0.000000e+00	-1.315992e+03	2.195888e+05
1.085280e+00	2.193711e+05	-1.463315e-01	2.702868e-01	0.000000e+00	-6.689370e+02	2.200400e+05
1.086470e+00	2.401590e+05	-1.466533e-01	2.706122e-01	0.000000e+00	-7.997111e+02	2.409587e+05
1.087660e+00	2.272722e+05	-1.469755e-01	2.709432e-01	0.000000e+00	-5.767048e+02	2.278489e+05
1.088850e+00	2.189619e+05	-1.472981e-01	2.712592e-01	0.000000e+00	-8.372214e+02	2.197991e+05
1.090040e+00	2.206701e+05	-1.476211e-01	2.715706e-01	0.000000e+00	-8.434508e+02	2.215135e+05
1.091230e+00	2.244332e+05	-1.479445e-01	2.718858e-01	0.000000e+00	0.000000e+00	2.244332e+05
1.092420e+00	2.293654e+05	-1.482682e-01	2.722071e-01	0.000000e+00	0.000000e+00	2.293654e+05
1.093610e+00	2.174996e+05	-1.485923e-01	2.725236e-01	0.000000e+00	-7.563640e+02	2.182559e+05
1.094800e+00	2.055547e+05	-1.489168e-01	2.728232e-01	0.000000e+00	-1.513901e+03	2.070686e+05
1.095990e+00	2.371849e+05	-1.492416e-01	2.731367e-01	0.000000e+00	-8.583167e+02	2.380432e+05
1.097180e+00	2.312682e+05	-1.495669e-01	2.734684e-01	0.000000e+00	-1.491198e+03	2.327594e+05
1.098370e+00	2.111453e+05	-1.498925e-01	2.737818e-01	0.000000e+00	-7.841568e+02	2.119294e+05
1.099560e+00	2.049302e+05	-1.502185e-01	2.740764e-01	0.000000e+00	-1.079636e+03	2.060098e+05
1.100750e+00	2.142634e+05	-1.505448e-01	2.743733e-01	0.000000e+00	-2.391171e+02	2.145025e+05
1.101940e+00	2.279869e+05	-1.508715e-01	2.746864e-01	0.000000e+00	0.000000e+00	2.279869e+05
1.103130e+00	2.207662e+05	-1.511985e-01	2.750042e-01	0.000000e+00	0.000000e+00	2.207662e+05
1.104320e+00	2.316365e+05	-1.515260e-01	2.753246e-01	0.000000e+00	0.000000e+00	2.316365e+05
1.105510e+00	2.346675e+05	-1.518538e-01	2.756548e-01	0.000000e+00	0.000000e+00	2.346675e+05
1.106700e+00	2.363184e+05	-1.521820e-01	2.759884e-01	0.000000e+00	-4.543321e+02	2.367727e+05
1.107890e+00	2.299735e+05	-1.525107e-01	2.763186e-01	0.000000e+00	-1.226340e+03	2.311999e+05
1.109080e+00	2.334948e+05	-1.528397e-01	2.766468e-01	0.000000e+00	0.000000e+00	2.334948e+05
1.110270e+00	2.162697e+05	-1.531691e-01	2.769653e-01	0.000000e+00	-1.386744e+03	2.176565e+05
1.111460e+00	1.990350e+05	-1.534989e-01	2.772594e-01	0.000000e+00	-1.108746e+03	2.001438e+05
1.112650e+00	2.191763e+05	-1.538290e-01	2.775556e-01	0.000000e+00	-2.551795e+01	2.192018e+05
1.113840e+00	2.251780e+05	-1.541594e-01	2.778702e-01	0.000000e+00	-1.382555e+03	2.265605e+05
1.115030e+00	2.262459e+05	-1.544903e-01	2.781899e-01	0.000000e+00	-1.647294e+03	2.278932e+05
1.116220e+00	2.382587e+05	-1.548215e-01	2.785189e-01	0.000000e+00	-1.171832e+03	2.394305e+05
1.117410e+00	2.147984e+05	-1.551532e-01	2.788397e-01	0.000000e+00	-1.325713e+03	2.161241e+05
1.118600e+00	2.065685e+05	-1.554852e-01	2.791381e-01	0.000000e+00	-5.649762e+02	2.071335e+05
1.119790e+00	1.987861e+05	-1.558175e-01	2.794252e-01	0.000000e+00	-1.921127e+03	2.007073e+05
1.120980e+00	2.253889e+05	-1.561502e-01	2.797255e-01	0.000000e+00	-1.624644e+03	2.270136e+05
1.122170e+00	2.189575e+05	-1.564833e-01	2.800402e-01	0.000000e+00	-1.324416e+03	2.202820e+05
1.123360e+00	2.423609e+05	-1.568167e-01	2.803669e-01	0.000000e+00	-1.094479e+03	2.434554e+05
1.124550e+00	2.295011e+05	-1.571505e-01	2.807011e-01	0.000000e+00	-9.912049e+02	2.304923e+05
1.125740e+00	2.370473e+05	-1.574848e-01	2.810315e-01	0.000000e+00	-3.971370e+02	2.374445e+05
1.126930e+00	2.348042e+05	-1.578194e-01	2.813656e-01	0.000000e+00	-9.473769e+02	2.357516e+05
1.128120e+00	2.226650e+05	-1.581544e-01	2.816896e-01	0.000000e+00	-7.332954e+02	2.233983e+05
1.129310e+00	2.186626e+05	-1.584898e-01	2.820021e-01	0.000000e+00	-1.294390e+03	2.199570e+05
1.130500e+00	2.387839e+05	-1.588256e-01	2.823261e-01	0.000000e+00	-3.862824e+02	2.391702e+05
1.131690e+00	2.249335e+05	-1.591618e-01	2.826544e-01	0.000000e+00	-7.343858e+02	2.256679e+05
1.132880e+00	2.217395e+05	-1.594983e-01	2.829708e-01	0.000000e+00	-1.059503e+02	2.218455e+05
1.134070e+00	2.277253e+05	-1.598352e-01	2.832891e-01	0.000000e+00	-5.234546e+02	2.282488e+05
1.135260e+00	2.166665e+05	-1.601725e-01	2.836038e-01	0.000000e+00	-3.168816e+02	2.169834e+05
1.136450e+00	2.535999e+05	-1.605102e-01	2.839368e-01	0.000000e+00	0.000000e+00	2.535999e+05
1.137640e+00	2.438827e+05	-1.608483e-01	2.842891e-01	0.000000e+00	-3.667796e+02	2.442494e+05
1.138830e+00	2.362868e+05	-1.611868e-01	2.846291e-01	0.000000e+00	-4.735565e+02	2.367603e+05
1.140020e+00	2.258842e+05	-1.615257e-01	2.849564e-01	0.000000e+00	-7.639125e+02	2.266481e+05
1.141210e+00	2.110398e+05	-1.618650e-01	2.852658e-01	0.000000e+00	-2.198667e+03	2.132385e+05
1.142400e+00	2.195324e+05	-1.622047e-01	2.855707e-01	0.000000e+00	-6.857174e+02	2.202181e+05
1.143590e+00	1.980712e+05	-1.625447e-01	2.858665e-01	0.000000e+00	-1.393720e+03	1.994650e+05
1.144780e+00	2.112046e+05	-1.628850e-01	2.861563e-01	0.000000e+00	0.000000e+00	2.112046e+05
1.145970e+00	2.123439e+05	-1.632257e-01	2.864563e-01	0.000000e+00	0.000000e+00	2.123439e+05
1.147160e+00	2.314475e+05	-1.635668e-01	2.867705e-01	0.000000e+00	0.000000e+00	2.314475e+05
1.148350e+00	2.142106e+05	-1.639082e-01	2.870861e-01	0.000000e+00	0.000000e+00	2.142106e+05
1.149540e+00	2.145985e+05	-1.642500e-01	2.873898e-01	0.000000e+00	0.000000e+00	2.145985e+05
1.150730e+00	2.169753e+05	-1.645922e-01	2.876954e-01	0.000000e+00	0.000000e+00	2.169753e+05
1.151920e+00	2.322037e+05	-1.649348e-01	2.880135e-01	0.000000e+00	-7.912884e+02	2.329950e+05
1.153110e+00	2.358341e+05	-1.652777e-01	2.883450e-01	0.000000e+00	-5.373151e+02	2.363714e+05
1.154300e+00	2.070839e+05	-1.656210e-01	2.886586e-01	0.000000e+00	-3.520687e+02	2.074359e+05
1.155490e+00	2.353089e+05	-1.659647e-01	2.889719e-01	0.000000e+00	-3.262027e+02	2.356351e+05
1.156680e+00	2.342433e+05	-1.663088e-01	2.893044e-01	0.000000e+00	-1.371545e+03	2.356149e+05
1.157870e+00	2.239822e+05	-1.666532e-01	2.896289e-01	0.000000e+00	-1.052513e+03	2.250347e+05
1.159060e+00	2.378487e+05	-1.669981e-01	2.899560e-01	0.000000e+00	-6.110830e+02	2.384598e+05
1.160250e+00	2.271734e+05	-1.673433e-01	2.902853e-01	0.000000e+00	0.000000e+00	2.271734e+05
1.161440e+00	2.095977e+05	-1.676890e-01	2.905946e-01	0.000000e+00	-9.155783e+02	2.105133e+05
1.162630e+00	2.285150e+05	-1.680350e-01	2.909049e-01	0.000000e+00	-7.650940e+02	2.292800e+05
1.163820e+00	2.244591e+05	-1.683813e-01	2.912256e-01	0.000000e+00	0.000000e+00	2.244591e+05
1.165010e+00	2.249473e+05	-1.687281e-01	2.915439e-01	0.000000e+00	-7.591194e+01	2.250232e+05
1.166200e+00	2.304401e+05	-1.690752e-01	2.918664e-01	0.000000e+00	-7.644242e+02	2.312045e+05
1.167390e+00	2.344435e+05	-1.694227e-01	2.921956e-01	0.000000e+00	0.000000e+00	2.344435e+05
1.168580e+00	2.252695e+05	-1.697706e-01	2.925211e-01	0.000000e+00	-1.961574e+02	2.254656e+05
1.169770e+00	2.239394e+05	-1.701189e-01	2.928393e-01	0.000000e+00	-1.378157e+03	2.253175e+05
1.170960e+00	2.457701e+05	-1.704676e-01	2.931719e-01	0.000000e+00	-1.063582e+02	2.458765e+05
1.172150e+00	2.303574e+05	-1.708167e-01	2.935091e-01	0.000000e+00	0.000000e+00	2.303574e+05
1.173340e+00	2.406238e+05	-1.711661e-01	2.938426e-01	0.000000e+00	-5.057446e+02	2.411296e+05
1.174530e+00	2.327979e+05	-1.715160e-01	2.941779e-01	0.000000e+00	-3.345916e+02	2.331325e+05
1.175720e+00	2.365844e+05	-1.718663e-01	2.945103e-01	0.000000e+00	-2.454870e+01	2.366089e+05
1.176910e+00	2.447575e+05	-1.722169e-01	2.948511e-01	0.000000e+00	-8.157874e+02	2.455733e+05
1.178100e+00	2.386833e+05	-1.725680e-01	2.951935e-01	0.000000e+00	0.000000e+00	2.386833e+05
1.179290e+00	2.203313e+05	-1.729195e-01	2.955185e-01	0.000000e+00	-4.429204e+01	2.203756e+05
1.180480e+00	2.221296e+05	-1.732714e-01	2.958319e-01	0.000000e+00	-9.707436e+02	2.231003e+05
1.181670e+00	2.207228e+05	-1.736236e-01	2.961455e-01	0.000000e+00	-6.656366e+02	2.213885e+05
1.182860e+00	2.246181e+05	-1.739762e-01	2.964609e-01	0.000000e+00	0.000000e+00	2.246181e+05
1.184050e+00	2.295868e+05	-1.743292e-01	2.967825e-01	0.000000e+00	0.000000e+00	2.295868e+05
1.185240e+00	2.398128e+05	-1.746825e-01	2.971149e-01	0.000000e+00	0.000000e+00	2.398128e+05
1.186430e+00	2.370435e+05	-1.750363e-01	2.974526e-01	0.000000e+00	0.000000e+00	2.370435e+05
1.187620e+00	2.432164e+05	-1.753905e-01	2.977927e-01	0.000000e+00	0.000000e+00	2.432164e+05
1.188810e+00	2.262860e+05	-1.757450e-01	2.981252e-01	0.000000e+00	0.000000e+00	2.262860e+05
1.190000e+00	1.071087e+05	-1.761000e-01	2.983613e-01	0.000000e+00	0.000000e+00	1.071087e+05
