#x	rho	phi	ex	bz	rhok[0]	rhok[1]
0.000000e+00	-1.775483e+03	0.000000e+00	2.593741e-02	0.000000e+00	-2.282492e+03	5.070091e+02
1.190000e-03	-1.747981e+03	-3.086403e-05	2.593492e-02	0.000000e+00	-4.231007e+03	2.483025e+03
2.380000e-03	-3.574370e+03	-6.172511e-05	2.593115e-02	0.000000e+00	-9.155304e+03	5.580934e+03
3.570000e-03	7.167539e+03	-9.258016e-05	2.593369e-02	0.000000e+00	-5.271359e+03	1.243890e+04
4.760000e-03	4.130487e+03	-1.234473e-04	2.594170e-02	0.000000e+00	-8.679856e+03	1.281034e+04
5.950000e-03	7.939405e+03	-1.543214e-04	2.595024e-02	0.000000e+00	-4.388186e+03	1.232759e+04
7.140000e-03	1.297395e+04	-1.852089e-04	2.596505e-02	0.000000e+00	-6.775885e+03	1.974984e+04
8.330000e-03	1.349392e+04	-2.161182e-04	2.598380e-02	0.000000e+00	-6.079378e+03	1.957330e+04
9.520000e-03	1.259689e+04	-2.470503e-04	2.600227e-02	0.000000e+00	-7.208040e+03	1.980493e+04
1.071000e-02	2.060239e+04	-2.780036e-04	2.602578e-02	0.000000e+00	-9.112448e+03	2.971483e+04
1.190000e-02	2.359574e+04	-3.089917e-04	2.605708e-02	0.000000e+00	-9.676324e+03	3.327206e+04
1.309000e-02	1.555728e+04	-3.400195e-04	2.608481e-02	0.000000e+00	-6.608699e+03	2.216598e+04
1.428000e-02	2.160603e+04	-3.710735e-04	2.611113e-02	0.000000e+00	-5.081229e+03	2.668726e+04
1.547000e-02	2.687117e+04	-4.021640e-04	2.614546e-02	0.000000e+00	-7.285728e+03	3.415689e+04
1.666000e-02	2.549215e+04	-4.332997e-04	2.618254e-02	0.000000e+00	-5.465658e+03	3.095780e+04
1.785000e-02	1.975415e+04	-4.644784e-04	2.621458e-02	0.000000e+00	-4.966193e+03	2.472035e+04
1.904000e-02	2.525169e+04	-4.956904e-04	2.624645e-02	0.000000e+00	-5.024867e+03	3.027656e+04
2.023000e-02	2.743515e+04	-5.269450e-04	2.628376e-02	0.000000e+00	-1.071073e+04	3.814587e+04
2.142000e-02	3.292795e+04	-5.582458e-04	2.632651e-02	0.000000e+00	-7.786955e+03	4.071490e+04
2.261000e-02	3.935104e+04	-5.896021e-04	2.637770e-02	0.000000e+00	-3.394379e+03	4.274542e+04
2.380000e-02	4.263170e+04	-6.210247e-04	2.643575e-02	0.000000e+00	-5.629170e+03	4.826087e+04
2.499000e-02	3.736103e+04	-6.525192e-04	2.649240e-02	0.000000e+00	-7.844082e+03	4.520511e+04
2.618000e-02	3.520791e+04	-6.840766e-04	2.654379e-02	0.000000e+00	-6.893760e+03	4.210167e+04
2.737000e-02	4.687082e+04	-7.156934e-04	2.660192e-02	0.000000e+00	-5.517524e+03	5.238834e+04
2.856000e-02	4.901192e+04	-7.473892e-04	2.666982e-02	0.000000e+00	-7.110577e+03	5.612250e+04
2.975000e-02	5.488753e+04	-7.791676e-04	2.674340e-02	0.000000e+00	-6.718123e+03	6.160565e+04
3.094000e-02	5.776360e+04	-8.110385e-04	2.682317e-02	0.000000e+00	-6.246568e+03	6.401016e+04
3.213000e-02	6.271878e+04	-8.430067e-04	2.690849e-02	0.000000e+00	-5.223703e+03	6.794248e+04
3.332000e-02	6.748237e+04	-8.750807e-04	2.700070e-02	0.000000e+00	-6.955352e+03	7.443773e+04
3.451000e-02	5.636335e+04	-9.072684e-04	2.708840e-02	0.000000e+00	-5.570573e+03	6.193393e+04
3.570000e-02	6.383379e+04	-9.395511e-04	2.717352e-02	0.000000e+00	-3.416370e+03	6.725016e+04
3.689000e-02	6.684408e+04	-9.719414e-04	2.726606e-02	0.000000e+00	-7.481922e+03	7.432601e+04
3.808000e-02	6.936255e+04	-1.004444e-03	2.736252e-02	0.000000e+00	-6.252870e+03	7.561542e+04
3.927000e-02	6.580463e+04	-1.037064e-03	2.745824e-02	0.000000e+00	-8.629024e+03	7.443366e+04
4.046000e-02	5.831514e+04	-1.069795e-03	2.754614e-02	0.000000e+00	-6.839022e+03	6.515416e+04
4.165000e-02	6.343007e+04	-1.102624e-03	2.763235e-02	0.000000e+00	-5.377364e+03	6.880744e+04
4.284000e-02	6.953012e+04	-1.135560e-03	2.772651e-02	0.000000e+00	-5.280241e+03	7.481036e+04
4.403000e-02	5.717451e+04	-1.168613e-03	2.781624e-02	0.000000e+00	-8.963966e+03	6.613848e+04
4.522000e-02	6.306245e+04	-1.201763e-03	2.790138e-02	0.000000e+00	-6.042304e+03	6.910476e+04
4.641000e-02	7.779901e+04	-1.235018e-03	2.800114e-02	0.000000e+00	-7.170752e+03	8.496976e+04
4.760000e-02	5.745418e+04	-1.268405e-03	2.809692e-02	0.000000e+00	-1.283909e+04	7.029327e+04
4.879000e-02	7.320293e+04	-1.301889e-03	2.818945e-02	0.000000e+00	-7.863315e+03	8.106625e+04
4.998000e-02	8.349961e+04	-1.335496e-03	2.830042e-02	0.000000e+00	-5.024261e+03	8.852387e+04
5.117000e-02	7.140354e+04	-1.369244e-03	2.841011e-02	0.000000e+00	-7.283149e+03	7.868669e+04
5.236000e-02	7.152745e+04	-1.403112e-03	2.851133e-02	0.000000e+00	-8.030446e+03	7.955790e+04
5.355000e-02	6.925268e+04	-1.437101e-03	2.861103e-02	0.000000e+00	-6.065645e+03	7.531833e+04
5.474000e-02	6.730441e+04	-1.471206e-03	2.870773e-02	0.000000e+00	-8.701777e+03	7.600618e+04
5.593000e-02	6.695528e+04	-1.505425e-03	2.880281e-02	0.000000e+00	-7.136297e+03	7.409158e+04
5.712000e-02	7.196652e+04	-1.539757e-03	2.890119e-02	0.000000e+00	-5.627155e+03	7.759367e+04
5.831000e-02	7.261460e+04	-1.574210e-03	2.900358e-02	0.000000e+00	-5.421671e+03	7.803627e+04
5.950000e-02	8.840997e+04	-1.608786e-03	2.911761e-02	0.000000e+00	-3.322206e+03	9.173218e+04
6.069000e-02	8.548304e+04	-1.643510e-03	2.924075e-02	0.000000e+00	-3.687054e+03	8.917009e+04
6.188000e-02	7.947968e+04	-1.678379e-03	2.935758e-02	0.000000e+00	-6.663339e+03	8.614302e+04
6.307000e-02	7.651845e+04	-1.713381e-03	2.946805e-02	0.000000e+00	-5.678600e+03	8.219705e+04
6.426000e-02	8.437045e+04	-1.748513e-03	2.958198e-02	0.000000e+00	-4.082641e+03	8.845309e+04
6.545000e-02	6.768629e+04	-1.783786e-03	2.968966e-02	0.000000e+00	-1.001677e+04	7.770306e+04
6.664000e-02	7.635848e+04	-1.819174e-03	2.979167e-02	0.000000e+00	-1.235975e+04	8.871823e+04
6.783000e-02	8.723070e+04	-1.854690e-03	2.990752e-02	0.000000e+00	-8.938848e+03	9.616954e+04
6.902000e-02	9.146514e+04	-1.890354e-03	3.003407e-02	0.000000e+00	-7.476647e+03	9.894178e+04
7.021000e-02	9.083648e+04	-1.926172e-03	3.016317e-02	0.000000e+00	-5.369473e+03	9.620595e+04
7.140000e-02	7.328474e+04	-1.962142e-03	3.027939e-02	0.000000e+00	-8.365820e+03	8.165056e+04
7.259000e-02	9.583615e+04	-1.998236e-03	3.039916e-02	0.000000e+00	-6.922811e+03	1.027590e+05
7.378000e-02	1.076639e+05	-2.034492e-03	3.054327e-02	0.000000e+00	-4.974769e+03	1.126386e+05
7.497000e-02	9.705656e+04	-2.070929e-03	3.068824e-02	0.000000e+00	-7.012904e+03	1.040695e+05
7.616000e-02	8.197114e+04	-2.107530e-03	3.081502e-02	0.000000e+00	-7.353778e+03	8.932491e+04
7.735000e-02	9.416640e+04	-2.144269e-03	3.093976e-02	0.000000e+00	-7.717573e+03	1.018840e+05
7.854000e-02	1.070224e+05	-2.181167e-03	3.108223e-02	0.000000e+00	-8.357669e+03	1.153801e+05
7.973000e-02	9.615315e+04	-2.218245e-03	3.122612e-02	0.000000e+00	-2.408348e+03	9.856149e+04
8.092000e-02	1.005546e+05	-2.255485e-03	3.136542e-02	0.000000e+00	-4.214901e+03	1.047695e+05
8.211000e-02	9.782644e+04	-2.292895e-03	3.150590e-02	0.000000e+00	-5.223232e+03	1.030497e+05
8.330000e-02	9.108951e+04	-2.330469e-03	3.163969e-02	0.000000e+00	-4.253969e+03	9.534348e+04
8.449000e-02	1.070749e+05	-2.368197e-03	3.178002e-02	0.000000e+00	-6.066780e+03	1.131417e+05
8.568000e-02	1.089832e+05	-2.406106e-03	3.193303e-02	0.000000e+00	-4.160555e+03	1.131437e+05
8.687000e-02	1.007500e+05	-2.444198e-03	3.208155e-02	0.000000e+00	-7.660902e+03	1.084109e+05
8.806000e-02	8.761398e+04	-2.482460e-03	3.221494e-02	0.000000e+00	-8.073484e+03	9.568746e+04
8.925000e-02	1.089028e+05	-2.520869e-03	3.235411e-02	0.000000e+00	-7.152246e+03	1.160550e+05
9.044000e-02	1.086445e+05	-2.559462e-03	3.250817e-02	0.000000e+00	-7.001663e+03	1.156462e+05
9.163000e-02	1.097667e+05	-2.598239e-03	3.266284e-02	0.000000e+00	-4.954602e+03	1.147213e+05
9.282000e-02	1.086980e+05	-2.637200e-03	3.281755e-02	0.000000e+00	-4.712115e+03	1.134101e+05
9.401000e-02	1.219066e+05	-2.676344e-03	3.298086e-02	0.000000e+00	-4.957736e+03	1.268643e+05
9.520000e-02	1.168226e+05	-2.715694e-03	3.314991e-02	0.000000e+00	-6.685618e+03	1.235082e+05
9.639000e-02	1.090887e+05	-2.755241e-03	3.330990e-02	0.000000e+00	-1.075392e+04	1.198426e+05
9.758000e-02	1.189115e+05	-2.794972e-03	3.347136e-02	0.000000e+00	-6.277749e+03	1.251892e+05
9.877000e-02	1.011448e+05	-2.834903e-03	3.362719e-02	0.000000e+00	-6.203833e+03	1.073487e+05
9.996000e-02	1.074902e+05	-2.875005e-03	3.377494e-02	0.000000e+00	-6.548685e+03	1.140389e+05
1.011500e-01	1.287376e+05	-2.915287e-03	3.394223e-02	0.000000e+00	-7.335102e+03	1.360727e+05
1.023400e-01	1.150781e+05	-2.955787e-03	3.411489e-02	0.000000e+00	-8.493325e+03	1.235714e+05
1.035300e-01	1.206173e+05	-2.996481e-03	3.428180e-02	0.000000e+00	-9.387957e+03	1.300052e+05
1.047200e-01	1.169217e+05	-3.037378e-03	3.445002e-02	0.000000e+00	-6.017937e+03	1.229396e+05
1.059100e-01	1.093276e+05	-3.078472e-03	3.461024e-02	0.000000e+00	-5.997982e+03	1.153256e+05
1.071000e-01	1.320554e+05	-3.119750e-03	3.478118e-02	0.000000e+00	-2.623422e+03	1.346788e+05
1.082900e-01	1.105802e+05	-3.161251e-03	3.495301e-02	0.000000e+00	-8.213401e+03	1.187936e+05
1.094800e-01	1.123356e+05	-3.202938e-03	3.511087e-02	0.000000e+00	-5.781994e+03	1.181176e+05
1.106700e-01	1.168807e+05	-3.244815e-03	3.527319e-02	0.000000e+00	-7.737782e+03	1.246185e+05
1.118600e-01	1.214358e+05	-3.286889e-03	3.544196e-02	0.000000e+00	-4.328100e+03	1.257639e+05
1.130500e-01	1.133373e+05	-3.329167e-03	3.560822e-02	0.000000e+00	-3.557255e+03	1.168946e+05
1.142400e-01	1.190510e+05	-3.371636e-03	3.577279e-02	0.000000e+00	-4.120443e+03	1.231714e+05
1.154300e-01	1.097813e+05	-3.414306e-03	3.593484e-02	0.000000e+00	-7.460967e+03	1.172423e+05
1.166200e-01	1.030629e+05	-3.457161e-03	3.608557e-02	0.000000e+00	-3.503890e+03	1.065668e+05
1.178100e-01	1.277614e+05	-3.500190e-03	3.624903e-02	0.000000e+00	-1.251254e+03	1.290127e+05
1.190000e-01	1.273891e+05	-3.543434e-03	3.642972e-02	0.000000e+00	-3.735501e+03	1.311246e+05
1.201900e-01	1.256728e+05	-3.586892e-03	3.660893e-02	0.000000e+00	-4.519757e+03	1.301925e+05
1.213800e-01	1.284928e+05	-3.630563e-03	3.678892e-02	0.000000e+00	-7.691160e+03	1.361839e+05
1.225700e-01	1.216924e+05	-3.674450e-03	3.696609e-02	0.000000e+00	-7.271608e+03	1.289640e+05
1.237600e-01	1.508961e+05	-3.718542e-03	3.715913e-02	0.000000e+00	-5.661162e+03	1.565572e+05
1.249500e-01	1.339931e+05	-3.762889e-03	3.736088e-02	0.000000e+00	-5.915107e+03	1.399082e+05
1.261400e-01	1.190872e+05	-3.807461e-03	3.754010e-02	0.000000e+00	-3.872381e+03	1.229596e+05
1.273300e-01	1.191537e+05	-3.852234e-03	3.770881e-02	0.000000e+00	-3.087700e+03	1.222414e+05
1.285200e-01	1.246736e+05	-3.897208e-03	3.788148e-02	0.000000e+00	-2.944335e+03	1.276180e+05
1.297100e-01	1.410240e+05	-3.942392e-03	3.806964e-02	0.000000e+00	-1.565670e+03	1.425896e+05
1.309000e-01	1.394899e+05	-3.987814e-03	3.826829e-02	0.000000e+00	-7.320869e+03	1.468108e+05
1.320900e-01	1.314062e+05	-4.033471e-03	3.846013e-02	0.000000e+00	-8.449220e+03	1.398555e+05
1.332800e-01	1.260502e+05	-4.079349e-03	3.864245e-02	0.000000e+00	-9.287442e+03	1.353376e+05
1.344700e-01	1.180928e+05	-4.125440e-03	3.881534e-02	0.000000e+00	-7.903293e+03	1.259961e+05
1.356600e-01	1.416066e+05	-4.171730e-03	3.899925e-02	0.000000e+00	-7.422745e+03	1.490293e+05
1.368500e-01	1.271663e+05	-4.218258e-03	3.918959e-02	0.000000e+00	-7.847716e+03	1.350140e+05
1.380400e-01	1.145492e+05	-4.265001e-03	3.936076e-02	0.000000e+00	-8.018655e+03	1.225679e+05
1.392300e-01	1.192033e+05	-4.311937e-03	3.952630e-02	0.000000e+00	-4.831469e+03	1.240348e+05
1.404200e-01	1.299568e+05	-4.359073e-03	3.970274e-02	0.000000e+00	-5.072079e+03	1.350289e+05
1.416100e-01	1.362992e+05	-4.406429e-03	3.989130e-02	0.000000e+00	-4.150002e+03	1.404492e+05
1.428000e-01	1.321852e+05	-4.454015e-03	4.008143e-02	0.000000e+00	-3.900075e+03	1.360853e+05
1.439900e-01	1.336192e+05	-4.501823e-03	4.026966e-02	0.000000e+00	-3.140333e+03	1.367596e+05
1.451800e-01	1.399124e+05	-4.549856e-03	4.046337e-02	0.000000e+00	-6.858444e+03	1.467708e+05
1.463700e-01	1.516473e+05	-4.598126e-03	4.066984e-02	0.000000e+00	-7.939458e+03	1.595867e+05
1.475600e-01	1.345876e+05	-4.646651e-03	4.087254e-02	0.000000e+00	-4.135898e+03	1.387235e+05
1.487500e-01	1.454085e+05	-4.695402e-03	4.107082e-02	0.000000e+00	-4.798439e+03	1.502069e+05
1.499400e-01	1.331201e+05	-4.744399e-03	4.126807e-02	0.000000e+00	-3.686287e+03	1.368064e+05
1.511300e-01	1.311402e+05	-4.793620e-03	4.145521e-02	0.000000e+00	-6.113403e+03	1.372536e+05
1.523200e-01	1.359330e+05	-4.843063e-03	4.164434e-02	0.000000e+00	-5.684986e+03	1.416180e+05
1.535100e-01	1.259101e+05	-4.892734e-03	4.182977e-02	0.000000e+00	-5.963609e+03	1.318737e+05
1.547000e-01	1.306491e+05	-4.942617e-03	4.201145e-02	0.000000e+00	-8.820691e+03	1.394698e+05
1.558900e-01	1.389712e+05	-4.992721e-03	4.220239e-02	0.000000e+00	-4.888987e+03	1.438602e+05
1.570800e-01	1.421443e+05	-5.043059e-03	4.240147e-02	0.000000e+00	-3.099552e+03	1.452438e+05
1.582700e-01	1.500278e+05	-5.093637e-03	4.260837e-02	0.000000e+00	-2.980685e+03	1.530085e+05
1.594600e-01	1.543064e+05	-5.144467e-03	4.282389e-02	0.000000e+00	-4.563997e+03	1.588704e+05
1.606500e-01	1.474341e+05	-5.195558e-03	4.303757e-02	0.000000e+00	-4.286350e+03	1.517204e+05
1.618400e-01	1.392876e+05	-5.246896e-03	4.324062e-02	0.000000e+00	-2.600520e+03	1.418881e+05
1.630300e-01	1.451605e+05	-5.298470e-03	4.344206e-02	0.000000e+00	-4.048617e+03	1.492091e+05
1.642200e-01	1.552065e+05	-5.350289e-03	4.365476e-02	0.000000e+00	-5.482616e+03	1.606892e+05
1.654100e-01	1.566256e+05	-5.402369e-03	4.387559e-02	0.000000e+00	-1.263071e+03	1.578887e+05
1.666000e-01	1.403394e+05	-5.454712e-03	4.408589e-02	0.000000e+00	-6.824033e+03	1.471634e+05
1.677900e-01	1.412424e+05	-5.507293e-03	4.428530e-02	0.000000e+00	-6.849552e+03	1.480920e+05
1.689800e-01	1.613504e+05	-5.560111e-03	4.449959e-02	0.000000e+00	-4.627331e+03	1.659777e+05
1.701700e-01	1.484785e+05	-5.613202e-03	4.471900e-02	0.000000e+00	-3.676633e+03	1.521552e+05
1.713600e-01	1.576972e+05	-5.666543e-03	4.493582e-02	0.000000e+00	-4.846255e+03	1.625434e+05
1.725500e-01	1.480675e+05	-5.720149e-03	4.515235e-02	0.000000e+00	-5.465093e+03	1.535326e+05
1.737400e-01	1.558064e+05	-5.774005e-03	4.536754e-02	0.000000e+00	-7.685040e+03	1.634915e+05
1.749300e-01	1.463724e+05	-5.828124e-03	4.558153e-02	0.000000e+00	-7.580483e+03	1.539528e+05
1.761200e-01	1.398105e+05	-5.882489e-03	4.578420e-02	0.000000e+00	-3.359469e+03	1.431700e+05
1.773100e-01	1.485470e+05	-5.937090e-03	4.598840e-02	0.000000e+00	-3.418033e+03	1.519650e+05
1.785000e-01	1.694059e+05	-5.991942e-03	4.621357e-02	0.000000e+00	-4.678030e+03	1.740839e+05
1.796900e-01	1.456214e+05	-6.047079e-03	4.643666e-02	0.000000e+00	-3.989048e+03	1.496104e+05
1.808800e-01	1.327343e+05	-6.102461e-03	4.663378e-02	0.000000e+00	-5.645175e+03	1.383794e+05
1.820700e-01	1.477316e+05	-6.158067e-03	4.683240e-02	0.000000e+00	-4.567521e+03	1.522991e+05
1.832600e-01	1.767204e+05	-6.213922e-03	4.706216e-02	0.000000e+00	-3.557377e+03	1.802777e+05
1.844500e-01	1.527800e+05	-6.270075e-03	4.729550e-02	0.000000e+00	-7.422258e+03	1.602023e+05
1.856400e-01	1.574794e+05	-6.326485e-03	4.751522e-02	0.000000e+00	-4.293163e+03	1.617725e+05
1.868300e-01	1.553615e+05	-6.383161e-03	4.773676e-02	0.000000e+00	-3.241104e+03	1.586026e+05
1.880200e-01	1.449916e+05	-6.440099e-03	4.794946e-02	0.000000e+00	-6.023332e+03	1.510149e+05
1.892100e-01	1.526976e+05	-6.497281e-03	4.816027e-02	0.000000e+00	-5.442372e+03	1.581400e+05
1.904000e-01	1.488681e+05	-6.554720e-03	4.837383e-02	0.000000e+00	-8.039958e+03	1.569081e+05
1.915900e-01	1.574154e+05	-6.612411e-03	4.859073e-02	0.000000e+00	-4.970804e+03	1.623862e+05
1.927800e-01	1.567211e+05	-6.670366e-03	4.881319e-02	0.000000e+00	-5.639989e+03	1.623611e+05
1.939700e-01	1.514411e+05	-6.728586e-03	4.903142e-02	0.000000e+00	-4.979911e+03	1.564210e+05
1.951600e-01	1.536889e+05	-6.787061e-03	4.924750e-02	0.000000e+00	-4.613452e+03	1.583024e+05
1.963500e-01	1.611777e+05	-6.845795e-03	4.947048e-02	0.000000e+00	-3.362983e+03	1.645407e+05
1.975400e-01	1.491145e+05	-6.904801e-03	4.969022e-02	0.000000e+00	-3.706950e+03	1.528215e+05
1.987300e-01	1.615095e+05	-6.964058e-03	4.991019e-02	0.000000e+00	-5.985976e+03	1.674955e+05
1.999200e-01	1.653107e+05	-7.023587e-03	5.014163e-02	0.000000e+00	-3.054831e+03	1.683655e+05
2.011100e-01	1.603090e+05	-7.083395e-03	5.037223e-02	0.000000e+00	-6.043294e+03	1.663523e+05
2.023000e-01	1.625405e+05	-7.143473e-03	5.060086e-02	0.000000e+00	-4.191065e+03	1.667316e+05
2.034900e-01	1.717982e+05	-7.203825e-03	5.083762e-02	0.000000e+00	-8.982738e+03	1.807809e+05
2.046800e-01	1.714660e+05	-7.264466e-03	5.108071e-02	0.000000e+00	-5.051794e+03	1.765178e+05
2.058700e-01	1.690200e+05	-7.325397e-03	5.132183e-02	0.000000e+00	-4.891071e+03	1.739111e+05
2.070600e-01	1.634021e+05	-7.386612e-03	5.155724e-02	0.000000e+00	-5.033242e+03	1.684354e+05
2.082500e-01	1.540874e+05	-7.448103e-03	5.178207e-02	0.000000e+00	-1.489291e+03	1.555766e+05
2.094400e-01	1.626571e+05	-7.509854e-03	5.200638e-02	0.000000e+00	-4.177722e+03	1.668348e+05
2.106300e-01	1.729410e+05	-7.571878e-03	5.224404e-02	0.000000e+00	-6.272074e+03	1.792131e+05
2.118200e-01	1.753516e+05	-7.634195e-03	5.249069e-02	0.000000e+00	-6.546793e+03	1.818984e+05
2.130100e-01	1.646809e+05	-7.696806e-03	5.273149e-02	0.000000e+00	-3.349154e+03	1.680300e+05
2.142000e-01	1.653972e+05	-7.759696e-03	5.296524e-02	0.000000e+00	-4.340941e+03	1.697382e+05
2.153900e-01	1.654280e+05	-7.822864e-03	5.319952e-02	0.000000e+00	-6.635686e+03	1.720637e+05
2.165800e-01	1.664386e+05	-7.886310e-03	5.343453e-02	0.000000e+00	-3.928294e+03	1.703669e+05
2.177700e-01	1.457421e+05	-7.950038e-03	5.365561e-02	0.000000e+00	-3.473879e+03	1.492160e+05
2.189600e-01	1.409635e+05	-8.014011e-03	5.385864e-02	0.000000e+00	-4.518510e+03	1.454820e+05
2.201500e-01	1.438729e+05	-8.078221e-03	5.406035e-02	0.000000e+00	-5.824981e+03	1.496979e+05
2.213400e-01	1.587978e+05	-8.142674e-03	5.427470e-02	0.000000e+00	-3.132257e+03	1.619300e+05
2.225300e-01	1.505127e+05	-8.207395e-03	5.449374e-02	0.000000e+00	-4.486009e+03	1.549987e+05
2.237200e-01	1.652045e+05	-8.272369e-03	5.471732e-02	0.000000e+00	-2.504573e+03	1.677091e+05
2.249100e-01	1.549239e+05	-8.337622e-03	5.494402e-02	0.000000e+00	-5.058407e+03	1.599823e+05
2.261000e-01	1.594138e+05	-8.403136e-03	5.516662e-02	0.000000e+00	-4.930493e+03	1.643443e+05
2.272900e-01	1.816525e+05	-8.468919e-03	5.540816e-02	0.000000e+00	-6.290811e+03	1.879433e+05
2.284800e-01	1.804665e+05	-8.535008e-03	5.566460e-02	0.000000e+00	-3.986224e+03	1.844528e+05
2.296700e-01	1.944602e+05	-8.601401e-03	5.593011e-02	0.000000e+00	-3.089765e+03	1.975500e+05
2.308600e-01	1.707301e+05	-8.668121e-03	5.618872e-02	0.000000e+00	-4.297690e+03	1.750278e+05
2.320500e-01	1.786345e+05	-8.735130e-03	5.643613e-02	0.000000e+00	-5.355608e+03	1.839901e+05
2.332400e-01	1.658979e+05	-8.802439e-03	5.668011e-02	0.000000e+00	-6.843715e+03	1.727416e+05
2.344300e-01	1.809809e+05	-8.870028e-03	5.692576e-02	0.000000e+00	-4.753908e+03	1.857348e+05
2.356200e-01	1.648730e+05	-8.937923e-03	5.717068e-02	0.000000e+00	-5.306049e+03	1.701791e+05
2.368100e-01	1.806376e+05	-9.006095e-03	5.741536e-02	0.000000e+00	-5.090911e+03	1.857285e+05
2.380000e-01	1.847011e+05	-9.074571e-03	5.767408e-02	0.000000e+00	-5.044279e+03	1.897454e+05
2.391900e-01	1.658674e+05	-9.143359e-03	5.792234e-02	0.000000e+00	-4.702901e+03	1.705703e+05
2.403800e-01	1.614209e+05	-9.212426e-03	5.815411e-02	0.000000e+00	-4.738268e+03	1.661591e+05
2.415700e-01	1.451282e+05	-9.281766e-03	5.837120e-02	0.000000e+00	-4.600619e+03	1.497288e+05
2.427600e-01	1.750571e+05	-9.351350e-03	5.859795e-02	0.000000e+00	-3.376871e+03	1.784340e+05
2.439500e-01	1.727870e+05	-9.421229e-03	5.884428e-02	0.000000e+00	-5.878085e+03	1.786651e+05
2.451400e-01	1.648409e+05	-9.491399e-03	5.908337e-02	0.000000e+00	-4.465379e+03	1.693063e+05
2.463300e-01	1.879425e+05	-9.561847e-03	5.933320e-02	0.000000e+00	-2.680430e+03	1.906229e+05
2.475200e-01	1.845239e+05	-9.632612e-03	5.959697e-02	0.000000e+00	-3.081409e+03	1.876053e+05
2.487100e-01	1.676671e+05	-9.703688e-03	5.984638e-02	0.000000e+00	-5.223059e+03	1.728902e+05
2.499000e-01	1.732709e+05	-9.775047e-03	6.008782e-02	0.000000e+00	-3.027949e+03	1.762989e+05
2.510900e-01	1.849024e+05	-9.846697e-03	6.034146e-02	0.000000e+00	-4.000943e+03	1.889033e+05
2.522800e-01	2.015418e+05	-9.918659e-03	6.061513e-02	0.000000e+00	-3.642781e+03	2.051846e+05
2.534700e-01	1.814961e+05	-9.990961e-03	6.088638e-02	0.000000e+00	-3.499265e+03	1.849954e+05
2.546600e-01	1.811734e+05	-1.006357e-02	6.114321e-02	0.000000e+00	-6.986927e+02	1.818721e+05
2.558500e-01	1.821157e+05	-1.013648e-02	6.140048e-02	0.000000e+00	-1.416268e+03	1.835320e+05
2.570400e-01	1.792165e+05	-1.020970e-02	6.165637e-02	0.000000e+00	-1.850808e+03	1.810673e+05
2.582300e-01	2.080524e+05	-1.028322e-02	6.193062e-02	0.000000e+00	-5.258109e+03	2.133105e+05
2.594200e-01	1.806170e+05	-1.035710e-02	6.220586e-02	0.000000e+00	-5.697827e+03	1.863148e+05
2.606100e-01	1.661848e+05	-1.043127e-02	6.245145e-02	0.000000e+00	-5.553775e+03	1.717386e+05
2.618000e-01	1.813392e+05	-1.050573e-02	6.269756e-02	0.000000e+00	-4.453417e+03	1.857926e+05
2.629900e-01	1.755963e+05	-1.058049e-02	6.295032e-02	0.000000e+00	-4.741341e+03	1.803376e+05
2.641800e-01	1.752886e+05	-1.065555e-02	6.319881e-02	0.000000e+00	-6.135711e+03	1.814243e+05
2.653700e-01	1.861281e+05	-1.073091e-02	6.345475e-02	0.000000e+00	-4.520034e+03	1.906481e+05
2.665600e-01	1.703676e+05	-1.080658e-02	6.370721e-02	0.000000e+00	-4.010741e+03	1.743784e+05
2.677500e-01	1.765546e+05	-1.088253e-02	6.395289e-02	0.000000e+00	-4.456721e+03	1.810113e+05
2.689400e-01	1.842701e+05	-1.095878e-02	6.420841e-02	0.000000e+00	-6.283807e+03	1.905539e+05
2.701300e-01	1.799202e+05	-1.103535e-02	6.446632e-02	0.000000e+00	-4.874953e+03	1.847951e+05
2.713200e-01	1.705703e+05	-1.111221e-02	6.471452e-02	0.000000e+00	-2.068510e+03	1.726388e+05
2.725100e-01	1.738143e+05	-1.118937e-02	6.495840e-02	0.000000e+00	-4.026029e+03	1.778403e+05
2.737000e-01	1.754458e+05	-1.126681e-02	6.520574e-02	0.000000e+00	-3.344080e+03	1.787899e+05
2.748900e-01	1.765750e+05	-1.134456e-02	6.545503e-02	0.000000e+00	-3.566098e+03	1.801411e+05
2.760800e-01	1.797548e+05	-1.142260e-02	6.570737e-02	0.000000e+00	-5.709594e+03	1.854644e+05
2.772700e-01	1.823655e+05	-1.150094e-02	6.596381e-02	0.000000e+00	-2.823502e+03	1.851890e+05
2.784600e-01	1.713292e+05	-1.157959e-02	6.621428e-02	0.000000e+00	-2.002590e+03	1.733317e+05
2.796500e-01	1.906577e+05	-1.165853e-02	6.647063e-02	0.000000e+00	-3.767117e+03	1.944248e+05
2.808400e-01	1.825531e+05	-1.173779e-02	6.673492e-02	0.000000e+00	-3.725360e+03	1.862784e+05
2.820300e-01	1.841353e+05	-1.181736e-02	6.699460e-02	0.000000e+00	-5.662860e+03	1.897981e+05
2.832200e-01	1.906786e+05	-1.189724e-02	6.726003e-02	0.000000e+00	-4.153550e+03	1.948322e+05
2.844100e-01	1.740596e+05	-1.197744e-02	6.751832e-02	0.000000e+00	-4.234009e+03	1.782936e+05
2.856000e-01	1.767757e+05	-1.205793e-02	6.776677e-02	0.000000e+00	-4.647113e+03	1.814228e+05
2.867900e-01	1.695763e+05	-1.213872e-02	6.801205e-02	0.000000e+00	-5.201648e+03	1.747780e+05
2.879800e-01	1.905244e+05	-1.221980e-02	6.826706e-02	0.000000e+00	-2.034669e+03	1.925591e+05
2.891700e-01	1.884814e+05	-1.230120e-02	6.853545e-02	0.000000e+00	-4.301983e+03	1.927834e+05
2.903600e-01	1.878764e+05	-1.238291e-02	6.880198e-02	0.000000e+00	-3.552641e+03	1.914290e+05
2.915500e-01	1.897800e+05	-1.246495e-02	6.906942e-02	0.000000e+00	-4.920015e+03	1.947001e+05
2.927400e-01	1.818499e+05	-1.254730e-02	6.933260e-02	0.000000e+00	-3.349155e+03	1.851991e+05
2.939300e-01	1.896427e+05	-1.262996e-02	6.959567e-02	0.000000e+00	-2.975676e+03	1.926184e+05
2.951200e-01	1.832838e+05	-1.271294e-02	6.985977e-02	0.000000e+00	-3.460185e+03	1.867440e+05
2.963100e-01	1.740317e+05	-1.279623e-02	7.011281e-02	0.000000e+00	-5.642783e+03	1.796745e+05
2.975000e-01	1.788733e+05	-1.287981e-02	7.036272e-02	0.000000e+00	-5.136384e+03	1.840096e+05
2.986900e-01	1.733087e+05	-1.296369e-02	7.061212e-02	0.000000e+00	-3.827881e+03	1.771366e+05
2.998800e-01	2.126605e+05	-1.304786e-02	7.088545e-02	0.000000e+00	-4.628456e+03	2.172889e+05
3.010700e-01	1.801356e+05	-1.313240e-02	7.116362e-02	0.000000e+00	-7.063629e+03	1.871993e+05
3.022600e-01	1.759037e+05	-1.321723e-02	7.141575e-02	0.000000e+00	-4.107961e+03	1.800117e+05
3.034500e-01	1.812072e+05	-1.330237e-02	7.166865e-02	0.000000e+00	-3.515459e+03	1.847227e+05
3.046400e-01	2.027401e+05	-1.338780e-02	7.194054e-02	0.000000e+00	-4.392322e+03	2.071324e+05
3.058300e-01	1.843514e+05	-1.347358e-02	7.221467e-02	0.000000e+00	-5.573045e+03	1.899244e+05
3.070200e-01	1.885040e+05	-1.355967e-02	7.247871e-02	0.000000e+00	-3.479526e+03	1.919835e+05
3.082100e-01	1.748443e+05	-1.364608e-02	7.273602e-02	0.000000e+00	-3.807343e+03	1.786516e+05
3.094000e-01	1.887269e+05	-1.373279e-02	7.299349e-02	0.000000e+00	-7.616994e+03	1.963439e+05
3.105900e-01	1.836687e+05	-1.381981e-02	7.325721e-02	0.000000e+00	-6.501386e+03	1.901701e+05
3.117800e-01	1.876879e+05	-1.390714e-02	7.352019e-02	0.000000e+00	-3.743816e+03	1.914317e+05
3.129700e-01	1.967031e+05	-1.399479e-02	7.379240e-02	0.000000e+00	-1.093154e+03	1.977963e+05
3.141600e-01	1.848369e+05	-1.408276e-02	7.406259e-02	0.000000e+00	-2.860232e+03	1.876971e+05
3.153500e-01	1.998136e+05	-1.417105e-02	7.433499e-02	0.000000e+00	-1.484997e+03	2.012986e+05
3.165400e-01	2.101939e+05	-1.425968e-02	7.462534e-02	0.000000e+00	-3.590053e+03	2.137839e+05
3.177300e-01	1.780280e+05	-1.434866e-02	7.490027e-02	0.000000e+00	-8.756131e+02	1.789036e+05
3.189200e-01	1.780118e+05	-1.443794e-02	7.515240e-02	0.000000e+00	-5.954784e+03	1.839666e+05
3.201100e-01	1.986128e+05	-1.452753e-02	7.541911e-02	0.000000e+00	-5.091302e+03	2.037041e+05
3.213000e-01	1.931656e+05	-1.461744e-02	7.569656e-02	0.000000e+00	-4.081771e+03	1.972473e+05
3.224900e-01	2.040469e+05	-1.470768e-02	7.597785e-02	0.000000e+00	-3.231404e+03	2.072783e+05
3.236800e-01	1.900019e+05	-1.479827e-02	7.625690e-02	0.000000e+00	-3.824882e+03	1.938268e+05
3.248700e-01	1.977779e+05	-1.488918e-02	7.653151e-02	0.000000e+00	-2.977919e+03	2.007558e+05
3.260600e-01	1.881228e+05	-1.498041e-02	7.680480e-02	0.000000e+00	-3.237260e+03	1.913601e+05
3.272500e-01	1.929371e+05	-1.507197e-02	7.707465e-02	0.000000e+00	-5.261678e+03	1.981988e+05
3.284400e-01	1.836275e+05	-1.516385e-02	7.734132e-02	0.000000e+00	-3.067760e+03	1.866953e+05
3.296300e-01	1.980047e+05	-1.525604e-02	7.761158e-02	0.000000e+00	-4.097360e+03	2.021021e+05
3.308200e-01	1.855724e+05	-1.534857e-02	7.788321e-02	0.000000e+00	-3.061986e+03	1.886344e+05
3.320100e-01	1.863502e+05	-1.544140e-02	7.814659e-02	0.000000e+00	-3.782027e+03	1.901323e+05
3.332000e-01	1.963263e+05	-1.553456e-02	7.841759e-02	0.000000e+00	-2.798082e+03	1.991244e+05
3.343900e-01	1.753411e+05	-1.562804e-02	7.868079e-02	0.000000e+00	-1.805820e+03	1.771469e+05
3.355800e-01	1.940448e+05	-1.572182e-02	7.894238e-02	0.000000e+00	-1.347855e+03	1.953926e+05
3.367700e-01	2.065357e+05	-1.581592e-02	7.922606e-02	0.000000e+00	-2.793869e+03	2.093295e+05
3.379600e-01	2.112686e+05	-1.591037e-02	7.952193e-02	0.000000e+00	-2.953898e+03	2.142225e+05
3.391500e-01	1.931843e+05	-1.600518e-02	7.980835e-02	0.000000e+00	-2.898983e+03	1.960833e+05
3.403400e-01	1.940650e+05	-1.610032e-02	8.008259e-02	0.000000e+00	-3.926147e+03	1.979911e+05
3.415300e-01	2.001340e+05	-1.619578e-02	8.036175e-02	0.000000e+00	-4.861817e+03	2.049958e+05
3.427200e-01	2.185998e+05	-1.629158e-02	8.065828e-02	0.000000e+00	-2.010723e+03	2.206105e+05
3.439100e-01	1.829507e+05	-1.638775e-02	8.094264e-02	0.000000e+00	-4.788286e+03	1.877390e+05
3.451000e-01	1.863355e+05	-1.648422e-02	8.120416e-02	0.000000e+00	-3.973880e+03	1.903093e+05
3.462900e-01	1.908478e+05	-1.658101e-02	8.147126e-02	0.000000e+00	-2.741820e+03	1.935896e+05
3.474800e-01	1.940372e+05	-1.667812e-02	8.174383e-02	0.000000e+00	-2.687527e+03	1.967247e+05
3.486700e-01	1.926724e+05	-1.677556e-02	8.201768e-02	0.000000e+00	-2.868343e+03	1.955408e+05
3.498600e-01	1.922913e+05	-1.687333e-02	8.229030e-02	0.000000e+00	-2.994460e+03	1.952857e+05
3.510500e-01	2.025995e+05	-1.697141e-02	8.256995e-02	0.000000e+00	-4.878074e+03	2.074776e+05
3.522400e-01	2.031766e+05	-1.706984e-02	8.285730e-02	0.000000e+00	-5.856880e+03	2.090335e+05
3.534300e-01	1.946083e+05	-1.716861e-02	8.313900e-02	0.000000e+00	-4.442252e+03	1.990506e+05
3.546200e-01	1.942934e+05	-1.726771e-02	8.341441e-02	0.000000e+00	-3.688785e+03	1.979822e+05
3.558100e-01	2.127866e+05	-1.736714e-02	8.370269e-02	0.000000e+00	-4.823660e+03	2.176103e+05
3.570000e-01	2.011962e+05	-1.746693e-02	8.399585e-02	0.000000e+00	-3.478314e+03	2.046745e+05
3.581900e-01	2.010730e+05	-1.756705e-02	8.428073e-02	0.000000e+00	-6.801591e+02	2.017532e+05
3.593800e-01	2.128489e+05	-1.766751e-02	8.457385e-02	0.000000e+00	-4.417536e+03	2.172664e+05
3.605700e-01	2.011671e+05	-1.776834e-02	8.486704e-02	0.000000e+00	-3.757737e+03	2.049248e+05
3.617600e-01	2.049007e+05	-1.786950e-02	8.515461e-02	0.000000e+00	-3.192539e+03	2.080933e+05
3.629500e-01	2.050042e+05	-1.797100e-02	8.544489e-02	0.000000e+00	-3.009975e+03	2.080142e+05
3.641400e-01	2.065468e+05	-1.807286e-02	8.573633e-02	0.000000e+00	-3.212383e+03	2.097592e+05
3.653300e-01	2.083588e+05	-1.817506e-02	8.603015e-02	0.000000e+00	-3.616672e+03	2.119755e+05
3.665200e-01	1.839227e+05	-1.827761e-02	8.630795e-02	0.000000e+00	-3.086933e+03	1.870097e+05
3.677100e-01	1.891965e+05	-1.838047e-02	8.657218e-02	0.000000e+00	-3.811299e+03	1.930078e+05
3.689000e-01	1.867552e+05	-1.848365e-02	8.683842e-02	0.000000e+00	-5.176803e+03	1.919320e+05
3.700900e-01	2.106967e+05	-1.858715e-02	8.711988e-02	0.000000e+00	-3.659848e+03	2.143566e+05
3.712800e-01	2.136815e+05	-1.869100e-02	8.742041e-02	0.000000e+00	-1.476444e+03	2.151580e+05
3.724700e-01	1.909234e+05	-1.879521e-02	8.770694e-02	0.000000e+00	-3.285065e+03	1.942085e+05
3.736600e-01	1.928293e+05	-1.889974e-02	8.797870e-02	0.000000e+00	-3.674733e+03	1.965041e+05
3.748500e-01	1.918820e+05	-1.900460e-02	8.825114e-02	0.000000e+00	-1.899474e+03	1.937815e+05
3.760400e-01	1.728123e+05	-1.910978e-02	8.850940e-02	0.000000e+00	-4.093252e+03	1.769055e+05
3.772300e-01	2.079857e+05	-1.921525e-02	8.877907e-02	0.000000e+00	-3.882185e+03	2.118679e+05
3.784200e-01	1.934600e+05	-1.932107e-02	8.906336e-02	0.000000e+00	-1.633352e+03	1.950933e+05
3.796100e-01	1.840280e+05	-1.942722e-02	8.933068e-02	0.000000e+00	-1.750806e+03	1.857788e+05
3.808000e-01	1.857620e+05	-1.953368e-02	8.959255e-02	0.000000e+00	-2.748158e+03	1.885101e+05
3.819900e-01	1.995646e+05	-1.964045e-02	8.986543e-02	0.000000e+00	-2.162248e+03	2.017268e+05
3.831800e-01	1.985985e+05	-1.974756e-02	9.014739e-02	0.000000e+00	-2.726229e+03	2.013247e+05
3.843700e-01	1.960276e+05	-1.985500e-02	9.042685e-02	0.000000e+00	-3.821420e+03	1.998490e+05
3.855600e-01	1.904466e+05	-1.996277e-02	9.070054e-02	0.000000e+00	-2.601573e+03	1.930482e+05
3.867500e-01	2.004664e+05	-2.007087e-02	9.097737e-02	0.000000e+00	-4.604609e+03	2.050711e+05
3.879400e-01	2.009857e+05	-2.017930e-02	9.126167e-02	0.000000e+00	-5.339561e+03	2.063252e+05
3.891300e-01	2.031381e+05	-2.028807e-02	9.154785e-02	0.000000e+00	-3.562961e+03	2.067010e+05
3.903200e-01	2.105846e+05	-2.039718e-02	9.184084e-02	0.000000e+00	-2.555015e+03	2.131397e+05
3.915100e-01	2.058011e+05	-2.050665e-02	9.213571e-02	0.000000e+00	-2.216111e+03	2.080172e+05
3.927000e-01	2.173617e+05	-2.061647e-02	9.243537e-02	0.000000e+00	-3.879996e+02	2.177497e+05
3.938900e-01	2.146137e+05	-2.072665e-02	9.274128e-02	0.000000e+00	-3.808054e+03	2.184218e+05
3.950800e-01	2.073041e+05	-2.083719e-02	9.304007e-02	0.000000e+00	-3.953582e+03	2.112577e+05
3.962700e-01	1.860427e+05	-2.094808e-02	9.331863e-02	0.000000e+00	-2.370637e+03	1.884134e+05
3.974600e-01	1.673493e+05	-2.105929e-02	9.356889e-02	0.000000e+00	-6.281316e+03	1.736307e+05
3.986500e-01	1.901730e+05	-2.117078e-02	9.382207e-02	0.000000e+00	-6.967783e+03	1.971408e+05
3.998400e-01	2.154541e+05	-2.128258e-02	9.410932e-02	0.000000e+00	-2.084232e+03	2.175383e+05
4.010300e-01	2.096047e+05	-2.139476e-02	9.441033e-02	0.000000e+00	-3.292273e+03	2.128970e+05
4.022200e-01	2.008697e+05	-2.150728e-02	9.470102e-02	0.000000e+00	-3.706654e+03	2.045763e+05
4.034100e-01	1.937424e+05	-2.162015e-02	9.498047e-02	0.000000e+00	-4.054715e+03	1.977971e+05
4.046000e-01	2.027985e+05	-2.173334e-02	9.526128e-02	0.000000e+00	-1.803506e+03	2.046020e+05
4.057900e-01	1.882327e+05	-2.184687e-02	9.553820e-02	0.000000e+00	-1.025553e+03	1.892582e+05
4.069800e-01	1.969109e+05	-2.196072e-02	9.581094e-02	0.000000e+00	-4.351544e+03	2.012625e+05
4.081700e-01	2.026477e+05	-2.207490e-02	9.609390e-02	0.000000e+00	-2.733848e+03	2.053816e+05
4.093600e-01	2.019527e+05	-2.218942e-02	9.638042e-02	0.000000e+00	-1.327743e+03	2.032804e+05
4.105500e-01	2.013446e+05	-2.230428e-02	9.666602e-02	0.000000e+00	-1.755703e+03	2.031003e+05
4.117400e-01	2.146250e+05	-2.241948e-02	9.696060e-02	0.000000e+00	-1.210961e+03	2.158359e+05
4.129300e-01	2.129481e+05	-2.253505e-02	9.726339e-02	0.000000e+00	-3.541469e+03	2.164896e+05
4.141200e-01	2.003306e+05	-2.265097e-02	9.755606e-02	0.000000e+00	-4.527706e+03	2.048583e+05
4.153100e-01	2.150535e+05	-2.276723e-02	9.785022e-02	0.000000e+00	-2.663467e+03	2.177170e+05
4.165000e-01	2.030563e+05	-2.288385e-02	9.814631e-02	0.000000e+00	-3.844812e+03	2.069012e+05
4.176900e-01	2.098371e+05	-2.300082e-02	9.843871e-02	0.000000e+00	-4.320984e+03	2.141581e+05
4.188800e-01	2.104248e+05	-2.311814e-02	9.873632e-02	0.000000e+00	-3.521947e+03	2.139468e+05
4.200700e-01	1.849228e+05	-2.323581e-02	9.901629e-02	0.000000e+00	-1.333919e+03	1.862567e+05
4.212600e-01	2.053333e+05	-2.335380e-02	9.929266e-02	0.000000e+00	-3.413054e+03	2.087464e+05
4.224500e-01	2.219729e+05	-2.347213e-02	9.959526e-02	0.000000e+00	-3.834852e+03	2.258078e+05
4.236400e-01	2.079393e+05	-2.359083e-02	9.989971e-02	0.000000e+00	-3.066978e+03	2.110062e+05
4.248300e-01	2.223497e+05	-2.370989e-02	1.002044e-01	0.000000e+00	-1.613911e+03	2.239636e+05
4.260200e-01	1.999118e+05	-2.382932e-02	1.005035e-01	0.000000e+00	-2.134037e+03	2.020458e+05
4.272100e-01	1.945166e+05	-2.394909e-02	1.007828e-01	0.000000e+00	-4.498470e+03	1.990151e+05
4.284000e-01	1.999682e+05	-2.406918e-02	1.010621e-01	0.000000e+00	-4.081146e+03	2.040493e+05
4.295900e-01	2.100593e+05	-2.418962e-02	1.013525e-01	0.000000e+00	-3.424497e+03	2.134838e+05
4.307800e-01	2.164295e+05	-2.431040e-02	1.016545e-01	0.000000e+00	-3.054197e+03	2.194837e+05
4.319700e-01	2.144277e+05	-2.443155e-02	1.019596e-01	0.000000e+00	-1.388639e+03	2.158163e+05
4.331600e-01	2.083769e+05	-2.455307e-02	1.022591e-01	0.000000e+00	-2.547131e+03	2.109240e+05
4.343500e-01	2.264887e+05	-2.467493e-02	1.025670e-01	0.000000e+00	-3.071629e+03	2.295604e+05
4.355400e-01	1.905839e+05	-2.479718e-02	1.028624e-01	0.000000e+00	-4.794697e+03	1.953786e+05
4.367300e-01	1.942840e+05	-2.491974e-02	1.031349e-01	0.000000e+00	-1.936424e+03	1.962204e+05
4.379200e-01	1.848763e+05	-2.504264e-02	1.034034e-01	0.000000e+00	-9.383740e+02	1.858147e+05
4.391100e-01	1.908356e+05	-2.516584e-02	1.036695e-01	0.000000e+00	-2.868401e+03	1.937040e+05
4.403000e-01	1.775116e+05	-2.528937e-02	1.039303e-01	0.000000e+00	-4.189581e+03	1.817012e+05
4.414900e-01	1.901976e+05	-2.541320e-02	1.041907e-01	0.000000e+00	-3.392571e+03	1.935902e+05
4.426800e-01	2.054975e+05	-2.553734e-02	1.044710e-01	0.000000e+00	-1.337020e+03	2.068345e+05
4.438700e-01	2.203255e+05	-2.566184e-02	1.047725e-01	0.000000e+00	-2.586526e+03	2.229120e+05
4.450600e-01	2.148095e+05	-2.578670e-02	1.050807e-01	0.000000e+00	-3.885668e+03	2.186952e+05
4.462500e-01	2.238477e+05	-2.591193e-02	1.053913e-01	0.000000e+00	-3.143406e+03	2.269911e+05
4.474400e-01	2.186428e+05	-2.603753e-02	1.057047e-01	0.000000e+00	-2.961258e+03	2.216040e+05
4.486300e-01	2.154131e+05	-2.616351e-02	1.060120e-01	0.000000e+00	-1.664345e+03	2.170775e+05
4.498200e-01	2.148921e+05	-2.628984e-02	1.063168e-01	0.000000e+00	-2.317381e+03	2.172095e+05
4.510100e-01	2.077524e+05	-2.641654e-02	1.066161e-01	0.000000e+00	-2.747108e+03	2.104995e+05
4.522000e-01	2.102696e+05	-2.654359e-02	1.069121e-01	0.000000e+00	-3.525008e+03	2.137946e+05
4.533900e-01	2.065341e+05	-2.667099e-02	1.072073e-01	0.000000e+00	-4.156531e+03	2.106906e+05
4.545800e-01	2.038855e+05	-2.679874e-02	1.074979e-01	0.000000e+00	-2.772426e+03	2.066580e+05
4.557700e-01	2.145830e+05	-2.692684e-02	1.077943e-01	0.000000e+00	-2.820916e+03	2.174039e+05
4.569600e-01	2.100820e+05	-2.705529e-02	1.080950e-01	0.000000e+00	-3.939923e+03	2.140219e+05
4.581500e-01	2.010760e+05	-2.718410e-02	1.083862e-01	0.000000e+00	-4.006283e+03	2.050823e+05
4.593400e-01	1.973775e+05	-2.731325e-02	1.086683e-01	0.000000e+00	-2.555231e+03	1.999327e+05
4.605300e-01	2.152225e+05	-2.744273e-02	1.089605e-01	0.000000e+00	-2.997943e+03	2.182205e+05
4.617200e-01	2.200348e+05	-2.757258e-02	1.092687e-01	0.000000e+00	-4.419192e+03	2.244540e+05
4.629100e-01	1.935280e+05	-2.770279e-02	1.095616e-01	0.000000e+00	-3.387100e+03	1.969151e+05
4.641000e-01	2.001563e+05	-2.783334e-02	1.098404e-01	0.000000e+00	-2.773660e+03	2.029300e+05
4.652900e-01	2.038094e+05	-2.796421e-02	1.101265e-01	0.000000e+00	-2.255724e+03	2.060651e+05
4.664800e-01	1.962210e+05	-2.809544e-02	1.104098e-01	0.000000e+00	-3.145172e+03	1.993662e+05
4.676700e-01	2.297205e+05	-2.822699e-02	1.107114e-01	0.000000e+00	-3.524512e+03	2.332450e+05
4.688600e-01	2.082888e+05	-2.835893e-02	1.110216e-01	0.000000e+00	-3.603366e+03	2.118922e+05
4.700500e-01	1.908567e+05	-2.849122e-02	1.113043e-01	0.000000e+00	-4.078913e+03	1.949356e+05
4.712400e-01	2.096367e+05	-2.862383e-02	1.115879e-01	0.000000e+00	-1.601565e+03	2.112383e+05
4.724300e-01	2.136827e+05	-2.875680e-02	1.118877e-01	0.000000e+00	-3.016536e+03	2.166992e+05
4.736200e-01	2.012123e+05	-2.889013e-02	1.121815e-01	0.000000e+00	-3.744641e+03	2.049570e+05
4.748100e-01	2.196512e+05	-2.902379e-02	1.124795e-01	0.000000e+00	-4.211132e+03	2.238623e+05
4.760000e-01	2.282994e+05	-2.915783e-02	1.127967e-01	0.000000e+00	-3.630616e+03	2.319300e+05
4.771900e-01	2.160877e+05	-2.929225e-02	1.131114e-01	0.000000e+00	-1.457214e+03	2.175449e+05
4.783800e-01	2.122320e+05	-2.942703e-02	1.134147e-01	0.000000e+00	-1.590306e+03	2.138223e+05
4.795700e-01	2.142103e+05	-2.956217e-02	1.137167e-01	0.000000e+00	-3.503647e+03	2.177140e+05
4.807600e-01	2.270325e+05	-2.969768e-02	1.140292e-01	0.000000e+00	-2.790245e+03	2.298227e+05
4.819500e-01	2.163115e+05	-2.983356e-02	1.143432e-01	0.000000e+00	-1.962909e+03	2.182744e+05
4.831400e-01	1.918050e+05	-2.996982e-02	1.146322e-01	0.000000e+00	-1.914402e+03	1.937194e+05
4.843300e-01	2.055078e+05	-3.010639e-02	1.149135e-01	0.000000e+00	-3.288704e+03	2.087965e+05
4.855200e-01	2.151131e+05	-3.024331e-02	1.152114e-01	0.000000e+00	-2.888930e+03	2.180020e+05
4.867100e-01	2.085190e+05	-3.038059e-02	1.155114e-01	0.000000e+00	-1.373219e+03	2.098922e+05
4.879000e-01	2.256993e+05	-3.051823e-02	1.158189e-01	0.000000e+00	-3.591066e+03	2.292903e+05
4.890900e-01	2.159966e+05	-3.065624e-02	1.161317e-01	0.000000e+00	-3.672930e+03	2.196695e+05
4.902800e-01	2.119123e+05	-3.079462e-02	1.164347e-01	0.000000e+00	-3.954044e+03	2.158664e+05
4.914700e-01	1.960438e+05	-3.093336e-02	1.167236e-01	0.000000e+00	-2.762695e+03	1.988065e+05
4.926600e-01	2.217727e+05	-3.107242e-02	1.170195e-01	0.000000e+00	-2.668313e+03	2.244410e+05
4.938500e-01	2.404780e+05	-3.121186e-02	1.173469e-01	0.000000e+00	-2.131694e+03	2.426097e+05
4.950400e-01	2.155187e+05	-3.135171e-02	1.176698e-01	0.000000e+00	-2.388254e+03	2.179069e+05
4.962300e-01	2.001025e+05	-3.149192e-02	1.179641e-01	0.000000e+00	-3.580164e+03	2.036827e+05
4.974200e-01	1.775935e+05	-3.163246e-02	1.182316e-01	0.000000e+00	-4.639401e+03	1.822329e+05
4.986100e-01	2.052162e+05	-3.177331e-02	1.185027e-01	0.000000e+00	-5.539043e+03	2.107552e+05
4.998000e-01	2.145659e+05	-3.191450e-02	1.188000e-01	0.000000e+00	-2.176072e+03	2.167420e+05
5.009900e-01	2.245029e+05	-3.205605e-02	1.191109e-01	0.000000e+00	-2.329947e+03	2.268328e+05
5.021800e-01	2.373800e+05	-3.219798e-02	1.194380e-01	0.000000e+00	-1.501027e+03	2.388810e+05
5.033700e-01	2.105353e+05	-3.234031e-02	1.197552e-01	0.000000e+00	-2.159194e+03	2.126945e+05
5.045600e-01	2.286789e+05	-3.248300e-02	1.200662e-01	0.000000e+00	-2.037471e+03	2.307163e+05
5.057500e-01	2.265231e+05	-3.262607e-02	1.203886e-01	0.000000e+00	-1.572215e+03	2.280953e+05
5.069400e-01	2.139081e+05	-3.276952e-02	1.207005e-01	0.000000e+00	-1.744297e+03	2.156524e+05
5.081300e-01	2.173175e+05	-3.291334e-02	1.210059e-01	0.000000e+00	-2.150813e+03	2.194683e+05
5.093200e-01	2.211225e+05	-3.305752e-02	1.213163e-01	0.000000e+00	-8.976476e+02	2.220201e+05
5.105100e-01	2.088590e+05	-3.320207e-02	1.216208e-01	0.000000e+00	-2.547710e+03	2.114067e+05
5.117000e-01	1.866173e+05	-3.334698e-02	1.219009e-01	0.000000e+00	-2.182730e+03	1.888000e+05
5.128900e-01	2.072511e+05	-3.349220e-02	1.221798e-01	0.000000e+00	-2.263689e+03	2.095148e+05
5.140800e-01	2.197651e+05	-3.363776e-02	1.224822e-01	0.000000e+00	-1.974470e+03	2.217396e+05
5.152700e-01	2.157296e+05	-3.378370e-02	1.227906e-01	0.000000e+00	-1.995739e+03	2.177254e+05
5.164600e-01	2.208951e+05	-3.393001e-02	1.230998e-01	0.000000e+00	-2.050217e+03	2.229454e+05
5.176500e-01	2.152577e+05	-3.407668e-02	1.234087e-01	0.000000e+00	-2.297166e+03	2.175548e+05
5.188400e-01	2.247369e+05	-3.422372e-02	1.237203e-01	0.000000e+00	-3.414443e+03	2.281513e+05
5.200300e-01	2.157115e+05	-3.437114e-02	1.240322e-01	0.000000e+00	-3.007328e+03	2.187188e+05
5.212200e-01	2.145962e+05	-3.451892e-02	1.243369e-01	0.000000e+00	-2.257437e+03	2.168536e+05
5.224100e-01	2.319246e+05	-3.466706e-02	1.246531e-01	0.000000e+00	-3.861154e+03	2.357857e+05
5.236000e-01	2.214156e+05	-3.481559e-02	1.249742e-01	0.000000e+00	-4.672065e+03	2.260876e+05
5.247900e-01	2.108178e+05	-3.496450e-02	1.252803e-01	0.000000e+00	-1.385073e+03	2.122029e+05
5.259800e-01	2.108858e+05	-3.511376e-02	1.255789e-01	0.000000e+00	-4.834960e+03	2.157207e+05
5.271700e-01	2.256443e+05	-3.526337e-02	1.258880e-01	0.000000e+00	-2.148046e+03	2.277924e+05
5.283600e-01	2.116621e+05	-3.541337e-02	1.261977e-01	0.000000e+00	-4.496614e+03	2.161587e+05
5.295500e-01	1.933020e+05	-3.556372e-02	1.264845e-01	0.000000e+00	-4.494047e+03	1.977961e+05
5.307400e-01	2.167245e+05	-3.571440e-02	1.267749e-01	0.000000e+00	-1.871894e+03	2.185964e+05
5.319300e-01	2.285314e+05	-3.586545e-02	1.270902e-01	0.000000e+00	-2.116074e+03	2.306475e+05
5.331200e-01	2.093439e+05	-3.601688e-02	1.274003e-01	0.000000e+00	-3.725600e+03	2.130695e+05
5.343100e-01	2.001459e+05	-3.616866e-02	1.276903e-01	0.000000e+00	-3.522508e+03	2.036684e+05
5.355000e-01	2.269267e+05	-3.632078e-02	1.279927e-01	0.000000e+00	-2.149260e+03	2.290759e+05
5.366900e-01	2.015380e+05	-3.647328e-02	1.282961e-01	0.000000e+00	-1.047558e+03	2.025856e+05
5.378800e-01	2.022405e+05	-3.662613e-02	1.285821e-01	0.000000e+00	-1.473451e+03	2.037139e+05
5.390700e-01	2.002305e+05	-3.677931e-02	1.288671e-01	0.000000e+00	-2.912244e+02	2.005217e+05
5.402600e-01	2.192397e+05	-3.693283e-02	1.291641e-01	0.000000e+00	-2.607828e+03	2.218476e+05
5.414500e-01	2.131105e+05	-3.708672e-02	1.294703e-01	0.000000e+00	-1.139076e+03	2.142496e+05
5.426400e-01	2.145720e+05	-3.724097e-02	1.297732e-01	0.000000e+00	-4.782304e+03	2.193543e+05
5.438300e-01	2.023072e+05	-3.739558e-02	1.300684e-01	0.000000e+00	-2.932196e+03	2.052394e+05
5.450200e-01	2.021621e+05	-3.755053e-02	1.303548e-01	0.000000e+00	-5.355109e+03	2.075172e+05
5.462100e-01	2.192115e+05	-3.770582e-02	1.306532e-01	0.000000e+00	-5.058089e+03	2.242696e+05
5.474000e-01	1.935637e+05	-3.786149e-02	1.309455e-01	0.000000e+00	-2.900491e+03	1.964642e+05
5.485900e-01	2.030897e+05	-3.801747e-02	1.312264e-01	0.000000e+00	-3.678545e+03	2.067683e+05
5.497800e-01	2.157705e+05	-3.817380e-02	1.315231e-01	0.000000e+00	-2.066131e+03	2.178366e+05
5.509700e-01	2.030957e+05	-3.833050e-02	1.318197e-01	0.000000e+00	-1.994616e+03	2.050903e+05
5.521600e-01	2.159555e+05	-3.848754e-02	1.321164e-01	0.000000e+00	-3.583265e+03	2.195388e+05
5.533500e-01	1.930896e+05	-3.864494e-02	1.324061e-01	0.000000e+00	-2.452849e+03	1.955424e+05
5.545400e-01	2.013280e+05	-3.880266e-02	1.326854e-01	0.000000e+00	-3.333578e+03	2.046615e+05
5.557300e-01	2.096315e+05	-3.896073e-02	1.329764e-01	0.000000e+00	-3.372170e+03	2.130037e+05
5.569200e-01	2.207202e+05	-3.911915e-02	1.332812e-01	0.000000e+00	-2.770931e+03	2.234911e+05
5.581100e-01	2.096088e+05	-3.927794e-02	1.335860e-01	0.000000e+00	-1.813532e+03	2.114223e+05
5.593000e-01	2.175600e+05	-3.943708e-02	1.338885e-01	0.000000e+00	-3.536341e+03	2.210963e+05
5.604900e-01	1.973238e+05	-3.959659e-02	1.341823e-01	0.000000e+00	-4.457629e+03	2.017814e+05
5.616800e-01	2.013005e+05	-3.975643e-02	1.344646e-01	0.000000e+00	-3.478473e+03	2.047790e+05
5.628700e-01	2.232290e+05	-3.991662e-02	1.347652e-01	0.000000e+00	-1.547809e+03	2.247768e+05
5.640600e-01	1.894684e+05	-4.007718e-02	1.350575e-01	0.000000e+00	-2.062564e+03	1.915310e+05
5.652500e-01	1.994618e+05	-4.023805e-02	1.353329e-01	0.000000e+00	-2.753211e+03	2.022151e+05
5.664400e-01	2.060374e+05	-4.039927e-02	1.356200e-01	0.000000e+00	-1.779939e+03	2.078173e+05
5.676300e-01	2.119430e+05	-4.056083e-02	1.359160e-01	0.000000e+00	-3.201246e+02	2.122631e+05
5.688200e-01	2.169616e+05	-4.072275e-02	1.362198e-01	0.000000e+00	-2.541971e+03	2.195036e+05
5.700100e-01	2.212957e+05	-4.088503e-02	1.365301e-01	0.000000e+00	-3.332964e+03	2.246287e+05
5.712000e-01	2.036226e+05	-4.104769e-02	1.368310e-01	0.000000e+00	-3.444567e+03	2.070672e+05
5.723900e-01	2.125491e+05	-4.121069e-02	1.371258e-01	0.000000e+00	-1.296008e+03	2.138451e+05
5.735800e-01	2.145995e+05	-4.137405e-02	1.374283e-01	0.000000e+00	-1.731252e+03	2.163308e+05
5.747700e-01	2.158330e+05	-4.153777e-02	1.377331e-01	0.000000e+00	-1.605083e+03	2.174381e+05
5.759600e-01	2.001236e+05	-4.170185e-02	1.380276e-01	0.000000e+00	-1.258850e+03	2.013824e+05
5.771500e-01	2.327297e+05	-4.186628e-02	1.383342e-01	0.000000e+00	-2.116240e+03	2.348459e+05
5.783400e-01	2.335703e+05	-4.203109e-02	1.386644e-01	0.000000e+00	-2.120438e+03	2.356907e+05
5.795300e-01	2.072420e+05	-4.219630e-02	1.389766e-01	0.000000e+00	-3.938398e+03	2.111804e+05
5.807200e-01	2.186941e+05	-4.236185e-02	1.392782e-01	0.000000e+00	-3.667027e+03	2.223611e+05
5.819100e-01	2.321213e+05	-4.252778e-02	1.395974e-01	0.000000e+00	-2.038842e+03	2.341602e+05
5.831000e-01	2.040615e+05	-4.269410e-02	1.399063e-01	0.000000e+00	-1.662997e+03	2.057245e+05
5.842900e-01	2.149169e+05	-4.286076e-02	1.402030e-01	0.000000e+00	-2.602676e+03	2.175195e+05
5.854800e-01	1.963409e+05	-4.302778e-02	1.404943e-01	0.000000e+00	-2.553725e+03	1.988946e+05
5.866700e-01	2.418157e+05	-4.319513e-02	1.408046e-01	0.000000e+00	-1.783093e+03	2.435988e+05
5.878600e-01	2.212263e+05	-4.336289e-02	1.411325e-01	0.000000e+00	-2.538543e+03	2.237648e+05
5.890500e-01	2.169162e+05	-4.353103e-02	1.414427e-01	0.000000e+00	-1.464008e+03	2.183802e+05
5.902400e-01	2.062762e+05	-4.369953e-02	1.417424e-01	0.000000e+00	0.000000e+00	2.062762e+05
5.914300e-01	2.127860e+05	-4.386837e-02	1.420392e-01	0.000000e+00	-1.848142e+03	2.146341e+05
5.926200e-01	2.174611e+05	-4.403758e-02	1.423439e-01	0.000000e+00	-1.513203e+03	2.189743e+05
5.938100e-01	2.275069e+05	-4.420715e-02	1.426590e-01	0.000000e+00	-3.567627e+02	2.278637e+05
5.950000e-01	2.211846e+05	-4.437711e-02	1.429767e-01	0.000000e+00	-4.255193e+03	2.254398e+05
5.961900e-01	2.018886e+05	-4.454744e-02	1.432763e-01	0.000000e+00	-1.319680e+03	2.032083e+05
5.973800e-01	2.013756e+05	-4.471811e-02	1.435619e-01	0.000000e+00	-3.337991e+03	2.047136e+05
5.985700e-01	2.140919e+05	-4.488911e-02	1.438561e-01	0.000000e+00	-2.076292e+03	2.161681e+05
5.997600e-01	2.276160e+05	-4.506048e-02	1.441689e-01	0.000000e+00	-1.189402e+03	2.288054e+05
6.009500e-01	2.230025e+05	-4.523224e-02	1.444881e-01	0.000000e+00	-3.481319e+03	2.264838e+05
6.021400e-01	2.288220e+05	-4.540437e-02	1.448080e-01	0.000000e+00	-2.318255e+03	2.311403e+05
6.033300e-01	2.205394e+05	-4.557688e-02	1.451262e-01	0.000000e+00	-2.424524e+03	2.229639e+05
6.045200e-01	2.132271e+05	-4.574977e-02	1.454334e-01	0.000000e+00	-2.752421e+03	2.159795e+05
6.057100e-01	2.202244e+05	-4.592301e-02	1.457404e-01	0.000000e+00	-2.234861e+03	2.224593e+05
6.069000e-01	2.184364e+05	-4.609663e-02	1.460510e-01	0.000000e+00	-1.836836e+03	2.202733e+05
6.080900e-01	2.047430e+05	-4.627061e-02	1.463507e-01	0.000000e+00	-1.694161e+03	2.064372e+05
6.092800e-01	1.915504e+05	-4.644494e-02	1.466313e-01	0.000000e+00	-3.005247e+03	1.945557e+05
6.104700e-01	2.043422e+05	-4.661960e-02	1.469117e-01	0.000000e+00	-4.122594e+03	2.084647e+05
6.116600e-01	2.282994e+05	-4.679459e-02	1.472181e-01	0.000000e+00	-4.035782e+03	2.323351e+05
6.128500e-01	2.284240e+05	-4.696997e-02	1.475415e-01	0.000000e+00	-2.210420e+03	2.306344e+05
6.140400e-01	2.120081e+05	-4.714574e-02	1.478534e-01	0.000000e+00	-3.970480e+03	2.159786e+05
6.152300e-01	1.944440e+05	-4.732187e-02	1.481413e-01	0.000000e+00	-2.238264e+03	1.966822e+05
6.164200e-01	2.066300e+05	-4.749832e-02	1.484253e-01	0.000000e+00	-2.329301e+03	2.089593e+05
6.176100e-01	2.059989e+05	-4.767512e-02	1.487175e-01	0.000000e+00	-1.867780e+03	2.078667e+05
6.188000e-01	2.096156e+05	-4.785227e-02	1.490118e-01	0.000000e+00	-1.819890e+03	2.114355e+05
6.199900e-01	2.066682e+05	-4.802977e-02	1.493066e-01	0.000000e+00	-7.447168e+02	2.074129e+05
6.211800e-01	2.109075e+05	-4.820762e-02	1.496023e-01	0.000000e+00	-2.953745e+03	2.138613e+05
6.223700e-01	2.121512e+05	-4.838582e-02	1.499019e-01	0.000000e+00	-3.658254e+02	2.125170e+05
6.235600e-01	2.076505e+05	-4.856438e-02	1.501992e-01	0.000000e+00	-2.085102e+03	2.097356e+05
6.247500e-01	2.244088e+05	-4.874329e-02	1.505052e-01	0.000000e+00	-2.771664e+03	2.271805e+05
6.259400e-01	2.223383e+05	-4.892258e-02	1.508215e-01	0.000000e+00	-2.295430e+03	2.246337e+05
6.271300e-01	2.341863e+05	-4.910225e-02	1.511448e-01	0.000000e+00	-1.481213e+03	2.356676e+05
6.283200e-01	2.203420e+05	-4.928231e-02	1.514667e-01	0.000000e+00	-7.807977e+02	2.211228e+05
6.295100e-01	2.432351e+05	-4.946274e-02	1.517950e-01	0.000000e+00	-1.809404e+03	2.450445e+05
6.307000e-01	2.073448e+05	-4.964358e-02	1.521141e-01	0.000000e+00	-2.007227e+03	2.093520e+05
6.318900e-01	2.330343e+05	-4.982477e-02	1.524260e-01	0.000000e+00	-1.968867e+03	2.350032e+05
6.330800e-01	2.169230e+05	-5.000635e-02	1.527446e-01	0.000000e+00	-1.890771e+03	2.188138e+05
6.342700e-01	2.080342e+05	-5.018830e-02	1.530455e-01	0.000000e+00	-2.092478e+03	2.101267e+05
6.354600e-01	2.136127e+05	-5.037060e-02	1.533441e-01	0.000000e+00	-2.867065e+03	2.164798e+05
6.366500e-01	2.236983e+05	-5.055326e-02	1.536538e-01	0.000000e+00	-3.378079e+03	2.270764e+05
6.378400e-01	2.103482e+05	-5.073630e-02	1.539612e-01	0.000000e+00	-2.870445e+03	2.132186e+05
6.390300e-01	2.158681e+05	-5.091969e-02	1.542630e-01	0.000000e+00	-1.336701e+03	2.172048e+05
6.402200e-01	2.120263e+05	-5.110345e-02	1.545661e-01	0.000000e+00	-2.794279e+03	2.148206e+05
6.414100e-01	2.036137e+05	-5.128756e-02	1.548604e-01	0.000000e+00	-4.486685e+03	2.081004e+05
6.426000e-01	2.226113e+05	-5.147201e-02	1.551622e-01	0.000000e+00	-1.439862e+03	2.240511e+05
6.437900e-01	2.121842e+05	-5.165684e-02	1.554701e-01	0.000000e+00	-7.279863e+03	2.194640e+05
6.449800e-01	2.023628e+05	-5.184203e-02	1.557637e-01	0.000000e+00	-3.052762e+03	2.054156e+05
6.461700e-01	2.244238e+05	-5.202756e-02	1.560659e-01	0.000000e+00	-3.236664e+03	2.276605e+05
6.473600e-01	2.145151e+05	-5.221347e-02	1.563768e-01	0.000000e+00	-1.835250e+03	2.163504e+05
6.485500e-01	2.095307e+05	-5.239974e-02	1.566771e-01	0.000000e+00	-2.531352e+03	2.120621e+05
6.497400e-01	2.132951e+05	-5.258636e-02	1.569765e-01	0.000000e+00	-3.230657e+03	2.165258e+05
6.509300e-01	2.137503e+05	-5.277334e-02	1.572789e-01	0.000000e+00	-2.124068e+03	2.158744e+05
6.521200e-01	2.166960e+05	-5.296068e-02	1.575838e-01	0.000000e+00	-3.628154e+03	2.203242e+05
6.533100e-01	2.095384e+05	-5.314839e-02	1.578856e-01	0.000000e+00	-2.910629e+03	2.124490e+05
6.545000e-01	2.161971e+05	-5.333645e-02	1.581871e-01	0.000000e+00	-3.176284e+03	2.193733e+05
6.556900e-01	1.993323e+05	-5.352488e-02	1.584813e-01	0.000000e+00	-1.623930e+03	2.009562e+05
6.568800e-01	2.291083e+05	-5.371364e-02	1.587848e-01	0.000000e+00	-1.695432e+03	2.308037e+05
6.580700e-01	2.122014e+05	-5.390278e-02	1.590973e-01	0.000000e+00	-1.602430e+03	2.138038e+05
6.592600e-01	2.181278e+05	-5.409229e-02	1.594020e-01	0.000000e+00	-1.945213e+03	2.200730e+05
6.604500e-01	2.007787e+05	-5.428216e-02	1.596987e-01	0.000000e+00	-1.713193e+03	2.024919e+05
6.616400e-01	2.156008e+05	-5.447237e-02	1.599935e-01	0.000000e+00	-1.599979e+03	2.172007e+05
6.628300e-01	2.180786e+05	-5.466295e-02	1.603007e-01	0.000000e+00	-2.780038e+03	2.208587e+05
6.640200e-01	2.011108e+05	-5.485389e-02	1.605975e-01	0.000000e+00	-2.488920e+03	2.035997e+05
6.652100e-01	1.992546e+05	-5.504517e-02	1.608810e-01	0.000000e+00	-1.669913e+03	2.009245e+05
6.664000e-01	2.198828e+05	-5.523678e-02	1.611779e-01	0.000000e+00	-1.765920e+03	2.216487e+05
6.675900e-01	2.237451e+05	-5.542877e-02	1.614920e-01	0.000000e+00	-1.491800e+03	2.252369e+05
6.687800e-01	2.098690e+05	-5.562114e-02	1.617991e-01	0.000000e+00	-3.093229e+03	2.129623e+05
6.699700e-01	2.082831e+05	-5.581385e-02	1.620952e-01	0.000000e+00	-1.494410e+03	2.097776e+05
6.711600e-01	2.202422e+05	-5.600692e-02	1.623987e-01	0.000000e+00	-1.238507e+03	2.214807e+05
6.723500e-01	2.259622e+05	-5.620036e-02	1.627147e-01	0.000000e+00	-3.051802e+03	2.290140e+05
6.735400e-01	2.138424e+05	-5.639418e-02	1.630261e-01	0.000000e+00	-1.430738e+03	2.152731e+05
6.747300e-01	2.221003e+05	-5.658836e-02	1.633348e-01	0.000000e+00	-2.174692e+03	2.242750e+05
6.759200e-01	2.248747e+05	-5.678292e-02	1.636514e-01	0.000000e+00	-1.210061e+03	2.260848e+05
6.771100e-01	2.235173e+05	-5.697785e-02	1.639689e-01	0.000000e+00	-8.692889e+02	2.243866e+05
6.783000e-01	2.413033e+05	-5.717317e-02	1.642981e-01	0.000000e+00	-3.032272e+02	2.416065e+05
6.794900e-01	2.305013e+05	-5.736888e-02	1.646322e-01	0.000000e+00	-4.232706e+01	2.305437e+05
6.806800e-01	2.101562e+05	-5.756499e-02	1.649442e-01	0.000000e+00	-1.968753e+03	2.121249e+05
6.818700e-01	2.162913e+05	-5.776145e-02	1.652462e-01	0.000000e+00	-2.008166e+03	2.182994e+05
6.830600e-01	2.191424e+05	-5.795828e-02	1.655546e-01	0.000000e+00	-3.355867e+03	2.224983e+05
6.842500e-01	2.221802e+05	-5.815547e-02	1.658671e-01	0.000000e+00	-4.828565e+03	2.270088e+05
6.854400e-01	2.207548e+05	-5.835304e-02	1.661808e-01	0.000000e+00	-1.767688e+03	2.225225e+05
6.866300e-01	2.200921e+05	-5.855098e-02	1.664930e-01	0.000000e+00	-1.112043e+03	2.212041e+05
6.878200e-01	2.209143e+05	-5.874929e-02	1.668053e-01	0.000000e+00	-1.081977e+03	2.219963e+05
6.890100e-01	2.138154e+05	-5.894798e-02	1.671132e-01	0.000000e+00	-2.598204e+03	2.164136e+05
6.902000e-01	2.066130e+05	-5.914702e-02	1.674109e-01	0.000000e+00	-4.170970e+03	2.107840e+05
6.913900e-01	2.213675e+05	-5.934642e-02	1.677140e-01	0.000000e+00	-1.435187e+03	2.228027e+05
6.925800e-01	2.258318e+05	-5.954618e-02	1.680307e-01	0.000000e+00	-7.653094e+02	2.265971e+05
6.937700e-01	2.241208e+05	-5.974633e-02	1.683493e-01	0.000000e+00	-1.937397e+03	2.260582e+05
6.949600e-01	2.272521e+05	-5.994685e-02	1.686689e-01	0.000000e+00	-2.090074e+03	2.293422e+05
6.961500e-01	2.213952e+05	-6.014776e-02	1.689867e-01	0.000000e+00	-2.443969e+03	2.238392e+05
6.973400e-01	2.121063e+05	-6.034904e-02	1.692937e-01	0.000000e+00	-1.938156e+03	2.140445e+05
6.985300e-01	2.132180e+05	-6.055068e-02	1.695949e-01	0.000000e+00	-2.657762e+03	2.158758e+05
6.997200e-01	2.082629e+05	-6.075268e-02	1.698933e-01	0.000000e+00	-1.576768e+03	2.098397e+05
7.009100e-01	2.198630e+05	-6.095503e-02	1.701965e-01	0.000000e+00	-2.868313e+02	2.201498e+05
7.021000e-01	2.226946e+05	-6.115774e-02	1.705099e-01	0.000000e+00	-2.475416e+03	2.251700e+05
7.032900e-01	2.077043e+05	-6.136084e-02	1.708147e-01	0.000000e+00	-2.746239e+03	2.104505e+05
7.044800e-01	2.077364e+05	-6.156428e-02	1.711089e-01	0.000000e+00	-2.884189e+03	2.106205e+05
7.056700e-01	1.975801e+05	-6.176808e-02	1.713959e-01	0.000000e+00	-3.680214e+03	2.012603e+05
7.068600e-01	2.187341e+05	-6.197221e-02	1.716908e-01	0.000000e+00	-2.202107e+03	2.209362e+05
7.080500e-01	2.141695e+05	-6.217670e-02	1.719973e-01	0.000000e+00	-2.670768e+03	2.168403e+05
7.092400e-01	2.237111e+05	-6.238156e-02	1.723074e-01	0.000000e+00	-4.776949e+03	2.284881e+05
7.104300e-01	2.416533e+05	-6.258679e-02	1.726370e-01	0.000000e+00	-4.007406e+03	2.456607e+05
7.116200e-01	2.433143e+05	-6.279244e-02	1.729804e-01	0.000000e+00	-2.512984e+03	2.458273e+05
7.128100e-01	2.166531e+05	-6.299849e-02	1.733061e-01	0.000000e+00	-1.739127e+03	2.183922e+05
7.140000e-01	1.895920e+05	-6.320490e-02	1.735938e-01	0.000000e+00	-1.547025e+03	1.911390e+05
7.151900e-01	2.112821e+05	-6.341164e-02	1.738777e-01	0.000000e+00	-1.115023e+03	2.123971e+05
7.163800e-01	2.197363e+05	-6.361873e-02	1.741829e-01	0.000000e+00	-1.104740e+03	2.208411e+05
7.175700e-01	2.193989e+05	-6.382620e-02	1.744939e-01	0.000000e+00	-2.517417e+03	2.219163e+05
7.187600e-01	2.408506e+05	-6.403403e-02	1.748199e-01	0.000000e+00	-3.286405e+03	2.441370e+05
7.199500e-01	2.242512e+05	-6.424227e-02	1.751492e-01	0.000000e+00	-1.656545e+03	2.259077e+05
7.211400e-01	2.372169e+05	-6.445088e-02	1.754760e-01	0.000000e+00	-8.433638e+02	2.380602e+05
7.223300e-01	2.337158e+05	-6.465990e-02	1.758095e-01	0.000000e+00	0.000000e+00	2.337158e+05
7.235200e-01	2.220847e+05	-6.486931e-02	1.761323e-01	0.000000e+00	-1.247605e+03	2.233323e+05
7.247100e-01	1.984943e+05	-6.507910e-02	1.764301e-01	0.000000e+00	-1.940449e+03	2.004347e+05
7.259000e-01	2.080917e+05	-6.528921e-02	1.767181e-01	0.000000e+00	-2.151622e+03	2.102434e+05
7.270900e-01	2.213544e+05	-6.549968e-02	1.770222e-01	0.000000e+00	-1.855093e+03	2.232095e+05
7.282800e-01	2.267369e+05	-6.571053e-02	1.773395e-01	0.000000e+00	-1.208592e+03	2.279455e+05
7.294700e-01	2.114225e+05	-6.592175e-02	1.776498e-01	0.000000e+00	-6.036685e+02	2.120262e+05
7.306600e-01	2.394208e+05	-6.613333e-02	1.779691e-01	0.000000e+00	-3.828770e+03	2.432496e+05
7.318500e-01	2.258117e+05	-6.634532e-02	1.782985e-01	0.000000e+00	-3.038041e+03	2.288497e+05
7.330400e-01	2.135654e+05	-6.655768e-02	1.786097e-01	0.000000e+00	-2.273728e+03	2.158392e+05
7.342300e-01	2.164923e+05	-6.677041e-02	1.789142e-01	0.000000e+00	-1.370153e+03	2.178624e+05
7.354200e-01	2.270804e+05	-6.698350e-02	1.792284e-01	0.000000e+00	-1.881853e+03	2.289623e+05
7.366100e-01	2.253100e+05	-6.719697e-02	1.795487e-01	0.000000e+00	-1.846089e+03	2.271561e+05
7.378000e-01	2.120406e+05	-6.741083e-02	1.798584e-01	0.000000e+00	-2.837473e+02	2.123243e+05
7.389900e-01	2.273351e+05	-6.762504e-02	1.801696e-01	0.000000e+00	-9.193981e+02	2.282545e+05
7.401800e-01	2.275251e+05	-6.783963e-02	1.804917e-01	0.000000e+00	-1.601610e+03	2.291267e+05
7.413700e-01	2.283233e+05	-6.805461e-02	1.808145e-01	0.000000e+00	-1.072922e+03	2.293962e+05
7.425600e-01	2.058106e+05	-6.826997e-02	1.811220e-01	0.000000e+00	-1.642502e+03	2.074531e+05
7.437500e-01	2.172840e+05	-6.848568e-02	1.814216e-01	0.000000e+00	-1.486257e+03	2.187702e+05
7.449400e-01	2.377028e+05	-6.870175e-02	1.817438e-01	0.000000e+00	-1.436921e+03	2.391397e+05
7.461300e-01	2.146350e+05	-6.891823e-02	1.820641e-01	0.000000e+00	-1.721675e+03	2.163566e+05
7.473200e-01	2.090837e+05	-6.913506e-02	1.823642e-01	0.000000e+00	-1.443944e+03	2.105276e+05
7.485100e-01	2.048786e+05	-6.935225e-02	1.826573e-01	0.000000e+00	-3.903595e+03	2.087822e+05
7.497000e-01	2.288960e+05	-6.956979e-02	1.829645e-01	0.000000e+00	-1.728321e+03	2.306243e+05
7.508900e-01	2.283564e+05	-6.978771e-02	1.832883e-01	0.000000e+00	-2.080326e+03	2.304368e+05
7.520800e-01	2.114706e+05	-7.000602e-02	1.835998e-01	0.000000e+00	-2.295043e+03	2.137657e+05
7.532700e-01	2.087530e+05	-7.022468e-02	1.838974e-01	0.000000e+00	-1.196702e+03	2.099497e+05
7.544600e-01	2.498766e+05	-7.044369e-02	1.842222e-01	0.000000e+00	-1.102551e+03	2.509791e+05
7.556500e-01	2.283121e+05	-7.066313e-02	1.845608e-01	0.000000e+00	-2.719319e+03	2.310314e+05
7.568400e-01	2.148098e+05	-7.088295e-02	1.848746e-01	0.000000e+00	-9.290894e+02	2.157389e+05
7.580300e-01	2.121180e+05	-7.110313e-02	1.851769e-01	0.000000e+00	-2.802322e+03	2.149203e+05
7.592200e-01	2.105980e+05	-7.132367e-02	1.854763e-01	0.000000e+00	-1.244247e+03	2.118423e+05
7.604100e-01	2.138747e+05	-7.154456e-02	1.857769e-01	0.000000e+00	-2.131391e+03	2.160061e+05
7.616000e-01	2.015436e+05	-7.176582e-02	1.860711e-01	0.000000e+00	-3.574786e+03	2.051184e+05
7.627900e-01	2.111574e+05	-7.198741e-02	1.863633e-01	0.000000e+00	-3.738869e+03	2.148963e+05
7.639800e-01	2.222629e+05	-7.220936e-02	1.866703e-01	0.000000e+00	-1.751743e+03	2.240146e+05
7.651700e-01	2.154624e+05	-7.243169e-02	1.869803e-01	0.000000e+00	-3.479606e+03	2.189420e+05
7.663600e-01	2.178743e+05	-7.265437e-02	1.872871e-01	0.000000e+00	-2.093348e+03	2.199677e+05
7.675500e-01	2.276519e+05	-7.287743e-02	1.876026e-01	0.000000e+00	-6.430090e+02	2.282949e+05
7.687400e-01	2.275906e+05	-7.310087e-02	1.879250e-01	0.000000e+00	-3.082972e+02	2.278989e+05
7.699300e-01	2.359526e+05	-7.332469e-02	1.882533e-01	0.000000e+00	-9.984895e+02	2.369511e+05
7.711200e-01	2.046040e+05	-7.354891e-02	1.885653e-01	0.000000e+00	-4.317024e+03	2.089210e+05
7.723100e-01	2.159267e+05	-7.377348e-02	1.888631e-01	0.000000e+00	-1.134906e+03	2.170616e+05
7.735000e-01	2.356552e+05	-7.399840e-02	1.891829e-01	0.000000e+00	-2.751068e+03	2.384062e+05
7.746900e-01	2.177835e+05	-7.422373e-02	1.895040e-01	0.000000e+00	-1.871581e+03	2.196550e+05
7.758800e-01	2.338579e+05	-7.444942e-02	1.898238e-01	0.000000e+00	-2.045809e+03	2.359038e+05
7.770700e-01	2.237594e+05	-7.467551e-02	1.901479e-01	0.000000e+00	-2.458326e+03	2.262177e+05
7.782600e-01	2.242858e+05	-7.490198e-02	1.904652e-01	0.000000e+00	-3.381087e+03	2.276669e+05
7.794500e-01	2.198549e+05	-7.512882e-02	1.907797e-01	0.000000e+00	-9.195698e+02	2.207745e+05
7.806400e-01	2.161876e+05	-7.535603e-02	1.910885e-01	0.000000e+00	-2.010199e+03	2.181978e+05
7.818300e-01	1.966757e+05	-7.558361e-02	1.913809e-01	0.000000e+00	-1.913433e+03	1.985891e+05
7.830200e-01	2.130710e+05	-7.581152e-02	1.916710e-01	0.000000e+00	-1.100293e+03	2.141713e+05
7.842100e-01	2.280021e+05	-7.603979e-02	1.919834e-01	0.000000e+00	0.000000e+00	2.280021e+05
7.854000e-01	2.276312e+05	-7.626844e-02	1.923061e-01	0.000000e+00	0.000000e+00	2.276312e+05
7.865900e-01	2.408175e+05	-7.649748e-02	1.926378e-01	0.000000e+00	0.000000e+00	2.408175e+05
7.877800e-01	2.202085e+05	-7.672692e-02	1.929643e-01	0.000000e+00	-8.491040e+02	2.210576e+05
7.889700e-01	2.129717e+05	-7.695673e-02	1.932710e-01	0.000000e+00	-2.413817e+03	2.153855e+05
7.901600e-01	2.112256e+05	-7.718690e-02	1.935714e-01	0.000000e+00	-2.505216e+03	2.137308e+05
7.913500e-01	2.230805e+05	-7.741743e-02	1.938790e-01	0.000000e+00	-1.829177e+03	2.249097e+05
7.925400e-01	2.158142e+05	-7.764833e-02	1.941898e-01	0.000000e+00	-2.258462e+03	2.180727e+05
7.937300e-01	2.156037e+05	-7.787960e-02	1.944953e-01	0.000000e+00	-1.105316e+03	2.167090e+05
7.949200e-01	2.112394e+05	-7.811123e-02	1.947976e-01	0.000000e+00	-1.897821e+03	2.131372e+05
7.961100e-01	2.319003e+05	-7.834322e-02	1.951114e-01	0.000000e+00	-3.701644e+03	2.356019e+05
7.973000e-01	2.259928e+05	-7.857560e-02	1.954357e-01	0.000000e+00	-2.570412e+03	2.285633e+05
7.984900e-01	2.096934e+05	-7.880836e-02	1.957442e-01	0.000000e+00	-4.353569e+02	2.101287e+05
7.996800e-01	2.257470e+05	-7.904147e-02	1.960526e-01	0.000000e+00	-3.072595e+03	2.288196e+05
8.008700e-01	2.331582e+05	-7.927496e-02	1.963776e-01	0.000000e+00	-3.603164e+03	2.367613e+05
8.020600e-01	2.311133e+05	-7.950885e-02	1.967063e-01	0.000000e+00	-3.162282e+03	2.342756e+05
8.032500e-01	2.506540e+05	-7.974312e-02	1.970475e-01	0.000000e+00	-2.015182e+03	2.526692e+05
8.044400e-01	2.441649e+05	-7.997782e-02	1.973979e-01	0.000000e+00	-2.019747e+03	2.461847e+05
8.056300e-01	2.288343e+05	-8.021293e-02	1.977329e-01	0.000000e+00	-4.220875e+03	2.330551e+05
8.068200e-01	2.112206e+05	-8.044843e-02	1.980445e-01	0.000000e+00	-3.147335e+03	2.143679e+05
8.080100e-01	2.193736e+05	-8.068428e-02	1.983494e-01	0.000000e+00	-3.234829e+03	2.226084e+05
8.092000e-01	2.173815e+05	-8.092050e-02	1.986587e-01	0.000000e+00	-1.335816e+03	2.187173e+05
8.103900e-01	2.065440e+05	-8.115708e-02	1.989590e-01	0.000000e+00	-1.362083e+03	2.079061e+05
8.115800e-01	2.225147e+05	-8.139402e-02	1.992628e-01	0.000000e+00	-1.600219e+03	2.241149e+05
8.127700e-01	2.218179e+05	-8.163133e-02	1.995775e-01	0.000000e+00	-3.990427e+02	2.222169e+05
8.139600e-01	2.324714e+05	-8.186901e-02	1.998992e-01	0.000000e+00	-1.146420e+03	2.336178e+05
8.151500e-01	2.320430e+05	-8.210709e-02	2.002281e-01	0.000000e+00	-9.236175e+02	2.329666e+05
8.163400e-01	2.249924e+05	-8.234556e-02	2.005518e-01	0.000000e+00	-1.348619e+03	2.263410e+05
8.175300e-01	2.122335e+05	-8.258440e-02	2.008614e-01	0.000000e+00	-1.563443e+03	2.137969e+05
8.187200e-01	2.163956e+05	-8.282361e-02	2.011649e-01	0.000000e+00	-4.145578e+02	2.168102e+05
8.199100e-01	2.405740e+05	-8.306318e-02	2.014886e-01	0.000000e+00	-2.580164e+03	2.431542e+05
8.211000e-01	2.367533e+05	-8.330315e-02	2.018266e-01	0.000000e+00	-2.349523e+03	2.391029e+05
8.222900e-01	2.186513e+05	-8.354352e-02	2.021491e-01	0.000000e+00	-2.117494e+03	2.207688e+05
8.234800e-01	1.972085e+05	-8.378426e-02	2.024436e-01	0.000000e+00	-3.077859e+03	2.002863e+05
8.246700e-01	2.106849e+05	-8.402534e-02	2.027324e-01	0.000000e+00	-4.239908e+03	2.149248e+05
8.258600e-01	2.266529e+05	-8.426677e-02	2.030421e-01	0.000000e+00	-3.138287e+03	2.297911e+05
8.270500e-01	2.301377e+05	-8.450858e-02	2.033656e-01	0.000000e+00	-4.355653e+03	2.344933e+05
8.282400e-01	2.354239e+05	-8.475078e-02	2.036953e-01	0.000000e+00	-2.471666e+03	2.378956e+05
8.294300e-01	2.413229e+05	-8.499337e-02	2.040329e-01	0.000000e+00	-1.440326e+03	2.427632e+05
8.306200e-01	2.326366e+05	-8.523638e-02	2.043686e-01	0.000000e+00	-2.281237e+03	2.349179e+05
8.318100e-01	2.122043e+05	-8.547977e-02	2.046836e-01	0.000000e+00	-9.258691e+02	2.131302e+05
8.330000e-01	2.192390e+05	-8.572352e-02	2.049891e-01	0.000000e+00	-3.419964e+03	2.226590e+05
8.341900e-01	2.140218e+05	-8.596764e-02	2.052960e-01	0.000000e+00	-2.407000e+03	2.164288e+05
8.353800e-01	2.255336e+05	-8.621213e-02	2.056072e-01	0.000000e+00	-6.979077e+02	2.262315e+05
8.365700e-01	2.489641e+05	-8.645699e-02	2.059433e-01	0.000000e+00	-3.764475e+02	2.493406e+05
8.377600e-01	2.290220e+05	-8.670227e-02	2.062817e-01	0.000000e+00	-2.291042e+03	2.313130e+05
8.389500e-01	2.183850e+05	-8.694794e-02	2.065986e-01	0.000000e+00	-7.353842e+02	2.191204e+05
8.401400e-01	2.284193e+05	-8.719398e-02	2.069150e-01	0.000000e+00	-1.075763e+03	2.294951e+05
8.413300e-01	2.276730e+05	-8.744040e-02	2.072380e-01	0.000000e+00	-8.544647e+02	2.285275e+05
8.425200e-01	2.250120e+05	-8.768720e-02	2.075586e-01	0.000000e+00	-2.761224e+03	2.277732e+05
8.437100e-01	2.239294e+05	-8.793439e-02	2.078765e-01	0.000000e+00	-1.768923e+03	2.256983e+05
8.449000e-01	2.065086e+05	-8.818195e-02	2.081813e-01	0.000000e+00	-6.940460e+02	2.072026e+05
8.460900e-01	2.119316e+05	-8.842986e-02	2.084776e-01	0.000000e+00	-1.484367e+03	2.134159e+05
8.472800e-01	2.261767e+05	-8.867813e-02	2.087879e-01	0.000000e+00	-1.047001e+03	2.272237e+05
8.484700e-01	2.300829e+05	-8.892677e-02	2.091110e-01	0.000000e+00	-1.098803e+03	2.311817e+05
8.496600e-01	2.293743e+05	-8.917581e-02	2.094364e-01	0.000000e+00	-1.895460e+03	2.312697e+05
8.508500e-01	2.282315e+05	-8.942523e-02	2.097604e-01	0.000000e+00	-2.768311e+03	2.309998e+05
8.520400e-01	2.190748e+05	-8.967504e-02	2.100772e-01	0.000000e+00	-3.675135e+03	2.227499e+05
8.532300e-01	2.134804e+05	-8.992522e-02	2.103835e-01	0.000000e+00	-5.237035e+02	2.140041e+05
8.544200e-01	2.254454e+05	-9.017575e-02	2.106943e-01	0.000000e+00	-1.685197e+03	2.271306e+05
8.556100e-01	2.324435e+05	-9.042667e-02	2.110186e-01	0.000000e+00	-1.466299e+03	2.339098e+05
8.568000e-01	2.350384e+05	-9.067798e-02	2.113497e-01	0.000000e+00	-2.757001e+03	2.377954e+05
8.579900e-01	2.116858e+05	-9.092968e-02	2.116660e-01	0.000000e+00	-2.178782e+03	2.138646e+05
8.591800e-01	2.152240e+05	-9.118174e-02	2.119683e-01	0.000000e+00	-2.525746e+03	2.177498e+05
8.603700e-01	2.190876e+05	-9.143417e-02	2.122759e-01	0.000000e+00	-1.672670e+03	2.207603e+05
8.615600e-01	2.170722e+05	-9.168696e-02	2.125848e-01	0.000000e+00	-5.243679e+02	2.175966e+05
8.627500e-01	2.217107e+05	-9.194012e-02	2.128955e-01	0.000000e+00	-5.898603e+02	2.223005e+05
8.639400e-01	2.236587e+05	-9.219365e-02	2.132109e-01	0.000000e+00	-1.127567e+03	2.247863e+05
8.651300e-01	2.321284e+05	-9.244756e-02	2.135337e-01	0.000000e+00	-2.719486e+03	2.348479e+05
8.663200e-01	2.139151e+05	-9.270186e-02	2.138495e-01	0.000000e+00	-4.933287e+03	2.188484e+05
8.675100e-01	2.414965e+05	-9.295652e-02	2.141720e-01	0.000000e+00	-4.247699e+02	2.419213e+05
8.687000e-01	2.448150e+05	-9.321159e-02	2.145164e-01	0.000000e+00	-1.180635e+03	2.459956e+05
8.698900e-01	2.302477e+05	-9.346707e-02	2.148529e-01	0.000000e+00	-9.238646e+02	2.311716e+05
8.710800e-01	2.254803e+05	-9.372294e-02	2.151756e-01	0.000000e+00	-7.014667e+02	2.261818e+05
8.722700e-01	2.170709e+05	-9.397919e-02	2.154890e-01	0.000000e+00	-1.334434e+03	2.184053e+05
8.734600e-01	2.249382e+05	-9.423580e-02	2.158020e-01	0.000000e+00	-1.579785e+03	2.265180e+05
8.746500e-01	2.215498e+05	-9.449280e-02	2.161182e-01	0.000000e+00	-2.653248e+03	2.242030e+05
8.758400e-01	2.095213e+05	-9.475016e-02	2.164235e-01	0.000000e+00	-2.774105e+03	2.122954e+05
8.770300e-01	2.160942e+05	-9.500789e-02	2.167249e-01	0.000000e+00	-9.088812e+02	2.170031e+05
8.782200e-01	2.217670e+05	-9.526597e-02	2.170349e-01	0.000000e+00	-5.486236e+02	2.223156e+05
8.794100e-01	2.212557e+05	-9.552443e-02	2.173487e-01	0.000000e+00	-6.633627e+02	2.219190e+05
8.806000e-01	2.279302e+05	-9.578326e-02	2.176668e-01	0.000000e+00	-6.609410e+02	2.285911e+05
8.817900e-01	2.361230e+05	-9.604248e-02	2.179954e-01	0.000000e+00	-3.031389e+03	2.391544e+05
8.829800e-01	2.310757e+05	-9.630209e-02	2.183262e-01	0.000000e+00	-1.900135e+03	2.329758e+05
8.841700e-01	2.057053e+05	-9.656209e-02	2.186356e-01	0.000000e+00	-4.867545e+02	2.061921e+05
8.853600e-01	2.176119e+05	-9.682244e-02	2.189353e-01	0.000000e+00	-2.692253e+03	2.203042e+05
8.865500e-01	2.052127e+05	-9.708316e-02	2.192348e-01	0.000000e+00	-2.750989e+03	2.079637e+05
8.877400e-01	2.185804e+05	-9.734422e-02	2.195349e-01	0.000000e+00	-1.259553e+03	2.198399e+05
8.889300e-01	2.237812e+05	-9.760565e-02	2.198482e-01	0.000000e+00	-7.803023e+02	2.245615e+05
8.901200e-01	2.148622e+05	-9.786746e-02	2.201588e-01	0.000000e+00	-4.717976e+02	2.153339e+05
8.913100e-01	2.234541e+05	-9.812963e-02	2.204692e-01	0.000000e+00	-1.916963e+03	2.253711e+05
8.925000e-01	2.346726e+05	-9.839218e-02	2.207936e-01	0.000000e+00	-1.032617e+03	2.357052e+05
8.936900e-01	2.223284e+05	-9.865512e-02	2.211172e-01	0.000000e+00	-1.048599e+03	2.233770e+05
8.948800e-01	2.085218e+05	-9.891843e-02	2.214224e-01	0.000000e+00	-1.219456e+03	2.097412e+05
8.960700e-01	2.229107e+05	-9.918210e-02	2.217279e-01	0.000000e+00	-1.856648e+03	2.247673e+05
8.972600e-01	2.221674e+05	-9.944615e-02	2.220431e-01	0.000000e+00	-1.806877e+03	2.239742e+05
8.984500e-01	2.564573e+05	-9.971057e-02	2.223820e-01	0.000000e+00	-1.090056e+03	2.575474e+05
8.996400e-01	2.449930e+05	-9.997542e-02	2.227371e-01	0.000000e+00	-1.579775e+03	2.465728e+05
9.008300e-01	2.387255e+05	-1.002407e-01	2.230797e-01	0.000000e+00	-2.387645e+03	2.411131e+05
9.020200e-01	2.082684e+05	-1.005063e-01	2.233962e-01	0.000000e+00	-2.643689e+03	2.109121e+05
9.032100e-01	2.031192e+05	-1.007724e-01	2.236876e-01	0.000000e+00	-1.036924e+03	2.041562e+05
9.044000e-01	2.328011e+05	-1.010387e-01	2.239963e-01	0.000000e+00	-4.563813e+02	2.332575e+05
9.055900e-01	2.266565e+05	-1.013055e-01	2.243216e-01	0.000000e+00	-5.773578e+02	2.272339e+05
9.067800e-01	2.283479e+05	-1.015726e-01	2.246438e-01	0.000000e+00	-4.430553e+02	2.287910e+05
9.079700e-01	2.223667e+05	-1.018401e-01	2.249630e-01	0.000000e+00	-1.336395e+03	2.237031e+05
9.091600e-01	2.076278e+05	-1.021080e-01	2.252675e-01	0.000000e+00	-3.163490e+03	2.107913e+05
9.103500e-01	2.157838e+05	-1.023763e-01	2.255674e-01	0.000000e+00	-1.202391e+03	2.169862e+05
9.115400e-01	2.240193e+05	-1.026449e-01	2.258788e-01	0.000000e+00	-1.277812e+03	2.252971e+05
9.127300e-01	2.143689e+05	-1.029139e-01	2.261893e-01	0.000000e+00	-2.881317e+03	2.172502e+05
9.139200e-01	2.373039e+05	-1.031832e-01	2.265091e-01	0.000000e+00	-1.276643e+03	2.385805e+05
9.151100e-01	2.360163e+05	-1.034529e-01	2.268443e-01	0.000000e+00	-2.203679e+03	2.382200e+05
9.163000e-01	2.217837e+05	-1.037231e-01	2.271685e-01	0.000000e+00	-1.284044e+03	2.230677e+05
9.174900e-01	2.306144e+05	-1.039936e-01	2.274889e-01	0.000000e+00	-5.430353e+02	2.311574e+05
9.186800e-01	2.426668e+05	-1.042645e-01	2.278241e-01	0.000000e+00	-9.780167e+02	2.436448e+05
9.198700e-01	2.416296e+05	-1.045358e-01	2.281670e-01	0.000000e+00	-3.077240e+03	2.447069e+05
9.210600e-01	2.411228e+05	-1.048076e-01	2.285089e-01	0.000000e+00	-7.639269e+02	2.418867e+05
9.222500e-01	2.351107e+05	-1.050797e-01	2.288461e-01	0.000000e+00	-3.279179e+02	2.354386e+05
9.234400e-01	2.124849e+05	-1.053522e-01	2.291631e-01	0.000000e+00	-5.124183e+02	2.129974e+05
9.246300e-01	2.530694e+05	-1.056251e-01	2.294928e-01	0.000000e+00	-1.356360e+03	2.544258e+05
9.258200e-01	2.244291e+05	-1.058984e-01	2.298310e-01	0.000000e+00	-2.591686e+03	2.270208e+05
9.270100e-01	2.331861e+05	-1.061721e-01	2.301550e-01	0.000000e+00	-7.332550e+02	2.339194e+05
9.282000e-01	2.224231e+05	-1.064462e-01	2.304777e-01	0.000000e+00	-1.647986e+03	2.240711e+05
9.293900e-01	2.124982e+05	-1.067206e-01	2.307857e-01	0.000000e+00	-1.106058e+03	2.136043e+05
9.305800e-01	2.345777e+05	-1.069954e-01	2.311023e-01	0.000000e+00	-1.399946e+03	2.359777e+05
9.317700e-01	2.336361e+05	-1.072706e-01	2.314338e-01	0.000000e+00	-1.248743e+03	2.348848e+05
9.329600e-01	2.315226e+05	-1.075462e-01	2.317632e-01	0.000000e+00	-9.532324e+01	2.316179e+05
9.341500e-01	2.185584e+05	-1.078222e-01	2.320820e-01	0.000000e+00	-1.338568e+03	2.198970e+05
9.353400e-01	2.102219e+05	-1.080986e-01	2.323856e-01	0.000000e+00	-1.469576e+03	2.116914e+05
9.365300e-01	2.236642e+05	-1.083753e-01	2.326929e-01	0.000000e+00	-1.777730e+03	2.254419e+05
9.377200e-01	2.168948e+05	-1.086524e-01	2.330049e-01	0.000000e+00	-1.095683e+03	2.179905e+05
9.389100e-01	2.395781e+05	-1.089299e-01	2.333281e-01	0.000000e+00	-1.903994e+03	2.414821e+05
9.401000e-01	2.101986e+05	-1.092077e-01	2.336466e-01	0.000000e+00	-3.561167e+03	2.137598e+05
9.412900e-01	2.341115e+05	-1.094860e-01	2.339613e-01	0.000000e+00	-9.765864e+02	2.350881e+05
9.424800e-01	2.156819e+05	-1.097646e-01	2.342798e-01	0.000000e+00	-1.741066e+03	2.174229e+05
9.436700e-01	2.023590e+05	-1.100435e-01	2.345759e-01	0.000000e+00	-1.485742e+03	2.038447e+05
9.448600e-01	2.188971e+05	-1.103229e-01	2.348742e-01	0.000000e+00	-8.499847e+02	2.197471e+05
9.460500e-01	2.261860e+05	-1.106025e-01	2.351894e-01	0.000000e+00	-5.113022e+02	2.266973e+05
9.472400e-01	2.233628e+05	-1.108826e-01	2.355077e-01	0.000000e+00	-3.981485e+02	2.237609e+05
9.484300e-01	2.319833e+05	-1.111630e-01	2.358302e-01	0.000000e+00	-3.287426e+03	2.352707e+05
9.496200e-01	2.469496e+05	-1.114439e-01	2.361694e-01	0.000000e+00	-1.935913e+03	2.488855e+05
9.508100e-01	2.410222e+05	-1.117251e-01	2.365149e-01	0.000000e+00	-1.534498e+03	2.425567e+05
9.520000e-01	2.314591e+05	-1.120068e-01	2.368495e-01	0.000000e+00	-9.401973e+02	2.323993e+05
9.531900e-01	2.386929e+05	-1.122888e-01	2.371825e-01	0.000000e+00	-7.759166e+02	2.394688e+05
9.543800e-01	2.374404e+05	-1.125713e-01	2.375196e-01	0.000000e+00	-1.530864e+03	2.389712e+05
9.555700e-01	2.325754e+05	-1.128541e-01	2.378525e-01	0.000000e+00	-1.790834e+03	2.343662e+05
9.567600e-01	2.344658e+05	-1.131374e-01	2.381832e-01	0.000000e+00	-1.251580e+03	2.357174e+05
9.579500e-01	2.348026e+05	-1.134210e-01	2.385155e-01	0.000000e+00	-1.484389e+02	2.349510e+05
9.591400e-01	2.310362e+05	-1.137050e-01	2.388454e-01	0.000000e+00	-1.415301e+03	2.324515e+05
9.603300e-01	2.434210e+05	-1.139895e-01	2.391814e-01	0.000000e+00	-1.436273e+03	2.448572e+05
9.615200e-01	2.294760e+05	-1.142743e-01	2.395163e-01	0.000000e+00	-1.777923e+03	2.312539e+05
9.627100e-01	2.338826e+05	-1.145595e-01	2.398445e-01	0.000000e+00	-1.743876e+03	2.356265e+05
9.639000e-01	2.357974e+05	-1.148451e-01	2.401771e-01	0.000000e+00	-4.925969e+02	2.362900e+05
9.650900e-01	2.277219e+05	-1.151311e-01	2.405053e-01	0.000000e+00	-5.486172e+02	2.282705e+05
9.662800e-01	2.215474e+05	-1.154175e-01	2.408235e-01	0.000000e+00	-1.198373e+03	2.227457e+05
9.674700e-01	2.310618e+05	-1.157043e-01	2.411440e-01	0.000000e+00	-1.186283e+03	2.322481e+05
9.686600e-01	2.206356e+05	-1.159914e-01	2.414639e-01	0.000000e+00	-7.358051e+02	2.213714e+05
9.698500e-01	2.248437e+05	-1.162790e-01	2.417793e-01	0.000000e+00	-5.715463e+02	2.254153e+05
9.710400e-01	2.232566e+05	-1.165669e-01	2.420967e-01	0.000000e+00	-5.838479e+02	2.238405e+05
9.722300e-01	2.239990e+05	-1.168552e-01	2.424134e-01	0.000000e+00	-2.348243e+03	2.263473e+05
9.734200e-01	2.349844e+05	-1.171438e-01	2.427384e-01	0.000000e+00	-1.456743e+03	2.364411e+05
9.746100e-01	2.501745e+05	-1.174329e-01	2.430820e-01	0.000000e+00	-6.996174e+02	2.508741e+05
9.758000e-01	2.523462e+05	-1.177224e-01	2.434379e-01	0.000000e+00	-1.029035e+03	2.533752e+05
9.769900e-01	2.212327e+05	-1.180123e-01	2.437732e-01	0.000000e+00	-2.628415e+03	2.238611e+05
9.781800e-01	2.220890e+05	-1.183025e-01	2.440872e-01	0.000000e+00	-1.671345e+02	2.222562e+05
9.793700e-01	2.208288e+05	-1.185932e-01	2.444009e-01	0.000000e+00	0.000000e+00	2.208288e+05
9.805600e-01	2.292058e+05	-1.188842e-01	2.447195e-01	0.000000e+00	-4.907106e+02	2.296965e+05
9.817500e-01	2.106726e+05	-1.191756e-01	2.450311e-01	0.000000e+00	-3.496256e+02	2.110223e+05
9.829400e-01	2.212361e+05	-1.194674e-01	2.453369e-01	0.000000e+00	0.000000e+00	2.212361e+05
9.841300e-01	2.362763e+05	-1.197595e-01	2.456609e-01	0.000000e+00	-1.122857e+03	2.373991e+05
9.853200e-01	2.383854e+05	-1.200521e-01	2.459971e-01	0.000000e+00	-1.831767e+03	2.402171e+05
9.865100e-01	2.219822e+05	-1.203450e-01	2.463231e-01	0.000000e+00	-3.307343e+03	2.252896e+05
9.877000e-01	2.259550e+05	-1.206383e-01	2.466403e-01	0.000000e+00	-1.240877e+03	2.271959e+05
9.888900e-01	2.382289e+05	-1.209320e-01	2.469690e-01	0.000000e+00	-4.445569e+02	2.386734e+05
9.900800e-01	2.233786e+05	-1.212261e-01	2.472959e-01	0.000000e+00	-1.351444e+03	2.247301e+05
9.912700e-01	2.143232e+05	-1.215206e-01	2.476059e-01	0.000000e+00	-7.851879e+02	2.151084e+05
9.924600e-01	2.036488e+05	-1.218154e-01	2.479019e-01	0.000000e+00	0.000000e+00	2.036488e+05
9.936500e-01	2.094039e+05	-1.221106e-01	2.481944e-01	0.000000e+00	-8.025533e+02	2.102065e+05
9.948400e-01	2.157587e+05	-1.224061e-01	2.484954e-01	0.000000e+00	-2.558791e+03	2.183175e+05
9.960300e-01	2.168283e+05	-1.227020e-01	2.488018e-01	0.000000e+00	-6.850505e+02	2.175133e+05
9.972200e-01	2.414588e+05	-1.229982e-01	2.491263e-01	0.000000e+00	-2.052992e+03	2.435118e+05
9.984100e-01	2.221795e+05	-1.232949e-01	2.494547e-01	0.000000e+00	-6.233018e+02	2.228028e+05
9.996000e-01	2.436923e+05	-1.235919e-01	2.497846e-01	0.000000e+00	-1.065820e+03	2.447581e+05
1.000790e+00	2.155087e+05	-1.238894e-01	2.501098e-01	0.000000e+00	-1.455189e+03	2.169639e+05
1.001980e+00	2.125035e+05	-1.241872e-01	2.504129e-01	0.000000e+00	-4.782208e+01	2.125513e+05
1.003170e+00	2.126244e+05	-1.244854e-01	2.507139e-01	0.000000e+00	-1.234103e+03	2.138585e+05
1.004360e+00	2.339608e+05	-1.247839e-01	2.510302e-01	0.000000e+00	-8.754059e+02	2.348362e+05
1.005550e+00	2.210695e+05	-1.250828e-01	2.513524e-01	0.000000e+00	-1.181671e+03	2.222511e+05
1.006740e+00	2.325767e+05	-1.253821e-01	2.516737e-01	0.000000e+00	-1.006959e+03	2.335836e+05
1.007930e+00	2.379497e+05	-1.256818e-01	2.520069e-01	0.000000e+00	-1.704320e+03	2.396540e+05
1.009120e+00	2.200866e+05	-1.259819e-01	2.523313e-01	0.000000e+00	-2.427541e+03	2.225141e+05
1.010310e+00	2.317445e+05	-1.262824e-01	2.526512e-01	0.000000e+00	-9.774089e+02	2.327219e+05
1.011500e+00	2.129263e+05	-1.265832e-01	2.529661e-01	0.000000e+00	-2.520224e+03	2.154465e+05
1.012690e+00	2.185230e+05	-1.268844e-01	2.532717e-01	0.000000e+00	-1.717184e+03	2.202401e+05
1.013880e+00	2.336886e+05	-1.271860e-01	2.535919e-01	0.000000e+00	-1.433411e+03	2.351220e+05
1.015070e+00	2.356337e+05	-1.274880e-01	2.539243e-01	0.000000e+00	-7.095028e+02	2.363432e+05
1.016260e+00	2.392197e+05	-1.277903e-01	2.542605e-01	0.000000e+00	-1.938980e+03	2.411587e+05
1.017450e+00	2.412186e+05	-1.280931e-01	2.546008e-01	0.000000e+00	-7.128620e+02	2.419315e+05
1.018640e+00	2.314639e+05	-1.283963e-01	2.549355e-01	0.000000e+00	-9.778034e+02	2.324417e+05
1.019830e+00	2.289234e+05	-1.286999e-01	2.552615e-01	0.000000e+00	-1.858408e+03	2.307818e+05
1.021020e+00	2.396336e+05	-1.290038e-01	2.555933e-01	0.000000e+00	-5.251336e+02	2.401587e+05
1.022210e+00	2.221106e+05	-1.293082e-01	2.559203e-01	0.000000e+00	0.000000e+00	2.221106e+05
1.023400e+00	2.261855e+05	-1.296129e-01	2.562378e-01	0.000000e+00	0.000000e+00	2.261855e+05
1.024590e+00	2.236585e+05	-1.299180e-01	2.565564e-01	0.000000e+00	0.000000e+00	2.236585e+05
1.025780e+00	2.289578e+05	-1.302235e-01	2.568769e-01	0.000000e+00	0.000000e+00	2.289578e+05
1.026970e+00	2.212764e+05	-1.305294e-01	2.571957e-01	0.000000e+00	0.000000e+00	2.212764e+05
1.028160e+00	2.416442e+05	-1.308356e-01	2.575236e-01	0.000000e+00	-7.160567e+02	2.423602e+05
1.029350e+00	2.359499e+05	-1.311423e-01	2.578618e-01	0.000000e+00	-2.297708e+03	2.382476e+05
1.030540e+00	2.323110e+05	-1.314493e-01	2.581934e-01	0.000000e+00	-1.187916e+03	2.334989e+05
1.031730e+00	2.394179e+05	-1.317568e-01	2.585274e-01	0.000000e+00	-5.375448e+02	2.399554e+05
1.032920e+00	2.299130e+05	-1.320646e-01	2.588598e-01	0.000000e+00	-1.188187e+03	2.311012e+05
1.034110e+00	2.285622e+05	-1.323729e-01	2.591845e-01	0.000000e+00	-1.802958e+03	2.303651e+05
1.035300e+00	2.224015e+05	-1.326815e-01	2.595038e-01	0.000000e+00	-6.729911e+02	2.230745e+05
1.036490e+00	2.199809e+05	-1.329905e-01	2.598171e-01	0.000000e+00	-4.339873e+02	2.204149e+05
1.037680e+00	2.105190e+05	-1.332999e-01	2.601220e-01	0.000000e+00	-4.063488e+02	2.109254e+05
1.038870e+00	2.203283e+05	-1.336096e-01	2.604271e-01	0.000000e+00	-1.405992e+03	2.217343e+05
1.040060e+00	2.244394e+05	-1.339197e-01	2.607421e-01	0.000000e+00	-9.765332e+02	2.254159e+05
1.041250e+00	2.390251e+05	-1.342302e-01	2.610703e-01	0.000000e+00	-9.125593e+02	2.399377e+05
1.042440e+00	2.451715e+05	-1.345410e-01	2.614132e-01	0.000000e+00	-1.594043e+03	2.467655e+05
1.043630e+00	2.239750e+05	-1.348523e-01	2.617454e-01	0.000000e+00	-1.528895e+02	2.241279e+05
1.044820e+00	2.363352e+05	-1.351640e-01	2.620714e-01	0.000000e+00	-1.073034e+03	2.374082e+05
1.046010e+00	2.260762e+05	-1.354760e-01	2.623988e-01	0.000000e+00	-6.430653e+02	2.267193e+05
1.047200e+00	2.112522e+05	-1.357885e-01	2.627085e-01	0.000000e+00	-8.995930e+02	2.121518e+05
1.048390e+00	2.294299e+05	-1.361013e-01	2.630206e-01	0.000000e+00	-7.456519e+02	2.301755e+05
1.049580e+00	2.308989e+05	-1.364145e-01	2.633466e-01	0.000000e+00	-2.506049e+02	2.311496e+05
1.050770e+00	2.219665e+05	-1.367281e-01	2.636673e-01	0.000000e+00	-1.430067e+03	2.233966e+05
1.051960e+00	2.328629e+05	-1.370420e-01	2.639894e-01	0.000000e+00	-5.228859e+01	2.329152e+05
1.053150e+00	2.367250e+05	-1.373563e-01	2.643219e-01	0.000000e+00	-2.933656e+03	2.396586e+05
1.054340e+00	2.262959e+05	-1.376711e-01	2.646498e-01	0.000000e+00	-5.352781e+02	2.268311e+05
1.055530e+00	2.203507e+05	-1.379862e-01	2.649661e-01	0.000000e+00	-6.804581e+02	2.210312e+05
1.056720e+00	2.119096e+05	-1.383017e-01	2.652722e-01	0.000000e+00	-9.301995e+02	2.128398e+05
1.057910e+00	2.365615e+05	-1.386176e-01	2.655898e-01	0.000000e+00	-8.153853e+02	2.373769e+05
1.059100e+00	2.187305e+05	-1.389338e-01	2.659123e-01	0.000000e+00	-7.754237e+02	2.195060e+05
1.060290e+00	2.436243e+05	-1.392504e-01	2.662397e-01	0.000000e+00	0.000000e+00	2.436243e+05
1.061480e+00	2.323796e+05	-1.395675e-01	2.665768e-01	0.000000e+00	-5.152802e+02	2.328948e+05
1.062670e+00	2.354320e+05	-1.398849e-01	2.669081e-01	0.000000e+00	-9.932566e+02	2.364252e+05
1.063860e+00	2.268137e+05	-1.402027e-01	2.672354e-01	0.000000e+00	-1.067406e+03	2.278812e+05
1.065050e+00	2.460272e+05	-1.405209e-01	2.675703e-01	0.000000e+00	-1.049897e+03	2.470771e+05
1.066240e+00	2.406836e+05	-1.408395e-01	2.679149e-01	0.000000e+00	-1.074362e+03	2.417580e+05
1.067430e+00	2.451597e+05	-1.411585e-01	2.682590e-01	0.000000e+00	-1.044631e+03	2.462044e+05
1.068620e+00	2.363007e+05	-1.414780e-01	2.685999e-01	0.000000e+00	-7.874648e+02	2.370881e+05
1.069810e+00	2.234642e+05	-1.417978e-01	2.689255e-01	0.000000e+00	-1.903914e+02	2.236546e+05
1.071000e+00	2.293183e+05	-1.421180e-01	2.692462e-01	0.000000e+00	0.000000e+00	2.293183e+05
1.072190e+00	2.210812e+05	-1.424386e-01	2.695651e-01	0.000000e+00	-4.118563e+02	2.214931e+05
1.073380e+00	2.158199e+05	-1.427596e-01	2.698745e-01	0.000000e+00	-8.155642e+02	2.166355e+05
1.074570e+00	2.323478e+05	-1.430809e-01	2.701919e-01	0.000000e+00	-4.824067e+02	2.328302e+05
1.075760e+00	2.078511e+05	-1.434026e-01	2.705036e-01	0.000000e+00	-9.717978e+02	2.088229e+05
1.076950e+00	2.394558e+05	-1.437247e-01	2.708204e-01	0.000000e+00	-6.797195e+02	2.401355e+05
1.078140e+00	2.641413e+05	-1.440472e-01	2.711770e-01	0.000000e+00	-4.237021e+02	2.645650e+05
1.079330e+00	2.465688e+05	-1.443701e-01	2.715387e-01	0.000000e+00	-4.166341e+02	2.469854e+05
1.080520e+00	2.239453e+05	-1.446935e-01	2.718719e-01	0.000000e+00	-6.863318e+01	2.240140e+05
1.081710e+00	2.427690e+05	-1.450172e-01	2.722024e-01	0.000000e+00	-1.544164e+03	2.443132e+05
1.082900e+00	2.349975e+05	-1.453413e-01	2.725408e-01	0.000000e+00	-1.316554e+03	2.363141e+05
1.084090e+00	2.464666e+05	-1.456658e-01	2.728817e-01	0.000000e+00	-4.319930e+02	2.468986e+05
1.085280e+00	2.345845e+05	-1.459908e-01	2.732224e-01	0.000000e+00	-2.131535e+03	2.367160e+05
1.086470e+00	2.247224e+05	-1.463161e-01	2.735476e-01	0.000000e+00	-2.679774e+03	2.274022e+05
1.087660e+00	2.502046e+05	-1.466418e-01	2.738840e-01	0.000000e+00	-1.911381e+03	2.521160e+05
1.088850e+00	2.423471e+05	-1.469679e-01	2.742328e-01	0.000000e+00	0.000000e+00	2.423471e+05
1.090040e+00	2.323755e+05	-1.472945e-01	2.745690e-01	0.000000e+00	-7.890328e+02	2.331645e+05
1.091230e+00	2.226485e+05	-1.476214e-01	2.748912e-01	0.000000e+00	-5.418020e+02	2.231903e+05
1.092420e+00	2.522437e+05	-1.479487e-01	2.752275e-01	0.000000e+00	-1.014120e+03	2.532578e+05
1.093610e+00	2.153414e+05	-1.482765e-01	2.755586e-01	0.000000e+00	-8.647263e+02	2.162061e+05
1.094800e+00	2.215409e+05	-1.486045e-01	2.758680e-01	0.000000e+00	-1.090834e+03	2.226317e+05
1.095990e+00	2.298783e+05	-1.489330e-01	2.761877e-01	0.000000e+00	-2.249958e+03	2.321283e+05
1.097180e+00	2.322958e+05	-1.492619e-01	2.765150e-01	0.000000e+00	-1.656296e+03	2.339521e+05
1.098370e+00	2.329102e+05	-1.495911e-01	2.768444e-01	0.000000e+00	-6.676020e+02	2.335778e+05
1.099560e+00	2.084209e+05	-1.499208e-01	2.771569e-01	0.000000e+00	-7.783043e+02	2.091992e+05
1.100750e+00	2.309726e+05	-1.502508e-01	2.774681e-01	0.000000e+00	-4.313579e+02	2.314039e+05
1.101940e+00	2.335327e+05	-1.505811e-01	2.777971e-01	0.000000e+00	0.000000e+00	2.335327e+05
1.103130e+00	2.409402e+05	-1.509119e-01	2.781331e-01	0.000000e+00	0.000000e+00	2.409402e+05
1.104320e+00	2.156634e+05	-1.512431e-01	2.784564e-01	0.000000e+00	-3.083004e+02	2.159717e+05
1.105510e+00	2.174446e+05	-1.515746e-01	2.787631e-01	0.000000e+00	-5.320357e+02	2.179767e+05
1.106700e+00	2.341791e+05	-1.519066e-01	2.790830e-01	0.000000e+00	0.000000e+00	2.341791e+05
1.107890e+00	2.402605e+05	-1.522389e-01	2.794189e-01	0.000000e+00	-1.006018e+03	2.412665e+05
1.109080e+00	2.184332e+05	-1.525716e-01	2.797438e-01	0.000000e+00	-1.737743e+03	2.201709e+05
1.110270e+00	2.179860e+05	-1.529046e-01	2.800528e-01	0.000000e+00	-6.175832e+02	2.186036e+05
1.111460e+00	2.257835e+05	-1.532381e-01	2.803671e-01	0.000000e+00	0.000000e+00	2.257835e+05
1.112650e+00	2.296263e+05	-1.535719e-01	2.806896e-01	0.000000e+00	0.000000e+00	2.296263e+05
1.113840e+00	2.389441e+05	-1.539061e-01	2.810214e-01	0.000000e+00	0.000000e+00	2.389441e+05
1.115030e+00	2.079139e+05	-1.542408e-01	2.813379e-01	0.000000e+00	-3.168568e+02	2.082307e+05
1.116220e+00	2.391780e+05	-1.545757e-01	2.816545e-01	0.000000e+00	-5.234793e+02	2.397015e+05
1.117410e+00	2.447493e+05	-1.549111e-01	2.819972e-01	0.000000e+00	0.000000e+00	2.447493e+05
1.118600e+00	2.375650e+05	-1.552469e-01	2.823387e-01	0.000000e+00	-1.255643e+03	2.388207e+05
1.119790e+00	2.284065e+05	-1.555831e-01	2.826687e-01	0.000000e+00	-4.250292e+02	2.288315e+05
1.120980e+00	2.272118e+05	-1.559196e-01	2.829914e-01	0.000000e+00	0.000000e+00	2.272118e+05
1.122170e+00	2.153506e+05	-1.562566e-01	2.833048e-01	0.000000e+00	0.000000e+00	2.153506e+05
1.123360e+00	2.246123e+05	-1.565939e-01	2.836163e-01	0.000000e+00	0.000000e+00	2.246123e+05
1.124550e+00	2.446361e+05	-1.569316e-01	2.839486e-01	0.000000e+00	-4.472848e+02	2.450834e+05
1.125740e+00	2.382648e+05	-1.572697e-01	2.842906e-01	0.000000e+00	-3.930513e+02	2.386578e+05
1.126930e+00	2.078701e+05	-1.576082e-01	2.846066e-01	0.000000e+00	0.000000e+00	2.078701e+05
1.128120e+00	2.195669e+05	-1.579471e-01	2.849093e-01	0.000000e+00	0.000000e+00	2.195669e+05
1.129310e+00	2.218847e+05	-1.582863e-01	2.852219e-01	0.000000e+00	0.000000e+00	2.218847e+05
1.130500e+00	2.219390e+05	-1.586259e-01	2.855362e-01	0.000000e+00	0.000000e+00	2.219390e+05
1.131690e+00	2.230984e+05	-1.589659e-01	2.858513e-01	0.000000e+00	0.000000e+00	2.230984e+05
1.132880e+00	2.376018e+05	-1.593062e-01	2.861776e-01	0.000000e+00	-5.060988e+02	2.381079e+05
1.134070e+00	2.144649e+05	-1.596470e-01	2.864977e-01	0.000000e+00	-1.598946e+03	2.160638e+05
1.135260e+00	2.503296e+05	-1.599881e-01	2.868269e-01	0.000000e+00	-4.159638e+02	2.507456e+05
1.136450e+00	2.305662e+05	-1.603296e-01	2.871674e-01	0.000000e+00	-6.525208e+02	2.312187e+05
1.137640e+00	2.211350e+05	-1.606715e-01	2.874873e-01	0.000000e+00	-7.616186e+02	2.218966e+05
1.138830e+00	2.220995e+05	-1.610138e-01	2.878012e-01	0.000000e+00	-2.665328e+02	2.223661e+05
1.140020e+00	2.460637e+05	-1.613565e-01	2.881327e-01	0.000000e+00	0.000000e+00	2.460637e+05
1.141210e+00	2.269349e+05	-1.616996e-01	2.884677e-01	0.000000e+00	0.000000e+00	2.269349e+05
1.142400e+00	2.343517e+05	-1.620430e-01	2.887944e-01	0.000000e+00	-1.337620e+02	2.344854e+05
1.143590e+00	2.302618e+05	-1.623869e-01	2.891234e-01	0.000000e+00	-7.065741e+02	2.309684e+05
1.144780e+00	2.400442e+05	-1.627312e-01	2.894564e-01	0.000000e+00	0.000000e+00	2.400442e+05
1.145970e+00	2.548090e+05	-1.630758e-01	2.898069e-01	0.000000e+00	0.000000e+00	2.548090e+05
1.147160e+00	2.312446e+05	-1.634209e-01	2.901511e-01	0.000000e+00	0.000000e+00	2.312446e+05
1.148350e+00	2.116915e+05	-1.637664e-01	2.904647e-01	0.000000e+00	0.000000e+00	2.116915e+05
1.149540e+00	2.030430e+05	-1.641122e-01	2.907584e-01	0.000000e+00	0.000000e+00	2.030430e+05
1.150730e+00	2.431796e+05	-1.644584e-01	2.910744e-01	0.000000e+00	-7.779012e+02	2.439575e+05
1.151920e+00	2.327553e+05	-1.648050e-01	2.914115e-01	0.000000e+00	-9.027711e+02	2.336580e+05
1.153110e+00	2.220341e+05	-1.651519e-01	2.917336e-01	0.000000e+00	-7.910168e+02	2.228251e+05
1.154300e+00	2.483838e+05	-1.654993e-01	2.920667e-01	0.000000e+00	-1.212472e+03	2.495963e+05
1.155490e+00	2.177204e+05	-1.658471e-01	2.923968e-01	0.000000e+00	-5.175196e+02	2.182379e+05
1.156680e+00	2.325615e+05	-1.661952e-01	2.927156e-01	0.000000e+00	0.000000e+00	2.325615e+05
1.157870e+00	2.339364e+05	-1.665437e-01	2.930460e-01	0.000000e+00	0.000000e+00	2.339364e+05
1.159060e+00	2.337725e+05	-1.668926e-01	2.933772e-01	0.000000e+00	0.000000e+00	2.337725e+05
1.160250e+00	2.448768e+05	-1.672420e-01	2.937162e-01	0.000000e+00	0.000000e+00	2.448768e+05
1.161440e+00	2.134628e+05	-1.675917e-01	2.940408e-01	0.000000e+00	0.000000e+00	2.134628e+05
1.162630e+00	2.099367e+05	-1.679418e-01	2.943406e-01	0.000000e+00	0.000000e+00	2.099367e+05
1.163820e+00	2.238659e+05	-1.682922e-01	2.946478e-01	0.000000e+00	-1.281327e+03	2.251473e+05
1.165010e+00	2.296031e+05	-1.686430e-01	2.949689e-01	0.000000e+00	-3.993455e+02	2.300025e+05
1.166200e+00	2.219279e+05	-1.689942e-01	2.952887e-01	0.000000e+00	-7.830758e+02	2.227110e+05
1.167390e+00	2.301674e+05	-1.693458e-01	2.956088e-01	0.000000e+00	-5.726035e+01	2.302247e+05
1.168580e+00	2.261201e+05	-1.696978e-01	2.959320e-01	0.000000e+00	0.000000e+00	2.261201e+05
1.169770e+00	2.323664e+05	-1.700501e-01	2.962567e-01	0.000000e+00	0.000000e+00	2.323664e+05
1.170960e+00	2.496744e+05	-1.704029e-01	2.965980e-01	0.000000e+00	0.000000e+00	2.496744e+05
1.172150e+00	2.493992e+05	-1.707560e-01	2.969514e-01	0.000000e+00	0.000000e+00	2.493992e+05
1.173340e+00	2.279693e+05	-1.711096e-01	2.972895e-01	0.000000e+00	-6.381800e+02	2.286075e+05
1.174530e+00	2.251351e+05	-1.714636e-01	2.976104e-01	0.000000e+00	-2.021562e+02	2.253372e+05
1.175720e+00	2.241783e+05	-1.718179e-01	2.979286e-01	0.000000e+00	-1.224789e+02	2.243008e+05
1.176910e+00	2.261903e+05	-1.721727e-01	2.982475e-01	0.000000e+00	-1.558193e+03	2.277485e+05
1.178100e+00	2.092289e+05	-1.725278e-01	2.985558e-01	0.000000e+00	0.000000e+00	2.092289e+05
1.179290e+00	2.197386e+05	-1.728832e-01	2.988596e-01	0.000000e+00	0.000000e+00	2.197386e+05
1.180480e+00	2.421631e+05	-1.732391e-01	2.991867e-01	0.000000e+00	0.000000e+00	2.421631e+05
1.181670e+00	2.354183e+05	-1.735953e-01	2.995249e-01	0.000000e+00	-7.687864e+02	2.361871e+05
1.182860e+00	2.272580e+05	-1.739519e-01	2.998526e-01	0.000000e+00	-7.154970e+01	2.273295e+05
1.184050e+00	2.336123e+05	-1.743089e-01	3.001790e-01	0.000000e+00	0.000000e+00	2.336123e+05
1.185240e+00	2.298969e+05	-1.746664e-01	3.005072e-01	0.000000e+00	0.000000e+00	2.298969e+05
1.186430e+00	2.499529e+05	-1.750242e-01	3.008470e-01	0.000000e+00	0.000000e+00	2.499529e+05
1.187620e+00	2.368347e+05	-1.753824e-01	3.011917e-01	0.000000e+00	0.000000e+00	2.368347e+05
1.188810e+00	2.346743e+05	-1.757410e-01	3.015256e-01	0.000000e+00	0.000000e+00	2.346743e+05
1.190000e+00	1.110919e+05	-1.761000e-01	3.017705e-01	0.000000e+00	0.000000e+00	1.110919e+05
