#x	rho	phi	ex	bz	rhok[0]	rhok[1]
0.000000e+00	5.598515e+02	0.000000e+00	2.669281e-02	0.000000e+00	-8.859503e+02	1.445802e+03
1.190000e-03	5.347049e+02	-3.176492e-05	2.669359e-02	0.000000e+00	-3.585674e+03	4.120379e+03
2.380000e-03	1.779771e+02	-6.353073e-05	2.669409e-02	0.000000e+00	-6.965089e+03	7.143066e+03
3.570000e-03	3.032459e+03	-9.529685e-05	2.669636e-02	0.000000e+00	-8.863293e+03	1.189575e+04
4.760000e-03	6.020514e+03	-1.270681e-04	2.670278e-02	0.000000e+00	-9.536398e+03	1.555691e+04
5.950000e-03	8.194887e+03	-1.588495e-04	2.671284e-02	0.000000e+00	-9.308217e+03	1.750310e+04
7.140000e-03	6.249325e+03	-1.906446e-04	2.672307e-02	0.000000e+00	-1.053361e+04	1.678293e+04
8.330000e-03	1.556580e+04	-2.224504e-04	2.673852e-02	0.000000e+00	-5.944281e+03	2.151008e+04
9.520000e-03	2.097332e+04	-2.542823e-04	2.676440e-02	0.000000e+00	-5.466099e+03	2.643942e+04
1.071000e-02	2.200537e+04	-2.861496e-04	2.679483e-02	0.000000e+00	-6.501263e+03	2.850663e+04
1.190000e-02	2.498925e+04	-3.180540e-04	2.682811e-02	0.000000e+00	-5.631099e+03	3.062035e+04
1.309000e-02	3.142427e+04	-3.500005e-04	2.686806e-02	0.000000e+00	-6.626516e+03	3.805078e+04
1.428000e-02	2.843774e+04	-3.820000e-04	2.691045e-02	0.000000e+00	-6.962986e+03	3.540073e+04
1.547000e-02	2.957702e+04	-4.140474e-04	2.695154e-02	0.000000e+00	-7.676273e+03	3.725330e+04
1.666000e-02	3.465151e+04	-4.461447e-04	2.699702e-02	0.000000e+00	-6.756361e+03	4.140787e+04
1.785000e-02	2.582292e+04	-4.783003e-04	2.703985e-02	0.000000e+00	-8.419449e+03	3.424237e+04
1.904000e-02	3.943942e+04	-5.104995e-04	2.708606e-02	0.000000e+00	-6.376173e+03	4.581560e+04
2.023000e-02	4.739726e+04	-5.427652e-04	2.714756e-02	0.000000e+00	-5.552233e+03	5.294949e+04
2.142000e-02	4.302793e+04	-5.751107e-04	2.721159e-02	0.000000e+00	-3.964236e+03	4.699216e+04
2.261000e-02	5.058325e+04	-6.075288e-04	2.727789e-02	0.000000e+00	-3.376763e+03	5.396001e+04
2.380000e-02	4.048039e+04	-6.400321e-04	2.734238e-02	0.000000e+00	-6.409993e+03	4.689039e+04
2.499000e-02	4.561463e+04	-6.726036e-04	2.740334e-02	0.000000e+00	-6.511509e+03	5.212614e+04
2.618000e-02	4.785078e+04	-7.052520e-04	2.746953e-02	0.000000e+00	-5.838440e+03	5.368922e+04
2.737000e-02	4.090527e+04	-7.379811e-04	2.753239e-02	0.000000e+00	-9.077158e+03	4.998243e+04
2.856000e-02	4.604695e+04	-7.707791e-04	2.759396e-02	0.000000e+00	-4.563997e+03	5.061095e+04
2.975000e-02	5.442936e+04	-8.036547e-04	2.766512e-02	0.000000e+00	-6.447810e+03	6.087717e+04
3.094000e-02	4.529323e+04	-8.366221e-04	2.773574e-02	0.000000e+00	-6.181745e+03	5.147497e+04
3.213000e-02	4.260731e+04	-8.696658e-04	2.779799e-02	0.000000e+00	-6.427069e+03	4.903438e+04
3.332000e-02	4.368669e+04	-9.027813e-04	2.785910e-02	0.000000e+00	-5.904403e+03	4.959109e+04
3.451000e-02	4.917643e+04	-9.359704e-04	2.792486e-02	0.000000e+00	-6.239631e+03	5.541606e+04
3.570000e-02	5.158984e+04	-9.692425e-04	2.799622e-02	0.000000e+00	-7.440519e+03	5.903036e+04
3.689000e-02	4.558509e+04	-1.002601e-03	2.806503e-02	0.000000e+00	-9.691053e+03	5.527614e+04
3.808000e-02	5.855419e+04	-1.036037e-03	2.813878e-02	0.000000e+00	-6.625543e+03	6.517973e+04
3.927000e-02	5.517712e+04	-1.069572e-03	2.821932e-02	0.000000e+00	-5.190064e+03	6.036718e+04
4.046000e-02	6.339300e+04	-1.103199e-03	2.830329e-02	0.000000e+00	-6.422018e+03	6.981502e+04
4.165000e-02	6.286432e+04	-1.136934e-03	2.839270e-02	0.000000e+00	-6.096811e+03	6.896113e+04
4.284000e-02	5.494951e+04	-1.170774e-03	2.847613e-02	0.000000e+00	-8.549248e+03	6.349876e+04
4.403000e-02	5.722700e+04	-1.204707e-03	2.855557e-02	0.000000e+00	-4.332410e+03	6.155941e+04
4.522000e-02	7.549033e+04	-1.238736e-03	2.864956e-02	0.000000e+00	-8.116708e+03	8.360704e+04
4.641000e-02	5.526994e+04	-1.272893e-03	2.874216e-02	0.000000e+00	-6.151121e+03	6.142107e+04
4.760000e-02	6.255706e+04	-1.307142e-03	2.882560e-02	0.000000e+00	-5.495126e+03	6.805219e+04
4.879000e-02	7.497073e+04	-1.341498e-03	2.892299e-02	0.000000e+00	-2.786745e+03	7.775748e+04
4.998000e-02	6.887525e+04	-1.375979e-03	2.902486e-02	0.000000e+00	-5.107181e+03	7.398243e+04
5.117000e-02	6.969673e+04	-1.410577e-03	2.912299e-02	0.000000e+00	-6.494913e+03	7.619164e+04
5.236000e-02	8.107300e+04	-1.445292e-03	2.922976e-02	0.000000e+00	-7.057119e+03	8.813012e+04
5.355000e-02	6.846672e+04	-1.480144e-03	2.933566e-02	0.000000e+00	-5.397763e+03	7.386448e+04
5.474000e-02	8.465770e+04	-1.515111e-03	2.944409e-02	0.000000e+00	-4.464535e+03	8.912223e+04
5.593000e-02	7.743783e+04	-1.550221e-03	2.955888e-02	0.000000e+00	-5.252705e+03	8.269054e+04
5.712000e-02	7.146255e+04	-1.585461e-03	2.966433e-02	0.000000e+00	-3.790875e+03	7.525342e+04
5.831000e-02	8.069076e+04	-1.620822e-03	2.977208e-02	0.000000e+00	-4.965688e+03	8.565645e+04
5.950000e-02	7.645449e+04	-1.656318e-03	2.988336e-02	0.000000e+00	-7.321114e+03	8.377560e+04
6.069000e-02	7.735842e+04	-1.691944e-03	2.999229e-02	0.000000e+00	-4.655500e+03	8.201392e+04
6.188000e-02	7.083178e+04	-1.727700e-03	3.009723e-02	0.000000e+00	-8.475033e+03	7.930682e+04
6.307000e-02	8.597647e+04	-1.763575e-03	3.020828e-02	0.000000e+00	-6.763510e+03	9.273998e+04
6.426000e-02	9.589906e+04	-1.799596e-03	3.033708e-02	0.000000e+00	-6.644665e+03	1.025437e+05
6.545000e-02	9.681405e+04	-1.835778e-03	3.047355e-02	0.000000e+00	-3.759769e+03	1.005738e+05
6.664000e-02	8.382943e+04	-1.872123e-03	3.060147e-02	0.000000e+00	-2.099278e+03	8.592871e+04
6.783000e-02	7.645127e+04	-1.908609e-03	3.071498e-02	0.000000e+00	-7.633154e+03	8.408442e+04
6.902000e-02	7.952606e+04	-1.945224e-03	3.082544e-02	0.000000e+00	-9.253789e+03	8.877985e+04
7.021000e-02	9.296494e+04	-1.981974e-03	3.094759e-02	0.000000e+00	-6.745366e+03	9.971030e+04
7.140000e-02	1.007556e+05	-2.018880e-03	3.108478e-02	0.000000e+00	-6.312546e+03	1.070681e+05
7.259000e-02	1.055630e+05	-2.055956e-03	3.123088e-02	0.000000e+00	-3.495341e+03	1.090584e+05
7.378000e-02	1.091727e+05	-2.093209e-03	3.138295e-02	0.000000e+00	-6.381072e+03	1.155538e+05
7.497000e-02	9.938494e+04	-2.130647e-03	3.153064e-02	0.000000e+00	-5.445613e+03	1.048306e+05
7.616000e-02	9.591214e+04	-2.168252e-03	3.166895e-02	0.000000e+00	-3.877579e+03	9.978972e+04
7.735000e-02	9.338473e+04	-2.206019e-03	3.180300e-02	0.000000e+00	-2.627598e+03	9.601233e+04
7.854000e-02	1.060779e+05	-2.243943e-03	3.194425e-02	0.000000e+00	-4.875977e+03	1.109539e+05
7.973000e-02	9.337857e+04	-2.282046e-03	3.208550e-02	0.000000e+00	-6.531662e+03	9.991023e+04
8.092000e-02	9.244322e+04	-2.320307e-03	3.221709e-02	0.000000e+00	-5.362710e+03	9.780593e+04
8.211000e-02	1.003144e+05	-2.358723e-03	3.235360e-02	0.000000e+00	-6.985893e+03	1.073002e+05
8.330000e-02	9.429237e+04	-2.397308e-03	3.249141e-02	0.000000e+00	-4.487648e+03	9.878002e+04
8.449000e-02	9.951679e+04	-2.436053e-03	3.262866e-02	0.000000e+00	-4.740979e+03	1.042578e+05
8.568000e-02	1.104802e+05	-2.474965e-03	3.277737e-02	0.000000e+00	-4.621249e+03	1.151014e+05
8.687000e-02	1.000094e+05	-2.514063e-03	3.292643e-02	0.000000e+00	-8.129151e+03	1.081386e+05
8.806000e-02	9.195963e+04	-2.553329e-03	3.306238e-02	0.000000e+00	-6.061725e+03	9.802136e+04
8.925000e-02	1.041938e+05	-2.592751e-03	3.320129e-02	0.000000e+00	-4.612929e+03	1.088067e+05
9.044000e-02	9.758989e+04	-2.632349e-03	3.334418e-02	0.000000e+00	-7.484474e+03	1.050744e+05
9.163000e-02	1.039479e+05	-2.672110e-03	3.348691e-02	0.000000e+00	-7.151800e+03	1.110997e+05
9.282000e-02	1.087722e+05	-2.712047e-03	3.363755e-02	0.000000e+00	-5.083276e+03	1.138555e+05
9.401000e-02	1.023717e+05	-2.752168e-03	3.378707e-02	0.000000e+00	-5.600146e+03	1.079719e+05
9.520000e-02	1.054746e+05	-2.792461e-03	3.393426e-02	0.000000e+00	-6.096395e+03	1.115710e+05
9.639000e-02	1.069489e+05	-2.832931e-03	3.408469e-02	0.000000e+00	-6.218023e+03	1.131669e+05
9.758000e-02	1.033264e+05	-2.873582e-03	3.423360e-02	0.000000e+00	-6.518117e+03	1.098445e+05
9.877000e-02	1.032059e+05	-2.914407e-03	3.437986e-02	0.000000e+00	-6.466967e+03	1.096729e+05
9.996000e-02	1.064945e+05	-2.955406e-03	3.452836e-02	0.000000e+00	-5.953669e+03	1.124482e+05
1.011500e-01	1.066600e+05	-2.996585e-03	3.467931e-02	0.000000e+00	-4.525831e+03	1.111859e+05
1.023400e-01	1.101605e+05	-3.037943e-03	3.483286e-02	0.000000e+00	-3.175284e+03	1.133358e+05
1.035300e-01	1.220910e+05	-3.079487e-03	3.499733e-02	0.000000e+00	-6.130453e+03	1.282215e+05
1.047200e-01	1.188023e+05	-3.121237e-03	3.516792e-02	0.000000e+00	-8.254886e+03	1.270572e+05
1.059100e-01	1.181457e+05	-3.163187e-03	3.533572e-02	0.000000e+00	-8.592286e+03	1.267380e+05
1.071000e-01	1.073298e+05	-3.205336e-03	3.549539e-02	0.000000e+00	-5.717963e+03	1.130478e+05
1.082900e-01	1.181999e+05	-3.247666e-03	3.565510e-02	0.000000e+00	-8.073714e+03	1.262736e+05
1.094800e-01	1.072237e+05	-3.290195e-03	3.581474e-02	0.000000e+00	-1.052216e+04	1.177458e+05
1.106700e-01	1.144730e+05	-3.332905e-03	3.597174e-02	0.000000e+00	-4.562748e+03	1.190358e+05
1.118600e-01	1.062829e+05	-3.375808e-03	3.612807e-02	0.000000e+00	-7.075343e+03	1.133583e+05
1.130500e-01	1.257299e+05	-3.418890e-03	3.629237e-02	0.000000e+00	-3.126393e+03	1.288563e+05
1.142400e-01	1.247021e+05	-3.462183e-03	3.646972e-02	0.000000e+00	-9.031536e+03	1.337337e+05
1.154300e-01	1.139291e+05	-3.505687e-03	3.663871e-02	0.000000e+00	-1.075584e+04	1.246850e+05
1.166200e-01	1.292936e+05	-3.549384e-03	3.681095e-02	0.000000e+00	-7.555368e+03	1.368490e+05
1.178100e-01	1.288164e+05	-3.593298e-03	3.699374e-02	0.000000e+00	-7.139653e+03	1.359561e+05
1.190000e-01	1.100875e+05	-3.637429e-03	3.716292e-02	0.000000e+00	-6.384781e+03	1.164723e+05
1.201900e-01	1.215154e+05	-3.681745e-03	3.732693e-02	0.000000e+00	-5.617737e+03	1.271331e+05
1.213800e-01	1.356971e+05	-3.726267e-03	3.750908e-02	0.000000e+00	-3.806035e+03	1.395031e+05
1.225700e-01	1.184978e+05	-3.771017e-03	3.768909e-02	0.000000e+00	-3.845650e+03	1.223434e+05
1.237600e-01	1.137929e+05	-3.815967e-03	3.785360e-02	0.000000e+00	-4.283854e+03	1.180768e+05
1.249500e-01	1.173652e+05	-3.861108e-03	3.801729e-02	0.000000e+00	-6.182026e+03	1.235473e+05
1.261400e-01	1.148222e+05	-3.906448e-03	3.818172e-02	0.000000e+00	-5.580704e+03	1.204029e+05
1.273300e-01	1.282207e+05	-3.951981e-03	3.835383e-02	0.000000e+00	-5.947526e+03	1.341682e+05
1.285200e-01	1.194178e+05	-3.997730e-03	3.852920e-02	0.000000e+00	-5.726067e+03	1.251439e+05
1.297100e-01	1.306014e+05	-4.043680e-03	3.870626e-02	0.000000e+00	-6.529877e+03	1.371313e+05
1.309000e-01	1.320975e+05	-4.089851e-03	3.889229e-02	0.000000e+00	-7.458914e+03	1.395564e+05
1.320900e-01	1.111557e+05	-4.136244e-03	3.906456e-02	0.000000e+00	-3.370047e+03	1.145257e+05
1.332800e-01	1.080481e+05	-4.182825e-03	3.921979e-02	0.000000e+00	-4.315536e+03	1.123636e+05
1.344700e-01	1.198873e+05	-4.229587e-03	3.938120e-02	0.000000e+00	-7.586033e+03	1.274734e+05
1.356600e-01	1.420548e+05	-4.276552e-03	3.956670e-02	0.000000e+00	-4.114643e+03	1.461695e+05
1.368500e-01	1.146847e+05	-4.323756e-03	3.974852e-02	0.000000e+00	-6.507468e+03	1.211922e+05
1.380400e-01	1.428182e+05	-4.371153e-03	3.993087e-02	0.000000e+00	-6.703403e+03	1.495216e+05
1.392300e-01	1.443901e+05	-4.418791e-03	4.013426e-02	0.000000e+00	-3.341543e+03	1.477317e+05
1.404200e-01	1.353020e+05	-4.466673e-03	4.033233e-02	0.000000e+00	-4.575715e+03	1.398777e+05
1.416100e-01	1.494422e+05	-4.514782e-03	4.053397e-02	0.000000e+00	-6.937434e+03	1.563796e+05
1.428000e-01	1.489976e+05	-4.563144e-03	4.074532e-02	0.000000e+00	-7.142013e+03	1.561396e+05
1.439900e-01	1.425012e+05	-4.611756e-03	4.095175e-02	0.000000e+00	-5.559917e+03	1.480611e+05
1.451800e-01	1.340070e+05	-4.660609e-03	4.114756e-02	0.000000e+00	-8.178387e+03	1.421854e+05
1.463700e-01	1.351195e+05	-4.709687e-03	4.133815e-02	0.000000e+00	-5.748314e+03	1.408678e+05
1.475600e-01	1.426644e+05	-4.758994e-03	4.153486e-02	0.000000e+00	-4.319794e+03	1.469842e+05
1.487500e-01	1.238874e+05	-4.808540e-03	4.172363e-02	0.000000e+00	-5.642644e+03	1.295301e+05
1.499400e-01	1.258030e+05	-4.858296e-03	4.190045e-02	0.000000e+00	-7.175370e+03	1.329784e+05
1.511300e-01	1.447749e+05	-4.908263e-03	4.209206e-02	0.000000e+00	-4.881708e+03	1.496566e+05
1.523200e-01	1.564229e+05	-4.958475e-03	4.230536e-02	0.000000e+00	-4.380768e+03	1.608036e+05
1.535100e-01	1.491665e+05	-5.008950e-03	4.252177e-02	0.000000e+00	-3.733985e+03	1.529005e+05
1.547000e-01	1.392362e+05	-5.059677e-03	4.272600e-02	0.000000e+00	-5.080309e+03	1.443165e+05
1.558900e-01	1.297447e+05	-5.110638e-03	4.291649e-02	0.000000e+00	-3.707530e+03	1.334523e+05
1.570800e-01	1.460318e+05	-5.161818e-03	4.311178e-02	0.000000e+00	-3.112028e+03	1.491438e+05
1.582700e-01	1.530792e+05	-5.213244e-03	4.332360e-02	0.000000e+00	-2.711409e+03	1.557906e+05
1.594600e-01	1.422845e+05	-5.264928e-03	4.353277e-02	0.000000e+00	-3.742156e+03	1.460267e+05
1.606500e-01	1.304426e+05	-5.316852e-03	4.372590e-02	0.000000e+00	-8.492162e+03	1.389347e+05
1.618400e-01	1.470695e+05	-5.368996e-03	4.392243e-02	0.000000e+00	-4.356765e+03	1.514262e+05
1.630300e-01	1.519972e+05	-5.421388e-03	4.413422e-02	0.000000e+00	-4.102526e+03	1.560997e+05
1.642200e-01	1.338464e+05	-5.474035e-03	4.433664e-02	0.000000e+00	-7.109043e+03	1.409554e+05
1.654100e-01	1.362783e+05	-5.526909e-03	4.452793e-02	0.000000e+00	-7.688729e+03	1.439670e+05
1.666000e-01	1.374118e+05	-5.580012e-03	4.472175e-02	0.000000e+00	-5.846335e+03	1.432581e+05
1.677900e-01	1.484494e+05	-5.633347e-03	4.492419e-02	0.000000e+00	-2.594230e+03	1.510436e+05
1.689800e-01	1.510864e+05	-5.686931e-03	4.513631e-02	0.000000e+00	-4.262294e+03	1.553487e+05
1.701700e-01	1.487223e+05	-5.740771e-03	4.534862e-02	0.000000e+00	-4.903356e+03	1.536257e+05
1.713600e-01	1.215588e+05	-5.794861e-03	4.554003e-02	0.000000e+00	-6.103512e+03	1.276623e+05
1.725500e-01	1.440239e+05	-5.849156e-03	4.572810e-02	0.000000e+00	-4.204034e+03	1.482280e+05
1.737400e-01	1.487963e+05	-5.903694e-03	4.593547e-02	0.000000e+00	-5.716452e+03	1.545127e+05
1.749300e-01	1.403986e+05	-5.958483e-03	4.614027e-02	0.000000e+00	-6.110820e+03	1.465095e+05
1.761200e-01	1.597053e+05	-6.013508e-03	4.635279e-02	0.000000e+00	-7.077241e+03	1.667826e+05
1.773100e-01	1.539789e+05	-6.068802e-03	4.657493e-02	0.000000e+00	-3.208446e+03	1.571873e+05
1.785000e-01	1.679844e+05	-6.124356e-03	4.680293e-02	0.000000e+00	-3.127300e+03	1.711117e+05
1.796900e-01	1.575952e+05	-6.180193e-03	4.703350e-02	0.000000e+00	-2.286893e+03	1.598821e+05
1.808800e-01	1.487092e+05	-6.236296e-03	4.725041e-02	0.000000e+00	-5.116964e+03	1.538262e+05
1.820700e-01	1.560785e+05	-6.292649e-03	4.746625e-02	0.000000e+00	-5.788872e+03	1.618674e+05
1.832600e-01	1.526368e+05	-6.349266e-03	4.768487e-02	0.000000e+00	-4.301147e+03	1.569380e+05
1.844500e-01	1.541693e+05	-6.406139e-03	4.790214e-02	0.000000e+00	-6.527130e+03	1.606964e+05
1.856400e-01	1.538184e+05	-6.463273e-03	4.812025e-02	0.000000e+00	-6.944571e+03	1.607630e+05
1.868300e-01	1.598298e+05	-6.520665e-03	4.834236e-02	0.000000e+00	-5.384709e+03	1.652145e+05
1.880200e-01	1.498804e+05	-6.578327e-03	4.856169e-02	0.000000e+00	-4.655127e+03	1.545355e+05
1.892100e-01	1.467203e+05	-6.636242e-03	4.877173e-02	0.000000e+00	-5.022800e+03	1.517431e+05
1.904000e-01	1.412453e+05	-6.694404e-03	4.897566e-02	0.000000e+00	-3.444226e+03	1.446895e+05
1.915900e-01	1.427381e+05	-6.752804e-03	4.917676e-02	0.000000e+00	-7.929077e+03	1.506672e+05
1.927800e-01	1.635248e+05	-6.811445e-03	4.939365e-02	0.000000e+00	-3.605720e+03	1.671306e+05
1.939700e-01	1.616608e+05	-6.870361e-03	4.962393e-02	0.000000e+00	-7.038112e+03	1.686989e+05
1.951600e-01	1.597304e+05	-6.929550e-03	4.985153e-02	0.000000e+00	-4.981215e+03	1.647116e+05
1.963500e-01	1.432670e+05	-6.989008e-03	5.006610e-02	0.000000e+00	-5.888874e+03	1.491558e+05
1.975400e-01	1.560372e+05	-7.048707e-03	5.027806e-02	0.000000e+00	-4.051584e+03	1.600888e+05
1.987300e-01	1.663046e+05	-7.108670e-03	5.050633e-02	0.000000e+00	-5.508544e+03	1.718131e+05
1.999200e-01	1.638723e+05	-7.168912e-03	5.074015e-02	0.000000e+00	-4.265339e+03	1.681376e+05
2.011100e-01	1.725209e+05	-7.229431e-03	5.097837e-02	0.000000e+00	-2.802812e+03	1.753237e+05
2.023000e-01	1.640416e+05	-7.290241e-03	5.121671e-02	0.000000e+00	-2.589724e+03	1.666313e+05
2.034900e-01	1.694256e+05	-7.351327e-03	5.145286e-02	0.000000e+00	-5.740541e+03	1.751662e+05
2.046800e-01	1.628473e+05	-7.412699e-03	5.168817e-02	0.000000e+00	-2.474230e+03	1.653215e+05
2.058700e-01	1.482008e+05	-7.474345e-03	5.190844e-02	0.000000e+00	-3.334211e+03	1.515350e+05
2.070600e-01	1.640962e+05	-7.536241e-03	5.212960e-02	0.000000e+00	-5.832818e+03	1.699290e+05
2.082500e-01	1.710088e+05	-7.598413e-03	5.236691e-02	0.000000e+00	-3.391171e+03	1.744000e+05
2.094400e-01	1.562647e+05	-7.660874e-03	5.259867e-02	0.000000e+00	-2.369847e+03	1.586346e+05
2.106300e-01	1.396950e+05	-7.723598e-03	5.280826e-02	0.000000e+00	-4.863240e+03	1.445583e+05
2.118200e-01	1.717447e+05	-7.786558e-03	5.302881e-02	0.000000e+00	-3.154506e+03	1.748992e+05
2.130100e-01	1.605465e+05	-7.849807e-03	5.326413e-02	0.000000e+00	-2.522916e+03	1.630694e+05
2.142000e-01	1.581335e+05	-7.913326e-03	5.348981e-02	0.000000e+00	-3.942692e+03	1.620762e+05
2.153900e-01	1.796291e+05	-7.977112e-03	5.372900e-02	0.000000e+00	-4.696618e+03	1.843258e+05
2.165800e-01	1.833458e+05	-8.041201e-03	5.398604e-02	0.000000e+00	-3.263554e+03	1.866094e+05
2.177700e-01	1.740501e+05	-8.105599e-03	5.423914e-02	0.000000e+00	-1.754490e+03	1.758046e+05
2.189600e-01	1.758509e+05	-8.170290e-03	5.448693e-02	0.000000e+00	-3.523646e+03	1.793746e+05
2.201500e-01	1.812347e+05	-8.235278e-03	5.473980e-02	0.000000e+00	-2.876497e+03	1.841112e+05
2.213400e-01	1.850496e+05	-8.300571e-03	5.499919e-02	0.000000e+00	-1.868371e+03	1.869180e+05
2.225300e-01	1.583538e+05	-8.366176e-03	5.524238e-02	0.000000e+00	-1.712069e+03	1.600659e+05
2.237200e-01	1.474894e+05	-8.432048e-03	5.545896e-02	0.000000e+00	-2.131478e+03	1.496208e+05
2.249100e-01	1.598036e+05	-8.498168e-03	5.567658e-02	0.000000e+00	-3.808712e+03	1.636123e+05
2.261000e-01	1.642342e+05	-8.564558e-03	5.590605e-02	0.000000e+00	-4.989118e+03	1.692233e+05
2.272900e-01	1.603691e+05	-8.631225e-03	5.613592e-02	0.000000e+00	-4.224719e+03	1.645939e+05
2.284800e-01	1.600968e+05	-8.698162e-03	5.636287e-02	0.000000e+00	-2.762749e+03	1.628596e+05
2.296700e-01	1.715061e+05	-8.765368e-03	5.659770e-02	0.000000e+00	-2.502891e+03	1.740090e+05
2.308600e-01	1.639054e+05	-8.832864e-03	5.683522e-02	0.000000e+00	-3.632894e+03	1.675383e+05
2.320500e-01	1.646271e+05	-8.900636e-03	5.706788e-02	0.000000e+00	-2.035885e+03	1.666630e+05
2.332400e-01	1.785387e+05	-8.968686e-03	5.731089e-02	0.000000e+00	-3.676571e+03	1.822153e+05
2.344300e-01	1.797961e+05	-9.037036e-03	5.756465e-02	0.000000e+00	-2.297582e+03	1.820936e+05
2.356200e-01	1.692187e+05	-9.105690e-03	5.781181e-02	0.000000e+00	-4.661474e+03	1.738801e+05
2.368100e-01	1.744373e+05	-9.174628e-03	5.805518e-02	0.000000e+00	-4.216150e+03	1.786534e+05
2.380000e-01	1.919584e+05	-9.243861e-03	5.831465e-02	0.000000e+00	-2.480390e+03	1.944388e+05
2.391900e-01	1.702655e+05	-9.313417e-03	5.857116e-02	0.000000e+00	-3.712181e+03	1.739777e+05
2.403800e-01	1.623763e+05	-9.383260e-03	5.880673e-02	0.000000e+00	-8.170485e+03	1.705468e+05
2.415700e-01	1.576540e+05	-9.453377e-03	5.903336e-02	0.000000e+00	-5.058819e+03	1.627128e+05
2.427600e-01	1.624809e+05	-9.523760e-03	5.926007e-02	0.000000e+00	-5.011680e+03	1.674926e+05
2.439500e-01	1.635682e+05	-9.594416e-03	5.949097e-02	0.000000e+00	-2.624762e+03	1.661929e+05
2.451400e-01	1.577879e+05	-9.665348e-03	5.971854e-02	0.000000e+00	-3.144960e+03	1.609329e+05
2.463300e-01	1.754527e+05	-9.736546e-03	5.995453e-02	0.000000e+00	-5.109037e+03	1.805617e+05
2.475200e-01	1.628578e+05	-9.808040e-03	6.019411e-02	0.000000e+00	-2.374237e+03	1.652320e+05
2.487100e-01	1.590823e+05	-9.879808e-03	6.042209e-02	0.000000e+00	-2.618817e+03	1.617011e+05
2.499000e-01	1.744493e+05	-9.951845e-03	6.065829e-02	0.000000e+00	-3.933269e+03	1.783825e+05
2.510900e-01	1.589227e+05	-1.002417e-02	6.089437e-02	0.000000e+00	-7.092962e+03	1.660157e+05
2.522800e-01	1.667470e+05	-1.009677e-02	6.112500e-02	0.000000e+00	-3.107634e+03	1.698547e+05
2.534700e-01	1.753873e+05	-1.016965e-02	6.136729e-02	0.000000e+00	-2.964614e+03	1.783519e+05
2.546600e-01	1.706375e+05	-1.024283e-02	6.161233e-02	0.000000e+00	-1.365972e+03	1.720035e+05
2.558500e-01	1.714519e+05	-1.031629e-02	6.185459e-02	0.000000e+00	-1.667040e+03	1.731189e+05
2.570400e-01	1.762018e+05	-1.039004e-02	6.210078e-02	0.000000e+00	-1.979940e+03	1.781818e+05
2.582300e-01	1.844057e+05	-1.046409e-02	6.235615e-02	0.000000e+00	-4.581952e+03	1.889877e+05
2.594200e-01	1.943094e+05	-1.053845e-02	6.262434e-02	0.000000e+00	-4.966587e+03	1.992760e+05
2.606100e-01	1.822462e+05	-1.061314e-02	6.289101e-02	0.000000e+00	-1.780868e+03	1.840270e+05
2.618000e-01	1.833063e+05	-1.068813e-02	6.314988e-02	0.000000e+00	-1.510918e+03	1.848172e+05
2.629900e-01	1.785345e+05	-1.076343e-02	6.340612e-02	0.000000e+00	-4.770715e+03	1.833053e+05
2.641800e-01	1.735066e+05	-1.083904e-02	6.365542e-02	0.000000e+00	-5.241616e+03	1.787482e+05
2.653700e-01	1.676987e+05	-1.091493e-02	6.389705e-02	0.000000e+00	-3.555991e+03	1.712546e+05
2.665600e-01	1.930604e+05	-1.099111e-02	6.415253e-02	0.000000e+00	-4.412566e+03	1.974729e+05
2.677500e-01	1.818293e+05	-1.106762e-02	6.441801e-02	0.000000e+00	-4.975870e+03	1.868052e+05
2.689400e-01	1.891259e+05	-1.114443e-02	6.468071e-02	0.000000e+00	-3.869032e+03	1.929949e+05
2.701300e-01	1.650775e+05	-1.122156e-02	6.493155e-02	0.000000e+00	-5.654469e+03	1.707320e+05
2.713200e-01	1.652499e+05	-1.129896e-02	6.516547e-02	0.000000e+00	-6.908364e+03	1.721583e+05
2.725100e-01	1.826908e+05	-1.137665e-02	6.541187e-02	0.000000e+00	-2.484026e+03	1.851748e+05
2.737000e-01	1.845220e+05	-1.145464e-02	6.567192e-02	0.000000e+00	-5.051542e+03	1.895736e+05
2.748900e-01	1.858407e+05	-1.153295e-02	6.593420e-02	0.000000e+00	-3.577922e+03	1.894186e+05
2.760800e-01	1.877972e+05	-1.161157e-02	6.619879e-02	0.000000e+00	-4.643568e+03	1.924407e+05
2.772700e-01	1.826705e+05	-1.169050e-02	6.646115e-02	0.000000e+00	-7.063268e+03	1.897338e+05
2.784600e-01	1.801297e+05	-1.176974e-02	6.671807e-02	0.000000e+00	-3.914350e+03	1.840440e+05
2.796500e-01	1.813280e+05	-1.184929e-02	6.697404e-02	0.000000e+00	-3.366159e+03	1.846942e+05
2.808400e-01	1.939743e+05	-1.192914e-02	6.723982e-02	0.000000e+00	-1.346029e+03	1.953204e+05
2.820300e-01	2.013083e+05	-1.200932e-02	6.751974e-02	0.000000e+00	-3.760819e+03	2.050691e+05
2.832200e-01	2.111797e+05	-1.208984e-02	6.781185e-02	0.000000e+00	-4.203087e+03	2.153828e+05
2.844100e-01	1.889896e+05	-1.217071e-02	6.809524e-02	0.000000e+00	-5.576077e+03	1.945657e+05
2.856000e-01	1.853998e+05	-1.225191e-02	6.836037e-02	0.000000e+00	-5.790846e+03	1.911906e+05
2.867900e-01	1.693876e+05	-1.233341e-02	6.861161e-02	0.000000e+00	-6.424606e+03	1.758122e+05
2.879800e-01	1.827882e+05	-1.241520e-02	6.886101e-02	0.000000e+00	-3.359225e+03	1.861475e+05
2.891700e-01	1.744752e+05	-1.249730e-02	6.911401e-02	0.000000e+00	-2.669852e+03	1.771451e+05
2.903600e-01	1.829165e+05	-1.257969e-02	6.936711e-02	0.000000e+00	-5.155310e+03	1.880718e+05
2.915500e-01	1.862551e+05	-1.266239e-02	6.962854e-02	0.000000e+00	-3.322758e+03	1.895779e+05
2.927400e-01	1.660390e+05	-1.274541e-02	6.987802e-02	0.000000e+00	-3.324697e+03	1.693637e+05
2.939300e-01	1.933800e+05	-1.282870e-02	7.013255e-02	0.000000e+00	-3.027413e+03	1.964074e+05
2.951200e-01	1.986330e+05	-1.291232e-02	7.041016e-02	0.000000e+00	-1.587848e+03	2.002209e+05
2.963100e-01	1.955948e+05	-1.299628e-02	7.068934e-02	0.000000e+00	-1.959545e+03	1.975544e+05
2.975000e-01	1.990966e+05	-1.308057e-02	7.096885e-02	0.000000e+00	-3.044875e+03	2.021415e+05
2.986900e-01	1.883859e+05	-1.316519e-02	7.124325e-02	0.000000e+00	-1.832169e+03	1.902181e+05
2.998800e-01	2.003938e+05	-1.325012e-02	7.151857e-02	0.000000e+00	-4.545243e+03	2.049391e+05
3.010700e-01	1.938990e+05	-1.333540e-02	7.179779e-02	0.000000e+00	-3.415226e+03	1.973142e+05
3.022600e-01	1.787648e+05	-1.342100e-02	7.206170e-02	0.000000e+00	-3.650960e+03	1.824158e+05
3.034500e-01	1.711141e+05	-1.350691e-02	7.230947e-02	0.000000e+00	-2.133612e+03	1.732477e+05
3.046400e-01	1.755586e+05	-1.359310e-02	7.255497e-02	0.000000e+00	-4.570398e+03	1.801290e+05
3.058300e-01	1.804078e+05	-1.367959e-02	7.280705e-02	0.000000e+00	-5.423621e+03	1.858315e+05
3.070200e-01	1.712920e+05	-1.376638e-02	7.305612e-02	0.000000e+00	-4.594396e+03	1.758864e+05
3.082100e-01	1.834175e+05	-1.385346e-02	7.330731e-02	0.000000e+00	-5.033484e+03	1.884510e+05
3.094000e-01	1.905982e+05	-1.394085e-02	7.357217e-02	0.000000e+00	-6.294681e+03	1.968929e+05
3.105900e-01	1.867222e+05	-1.402856e-02	7.383938e-02	0.000000e+00	-5.855208e+03	1.925774e+05
3.117800e-01	2.068618e+05	-1.411659e-02	7.411810e-02	0.000000e+00	-4.402242e+03	2.112640e+05
3.129700e-01	1.942320e+05	-1.420496e-02	7.440214e-02	0.000000e+00	-4.582895e+03	1.988149e+05
3.141600e-01	1.923093e+05	-1.429367e-02	7.467588e-02	0.000000e+00	-3.238288e+03	1.955476e+05
3.153500e-01	2.007696e+05	-1.438269e-02	7.495424e-02	0.000000e+00	-1.271276e+03	2.020408e+05
3.165400e-01	2.019397e+05	-1.447206e-02	7.523943e-02	0.000000e+00	-6.678066e+03	2.086178e+05
3.177300e-01	2.036411e+05	-1.456176e-02	7.552664e-02	0.000000e+00	-3.692982e+03	2.073341e+05
3.189200e-01	2.120740e+05	-1.465181e-02	7.582104e-02	0.000000e+00	-5.289820e+03	2.173639e+05
3.201100e-01	1.837208e+05	-1.474222e-02	7.610133e-02	0.000000e+00	-1.163720e+03	1.848845e+05
3.213000e-01	2.014734e+05	-1.483293e-02	7.637411e-02	0.000000e+00	-2.134752e+03	2.036081e+05
3.224900e-01	1.901571e+05	-1.492399e-02	7.665145e-02	0.000000e+00	-3.613008e+03	1.937701e+05
3.236800e-01	1.965112e+05	-1.501536e-02	7.692527e-02	0.000000e+00	-6.334593e+03	2.028458e+05
3.248700e-01	1.883689e+05	-1.510707e-02	7.719783e-02	0.000000e+00	-4.404327e+03	1.927732e+05
3.260600e-01	1.750113e+05	-1.519909e-02	7.745516e-02	0.000000e+00	-4.151303e+03	1.791626e+05
3.272500e-01	1.890873e+05	-1.529141e-02	7.771300e-02	0.000000e+00	-3.973219e+03	1.930605e+05
3.284400e-01	1.788396e+05	-1.538405e-02	7.797356e-02	0.000000e+00	-1.246313e+03	1.800859e+05
3.296300e-01	1.859889e+05	-1.547699e-02	7.823192e-02	0.000000e+00	-2.435256e+03	1.884242e+05
3.308200e-01	2.079544e+05	-1.557024e-02	7.851089e-02	0.000000e+00	-2.691403e+03	2.106458e+05
3.320100e-01	1.846304e+05	-1.566385e-02	7.878891e-02	0.000000e+00	-4.234298e+03	1.888647e+05
3.332000e-01	1.706247e+05	-1.575776e-02	7.904049e-02	0.000000e+00	-3.604135e+03	1.742288e+05
3.343900e-01	1.843040e+05	-1.585196e-02	7.929183e-02	0.000000e+00	-3.954446e+03	1.882584e+05
3.355800e-01	1.984842e+05	-1.594647e-02	7.956291e-02	0.000000e+00	-1.799346e+03	2.002836e+05
3.367700e-01	2.076678e+05	-1.604132e-02	7.985053e-02	0.000000e+00	-3.363699e+03	2.110315e+05
3.379600e-01	2.025280e+05	-1.613652e-02	8.014102e-02	0.000000e+00	-1.741612e+03	2.042696e+05
3.391500e-01	1.966507e+05	-1.623206e-02	8.042370e-02	0.000000e+00	-9.473988e+02	1.975981e+05
3.403400e-01	1.956833e+05	-1.632793e-02	8.070154e-02	0.000000e+00	-2.402666e+03	1.980860e+05
3.415300e-01	1.654775e+05	-1.642413e-02	8.095730e-02	0.000000e+00	-3.425538e+03	1.689031e+05
3.427200e-01	1.753875e+05	-1.652061e-02	8.119869e-02	0.000000e+00	-4.008794e+03	1.793963e+05
3.439100e-01	1.776924e+05	-1.661738e-02	8.144873e-02	0.000000e+00	-2.506699e+03	1.801991e+05
3.451000e-01	1.876206e+05	-1.671445e-02	8.170743e-02	0.000000e+00	-3.257665e+03	1.908783e+05
3.462900e-01	1.976898e+05	-1.681184e-02	8.198029e-02	0.000000e+00	-2.960045e+03	2.006498e+05
3.474800e-01	1.924573e+05	-1.690957e-02	8.225658e-02	0.000000e+00	-3.634550e+03	1.960918e+05
3.486700e-01	1.868886e+05	-1.700761e-02	8.252522e-02	0.000000e+00	-1.649921e+03	1.885385e+05
3.498600e-01	2.022567e+05	-1.710598e-02	8.280080e-02	0.000000e+00	-2.679502e+03	2.049362e+05
3.510500e-01	1.917802e+05	-1.720468e-02	8.307984e-02	0.000000e+00	-2.637935e+03	1.944181e+05
3.522400e-01	1.907334e+05	-1.730371e-02	8.335073e-02	0.000000e+00	-5.312435e+03	1.960458e+05
3.534300e-01	1.979656e+05	-1.740305e-02	8.362599e-02	0.000000e+00	-4.247640e+03	2.022132e+05
3.546200e-01	1.843372e+05	-1.750274e-02	8.389672e-02	0.000000e+00	-3.651453e+03	1.879887e+05
3.558100e-01	2.037094e+05	-1.760273e-02	8.417152e-02	0.000000e+00	-4.861797e+03	2.085712e+05
3.570000e-01	1.813235e+05	-1.770306e-02	8.444419e-02	0.000000e+00	-6.967081e+03	1.882906e+05
3.581900e-01	1.936251e+05	-1.780371e-02	8.470972e-02	0.000000e+00	-2.545131e+03	1.961702e+05
3.593800e-01	2.035573e+05	-1.790467e-02	8.499099e-02	0.000000e+00	-4.516882e+03	2.080742e+05
3.605700e-01	2.150473e+05	-1.800598e-02	8.528743e-02	0.000000e+00	-5.120219e+03	2.201675e+05
3.617600e-01	2.177974e+05	-1.810766e-02	8.559395e-02	0.000000e+00	-5.261101e+03	2.230585e+05
3.629500e-01	2.048152e+05	-1.820970e-02	8.589323e-02	0.000000e+00	-3.916075e+03	2.087313e+05
3.641400e-01	1.980151e+05	-1.831208e-02	8.617850e-02	0.000000e+00	-3.488052e+03	2.015031e+05
3.653300e-01	2.056531e+05	-1.841480e-02	8.646437e-02	0.000000e+00	-3.083072e+03	2.087362e+05
3.665200e-01	1.985202e+05	-1.851787e-02	8.675059e-02	0.000000e+00	-3.896591e+03	2.024167e+05
3.677100e-01	1.954448e+05	-1.862127e-02	8.702958e-02	0.000000e+00	-3.731767e+03	1.991766e+05
3.689000e-01	1.975324e+05	-1.872500e-02	8.730787e-02	0.000000e+00	-5.728347e+03	2.032608e+05
3.700900e-01	1.986841e+05	-1.882906e-02	8.758846e-02	0.000000e+00	-2.601054e+03	2.012852e+05
3.712800e-01	1.774851e+05	-1.893346e-02	8.785485e-02	0.000000e+00	-2.648121e+03	1.801332e+05
3.724700e-01	1.986001e+05	-1.903816e-02	8.812118e-02	0.000000e+00	-1.675414e+03	2.002756e+05
3.736600e-01	2.043373e+05	-1.914319e-02	8.840652e-02	0.000000e+00	-1.106697e+03	2.054440e+05
3.748500e-01	2.082011e+05	-1.924856e-02	8.869867e-02	0.000000e+00	-1.463504e+03	2.096646e+05
3.760400e-01	1.962259e+05	-1.935429e-02	8.898507e-02	0.000000e+00	-1.633507e+02	1.963892e+05
3.772300e-01	2.006078e+05	-1.946035e-02	8.926609e-02	0.000000e+00	-3.379864e+03	2.039876e+05
3.784200e-01	2.076339e+05	-1.956674e-02	8.955520e-02	0.000000e+00	-6.722216e+03	2.143561e+05
3.796100e-01	1.859234e+05	-1.967349e-02	8.983390e-02	0.000000e+00	-6.298614e+03	1.922220e+05
3.808000e-01	1.914153e+05	-1.978055e-02	9.010112e-02	0.000000e+00	-3.884822e+03	1.953001e+05
3.819900e-01	1.861338e+05	-1.988793e-02	9.036848e-02	0.000000e+00	-4.798474e+03	1.909323e+05
3.831800e-01	1.918085e+05	-1.999563e-02	9.063613e-02	0.000000e+00	-1.499194e+03	1.933077e+05
3.843700e-01	1.959110e+05	-2.010364e-02	9.091070e-02	0.000000e+00	-4.288150e+03	2.001992e+05
3.855600e-01	2.175991e+05	-2.021199e-02	9.120353e-02	0.000000e+00	-6.031722e+03	2.236308e+05
3.867500e-01	1.997736e+05	-2.032071e-02	9.149910e-02	0.000000e+00	-4.972331e+03	2.047459e+05
3.879400e-01	1.992369e+05	-2.042976e-02	9.178167e-02	0.000000e+00	-3.420398e+03	2.026573e+05
3.891300e-01	1.791612e+05	-2.053915e-02	9.204963e-02	0.000000e+00	-2.875569e+03	1.820368e+05
3.903200e-01	1.901024e+05	-2.064884e-02	9.231113e-02	0.000000e+00	-2.918278e+03	1.930207e+05
3.915100e-01	2.103951e+05	-2.075885e-02	9.259475e-02	0.000000e+00	-6.021443e+03	2.164166e+05
3.927000e-01	2.130488e+05	-2.086921e-02	9.289462e-02	0.000000e+00	-8.121326e+02	2.138609e+05
3.938900e-01	2.024069e+05	-2.097994e-02	9.318883e-02	0.000000e+00	-3.735357e+03	2.061423e+05
3.950800e-01	1.936124e+05	-2.109100e-02	9.346928e-02	0.000000e+00	-2.629321e+03	1.962417e+05
3.962700e-01	2.112717e+05	-2.120240e-02	9.375600e-02	0.000000e+00	-1.890638e+03	2.131624e+05
3.974600e-01	1.945551e+05	-2.131414e-02	9.404340e-02	0.000000e+00	-1.766570e+03	1.963216e+05
3.986500e-01	1.970424e+05	-2.142622e-02	9.432071e-02	0.000000e+00	-2.672901e+03	1.997153e+05
3.998400e-01	2.104674e+05	-2.153863e-02	9.460930e-02	0.000000e+00	-1.346685e+03	2.118141e+05
4.010300e-01	1.894135e+05	-2.165139e-02	9.489248e-02	0.000000e+00	-2.587979e+03	1.920015e+05
4.022200e-01	1.945171e+05	-2.176447e-02	9.516436e-02	0.000000e+00	-2.454903e+03	1.969720e+05
4.034100e-01	1.992631e+05	-2.187788e-02	9.544322e-02	0.000000e+00	-4.808231e+03	2.040714e+05
4.046000e-01	1.974811e+05	-2.199163e-02	9.572418e-02	0.000000e+00	-3.232792e+03	2.007139e+05
4.057900e-01	1.996094e+05	-2.210570e-02	9.600539e-02	0.000000e+00	-4.177620e+03	2.037870e+05
4.069800e-01	2.033106e+05	-2.222012e-02	9.629072e-02	0.000000e+00	-3.582755e+03	2.068934e+05
4.081700e-01	2.062662e+05	-2.233488e-02	9.658077e-02	0.000000e+00	-3.936614e+03	2.102028e+05
4.093600e-01	2.045625e+05	-2.244998e-02	9.687171e-02	0.000000e+00	-3.423192e+03	2.079857e+05
4.105500e-01	1.944679e+05	-2.256543e-02	9.715428e-02	0.000000e+00	-3.244806e+03	1.977127e+05
4.117400e-01	2.021184e+05	-2.268121e-02	9.743513e-02	0.000000e+00	-2.439097e+03	2.045575e+05
4.129300e-01	1.940990e+05	-2.279733e-02	9.771572e-02	0.000000e+00	-4.566003e+03	1.986650e+05
4.141200e-01	2.058634e+05	-2.291377e-02	9.799896e-02	0.000000e+00	-3.612586e+03	2.094760e+05
4.153100e-01	2.029946e+05	-2.303056e-02	9.828850e-02	0.000000e+00	-2.414929e+03	2.054095e+05
4.165000e-01	1.834483e+05	-2.314770e-02	9.856216e-02	0.000000e+00	-3.225062e+03	1.866734e+05
4.176900e-01	2.018057e+05	-2.326514e-02	9.883499e-02	0.000000e+00	-2.456416e+03	2.042621e+05
4.188800e-01	2.194630e+05	-2.338293e-02	9.913331e-02	0.000000e+00	-3.575877e+03	2.230389e+05
4.200700e-01	2.163288e+05	-2.350108e-02	9.944193e-02	0.000000e+00	-1.563837e+03	2.178926e+05
4.212600e-01	2.035756e+05	-2.361960e-02	9.973929e-02	0.000000e+00	-3.981289e+03	2.075568e+05
4.224500e-01	1.934219e+05	-2.373846e-02	1.000204e-01	0.000000e+00	-5.124769e+03	1.985466e+05
4.236400e-01	2.120034e+05	-2.385765e-02	1.003075e-01	0.000000e+00	-3.863875e+03	2.158673e+05
4.248300e-01	2.242966e+05	-2.397719e-02	1.006165e-01	0.000000e+00	-2.873818e+03	2.271704e+05
4.260200e-01	2.036660e+05	-2.409711e-02	1.009196e-01	0.000000e+00	-9.682837e+02	2.046343e+05
4.272100e-01	2.036251e+05	-2.421738e-02	1.012080e-01	0.000000e+00	-4.182555e+03	2.078076e+05
4.284000e-01	1.896067e+05	-2.433799e-02	1.014865e-01	0.000000e+00	-4.809166e+03	1.944159e+05
4.295900e-01	1.949425e+05	-2.445892e-02	1.017588e-01	0.000000e+00	-4.289386e+03	1.992319e+05
4.307800e-01	2.079688e+05	-2.458017e-02	1.020441e-01	0.000000e+00	-3.111434e+03	2.110802e+05
4.319700e-01	2.037885e+05	-2.470178e-02	1.023357e-01	0.000000e+00	-6.514981e+03	2.103035e+05
4.331600e-01	1.890792e+05	-2.482373e-02	1.026139e-01	0.000000e+00	-2.867233e+03	1.919464e+05
4.343500e-01	1.946989e+05	-2.494600e-02	1.028857e-01	0.000000e+00	-2.561299e+03	1.972602e+05
4.355400e-01	2.088007e+05	-2.506860e-02	1.031715e-01	0.000000e+00	-2.385699e+03	2.111864e+05
4.367300e-01	2.184593e+05	-2.519155e-02	1.034740e-01	0.000000e+00	-1.654378e+03	2.201137e+05
4.379200e-01	2.075357e+05	-2.531487e-02	1.037757e-01	0.000000e+00	-2.569924e+03	2.101057e+05
4.391100e-01	1.797761e+05	-2.543854e-02	1.040500e-01	0.000000e+00	-3.815117e+03	1.835913e+05
4.403000e-01	2.240775e+05	-2.556251e-02	1.043360e-01	0.000000e+00	-2.191277e+03	2.262687e+05
4.414900e-01	2.212932e+05	-2.568686e-02	1.046514e-01	0.000000e+00	-3.835618e+03	2.251288e+05
4.426800e-01	2.090150e+05	-2.581158e-02	1.049561e-01	0.000000e+00	-5.260306e+03	2.142753e+05
4.438700e-01	2.045746e+05	-2.593665e-02	1.052490e-01	0.000000e+00	-2.862413e+03	2.074370e+05
4.450600e-01	2.183774e+05	-2.606207e-02	1.055485e-01	0.000000e+00	-1.905900e+03	2.202833e+05
4.462500e-01	2.159847e+05	-2.618786e-02	1.058561e-01	0.000000e+00	-3.500185e+03	2.194849e+05
4.474400e-01	2.016177e+05	-2.631401e-02	1.061518e-01	0.000000e+00	-2.094449e+03	2.037121e+05
4.486300e-01	2.009254e+05	-2.644050e-02	1.064369e-01	0.000000e+00	-6.888704e+03	2.078141e+05
4.498200e-01	2.011222e+05	-2.656733e-02	1.067216e-01	0.000000e+00	-8.933455e+03	2.100556e+05
4.510100e-01	2.268827e+05	-2.669450e-02	1.070247e-01	0.000000e+00	-5.665604e+03	2.325483e+05
4.522000e-01	2.245645e+05	-2.682205e-02	1.073444e-01	0.000000e+00	-3.127376e+03	2.276919e+05
4.533900e-01	2.047957e+05	-2.694998e-02	1.076485e-01	0.000000e+00	-2.832738e+03	2.076284e+05
4.545800e-01	2.165193e+05	-2.707825e-02	1.079468e-01	0.000000e+00	-2.821862e+03	2.193412e+05
4.557700e-01	2.166208e+05	-2.720689e-02	1.082536e-01	0.000000e+00	-4.131335e+03	2.207521e+05
4.569600e-01	2.085328e+05	-2.733589e-02	1.085547e-01	0.000000e+00	-3.423855e+03	2.119567e+05
4.581500e-01	2.180546e+05	-2.746525e-02	1.088568e-01	0.000000e+00	-2.894818e+03	2.209494e+05
4.593400e-01	2.123470e+05	-2.759497e-02	1.091615e-01	0.000000e+00	-1.914729e+03	2.142618e+05
4.605300e-01	1.983219e+05	-2.772505e-02	1.094524e-01	0.000000e+00	-2.594142e+03	2.009160e+05
4.617200e-01	2.068771e+05	-2.785547e-02	1.097393e-01	0.000000e+00	-3.242389e+03	2.101195e+05
4.629100e-01	2.193918e+05	-2.798623e-02	1.100412e-01	0.000000e+00	-3.005450e+03	2.223972e+05
4.641000e-01	2.020751e+05	-2.811737e-02	1.103397e-01	0.000000e+00	-2.889618e+03	2.049647e+05
4.652900e-01	2.017578e+05	-2.824884e-02	1.106256e-01	0.000000e+00	-2.572308e+03	2.043301e+05
4.664800e-01	2.040513e+05	-2.838066e-02	1.109130e-01	0.000000e+00	-2.004224e+03	2.060556e+05
4.676700e-01	1.974599e+05	-2.851282e-02	1.111973e-01	0.000000e+00	-1.414017e+03	1.988739e+05
4.688600e-01	1.836331e+05	-2.864531e-02	1.114672e-01	0.000000e+00	-3.648403e+03	1.872815e+05
4.700500e-01	1.827929e+05	-2.877811e-02	1.117267e-01	0.000000e+00	-1.097479e+03	1.838904e+05
4.712400e-01	1.966583e+05	-2.891122e-02	1.119954e-01	0.000000e+00	-8.719420e+02	1.975302e+05
4.724300e-01	1.880174e+05	-2.904466e-02	1.122678e-01	0.000000e+00	-1.633211e+03	1.896506e+05
4.736200e-01	1.916890e+05	-2.917841e-02	1.125367e-01	0.000000e+00	-1.800043e+03	1.934890e+05
4.748100e-01	1.827450e+05	-2.931249e-02	1.128019e-01	0.000000e+00	-3.623975e+03	1.863690e+05
4.760000e-01	2.059622e+05	-2.944688e-02	1.130772e-01	0.000000e+00	-5.131023e+03	2.110932e+05
4.771900e-01	2.141656e+05	-2.958162e-02	1.133747e-01	0.000000e+00	-4.100880e+03	2.182665e+05
4.783800e-01	1.938097e+05	-2.971671e-02	1.136636e-01	0.000000e+00	-1.974938e+03	1.957846e+05
4.795700e-01	2.188352e+05	-2.985214e-02	1.139558e-01	0.000000e+00	-1.210166e+03	2.200454e+05
4.807600e-01	2.205143e+05	-2.998793e-02	1.142670e-01	0.000000e+00	-2.908848e+03	2.234232e+05
4.819500e-01	2.008272e+05	-3.012409e-02	1.145653e-01	0.000000e+00	-3.663694e+03	2.044909e+05
4.831400e-01	2.331623e+05	-3.026059e-02	1.148727e-01	0.000000e+00	-2.717282e+03	2.358796e+05
4.843300e-01	2.012438e+05	-3.039749e-02	1.151803e-01	0.000000e+00	-1.771938e+03	2.030157e+05
4.855200e-01	1.819733e+05	-3.053472e-02	1.154517e-01	0.000000e+00	-3.208698e+03	1.851820e+05
4.867100e-01	2.071404e+05	-3.067226e-02	1.157272e-01	0.000000e+00	-1.993821e+03	2.091342e+05
4.879000e-01	2.175644e+05	-3.081015e-02	1.160280e-01	0.000000e+00	-3.833273e+03	2.213977e+05
4.890900e-01	2.052803e+05	-3.094841e-02	1.163274e-01	0.000000e+00	-3.727627e+03	2.090079e+05
4.902800e-01	2.027442e+05	-3.108701e-02	1.166164e-01	0.000000e+00	-3.116397e+03	2.058606e+05
4.914700e-01	2.039218e+05	-3.122596e-02	1.169044e-01	0.000000e+00	-2.583023e+03	2.065048e+05
4.926600e-01	2.055617e+05	-3.136525e-02	1.171944e-01	0.000000e+00	-3.853854e+03	2.094156e+05
4.938500e-01	2.054398e+05	-3.150488e-02	1.174854e-01	0.000000e+00	-2.974998e+03	2.084148e+05
4.950400e-01	1.949392e+05	-3.164486e-02	1.177689e-01	0.000000e+00	-2.727594e+03	1.976668e+05
4.962300e-01	2.083988e+05	-3.178517e-02	1.180546e-01	0.000000e+00	-1.921122e+03	2.103199e+05
4.974200e-01	2.045642e+05	-3.192583e-02	1.183470e-01	0.000000e+00	-3.999206e+03	2.085634e+05
4.986100e-01	1.978451e+05	-3.206684e-02	1.186320e-01	0.000000e+00	-3.748191e+03	2.015932e+05
4.998000e-01	2.157917e+05	-3.220818e-02	1.189249e-01	0.000000e+00	-2.974135e+03	2.187658e+05
5.009900e-01	2.120972e+05	-3.234988e-02	1.192279e-01	0.000000e+00	-3.100520e+03	2.151977e+05
5.021800e-01	1.991136e+05	-3.249194e-02	1.195191e-01	0.000000e+00	-3.891016e+03	2.030047e+05
5.033700e-01	2.033168e+05	-3.263433e-02	1.198041e-01	0.000000e+00	-2.284311e+03	2.056011e+05
5.045600e-01	1.757480e+05	-3.277707e-02	1.200726e-01	0.000000e+00	-2.012764e+03	1.777608e+05
5.057500e-01	1.937443e+05	-3.292011e-02	1.203342e-01	0.000000e+00	-1.713330e+03	1.954576e+05
5.069400e-01	2.114746e+05	-3.306347e-02	1.206212e-01	0.000000e+00	-3.021078e+03	2.144957e+05
5.081300e-01	2.192274e+05	-3.320718e-02	1.209262e-01	0.000000e+00	-2.221542e+03	2.214489e+05
5.093200e-01	2.099367e+05	-3.335127e-02	1.212301e-01	0.000000e+00	-1.887500e+03	2.118242e+05
5.105100e-01	2.074863e+05	-3.349571e-02	1.215257e-01	0.000000e+00	-5.683720e+03	2.131700e+05
5.117000e-01	2.088364e+05	-3.364050e-02	1.218205e-01	0.000000e+00	-3.071889e+03	2.119083e+05
5.128900e-01	1.990537e+05	-3.378565e-02	1.221094e-01	0.000000e+00	-1.310415e+03	2.003641e+05
5.140800e-01	1.889106e+05	-3.393112e-02	1.223841e-01	0.000000e+00	-2.581774e+03	1.914924e+05
5.152700e-01	2.063846e+05	-3.407692e-02	1.226641e-01	0.000000e+00	-1.070564e+03	2.074551e+05
5.164600e-01	1.978576e+05	-3.422306e-02	1.229503e-01	0.000000e+00	-7.936958e+02	1.986513e+05
5.176500e-01	2.072439e+05	-3.436954e-02	1.232372e-01	0.000000e+00	-1.887946e+03	2.091319e+05
5.188400e-01	2.088030e+05	-3.451637e-02	1.235319e-01	0.000000e+00	-4.087551e+03	2.128905e+05
5.200300e-01	2.044297e+05	-3.466355e-02	1.238245e-01	0.000000e+00	-3.648100e+03	2.080778e+05
5.212200e-01	2.137916e+05	-3.481107e-02	1.241207e-01	0.000000e+00	-1.923131e+03	2.157148e+05
5.224100e-01	2.133748e+05	-3.495895e-02	1.244232e-01	0.000000e+00	-2.343587e+03	2.157184e+05
5.236000e-01	2.102384e+05	-3.510720e-02	1.247232e-01	0.000000e+00	-3.137539e+03	2.133759e+05
5.247900e-01	2.157182e+05	-3.525580e-02	1.250248e-01	0.000000e+00	-4.173695e+03	2.198919e+05
5.259800e-01	1.894673e+05	-3.540476e-02	1.253117e-01	0.000000e+00	-3.287147e+03	1.927545e+05
5.271700e-01	2.017521e+05	-3.555404e-02	1.255888e-01	0.000000e+00	-3.170659e+03	2.049227e+05
5.283600e-01	2.202686e+05	-3.570366e-02	1.258876e-01	0.000000e+00	-2.623386e+03	2.228920e+05
5.295500e-01	2.097250e+05	-3.585365e-02	1.261922e-01	0.000000e+00	-3.690917e+03	2.134159e+05
5.307400e-01	2.142319e+05	-3.600400e-02	1.264924e-01	0.000000e+00	-1.705865e+03	2.159378e+05
5.319300e-01	2.231138e+05	-3.615470e-02	1.268021e-01	0.000000e+00	-4.063358e+03	2.271771e+05
5.331200e-01	2.087040e+05	-3.630578e-02	1.271079e-01	0.000000e+00	-3.652363e+03	2.123563e+05
5.343100e-01	2.143085e+05	-3.645722e-02	1.274075e-01	0.000000e+00	-1.926445e+03	2.162349e+05
5.355000e-01	2.141640e+05	-3.660901e-02	1.277109e-01	0.000000e+00	-2.289219e+03	2.164533e+05
5.366900e-01	2.054416e+05	-3.676117e-02	1.280080e-01	0.000000e+00	-3.743635e+03	2.091853e+05
5.378800e-01	2.066614e+05	-3.691367e-02	1.282999e-01	0.000000e+00	-1.318812e+03	2.079802e+05
5.390700e-01	2.161697e+05	-3.706652e-02	1.285993e-01	0.000000e+00	-5.328398e+03	2.214981e+05
5.402600e-01	2.152475e+05	-3.721974e-02	1.289048e-01	0.000000e+00	-2.921678e+03	2.181691e+05
5.414500e-01	2.034697e+05	-3.737332e-02	1.292013e-01	0.000000e+00	-1.833204e+03	2.053029e+05
5.426400e-01	2.116039e+05	-3.752724e-02	1.294953e-01	0.000000e+00	-3.453743e+03	2.150576e+05
5.438300e-01	2.047828e+05	-3.768152e-02	1.297902e-01	0.000000e+00	-2.798310e+03	2.075811e+05
5.450200e-01	1.989754e+05	-3.783614e-02	1.300761e-01	0.000000e+00	-2.654433e+03	2.016299e+05
5.462100e-01	2.062869e+05	-3.799110e-02	1.303631e-01	0.000000e+00	-2.431295e+03	2.087182e+05
5.474000e-01	2.134303e+05	-3.814640e-02	1.306603e-01	0.000000e+00	-6.366672e+03	2.197970e+05
5.485900e-01	1.994721e+05	-3.830207e-02	1.309527e-01	0.000000e+00	-1.891852e+03	2.013639e+05
5.497800e-01	2.094009e+05	-3.845807e-02	1.312423e-01	0.000000e+00	-1.713196e+03	2.111141e+05
5.509700e-01	1.902382e+05	-3.861443e-02	1.315253e-01	0.000000e+00	-2.148748e+03	1.923869e+05
5.521600e-01	1.817492e+05	-3.877110e-02	1.317887e-01	0.000000e+00	-4.578760e+03	1.863279e+05
5.533500e-01	2.054345e+05	-3.892808e-02	1.320629e-01	0.000000e+00	-9.700543e+02	2.064045e+05
5.545400e-01	1.908227e+05	-3.908541e-02	1.323435e-01	0.000000e+00	-1.312706e+03	1.921354e+05
5.557300e-01	1.962534e+05	-3.924306e-02	1.326176e-01	0.000000e+00	-2.144008e+03	1.983974e+05
5.569200e-01	2.014580e+05	-3.940104e-02	1.328993e-01	0.000000e+00	-4.808375e+03	2.062664e+05
5.581100e-01	1.898212e+05	-3.955936e-02	1.331763e-01	0.000000e+00	-3.996906e+03	1.938181e+05
5.593000e-01	2.248037e+05	-3.971800e-02	1.334700e-01	0.000000e+00	-3.648762e+03	2.284525e+05
5.604900e-01	2.080454e+05	-3.987702e-02	1.337765e-01	0.000000e+00	-2.148415e+03	2.101938e+05
5.616800e-01	2.066712e+05	-4.003639e-02	1.340702e-01	0.000000e+00	-4.133160e+03	2.108044e+05
5.628700e-01	2.238000e+05	-4.019611e-02	1.343750e-01	0.000000e+00	-2.200653e+03	2.260007e+05
5.640600e-01	2.173183e+05	-4.035620e-02	1.346874e-01	0.000000e+00	-7.967662e+02	2.181151e+05
5.652500e-01	2.191193e+05	-4.051666e-02	1.349965e-01	0.000000e+00	-2.654601e+03	2.217739e+05
5.664400e-01	2.224032e+05	-4.067749e-02	1.353092e-01	0.000000e+00	-2.768024e+03	2.251712e+05
5.676300e-01	2.313181e+05	-4.083870e-02	1.356305e-01	0.000000e+00	-3.670795e+03	2.349889e+05
5.688200e-01	2.135495e+05	-4.100029e-02	1.359455e-01	0.000000e+00	-2.145681e+03	2.156951e+05
5.700100e-01	2.117295e+05	-4.116225e-02	1.362467e-01	0.000000e+00	-5.030912e+03	2.167605e+05
5.712000e-01	2.304691e+05	-4.132456e-02	1.365598e-01	0.000000e+00	-2.490457e+03	2.329595e+05
5.723900e-01	2.124654e+05	-4.148726e-02	1.368735e-01	0.000000e+00	-1.818408e+03	2.142838e+05
5.735800e-01	1.997156e+05	-4.165032e-02	1.371654e-01	0.000000e+00	-2.536680e+03	2.022523e+05
5.747700e-01	1.974602e+05	-4.181371e-02	1.374466e-01	0.000000e+00	-1.700986e+03	1.991611e+05
5.759600e-01	1.881905e+05	-4.197744e-02	1.377198e-01	0.000000e+00	-3.230585e+03	1.914211e+05
5.771500e-01	1.932105e+05	-4.214149e-02	1.379898e-01	0.000000e+00	-3.190879e+03	1.964013e+05
5.783400e-01	2.087415e+05	-4.230586e-02	1.382745e-01	0.000000e+00	-3.779145e+03	2.125206e+05
5.795300e-01	2.112372e+05	-4.247058e-02	1.385719e-01	0.000000e+00	-1.929130e+03	2.131663e+05
5.807200e-01	2.047731e+05	-4.263566e-02	1.388665e-01	0.000000e+00	-2.063788e+03	2.068369e+05
5.819100e-01	2.284259e+05	-4.280108e-02	1.391733e-01	0.000000e+00	-2.046226e+03	2.304721e+05
5.831000e-01	2.173355e+05	-4.296689e-02	1.394890e-01	0.000000e+00	-2.320331e+03	2.196558e+05
5.842900e-01	2.293325e+05	-4.313307e-02	1.398053e-01	0.000000e+00	-2.695131e+03	2.320276e+05
5.854800e-01	1.999963e+05	-4.329963e-02	1.401093e-01	0.000000e+00	-3.315772e+03	2.033121e+05
5.866700e-01	2.002022e+05	-4.346653e-02	1.403927e-01	0.000000e+00	-3.307132e+03	2.035093e+05
5.878600e-01	1.978684e+05	-4.363376e-02	1.406746e-01	0.000000e+00	-1.712389e+03	1.995808e+05
5.890500e-01	2.083238e+05	-4.380133e-02	1.409623e-01	0.000000e+00	-3.278091e+03	2.116019e+05
5.902400e-01	2.017506e+05	-4.396925e-02	1.412527e-01	0.000000e+00	-2.232233e+03	2.039828e+05
5.914300e-01	2.020925e+05	-4.413751e-02	1.415387e-01	0.000000e+00	-5.502687e+03	2.075952e+05
5.926200e-01	2.008890e+05	-4.430611e-02	1.418240e-01	0.000000e+00	-3.745220e+03	2.046342e+05
5.938100e-01	2.248936e+05	-4.447505e-02	1.421256e-01	0.000000e+00	-2.795338e+03	2.276889e+05
5.950000e-01	2.249590e+05	-4.464437e-02	1.424441e-01	0.000000e+00	-7.975319e+02	2.257565e+05
5.961900e-01	2.080784e+05	-4.481407e-02	1.427508e-01	0.000000e+00	-3.604053e+03	2.116824e+05
5.973800e-01	2.122376e+05	-4.498412e-02	1.430484e-01	0.000000e+00	-4.409176e+03	2.166468e+05
5.985700e-01	2.037441e+05	-4.515453e-02	1.433430e-01	0.000000e+00	-3.514331e+03	2.072584e+05
5.997600e-01	1.998673e+05	-4.532528e-02	1.436289e-01	0.000000e+00	-3.310655e+03	2.031779e+05
6.009500e-01	2.311956e+05	-4.549636e-02	1.439341e-01	0.000000e+00	-2.685001e+03	2.338806e+05
6.021400e-01	2.133367e+05	-4.566784e-02	1.442489e-01	0.000000e+00	-1.587451e+03	2.149241e+05
6.033300e-01	2.126298e+05	-4.583968e-02	1.445506e-01	0.000000e+00	-2.706141e+03	2.153360e+05
6.045200e-01	2.094873e+05	-4.601187e-02	1.448495e-01	0.000000e+00	-3.377413e+03	2.128647e+05
6.057100e-01	2.105978e+05	-4.618442e-02	1.451470e-01	0.000000e+00	-2.878650e+03	2.134764e+05
6.069000e-01	2.044269e+05	-4.635732e-02	1.454409e-01	0.000000e+00	-4.072373e+03	2.084992e+05
6.080900e-01	2.165430e+05	-4.653057e-02	1.457390e-01	0.000000e+00	-9.279189e+02	2.174709e+05
6.092800e-01	2.056993e+05	-4.670418e-02	1.460380e-01	0.000000e+00	-2.335272e+03	2.080346e+05
6.104700e-01	2.095285e+05	-4.687814e-02	1.463321e-01	0.000000e+00	-2.546281e+03	2.120748e+05
6.116600e-01	2.159132e+05	-4.705245e-02	1.466334e-01	0.000000e+00	-5.411844e+03	2.213251e+05
6.128500e-01	2.128475e+05	-4.722713e-02	1.469370e-01	0.000000e+00	-2.977894e+03	2.158254e+05
6.140400e-01	1.935830e+05	-4.740216e-02	1.472248e-01	0.000000e+00	-2.356468e+03	1.959395e+05
6.152300e-01	2.103412e+05	-4.757752e-02	1.475109e-01	0.000000e+00	-3.390771e+03	2.137320e+05
6.164200e-01	2.376231e+05	-4.775324e-02	1.478281e-01	0.000000e+00	-2.097821e+03	2.397209e+05
6.176100e-01	2.137455e+05	-4.792935e-02	1.481477e-01	0.000000e+00	-3.383065e+03	2.171286e+05
6.188000e-01	1.955612e+05	-4.810583e-02	1.484376e-01	0.000000e+00	-1.937173e+03	1.974984e+05
6.199900e-01	2.128829e+05	-4.828263e-02	1.487268e-01	0.000000e+00	-2.022863e+03	2.149057e+05
6.211800e-01	2.059537e+05	-4.845980e-02	1.490234e-01	0.000000e+00	-4.103244e+03	2.100569e+05
6.223700e-01	2.217302e+05	-4.863731e-02	1.493263e-01	0.000000e+00	-9.550592e+02	2.226853e+05
6.235600e-01	2.047217e+05	-4.881519e-02	1.496283e-01	0.000000e+00	-1.063460e+03	2.057851e+05
6.247500e-01	2.264151e+05	-4.899342e-02	1.499336e-01	0.000000e+00	-1.793594e+03	2.282087e+05
6.259400e-01	2.162439e+05	-4.917204e-02	1.502471e-01	0.000000e+00	-1.338645e+03	2.175826e+05
6.271300e-01	2.036479e+05	-4.935101e-02	1.505445e-01	0.000000e+00	-5.981817e+00	2.036539e+05
6.283200e-01	1.896128e+05	-4.953033e-02	1.508229e-01	0.000000e+00	-1.485851e+03	1.910987e+05
6.295100e-01	2.110575e+05	-4.970997e-02	1.511067e-01	0.000000e+00	-2.833892e+03	2.138914e+05
6.307000e-01	2.130321e+05	-4.988997e-02	1.514070e-01	0.000000e+00	-3.923642e+03	2.169557e+05
6.318900e-01	2.236045e+05	-5.007032e-02	1.517162e-01	0.000000e+00	-5.107417e+03	2.287119e+05
6.330800e-01	2.031073e+05	-5.025105e-02	1.520184e-01	0.000000e+00	-2.771271e+03	2.058786e+05
6.342700e-01	2.151433e+05	-5.043212e-02	1.523146e-01	0.000000e+00	-1.951899e+03	2.170952e+05
6.354600e-01	2.350574e+05	-5.061356e-02	1.526334e-01	0.000000e+00	-1.769577e+03	2.368270e+05
6.366500e-01	2.162645e+05	-5.079539e-02	1.529530e-01	0.000000e+00	-2.662293e+03	2.189268e+05
6.378400e-01	2.330606e+05	-5.097759e-02	1.532712e-01	0.000000e+00	-1.842369e+03	2.349030e+05
6.390300e-01	2.156295e+05	-5.116018e-02	1.535890e-01	0.000000e+00	-2.410377e+03	2.180399e+05
6.402200e-01	2.209502e+05	-5.134313e-02	1.538981e-01	0.000000e+00	-2.269548e+03	2.232197e+05
6.414100e-01	2.247006e+05	-5.152645e-02	1.542137e-01	0.000000e+00	-3.645412e+03	2.283460e+05
6.426000e-01	2.285518e+05	-5.171016e-02	1.545347e-01	0.000000e+00	-3.436061e+03	2.319879e+05
6.437900e-01	2.250493e+05	-5.189425e-02	1.548559e-01	0.000000e+00	-2.806492e+03	2.278558e+05
6.449800e-01	2.162006e+05	-5.207871e-02	1.551684e-01	0.000000e+00	-2.350509e+03	2.185511e+05
6.461700e-01	2.205825e+05	-5.226355e-02	1.554777e-01	0.000000e+00	-2.242266e+03	2.228248e+05
6.473600e-01	2.313584e+05	-5.244875e-02	1.557978e-01	0.000000e+00	-1.867038e+03	2.332254e+05
6.485500e-01	2.140344e+05	-5.263435e-02	1.561132e-01	0.000000e+00	-8.425720e+02	2.148769e+05
6.497400e-01	2.169099e+05	-5.282030e-02	1.564184e-01	0.000000e+00	-2.836193e+03	2.197461e+05
6.509300e-01	2.252318e+05	-5.300662e-02	1.567315e-01	0.000000e+00	-3.130923e+03	2.283627e+05
6.521200e-01	2.312492e+05	-5.319332e-02	1.570547e-01	0.000000e+00	-2.941534e+03	2.341908e+05
6.533100e-01	2.375425e+05	-5.338041e-02	1.573867e-01	0.000000e+00	-3.215281e+03	2.407577e+05
6.545000e-01	2.470888e+05	-5.356790e-02	1.577299e-01	0.000000e+00	-4.076551e+03	2.511653e+05
6.556900e-01	2.225639e+05	-5.375581e-02	1.580625e-01	0.000000e+00	-1.749863e+03	2.243137e+05
6.568800e-01	2.073633e+05	-5.394409e-02	1.583670e-01	0.000000e+00	-1.410298e+03	2.087736e+05
6.580700e-01	2.202727e+05	-5.413272e-02	1.586698e-01	0.000000e+00	-3.625413e+03	2.238981e+05
6.592600e-01	2.291658e+05	-5.432173e-02	1.589881e-01	0.000000e+00	-2.302072e+03	2.314679e+05
6.604500e-01	2.003414e+05	-5.451111e-02	1.592922e-01	0.000000e+00	-3.727250e+03	2.040687e+05
6.616400e-01	2.024789e+05	-5.470084e-02	1.595775e-01	0.000000e+00	-3.560815e+03	2.060397e+05
6.628300e-01	2.228480e+05	-5.489091e-02	1.598787e-01	0.000000e+00	-1.877589e+03	2.247256e+05
6.640200e-01	2.294408e+05	-5.508135e-02	1.601990e-01	0.000000e+00	-1.166469e+03	2.306073e+05
6.652100e-01	2.353391e+05	-5.527218e-02	1.605281e-01	0.000000e+00	-3.059985e+03	2.383991e+05
6.664000e-01	2.194051e+05	-5.546341e-02	1.608502e-01	0.000000e+00	-1.016681e+03	2.204218e+05
6.675900e-01	1.957980e+05	-5.565501e-02	1.611442e-01	0.000000e+00	-1.479553e+03	1.972776e+05
6.687800e-01	2.048016e+05	-5.584693e-02	1.614279e-01	0.000000e+00	-3.041452e+03	2.078431e+05
6.699700e-01	2.190614e+05	-5.603920e-02	1.617281e-01	0.000000e+00	-2.499049e+03	2.215605e+05
6.711600e-01	2.128332e+05	-5.623184e-02	1.620339e-01	0.000000e+00	-2.143154e+03	2.149763e+05
6.723500e-01	2.274381e+05	-5.642484e-02	1.623457e-01	0.000000e+00	-7.197054e+02	2.281578e+05
6.735400e-01	2.293631e+05	-5.661823e-02	1.626692e-01	0.000000e+00	-3.354877e+02	2.296986e+05
6.747300e-01	2.225274e+05	-5.681200e-02	1.629892e-01	0.000000e+00	-1.669579e+03	2.241970e+05
6.759200e-01	2.403951e+05	-5.700614e-02	1.633170e-01	0.000000e+00	-2.402182e+03	2.427973e+05
6.771100e-01	2.187564e+05	-5.720069e-02	1.636422e-01	0.000000e+00	-2.461331e+03	2.212177e+05
6.783000e-01	2.121887e+05	-5.739561e-02	1.639474e-01	0.000000e+00	-3.589343e+03	2.157781e+05
6.794900e-01	2.143599e+05	-5.759089e-02	1.642494e-01	0.000000e+00	-1.306783e+03	2.156667e+05
6.806800e-01	2.292826e+05	-5.778652e-02	1.645636e-01	0.000000e+00	-7.203965e+02	2.300030e+05
6.818700e-01	2.355201e+05	-5.798255e-02	1.648928e-01	0.000000e+00	-6.493814e+02	2.361695e+05
6.830600e-01	2.077664e+05	-5.817897e-02	1.652067e-01	0.000000e+00	-3.066100e+03	2.108325e+05
6.842500e-01	2.228457e+05	-5.837574e-02	1.655116e-01	0.000000e+00	-5.366718e+03	2.282124e+05
6.854400e-01	2.073559e+05	-5.857289e-02	1.658163e-01	0.000000e+00	-2.532747e+03	2.098887e+05
6.866300e-01	2.217143e+05	-5.877038e-02	1.661201e-01	0.000000e+00	-2.105374e+03	2.238197e+05
6.878200e-01	2.327395e+05	-5.896825e-02	1.664420e-01	0.000000e+00	-2.046709e+03	2.347862e+05
6.890100e-01	2.233071e+05	-5.916651e-02	1.667649e-01	0.000000e+00	-1.965837e+03	2.252730e+05
6.902000e-01	2.455383e+05	-5.936515e-02	1.670969e-01	0.000000e+00	-1.772632e+03	2.473110e+05
6.913900e-01	2.063060e+05	-5.956421e-02	1.674169e-01	0.000000e+00	-1.622844e+03	2.079288e+05
6.925800e-01	2.073532e+05	-5.976361e-02	1.677099e-01	0.000000e+00	-6.857529e+02	2.080389e+05
6.937700e-01	2.230761e+05	-5.996335e-02	1.680147e-01	0.000000e+00	-1.791953e+03	2.248681e+05
6.949600e-01	2.307760e+05	-6.016348e-02	1.683361e-01	0.000000e+00	-3.301181e+03	2.340771e+05
6.961500e-01	2.189665e+05	-6.036399e-02	1.686546e-01	0.000000e+00	-2.941663e+03	2.219081e+05
6.973400e-01	2.063237e+05	-6.056488e-02	1.689557e-01	0.000000e+00	-2.143222e+03	2.084669e+05
6.985300e-01	2.230902e+05	-6.076611e-02	1.692598e-01	0.000000e+00	-7.186826e+02	2.238089e+05
6.997200e-01	2.291275e+05	-6.096772e-02	1.695801e-01	0.000000e+00	-1.221274e+03	2.303487e+05
7.009100e-01	2.076375e+05	-6.116971e-02	1.698894e-01	0.000000e+00	-1.965884e+03	2.096034e+05
7.021000e-01	2.056844e+05	-6.137205e-02	1.701821e-01	0.000000e+00	-8.976792e+02	2.065820e+05
7.032900e-01	2.158730e+05	-6.157474e-02	1.704806e-01	0.000000e+00	-2.807413e+03	2.186804e+05
7.044800e-01	2.186535e+05	-6.177780e-02	1.707883e-01	0.000000e+00	-2.007702e+03	2.206612e+05
7.056700e-01	2.226223e+05	-6.198122e-02	1.711008e-01	0.000000e+00	-3.342449e+03	2.259647e+05
7.068600e-01	2.179009e+05	-6.218502e-02	1.714128e-01	0.000000e+00	-3.524006e+03	2.214249e+05
7.080500e-01	2.089546e+05	-6.238918e-02	1.717151e-01	0.000000e+00	-4.428870e+03	2.133835e+05
7.092400e-01	1.937261e+05	-6.259370e-02	1.720002e-01	0.000000e+00	-1.944358e+03	1.956704e+05
7.104300e-01	2.002436e+05	-6.279854e-02	1.722792e-01	0.000000e+00	-1.572026e+03	2.018156e+05
7.116200e-01	2.073899e+05	-6.300372e-02	1.725679e-01	0.000000e+00	0.000000e+00	2.073899e+05
7.128100e-01	2.161461e+05	-6.320925e-02	1.728678e-01	0.000000e+00	0.000000e+00	2.161461e+05
7.140000e-01	2.187363e+05	-6.341515e-02	1.731758e-01	0.000000e+00	-6.114057e+02	2.193477e+05
7.151900e-01	2.212456e+05	-6.362141e-02	1.734874e-01	0.000000e+00	-8.400191e+02	2.220856e+05
7.163800e-01	2.310172e+05	-6.382805e-02	1.738077e-01	0.000000e+00	-7.120212e+02	2.317292e+05
7.175700e-01	2.269517e+05	-6.403507e-02	1.741320e-01	0.000000e+00	-1.498991e+03	2.284507e+05
7.187600e-01	2.195108e+05	-6.424248e-02	1.744481e-01	0.000000e+00	-1.612689e+03	2.211235e+05
7.199500e-01	2.303911e+05	-6.445026e-02	1.747668e-01	0.000000e+00	-3.925848e+03	2.343169e+05
7.211400e-01	2.174779e+05	-6.465843e-02	1.750839e-01	0.000000e+00	-2.452416e+03	2.199303e+05
7.223300e-01	2.251497e+05	-6.486696e-02	1.753974e-01	0.000000e+00	-3.010853e+03	2.281606e+05
7.235200e-01	2.123461e+05	-6.507587e-02	1.757072e-01	0.000000e+00	-2.686679e+03	2.150328e+05
7.247100e-01	2.153103e+05	-6.528514e-02	1.760100e-01	0.000000e+00	-1.691400e+03	2.170017e+05
7.259000e-01	2.247586e+05	-6.549478e-02	1.763217e-01	0.000000e+00	-3.091854e+03	2.278504e+05
7.270900e-01	2.166395e+05	-6.570479e-02	1.766343e-01	0.000000e+00	-3.200552e+03	2.198400e+05
7.282800e-01	2.235911e+05	-6.591517e-02	1.769460e-01	0.000000e+00	-2.619181e+03	2.262103e+05
7.294700e-01	2.260046e+05	-6.612592e-02	1.772644e-01	0.000000e+00	-8.989039e+02	2.269035e+05
7.306600e-01	2.337843e+05	-6.633706e-02	1.775900e-01	0.000000e+00	-1.415810e+03	2.352001e+05
7.318500e-01	2.376416e+05	-6.654859e-02	1.779239e-01	0.000000e+00	-3.920764e+03	2.415624e+05
7.330400e-01	2.129591e+05	-6.676051e-02	1.782430e-01	0.000000e+00	-2.794165e+03	2.157533e+05
7.342300e-01	2.365066e+05	-6.697280e-02	1.785613e-01	0.000000e+00	-2.983385e+03	2.394900e+05
7.354200e-01	1.990717e+05	-6.718549e-02	1.788697e-01	0.000000e+00	-2.311430e+03	2.013832e+05
7.366100e-01	2.048172e+05	-6.739851e-02	1.791557e-01	0.000000e+00	-1.419111e+03	2.062363e+05
7.378000e-01	2.085419e+05	-6.761188e-02	1.794485e-01	0.000000e+00	-3.697943e+02	2.089117e+05
7.389900e-01	1.958296e+05	-6.782560e-02	1.797348e-01	0.000000e+00	-7.292624e+02	1.965589e+05
7.401800e-01	2.117231e+05	-6.803965e-02	1.800234e-01	0.000000e+00	-2.699018e+03	2.144221e+05
7.413700e-01	2.125172e+05	-6.825406e-02	1.803239e-01	0.000000e+00	-1.243942e+03	2.137612e+05
7.425600e-01	2.239813e+05	-6.846882e-02	1.806330e-01	0.000000e+00	-1.950951e+03	2.259323e+05
7.437500e-01	2.298934e+05	-6.868396e-02	1.809544e-01	0.000000e+00	-1.492405e+03	2.313858e+05
7.449400e-01	2.079566e+05	-6.889949e-02	1.812645e-01	0.000000e+00	-4.343923e+03	2.123005e+05
7.461300e-01	2.054781e+05	-6.911537e-02	1.815573e-01	0.000000e+00	-3.273813e+03	2.087519e+05
7.473200e-01	2.123632e+05	-6.933160e-02	1.818532e-01	0.000000e+00	-1.543951e+03	2.139071e+05
7.485100e-01	2.159494e+05	-6.954818e-02	1.821565e-01	0.000000e+00	-3.510297e+02	2.163004e+05
7.497000e-01	2.112408e+05	-6.976513e-02	1.824590e-01	0.000000e+00	-1.755487e+03	2.129963e+05
7.508900e-01	2.225127e+05	-6.998244e-02	1.827662e-01	0.000000e+00	-8.212929e+02	2.233340e+05
7.520800e-01	2.260066e+05	-7.020011e-02	1.830838e-01	0.000000e+00	-8.340768e+02	2.268406e+05
7.532700e-01	2.090191e+05	-7.041817e-02	1.833919e-01	0.000000e+00	-1.262359e+03	2.102814e+05
7.544600e-01	2.178110e+05	-7.063659e-02	1.836941e-01	0.000000e+00	-2.544649e+03	2.203556e+05
7.556500e-01	2.271737e+05	-7.085537e-02	1.840092e-01	0.000000e+00	-2.711907e+03	2.298856e+05
7.568400e-01	2.040503e+05	-7.107453e-02	1.843146e-01	0.000000e+00	-9.761948e+02	2.050265e+05
7.580300e-01	2.187983e+05	-7.129404e-02	1.846141e-01	0.000000e+00	-1.375233e+03	2.201735e+05
7.592200e-01	2.235085e+05	-7.151391e-02	1.849273e-01	0.000000e+00	-1.737900e+03	2.252464e+05
7.604100e-01	2.194009e+05	-7.173416e-02	1.852409e-01	0.000000e+00	-1.799034e+03	2.211999e+05
7.616000e-01	2.357757e+05	-7.195478e-02	1.855633e-01	0.000000e+00	-3.205425e+03	2.389811e+05
7.627900e-01	2.371794e+05	-7.217580e-02	1.858982e-01	0.000000e+00	-1.887301e+03	2.390667e+05
7.639800e-01	2.135335e+05	-7.239722e-02	1.862174e-01	0.000000e+00	-6.037622e+02	2.141373e+05
7.651700e-01	2.068403e+05	-7.261900e-02	1.865151e-01	0.000000e+00	-1.802398e+03	2.086427e+05
7.663600e-01	2.093043e+05	-7.284113e-02	1.868098e-01	0.000000e+00	-2.528973e+03	2.118333e+05
7.675500e-01	2.260994e+05	-7.306361e-02	1.871181e-01	0.000000e+00	-2.054223e+03	2.281536e+05
7.687400e-01	2.179283e+05	-7.328647e-02	1.874326e-01	0.000000e+00	-1.671082e+03	2.195994e+05
7.699300e-01	2.227345e+05	-7.350970e-02	1.877446e-01	0.000000e+00	-1.985697e+03	2.247202e+05
7.711200e-01	2.198180e+05	-7.373330e-02	1.880580e-01	0.000000e+00	-1.128568e+03	2.209466e+05
7.723100e-01	2.301136e+05	-7.395728e-02	1.883767e-01	0.000000e+00	-1.742665e+03	2.318562e+05
7.735000e-01	2.277057e+05	-7.418164e-02	1.887009e-01	0.000000e+00	-1.601945e+03	2.293077e+05
7.746900e-01	2.269117e+05	-7.440638e-02	1.890228e-01	0.000000e+00	-2.791466e+03	2.297032e+05
7.758800e-01	2.016010e+05	-7.463151e-02	1.893263e-01	0.000000e+00	-2.003803e+03	2.036048e+05
7.770700e-01	2.041769e+05	-7.485698e-02	1.896136e-01	0.000000e+00	-2.783940e+02	2.044553e+05
7.782600e-01	2.200736e+05	-7.508279e-02	1.899141e-01	0.000000e+00	-1.846810e+03	2.219204e+05
7.794500e-01	2.278876e+05	-7.530898e-02	1.902313e-01	0.000000e+00	-2.842908e+03	2.307305e+05
7.806400e-01	2.123142e+05	-7.553554e-02	1.905430e-01	0.000000e+00	-1.846499e+03	2.141607e+05
7.818300e-01	2.286522e+05	-7.576247e-02	1.908553e-01	0.000000e+00	-3.723182e+03	2.323754e+05
7.830200e-01	2.248323e+05	-7.598978e-02	1.911765e-01	0.000000e+00	-2.621528e+03	2.274538e+05
7.842100e-01	2.377841e+05	-7.621747e-02	1.915041e-01	0.000000e+00	-1.005664e+03	2.387898e+05
7.854000e-01	2.270602e+05	-7.644556e-02	1.918332e-01	0.000000e+00	-1.323707e+03	2.283839e+05
7.865900e-01	2.429308e+05	-7.667403e-02	1.921661e-01	0.000000e+00	-2.114427e+03	2.450452e+05
7.877800e-01	2.264083e+05	-7.690291e-02	1.924984e-01	0.000000e+00	-1.681899e+03	2.280902e+05
7.889700e-01	2.211238e+05	-7.713218e-02	1.928154e-01	0.000000e+00	-3.020353e+03	2.241441e+05
7.901600e-01	2.230057e+05	-7.736181e-02	1.931299e-01	0.000000e+00	-3.067250e+03	2.260729e+05
7.913500e-01	2.106575e+05	-7.759183e-02	1.934370e-01	0.000000e+00	-1.903715e+03	2.125612e+05
7.925400e-01	2.163216e+05	-7.782219e-02	1.937394e-01	0.000000e+00	-8.337947e+02	2.171554e+05
7.937300e-01	2.144566e+05	-7.805293e-02	1.940444e-01	0.000000e+00	-3.046343e+03	2.175029e+05
7.949200e-01	2.542026e+05	-7.828402e-02	1.943763e-01	0.000000e+00	-1.739788e+03	2.559424e+05
7.961100e-01	2.091014e+05	-7.851554e-02	1.947044e-01	0.000000e+00	-1.383406e+03	2.104848e+05
7.973000e-01	2.078728e+05	-7.874742e-02	1.949997e-01	0.000000e+00	-4.714819e+02	2.083443e+05
7.984900e-01	2.257771e+05	-7.897964e-02	1.953068e-01	0.000000e+00	-1.383169e+03	2.271602e+05
7.996800e-01	2.287329e+05	-7.921225e-02	1.956287e-01	0.000000e+00	-1.050400e+03	2.297833e+05
8.008700e-01	2.221492e+05	-7.944524e-02	1.959480e-01	0.000000e+00	-1.863280e+03	2.240125e+05
8.020600e-01	2.230847e+05	-7.967860e-02	1.962633e-01	0.000000e+00	-2.518080e+03	2.256028e+05
8.032500e-01	2.382218e+05	-7.991234e-02	1.965899e-01	0.000000e+00	-2.341401e+03	2.405632e+05
8.044400e-01	2.242052e+05	-8.014649e-02	1.969174e-01	0.000000e+00	-7.251343e+02	2.249303e+05
8.056300e-01	2.060521e+05	-8.038101e-02	1.972221e-01	0.000000e+00	-1.585873e+03	2.076380e+05
8.068200e-01	2.116951e+05	-8.061588e-02	1.975179e-01	0.000000e+00	-1.050956e+03	2.127460e+05
8.080100e-01	2.241802e+05	-8.085110e-02	1.978266e-01	0.000000e+00	-2.965754e+03	2.271459e+05
8.092000e-01	2.151324e+05	-8.108670e-02	1.981377e-01	0.000000e+00	-3.413163e+03	2.185456e+05
8.103900e-01	2.370642e+05	-8.132267e-02	1.984579e-01	0.000000e+00	-1.101485e+03	2.381657e+05
8.115800e-01	2.370131e+05	-8.155903e-02	1.987937e-01	0.000000e+00	-8.267792e+02	2.378399e+05
8.127700e-01	2.334459e+05	-8.179580e-02	1.991268e-01	0.000000e+00	-1.566233e+03	2.350121e+05
8.139600e-01	2.137174e+05	-8.203295e-02	1.994435e-01	0.000000e+00	-1.551605e+03	2.152690e+05
8.151500e-01	2.001355e+05	-8.227047e-02	1.997366e-01	0.000000e+00	-2.665960e+03	2.028014e+05
8.163400e-01	2.176619e+05	-8.250833e-02	2.000324e-01	0.000000e+00	-1.124518e+03	2.187864e+05
8.175300e-01	2.375260e+05	-8.274655e-02	2.003548e-01	0.000000e+00	-2.378831e+03	2.399048e+05
8.187200e-01	2.350087e+05	-8.298517e-02	2.006894e-01	0.000000e+00	-2.363120e+03	2.373718e+05
8.199100e-01	2.382142e+05	-8.322419e-02	2.010245e-01	0.000000e+00	-9.683779e+02	2.391826e+05
8.211000e-01	2.292207e+05	-8.346361e-02	2.013556e-01	0.000000e+00	-8.402218e+02	2.300609e+05
8.222900e-01	2.209221e+05	-8.370342e-02	2.016743e-01	0.000000e+00	-1.268611e+03	2.221907e+05
8.234800e-01	2.282457e+05	-8.394360e-02	2.019924e-01	0.000000e+00	-2.074196e+03	2.303199e+05
8.246700e-01	2.298866e+05	-8.418416e-02	2.023169e-01	0.000000e+00	-1.479806e+03	2.313664e+05
8.258600e-01	2.190026e+05	-8.442511e-02	2.026347e-01	0.000000e+00	-4.557568e+02	2.194584e+05
8.270500e-01	2.205324e+05	-8.466643e-02	2.029460e-01	0.000000e+00	-7.138956e+02	2.212463e+05
8.282400e-01	2.222641e+05	-8.490812e-02	2.032596e-01	0.000000e+00	-1.884366e+03	2.241484e+05
8.294300e-01	2.256640e+05	-8.515019e-02	2.035768e-01	0.000000e+00	-1.239138e+03	2.269032e+05
8.306200e-01	2.377099e+05	-8.539263e-02	2.039049e-01	0.000000e+00	-3.636699e+02	2.380736e+05
8.318100e-01	2.156478e+05	-8.563548e-02	2.042260e-01	0.000000e+00	-1.874370e+03	2.175221e+05
8.330000e-01	2.255838e+05	-8.587869e-02	2.045385e-01	0.000000e+00	-7.998540e+02	2.263837e+05
8.341900e-01	2.045279e+05	-8.612228e-02	2.048430e-01	0.000000e+00	-1.145100e+03	2.056730e+05
8.353800e-01	2.306456e+05	-8.636622e-02	2.051512e-01	0.000000e+00	-8.590226e+02	2.315046e+05
8.365700e-01	2.409382e+05	-8.661054e-02	2.054852e-01	0.000000e+00	-7.126162e+02	2.416508e+05
8.377600e-01	2.332296e+05	-8.685527e-02	2.058210e-01	0.000000e+00	-6.761113e+02	2.339057e+05
8.389500e-01	2.180178e+05	-8.710040e-02	2.061405e-01	0.000000e+00	-1.132281e+03	2.191501e+05
8.401400e-01	2.179487e+05	-8.734589e-02	2.064493e-01	0.000000e+00	-1.672756e+03	2.196215e+05
8.413300e-01	2.317629e+05	-8.759175e-02	2.067677e-01	0.000000e+00	-1.717958e+03	2.334808e+05
8.425200e-01	2.465776e+05	-8.783799e-02	2.071065e-01	0.000000e+00	-3.153078e+03	2.497306e+05
8.437100e-01	2.361062e+05	-8.808466e-02	2.074483e-01	0.000000e+00	-1.179790e+03	2.372859e+05
8.449000e-01	2.172920e+05	-8.833172e-02	2.077694e-01	0.000000e+00	-1.638365e+03	2.189304e+05
8.460900e-01	2.168294e+05	-8.857915e-02	2.080768e-01	0.000000e+00	-2.208889e+03	2.190383e+05
8.472800e-01	2.357191e+05	-8.882694e-02	2.083973e-01	0.000000e+00	-2.647675e+03	2.383668e+05
8.484700e-01	2.291232e+05	-8.907514e-02	2.087265e-01	0.000000e+00	-1.956532e+03	2.310797e+05
8.496600e-01	2.450001e+05	-8.932371e-02	2.090622e-01	0.000000e+00	-4.226880e+03	2.492270e+05
8.508500e-01	2.375788e+05	-8.957270e-02	2.094040e-01	0.000000e+00	-6.064799e+02	2.381853e+05
8.520400e-01	2.174799e+05	-8.982209e-02	2.097262e-01	0.000000e+00	-1.802083e+03	2.192820e+05
8.532300e-01	2.172024e+05	-9.007185e-02	2.100341e-01	0.000000e+00	-2.277754e+03	2.194801e+05
8.544200e-01	2.181827e+05	-9.032198e-02	2.103424e-01	0.000000e+00	-1.997899e+03	2.201806e+05
8.556100e-01	2.154878e+05	-9.057247e-02	2.106495e-01	0.000000e+00	-2.648628e+03	2.181364e+05
8.568000e-01	2.228462e+05	-9.082332e-02	2.109599e-01	0.000000e+00	-5.173340e+02	2.233636e+05
8.579900e-01	2.166394e+05	-9.107455e-02	2.112711e-01	0.000000e+00	-2.471188e+03	2.191105e+05
8.591800e-01	2.238766e+05	-9.132615e-02	2.115831e-01	0.000000e+00	-2.963588e+03	2.268402e+05
8.603700e-01	2.217105e+05	-9.157812e-02	2.118986e-01	0.000000e+00	-5.840357e+02	2.222946e+05
8.615600e-01	2.226233e+05	-9.183047e-02	2.122133e-01	0.000000e+00	-1.128122e+03	2.237514e+05
8.627500e-01	2.155755e+05	-9.208319e-02	2.125236e-01	0.000000e+00	-5.908898e+02	2.161663e+05
8.639400e-01	2.570286e+05	-9.233627e-02	2.128583e-01	0.000000e+00	-8.194747e+02	2.578481e+05
8.651300e-01	2.246455e+05	-9.258979e-02	2.131994e-01	0.000000e+00	-1.446835e+03	2.260923e+05
8.663200e-01	2.225922e+05	-9.284369e-02	2.135161e-01	0.000000e+00	-2.377298e+02	2.228299e+05
8.675100e-01	2.505080e+05	-9.309796e-02	2.138512e-01	0.000000e+00	-1.259319e+03	2.517673e+05
8.687000e-01	2.369502e+05	-9.335265e-02	2.141964e-01	0.000000e+00	-1.013817e+03	2.379640e+05
8.698900e-01	2.371675e+05	-9.360775e-02	2.145321e-01	0.000000e+00	-2.281298e+03	2.394488e+05
8.710800e-01	2.195132e+05	-9.386324e-02	2.148555e-01	0.000000e+00	-2.960697e+03	2.224739e+05
8.722700e-01	2.159314e+05	-9.411910e-02	2.151639e-01	0.000000e+00	-1.034727e+03	2.169661e+05
8.734600e-01	2.230535e+05	-9.437533e-02	2.154747e-01	0.000000e+00	-3.375948e+03	2.264294e+05
8.746500e-01	2.145029e+05	-9.463193e-02	2.157846e-01	0.000000e+00	-5.502596e+03	2.200055e+05
8.758400e-01	2.054856e+05	-9.488890e-02	2.160820e-01	0.000000e+00	-1.059078e+03	2.065446e+05
8.770300e-01	2.023909e+05	-9.514621e-02	2.163709e-01	0.000000e+00	-1.637032e+03	2.040280e+05
8.782200e-01	2.174655e+05	-9.540386e-02	2.166682e-01	0.000000e+00	-3.521241e+03	2.209867e+05
8.794100e-01	2.095711e+05	-9.566188e-02	2.169706e-01	0.000000e+00	-2.435223e+03	2.120064e+05
8.806000e-01	2.092364e+05	-9.592025e-02	2.172672e-01	0.000000e+00	-2.086526e+03	2.113229e+05
8.817900e-01	2.369165e+05	-9.617897e-02	2.175832e-01	0.000000e+00	-2.816454e+03	2.397329e+05
8.829800e-01	2.377637e+05	-9.643810e-02	2.179193e-01	0.000000e+00	-2.019383e+03	2.397831e+05
8.841700e-01	2.440115e+05	-9.669762e-02	2.182605e-01	0.000000e+00	-1.740584e+03	2.457521e+05
8.853600e-01	2.214393e+05	-9.695756e-02	2.185901e-01	0.000000e+00	-2.982567e+03	2.244219e+05
8.865500e-01	2.179208e+05	-9.721787e-02	2.189012e-01	0.000000e+00	-8.627734e+02	2.187836e+05
8.877400e-01	2.103508e+05	-9.747854e-02	2.192045e-01	0.000000e+00	-9.706246e+02	2.113215e+05
8.889300e-01	2.123460e+05	-9.773957e-02	2.195039e-01	0.000000e+00	-2.142079e+03	2.144881e+05
8.901200e-01	2.256494e+05	-9.800096e-02	2.198140e-01	0.000000e+00	-9.893275e+02	2.266387e+05
8.913100e-01	2.245866e+05	-9.826273e-02	2.201329e-01	0.000000e+00	-8.483567e+02	2.254350e+05
8.925000e-01	2.221508e+05	-9.852488e-02	2.204492e-01	0.000000e+00	0.000000e+00	2.221508e+05
8.936900e-01	2.378729e+05	-9.878740e-02	2.207750e-01	0.000000e+00	-8.573945e+02	2.387303e+05
8.948800e-01	2.308340e+05	-9.905032e-02	2.211069e-01	0.000000e+00	-2.096024e+03	2.329300e+05
8.960700e-01	2.140599e+05	-9.931363e-02	2.214220e-01	0.000000e+00	-1.469926e+03	2.155298e+05
8.972600e-01	2.400311e+05	-9.957731e-02	2.217436e-01	0.000000e+00	-1.301845e+03	2.413330e+05
8.984500e-01	2.371122e+05	-9.984138e-02	2.220815e-01	0.000000e+00	-6.764701e+02	2.377887e+05
8.996400e-01	2.185217e+05	-1.001059e-01	2.224041e-01	0.000000e+00	-3.210294e+02	2.188427e+05
9.008300e-01	2.229165e+05	-1.003707e-01	2.227167e-01	0.000000e+00	-2.487127e+03	2.254037e+05
9.020200e-01	2.435216e+05	-1.006359e-01	2.230470e-01	0.000000e+00	-2.846212e+03	2.463678e+05
9.032100e-01	2.243952e+05	-1.009016e-01	2.233784e-01	0.000000e+00	-1.196762e+03	2.255920e+05
9.044000e-01	2.174765e+05	-1.011676e-01	2.236913e-01	0.000000e+00	-1.032923e+03	2.185095e+05
9.055900e-01	2.118554e+05	-1.014339e-01	2.239954e-01	0.000000e+00	-4.979174e+02	2.123534e+05
9.067800e-01	2.375726e+05	-1.017007e-01	2.243136e-01	0.000000e+00	-2.215516e+03	2.397881e+05
9.079700e-01	2.303044e+05	-1.019678e-01	2.246450e-01	0.000000e+00	-2.079552e+03	2.323840e+05
9.091600e-01	2.279555e+05	-1.022353e-01	2.249695e-01	0.000000e+00	-6.656045e+02	2.286211e+05
9.103500e-01	2.253391e+05	-1.025032e-01	2.252905e-01	0.000000e+00	-1.264099e+03	2.266032e+05
9.115400e-01	2.190979e+05	-1.027715e-01	2.256052e-01	0.000000e+00	0.000000e+00	2.190979e+05
9.127300e-01	2.172929e+05	-1.030402e-01	2.259143e-01	0.000000e+00	0.000000e+00	2.172929e+05
9.139200e-01	2.402145e+05	-1.033092e-01	2.262383e-01	0.000000e+00	-8.800379e+02	2.410945e+05
9.151100e-01	2.326085e+05	-1.035786e-01	2.265731e-01	0.000000e+00	-1.510424e+03	2.341189e+05
9.163000e-01	2.326081e+05	-1.038484e-01	2.269025e-01	0.000000e+00	-1.101945e+03	2.337100e+05
9.174900e-01	2.332913e+05	-1.041187e-01	2.272325e-01	0.000000e+00	-1.232814e+03	2.345241e+05
9.186800e-01	2.193373e+05	-1.043893e-01	2.275530e-01	0.000000e+00	-2.305085e+03	2.216424e+05
9.198700e-01	2.149777e+05	-1.046602e-01	2.278606e-01	0.000000e+00	-8.780765e+02	2.158558e+05
9.210600e-01	2.210088e+05	-1.049316e-01	2.281693e-01	0.000000e+00	-1.017723e+03	2.220265e+05
9.222500e-01	2.332073e+05	-1.052033e-01	2.284910e-01	0.000000e+00	-7.759463e+02	2.339832e+05
9.234400e-01	2.473757e+05	-1.054754e-01	2.288313e-01	0.000000e+00	-1.226163e+03	2.486019e+05
9.246300e-01	2.307652e+05	-1.057479e-01	2.291699e-01	0.000000e+00	-2.075869e+03	2.328410e+05
9.258200e-01	2.329589e+05	-1.060208e-01	2.294983e-01	0.000000e+00	-2.142238e+03	2.351011e+05
9.270100e-01	2.422359e+05	-1.062941e-01	2.298348e-01	0.000000e+00	-2.254358e+03	2.444902e+05
9.282000e-01	2.371123e+05	-1.065678e-01	2.301743e-01	0.000000e+00	-4.008499e+02	2.375131e+05
9.293900e-01	2.397020e+05	-1.068419e-01	2.305120e-01	0.000000e+00	-1.052016e+03	2.407540e+05
9.305800e-01	2.530443e+05	-1.071164e-01	2.308609e-01	0.000000e+00	-7.592097e+02	2.538035e+05
9.317700e-01	2.276861e+05	-1.073914e-01	2.312013e-01	0.000000e+00	-6.045881e+02	2.282907e+05
9.329600e-01	2.144791e+05	-1.076667e-01	2.315145e-01	0.000000e+00	-2.306046e+03	2.167852e+05
9.341500e-01	2.077258e+05	-1.079424e-01	2.318135e-01	0.000000e+00	-1.835156e+03	2.095610e+05
9.353400e-01	2.318504e+05	-1.082184e-01	2.321247e-01	0.000000e+00	-2.460003e+03	2.343104e+05
9.365300e-01	2.351522e+05	-1.084948e-01	2.324555e-01	0.000000e+00	-2.076916e+03	2.372292e+05
9.377200e-01	2.375803e+05	-1.087716e-01	2.327902e-01	0.000000e+00	-8.021930e+02	2.383825e+05
9.389100e-01	2.085212e+05	-1.090489e-01	2.331061e-01	0.000000e+00	-2.165807e+03	2.106870e+05
9.401000e-01	2.050979e+05	-1.093264e-01	2.333991e-01	0.000000e+00	-1.348140e+03	2.064461e+05
9.412900e-01	2.306736e+05	-1.096044e-01	2.337077e-01	0.000000e+00	-4.194221e+02	2.310930e+05
9.424800e-01	2.336646e+05	-1.098827e-01	2.340365e-01	0.000000e+00	-1.012494e+03	2.346771e+05
9.436700e-01	2.244568e+05	-1.101614e-01	2.343609e-01	0.000000e+00	-1.958565e+03	2.264153e+05
9.448600e-01	2.216053e+05	-1.104404e-01	2.346768e-01	0.000000e+00	-1.735655e+03	2.233410e+05
9.460500e-01	2.444830e+05	-1.107199e-01	2.350069e-01	0.000000e+00	-1.469896e+03	2.459529e+05
9.472400e-01	2.402353e+05	-1.109998e-01	2.353501e-01	0.000000e+00	-3.772950e+03	2.440082e+05
9.484300e-01	2.500223e+05	-1.112800e-01	2.356973e-01	0.000000e+00	-3.106601e+03	2.531289e+05
9.496200e-01	2.404433e+05	-1.115607e-01	2.360446e-01	0.000000e+00	-3.405968e+03	2.438493e+05
9.508100e-01	2.079516e+05	-1.118418e-01	2.363622e-01	0.000000e+00	-1.013930e+03	2.089656e+05
9.520000e-01	2.182314e+05	-1.121233e-01	2.366640e-01	0.000000e+00	-1.534206e+02	2.183848e+05
9.531900e-01	2.028465e+05	-1.124051e-01	2.369622e-01	0.000000e+00	-6.839715e+02	2.035304e+05
9.543800e-01	2.089619e+05	-1.126872e-01	2.372538e-01	0.000000e+00	-1.047829e+03	2.100097e+05
9.555700e-01	2.171582e+05	-1.129697e-01	2.375556e-01	0.000000e+00	-2.336825e+03	2.194951e+05
9.567600e-01	2.403196e+05	-1.132526e-01	2.378795e-01	0.000000e+00	-5.222793e+02	2.408419e+05
9.579500e-01	2.148517e+05	-1.135359e-01	2.382019e-01	0.000000e+00	-1.317022e+03	2.161687e+05
9.591400e-01	2.128335e+05	-1.138195e-01	2.385047e-01	0.000000e+00	-1.935187e+03	2.147687e+05
9.603300e-01	2.237876e+05	-1.141035e-01	2.388139e-01	0.000000e+00	-3.324863e+03	2.271125e+05
9.615200e-01	2.174346e+05	-1.143879e-01	2.391264e-01	0.000000e+00	-5.967285e+02	2.180313e+05
9.627100e-01	2.439323e+05	-1.146726e-01	2.394531e-01	0.000000e+00	-7.028947e+02	2.446352e+05
9.639000e-01	2.359794e+05	-1.149578e-01	2.397930e-01	0.000000e+00	-9.972950e+02	2.369767e+05
9.650900e-01	2.291798e+05	-1.152434e-01	2.401224e-01	0.000000e+00	-2.299660e+03	2.314795e+05
9.662800e-01	2.176617e+05	-1.155293e-01	2.404388e-01	0.000000e+00	-2.672198e+03	2.203339e+05
9.674700e-01	2.239616e+05	-1.158156e-01	2.407516e-01	0.000000e+00	-8.909773e+02	2.248526e+05
9.686600e-01	2.211613e+05	-1.161023e-01	2.410668e-01	0.000000e+00	0.000000e+00	2.211613e+05
9.698500e-01	2.255595e+05	-1.163893e-01	2.413831e-01	0.000000e+00	-4.429221e+02	2.260024e+05
9.710400e-01	2.124003e+05	-1.166768e-01	2.416933e-01	0.000000e+00	-3.974140e+02	2.127978e+05
9.722300e-01	2.341777e+05	-1.169646e-01	2.420095e-01	0.000000e+00	0.000000e+00	2.341777e+05
9.734200e-01	2.212489e+05	-1.172528e-01	2.423321e-01	0.000000e+00	0.000000e+00	2.212489e+05
9.746100e-01	2.048817e+05	-1.175413e-01	2.426338e-01	0.000000e+00	-2.460781e+02	2.051278e+05
9.758000e-01	2.310860e+05	-1.178302e-01	2.429426e-01	0.000000e+00	-1.434594e+03	2.325206e+05
9.769900e-01	2.439724e+05	-1.181195e-01	2.432790e-01	0.000000e+00	-9.453680e+01	2.440669e+05
9.781800e-01	2.377604e+05	-1.184092e-01	2.436201e-01	0.000000e+00	-2.413758e+03	2.401741e+05
9.793700e-01	2.410774e+05	-1.186993e-01	2.439592e-01	0.000000e+00	-8.530500e+02	2.419305e+05
9.805600e-01	2.365343e+05	-1.189899e-01	2.442975e-01	0.000000e+00	-3.184116e+02	2.368527e+05
9.817500e-01	2.389007e+05	-1.192808e-01	2.446341e-01	0.000000e+00	-3.094915e+03	2.419956e+05
9.829400e-01	2.363202e+05	-1.195721e-01	2.449707e-01	0.000000e+00	-7.883537e+02	2.371086e+05
9.841300e-01	2.172931e+05	-1.198638e-01	2.452919e-01	0.000000e+00	-8.227437e+02	2.181158e+05
9.853200e-01	2.196677e+05	-1.201559e-01	2.456013e-01	0.000000e+00	-1.759243e+01	2.196853e+05
9.865100e-01	2.373859e+05	-1.204483e-01	2.459250e-01	0.000000e+00	0.000000e+00	2.373859e+05
9.877000e-01	2.458106e+05	-1.207412e-01	2.462672e-01	0.000000e+00	-2.245565e+02	2.460351e+05
9.888900e-01	2.452394e+05	-1.210344e-01	2.466149e-01	0.000000e+00	-1.254379e+03	2.464938e+05
9.900800e-01	2.107093e+05	-1.213281e-01	2.469378e-01	0.000000e+00	-3.927309e+03	2.146366e+05
9.912700e-01	2.063553e+05	-1.216222e-01	2.472332e-01	0.000000e+00	-1.540937e+03	2.078963e+05
9.924600e-01	2.239356e+05	-1.219165e-01	2.475379e-01	0.000000e+00	-6.158430e+02	2.245514e+05
9.936500e-01	2.194527e+05	-1.222113e-01	2.478519e-01	0.000000e+00	-1.427494e+02	2.195955e+05
9.948400e-01	2.338594e+05	-1.225064e-01	2.481729e-01	0.000000e+00	-1.910473e+03	2.357699e+05
9.960300e-01	2.069122e+05	-1.228019e-01	2.484851e-01	0.000000e+00	-1.015493e+03	2.079277e+05
9.972200e-01	2.088317e+05	-1.230978e-01	2.487795e-01	0.000000e+00	-1.785373e+03	2.106171e+05
9.984100e-01	2.307571e+05	-1.233940e-01	2.490908e-01	0.000000e+00	-7.248979e+02	2.314820e+05
9.996000e-01	2.419698e+05	-1.236907e-01	2.494255e-01	0.000000e+00	-2.080997e+03	2.440508e+05
1.000790e+00	2.192940e+05	-1.239877e-01	2.497522e-01	0.000000e+00	-1.800687e+03	2.210947e+05
1.001980e+00	2.039138e+05	-1.242851e-01	2.500519e-01	0.000000e+00	-1.510528e+03	2.054243e+05
1.003170e+00	2.354279e+05	-1.245828e-01	2.503630e-01	0.000000e+00	-1.369943e+03	2.367978e+05
1.004360e+00	2.503729e+05	-1.248809e-01	2.507070e-01	0.000000e+00	-1.892210e+03	2.522651e+05
1.005550e+00	2.210310e+05	-1.251795e-01	2.510409e-01	0.000000e+00	-1.994797e+03	2.230258e+05
1.006740e+00	2.211916e+05	-1.254784e-01	2.513540e-01	0.000000e+00	-9.501857e+02	2.221418e+05
1.007930e+00	2.403109e+05	-1.257777e-01	2.516809e-01	0.000000e+00	-6.546704e+02	2.409656e+05
1.009120e+00	2.275931e+05	-1.260774e-01	2.520122e-01	0.000000e+00	-6.543900e+02	2.282475e+05
1.010310e+00	2.359056e+05	-1.263775e-01	2.523404e-01	0.000000e+00	-1.251574e+03	2.371572e+05
1.011500e+00	2.361406e+05	-1.266780e-01	2.526747e-01	0.000000e+00	-1.008520e+03	2.371491e+05
1.012690e+00	2.499925e+05	-1.269789e-01	2.530190e-01	0.000000e+00	-2.609143e+02	2.502534e+05
1.013880e+00	2.205504e+05	-1.272802e-01	2.533522e-01	0.000000e+00	-1.104225e+03	2.216546e+05
1.015070e+00	2.308432e+05	-1.275818e-01	2.536719e-01	0.000000e+00	-5.764471e+02	2.314197e+05
1.016260e+00	2.062688e+05	-1.278839e-01	2.539814e-01	0.000000e+00	-1.692643e+03	2.079614e+05
1.017450e+00	2.343644e+05	-1.281863e-01	2.542935e-01	0.000000e+00	-2.323596e+03	2.366880e+05
1.018640e+00	2.286111e+05	-1.284891e-01	2.546213e-01	0.000000e+00	-1.280797e+03	2.298919e+05
1.019830e+00	2.100565e+05	-1.287923e-01	2.549320e-01	0.000000e+00	-1.098567e+03	2.111551e+05
1.021020e+00	2.169230e+05	-1.290959e-01	2.552343e-01	0.000000e+00	-3.270872e+02	2.172501e+05
1.022210e+00	2.328576e+05	-1.293998e-01	2.555529e-01	0.000000e+00	-2.028592e+02	2.330605e+05
1.023400e+00	2.123836e+05	-1.297041e-01	2.558682e-01	0.000000e+00	-1.148141e+03	2.135318e+05
1.024590e+00	1.967534e+05	-1.300087e-01	2.561579e-01	0.000000e+00	-4.241608e+02	1.971775e+05
1.025780e+00	2.059278e+05	-1.303137e-01	2.564431e-01	0.000000e+00	-1.420809e+03	2.073486e+05
1.026970e+00	2.112183e+05	-1.306191e-01	2.567385e-01	0.000000e+00	-9.933789e+02	2.122116e+05
1.028160e+00	2.377405e+05	-1.309248e-01	2.570564e-01	0.000000e+00	-1.895232e+03	2.396357e+05
1.029350e+00	2.429667e+05	-1.312309e-01	2.573968e-01	0.000000e+00	-2.279075e+03	2.452458e+05
1.030540e+00	2.236193e+05	-1.315374e-01	2.577273e-01	0.000000e+00	-1.763323e+03	2.253826e+05
1.031730e+00	2.466316e+05	-1.318443e-01	2.580603e-01	0.000000e+00	-1.573602e+03	2.482052e+05
1.032920e+00	2.268922e+05	-1.321516e-01	2.583956e-01	0.000000e+00	-7.056063e+02	2.275978e+05
1.034110e+00	2.271069e+05	-1.324592e-01	2.587171e-01	0.000000e+00	-1.931408e+03	2.290383e+05
1.035300e+00	2.254860e+05	-1.327673e-01	2.590376e-01	0.000000e+00	-1.363347e+03	2.268493e+05
1.036490e+00	2.185889e+05	-1.330757e-01	2.593521e-01	0.000000e+00	-2.654435e+02	2.188543e+05
1.037680e+00	2.239635e+05	-1.333846e-01	2.596655e-01	0.000000e+00	0.000000e+00	2.239635e+05
1.038870e+00	2.211619e+05	-1.336938e-01	2.599807e-01	0.000000e+00	0.000000e+00	2.211619e+05
1.040060e+00	2.109193e+05	-1.340033e-01	2.602867e-01	0.000000e+00	-8.223777e+02	2.117417e+05
1.041250e+00	2.298733e+05	-1.343132e-01	2.605989e-01	0.000000e+00	-1.402202e+03	2.312755e+05
1.042440e+00	2.177823e+05	-1.346235e-01	2.609159e-01	0.000000e+00	-1.162037e+03	2.189444e+05
1.043630e+00	2.296147e+05	-1.349342e-01	2.612327e-01	0.000000e+00	-2.237012e+03	2.318518e+05
1.044820e+00	2.145696e+05	-1.352453e-01	2.615473e-01	0.000000e+00	-2.261814e+03	2.168314e+05
1.046010e+00	2.338829e+05	-1.355567e-01	2.618648e-01	0.000000e+00	-1.212385e+03	2.350952e+05
1.047200e+00	2.337690e+05	-1.358685e-01	2.621960e-01	0.000000e+00	-3.492335e+03	2.372613e+05
1.048390e+00	2.278831e+05	-1.361807e-01	2.625229e-01	0.000000e+00	-1.695552e+03	2.295786e+05
1.049580e+00	2.282999e+05	-1.364933e-01	2.628460e-01	0.000000e+00	-4.273892e+02	2.287273e+05
1.050770e+00	2.387420e+05	-1.368063e-01	2.631767e-01	0.000000e+00	-9.992233e+02	2.397412e+05
1.051960e+00	2.318963e+05	-1.371197e-01	2.635100e-01	0.000000e+00	-2.540598e+02	2.321504e+05
1.053150e+00	2.171182e+05	-1.374334e-01	2.638280e-01	0.000000e+00	-2.446803e+02	2.173628e+05
1.054340e+00	2.190256e+05	-1.377476e-01	2.641369e-01	0.000000e+00	-9.549822e+02	2.199806e+05
1.055530e+00	2.234696e+05	-1.380621e-01	2.644502e-01	0.000000e+00	-4.810098e+02	2.239506e+05
1.056720e+00	2.128908e+05	-1.383770e-01	2.647592e-01	0.000000e+00	-1.418509e+03	2.143093e+05
1.057910e+00	2.071442e+05	-1.386922e-01	2.650567e-01	0.000000e+00	-6.114579e+02	2.077556e+05
1.059100e+00	2.127722e+05	-1.390078e-01	2.653541e-01	0.000000e+00	-1.989130e+03	2.147614e+05
1.060290e+00	2.396648e+05	-1.393238e-01	2.656745e-01	0.000000e+00	-1.825836e+02	2.398474e+05
1.061480e+00	2.392094e+05	-1.396401e-01	2.660136e-01	0.000000e+00	-9.830465e+02	2.401925e+05
1.062670e+00	2.340182e+05	-1.399569e-01	2.663487e-01	0.000000e+00	-2.042417e+03	2.360606e+05
1.063860e+00	2.301081e+05	-1.402740e-01	2.666774e-01	0.000000e+00	-1.921149e+03	2.320292e+05
1.065050e+00	2.197038e+05	-1.405916e-01	2.669959e-01	0.000000e+00	-9.357410e+02	2.206396e+05
1.066240e+00	2.213786e+05	-1.409095e-01	2.673083e-01	0.000000e+00	0.000000e+00	2.213786e+05
1.067430e+00	2.373104e+05	-1.412278e-01	2.676331e-01	0.000000e+00	-1.160767e+03	2.384711e+05
1.068620e+00	2.323122e+05	-1.415464e-01	2.679657e-01	0.000000e+00	-1.360242e+03	2.336724e+05
1.069810e+00	2.388976e+05	-1.418655e-01	2.682994e-01	0.000000e+00	0.000000e+00	2.388976e+05
1.071000e+00	2.561964e+05	-1.421850e-01	2.686500e-01	0.000000e+00	-1.334276e+03	2.575306e+05
1.072190e+00	2.433427e+05	-1.425049e-01	2.690037e-01	0.000000e+00	-2.189519e+03	2.455322e+05
1.073380e+00	2.234036e+05	-1.428252e-01	2.693343e-01	0.000000e+00	-1.518221e+03	2.249218e+05
1.074570e+00	2.308103e+05	-1.431459e-01	2.696559e-01	0.000000e+00	-7.527063e+02	2.315630e+05
1.075760e+00	2.176373e+05	-1.434670e-01	2.699735e-01	0.000000e+00	-9.279660e+02	2.185653e+05
1.076950e+00	2.509980e+05	-1.437885e-01	2.703054e-01	0.000000e+00	-1.157475e+03	2.521555e+05
1.078140e+00	2.258727e+05	-1.441103e-01	2.706431e-01	0.000000e+00	-6.921373e+02	2.265648e+05
1.079330e+00	2.217100e+05	-1.444326e-01	2.709600e-01	0.000000e+00	-6.713963e+02	2.223814e+05
1.080520e+00	2.206320e+05	-1.447552e-01	2.712733e-01	0.000000e+00	-8.107101e+02	2.214428e+05
1.081710e+00	2.140955e+05	-1.450782e-01	2.715812e-01	0.000000e+00	-5.807529e+02	2.146763e+05
1.082900e+00	2.360926e+05	-1.454016e-01	2.719000e-01	0.000000e+00	-1.476645e+03	2.375692e+05
1.084090e+00	2.358701e+05	-1.457253e-01	2.722342e-01	0.000000e+00	-9.708529e+02	2.368410e+05
1.085280e+00	2.442123e+05	-1.460495e-01	2.725742e-01	0.000000e+00	-2.321142e+03	2.465334e+05
1.086470e+00	2.237575e+05	-1.463741e-01	2.729056e-01	0.000000e+00	-7.554309e+02	2.245129e+05
1.087660e+00	2.376291e+05	-1.466990e-01	2.732323e-01	0.000000e+00	-1.212705e+03	2.388418e+05
1.088850e+00	2.230351e+05	-1.470244e-01	2.735585e-01	0.000000e+00	-1.115459e+03	2.241506e+05
1.090040e+00	2.320899e+05	-1.473501e-01	2.738808e-01	0.000000e+00	0.000000e+00	2.320899e+05
1.091230e+00	2.403617e+05	-1.476762e-01	2.742154e-01	0.000000e+00	0.000000e+00	2.403617e+05
1.092420e+00	2.357997e+05	-1.480027e-01	2.745526e-01	0.000000e+00	0.000000e+00	2.357997e+05
1.093610e+00	2.308767e+05	-1.483296e-01	2.748831e-01	0.000000e+00	0.000000e+00	2.308767e+05
1.094800e+00	2.338105e+05	-1.486569e-01	2.752122e-01	0.000000e+00	-2.475612e+02	2.340581e+05
1.095990e+00	2.479942e+05	-1.489846e-01	2.755534e-01	0.000000e+00	-5.927749e+02	2.485870e+05
1.097180e+00	2.341960e+05	-1.493128e-01	2.758948e-01	0.000000e+00	-3.016905e+02	2.344976e+05
1.098370e+00	2.384144e+05	-1.496413e-01	2.762295e-01	0.000000e+00	-9.001762e+02	2.393146e+05
1.099560e+00	2.435560e+05	-1.499702e-01	2.765708e-01	0.000000e+00	-4.788055e+02	2.440348e+05
1.100750e+00	2.403746e+05	-1.502995e-01	2.769135e-01	0.000000e+00	0.000000e+00	2.403746e+05
1.101940e+00	2.184497e+05	-1.506292e-01	2.772385e-01	0.000000e+00	0.000000e+00	2.184497e+05
1.103130e+00	2.364199e+05	-1.509593e-01	2.775606e-01	0.000000e+00	-4.379425e+02	2.368578e+05
1.104320e+00	2.218303e+05	-1.512898e-01	2.778851e-01	0.000000e+00	-1.118849e+03	2.229491e+05
1.105510e+00	2.355713e+05	-1.516207e-01	2.782090e-01	0.000000e+00	-1.238808e+02	2.356952e+05
1.106700e+00	2.248480e+05	-1.519520e-01	2.785351e-01	0.000000e+00	-1.354310e+02	2.249834e+05
1.107890e+00	2.236876e+05	-1.522836e-01	2.788527e-01	0.000000e+00	-9.772475e+02	2.246649e+05
1.109080e+00	2.146780e+05	-1.526156e-01	2.791631e-01	0.000000e+00	-2.248666e+03	2.169267e+05
1.110270e+00	2.262628e+05	-1.529480e-01	2.794754e-01	0.000000e+00	-8.346416e+02	2.270974e+05
1.111460e+00	2.342028e+05	-1.532808e-01	2.798015e-01	0.000000e+00	-1.821895e+02	2.343850e+05
1.112650e+00	2.405580e+05	-1.536140e-01	2.801377e-01	0.000000e+00	-6.638412e+02	2.412219e+05
1.113840e+00	2.303566e+05	-1.539475e-01	2.804712e-01	0.000000e+00	-3.984192e+02	2.307550e+05
1.115030e+00	2.134627e+05	-1.542815e-01	2.807855e-01	0.000000e+00	-4.419169e+02	2.139046e+05
1.116220e+00	2.208798e+05	-1.546158e-01	2.810931e-01	0.000000e+00	-1.249688e+03	2.221295e+05
1.117410e+00	2.382117e+05	-1.549505e-01	2.814182e-01	0.000000e+00	-1.838457e+03	2.400502e+05
1.118600e+00	2.512693e+05	-1.552856e-01	2.817648e-01	0.000000e+00	-2.732004e+02	2.515425e+05
1.119790e+00	2.270228e+05	-1.556211e-01	2.821035e-01	0.000000e+00	0.000000e+00	2.270228e+05
1.120980e+00	2.286878e+05	-1.559570e-01	2.824262e-01	0.000000e+00	-7.875488e+02	2.294753e+05
1.122170e+00	2.307402e+05	-1.562932e-01	2.827516e-01	0.000000e+00	-1.345878e+03	2.320861e+05
1.123360e+00	2.382579e+05	-1.566299e-01	2.830837e-01	0.000000e+00	-3.875815e+02	2.386455e+05
1.124550e+00	2.066240e+05	-1.569670e-01	2.833988e-01	0.000000e+00	-4.139431e+02	2.070380e+05
1.125740e+00	2.261621e+05	-1.573044e-01	2.837052e-01	0.000000e+00	-9.294387e+02	2.270915e+05
1.126930e+00	2.279226e+05	-1.576422e-01	2.840268e-01	0.000000e+00	-3.372904e+02	2.282599e+05
1.128120e+00	2.173408e+05	-1.579804e-01	2.843421e-01	0.000000e+00	-4.722636e+02	2.178131e+05
1.129310e+00	2.255443e+05	-1.583189e-01	2.846558e-01	0.000000e+00	-3.680725e+02	2.259124e+05
1.130500e+00	2.125088e+05	-1.586579e-01	2.849660e-01	0.000000e+00	0.000000e+00	2.125088e+05
1.131690e+00	2.439570e+05	-1.589972e-01	2.852892e-01	0.000000e+00	-5.946125e+02	2.445516e+05
1.132880e+00	2.292304e+05	-1.593369e-01	2.856243e-01	0.000000e+00	-1.071932e+03	2.303024e+05
1.134070e+00	2.411543e+05	-1.596769e-01	2.859574e-01	0.000000e+00	-4.470601e+02	2.416014e+05
1.135260e+00	2.307004e+05	-1.600174e-01	2.862916e-01	0.000000e+00	-4.074035e+02	2.311078e+05
1.136450e+00	2.322114e+05	-1.603583e-01	2.866194e-01	0.000000e+00	-6.592732e+02	2.328706e+05
1.137640e+00	2.330441e+05	-1.606996e-01	2.869489e-01	0.000000e+00	-1.777995e+03	2.348221e+05
1.138830e+00	2.383872e+05	-1.610413e-01	2.872827e-01	0.000000e+00	-9.240760e+02	2.393112e+05
1.140020e+00	2.492801e+05	-1.613833e-01	2.876281e-01	0.000000e+00	0.000000e+00	2.492801e+05
1.141210e+00	2.253187e+05	-1.617258e-01	2.879642e-01	0.000000e+00	-6.692307e+02	2.259880e+05
1.142400e+00	2.250808e+05	-1.620687e-01	2.882831e-01	0.000000e+00	-1.711054e+02	2.252519e+05
1.143590e+00	2.389608e+05	-1.624119e-01	2.886118e-01	0.000000e+00	-2.289623e+02	2.391898e+05
1.144780e+00	2.356412e+05	-1.627556e-01	2.889478e-01	0.000000e+00	-6.113738e+02	2.362526e+05
1.145970e+00	2.339913e+05	-1.630996e-01	2.892804e-01	0.000000e+00	-4.949821e+02	2.344863e+05
1.147160e+00	2.440549e+05	-1.634441e-01	2.896190e-01	0.000000e+00	-1.388312e+03	2.454432e+05
1.148350e+00	2.194924e+05	-1.637889e-01	2.899472e-01	0.000000e+00	-6.377143e+02	2.201301e+05
1.149540e+00	2.143862e+05	-1.641341e-01	2.902545e-01	0.000000e+00	0.000000e+00	2.143862e+05
1.150730e+00	2.195926e+05	-1.644797e-01	2.905618e-01	0.000000e+00	0.000000e+00	2.195926e+05
1.151920e+00	2.319985e+05	-1.648257e-01	2.908816e-01	0.000000e+00	-4.602870e+02	2.324588e+05
1.153110e+00	2.353903e+05	-1.651720e-01	2.912126e-01	0.000000e+00	-6.645613e+02	2.360548e+05
1.154300e+00	2.080795e+05	-1.655188e-01	2.915267e-01	0.000000e+00	-5.558240e+02	2.086353e+05
1.155490e+00	2.172904e+05	-1.658659e-01	2.918279e-01	0.000000e+00	0.000000e+00	2.172904e+05
1.156680e+00	2.318071e+05	-1.662133e-01	2.921459e-01	0.000000e+00	0.000000e+00	2.318071e+05
1.157870e+00	2.126873e+05	-1.665612e-01	2.924607e-01	0.000000e+00	0.000000e+00	2.126873e+05
1.159060e+00	2.390106e+05	-1.669094e-01	2.927806e-01	0.000000e+00	0.000000e+00	2.390106e+05
1.160250e+00	2.380298e+05	-1.672580e-01	2.931184e-01	0.000000e+00	-8.197924e+02	2.388496e+05
1.161440e+00	2.350323e+05	-1.676070e-01	2.934534e-01	0.000000e+00	-3.580896e+02	2.353903e+05
1.162630e+00	2.297604e+05	-1.679564e-01	2.937826e-01	0.000000e+00	-5.027903e+02	2.302632e+05
1.163820e+00	2.318264e+05	-1.683062e-01	2.941094e-01	0.000000e+00	-7.932546e+02	2.326197e+05
1.165010e+00	2.001344e+05	-1.686564e-01	2.944153e-01	0.000000e+00	-1.184534e+03	2.013190e+05
1.166200e+00	2.215918e+05	-1.690069e-01	2.947140e-01	0.000000e+00	-5.432194e+02	2.221350e+05
1.167390e+00	2.354298e+05	-1.693578e-01	2.950376e-01	0.000000e+00	0.000000e+00	2.354298e+05
1.168580e+00	2.224546e+05	-1.697091e-01	2.953619e-01	0.000000e+00	0.000000e+00	2.224546e+05
1.169770e+00	2.449787e+05	-1.700608e-01	2.956929e-01	0.000000e+00	0.000000e+00	2.449787e+05
1.170960e+00	2.407019e+05	-1.704128e-01	2.960368e-01	0.000000e+00	-8.809296e+02	2.415828e+05
1.172150e+00	2.154977e+05	-1.707653e-01	2.963599e-01	0.000000e+00	-1.530531e+03	2.170282e+05
1.173340e+00	2.092994e+05	-1.711182e-01	2.966607e-01	0.000000e+00	-9.614649e+02	2.102609e+05
1.174530e+00	2.450157e+05	-1.714714e-01	2.969825e-01	0.000000e+00	-8.287554e+02	2.458445e+05
1.175720e+00	2.503895e+05	-1.718250e-01	2.973333e-01	0.000000e+00	0.000000e+00	2.503895e+05
1.176910e+00	2.662752e+05	-1.721790e-01	2.976992e-01	0.000000e+00	-2.974287e+02	2.665727e+05
1.178100e+00	2.344199e+05	-1.725335e-01	2.980538e-01	0.000000e+00	-5.429075e+02	2.349628e+05
1.179290e+00	2.237319e+05	-1.728884e-01	2.983782e-01	0.000000e+00	0.000000e+00	2.237319e+05
1.180480e+00	2.272099e+05	-1.732437e-01	2.986975e-01	0.000000e+00	-8.060979e+02	2.280160e+05
1.181670e+00	2.221221e+05	-1.735993e-01	2.990157e-01	0.000000e+00	-3.423821e+01	2.221564e+05
1.182860e+00	2.415202e+05	-1.739553e-01	2.993441e-01	0.000000e+00	0.000000e+00	2.415202e+05
1.184050e+00	2.444871e+05	-1.743117e-01	2.996883e-01	0.000000e+00	-6.507386e+02	2.451378e+05
1.185240e+00	2.423019e+05	-1.746686e-01	3.000330e-01	0.000000e+00	-1.895975e+02	2.424914e+05
1.186430e+00	2.439886e+05	-1.750258e-01	3.003774e-01	0.000000e+00	0.000000e+00	2.439886e+05
1.187620e+00	2.426345e+05	-1.753835e-01	3.007220e-01	0.000000e+00	0.000000e+00	2.426345e+05
1.188810e+00	2.385105e+05	-1.757415e-01	3.010627e-01	0.000000e+00	0.000000e+00	2.385105e+05
1.190000e+00	1.186379e+05	-1.761000e-01	3.013156e-01	0.000000e+00	0.000000e+00	1.186379e+05
