#x	rho	phi	ex	bz	rhok[0]	rhok[1]
0.000000e+00	-3.990486e+03	0.000000e+00	3.008006e-02	0.000000e+00	-4.457743e+03	4.672572e+02
1.190000e-03	-1.996618e+03	-3.579190e-05	3.007582e-02	0.000000e+00	-7.350860e+03	5.354242e+03
2.380000e-03	3.153760e+03	-7.158044e-05	3.007664e-02	0.000000e+00	-6.320023e+03	9.473783e+03
3.570000e-03	7.603826e+03	-1.073743e-04	3.008425e-02	0.000000e+00	-7.015226e+03	1.461905e+04
4.760000e-03	7.755243e+03	-1.431810e-04	3.009513e-02	0.000000e+00	-6.060802e+03	1.381604e+04
5.950000e-03	8.323672e+03	-1.790007e-04	3.010652e-02	0.000000e+00	-5.590911e+03	1.391458e+04
7.140000e-03	1.449555e+04	-2.148345e-04	3.012268e-02	0.000000e+00	-4.023073e+03	1.851863e+04
8.330000e-03	1.505385e+04	-2.506927e-04	3.014360e-02	0.000000e+00	-7.058475e+03	2.211232e+04
9.520000e-03	1.714869e+04	-2.865763e-04	3.016641e-02	0.000000e+00	-7.988569e+03	2.513726e+04
1.071000e-02	1.850857e+04	-3.224887e-04	3.019166e-02	0.000000e+00	-8.566387e+03	2.707495e+04
1.190000e-02	2.336343e+04	-3.584324e-04	3.022131e-02	0.000000e+00	-4.304229e+03	2.766766e+04
1.309000e-02	2.312253e+04	-3.944155e-04	3.025423e-02	0.000000e+00	-3.651374e+03	2.677391e+04
1.428000e-02	2.222016e+04	-4.304375e-04	3.028634e-02	0.000000e+00	-5.211862e+03	2.743202e+04
1.547000e-02	2.025138e+04	-4.664969e-04	3.031642e-02	0.000000e+00	-5.505437e+03	2.575681e+04
1.666000e-02	2.887895e+04	-5.025906e-04	3.035121e-02	0.000000e+00	-4.272382e+03	3.315134e+04
1.785000e-02	2.581373e+04	-5.387328e-04	3.038994e-02	0.000000e+00	-7.574007e+03	3.338774e+04
1.904000e-02	3.524540e+04	-5.749186e-04	3.043318e-02	0.000000e+00	-6.403603e+03	4.164901e+04
2.023000e-02	3.046900e+04	-6.111638e-04	3.047972e-02	0.000000e+00	-1.099355e+04	4.146254e+04
2.142000e-02	3.631799e+04	-6.474603e-04	3.052701e-02	0.000000e+00	-1.036024e+04	4.667823e+04
2.261000e-02	3.771550e+04	-6.838181e-04	3.057944e-02	0.000000e+00	-6.238150e+03	4.395365e+04
2.380000e-02	2.668569e+04	-7.202394e-04	3.062505e-02	0.000000e+00	-9.204712e+03	3.589040e+04
2.499000e-02	4.217686e+04	-7.567057e-04	3.067382e-02	0.000000e+00	-7.140829e+03	4.931769e+04
2.618000e-02	4.334541e+04	-7.932431e-04	3.073438e-02	0.000000e+00	-3.992703e+03	4.733812e+04
2.737000e-02	4.395717e+04	-8.298535e-04	3.079620e-02	0.000000e+00	-5.129588e+03	4.908675e+04
2.856000e-02	3.930676e+04	-8.665381e-04	3.085517e-02	0.000000e+00	-8.462121e+03	4.776888e+04
2.975000e-02	3.909177e+04	-9.032888e-04	3.091069e-02	0.000000e+00	-6.105369e+03	4.519714e+04
3.094000e-02	4.623065e+04	-9.401055e-04	3.097111e-02	0.000000e+00	-6.554953e+03	5.278560e+04
3.213000e-02	4.528886e+04	-9.770001e-04	3.103592e-02	0.000000e+00	-8.514266e+03	5.380313e+04
3.332000e-02	5.521327e+04	-1.013971e-03	3.110709e-02	0.000000e+00	-8.175808e+03	6.338908e+04
3.451000e-02	5.768603e+04	-1.051035e-03	3.118704e-02	0.000000e+00	-6.311842e+03	6.399787e+04
3.570000e-02	4.707678e+04	-1.088196e-03	3.126123e-02	0.000000e+00	-6.217481e+03	5.329426e+04
3.689000e-02	5.782880e+04	-1.125437e-03	3.133552e-02	0.000000e+00	-7.378560e+03	6.520736e+04
3.808000e-02	6.181341e+04	-1.162775e-03	3.142025e-02	0.000000e+00	-7.260151e+03	6.907356e+04
3.927000e-02	4.270890e+04	-1.200217e-03	3.149427e-02	0.000000e+00	-7.838250e+03	5.054715e+04
4.046000e-02	6.041319e+04	-1.237731e-03	3.156730e-02	0.000000e+00	-4.432611e+03	6.484581e+04
4.165000e-02	5.533935e+04	-1.275347e-03	3.164927e-02	0.000000e+00	-6.519480e+03	6.185883e+04
4.284000e-02	4.106049e+04	-1.313056e-03	3.171754e-02	0.000000e+00	-9.024833e+03	5.008533e+04
4.403000e-02	5.956949e+04	-1.350835e-03	3.178880e-02	0.000000e+00	-6.356371e+03	6.592586e+04
4.522000e-02	6.657597e+04	-1.388714e-03	3.187813e-02	0.000000e+00	-4.419723e+03	7.099569e+04
4.641000e-02	6.690573e+04	-1.426705e-03	3.197266e-02	0.000000e+00	-5.129878e+03	7.203561e+04
4.760000e-02	6.149369e+04	-1.464809e-03	3.206358e-02	0.000000e+00	-5.397754e+03	6.689144e+04
4.879000e-02	5.244368e+04	-1.503016e-03	3.214427e-02	0.000000e+00	-5.253283e+03	5.769696e+04
4.998000e-02	6.543978e+04	-1.541312e-03	3.222775e-02	0.000000e+00	-4.070112e+03	6.950989e+04
5.117000e-02	6.267610e+04	-1.579718e-03	3.231848e-02	0.000000e+00	-6.802000e+03	6.947810e+04
5.236000e-02	6.882780e+04	-1.618230e-03	3.241161e-02	0.000000e+00	-5.167160e+03	7.399496e+04
5.355000e-02	7.438455e+04	-1.656858e-03	3.251302e-02	0.000000e+00	-7.319016e+03	8.170356e+04
5.474000e-02	5.856790e+04	-1.695611e-03	3.260718e-02	0.000000e+00	-6.753561e+03	6.532146e+04
5.593000e-02	5.917544e+04	-1.734463e-03	3.269056e-02	0.000000e+00	-9.767730e+03	6.894317e+04
5.712000e-02	6.954450e+04	-1.773414e-03	3.278171e-02	0.000000e+00	-6.711720e+03	7.625622e+04
5.831000e-02	7.015189e+04	-1.812483e-03	3.288064e-02	0.000000e+00	-5.671228e+03	7.582312e+04
5.950000e-02	7.239338e+04	-1.851670e-03	3.298159e-02	0.000000e+00	-7.933069e+03	8.032644e+04
6.069000e-02	8.420700e+04	-1.890979e-03	3.309248e-02	0.000000e+00	-6.319716e+03	9.052671e+04
6.188000e-02	7.580890e+04	-1.930430e-03	3.320580e-02	0.000000e+00	-7.913937e+03	8.372284e+04
6.307000e-02	7.013267e+04	-1.970009e-03	3.330915e-02	0.000000e+00	-6.399262e+03	7.653193e+04
6.426000e-02	8.030060e+04	-2.009706e-03	3.341568e-02	0.000000e+00	-5.053060e+03	8.535366e+04
6.545000e-02	8.232244e+04	-2.049539e-03	3.353085e-02	0.000000e+00	-7.014226e+03	8.933667e+04
6.664000e-02	8.975781e+04	-2.089510e-03	3.365271e-02	0.000000e+00	-5.418040e+03	9.517585e+04
6.783000e-02	8.755602e+04	-2.129632e-03	3.377828e-02	0.000000e+00	-4.386521e+03	9.194254e+04
6.902000e-02	9.335274e+04	-2.169902e-03	3.390639e-02	0.000000e+00	-4.892860e+03	9.824560e+04
7.021000e-02	9.118983e+04	-2.210329e-03	3.403708e-02	0.000000e+00	-6.650999e+03	9.784083e+04
7.140000e-02	7.512017e+04	-2.250910e-03	3.415485e-02	0.000000e+00	-8.791399e+03	8.391157e+04
7.259000e-02	9.131981e+04	-2.291618e-03	3.427272e-02	0.000000e+00	-7.128322e+03	9.844813e+04
7.378000e-02	8.386945e+04	-2.332479e-03	3.439678e-02	0.000000e+00	-4.763899e+03	8.863335e+04
7.497000e-02	9.385972e+04	-2.373482e-03	3.452264e-02	0.000000e+00	-2.331166e+03	9.619088e+04
7.616000e-02	8.283700e+04	-2.414643e-03	3.464777e-02	0.000000e+00	-5.655853e+03	8.849285e+04
7.735000e-02	8.208573e+04	-2.455944e-03	3.476457e-02	0.000000e+00	-5.725986e+03	8.781171e+04
7.854000e-02	8.174938e+04	-2.497383e-03	3.488059e-02	0.000000e+00	-8.656540e+03	9.040592e+04
7.973000e-02	7.750739e+04	-2.538960e-03	3.499337e-02	0.000000e+00	-6.859795e+03	8.436718e+04
8.092000e-02	8.783811e+04	-2.580667e-03	3.511046e-02	0.000000e+00	-2.725273e+03	9.056339e+04
8.211000e-02	9.663292e+04	-2.622523e-03	3.524110e-02	0.000000e+00	-4.194217e+03	1.008271e+05
8.330000e-02	1.064129e+05	-2.664541e-03	3.538489e-02	0.000000e+00	-4.513307e+03	1.109262e+05
8.449000e-02	9.644622e+04	-2.706739e-03	3.552854e-02	0.000000e+00	-4.012239e+03	1.004585e+05
8.568000e-02	9.793480e+04	-2.749099e-03	3.566620e-02	0.000000e+00	-6.520525e+03	1.044553e+05
8.687000e-02	9.402249e+04	-2.791624e-03	3.580213e-02	0.000000e+00	-9.389358e+03	1.034118e+05
8.806000e-02	9.639832e+04	-2.834308e-03	3.593698e-02	0.000000e+00	-7.026813e+03	1.034251e+05
8.925000e-02	9.744768e+04	-2.877154e-03	3.607426e-02	0.000000e+00	-5.178021e+03	1.026257e+05
9.044000e-02	9.851525e+04	-2.920165e-03	3.621303e-02	0.000000e+00	-3.643624e+03	1.021589e+05
9.163000e-02	8.808246e+04	-2.963341e-03	3.634517e-02	0.000000e+00	-8.336562e+03	9.641903e+04
9.282000e-02	9.886448e+04	-3.006666e-03	3.647756e-02	0.000000e+00	-7.272232e+03	1.061367e+05
9.401000e-02	9.363710e+04	-3.050158e-03	3.661389e-02	0.000000e+00	-2.977778e+03	9.661488e+04
9.520000e-02	9.173685e+04	-3.093807e-03	3.674516e-02	0.000000e+00	-2.188797e+03	9.392565e+04
9.639000e-02	1.012383e+05	-3.137611e-03	3.688182e-02	0.000000e+00	-7.444716e+03	1.086830e+05
9.758000e-02	1.192561e+05	-3.181586e-03	3.703797e-02	0.000000e+00	-6.427063e+03	1.256831e+05
9.877000e-02	1.042467e+05	-3.225762e-03	3.719624e-02	0.000000e+00	-3.265069e+03	1.075118e+05
9.996000e-02	1.084736e+05	-3.270113e-03	3.734688e-02	0.000000e+00	-5.119361e+03	1.135929e+05
1.011500e-01	1.082134e+05	-3.314647e-03	3.750033e-02	0.000000e+00	-5.264010e+03	1.134774e+05
1.023400e-01	1.042074e+05	-3.359364e-03	3.765076e-02	0.000000e+00	-6.014609e+03	1.102220e+05
1.035300e-01	1.007381e+05	-3.404256e-03	3.779590e-02	0.000000e+00	-4.561552e+03	1.052997e+05
1.047200e-01	1.112288e+05	-3.449318e-03	3.794601e-02	0.000000e+00	-4.301518e+03	1.155303e+05
1.059100e-01	1.085713e+05	-3.494567e-03	3.810166e-02	0.000000e+00	-5.646380e+03	1.142177e+05
1.071000e-01	9.089854e+04	-3.540000e-03	3.824292e-02	0.000000e+00	-1.082432e+04	1.017229e+05
1.082900e-01	1.034487e+05	-3.585586e-03	3.838055e-02	0.000000e+00	-6.295426e+03	1.097441e+05
1.094800e-01	1.128534e+05	-3.631346e-03	3.853373e-02	0.000000e+00	-3.069059e+03	1.159225e+05
1.106700e-01	1.121056e+05	-3.677296e-03	3.869303e-02	0.000000e+00	-2.820354e+03	1.149260e+05
1.118600e-01	1.151353e+05	-3.723435e-03	3.885396e-02	0.000000e+00	-7.385848e+03	1.225212e+05
1.130500e-01	9.732901e+04	-3.769768e-03	3.900442e-02	0.000000e+00	-1.022862e+04	1.075576e+05
1.142400e-01	1.040860e+05	-3.816266e-03	3.914705e-02	0.000000e+00	-8.166025e+03	1.122521e+05
1.154300e-01	1.191948e+05	-3.862938e-03	3.930517e-02	0.000000e+00	-5.362594e+03	1.245574e+05
1.166200e-01	1.099512e+05	-3.909812e-03	3.946744e-02	0.000000e+00	-6.197450e+03	1.161487e+05
1.178100e-01	1.144899e+05	-3.956871e-03	3.962639e-02	0.000000e+00	-3.806492e+03	1.182964e+05
1.190000e-01	1.161251e+05	-4.004123e-03	3.978970e-02	0.000000e+00	-7.348047e+03	1.234731e+05
1.201900e-01	1.166332e+05	-4.051570e-03	3.995453e-02	0.000000e+00	-4.020116e+03	1.206533e+05
1.213800e-01	1.096963e+05	-4.099214e-03	4.011481e-02	0.000000e+00	-2.862228e+03	1.125586e+05
1.225700e-01	1.113387e+05	-4.147044e-03	4.027134e-02	0.000000e+00	-4.976396e+03	1.163150e+05
1.237600e-01	1.199657e+05	-4.195060e-03	4.043514e-02	0.000000e+00	-6.428615e+03	1.263943e+05
1.249500e-01	1.297482e+05	-4.243279e-03	4.061198e-02	0.000000e+00	-2.453639e+03	1.322018e+05
1.261400e-01	1.115003e+05	-4.291717e-03	4.078282e-02	0.000000e+00	-5.310098e+03	1.168104e+05
1.273300e-01	1.039951e+05	-4.340342e-03	4.093543e-02	0.000000e+00	-2.131456e+03	1.061266e+05
1.285200e-01	1.170640e+05	-4.389143e-03	4.109197e-02	0.000000e+00	-3.554095e+03	1.206180e+05
1.297100e-01	1.326917e+05	-4.438141e-03	4.126884e-02	0.000000e+00	-5.025881e+03	1.377176e+05
1.309000e-01	1.392009e+05	-4.487363e-03	4.146139e-02	0.000000e+00	-8.974380e+03	1.481753e+05
1.320900e-01	1.266700e+05	-4.536819e-03	4.164967e-02	0.000000e+00	-3.841321e+03	1.305113e+05
1.332800e-01	1.258980e+05	-4.586489e-03	4.182853e-02	0.000000e+00	-5.706798e+03	1.316048e+05
1.344700e-01	1.293801e+05	-4.636371e-03	4.200931e-02	0.000000e+00	-5.144212e+03	1.345243e+05
1.356600e-01	1.241246e+05	-4.686471e-03	4.218883e-02	0.000000e+00	-7.584030e+03	1.317086e+05
1.368500e-01	1.404460e+05	-4.736781e-03	4.237619e-02	0.000000e+00	-5.792060e+03	1.462380e+05
1.380400e-01	1.207432e+05	-4.787327e-03	4.256115e-02	0.000000e+00	-5.449030e+03	1.261922e+05
1.392300e-01	1.305801e+05	-4.838076e-03	4.273913e-02	0.000000e+00	-4.619703e+03	1.351998e+05
1.404200e-01	1.373208e+05	-4.889046e-03	4.292885e-02	0.000000e+00	-3.366151e+03	1.406869e+05
1.416100e-01	1.352711e+05	-4.940247e-03	4.312189e-02	0.000000e+00	-5.560162e+03	1.408312e+05
1.428000e-01	1.245237e+05	-4.991676e-03	4.330587e-02	0.000000e+00	-8.221509e+03	1.327452e+05
1.439900e-01	1.355265e+05	-5.043315e-03	4.349003e-02	0.000000e+00	-2.759898e+03	1.382864e+05
1.451800e-01	1.467724e+05	-5.095182e-03	4.368994e-02	0.000000e+00	-6.389285e+03	1.531617e+05
1.463700e-01	1.376866e+05	-5.147297e-03	4.389138e-02	0.000000e+00	-4.099921e+03	1.417865e+05
1.475600e-01	1.289485e+05	-5.199644e-03	4.408021e-02	0.000000e+00	-5.651276e+03	1.345998e+05
1.487500e-01	1.246745e+05	-5.252208e-03	4.425981e-02	0.000000e+00	-4.205662e+03	1.288802e+05
1.499400e-01	1.330938e+05	-5.304982e-03	4.444235e-02	0.000000e+00	-4.104666e+03	1.371984e+05
1.511300e-01	1.248420e+05	-5.357981e-03	4.462502e-02	0.000000e+00	-6.791580e+03	1.316336e+05
1.523200e-01	1.394050e+05	-5.411190e-03	4.481215e-02	0.000000e+00	-6.436787e+03	1.458418e+05
1.535100e-01	1.321493e+05	-5.464633e-03	4.500445e-02	0.000000e+00	-2.023221e+03	1.341725e+05
1.547000e-01	1.285985e+05	-5.518300e-03	4.518910e-02	0.000000e+00	-3.188939e+03	1.317875e+05
1.558900e-01	1.489009e+05	-5.572184e-03	4.538562e-02	0.000000e+00	-3.033928e+03	1.519348e+05
1.570800e-01	1.469105e+05	-5.626318e-03	4.559510e-02	0.000000e+00	-6.078667e+03	1.529892e+05
1.582700e-01	1.329843e+05	-5.680700e-03	4.579331e-02	0.000000e+00	-2.960432e+03	1.359448e+05
1.594600e-01	1.149078e+05	-5.735306e-03	4.596886e-02	0.000000e+00	-8.938785e+03	1.238466e+05
1.606500e-01	1.362240e+05	-5.790106e-03	4.614671e-02	0.000000e+00	-4.634407e+03	1.408584e+05
1.618400e-01	1.286348e+05	-5.845135e-03	4.633427e-02	0.000000e+00	-2.259886e+03	1.308947e+05
1.630300e-01	1.357523e+05	-5.900381e-03	4.652150e-02	0.000000e+00	-3.590336e+03	1.393427e+05
1.642200e-01	1.409057e+05	-5.955856e-03	4.671742e-02	0.000000e+00	-2.924606e+03	1.438304e+05
1.654100e-01	1.451899e+05	-6.011569e-03	4.692002e-02	0.000000e+00	-1.921715e+03	1.471117e+05
1.666000e-01	1.416341e+05	-6.067526e-03	4.712314e-02	0.000000e+00	-2.338895e+03	1.439730e+05
1.677900e-01	1.476733e+05	-6.123722e-03	4.732802e-02	0.000000e+00	-1.425558e+03	1.490989e+05
1.689800e-01	1.568949e+05	-6.180167e-03	4.754370e-02	0.000000e+00	-5.921527e+03	1.628164e+05
1.701700e-01	1.421875e+05	-6.236876e-03	4.775550e-02	0.000000e+00	-2.782607e+03	1.449701e+05
1.713600e-01	1.585118e+05	-6.293825e-03	4.796845e-02	0.000000e+00	-4.759219e+03	1.632710e+05
1.725500e-01	1.527024e+05	-6.351041e-03	4.818884e-02	0.000000e+00	-5.218204e+03	1.579206e+05
1.737400e-01	1.483203e+05	-6.408514e-03	4.840201e-02	0.000000e+00	-4.643526e+03	1.529638e+05
1.749300e-01	1.394607e+05	-6.466238e-03	4.860581e-02	0.000000e+00	-6.942452e+03	1.464031e+05
1.761200e-01	1.477425e+05	-6.524196e-03	4.880919e-02	0.000000e+00	-1.359285e+03	1.491017e+05
1.773100e-01	1.490770e+05	-6.582403e-03	4.901939e-02	0.000000e+00	-2.884038e+03	1.519611e+05
1.785000e-01	1.565775e+05	-6.640862e-03	4.923584e-02	0.000000e+00	-5.115604e+03	1.616931e+05
1.796900e-01	1.403216e+05	-6.699585e-03	4.944610e-02	0.000000e+00	-5.956624e+03	1.462783e+05
1.808800e-01	1.468817e+05	-6.758544e-03	4.964949e-02	0.000000e+00	-4.518856e+03	1.514005e+05
1.820700e-01	1.432537e+05	-6.817751e-03	4.985495e-02	0.000000e+00	-3.037861e+03	1.462915e+05
1.832600e-01	1.325248e+05	-6.877199e-03	5.005025e-02	0.000000e+00	-4.522829e+03	1.370476e+05
1.844500e-01	1.276435e+05	-6.936870e-03	5.023449e-02	0.000000e+00	-4.657824e+03	1.323013e+05
1.856400e-01	1.384273e+05	-6.996757e-03	5.042291e-02	0.000000e+00	-4.946523e+03	1.433738e+05
1.868300e-01	1.491476e+05	-7.056877e-03	5.062656e-02	0.000000e+00	-1.812699e+03	1.509603e+05
1.880200e-01	1.452887e+05	-7.117248e-03	5.083507e-02	0.000000e+00	-1.828656e+03	1.471174e+05
1.892100e-01	1.323610e+05	-7.177864e-03	5.103169e-02	0.000000e+00	-4.274828e+03	1.366358e+05
1.904000e-01	1.437302e+05	-7.238703e-03	5.122721e-02	0.000000e+00	-2.646558e+03	1.463767e+05
1.915900e-01	1.605653e+05	-7.299785e-03	5.144270e-02	0.000000e+00	-3.216639e+03	1.637820e+05
1.927800e-01	1.683537e+05	-7.361137e-03	5.167563e-02	0.000000e+00	-5.491453e+03	1.738451e+05
1.939700e-01	1.560396e+05	-7.422773e-03	5.190535e-02	0.000000e+00	-4.128532e+03	1.601681e+05
1.951600e-01	1.517979e+05	-7.484672e-03	5.212335e-02	0.000000e+00	-5.065064e+03	1.568629e+05
1.963500e-01	1.575987e+05	-7.546826e-03	5.234246e-02	0.000000e+00	-3.138561e+03	1.607372e+05
1.975400e-01	1.434935e+05	-7.609247e-03	5.255568e-02	0.000000e+00	-4.229370e+03	1.477229e+05
1.987300e-01	1.498714e+05	-7.671909e-03	5.276343e-02	0.000000e+00	-5.141457e+03	1.550129e+05
1.999200e-01	1.462156e+05	-7.734824e-03	5.297311e-02	0.000000e+00	-1.526443e+03	1.477420e+05
2.011100e-01	1.348011e+05	-7.797985e-03	5.317211e-02	0.000000e+00	-3.997293e+03	1.387984e+05
2.023000e-01	1.567286e+05	-7.861373e-03	5.337857e-02	0.000000e+00	-2.030083e+03	1.587587e+05
2.034900e-01	1.522842e+05	-7.925026e-03	5.359740e-02	0.000000e+00	-6.778951e+03	1.590632e+05
2.046800e-01	1.441661e+05	-7.988935e-03	5.380733e-02	0.000000e+00	-3.888723e+03	1.480548e+05
2.058700e-01	1.465898e+05	-8.053087e-03	5.401324e-02	0.000000e+00	-4.891798e+03	1.514816e+05
2.070600e-01	1.438525e+05	-8.117487e-03	5.421892e-02	0.000000e+00	-2.083987e+03	1.459364e+05
2.082500e-01	1.316363e+05	-8.182128e-03	5.441401e-02	0.000000e+00	-8.074888e+03	1.397112e+05
2.094400e-01	1.376116e+05	-8.246992e-03	5.460468e-02	0.000000e+00	-6.358158e+03	1.439698e+05
2.106300e-01	1.354333e+05	-8.312088e-03	5.479804e-02	0.000000e+00	-3.220966e+03	1.386543e+05
2.118200e-01	1.567288e+05	-8.377411e-03	5.500494e-02	0.000000e+00	-2.779045e+03	1.595078e+05
2.130100e-01	1.551382e+05	-8.442999e-03	5.522579e-02	0.000000e+00	-4.833157e+03	1.599714e+05
2.142000e-01	1.500520e+05	-8.508849e-03	5.544192e-02	0.000000e+00	-5.407583e+03	1.554596e+05
2.153900e-01	1.590191e+05	-8.574951e-03	5.566079e-02	0.000000e+00	-6.292409e+03	1.653115e+05
2.165800e-01	1.472915e+05	-8.641321e-03	5.587771e-02	0.000000e+00	-6.408393e+03	1.536999e+05
2.177700e-01	1.612735e+05	-8.707940e-03	5.609622e-02	0.000000e+00	-4.823031e+03	1.660965e+05
2.189600e-01	1.635159e+05	-8.774830e-03	5.632623e-02	0.000000e+00	-3.423465e+03	1.669394e+05
2.201500e-01	1.605804e+05	-8.841996e-03	5.655574e-02	0.000000e+00	-4.083196e+03	1.646636e+05
2.213400e-01	1.848964e+05	-8.909433e-03	5.680040e-02	0.000000e+00	-4.524901e+03	1.894213e+05
2.225300e-01	1.777026e+05	-8.977181e-03	5.705718e-02	0.000000e+00	-4.222069e+03	1.819247e+05
2.237200e-01	1.556489e+05	-9.045229e-03	5.729325e-02	0.000000e+00	-3.411186e+03	1.590601e+05
2.249100e-01	1.666596e+05	-9.113539e-03	5.752149e-02	0.000000e+00	-2.108506e+03	1.687681e+05
2.261000e-01	1.668209e+05	-9.182130e-03	5.775765e-02	0.000000e+00	-5.305323e+03	1.721262e+05
2.272900e-01	1.599698e+05	-9.251003e-03	5.798907e-02	0.000000e+00	-5.625569e+03	1.655954e+05
2.284800e-01	1.784375e+05	-9.320144e-03	5.822872e-02	0.000000e+00	-4.003465e+03	1.824410e+05
2.296700e-01	1.698793e+05	-9.389587e-03	5.847539e-02	0.000000e+00	-6.262577e+03	1.761419e+05
2.308600e-01	1.636059e+05	-9.459316e-03	5.871155e-02	0.000000e+00	-4.574641e+03	1.681805e+05
2.320500e-01	1.705842e+05	-9.529320e-03	5.894821e-02	0.000000e+00	-5.408561e+03	1.759927e+05
2.332400e-01	1.675567e+05	-9.599612e-03	5.918767e-02	0.000000e+00	-5.050854e+03	1.726075e+05
2.344300e-01	1.506489e+05	-9.670187e-03	5.941301e-02	0.000000e+00	-2.150072e+03	1.527989e+05
2.356200e-01	1.476282e+05	-9.741015e-03	5.962424e-02	0.000000e+00	-5.208970e+03	1.528372e+05
2.368100e-01	1.738792e+05	-9.812093e-03	5.985192e-02	0.000000e+00	-6.941668e+03	1.808208e+05
2.380000e-01	1.823641e+05	-9.883463e-03	6.010420e-02	0.000000e+00	-4.558721e+03	1.869228e+05
2.391900e-01	1.691444e+05	-9.955141e-03	6.035313e-02	0.000000e+00	-5.928535e+03	1.750729e+05
2.403800e-01	1.474168e+05	-1.002710e-02	6.057730e-02	0.000000e+00	-2.899597e+03	1.503164e+05
2.415700e-01	1.544391e+05	-1.009931e-02	6.079107e-02	0.000000e+00	-3.688037e+03	1.581271e+05
2.427600e-01	1.600387e+05	-1.017179e-02	6.101377e-02	0.000000e+00	-3.158510e+03	1.631972e+05
2.439500e-01	1.605336e+05	-1.024453e-02	6.124079e-02	0.000000e+00	-3.613089e+03	1.641467e+05
2.451400e-01	1.412266e+05	-1.031754e-02	6.145448e-02	0.000000e+00	-4.076993e+03	1.453036e+05
2.463300e-01	1.627255e+05	-1.039079e-02	6.166973e-02	0.000000e+00	-3.085136e+03	1.658106e+05
2.475200e-01	1.623779e+05	-1.046431e-02	6.189996e-02	0.000000e+00	-4.422959e+03	1.668009e+05
2.487100e-01	1.772701e+05	-1.053811e-02	6.214049e-02	0.000000e+00	-5.290129e+03	1.825602e+05
2.499000e-01	1.562886e+05	-1.061221e-02	6.237670e-02	0.000000e+00	-5.702869e+03	1.619914e+05
2.510900e-01	1.683979e+05	-1.068657e-02	6.260663e-02	0.000000e+00	-3.966316e+03	1.723642e+05
2.522800e-01	1.668308e+05	-1.076121e-02	6.284403e-02	0.000000e+00	-3.761476e+03	1.705923e+05
2.534700e-01	1.718028e+05	-1.083614e-02	6.308384e-02	0.000000e+00	-3.369457e+03	1.751723e+05
2.546600e-01	1.717725e+05	-1.091135e-02	6.332714e-02	0.000000e+00	-5.869397e+03	1.776419e+05
2.558500e-01	1.640580e+05	-1.098685e-02	6.356497e-02	0.000000e+00	-5.631076e+03	1.696891e+05
2.570400e-01	1.677980e+05	-1.106264e-02	6.379998e-02	0.000000e+00	-3.823391e+03	1.716214e+05
2.582300e-01	1.754127e+05	-1.113870e-02	6.404303e-02	0.000000e+00	-3.206487e+03	1.786192e+05
2.594200e-01	1.770019e+05	-1.121506e-02	6.429259e-02	0.000000e+00	-3.365906e+03	1.803678e+05
2.606100e-01	1.579239e+05	-1.129172e-02	6.452978e-02	0.000000e+00	-5.142021e+03	1.630659e+05
2.618000e-01	1.962134e+05	-1.136864e-02	6.478056e-02	0.000000e+00	-3.944895e+03	2.001583e+05
2.629900e-01	1.933585e+05	-1.144589e-02	6.505645e-02	0.000000e+00	-2.072060e+03	1.954306e+05
2.641800e-01	1.729946e+05	-1.152347e-02	6.531588e-02	0.000000e+00	-2.899298e+03	1.758939e+05
2.653700e-01	1.454919e+05	-1.160134e-02	6.554142e-02	0.000000e+00	-2.535554e+03	1.480275e+05
2.665600e-01	1.585169e+05	-1.167946e-02	6.575671e-02	0.000000e+00	-1.997999e+03	1.605149e+05
2.677500e-01	1.818024e+05	-1.175785e-02	6.599772e-02	0.000000e+00	-2.154383e+03	1.839568e+05
2.689400e-01	1.824775e+05	-1.183654e-02	6.625569e-02	0.000000e+00	-2.706219e+03	1.851837e+05
2.701300e-01	1.875351e+05	-1.191553e-02	6.651772e-02	0.000000e+00	-3.406445e+03	1.909416e+05
2.713200e-01	1.746031e+05	-1.199485e-02	6.677417e-02	0.000000e+00	-2.303234e+03	1.769064e+05
2.725100e-01	1.787211e+05	-1.207446e-02	6.702438e-02	0.000000e+00	-4.511957e+03	1.832330e+05
2.737000e-01	1.800083e+05	-1.215437e-02	6.727842e-02	0.000000e+00	-1.967807e+03	1.819761e+05
2.748900e-01	1.862229e+05	-1.223458e-02	6.753777e-02	0.000000e+00	-2.213807e+03	1.884367e+05
2.760800e-01	1.712928e+05	-1.231511e-02	6.779095e-02	0.000000e+00	-4.571438e+03	1.758642e+05
2.772700e-01	1.750126e+05	-1.239592e-02	6.803619e-02	0.000000e+00	-2.793777e+03	1.778064e+05
2.784600e-01	1.419576e+05	-1.247703e-02	6.826066e-02	0.000000e+00	-3.914907e+03	1.458725e+05
2.796500e-01	1.700347e+05	-1.255838e-02	6.848160e-02	0.000000e+00	-4.614431e+03	1.746491e+05
2.808400e-01	1.793816e+05	-1.264002e-02	6.872905e-02	0.000000e+00	-5.342373e+03	1.847240e+05
2.820300e-01	1.804542e+05	-1.272196e-02	6.898387e-02	0.000000e+00	-3.800004e+03	1.842542e+05
2.832200e-01	1.687173e+05	-1.280420e-02	6.923114e-02	0.000000e+00	-5.465640e+03	1.741829e+05
2.844100e-01	1.801698e+05	-1.288673e-02	6.947821e-02	0.000000e+00	-3.997080e+03	1.841669e+05
2.856000e-01	1.861284e+05	-1.296956e-02	6.973761e-02	0.000000e+00	-2.189238e+03	1.883176e+05
2.867900e-01	1.821296e+05	-1.305270e-02	6.999840e-02	0.000000e+00	-2.178610e+03	1.843082e+05
2.879800e-01	1.612028e+05	-1.313615e-02	7.024153e-02	0.000000e+00	-3.246090e+03	1.644489e+05
2.891700e-01	1.772350e+05	-1.321988e-02	7.048120e-02	0.000000e+00	-3.978575e+03	1.812136e+05
2.903600e-01	1.694685e+05	-1.330390e-02	7.072673e-02	0.000000e+00	-6.777132e+03	1.762456e+05
2.915500e-01	1.780105e+05	-1.338821e-02	7.097280e-02	0.000000e+00	-3.672420e+03	1.816829e+05
2.927400e-01	1.906875e+05	-1.347282e-02	7.123390e-02	0.000000e+00	-2.584562e+03	1.932721e+05
2.939300e-01	1.850706e+05	-1.355774e-02	7.150000e-02	0.000000e+00	-3.392270e+03	1.884628e+05
2.951200e-01	1.692031e+05	-1.364299e-02	7.175088e-02	0.000000e+00	-3.184723e+03	1.723878e+05
2.963100e-01	1.790060e+05	-1.372851e-02	7.199747e-02	0.000000e+00	-4.853768e+03	1.838598e+05
2.975000e-01	1.918374e+05	-1.381434e-02	7.226009e-02	0.000000e+00	-4.426101e+03	1.962635e+05
2.986900e-01	1.814984e+05	-1.390049e-02	7.252447e-02	0.000000e+00	-5.678072e+03	1.871765e+05
2.998800e-01	1.760148e+05	-1.398695e-02	7.277765e-02	0.000000e+00	-4.400572e+03	1.804154e+05
3.010700e-01	1.842708e+05	-1.407370e-02	7.303279e-02	0.000000e+00	-5.540564e+03	1.898114e+05
3.022600e-01	1.787259e+05	-1.416077e-02	7.328985e-02	0.000000e+00	-3.744504e+03	1.824704e+05
3.034500e-01	1.735705e+05	-1.424813e-02	7.353934e-02	0.000000e+00	-5.249409e+03	1.788200e+05
3.046400e-01	1.811962e+05	-1.433579e-02	7.379057e-02	0.000000e+00	-3.695853e+03	1.848920e+05
3.058300e-01	1.906252e+05	-1.442375e-02	7.405388e-02	0.000000e+00	-2.187493e+03	1.928127e+05
3.070200e-01	1.946933e+05	-1.451204e-02	7.432675e-02	0.000000e+00	-1.180606e+03	1.958739e+05
3.082100e-01	1.702845e+05	-1.460065e-02	7.458521e-02	0.000000e+00	-5.131683e+03	1.754162e+05
3.094000e-01	1.542587e+05	-1.468955e-02	7.481504e-02	0.000000e+00	-5.140327e+03	1.593990e+05
3.105900e-01	1.856336e+05	-1.477871e-02	7.505574e-02	0.000000e+00	-2.689346e+03	1.883229e+05
3.117800e-01	1.721977e+05	-1.486818e-02	7.530915e-02	0.000000e+00	-4.568194e+03	1.767659e+05
3.129700e-01	1.821422e+05	-1.495795e-02	7.556008e-02	0.000000e+00	-3.885493e+03	1.860277e+05
3.141600e-01	1.750117e+05	-1.504802e-02	7.581300e-02	0.000000e+00	-5.127328e+03	1.801390e+05
3.153500e-01	1.853880e+05	-1.513838e-02	7.606822e-02	0.000000e+00	-5.091843e+03	1.904798e+05
3.165400e-01	1.826104e+05	-1.522906e-02	7.632883e-02	0.000000e+00	-3.468930e+03	1.860793e+05
3.177300e-01	1.945253e+05	-1.532004e-02	7.659590e-02	0.000000e+00	-2.685940e+03	1.972112e+05
3.189200e-01	1.769475e+05	-1.541136e-02	7.685897e-02	0.000000e+00	-3.789297e+03	1.807368e+05
3.201100e-01	1.761465e+05	-1.550297e-02	7.710901e-02	0.000000e+00	-5.590204e+03	1.817367e+05
3.213000e-01	1.801526e+05	-1.559488e-02	7.736133e-02	0.000000e+00	-4.604732e+03	1.847573e+05
3.224900e-01	1.891736e+05	-1.568709e-02	7.762288e-02	0.000000e+00	-1.869266e+03	1.910428e+05
3.236800e-01	1.832148e+05	-1.577962e-02	7.788659e-02	0.000000e+00	-2.069025e+03	1.852839e+05
3.248700e-01	1.830906e+05	-1.587246e-02	7.814599e-02	0.000000e+00	-3.771782e+03	1.868624e+05
3.260600e-01	1.644204e+05	-1.596561e-02	7.839209e-02	0.000000e+00	-5.664976e+03	1.700854e+05
3.272500e-01	1.691100e+05	-1.605903e-02	7.862828e-02	0.000000e+00	-5.032476e+03	1.741425e+05
3.284400e-01	1.870350e+05	-1.615274e-02	7.888049e-02	0.000000e+00	-5.908293e+03	1.929433e+05
3.296300e-01	1.947929e+05	-1.624677e-02	7.915089e-02	0.000000e+00	-6.536510e+03	2.013294e+05
3.308200e-01	1.876806e+05	-1.634112e-02	7.942174e-02	0.000000e+00	-8.241203e+03	1.959218e+05
3.320100e-01	1.947155e+05	-1.643579e-02	7.969254e-02	0.000000e+00	-5.727778e+03	2.004433e+05
3.332000e-01	1.925194e+05	-1.653079e-02	7.996677e-02	0.000000e+00	-3.819697e+03	1.963391e+05
3.343900e-01	1.850178e+05	-1.662611e-02	8.023413e-02	0.000000e+00	-2.405214e+03	1.874230e+05
3.355800e-01	1.746440e+05	-1.672175e-02	8.048883e-02	0.000000e+00	-4.621244e+03	1.792652e+05
3.367700e-01	1.750355e+05	-1.681767e-02	8.073646e-02	0.000000e+00	-5.018344e+03	1.800538e+05
3.379600e-01	1.758700e+05	-1.691390e-02	8.098496e-02	0.000000e+00	-3.957098e+03	1.798271e+05
3.391500e-01	1.949311e+05	-1.701042e-02	8.124755e-02	0.000000e+00	-1.962826e+03	1.968940e+05
3.403400e-01	1.927860e+05	-1.710727e-02	8.152211e-02	0.000000e+00	-3.038910e+03	1.958249e+05
3.415300e-01	1.878081e+05	-1.720444e-02	8.179164e-02	0.000000e+00	-2.612671e+03	1.904208e+05
3.427200e-01	1.761218e+05	-1.730193e-02	8.204936e-02	0.000000e+00	-4.881085e+03	1.810029e+05
3.439100e-01	1.823460e+05	-1.739972e-02	8.230321e-02	0.000000e+00	-4.305340e+03	1.866513e+05
3.451000e-01	1.817615e+05	-1.749781e-02	8.256106e-02	0.000000e+00	-2.826199e+03	1.845877e+05
3.462900e-01	1.595894e+05	-1.759621e-02	8.280279e-02	0.000000e+00	-3.001975e+03	1.625914e+05
3.474800e-01	1.781472e+05	-1.769488e-02	8.304197e-02	0.000000e+00	-3.985772e+03	1.821330e+05
3.486700e-01	1.889948e+05	-1.779385e-02	8.330196e-02	0.000000e+00	-2.738877e+03	1.917337e+05
3.498600e-01	1.944708e+05	-1.789314e-02	8.357352e-02	0.000000e+00	-2.540080e+03	1.970109e+05
3.510500e-01	1.870573e+05	-1.799276e-02	8.384370e-02	0.000000e+00	-2.450253e+03	1.895076e+05
3.522400e-01	1.753902e+05	-1.809269e-02	8.410038e-02	0.000000e+00	-5.590185e+03	1.809803e+05
3.534300e-01	1.764583e+05	-1.819292e-02	8.434954e-02	0.000000e+00	-4.829923e+03	1.812882e+05
3.546200e-01	1.734017e+05	-1.829344e-02	8.459730e-02	0.000000e+00	-3.460690e+03	1.768623e+05
3.558100e-01	1.769721e+05	-1.839426e-02	8.484542e-02	0.000000e+00	-3.728770e+03	1.807009e+05
3.570000e-01	1.747713e+05	-1.849537e-02	8.509452e-02	0.000000e+00	-3.272294e+03	1.780436e+05
3.581900e-01	1.932099e+05	-1.859678e-02	8.535511e-02	0.000000e+00	-3.012087e+03	1.962220e+05
3.593800e-01	1.828109e+05	-1.869852e-02	8.562139e-02	0.000000e+00	-2.545471e+03	1.853564e+05
3.605700e-01	1.890889e+05	-1.880056e-02	8.588476e-02	0.000000e+00	-1.306792e+03	1.903957e+05
3.617600e-01	2.040093e+05	-1.890293e-02	8.616314e-02	0.000000e+00	-2.317062e+03	2.063264e+05
3.629500e-01	1.992213e+05	-1.900563e-02	8.644869e-02	0.000000e+00	-3.629916e+03	2.028512e+05
3.641400e-01	2.029523e+05	-1.910867e-02	8.673350e-02	0.000000e+00	-3.692428e+03	2.066447e+05
3.653300e-01	1.971638e+05	-1.921206e-02	8.701684e-02	0.000000e+00	-3.763596e+03	2.009274e+05
3.665200e-01	1.873026e+05	-1.931577e-02	8.728911e-02	0.000000e+00	-2.125104e+03	1.894277e+05
3.677100e-01	1.848767e+05	-1.941981e-02	8.755267e-02	0.000000e+00	-3.403216e+03	1.882799e+05
3.689000e-01	1.924938e+05	-1.952415e-02	8.781991e-02	0.000000e+00	-4.763119e+03	1.972570e+05
3.700900e-01	1.804458e+05	-1.962882e-02	8.808402e-02	0.000000e+00	-1.543394e+03	1.819892e+05
3.712800e-01	2.012626e+05	-1.973379e-02	8.835433e-02	0.000000e+00	-3.919885e+03	2.051824e+05
3.724700e-01	1.936265e+05	-1.983910e-02	8.863398e-02	0.000000e+00	-5.322390e+03	1.989489e+05
3.736600e-01	1.993597e+05	-1.994474e-02	8.891228e-02	0.000000e+00	-3.410098e+03	2.027698e+05
3.748500e-01	1.972560e+05	-2.005071e-02	8.919314e-02	0.000000e+00	-3.398702e+03	2.006547e+05
3.760400e-01	2.070869e+05	-2.015702e-02	8.947949e-02	0.000000e+00	-3.549608e+03	2.106365e+05
3.772300e-01	1.943870e+05	-2.026367e-02	8.976380e-02	0.000000e+00	-3.695512e+03	1.980826e+05
3.784200e-01	1.971319e+05	-2.037066e-02	9.004106e-02	0.000000e+00	-3.847675e+03	2.009796e+05
3.796100e-01	1.823232e+05	-2.047797e-02	9.030977e-02	0.000000e+00	-6.352012e+03	1.886752e+05
3.808000e-01	1.963780e+05	-2.058559e-02	9.057796e-02	0.000000e+00	-4.669442e+03	2.010475e+05
3.819900e-01	1.831368e+05	-2.069355e-02	9.084671e-02	0.000000e+00	-4.056283e+03	1.871930e+05
3.831800e-01	1.836367e+05	-2.080181e-02	9.110645e-02	0.000000e+00	-4.121925e+03	1.877586e+05
3.843700e-01	1.925718e+05	-2.091038e-02	9.137287e-02	0.000000e+00	-4.975068e+03	1.975468e+05
3.855600e-01	1.989217e+05	-2.101928e-02	9.165011e-02	0.000000e+00	-4.118163e+03	2.030399e+05
3.867500e-01	2.008247e+05	-2.112851e-02	9.193320e-02	0.000000e+00	-1.849852e+03	2.026746e+05
3.879400e-01	1.864311e+05	-2.123808e-02	9.220744e-02	0.000000e+00	-2.185424e+03	1.886166e+05
3.891300e-01	1.686967e+05	-2.134796e-02	9.245893e-02	0.000000e+00	-2.903402e+03	1.716001e+05
3.903200e-01	1.890961e+05	-2.145813e-02	9.271230e-02	0.000000e+00	-4.372694e+03	1.934688e+05
3.915100e-01	2.074035e+05	-2.156862e-02	9.299309e-02	0.000000e+00	-4.952476e+03	2.123559e+05
3.927000e-01	1.944299e+05	-2.167945e-02	9.327765e-02	0.000000e+00	-4.569273e+03	1.989992e+05
3.938900e-01	1.915159e+05	-2.179062e-02	9.355097e-02	0.000000e+00	-2.545301e+03	1.940612e+05
3.950800e-01	1.996898e+05	-2.190210e-02	9.382800e-02	0.000000e+00	-2.448597e+03	2.021384e+05
3.962700e-01	2.006796e+05	-2.201393e-02	9.411153e-02	0.000000e+00	-1.974240e+03	2.026538e+05
3.974600e-01	1.976742e+05	-2.212609e-02	9.439363e-02	0.000000e+00	-2.217058e+02	1.978959e+05
3.986500e-01	1.891452e+05	-2.223858e-02	9.466756e-02	0.000000e+00	-9.024634e+02	1.900476e+05
3.998400e-01	1.888144e+05	-2.235140e-02	9.493522e-02	0.000000e+00	-1.895347e+03	1.907098e+05
4.010300e-01	1.922859e+05	-2.246453e-02	9.520510e-02	0.000000e+00	-4.332466e+03	1.966184e+05
4.022200e-01	1.974646e+05	-2.257799e-02	9.548111e-02	0.000000e+00	-3.474980e+03	2.009396e+05
4.034100e-01	1.976746e+05	-2.269177e-02	9.576093e-02	0.000000e+00	-1.754028e+03	1.994286e+05
4.046000e-01	1.753658e+05	-2.280590e-02	9.602511e-02	0.000000e+00	-4.618082e+03	1.799838e+05
4.057900e-01	1.867082e+05	-2.292031e-02	9.628152e-02	0.000000e+00	-2.849990e+03	1.895581e+05
4.069800e-01	1.972783e+05	-2.303505e-02	9.655344e-02	0.000000e+00	-2.461658e+03	1.997400e+05
4.081700e-01	1.909166e+05	-2.315011e-02	9.682835e-02	0.000000e+00	-4.650381e+03	1.955670e+05
4.093600e-01	2.044403e+05	-2.326550e-02	9.710833e-02	0.000000e+00	-2.284356e+03	2.067247e+05
4.105500e-01	1.954786e+05	-2.338123e-02	9.739153e-02	0.000000e+00	-2.831204e+03	1.983098e+05
4.117400e-01	1.948103e+05	-2.349729e-02	9.766792e-02	0.000000e+00	-5.573296e+03	2.003836e+05
4.129300e-01	1.911645e+05	-2.361368e-02	9.794126e-02	0.000000e+00	-3.641833e+03	1.948063e+05
4.141200e-01	1.953874e+05	-2.373039e-02	9.821500e-02	0.000000e+00	-1.940573e+03	1.973280e+05
4.153100e-01	1.991084e+05	-2.384743e-02	9.849437e-02	0.000000e+00	-3.041291e+03	2.021497e+05
4.165000e-01	1.836263e+05	-2.396481e-02	9.876541e-02	0.000000e+00	-4.559064e+03	1.881854e+05
4.176900e-01	1.893471e+05	-2.408249e-02	9.902953e-02	0.000000e+00	-2.626709e+03	1.919738e+05
4.188800e-01	2.109908e+05	-2.420050e-02	9.931304e-02	0.000000e+00	-1.620293e+03	2.126111e+05
4.200700e-01	2.069513e+05	-2.431886e-02	9.960901e-02	0.000000e+00	-2.751207e+03	2.097025e+05
4.212600e-01	2.086135e+05	-2.443757e-02	9.990330e-02	0.000000e+00	-1.131392e+03	2.097449e+05
4.224500e-01	2.146320e+05	-2.455663e-02	1.002030e-01	0.000000e+00	-1.446380e+03	2.160784e+05
4.236400e-01	1.901666e+05	-2.467605e-02	1.004897e-01	0.000000e+00	-3.869335e+03	1.940359e+05
4.248300e-01	1.999328e+05	-2.479579e-02	1.007659e-01	0.000000e+00	-3.631051e+03	2.035638e+05
4.260200e-01	2.065862e+05	-2.491587e-02	1.010538e-01	0.000000e+00	-2.881651e+03	2.094678e+05
4.272100e-01	2.022619e+05	-2.503630e-02	1.013434e-01	0.000000e+00	-3.432003e+03	2.056939e+05
4.284000e-01	2.043613e+05	-2.515707e-02	1.016313e-01	0.000000e+00	-4.713694e+03	2.090750e+05
4.295900e-01	2.051856e+05	-2.527818e-02	1.019213e-01	0.000000e+00	-7.316472e+03	2.125021e+05
4.307800e-01	1.700775e+05	-2.539964e-02	1.021871e-01	0.000000e+00	-7.331385e+03	1.774089e+05
4.319700e-01	2.115335e+05	-2.552139e-02	1.024573e-01	0.000000e+00	-1.576118e+03	2.131096e+05
4.331600e-01	2.015785e+05	-2.564349e-02	1.027499e-01	0.000000e+00	-2.733810e+03	2.043123e+05
4.343500e-01	1.799765e+05	-2.576593e-02	1.030201e-01	0.000000e+00	-4.890043e+03	1.848666e+05
4.355400e-01	1.947605e+05	-2.588868e-02	1.032855e-01	0.000000e+00	-2.325693e+03	1.970862e+05
4.367300e-01	1.940006e+05	-2.601175e-02	1.035608e-01	0.000000e+00	-1.898600e+03	1.958992e+05
4.379200e-01	1.913171e+05	-2.613515e-02	1.038336e-01	0.000000e+00	-1.276855e+03	1.925939e+05
4.391100e-01	1.915678e+05	-2.625888e-02	1.041048e-01	0.000000e+00	-2.701902e+02	1.918380e+05
4.403000e-01	1.995522e+05	-2.638292e-02	1.043818e-01	0.000000e+00	-2.800837e+03	2.023531e+05
4.414900e-01	2.055395e+05	-2.650731e-02	1.046686e-01	0.000000e+00	-2.557853e+03	2.080974e+05
4.426800e-01	2.026166e+05	-2.663203e-02	1.049577e-01	0.000000e+00	-3.622287e+03	2.062389e+05
4.438700e-01	2.025614e+05	-2.675710e-02	1.052446e-01	0.000000e+00	-1.604802e+03	2.041662e+05
4.450600e-01	1.951911e+05	-2.688252e-02	1.055263e-01	0.000000e+00	-3.584272e+03	1.987754e+05
4.462500e-01	2.019970e+05	-2.700826e-02	1.058076e-01	0.000000e+00	-3.824030e+03	2.058210e+05
4.474400e-01	2.014767e+05	-2.713434e-02	1.060933e-01	0.000000e+00	-4.889189e+03	2.063658e+05
4.486300e-01	2.029926e+05	-2.726076e-02	1.063797e-01	0.000000e+00	-1.780946e+03	2.047736e+05
4.498200e-01	1.995450e+05	-2.738752e-02	1.066648e-01	0.000000e+00	-2.931655e+03	2.024767e+05
4.510100e-01	2.004776e+05	-2.751462e-02	1.069481e-01	0.000000e+00	-1.767017e+03	2.022446e+05
4.522000e-01	1.798812e+05	-2.764206e-02	1.072174e-01	0.000000e+00	-4.782306e+03	1.846635e+05
4.533900e-01	1.958897e+05	-2.776980e-02	1.074835e-01	0.000000e+00	-4.491066e+03	2.003808e+05
4.545800e-01	2.145647e+05	-2.789787e-02	1.077742e-01	0.000000e+00	-3.168558e+03	2.177332e+05
4.557700e-01	2.207953e+05	-2.802630e-02	1.080825e-01	0.000000e+00	-5.027138e+03	2.258225e+05
4.569600e-01	2.066847e+05	-2.815511e-02	1.083852e-01	0.000000e+00	-5.023196e+03	2.117079e+05
4.581500e-01	1.911313e+05	-2.828426e-02	1.086669e-01	0.000000e+00	-3.661819e+03	1.947932e+05
4.593400e-01	1.777779e+05	-2.841373e-02	1.089282e-01	0.000000e+00	-3.869174e+03	1.816471e+05
4.605300e-01	1.953020e+05	-2.854351e-02	1.091924e-01	0.000000e+00	-3.247561e+03	1.985496e+05
4.617200e-01	2.158316e+05	-2.867361e-02	1.094835e-01	0.000000e+00	-3.957669e+03	2.197893e+05
4.629100e-01	2.055094e+05	-2.880408e-02	1.097819e-01	0.000000e+00	-3.885191e+03	2.093946e+05
4.641000e-01	1.865829e+05	-2.893489e-02	1.100596e-01	0.000000e+00	-1.764360e+03	1.883472e+05
4.652900e-01	1.880156e+05	-2.906602e-02	1.103249e-01	0.000000e+00	-2.062677e+03	1.900782e+05
4.664800e-01	1.888047e+05	-2.919747e-02	1.105917e-01	0.000000e+00	-2.553197e+03	1.913579e+05
4.676700e-01	1.842586e+05	-2.932923e-02	1.108559e-01	0.000000e+00	-1.726788e+03	1.859854e+05
4.688600e-01	2.020250e+05	-2.946130e-02	1.111295e-01	0.000000e+00	-1.615952e+03	2.036410e+05
4.700500e-01	2.140850e+05	-2.959372e-02	1.114241e-01	0.000000e+00	-3.827802e+03	2.179128e+05
4.712400e-01	2.126794e+05	-2.972649e-02	1.117264e-01	0.000000e+00	-3.463971e+03	2.161434e+05
4.724300e-01	2.100754e+05	-2.985963e-02	1.120257e-01	0.000000e+00	-2.034392e+03	2.121098e+05
4.736200e-01	2.042064e+05	-2.999311e-02	1.123191e-01	0.000000e+00	-2.867063e+03	2.070735e+05
4.748100e-01	1.938622e+05	-3.012694e-02	1.126010e-01	0.000000e+00	-4.190262e+03	1.980525e+05
4.760000e-01	1.879165e+05	-3.026110e-02	1.128714e-01	0.000000e+00	-5.504796e+03	1.934213e+05
4.771900e-01	2.105558e+05	-3.039558e-02	1.131536e-01	0.000000e+00	-2.551006e+03	2.131068e+05
4.783800e-01	2.027133e+05	-3.053041e-02	1.134462e-01	0.000000e+00	-1.389170e+03	2.041025e+05
4.795700e-01	2.109472e+05	-3.066558e-02	1.137392e-01	0.000000e+00	-1.459515e+03	2.124067e+05
4.807600e-01	1.978272e+05	-3.080111e-02	1.140286e-01	0.000000e+00	-4.420846e+03	2.022481e+05
4.819500e-01	2.056760e+05	-3.093697e-02	1.143144e-01	0.000000e+00	-4.166403e+03	2.098424e+05
4.831400e-01	2.114265e+05	-3.107318e-02	1.146098e-01	0.000000e+00	-2.436348e+03	2.138629e+05
4.843300e-01	2.228019e+05	-3.120974e-02	1.149173e-01	0.000000e+00	-2.203747e+03	2.250057e+05
4.855200e-01	1.888504e+05	-3.134668e-02	1.152088e-01	0.000000e+00	-3.409668e+03	1.922601e+05
4.867100e-01	1.892482e+05	-3.148394e-02	1.154765e-01	0.000000e+00	-3.361265e+03	1.926095e+05
4.879000e-01	2.135573e+05	-3.162151e-02	1.157618e-01	0.000000e+00	-3.397237e+03	2.169546e+05
4.890900e-01	1.989484e+05	-3.175945e-02	1.160539e-01	0.000000e+00	-5.738031e+03	2.046864e+05
4.902800e-01	2.064715e+05	-3.189772e-02	1.163410e-01	0.000000e+00	-2.380800e+03	2.088523e+05
4.914700e-01	2.011754e+05	-3.203634e-02	1.166297e-01	0.000000e+00	-2.061000e+03	2.032364e+05
4.926600e-01	2.039489e+05	-3.217530e-02	1.169166e-01	0.000000e+00	-1.173917e+03	2.051229e+05
4.938500e-01	2.095470e+05	-3.231460e-02	1.172094e-01	0.000000e+00	-2.264934e+03	2.118119e+05
4.950400e-01	2.091188e+05	-3.245426e-02	1.175059e-01	0.000000e+00	-2.775322e+03	2.118941e+05
4.962300e-01	2.028497e+05	-3.259427e-02	1.177976e-01	0.000000e+00	-3.858359e+03	2.067081e+05
4.974200e-01	1.988975e+05	-3.273462e-02	1.180822e-01	0.000000e+00	-2.817603e+03	2.017151e+05
4.986100e-01	2.094335e+05	-3.287530e-02	1.183713e-01	0.000000e+00	-2.638100e+03	2.120716e+05
4.998000e-01	2.021243e+05	-3.301634e-02	1.186628e-01	0.000000e+00	-1.824397e+03	2.039487e+05
5.009900e-01	2.074865e+05	-3.315772e-02	1.189528e-01	0.000000e+00	-1.641193e+03	2.091277e+05
5.021800e-01	1.927438e+05	-3.329945e-02	1.192363e-01	0.000000e+00	-3.837056e+03	1.965809e+05
5.033700e-01	1.991028e+05	-3.344150e-02	1.195138e-01	0.000000e+00	-3.499564e+03	2.026024e+05
5.045600e-01	2.083747e+05	-3.358389e-02	1.198023e-01	0.000000e+00	-2.881127e+03	2.112558e+05
5.057500e-01	2.130983e+05	-3.372663e-02	1.201008e-01	0.000000e+00	-2.428806e+03	2.155271e+05
5.069400e-01	2.049894e+05	-3.386973e-02	1.203969e-01	0.000000e+00	-1.918885e+03	2.069083e+05
5.081300e-01	1.952289e+05	-3.401318e-02	1.206803e-01	0.000000e+00	-2.914136e+03	1.981430e+05
5.093200e-01	1.898769e+05	-3.415695e-02	1.209530e-01	0.000000e+00	-3.869696e+03	1.937466e+05
5.105100e-01	2.101002e+05	-3.430104e-02	1.212363e-01	0.000000e+00	-4.663013e+03	2.147632e+05
5.117000e-01	2.157222e+05	-3.444549e-02	1.215378e-01	0.000000e+00	-4.302698e+03	2.200249e+05
5.128900e-01	2.034787e+05	-3.459030e-02	1.218347e-01	0.000000e+00	-3.808937e+03	2.072877e+05
5.140800e-01	2.201917e+05	-3.473546e-02	1.221347e-01	0.000000e+00	-5.325720e+03	2.255174e+05
5.152700e-01	2.143903e+05	-3.488099e-02	1.224425e-01	0.000000e+00	-2.594816e+03	2.169851e+05
5.164600e-01	2.088374e+05	-3.502687e-02	1.227422e-01	0.000000e+00	-2.401550e+03	2.112390e+05
5.176500e-01	2.051242e+05	-3.517311e-02	1.230353e-01	0.000000e+00	-2.642138e+03	2.077664e+05
5.188400e-01	2.217665e+05	-3.531970e-02	1.233376e-01	0.000000e+00	-4.097374e+03	2.258639e+05
5.200300e-01	1.951036e+05	-3.546666e-02	1.236328e-01	0.000000e+00	-4.286446e+03	1.993901e+05
5.212200e-01	1.926842e+05	-3.561394e-02	1.239075e-01	0.000000e+00	-3.481365e+03	1.961656e+05
5.224100e-01	2.066415e+05	-3.576155e-02	1.241903e-01	0.000000e+00	-2.142238e+03	2.087837e+05
5.236000e-01	1.944606e+05	-3.590952e-02	1.244743e-01	0.000000e+00	-4.749818e+03	1.992104e+05
5.247900e-01	1.871458e+05	-3.605780e-02	1.247445e-01	0.000000e+00	-3.368266e+03	1.905141e+05
5.259800e-01	2.064746e+05	-3.620641e-02	1.250233e-01	0.000000e+00	-2.608062e+03	2.090827e+05
5.271700e-01	2.158409e+05	-3.635536e-02	1.253224e-01	0.000000e+00	-7.163724e+03	2.230046e+05
5.283600e-01	2.172208e+05	-3.650467e-02	1.256290e-01	0.000000e+00	-4.688394e+03	2.219092e+05
5.295500e-01	2.059084e+05	-3.665436e-02	1.259287e-01	0.000000e+00	-1.517103e+03	2.074255e+05
5.307400e-01	2.205910e+05	-3.680438e-02	1.262307e-01	0.000000e+00	-2.145241e+03	2.227362e+05
5.319300e-01	2.163124e+05	-3.695479e-02	1.265401e-01	0.000000e+00	-5.306078e+03	2.216185e+05
5.331200e-01	2.246865e+05	-3.710555e-02	1.268524e-01	0.000000e+00	-4.501139e+03	2.291876e+05
5.343100e-01	2.152243e+05	-3.725669e-02	1.271639e-01	0.000000e+00	-1.560435e+03	2.167847e+05
5.355000e-01	1.978170e+05	-3.740820e-02	1.274564e-01	0.000000e+00	-3.198292e+03	2.010153e+05
5.366900e-01	1.976013e+05	-3.756004e-02	1.277365e-01	0.000000e+00	-2.509290e+03	2.001105e+05
5.378800e-01	2.079786e+05	-3.771221e-02	1.280237e-01	0.000000e+00	-3.183837e+03	2.111624e+05
5.390700e-01	1.974788e+05	-3.786474e-02	1.283108e-01	0.000000e+00	-3.537378e+03	2.010162e+05
5.402600e-01	2.033701e+05	-3.801759e-02	1.285947e-01	0.000000e+00	-2.253191e+03	2.056233e+05
5.414500e-01	2.164761e+05	-3.817079e-02	1.288920e-01	0.000000e+00	-2.321249e+03	2.187973e+05
5.426400e-01	1.920726e+05	-3.832436e-02	1.291813e-01	0.000000e+00	-2.969510e+03	1.950421e+05
5.438300e-01	2.020096e+05	-3.847824e-02	1.294604e-01	0.000000e+00	-2.907581e+03	2.049172e+05
5.450200e-01	2.092705e+05	-3.863247e-02	1.297516e-01	0.000000e+00	-2.223462e+03	2.114939e+05
5.462100e-01	2.107730e+05	-3.878705e-02	1.300491e-01	0.000000e+00	-1.752582e+03	2.125255e+05
5.474000e-01	2.014307e+05	-3.894199e-02	1.303410e-01	0.000000e+00	-1.703448e+03	2.031341e+05
5.485900e-01	1.935379e+05	-3.909726e-02	1.306207e-01	0.000000e+00	-2.224468e+03	1.957624e+05
5.497800e-01	2.061779e+05	-3.925287e-02	1.309038e-01	0.000000e+00	-1.536718e+03	2.077146e+05
5.509700e-01	2.200679e+05	-3.940882e-02	1.312056e-01	0.000000e+00	-2.208198e+03	2.222761e+05
5.521600e-01	2.002674e+05	-3.956514e-02	1.315033e-01	0.000000e+00	-2.621253e+03	2.028887e+05
5.533500e-01	2.139216e+05	-3.972179e-02	1.317966e-01	0.000000e+00	-5.971544e+02	2.145187e+05
5.545400e-01	2.114848e+05	-3.987881e-02	1.320979e-01	0.000000e+00	-5.303601e+02	2.120152e+05
5.557300e-01	2.182815e+05	-4.003619e-02	1.324022e-01	0.000000e+00	-3.030943e+03	2.213124e+05
5.569200e-01	2.210643e+05	-4.019393e-02	1.327133e-01	0.000000e+00	-1.754276e+03	2.228186e+05
5.581100e-01	2.227425e+05	-4.035204e-02	1.330276e-01	0.000000e+00	-1.996013e+03	2.247385e+05
5.593000e-01	2.047354e+05	-4.051053e-02	1.333304e-01	0.000000e+00	-3.335022e+03	2.080704e+05
5.604900e-01	2.224243e+05	-4.066937e-02	1.336329e-01	0.000000e+00	-1.390367e+03	2.238147e+05
5.616800e-01	2.124832e+05	-4.082858e-02	1.339408e-01	0.000000e+00	-1.516153e+03	2.139994e+05
5.628700e-01	1.995661e+05	-4.098815e-02	1.342326e-01	0.000000e+00	-7.804775e+02	2.003466e+05
5.640600e-01	2.214211e+05	-4.114805e-02	1.345308e-01	0.000000e+00	-1.168427e+03	2.225896e+05
5.652500e-01	2.167565e+05	-4.130833e-02	1.348411e-01	0.000000e+00	-1.975857e+03	2.187324e+05
5.664400e-01	2.134518e+05	-4.146898e-02	1.351457e-01	0.000000e+00	-2.822785e+03	2.162746e+05
5.676300e-01	2.170728e+05	-4.162998e-02	1.354506e-01	0.000000e+00	-1.360952e+03	2.184338e+05
5.688200e-01	2.138259e+05	-4.179135e-02	1.357558e-01	0.000000e+00	-3.746867e+03	2.175728e+05
5.700100e-01	2.074330e+05	-4.195308e-02	1.360541e-01	0.000000e+00	-1.799323e+03	2.092323e+05
5.712000e-01	1.943605e+05	-4.211516e-02	1.363386e-01	0.000000e+00	-4.793258e+03	1.991538e+05
5.723900e-01	2.001670e+05	-4.227756e-02	1.366180e-01	0.000000e+00	-3.106163e+03	2.032732e+05
5.735800e-01	1.992664e+05	-4.244031e-02	1.369009e-01	0.000000e+00	-3.190472e+03	2.024569e+05
5.747700e-01	2.065731e+05	-4.260339e-02	1.371883e-01	0.000000e+00	-4.389412e+03	2.109626e+05
5.759600e-01	2.153088e+05	-4.276682e-02	1.374870e-01	0.000000e+00	-3.501041e+03	2.188099e+05
5.771500e-01	1.970541e+05	-4.293061e-02	1.377791e-01	0.000000e+00	-2.707472e+03	1.997616e+05
5.783400e-01	2.010272e+05	-4.309473e-02	1.380610e-01	0.000000e+00	-1.721713e+03	2.027489e+05
5.795300e-01	2.128147e+05	-4.325919e-02	1.383540e-01	0.000000e+00	-2.442697e+03	2.152574e+05
5.807200e-01	2.084546e+05	-4.342401e-02	1.386524e-01	0.000000e+00	-3.674346e+03	2.121290e+05
5.819100e-01	2.056033e+05	-4.358919e-02	1.389456e-01	0.000000e+00	-1.527885e+03	2.071312e+05
5.831000e-01	2.167258e+05	-4.375470e-02	1.392447e-01	0.000000e+00	-3.069817e+03	2.197956e+05
5.842900e-01	2.196586e+05	-4.392059e-02	1.395537e-01	0.000000e+00	-3.012159e+03	2.226708e+05
5.854800e-01	2.203871e+05	-4.408684e-02	1.398653e-01	0.000000e+00	-1.734311e+03	2.221214e+05
5.866700e-01	2.198431e+05	-4.425347e-02	1.401771e-01	0.000000e+00	-1.148324e+03	2.209914e+05
5.878600e-01	2.284704e+05	-4.442046e-02	1.404946e-01	0.000000e+00	-1.893259e+02	2.286598e+05
5.890500e-01	2.217262e+05	-4.458784e-02	1.408134e-01	0.000000e+00	-8.775144e+02	2.226037e+05
5.902400e-01	2.173423e+05	-4.475560e-02	1.411243e-01	0.000000e+00	-2.145499e+03	2.194878e+05
5.914300e-01	2.408165e+05	-4.492372e-02	1.414488e-01	0.000000e+00	-9.893416e+02	2.418058e+05
5.926200e-01	2.200366e+05	-4.509225e-02	1.417751e-01	0.000000e+00	-9.042871e+02	2.209409e+05
5.938100e-01	2.175879e+05	-4.526114e-02	1.420850e-01	0.000000e+00	-4.729929e+03	2.223178e+05
5.950000e-01	2.124829e+05	-4.543041e-02	1.423896e-01	0.000000e+00	-3.201004e+03	2.156839e+05
5.961900e-01	1.945400e+05	-4.560003e-02	1.426778e-01	0.000000e+00	-3.960856e+03	1.985009e+05
5.973800e-01	1.994868e+05	-4.576998e-02	1.429569e-01	0.000000e+00	-3.539801e+03	2.030266e+05
5.985700e-01	2.002142e+05	-4.594027e-02	1.432399e-01	0.000000e+00	-1.455220e+03	2.016694e+05
5.997600e-01	2.061352e+05	-4.611089e-02	1.435277e-01	0.000000e+00	-4.726564e+03	2.108617e+05
6.009500e-01	2.341873e+05	-4.628186e-02	1.438395e-01	0.000000e+00	-3.473147e+03	2.376604e+05
6.021400e-01	2.140248e+05	-4.645323e-02	1.441569e-01	0.000000e+00	-2.071692e+03	2.160965e+05
6.033300e-01	2.129285e+05	-4.662496e-02	1.444593e-01	0.000000e+00	-2.109705e+03	2.150382e+05
6.045200e-01	2.109053e+05	-4.679704e-02	1.447594e-01	0.000000e+00	-2.080351e+03	2.129857e+05
6.057100e-01	2.025145e+05	-4.696949e-02	1.450522e-01	0.000000e+00	-3.029428e+03	2.055439e+05
6.069000e-01	2.089529e+05	-4.714227e-02	1.453436e-01	0.000000e+00	-3.336611e+03	2.122895e+05
6.080900e-01	2.082921e+05	-4.731540e-02	1.456390e-01	0.000000e+00	-1.438660e+03	2.097307e+05
6.092800e-01	2.204890e+05	-4.748889e-02	1.459427e-01	0.000000e+00	-3.512232e+03	2.240012e+05
6.104700e-01	2.090200e+05	-4.766275e-02	1.462468e-01	0.000000e+00	-1.030247e+03	2.100502e+05
6.116600e-01	2.025152e+05	-4.783696e-02	1.465383e-01	0.000000e+00	-2.115015e+03	2.046302e+05
6.128500e-01	1.996360e+05	-4.801151e-02	1.468231e-01	0.000000e+00	-2.818413e+03	2.024544e+05
6.140400e-01	2.133418e+05	-4.818640e-02	1.471155e-01	0.000000e+00	-1.413109e+03	2.147549e+05
6.152300e-01	2.254742e+05	-4.836164e-02	1.474263e-01	0.000000e+00	-1.530294e+03	2.270045e+05
6.164200e-01	2.294062e+05	-4.853727e-02	1.477484e-01	0.000000e+00	-3.719250e+03	2.331255e+05
6.176100e-01	2.379740e+05	-4.871328e-02	1.480794e-01	0.000000e+00	-5.614610e+02	2.385354e+05
6.188000e-01	2.206473e+05	-4.888970e-02	1.484042e-01	0.000000e+00	-1.300503e+03	2.219478e+05
6.199900e-01	2.116082e+05	-4.906649e-02	1.487103e-01	0.000000e+00	-2.670646e+03	2.142788e+05
6.211800e-01	2.124418e+05	-4.924363e-02	1.490106e-01	0.000000e+00	-2.898783e+03	2.153406e+05
6.223700e-01	2.118834e+05	-4.942113e-02	1.493111e-01	0.000000e+00	-2.410764e+03	2.142941e+05
6.235600e-01	2.031113e+05	-4.959899e-02	1.496050e-01	0.000000e+00	-3.601432e+03	2.067127e+05
6.247500e-01	2.045555e+05	-4.977719e-02	1.498937e-01	0.000000e+00	-1.951761e+03	2.065073e+05
6.259400e-01	2.184778e+05	-4.995574e-02	1.501932e-01	0.000000e+00	-1.724408e+03	2.202022e+05
6.271300e-01	1.944112e+05	-5.013465e-02	1.504856e-01	0.000000e+00	-2.404915e+03	1.968161e+05
6.283200e-01	2.105913e+05	-5.031389e-02	1.507724e-01	0.000000e+00	-1.657997e+03	2.122493e+05
6.295100e-01	2.212682e+05	-5.049349e-02	1.510783e-01	0.000000e+00	-2.014198e+03	2.232824e+05
6.307000e-01	2.188683e+05	-5.067346e-02	1.513899e-01	0.000000e+00	-1.313568e+03	2.201819e+05
6.318900e-01	2.216653e+05	-5.085380e-02	1.517019e-01	0.000000e+00	-1.969926e+03	2.236352e+05
6.330800e-01	2.074693e+05	-5.103451e-02	1.520058e-01	0.000000e+00	-1.959801e+03	2.094291e+05
6.342700e-01	2.194455e+05	-5.121557e-02	1.523081e-01	0.000000e+00	-1.283252e+03	2.207288e+05
6.354600e-01	2.091664e+05	-5.139700e-02	1.526117e-01	0.000000e+00	-1.522280e+03	2.106886e+05
6.366500e-01	2.009447e+05	-5.157879e-02	1.529021e-01	0.000000e+00	-2.867157e+03	2.038119e+05
6.378400e-01	2.125700e+05	-5.176091e-02	1.531949e-01	0.000000e+00	-3.101116e+03	2.156712e+05
6.390300e-01	2.243386e+05	-5.194339e-02	1.535043e-01	0.000000e+00	-1.404822e+03	2.257434e+05
6.402200e-01	2.327857e+05	-5.212625e-02	1.538281e-01	0.000000e+00	-3.406815e+03	2.361925e+05
6.414100e-01	2.096655e+05	-5.230950e-02	1.541414e-01	0.000000e+00	-3.451462e+03	2.131170e+05
6.426000e-01	2.046130e+05	-5.249311e-02	1.544348e-01	0.000000e+00	-2.126863e+03	2.067399e+05
6.437900e-01	2.305966e+05	-5.267706e-02	1.547430e-01	0.000000e+00	-2.885977e+03	2.334826e+05
6.449800e-01	2.243658e+05	-5.286140e-02	1.550651e-01	0.000000e+00	-2.353194e+03	2.267190e+05
6.461700e-01	2.098066e+05	-5.304611e-02	1.553726e-01	0.000000e+00	-1.463473e+03	2.112701e+05
6.473600e-01	2.048622e+05	-5.323118e-02	1.556663e-01	0.000000e+00	-3.335979e+03	2.081982e+05
6.485500e-01	1.921205e+05	-5.341660e-02	1.559474e-01	0.000000e+00	-5.412251e+02	1.926617e+05
6.497400e-01	2.358486e+05	-5.360234e-02	1.562505e-01	0.000000e+00	-8.452632e+02	2.366938e+05
6.509300e-01	2.264297e+05	-5.378847e-02	1.565778e-01	0.000000e+00	-8.460147e+02	2.272757e+05
6.521200e-01	2.149185e+05	-5.397499e-02	1.568904e-01	0.000000e+00	-3.298952e+03	2.182174e+05
6.533100e-01	2.233753e+05	-5.416187e-02	1.572008e-01	0.000000e+00	-1.979879e+03	2.253551e+05
6.545000e-01	2.057417e+05	-5.434913e-02	1.575047e-01	0.000000e+00	-1.727151e+03	2.074688e+05
6.556900e-01	2.301215e+05	-5.453673e-02	1.578133e-01	0.000000e+00	-1.734221e+03	2.318557e+05
6.568800e-01	2.025582e+05	-5.472473e-02	1.581197e-01	0.000000e+00	-3.952831e+03	2.065110e+05
6.580700e-01	2.108636e+05	-5.491306e-02	1.584125e-01	0.000000e+00	-1.301898e+03	2.121655e+05
6.592600e-01	2.102239e+05	-5.510175e-02	1.587107e-01	0.000000e+00	-1.662039e+03	2.118860e+05
6.604500e-01	2.100052e+05	-5.529079e-02	1.590083e-01	0.000000e+00	-1.414712e+03	2.114199e+05
6.616400e-01	2.216642e+05	-5.548019e-02	1.593140e-01	0.000000e+00	-4.708909e+02	2.221351e+05
6.628300e-01	2.092957e+05	-5.566996e-02	1.596192e-01	0.000000e+00	0.000000e+00	2.092957e+05
6.640200e-01	2.146653e+05	-5.586008e-02	1.599194e-01	0.000000e+00	-2.014448e+02	2.148667e+05
6.652100e-01	2.175224e+05	-5.605057e-02	1.602255e-01	0.000000e+00	-1.531792e+03	2.190542e+05
6.664000e-01	2.181460e+05	-5.624142e-02	1.605340e-01	0.000000e+00	-2.313648e+03	2.204597e+05
6.675900e-01	2.089523e+05	-5.643264e-02	1.608364e-01	0.000000e+00	-3.391228e+03	2.123435e+05
6.687800e-01	1.972224e+05	-5.662421e-02	1.611241e-01	0.000000e+00	-2.564507e+03	1.997869e+05
6.699700e-01	2.023528e+05	-5.681611e-02	1.614071e-01	0.000000e+00	-1.962813e+03	2.043156e+05
6.711600e-01	2.007027e+05	-5.700836e-02	1.616925e-01	0.000000e+00	-3.297178e+03	2.039999e+05
6.723500e-01	1.992895e+05	-5.720094e-02	1.619757e-01	0.000000e+00	-5.376315e+03	2.046658e+05
6.735400e-01	2.240552e+05	-5.739386e-02	1.622755e-01	0.000000e+00	-2.032201e+03	2.260874e+05
6.747300e-01	2.185109e+05	-5.758716e-02	1.625889e-01	0.000000e+00	-5.651959e+02	2.190761e+05
6.759200e-01	2.255115e+05	-5.778082e-02	1.629034e-01	0.000000e+00	-2.975340e+03	2.284868e+05
6.771100e-01	2.144872e+05	-5.797487e-02	1.632150e-01	0.000000e+00	-2.655689e+03	2.171429e+05
6.783000e-01	2.065377e+05	-5.816927e-02	1.635131e-01	0.000000e+00	-6.754326e+02	2.072132e+05
6.794900e-01	2.018266e+05	-5.836403e-02	1.638023e-01	0.000000e+00	-2.199744e+03	2.040263e+05
6.806800e-01	2.199347e+05	-5.855912e-02	1.641010e-01	0.000000e+00	-2.303818e+03	2.222385e+05
6.818700e-01	2.337050e+05	-5.875459e-02	1.644223e-01	0.000000e+00	-2.788124e+03	2.364932e+05
6.830600e-01	2.126419e+05	-5.895045e-02	1.647383e-01	0.000000e+00	-8.795290e+02	2.135214e+05
6.842500e-01	2.121374e+05	-5.914666e-02	1.650392e-01	0.000000e+00	-9.414654e+02	2.130789e+05
6.854400e-01	2.064695e+05	-5.934324e-02	1.653356e-01	0.000000e+00	-2.765366e+03	2.092349e+05
6.866300e-01	1.975596e+05	-5.954016e-02	1.656217e-01	0.000000e+00	-2.295123e+03	1.998547e+05
6.878200e-01	2.078148e+05	-5.973742e-02	1.659088e-01	0.000000e+00	-1.707958e+03	2.095228e+05
6.890100e-01	2.028362e+05	-5.993503e-02	1.661996e-01	0.000000e+00	-2.771866e+03	2.056081e+05
6.902000e-01	1.968196e+05	-6.013297e-02	1.664826e-01	0.000000e+00	-3.485179e+03	2.003047e+05
6.913900e-01	2.079579e+05	-6.033125e-02	1.667693e-01	0.000000e+00	-2.400859e+03	2.103587e+05
6.925800e-01	2.226523e+05	-6.052989e-02	1.670742e-01	0.000000e+00	-2.883826e+03	2.255361e+05
6.937700e-01	2.136866e+05	-6.072889e-02	1.673832e-01	0.000000e+00	-3.041766e+03	2.167283e+05
6.949600e-01	2.122184e+05	-6.092826e-02	1.676848e-01	0.000000e+00	-2.110176e+03	2.143286e+05
6.961500e-01	2.324013e+05	-6.112798e-02	1.679997e-01	0.000000e+00	-2.364645e+03	2.347659e+05
6.973400e-01	2.141907e+05	-6.132810e-02	1.683159e-01	0.000000e+00	-1.063991e+03	2.152547e+05
6.985300e-01	2.018740e+05	-6.152857e-02	1.686106e-01	0.000000e+00	-4.043302e+02	2.022783e+05
6.997200e-01	2.046246e+05	-6.172939e-02	1.688985e-01	0.000000e+00	-7.986259e+02	2.054232e+05
7.009100e-01	2.246230e+05	-6.193055e-02	1.692024e-01	0.000000e+00	-3.261981e+03	2.278850e+05
7.021000e-01	2.126638e+05	-6.213209e-02	1.695121e-01	0.000000e+00	-2.227319e+03	2.148912e+05
7.032900e-01	2.192113e+05	-6.233399e-02	1.698179e-01	0.000000e+00	-2.478537e+03	2.216898e+05
7.044800e-01	2.232585e+05	-6.253626e-02	1.701313e-01	0.000000e+00	-1.734566e+03	2.249930e+05
7.056700e-01	2.121454e+05	-6.273890e-02	1.704396e-01	0.000000e+00	-5.076346e+03	2.172217e+05
7.068600e-01	2.151086e+05	-6.294190e-02	1.707422e-01	0.000000e+00	-1.023202e+03	2.161318e+05
7.080500e-01	2.298028e+05	-6.314527e-02	1.710573e-01	0.000000e+00	-1.630625e+03	2.314334e+05
7.092400e-01	2.393659e+05	-6.334902e-02	1.713895e-01	0.000000e+00	-2.954301e+03	2.423202e+05
7.104300e-01	2.227257e+05	-6.355318e-02	1.717167e-01	0.000000e+00	-1.844560e+03	2.245702e+05
7.116200e-01	2.205848e+05	-6.375771e-02	1.720307e-01	0.000000e+00	-1.398341e+03	2.219831e+05
7.128100e-01	2.193231e+05	-6.396261e-02	1.723422e-01	0.000000e+00	-8.430297e+02	2.201661e+05
7.140000e-01	2.061056e+05	-6.416788e-02	1.726435e-01	0.000000e+00	-9.434587e+02	2.070490e+05
7.151900e-01	2.298800e+05	-6.437350e-02	1.729522e-01	0.000000e+00	-1.248074e+03	2.311281e+05
7.163800e-01	2.371237e+05	-6.457951e-02	1.732829e-01	0.000000e+00	-1.433355e+03	2.385571e+05
7.175700e-01	2.181190e+05	-6.478591e-02	1.736053e-01	0.000000e+00	-3.509475e+03	2.216285e+05
7.187600e-01	2.188911e+05	-6.499269e-02	1.739148e-01	0.000000e+00	-2.123862e+03	2.210149e+05
7.199500e-01	2.217955e+05	-6.519983e-02	1.742269e-01	0.000000e+00	-1.348690e+03	2.231442e+05
7.211400e-01	2.128872e+05	-6.540735e-02	1.745347e-01	0.000000e+00	-4.408059e+03	2.172953e+05
7.223300e-01	2.230173e+05	-6.561522e-02	1.748434e-01	0.000000e+00	-5.825018e+03	2.288423e+05
7.235200e-01	2.308072e+05	-6.582348e-02	1.751648e-01	0.000000e+00	-2.802736e+03	2.336099e+05
7.247100e-01	2.223415e+05	-6.603212e-02	1.754857e-01	0.000000e+00	-1.164591e+03	2.235061e+05
7.259000e-01	2.264920e+05	-6.624113e-02	1.758035e-01	0.000000e+00	-2.458095e+03	2.289501e+05
7.270900e-01	2.148543e+05	-6.645053e-02	1.761161e-01	0.000000e+00	-8.742658e+02	2.157286e+05
7.282800e-01	2.052480e+05	-6.666029e-02	1.764136e-01	0.000000e+00	-3.424786e+03	2.086727e+05
7.294700e-01	2.097537e+05	-6.687039e-02	1.767075e-01	0.000000e+00	-1.583301e+03	2.113370e+05
7.306600e-01	2.169785e+05	-6.708085e-02	1.770097e-01	0.000000e+00	-4.377469e+02	2.174162e+05
7.318500e-01	2.113331e+05	-6.729168e-02	1.773130e-01	0.000000e+00	-4.025892e+02	2.117356e+05
7.330400e-01	2.269263e+05	-6.750286e-02	1.776234e-01	0.000000e+00	-2.142857e+03	2.290691e+05
7.342300e-01	2.266564e+05	-6.771442e-02	1.779446e-01	0.000000e+00	-3.781512e+02	2.270346e+05
7.354200e-01	2.090584e+05	-6.792636e-02	1.782531e-01	0.000000e+00	-8.575199e+02	2.099159e+05
7.366100e-01	2.182977e+05	-6.813866e-02	1.785558e-01	0.000000e+00	-1.864258e+03	2.201620e+05
7.378000e-01	2.306674e+05	-6.835133e-02	1.788737e-01	0.000000e+00	-2.104535e+03	2.327720e+05
7.389900e-01	2.173756e+05	-6.856438e-02	1.791910e-01	0.000000e+00	-1.716386e+03	2.190920e+05
7.401800e-01	2.165120e+05	-6.877780e-02	1.794983e-01	0.000000e+00	-2.543158e+03	2.190551e+05
7.413700e-01	2.142829e+05	-6.899159e-02	1.798033e-01	0.000000e+00	-1.773661e+03	2.160566e+05
7.425600e-01	2.193555e+05	-6.920573e-02	1.801104e-01	0.000000e+00	-3.386468e+02	2.196941e+05
7.437500e-01	2.127889e+05	-6.942025e-02	1.804164e-01	0.000000e+00	-1.039401e+03	2.138283e+05
7.449400e-01	1.967077e+05	-6.963513e-02	1.807064e-01	0.000000e+00	-3.201152e+03	1.999089e+05
7.461300e-01	2.026314e+05	-6.985033e-02	1.809892e-01	0.000000e+00	-2.594389e+03	2.052258e+05
7.473200e-01	2.238141e+05	-7.006588e-02	1.812912e-01	0.000000e+00	-1.257989e+03	2.250721e+05
7.485100e-01	2.172420e+05	-7.028180e-02	1.816036e-01	0.000000e+00	-2.121418e+03	2.193634e+05
7.497000e-01	2.086608e+05	-7.049810e-02	1.819052e-01	0.000000e+00	-1.932113e+03	2.105929e+05
7.508900e-01	2.231294e+05	-7.071474e-02	1.822110e-01	0.000000e+00	-1.025121e+03	2.241546e+05
7.520800e-01	2.369499e+05	-7.093176e-02	1.825368e-01	0.000000e+00	-1.057437e+03	2.380073e+05
7.532700e-01	2.259889e+05	-7.114918e-02	1.828646e-01	0.000000e+00	-2.297524e+03	2.282865e+05
7.544600e-01	2.069968e+05	-7.136698e-02	1.831712e-01	0.000000e+00	-9.653402e+02	2.079621e+05
7.556500e-01	2.159094e+05	-7.158512e-02	1.834707e-01	0.000000e+00	-1.342401e+03	2.172518e+05
7.568400e-01	2.163201e+05	-7.180364e-02	1.837768e-01	0.000000e+00	-1.144015e+03	2.174642e+05
7.580300e-01	1.990008e+05	-7.202251e-02	1.840709e-01	0.000000e+00	-2.623431e+03	2.016242e+05
7.592200e-01	2.102806e+05	-7.224172e-02	1.843608e-01	0.000000e+00	-2.368320e+03	2.126489e+05
7.604100e-01	2.147417e+05	-7.246129e-02	1.846617e-01	0.000000e+00	-2.709581e+03	2.174513e+05
7.616000e-01	2.528696e+05	-7.268122e-02	1.849929e-01	0.000000e+00	-1.522991e+03	2.543926e+05
7.627900e-01	2.274105e+05	-7.290157e-02	1.853330e-01	0.000000e+00	-2.549282e+03	2.299598e+05
7.639800e-01	1.995968e+05	-7.312231e-02	1.856354e-01	0.000000e+00	-3.861721e+03	2.034585e+05
7.651700e-01	2.046709e+05	-7.334339e-02	1.859217e-01	0.000000e+00	-1.927704e+03	2.065986e+05
7.663600e-01	2.198927e+05	-7.356481e-02	1.862223e-01	0.000000e+00	-3.072519e+02	2.202000e+05
7.675500e-01	2.269160e+05	-7.378660e-02	1.865388e-01	0.000000e+00	-1.808413e+03	2.287244e+05
7.687400e-01	2.142494e+05	-7.400877e-02	1.868512e-01	0.000000e+00	-2.271913e+03	2.165213e+05
7.699300e-01	2.240451e+05	-7.423130e-02	1.871616e-01	0.000000e+00	-1.958283e+03	2.260034e+05
7.711200e-01	2.123951e+05	-7.445421e-02	1.874706e-01	0.000000e+00	-3.585975e+03	2.159811e+05
7.723100e-01	2.334641e+05	-7.467748e-02	1.877864e-01	0.000000e+00	-9.741183e+02	2.344383e+05
7.735000e-01	2.308955e+05	-7.490114e-02	1.881152e-01	0.000000e+00	-8.587511e+02	2.317543e+05
7.746900e-01	2.272876e+05	-7.512520e-02	1.884397e-01	0.000000e+00	-1.734846e+03	2.290224e+05
7.758800e-01	2.015625e+05	-7.534963e-02	1.887434e-01	0.000000e+00	-2.255166e+03	2.038177e+05
7.770700e-01	2.262161e+05	-7.557441e-02	1.890463e-01	0.000000e+00	-2.320202e+03	2.285363e+05
7.782600e-01	2.253978e+05	-7.579956e-02	1.893661e-01	0.000000e+00	-8.017172e+02	2.261995e+05
7.794500e-01	2.072829e+05	-7.602510e-02	1.896726e-01	0.000000e+00	-2.348541e+03	2.096314e+05
7.806400e-01	1.993966e+05	-7.625098e-02	1.899605e-01	0.000000e+00	-1.743655e+03	2.011403e+05
7.818300e-01	2.142993e+05	-7.647720e-02	1.902535e-01	0.000000e+00	-2.121861e+03	2.164211e+05
7.830200e-01	2.045845e+05	-7.670379e-02	1.905502e-01	0.000000e+00	-2.137386e+02	2.047982e+05
7.842100e-01	2.113705e+05	-7.693071e-02	1.908447e-01	0.000000e+00	-2.041817e+03	2.134123e+05
7.854000e-01	2.139126e+05	-7.715800e-02	1.911459e-01	0.000000e+00	-9.782284e+02	2.148908e+05
7.865900e-01	2.216987e+05	-7.738564e-02	1.914544e-01	0.000000e+00	-9.559536e+02	2.226546e+05
7.877800e-01	2.259348e+05	-7.761366e-02	1.917714e-01	0.000000e+00	-1.136261e+03	2.270711e+05
7.889700e-01	2.237230e+05	-7.784206e-02	1.920898e-01	0.000000e+00	-1.626916e+03	2.253499e+05
7.901600e-01	2.045524e+05	-7.807083e-02	1.923931e-01	0.000000e+00	-7.479025e+02	2.053003e+05
7.913500e-01	2.125937e+05	-7.829995e-02	1.926885e-01	0.000000e+00	-1.520942e+03	2.141146e+05
7.925400e-01	2.063054e+05	-7.852943e-02	1.929851e-01	0.000000e+00	-9.816653e+02	2.072871e+05
7.937300e-01	1.882901e+05	-7.875926e-02	1.932646e-01	0.000000e+00	-2.992753e+02	1.885894e+05
7.949200e-01	2.144378e+05	-7.898940e-02	1.935498e-01	0.000000e+00	-1.417038e+03	2.158548e+05
7.961100e-01	2.242564e+05	-7.921990e-02	1.938605e-01	0.000000e+00	-3.196592e+03	2.274530e+05
7.973000e-01	2.062231e+05	-7.945079e-02	1.941653e-01	0.000000e+00	-1.291116e+02	2.063522e+05
7.984900e-01	2.251240e+05	-7.968202e-02	1.944708e-01	0.000000e+00	-4.208298e+02	2.255448e+05
7.996800e-01	2.221627e+05	-7.991363e-02	1.947875e-01	0.000000e+00	-2.821391e+03	2.249840e+05
8.008700e-01	2.177556e+05	-8.014561e-02	1.950991e-01	0.000000e+00	-1.346600e+03	2.191022e+05
8.020600e-01	2.239548e+05	-8.037796e-02	1.954119e-01	0.000000e+00	-1.684103e+03	2.256389e+05
8.032500e-01	2.229350e+05	-8.061069e-02	1.957283e-01	0.000000e+00	-1.828376e+03	2.247633e+05
8.044400e-01	2.158631e+05	-8.084380e-02	1.960391e-01	0.000000e+00	-2.934719e+03	2.187979e+05
8.056300e-01	2.102804e+05	-8.107726e-02	1.963409e-01	0.000000e+00	-2.409359e+03	2.126897e+05
8.068200e-01	2.330662e+05	-8.131109e-02	1.966548e-01	0.000000e+00	-9.178409e+02	2.339840e+05
8.080100e-01	2.324412e+05	-8.154530e-02	1.969845e-01	0.000000e+00	-1.637283e+03	2.340784e+05
8.092000e-01	2.357552e+05	-8.177991e-02	1.973160e-01	0.000000e+00	-8.288028e+02	2.365840e+05
8.103900e-01	2.373593e+05	-8.201492e-02	1.976511e-01	0.000000e+00	-3.774972e+03	2.411342e+05
8.115800e-01	2.197137e+05	-8.225032e-02	1.979748e-01	0.000000e+00	-1.357276e+03	2.210710e+05
8.127700e-01	2.196497e+05	-8.248610e-02	1.982859e-01	0.000000e+00	-2.269404e+03	2.219191e+05
8.139600e-01	1.996503e+05	-8.272224e-02	1.985828e-01	0.000000e+00	-4.829995e+03	2.044802e+05
8.151500e-01	2.193616e+05	-8.295872e-02	1.988796e-01	0.000000e+00	-3.053724e+03	2.224153e+05
8.163400e-01	2.296854e+05	-8.319557e-02	1.991976e-01	0.000000e+00	-1.498768e+03	2.311841e+05
8.175300e-01	2.149496e+05	-8.343281e-02	1.995124e-01	0.000000e+00	-2.384352e+03	2.173339e+05
8.187200e-01	2.178810e+05	-8.367041e-02	1.998189e-01	0.000000e+00	-2.011685e+03	2.198927e+05
8.199100e-01	2.161453e+05	-8.390838e-02	2.001263e-01	0.000000e+00	-1.617195e+03	2.177625e+05
8.211000e-01	2.073223e+05	-8.414671e-02	2.004262e-01	0.000000e+00	-2.557352e+03	2.098797e+05
8.222900e-01	2.109004e+05	-8.438540e-02	2.007224e-01	0.000000e+00	-2.353787e+03	2.132542e+05
8.234800e-01	2.188261e+05	-8.462443e-02	2.010267e-01	0.000000e+00	-1.011732e+03	2.198378e+05
8.246700e-01	2.098278e+05	-8.486384e-02	2.013302e-01	0.000000e+00	-1.736471e+03	2.115642e+05
8.258600e-01	2.140198e+05	-8.510360e-02	2.016304e-01	0.000000e+00	-2.353813e+03	2.163736e+05
8.270500e-01	2.115511e+05	-8.534372e-02	2.019318e-01	0.000000e+00	-1.788905e+03	2.133400e+05
8.282400e-01	1.948770e+05	-8.558420e-02	2.022196e-01	0.000000e+00	-2.503045e+03	1.973800e+05
8.294300e-01	2.217729e+05	-8.582500e-02	2.025146e-01	0.000000e+00	-6.900675e+02	2.224629e+05
8.306200e-01	2.219301e+05	-8.606618e-02	2.028289e-01	0.000000e+00	-3.028227e+02	2.222329e+05
8.318100e-01	2.228390e+05	-8.630774e-02	2.031438e-01	0.000000e+00	-6.817868e+02	2.235208e+05
8.330000e-01	2.027807e+05	-8.654966e-02	2.034452e-01	0.000000e+00	-1.788166e+03	2.045689e+05
8.341900e-01	2.197664e+05	-8.679194e-02	2.037445e-01	0.000000e+00	-1.289083e+03	2.210555e+05
8.353800e-01	2.144091e+05	-8.703458e-02	2.040519e-01	0.000000e+00	-7.465317e+02	2.151556e+05
8.365700e-01	2.310289e+05	-8.727758e-02	2.043674e-01	0.000000e+00	-2.454649e+03	2.334835e+05
8.377600e-01	2.465513e+05	-8.752097e-02	2.047056e-01	0.000000e+00	-1.202295e+03	2.477536e+05
8.389500e-01	2.113316e+05	-8.776478e-02	2.050298e-01	0.000000e+00	-2.008483e+03	2.133401e+05
8.401400e-01	2.240994e+05	-8.800894e-02	2.053382e-01	0.000000e+00	-2.312272e+03	2.264116e+05
8.413300e-01	2.278243e+05	-8.825348e-02	2.056582e-01	0.000000e+00	-1.225484e+03	2.290498e+05
8.425200e-01	2.270622e+05	-8.849841e-02	2.059804e-01	0.000000e+00	-2.279590e+03	2.293418e+05
8.437100e-01	2.171203e+05	-8.874372e-02	2.062949e-01	0.000000e+00	-1.338500e+03	2.184588e+05
8.449000e-01	2.080310e+05	-8.898939e-02	2.065960e-01	0.000000e+00	-2.961290e+03	2.109923e+05
8.460900e-01	2.176597e+05	-8.923541e-02	2.068975e-01	0.000000e+00	-2.256178e+03	2.199159e+05
8.472800e-01	2.161756e+05	-8.948181e-02	2.072047e-01	0.000000e+00	-2.483012e+03	2.186586e+05
8.484700e-01	2.194476e+05	-8.972856e-02	2.075132e-01	0.000000e+00	-3.637038e+03	2.230847e+05
8.496600e-01	2.203168e+05	-8.997569e-02	2.078246e-01	0.000000e+00	-1.284920e+03	2.216017e+05
8.508500e-01	2.361575e+05	-9.022318e-02	2.081479e-01	0.000000e+00	-2.091244e+03	2.382488e+05
8.520400e-01	2.284321e+05	-9.047108e-02	2.084769e-01	0.000000e+00	-2.238978e+03	2.306711e+05
8.532300e-01	2.060221e+05	-9.071936e-02	2.087845e-01	0.000000e+00	-2.007218e+03	2.080293e+05
8.544200e-01	2.129278e+05	-9.096799e-02	2.090812e-01	0.000000e+00	-1.929699e+03	2.148575e+05
8.556100e-01	2.039918e+05	-9.121697e-02	2.093765e-01	0.000000e+00	-2.705044e+02	2.042623e+05
8.568000e-01	2.084438e+05	-9.146630e-02	2.096685e-01	0.000000e+00	-3.527229e+03	2.119710e+05
8.579900e-01	2.074958e+05	-9.171598e-02	2.099631e-01	0.000000e+00	-2.341336e+03	2.098371e+05
8.591800e-01	2.088213e+05	-9.196601e-02	2.102579e-01	0.000000e+00	-2.634516e+03	2.114558e+05
8.603700e-01	2.061200e+05	-9.221640e-02	2.105518e-01	0.000000e+00	-1.544252e+03	2.076643e+05
8.615600e-01	2.263718e+05	-9.246713e-02	2.108580e-01	0.000000e+00	-8.127732e+02	2.271846e+05
8.627500e-01	2.111860e+05	-9.271824e-02	2.111679e-01	0.000000e+00	-2.263316e+03	2.134493e+05
8.639400e-01	2.118169e+05	-9.296971e-02	2.114675e-01	0.000000e+00	-3.034479e+03	2.148514e+05
8.651300e-01	2.112754e+05	-9.322153e-02	2.117671e-01	0.000000e+00	-2.837752e+03	2.141131e+05
8.663200e-01	2.135242e+05	-9.347371e-02	2.120679e-01	0.000000e+00	-2.123337e+03	2.156475e+05
8.675100e-01	2.113882e+05	-9.372625e-02	2.123688e-01	0.000000e+00	-3.998408e+03	2.153866e+05
8.687000e-01	1.943060e+05	-9.397915e-02	2.126561e-01	0.000000e+00	-4.420332e+03	1.987263e+05
8.698900e-01	2.110237e+05	-9.423238e-02	2.129432e-01	0.000000e+00	-1.108473e+03	2.121321e+05
8.710800e-01	2.213570e+05	-9.448596e-02	2.132493e-01	0.000000e+00	-7.707811e+02	2.221278e+05
8.722700e-01	2.252965e+05	-9.473991e-02	2.135657e-01	0.000000e+00	-1.231336e+03	2.265278e+05
8.734600e-01	2.107220e+05	-9.499424e-02	2.138744e-01	0.000000e+00	-4.895540e+03	2.156175e+05
8.746500e-01	2.262813e+05	-9.524893e-02	2.141839e-01	0.000000e+00	-1.818245e+03	2.280995e+05
8.758400e-01	2.261069e+05	-9.550400e-02	2.145043e-01	0.000000e+00	-2.229498e+03	2.283364e+05
8.770300e-01	2.169489e+05	-9.575945e-02	2.148180e-01	0.000000e+00	-2.689782e+03	2.196387e+05
8.782200e-01	2.216383e+05	-9.601527e-02	2.151286e-01	0.000000e+00	-4.511919e+02	2.220895e+05
8.794100e-01	2.181257e+05	-9.627146e-02	2.154400e-01	0.000000e+00	-1.369694e+03	2.194954e+05
8.806000e-01	2.247360e+05	-9.652801e-02	2.157537e-01	0.000000e+00	-2.546201e+03	2.272822e+05
8.817900e-01	2.339759e+05	-9.678495e-02	2.160785e-01	0.000000e+00	-2.046822e+03	2.360227e+05
8.829800e-01	2.315815e+05	-9.704228e-02	2.164082e-01	0.000000e+00	-2.204922e+03	2.337864e+05
8.841700e-01	2.195886e+05	-9.730000e-02	2.167277e-01	0.000000e+00	-2.828266e+03	2.224169e+05
8.853600e-01	2.185625e+05	-9.755809e-02	2.170380e-01	0.000000e+00	-9.648570e+02	2.195273e+05
8.865500e-01	2.312229e+05	-9.781655e-02	2.173565e-01	0.000000e+00	-9.965589e+02	2.322195e+05
8.877400e-01	2.302076e+05	-9.807540e-02	2.176833e-01	0.000000e+00	-1.590139e+02	2.303666e+05
8.889300e-01	2.298181e+05	-9.833464e-02	2.180090e-01	0.000000e+00	0.000000e+00	2.298181e+05
8.901200e-01	2.295110e+05	-9.859426e-02	2.183343e-01	0.000000e+00	-1.819317e+02	2.296929e+05
8.913100e-01	2.300667e+05	-9.885427e-02	2.186598e-01	0.000000e+00	-2.686675e+03	2.327534e+05
8.925000e-01	2.311115e+05	-9.911467e-02	2.189864e-01	0.000000e+00	-2.479298e+03	2.335908e+05
8.936900e-01	2.472687e+05	-9.937546e-02	2.193251e-01	0.000000e+00	-1.334918e+03	2.486037e+05
8.948800e-01	2.422096e+05	-9.963667e-02	2.196718e-01	0.000000e+00	-1.534528e+03	2.437441e+05
8.960700e-01	2.061435e+05	-9.989828e-02	2.199893e-01	0.000000e+00	-1.273013e+03	2.074166e+05
8.972600e-01	2.103711e+05	-1.001602e-01	2.202842e-01	0.000000e+00	-9.543710e+02	2.113254e+05
8.984500e-01	2.188448e+05	-1.004226e-01	2.205882e-01	0.000000e+00	-7.580895e+02	2.196029e+05
8.996400e-01	2.226109e+05	-1.006852e-01	2.209008e-01	0.000000e+00	-6.601955e+02	2.232711e+05
9.008300e-01	2.232304e+05	-1.009483e-01	2.212165e-01	0.000000e+00	-2.187367e+03	2.254178e+05
9.020200e-01	2.344494e+05	-1.012117e-01	2.215407e-01	0.000000e+00	-1.665011e+03	2.361145e+05
9.032100e-01	2.119570e+05	-1.014756e-01	2.218568e-01	0.000000e+00	-2.509886e+02	2.122080e+05
9.044000e-01	2.111187e+05	-1.017398e-01	2.221564e-01	0.000000e+00	-5.227448e+02	2.116415e+05
9.055900e-01	2.196622e+05	-1.020043e-01	2.224615e-01	0.000000e+00	-2.190218e+03	2.218524e+05
9.067800e-01	2.182027e+05	-1.022692e-01	2.227715e-01	0.000000e+00	-2.076825e+03	2.202795e+05
9.079700e-01	2.043160e+05	-1.025345e-01	2.230708e-01	0.000000e+00	-3.859208e+03	2.081752e+05
9.091600e-01	2.191716e+05	-1.028001e-01	2.233707e-01	0.000000e+00	-1.638055e+03	2.208096e+05
9.103500e-01	2.185959e+05	-1.030661e-01	2.236807e-01	0.000000e+00	-1.676746e+03	2.202726e+05
9.115400e-01	2.356204e+05	-1.033325e-01	2.240023e-01	0.000000e+00	-9.164916e+02	2.365368e+05
9.127300e-01	2.366571e+05	-1.035992e-01	2.243368e-01	0.000000e+00	-2.053605e+03	2.387107e+05
9.139200e-01	2.249733e+05	-1.038664e-01	2.246637e-01	0.000000e+00	-1.032493e+03	2.260058e+05
9.151100e-01	2.374184e+05	-1.041339e-01	2.249911e-01	0.000000e+00	-2.521271e+02	2.376705e+05
9.163000e-01	2.215997e+05	-1.044019e-01	2.253162e-01	0.000000e+00	-1.712809e+03	2.233125e+05
9.174900e-01	2.337209e+05	-1.046702e-01	2.256386e-01	0.000000e+00	-2.372492e+03	2.360934e+05
9.186800e-01	2.341993e+05	-1.049389e-01	2.259700e-01	0.000000e+00	-3.689781e+03	2.378891e+05
9.198700e-01	2.352492e+05	-1.052080e-01	2.263024e-01	0.000000e+00	-2.897161e+03	2.381464e+05
9.210600e-01	2.109617e+05	-1.054775e-01	2.266184e-01	0.000000e+00	-6.099365e+02	2.115716e+05
9.222500e-01	1.966102e+05	-1.057474e-01	2.269071e-01	0.000000e+00	-3.714590e+03	2.003248e+05
9.234400e-01	2.107271e+05	-1.060175e-01	2.271955e-01	0.000000e+00	-1.320731e+03	2.120478e+05
9.246300e-01	2.132929e+05	-1.062881e-01	2.274958e-01	0.000000e+00	-2.549946e+03	2.158429e+05
9.258200e-01	2.152963e+05	-1.065590e-01	2.277993e-01	0.000000e+00	-1.218160e+03	2.165145e+05
9.270100e-01	2.217834e+05	-1.068302e-01	2.281088e-01	0.000000e+00	-2.275955e+03	2.240594e+05
9.282000e-01	2.006540e+05	-1.071019e-01	2.284080e-01	0.000000e+00	-5.087901e+03	2.057419e+05
9.293900e-01	2.017514e+05	-1.073739e-01	2.286930e-01	0.000000e+00	-8.698401e+02	2.026212e+05
9.305800e-01	2.206736e+05	-1.076462e-01	2.289921e-01	0.000000e+00	-5.026115e+02	2.211762e+05
9.317700e-01	2.318987e+05	-1.079189e-01	2.293126e-01	0.000000e+00	-7.252563e+02	2.326239e+05
9.329600e-01	2.227809e+05	-1.081919e-01	2.296346e-01	0.000000e+00	-5.618639e+02	2.233427e+05
9.341500e-01	2.368194e+05	-1.084654e-01	2.299601e-01	0.000000e+00	-1.041994e+03	2.378614e+05
9.353400e-01	2.306253e+05	-1.087392e-01	2.302911e-01	0.000000e+00	-1.299691e+03	2.319250e+05
9.365300e-01	2.239799e+05	-1.090135e-01	2.306130e-01	0.000000e+00	-5.565075e+02	2.245364e+05
9.377200e-01	2.353046e+05	-1.092881e-01	2.309383e-01	0.000000e+00	-2.715297e+03	2.380199e+05
9.389100e-01	2.341906e+05	-1.095631e-01	2.312708e-01	0.000000e+00	-1.153181e+03	2.353438e+05
9.401000e-01	2.528320e+05	-1.098385e-01	2.316157e-01	0.000000e+00	-6.872944e+02	2.535193e+05
9.412900e-01	2.555066e+05	-1.101144e-01	2.319756e-01	0.000000e+00	-7.262600e+02	2.562328e+05
9.424800e-01	2.372702e+05	-1.103906e-01	2.323246e-01	0.000000e+00	-2.109815e+03	2.393800e+05
9.436700e-01	2.116079e+05	-1.106673e-01	2.326425e-01	0.000000e+00	-2.205942e+03	2.138138e+05
9.448600e-01	2.263412e+05	-1.109443e-01	2.329526e-01	0.000000e+00	0.000000e+00	2.263412e+05
9.460500e-01	2.241998e+05	-1.112217e-01	2.332717e-01	0.000000e+00	-7.367365e+02	2.249365e+05
9.472400e-01	2.161457e+05	-1.114995e-01	2.335835e-01	0.000000e+00	-9.439358e+02	2.170897e+05
9.484300e-01	2.267286e+05	-1.117776e-01	2.338972e-01	0.000000e+00	0.000000e+00	2.267286e+05
9.496200e-01	2.267335e+05	-1.120562e-01	2.342183e-01	0.000000e+00	-3.541517e+02	2.270876e+05
9.508100e-01	2.149855e+05	-1.123351e-01	2.345311e-01	0.000000e+00	-5.767009e+02	2.155622e+05
9.520000e-01	2.229355e+05	-1.126144e-01	2.348412e-01	0.000000e+00	-3.494487e+03	2.264299e+05
9.531900e-01	2.223289e+05	-1.128940e-01	2.351565e-01	0.000000e+00	-4.394754e+03	2.267236e+05
9.543800e-01	2.188041e+05	-1.131740e-01	2.354689e-01	0.000000e+00	-1.944178e+03	2.207483e+05
9.555700e-01	2.263739e+05	-1.134544e-01	2.357842e-01	0.000000e+00	-1.460351e+03	2.278342e+05
9.567600e-01	2.265714e+05	-1.137352e-01	2.361049e-01	0.000000e+00	-9.020602e+02	2.274735e+05
9.579500e-01	2.120845e+05	-1.140164e-01	2.364156e-01	0.000000e+00	-1.660060e+03	2.137445e+05
9.591400e-01	2.124276e+05	-1.142979e-01	2.367162e-01	0.000000e+00	-1.573503e+03	2.140011e+05
9.603300e-01	2.224194e+05	-1.145797e-01	2.370241e-01	0.000000e+00	-2.106011e+03	2.245255e+05
9.615200e-01	2.252645e+05	-1.148620e-01	2.373412e-01	0.000000e+00	-2.881133e+03	2.281457e+05
9.627100e-01	2.263697e+05	-1.151446e-01	2.376610e-01	0.000000e+00	-5.013505e+02	2.268710e+05
9.639000e-01	2.189586e+05	-1.154276e-01	2.379764e-01	0.000000e+00	-7.330414e+02	2.196917e+05
9.650900e-01	2.307630e+05	-1.157110e-01	2.382949e-01	0.000000e+00	-1.768503e+03	2.325315e+05
9.662800e-01	2.261400e+05	-1.159948e-01	2.386184e-01	0.000000e+00	-1.710657e+03	2.278507e+05
9.674700e-01	2.260101e+05	-1.162789e-01	2.389386e-01	0.000000e+00	-3.516846e+03	2.295269e+05
9.686600e-01	2.331571e+05	-1.165634e-01	2.392638e-01	0.000000e+00	-1.847797e+03	2.350049e+05
9.698500e-01	2.416182e+05	-1.168484e-01	2.396000e-01	0.000000e+00	-5.071885e+02	2.421254e+05
9.710400e-01	2.415253e+05	-1.171337e-01	2.399421e-01	0.000000e+00	-1.010222e+03	2.425355e+05
9.722300e-01	2.216492e+05	-1.174194e-01	2.402702e-01	0.000000e+00	-1.196793e+03	2.228460e+05
9.734200e-01	2.176166e+05	-1.177055e-01	2.405812e-01	0.000000e+00	-3.161250e+03	2.207779e+05
9.746100e-01	2.220475e+05	-1.179920e-01	2.408926e-01	0.000000e+00	-2.194760e+03	2.242423e+05
9.758000e-01	2.254463e+05	-1.182788e-01	2.412095e-01	0.000000e+00	-4.796976e+02	2.259260e+05
9.769900e-01	2.202059e+05	-1.185661e-01	2.415251e-01	0.000000e+00	-2.255792e+03	2.224617e+05
9.781800e-01	2.245418e+05	-1.188537e-01	2.418400e-01	0.000000e+00	-2.197507e+03	2.267393e+05
9.793700e-01	2.278947e+05	-1.191417e-01	2.421604e-01	0.000000e+00	-1.789692e+03	2.296843e+05
9.805600e-01	2.379772e+05	-1.194300e-01	2.424903e-01	0.000000e+00	0.000000e+00	2.379772e+05
9.817500e-01	2.248626e+05	-1.197188e-01	2.428181e-01	0.000000e+00	-6.879139e+02	2.255505e+05
9.829400e-01	2.214207e+05	-1.200079e-01	2.431342e-01	0.000000e+00	-2.942978e+02	2.217150e+05
9.841300e-01	2.350165e+05	-1.202974e-01	2.434574e-01	0.000000e+00	-6.984605e+02	2.357149e+05
9.853200e-01	2.192470e+05	-1.205874e-01	2.437791e-01	0.000000e+00	-1.241550e+03	2.204885e+05
9.865100e-01	2.354755e+05	-1.208776e-01	2.441011e-01	0.000000e+00	-2.258449e+03	2.377340e+05
9.877000e-01	2.187704e+05	-1.211683e-01	2.444228e-01	0.000000e+00	-1.542018e+03	2.203124e+05
9.888900e-01	2.299641e+05	-1.214594e-01	2.447406e-01	0.000000e+00	0.000000e+00	2.299641e+05
9.900800e-01	2.327122e+05	-1.217508e-01	2.450682e-01	0.000000e+00	-2.165272e+02	2.329288e+05
9.912700e-01	2.162584e+05	-1.220426e-01	2.453861e-01	0.000000e+00	-6.739089e+02	2.169323e+05
9.924600e-01	2.099223e+05	-1.223348e-01	2.456880e-01	0.000000e+00	-9.330757e+02	2.108554e+05
9.936500e-01	2.193713e+05	-1.226274e-01	2.459920e-01	0.000000e+00	-1.133268e+03	2.205046e+05
9.948400e-01	2.290890e+05	-1.229203e-01	2.463096e-01	0.000000e+00	-9.363466e+02	2.300253e+05
9.960300e-01	2.104006e+05	-1.232136e-01	2.466208e-01	0.000000e+00	-1.842797e+03	2.122434e+05
9.972200e-01	2.353516e+05	-1.235072e-01	2.469364e-01	0.000000e+00	-2.099175e+03	2.374507e+05
9.984100e-01	2.253784e+05	-1.238013e-01	2.472627e-01	0.000000e+00	-2.154136e+03	2.275325e+05
9.996000e-01	2.354091e+05	-1.240957e-01	2.475890e-01	0.000000e+00	-2.226965e+03	2.376361e+05
1.000790e+00	2.309164e+05	-1.243906e-01	2.479193e-01	0.000000e+00	-3.888425e+02	2.313052e+05
1.001980e+00	2.311031e+05	-1.246858e-01	2.482465e-01	0.000000e+00	-1.920552e+02	2.312951e+05
1.003170e+00	2.374599e+05	-1.249814e-01	2.485783e-01	0.000000e+00	-1.905812e+03	2.393657e+05
1.004360e+00	2.113740e+05	-1.252774e-01	2.488961e-01	0.000000e+00	-1.863923e+03	2.132379e+05
1.005550e+00	2.211562e+05	-1.255738e-01	2.492024e-01	0.000000e+00	-2.440718e+03	2.235969e+05
1.006740e+00	2.094003e+05	-1.258705e-01	2.495073e-01	0.000000e+00	-1.890195e+03	2.112905e+05
1.007930e+00	2.157193e+05	-1.261676e-01	2.498084e-01	0.000000e+00	-1.106586e+02	2.158300e+05
1.009120e+00	2.125036e+05	-1.264650e-01	2.501116e-01	0.000000e+00	0.000000e+00	2.125036e+05
1.010310e+00	2.229004e+05	-1.267628e-01	2.504200e-01	0.000000e+00	-9.039906e+02	2.238044e+05
1.011500e+00	2.208306e+05	-1.270610e-01	2.507342e-01	0.000000e+00	-8.793017e+02	2.217099e+05
1.012690e+00	2.211231e+05	-1.273596e-01	2.510472e-01	0.000000e+00	-7.377161e+02	2.218608e+05
1.013880e+00	2.228630e+05	-1.276585e-01	2.513616e-01	0.000000e+00	-1.088050e+03	2.239510e+05
1.015070e+00	2.137047e+05	-1.279578e-01	2.516708e-01	0.000000e+00	-5.974247e+02	2.143022e+05
1.016260e+00	2.082045e+05	-1.282575e-01	2.519695e-01	0.000000e+00	-8.355341e+02	2.090401e+05
1.017450e+00	2.136819e+05	-1.285575e-01	2.522683e-01	0.000000e+00	-1.564824e+03	2.152468e+05
1.018640e+00	2.108383e+05	-1.288579e-01	2.525689e-01	0.000000e+00	-1.796521e+03	2.126349e+05
1.019830e+00	2.191405e+05	-1.291586e-01	2.528734e-01	0.000000e+00	0.000000e+00	2.191405e+05
1.021020e+00	2.255900e+05	-1.294597e-01	2.531884e-01	0.000000e+00	-5.589562e+02	2.261490e+05
1.022210e+00	2.433544e+05	-1.297612e-01	2.535205e-01	0.000000e+00	-1.121716e+03	2.444761e+05
1.023400e+00	2.360437e+05	-1.300631e-01	2.538600e-01	0.000000e+00	-6.510606e+02	2.366948e+05
1.024590e+00	2.205166e+05	-1.303654e-01	2.541833e-01	0.000000e+00	-1.029612e+03	2.215463e+05
1.025780e+00	2.243160e+05	-1.306681e-01	2.544983e-01	0.000000e+00	-2.008420e+02	2.245168e+05
1.026970e+00	2.296694e+05	-1.309711e-01	2.548198e-01	0.000000e+00	-6.394941e+02	2.303089e+05
1.028160e+00	2.444587e+05	-1.312745e-01	2.551556e-01	0.000000e+00	0.000000e+00	2.444587e+05
1.029350e+00	2.454829e+05	-1.315784e-01	2.555025e-01	0.000000e+00	0.000000e+00	2.454829e+05
1.030540e+00	2.245142e+05	-1.318826e-01	2.558353e-01	0.000000e+00	-6.301926e+02	2.251444e+05
1.031730e+00	2.219192e+05	-1.321873e-01	2.561515e-01	0.000000e+00	-1.627158e+03	2.235463e+05
1.032920e+00	2.324028e+05	-1.324923e-01	2.564732e-01	0.000000e+00	-1.954475e+03	2.343572e+05
1.034110e+00	2.307948e+05	-1.327977e-01	2.568012e-01	0.000000e+00	-2.210807e+03	2.330056e+05
1.035300e+00	2.049833e+05	-1.331035e-01	2.571099e-01	0.000000e+00	-3.159050e+02	2.052992e+05
1.036490e+00	2.126133e+05	-1.334096e-01	2.574056e-01	0.000000e+00	-1.967536e+03	2.145808e+05
1.037680e+00	2.343925e+05	-1.337161e-01	2.577221e-01	0.000000e+00	-2.914791e+03	2.373073e+05
1.038870e+00	2.298683e+05	-1.340230e-01	2.580509e-01	0.000000e+00	-1.257059e+03	2.311253e+05
1.040060e+00	2.302254e+05	-1.343303e-01	2.583767e-01	0.000000e+00	-1.934228e+03	2.321596e+05
1.041250e+00	2.399852e+05	-1.346379e-01	2.587097e-01	0.000000e+00	-1.219848e+03	2.412050e+05
1.042440e+00	2.366623e+05	-1.349460e-01	2.590473e-01	0.000000e+00	-8.999737e+02	2.375623e+05
1.043630e+00	2.210214e+05	-1.352544e-01	2.593714e-01	0.000000e+00	-1.151823e+03	2.221733e+05
1.044820e+00	2.299970e+05	-1.355633e-01	2.596908e-01	0.000000e+00	-2.063140e+03	2.320602e+05
1.046010e+00	2.157246e+05	-1.358725e-01	2.600064e-01	0.000000e+00	-1.620854e+03	2.173455e+05
1.047200e+00	2.435281e+05	-1.361821e-01	2.603316e-01	0.000000e+00	-1.556670e+03	2.450848e+05
1.048390e+00	2.310279e+05	-1.364921e-01	2.606677e-01	0.000000e+00	-3.939226e+02	2.314218e+05
1.049580e+00	2.385698e+05	-1.368025e-01	2.610003e-01	0.000000e+00	-1.385109e+03	2.399549e+05
1.050770e+00	2.112195e+05	-1.371133e-01	2.613188e-01	0.000000e+00	-2.946128e+02	2.115141e+05
1.051960e+00	2.270684e+05	-1.374244e-01	2.616292e-01	0.000000e+00	-6.523155e+02	2.277208e+05
1.053150e+00	2.266088e+05	-1.377360e-01	2.619504e-01	0.000000e+00	0.000000e+00	2.266088e+05
1.054340e+00	2.140807e+05	-1.380479e-01	2.622625e-01	0.000000e+00	0.000000e+00	2.140807e+05
1.055530e+00	2.265374e+05	-1.383601e-01	2.625746e-01	0.000000e+00	-8.026032e+02	2.273400e+05
1.056720e+00	2.200036e+05	-1.386728e-01	2.628908e-01	0.000000e+00	-4.350137e+02	2.204386e+05
1.057910e+00	2.144813e+05	-1.389858e-01	2.631985e-01	0.000000e+00	-1.283391e+03	2.157647e+05
1.059100e+00	2.193483e+05	-1.392992e-01	2.635057e-01	0.000000e+00	-5.462505e+02	2.198946e+05
1.060290e+00	2.164958e+05	-1.396130e-01	2.638143e-01	0.000000e+00	-1.134422e+03	2.176302e+05
1.061480e+00	2.135583e+05	-1.399271e-01	2.641189e-01	0.000000e+00	0.000000e+00	2.135583e+05
1.062670e+00	2.246261e+05	-1.402416e-01	2.644292e-01	0.000000e+00	-7.357964e+02	2.253619e+05
1.063860e+00	2.238852e+05	-1.405564e-01	2.647468e-01	0.000000e+00	-1.203193e+03	2.250884e+05
1.065050e+00	2.359761e+05	-1.408717e-01	2.650725e-01	0.000000e+00	-1.245665e+03	2.372218e+05
1.066240e+00	2.447596e+05	-1.411873e-01	2.654129e-01	0.000000e+00	-1.859006e+03	2.466186e+05
1.067430e+00	2.228975e+05	-1.415034e-01	2.657441e-01	0.000000e+00	-1.648755e+03	2.245463e+05
1.068620e+00	2.243969e+05	-1.418198e-01	2.660608e-01	0.000000e+00	-1.851360e+03	2.262483e+05
1.069810e+00	2.248784e+05	-1.421366e-01	2.663790e-01	0.000000e+00	-6.999223e+02	2.255783e+05
1.071000e+00	2.257049e+05	-1.424538e-01	2.666981e-01	0.000000e+00	-5.079727e+02	2.262129e+05
1.072190e+00	2.296779e+05	-1.427713e-01	2.670206e-01	0.000000e+00	-3.512983e+02	2.300292e+05
1.073380e+00	2.407126e+05	-1.430893e-01	2.673537e-01	0.000000e+00	-8.214012e+02	2.415340e+05
1.074570e+00	2.213173e+05	-1.434076e-01	2.676809e-01	0.000000e+00	-1.204294e+02	2.214377e+05
1.075760e+00	2.246967e+05	-1.437263e-01	2.679967e-01	0.000000e+00	-8.507875e+02	2.255475e+05
1.076950e+00	2.177889e+05	-1.440455e-01	2.683101e-01	0.000000e+00	-1.020457e+03	2.188094e+05
1.078140e+00	2.177784e+05	-1.443649e-01	2.686185e-01	0.000000e+00	-6.025602e+02	2.183810e+05
1.079330e+00	2.193553e+05	-1.446848e-01	2.689281e-01	0.000000e+00	-7.671107e+02	2.201224e+05
1.080520e+00	2.302535e+05	-1.450050e-01	2.692465e-01	0.000000e+00	0.000000e+00	2.302535e+05
1.081710e+00	2.304663e+05	-1.453256e-01	2.695728e-01	0.000000e+00	0.000000e+00	2.304663e+05
1.082900e+00	2.370555e+05	-1.456466e-01	2.699039e-01	0.000000e+00	0.000000e+00	2.370555e+05
1.084090e+00	2.443612e+05	-1.459679e-01	2.702448e-01	0.000000e+00	0.000000e+00	2.443612e+05
1.085280e+00	2.212043e+05	-1.462897e-01	2.705745e-01	0.000000e+00	-5.550311e+02	2.217593e+05
1.086470e+00	2.267359e+05	-1.466119e-01	2.708917e-01	0.000000e+00	-1.263207e+03	2.279991e+05
1.087660e+00	2.195938e+05	-1.469345e-01	2.712078e-01	0.000000e+00	-2.042413e+03	2.216362e+05
1.088850e+00	2.153334e+05	-1.472574e-01	2.715158e-01	0.000000e+00	-9.135195e+02	2.162469e+05
1.090040e+00	2.316595e+05	-1.475807e-01	2.718323e-01	0.000000e+00	-4.146998e+02	2.320742e+05
1.091230e+00	2.316839e+05	-1.479043e-01	2.721604e-01	0.000000e+00	-7.732679e+02	2.324572e+05
1.092420e+00	2.319524e+05	-1.482284e-01	2.724888e-01	0.000000e+00	-8.369962e+02	2.327893e+05
1.093610e+00	2.303321e+05	-1.485529e-01	2.728161e-01	0.000000e+00	-7.638902e+02	2.310960e+05
1.094800e+00	2.355161e+05	-1.488777e-01	2.731460e-01	0.000000e+00	0.000000e+00	2.355161e+05
1.095990e+00	2.209091e+05	-1.492030e-01	2.734693e-01	0.000000e+00	0.000000e+00	2.209091e+05
1.097180e+00	2.306141e+05	-1.495286e-01	2.737890e-01	0.000000e+00	-1.886289e+02	2.308027e+05
1.098370e+00	2.314966e+05	-1.498546e-01	2.741163e-01	0.000000e+00	-1.492043e+03	2.329887e+05
1.099560e+00	2.203030e+05	-1.501810e-01	2.744362e-01	0.000000e+00	-1.382870e+02	2.204413e+05
1.100750e+00	2.310372e+05	-1.505077e-01	2.747558e-01	0.000000e+00	-2.134847e+03	2.331721e+05
1.101940e+00	2.369055e+05	-1.508349e-01	2.750872e-01	0.000000e+00	-2.827251e+03	2.397328e+05
1.103130e+00	2.441602e+05	-1.511624e-01	2.754279e-01	0.000000e+00	-7.819673e+02	2.449421e+05
1.104320e+00	2.185432e+05	-1.514904e-01	2.757556e-01	0.000000e+00	0.000000e+00	2.185432e+05
1.105510e+00	2.028924e+05	-1.518187e-01	2.760540e-01	0.000000e+00	0.000000e+00	2.028924e+05
1.106700e+00	2.312746e+05	-1.521474e-01	2.763615e-01	0.000000e+00	0.000000e+00	2.312746e+05
1.107890e+00	2.154084e+05	-1.524765e-01	2.766778e-01	0.000000e+00	0.000000e+00	2.154084e+05
1.109080e+00	2.242268e+05	-1.528059e-01	2.769891e-01	0.000000e+00	-5.229250e+02	2.247497e+05
1.110270e+00	2.260839e+05	-1.531357e-01	2.773080e-01	0.000000e+00	-7.016428e+02	2.267856e+05
1.111460e+00	2.388786e+05	-1.534659e-01	2.776373e-01	0.000000e+00	-4.561045e+02	2.393347e+05
1.112650e+00	2.210749e+05	-1.537965e-01	2.779630e-01	0.000000e+00	0.000000e+00	2.210749e+05
1.113840e+00	2.228089e+05	-1.541274e-01	2.782774e-01	0.000000e+00	0.000000e+00	2.228089e+05
1.115030e+00	2.296613e+05	-1.544588e-01	2.785978e-01	0.000000e+00	0.000000e+00	2.296613e+05
1.116220e+00	2.135284e+05	-1.547905e-01	2.789116e-01	0.000000e+00	-1.071411e+03	2.145998e+05
1.117410e+00	2.263512e+05	-1.551226e-01	2.792231e-01	0.000000e+00	-6.092608e+02	2.269605e+05
1.118600e+00	2.317300e+05	-1.554551e-01	2.795475e-01	0.000000e+00	0.000000e+00	2.317300e+05
1.119790e+00	2.323090e+05	-1.557879e-01	2.798761e-01	0.000000e+00	-1.643752e+02	2.324734e+05
1.120980e+00	2.143892e+05	-1.561212e-01	2.801925e-01	0.000000e+00	-7.223590e+02	2.151116e+05
1.122170e+00	2.110326e+05	-1.564548e-01	2.804938e-01	0.000000e+00	-1.532186e+03	2.125648e+05
1.123360e+00	2.172571e+05	-1.567887e-01	2.807971e-01	0.000000e+00	-9.257223e+02	2.181828e+05
1.124550e+00	2.400700e+05	-1.571231e-01	2.811209e-01	0.000000e+00	-6.245026e+02	2.406945e+05
1.125740e+00	2.335979e+05	-1.574578e-01	2.814563e-01	0.000000e+00	-1.592103e+03	2.351900e+05
1.126930e+00	2.227541e+05	-1.577929e-01	2.817795e-01	0.000000e+00	-3.211049e+02	2.230752e+05
1.128120e+00	2.306901e+05	-1.581284e-01	2.821006e-01	0.000000e+00	-1.663996e+03	2.323541e+05
1.129310e+00	2.071233e+05	-1.584643e-01	2.824107e-01	0.000000e+00	-2.041653e+03	2.091649e+05
1.130500e+00	2.328485e+05	-1.588006e-01	2.827223e-01	0.000000e+00	-4.960310e+02	2.333445e+05
1.131690e+00	2.312312e+05	-1.591372e-01	2.830509e-01	0.000000e+00	0.000000e+00	2.312312e+05
1.132880e+00	2.114008e+05	-1.594742e-01	2.833644e-01	0.000000e+00	0.000000e+00	2.114008e+05
1.134070e+00	2.111613e+05	-1.598116e-01	2.836636e-01	0.000000e+00	-6.822278e+02	2.118435e+05
1.135260e+00	2.185457e+05	-1.601494e-01	2.839679e-01	0.000000e+00	-8.931859e+02	2.194389e+05
1.136450e+00	2.230834e+05	-1.604875e-01	2.842806e-01	0.000000e+00	-1.396004e+03	2.244794e+05
1.137640e+00	2.337405e+05	-1.608260e-01	2.846042e-01	0.000000e+00	-1.230263e+03	2.349708e+05
1.138830e+00	2.248107e+05	-1.611648e-01	2.849289e-01	0.000000e+00	0.000000e+00	2.248107e+05
1.140020e+00	2.374952e+05	-1.615041e-01	2.852563e-01	0.000000e+00	-1.633919e+03	2.391291e+05
1.141210e+00	2.352233e+05	-1.618437e-01	2.855910e-01	0.000000e+00	-4.675310e+01	2.352701e+05
1.142400e+00	2.377560e+05	-1.621838e-01	2.859260e-01	0.000000e+00	-1.451233e+02	2.379011e+05
1.143590e+00	2.211967e+05	-1.625242e-01	2.862510e-01	0.000000e+00	-6.952128e+02	2.218919e+05
1.144780e+00	2.376385e+05	-1.628651e-01	2.865759e-01	0.000000e+00	0.000000e+00	2.376385e+05
1.145970e+00	2.336006e+05	-1.632063e-01	2.869096e-01	0.000000e+00	-3.108958e+01	2.336317e+05
1.147160e+00	2.229374e+05	-1.635479e-01	2.872329e-01	0.000000e+00	-8.092466e+02	2.237466e+05
1.148350e+00	2.268254e+05	-1.638899e-01	2.875515e-01	0.000000e+00	0.000000e+00	2.268254e+05
1.149540e+00	2.393280e+05	-1.642323e-01	2.878816e-01	0.000000e+00	0.000000e+00	2.393280e+05
1.150730e+00	2.578918e+05	-1.645751e-01	2.882337e-01	0.000000e+00	0.000000e+00	2.578918e+05
1.151920e+00	2.280561e+05	-1.649183e-01	2.885778e-01	0.000000e+00	0.000000e+00	2.280561e+05
1.153110e+00	2.122390e+05	-1.652619e-01	2.888896e-01	0.000000e+00	0.000000e+00	2.122390e+05
1.154300e+00	2.203962e+05	-1.656058e-01	2.891960e-01	0.000000e+00	0.000000e+00	2.203962e+05
1.155490e+00	2.238915e+05	-1.659502e-01	2.895106e-01	0.000000e+00	0.000000e+00	2.238915e+05
1.156680e+00	2.304628e+05	-1.662949e-01	2.898324e-01	0.000000e+00	-2.306946e+02	2.306935e+05
1.157870e+00	2.323067e+05	-1.666400e-01	2.901601e-01	0.000000e+00	-6.096415e+02	2.329163e+05
1.159060e+00	2.263530e+05	-1.669855e-01	2.904849e-01	0.000000e+00	0.000000e+00	2.263530e+05
1.160250e+00	2.098448e+05	-1.673313e-01	2.907938e-01	0.000000e+00	0.000000e+00	2.098448e+05
1.161440e+00	2.078781e+05	-1.676775e-01	2.910896e-01	0.000000e+00	0.000000e+00	2.078781e+05
1.162630e+00	2.222006e+05	-1.680241e-01	2.913942e-01	0.000000e+00	-3.587997e+02	2.225594e+05
1.163820e+00	2.216715e+05	-1.683711e-01	2.917085e-01	0.000000e+00	-1.140351e+03	2.228118e+05
1.165010e+00	2.259512e+05	-1.687184e-01	2.920255e-01	0.000000e+00	-1.815211e+02	2.261327e+05
1.166200e+00	2.179172e+05	-1.690661e-01	2.923398e-01	0.000000e+00	0.000000e+00	2.179172e+05
1.167390e+00	2.181792e+05	-1.694142e-01	2.926487e-01	0.000000e+00	0.000000e+00	2.181792e+05
1.168580e+00	2.240890e+05	-1.697626e-01	2.929619e-01	0.000000e+00	-1.769996e+02	2.242660e+05
1.169770e+00	2.255248e+05	-1.701114e-01	2.932803e-01	0.000000e+00	-6.633365e+02	2.261881e+05
1.170960e+00	2.309309e+05	-1.704606e-01	2.936035e-01	0.000000e+00	-7.394236e+02	2.316703e+05
1.172150e+00	2.270476e+05	-1.708102e-01	2.939278e-01	0.000000e+00	-1.009125e+02	2.271485e+05
1.173340e+00	2.407129e+05	-1.711601e-01	2.942591e-01	0.000000e+00	0.000000e+00	2.407129e+05
1.174530e+00	2.303600e+05	-1.715105e-01	2.945927e-01	0.000000e+00	0.000000e+00	2.303600e+05
1.175720e+00	2.422314e+05	-1.718613e-01	2.949274e-01	0.000000e+00	0.000000e+00	2.422314e+05
1.176910e+00	2.138102e+05	-1.722124e-01	2.952503e-01	0.000000e+00	0.000000e+00	2.138102e+05
1.178100e+00	2.264420e+05	-1.725640e-01	2.955621e-01	0.000000e+00	0.000000e+00	2.264420e+05
1.179290e+00	2.248180e+05	-1.729159e-01	2.958816e-01	0.000000e+00	0.000000e+00	2.248180e+05
1.180480e+00	2.335704e+05	-1.732682e-01	2.962063e-01	0.000000e+00	0.000000e+00	2.335704e+05
1.181670e+00	2.274779e+05	-1.736208e-01	2.965328e-01	0.000000e+00	0.000000e+00	2.274779e+05
1.182860e+00	2.118711e+05	-1.739739e-01	2.968439e-01	0.000000e+00	0.000000e+00	2.118711e+05
1.184050e+00	2.139759e+05	-1.743273e-01	2.971455e-01	0.000000e+00	-5.472498e+02	2.145232e+05
1.185240e+00	2.245793e+05	-1.746811e-01	2.974560e-01	0.000000e+00	-2.930864e+02	2.248724e+05
1.186430e+00	2.175726e+05	-1.750353e-01	2.977691e-01	0.000000e+00	0.000000e+00	2.175726e+05
1.187620e+00	2.199754e+05	-1.753898e-01	2.980790e-01	0.000000e+00	0.000000e+00	2.199754e+05
1.188810e+00	2.315171e+05	-1.757447e-01	2.983987e-01	0.000000e+00	0.000000e+00	2.315171e+05
1.190000e+00	1.111510e+05	-1.761000e-01	2.986414e-01	0.000000e+00	0.000000e+00	1.111510e+05
