#x	rho	phi	ex	bz	rhok[0]	rhok[1]
0.000000e+00	-1.772946e+03	0.000000e+00	2.945865e-02	0.000000e+00	-2.697800e+03	9.248544e+02
1.190000e-03	-2.021688e+03	-3.505430e-05	2.945596e-02	0.000000e+00	-5.512517e+03	3.490829e+03
2.380000e-03	-6.304996e+02	-7.010519e-05	2.945408e-02	0.000000e+00	-7.486335e+03	6.855836e+03
3.570000e-03	3.379945e+03	-1.051550e-04	2.945603e-02	0.000000e+00	-9.877833e+03	1.325778e+04
4.760000e-03	6.683691e+03	-1.402105e-04	2.946316e-02	0.000000e+00	-4.976756e+03	1.166045e+04
5.950000e-03	5.859526e+03	-1.752773e-04	2.947204e-02	0.000000e+00	-1.083545e+04	1.669497e+04
7.140000e-03	1.317414e+04	-2.103540e-04	2.948552e-02	0.000000e+00	-5.094919e+03	1.826906e+04
8.330000e-03	1.863220e+04	-2.454529e-04	2.950804e-02	0.000000e+00	-4.551856e+03	2.318406e+04
9.520000e-03	1.206654e+04	-2.805831e-04	2.952978e-02	0.000000e+00	-6.314315e+03	1.838085e+04
1.071000e-02	1.127858e+04	-3.157337e-04	2.954631e-02	0.000000e+00	-1.096998e+04	2.224856e+04
1.190000e-02	2.018549e+04	-3.509034e-04	2.956860e-02	0.000000e+00	-7.139886e+03	2.732537e+04
1.309000e-02	2.286889e+04	-3.861070e-04	2.959909e-02	0.000000e+00	-8.534496e+03	3.140339e+04
1.428000e-02	2.528818e+04	-4.213492e-04	2.963319e-02	0.000000e+00	-8.373641e+03	3.366182e+04
1.547000e-02	2.415006e+04	-4.566340e-04	2.966820e-02	0.000000e+00	-7.864692e+03	3.201475e+04
1.666000e-02	2.713730e+04	-4.919595e-04	2.970452e-02	0.000000e+00	-2.999974e+03	3.013727e+04
1.785000e-02	3.391454e+04	-5.273307e-04	2.974775e-02	0.000000e+00	-5.013831e+03	3.892837e+04
1.904000e-02	2.830420e+04	-5.627592e-04	2.979182e-02	0.000000e+00	-8.743245e+03	3.704744e+04
2.023000e-02	3.089863e+04	-5.982353e-04	2.983374e-02	0.000000e+00	-7.088113e+03	3.798675e+04
2.142000e-02	3.150531e+04	-6.337635e-04	2.987793e-02	0.000000e+00	-6.634171e+03	3.813948e+04
2.261000e-02	3.585132e+04	-6.693447e-04	2.992563e-02	0.000000e+00	-6.665651e+03	4.251697e+04
2.380000e-02	3.071171e+04	-7.049865e-04	2.997277e-02	0.000000e+00	-8.380424e+03	3.909213e+04
2.499000e-02	4.326519e+04	-7.406799e-04	3.002516e-02	0.000000e+00	-4.438390e+03	4.770358e+04
2.618000e-02	4.428337e+04	-7.764463e-04	3.008716e-02	0.000000e+00	-6.448877e+03	5.073225e+04
2.737000e-02	4.544538e+04	-8.122874e-04	3.015070e-02	0.000000e+00	-9.730201e+03	5.517558e+04
2.856000e-02	3.639896e+04	-8.482050e-04	3.020866e-02	0.000000e+00	-7.106759e+03	4.350572e+04
2.975000e-02	4.465971e+04	-8.841840e-04	3.026606e-02	0.000000e+00	-3.249694e+03	4.790940e+04
3.094000e-02	4.531408e+04	-9.202382e-04	3.032978e-02	0.000000e+00	-2.903355e+03	4.821743e+04
3.213000e-02	4.480358e+04	-9.563689e-04	3.039360e-02	0.000000e+00	-4.350763e+03	4.915434e+04
3.332000e-02	5.578516e+04	-9.925750e-04	3.046483e-02	0.000000e+00	-5.633296e+03	6.141846e+04
3.451000e-02	4.839752e+04	-1.028875e-03	3.053861e-02	0.000000e+00	-5.088018e+03	5.348554e+04
3.570000e-02	5.292036e+04	-1.065257e-03	3.061036e-02	0.000000e+00	-5.806058e+03	5.872642e+04
3.689000e-02	4.708525e+04	-1.101728e-03	3.068118e-02	0.000000e+00	-6.808675e+03	5.389392e+04
3.808000e-02	5.427121e+04	-1.138278e-03	3.075296e-02	0.000000e+00	-4.305329e+03	5.857654e+04
3.927000e-02	5.297682e+04	-1.174920e-03	3.082890e-02	0.000000e+00	-7.616711e+03	6.059353e+04
4.046000e-02	6.122985e+04	-1.211651e-03	3.090978e-02	0.000000e+00	-6.558638e+03	6.778849e+04
4.165000e-02	6.216933e+04	-1.248485e-03	3.099717e-02	0.000000e+00	-5.461298e+03	6.763062e+04
4.284000e-02	6.229692e+04	-1.285424e-03	3.108531e-02	0.000000e+00	-3.493390e+03	6.579031e+04
4.403000e-02	6.050169e+04	-1.322468e-03	3.117227e-02	0.000000e+00	-6.400525e+03	6.690221e+04
4.522000e-02	5.868130e+04	-1.359614e-03	3.125667e-02	0.000000e+00	-7.804958e+03	6.648626e+04
4.641000e-02	7.674503e+04	-1.396859e-03	3.135258e-02	0.000000e+00	-2.839089e+03	7.958412e+04
4.760000e-02	6.257757e+04	-1.434233e-03	3.145124e-02	0.000000e+00	-7.453609e+03	7.003118e+04
4.879000e-02	6.651352e+04	-1.471713e-03	3.154266e-02	0.000000e+00	-5.359572e+03	7.187309e+04
4.998000e-02	6.127708e+04	-1.509305e-03	3.163316e-02	0.000000e+00	-7.217903e+03	6.849498e+04
5.117000e-02	7.022749e+04	-1.547000e-03	3.172628e-02	0.000000e+00	-6.932977e+03	7.716047e+04
5.236000e-02	7.019270e+04	-1.584813e-03	3.182572e-02	0.000000e+00	-6.643475e+03	7.683617e+04
5.355000e-02	6.296437e+04	-1.622745e-03	3.192002e-02	0.000000e+00	-5.305868e+03	6.827024e+04
5.474000e-02	7.312406e+04	-1.660783e-03	3.201639e-02	0.000000e+00	-4.991228e+03	7.811529e+04
5.593000e-02	6.875732e+04	-1.698944e-03	3.211687e-02	0.000000e+00	-5.303402e+03	7.406072e+04
5.712000e-02	5.769946e+04	-1.737221e-03	3.220642e-02	0.000000e+00	-9.189370e+03	6.688883e+04
5.831000e-02	6.781764e+04	-1.775595e-03	3.229531e-02	0.000000e+00	-7.111414e+03	7.492905e+04
5.950000e-02	8.178831e+04	-1.814084e-03	3.240125e-02	0.000000e+00	-6.346844e+03	8.813515e+04
6.069000e-02	7.980856e+04	-1.852710e-03	3.251569e-02	0.000000e+00	-4.246209e+03	8.405477e+04
6.188000e-02	7.432666e+04	-1.891471e-03	3.262484e-02	0.000000e+00	-2.640004e+03	7.696667e+04
6.307000e-02	6.859069e+04	-1.930358e-03	3.272605e-02	0.000000e+00	-5.197336e+03	7.378803e+04
6.426000e-02	7.809347e+04	-1.969359e-03	3.282993e-02	0.000000e+00	-5.553295e+03	8.364677e+04
6.545000e-02	7.789417e+04	-2.008493e-03	3.294039e-02	0.000000e+00	-6.700028e+03	8.459420e+04
6.664000e-02	9.385287e+04	-2.047757e-03	3.306202e-02	0.000000e+00	-4.662234e+03	9.851511e+04
6.783000e-02	9.001428e+04	-2.087180e-03	3.319223e-02	0.000000e+00	-4.928199e+03	9.494248e+04
6.902000e-02	6.965830e+04	-2.126755e-03	3.330530e-02	0.000000e+00	-4.988411e+03	7.464671e+04
7.021000e-02	8.474666e+04	-2.166447e-03	3.341465e-02	0.000000e+00	-4.730160e+03	8.947682e+04
7.140000e-02	8.345363e+04	-2.206282e-03	3.353376e-02	0.000000e+00	-6.736038e+03	9.018967e+04
7.259000e-02	9.184533e+04	-2.246257e-03	3.365790e-02	0.000000e+00	-5.370889e+03	9.721622e+04
7.378000e-02	8.566507e+04	-2.286388e-03	3.378361e-02	0.000000e+00	-6.716599e+03	9.238167e+04
7.497000e-02	8.558048e+04	-2.326662e-03	3.390488e-02	0.000000e+00	-5.457355e+03	9.103784e+04
7.616000e-02	8.710994e+04	-2.367081e-03	3.402717e-02	0.000000e+00	-5.284552e+03	9.239450e+04
7.735000e-02	9.662581e+04	-2.407647e-03	3.415729e-02	0.000000e+00	-7.677779e+03	1.043036e+05
7.854000e-02	9.916899e+04	-2.448376e-03	3.429594e-02	0.000000e+00	-4.149497e+03	1.033185e+05
7.973000e-02	8.576430e+04	-2.489271e-03	3.442690e-02	0.000000e+00	-5.913488e+03	9.167779e+04
8.092000e-02	1.046257e+05	-2.530312e-03	3.456173e-02	0.000000e+00	-6.841321e+03	1.114670e+05
8.211000e-02	1.108438e+05	-2.571528e-03	3.471432e-02	0.000000e+00	-4.205964e+03	1.150498e+05
8.330000e-02	9.739876e+04	-2.612932e-03	3.486179e-02	0.000000e+00	-5.761006e+03	1.031598e+05
8.449000e-02	1.005102e+05	-2.654499e-03	3.500194e-02	0.000000e+00	-7.636275e+03	1.081465e+05
8.568000e-02	1.035921e+05	-2.696236e-03	3.514648e-02	0.000000e+00	-4.686442e+03	1.082785e+05
8.687000e-02	1.087487e+05	-2.738148e-03	3.529685e-02	0.000000e+00	-4.856620e+03	1.136053e+05
8.806000e-02	8.981684e+04	-2.780243e-03	3.543747e-02	0.000000e+00	-3.416112e+03	9.323296e+04
8.925000e-02	1.036949e+05	-2.822489e-03	3.557451e-02	0.000000e+00	-4.012714e+03	1.077076e+05
9.044000e-02	9.887787e+04	-2.864910e-03	3.571796e-02	0.000000e+00	-5.695277e+03	1.045732e+05
9.163000e-02	1.009972e+05	-2.907498e-03	3.585951e-02	0.000000e+00	-5.977381e+03	1.069745e+05
9.282000e-02	9.291669e+04	-2.950256e-03	3.599683e-02	0.000000e+00	-1.037103e+04	1.032877e+05
9.401000e-02	9.690430e+04	-2.993170e-03	3.613125e-02	0.000000e+00	-7.125473e+03	1.040298e+05
9.520000e-02	1.027082e+05	-3.036248e-03	3.627261e-02	0.000000e+00	-7.562592e+03	1.102708e+05
9.639000e-02	1.005436e+05	-3.079499e-03	3.641655e-02	0.000000e+00	-3.120801e+03	1.036644e+05
9.758000e-02	1.004280e+05	-3.122920e-03	3.655887e-02	0.000000e+00	-5.842789e+03	1.062708e+05
9.877000e-02	1.112032e+05	-3.166509e-03	3.670874e-02	0.000000e+00	-5.946768e+03	1.171500e+05
9.996000e-02	1.069329e+05	-3.210286e-03	3.686322e-02	0.000000e+00	-3.237637e+03	1.101705e+05
1.011500e-01	1.127071e+05	-3.254244e-03	3.701876e-02	0.000000e+00	-5.539682e+03	1.182468e+05
1.023400e-01	1.244769e+05	-3.298391e-03	3.718672e-02	0.000000e+00	-2.468124e+03	1.269450e+05
1.035300e-01	1.052400e+05	-3.342748e-03	3.734940e-02	0.000000e+00	-5.378538e+03	1.106186e+05
1.047200e-01	1.182575e+05	-3.387283e-03	3.750767e-02	0.000000e+00	-4.403438e+03	1.226609e+05
1.059100e-01	1.169319e+05	-3.432016e-03	3.767423e-02	0.000000e+00	-3.758251e+03	1.206901e+05
1.071000e-01	1.039791e+05	-3.476947e-03	3.783067e-02	0.000000e+00	-6.816665e+03	1.107958e+05
1.082900e-01	9.677677e+04	-3.522053e-03	3.797283e-02	0.000000e+00	-6.942684e+03	1.037195e+05
1.094800e-01	1.097097e+05	-3.567323e-03	3.811906e-02	0.000000e+00	-3.904311e+03	1.136140e+05
1.106700e-01	1.312588e+05	-3.612777e-03	3.828971e-02	0.000000e+00	-4.563348e+03	1.358221e+05
1.118600e-01	1.068710e+05	-3.658452e-03	3.845834e-02	0.000000e+00	-6.346992e+03	1.132180e+05
1.130500e-01	1.043819e+05	-3.704308e-03	3.860794e-02	0.000000e+00	-6.486960e+03	1.108688e+05
1.142400e-01	1.122561e+05	-3.750339e-03	3.876136e-02	0.000000e+00	-6.072021e+03	1.183282e+05
1.154300e-01	1.118638e+05	-3.796560e-03	3.892007e-02	0.000000e+00	-7.048285e+03	1.189121e+05
1.166200e-01	1.140146e+05	-3.842969e-03	3.908003e-02	0.000000e+00	-5.449636e+03	1.194643e+05
1.178100e-01	1.181378e+05	-3.889570e-03	3.924443e-02	0.000000e+00	-7.365908e+03	1.255037e+05
1.190000e-01	1.148913e+05	-3.936370e-03	3.940946e-02	0.000000e+00	-7.621981e+03	1.225133e+05
1.201900e-01	1.142561e+05	-3.983365e-03	3.957173e-02	0.000000e+00	-5.806048e+03	1.200621e+05
1.213800e-01	1.309465e+05	-4.030551e-03	3.974537e-02	0.000000e+00	-3.830933e+03	1.347774e+05
1.225700e-01	1.250033e+05	-4.077959e-03	3.992663e-02	0.000000e+00	-4.163026e+03	1.291663e+05
1.237600e-01	1.270451e+05	-4.125577e-03	4.010512e-02	0.000000e+00	-5.409008e+03	1.324541e+05
1.249500e-01	1.088439e+05	-4.173409e-03	4.027217e-02	0.000000e+00	-8.428015e+03	1.172719e+05
1.261400e-01	9.871165e+04	-4.221424e-03	4.041915e-02	0.000000e+00	-1.151913e+04	1.102308e+05
1.273300e-01	1.144876e+05	-4.269606e-03	4.057013e-02	0.000000e+00	-4.654959e+03	1.191426e+05
1.285200e-01	1.098966e+05	-4.317981e-03	4.072903e-02	0.000000e+00	-6.852405e+03	1.167490e+05
1.297100e-01	9.856870e+04	-4.366541e-03	4.087666e-02	0.000000e+00	-7.762805e+03	1.063315e+05
1.309000e-01	1.158580e+05	-4.415268e-03	4.102851e-02	0.000000e+00	-5.082352e+03	1.209404e+05
1.320900e-01	1.232740e+05	-4.464189e-03	4.119786e-02	0.000000e+00	-6.807718e+03	1.300817e+05
1.332800e-01	1.144732e+05	-4.513319e-03	4.136622e-02	0.000000e+00	-5.085902e+03	1.195591e+05
1.344700e-01	1.131571e+05	-4.562641e-03	4.152742e-02	0.000000e+00	-7.160553e+03	1.203176e+05
1.356600e-01	1.158184e+05	-4.612154e-03	4.168957e-02	0.000000e+00	-5.857943e+03	1.216764e+05
1.368500e-01	1.110786e+05	-4.661862e-03	4.185025e-02	0.000000e+00	-4.010267e+03	1.150889e+05
1.380400e-01	1.161715e+05	-4.711757e-03	4.201118e-02	0.000000e+00	-6.450582e+03	1.226221e+05
1.392300e-01	1.193119e+05	-4.761849e-03	4.217794e-02	0.000000e+00	-6.280543e+03	1.255925e+05
1.404200e-01	1.248757e+05	-4.812141e-03	4.235087e-02	0.000000e+00	-4.405805e+03	1.292815e+05
1.416100e-01	1.138098e+05	-4.862644e-03	4.251990e-02	0.000000e+00	-7.638864e+03	1.214487e+05
1.428000e-01	1.299064e+05	-4.913338e-03	4.269249e-02	0.000000e+00	-5.081281e+03	1.349877e+05
1.439900e-01	1.340009e+05	-4.964252e-03	4.287938e-02	0.000000e+00	-2.253404e+03	1.362543e+05
1.451800e-01	1.337591e+05	-5.015391e-03	4.306900e-02	0.000000e+00	-6.341929e+03	1.401011e+05
1.463700e-01	1.406947e+05	-5.066756e-03	4.326336e-02	0.000000e+00	-7.865823e+03	1.485605e+05
1.475600e-01	1.468894e+05	-5.118358e-03	4.346701e-02	0.000000e+00	-4.247181e+03	1.511366e+05
1.487500e-01	1.376148e+05	-5.170208e-03	4.366849e-02	0.000000e+00	-4.244348e+03	1.418591e+05
1.499400e-01	1.318342e+05	-5.222289e-03	4.385930e-02	0.000000e+00	-7.871801e+03	1.397060e+05
1.511300e-01	1.439092e+05	-5.274593e-03	4.405457e-02	0.000000e+00	-6.108770e+03	1.500179e+05
1.523200e-01	1.374342e+05	-5.327139e-03	4.425381e-02	0.000000e+00	-5.084562e+03	1.425188e+05
1.535100e-01	1.293081e+05	-5.379917e-03	4.444271e-02	0.000000e+00	-7.414325e+03	1.367224e+05
1.547000e-01	1.412884e+05	-5.432913e-03	4.463434e-02	0.000000e+00	-7.334751e+03	1.486231e+05
1.558900e-01	1.416915e+05	-5.486147e-03	4.483473e-02	0.000000e+00	-5.320065e+03	1.470115e+05
1.570800e-01	1.351227e+05	-5.539619e-03	4.503076e-02	0.000000e+00	-5.942153e+03	1.410648e+05
1.582700e-01	1.497653e+05	-5.593320e-03	4.523251e-02	0.000000e+00	-4.376148e+03	1.541414e+05
1.594600e-01	1.424272e+05	-5.647273e-03	4.543943e-02	0.000000e+00	-5.919838e+03	1.483470e+05
1.606500e-01	1.318359e+05	-5.701466e-03	4.563365e-02	0.000000e+00	-6.552513e+03	1.383884e+05
1.618400e-01	1.428425e+05	-5.755881e-03	4.582817e-02	0.000000e+00	-2.761503e+03	1.456040e+05
1.630300e-01	1.377737e+05	-5.810537e-03	4.602689e-02	0.000000e+00	-3.147473e+03	1.409211e+05
1.642200e-01	1.511260e+05	-5.865425e-03	4.623148e-02	0.000000e+00	-5.422886e+03	1.565489e+05
1.654100e-01	1.337168e+05	-5.920568e-03	4.643320e-02	0.000000e+00	-4.694581e+03	1.384114e+05
1.666000e-01	1.319244e+05	-5.975936e-03	4.662132e-02	0.000000e+00	-3.616061e+03	1.355405e+05
1.677900e-01	1.416076e+05	-6.031526e-03	4.681502e-02	0.000000e+00	-6.503137e+03	1.481107e+05
1.689800e-01	1.350703e+05	-6.087356e-03	4.701096e-02	0.000000e+00	-5.632387e+03	1.407027e+05
1.701700e-01	1.464816e+05	-6.143412e-03	4.721034e-02	0.000000e+00	-6.833854e+03	1.533155e+05
1.713600e-01	1.423149e+05	-6.199716e-03	4.741486e-02	0.000000e+00	-5.490860e+03	1.478058e+05
1.725500e-01	1.262388e+05	-6.256260e-03	4.760504e-02	0.000000e+00	-5.130542e+03	1.313694e+05
1.737400e-01	1.524312e+05	-6.313016e-03	4.780238e-02	0.000000e+00	-4.130165e+03	1.565614e+05
1.749300e-01	1.543100e+05	-6.370029e-03	4.801960e-02	0.000000e+00	-3.632963e+03	1.579429e+05
1.761200e-01	1.444969e+05	-6.427303e-03	4.823121e-02	0.000000e+00	-3.502957e+03	1.479999e+05
1.773100e-01	1.520427e+05	-6.484820e-03	4.844121e-02	0.000000e+00	-2.459150e+03	1.545018e+05
1.785000e-01	1.467589e+05	-6.542593e-03	4.865281e-02	0.000000e+00	-5.007252e+03	1.517661e+05
1.796900e-01	1.427693e+05	-6.600613e-03	4.885784e-02	0.000000e+00	-5.131033e+03	1.479003e+05
1.808800e-01	1.531105e+05	-6.658875e-03	4.906737e-02	0.000000e+00	-5.417588e+03	1.585280e+05
1.820700e-01	1.537848e+05	-6.717394e-03	4.928471e-02	0.000000e+00	-5.197385e+03	1.589822e+05
1.832600e-01	1.668762e+05	-6.776172e-03	4.951179e-02	0.000000e+00	-5.215589e+03	1.720917e+05
1.844500e-01	1.506276e+05	-6.835232e-03	4.973663e-02	0.000000e+00	-3.303343e+03	1.539310e+05
1.856400e-01	1.572244e+05	-6.894545e-03	4.995464e-02	0.000000e+00	-2.703406e+03	1.599278e+05
1.868300e-01	1.402011e+05	-6.954124e-03	5.016527e-02	0.000000e+00	-8.995870e+03	1.491970e+05
1.880200e-01	1.388033e+05	-7.013939e-03	5.036285e-02	0.000000e+00	-5.216314e+03	1.440196e+05
1.892100e-01	1.556211e+05	-7.073987e-03	5.057135e-02	0.000000e+00	-6.507002e+03	1.621281e+05
1.904000e-01	1.532218e+05	-7.134298e-03	5.079006e-02	0.000000e+00	-4.918776e+03	1.581406e+05
1.915900e-01	1.512422e+05	-7.194868e-03	5.100567e-02	0.000000e+00	-5.802138e+03	1.570443e+05
1.927800e-01	1.403300e+05	-7.255692e-03	5.121215e-02	0.000000e+00	-4.450190e+03	1.447802e+05
1.939700e-01	1.539602e+05	-7.316753e-03	5.142056e-02	0.000000e+00	-3.221909e+03	1.571821e+05
1.951600e-01	1.589645e+05	-7.378073e-03	5.164216e-02	0.000000e+00	-7.008351e+03	1.659729e+05
1.963500e-01	1.662326e+05	-7.439661e-03	5.187245e-02	0.000000e+00	-2.728038e+03	1.689606e+05
1.975400e-01	1.627330e+05	-7.501529e-03	5.210542e-02	0.000000e+00	-3.201888e+03	1.659349e+05
1.987300e-01	1.595842e+05	-7.563672e-03	5.233367e-02	0.000000e+00	-4.405537e+03	1.639897e+05
1.999200e-01	1.561851e+05	-7.626083e-03	5.255729e-02	0.000000e+00	-4.774236e+03	1.609593e+05
2.011100e-01	1.524073e+05	-7.688758e-03	5.277582e-02	0.000000e+00	-4.407679e+03	1.568150e+05
2.023000e-01	1.488426e+05	-7.751690e-03	5.298916e-02	0.000000e+00	-6.492278e+03	1.553348e+05
2.034900e-01	1.435221e+05	-7.814872e-03	5.319620e-02	0.000000e+00	-3.931829e+03	1.474539e+05
2.046800e-01	1.595441e+05	-7.878297e-03	5.341082e-02	0.000000e+00	-2.392454e+03	1.619366e+05
2.058700e-01	1.571091e+05	-7.941990e-03	5.363506e-02	0.000000e+00	-4.338750e+03	1.614478e+05
2.070600e-01	1.685715e+05	-8.005948e-03	5.386570e-02	0.000000e+00	-4.244876e+03	1.728163e+05
2.082500e-01	1.603235e+05	-8.070191e-03	5.409861e-02	0.000000e+00	-3.362025e+03	1.636856e+05
2.094400e-01	1.417190e+05	-8.134703e-03	5.431250e-02	0.000000e+00	-3.308330e+03	1.450274e+05
2.106300e-01	1.590712e+05	-8.199454e-03	5.452551e-02	0.000000e+00	-4.042411e+03	1.631136e+05
2.118200e-01	1.627063e+05	-8.264474e-03	5.475339e-02	0.000000e+00	-7.997862e+03	1.707041e+05
2.130100e-01	1.607757e+05	-8.329767e-03	5.498246e-02	0.000000e+00	-3.721329e+03	1.644970e+05
2.142000e-01	1.549242e+05	-8.395332e-03	5.520603e-02	0.000000e+00	-2.454267e+03	1.573785e+05
2.153900e-01	1.504550e+05	-8.461158e-03	5.542229e-02	0.000000e+00	-5.421541e+03	1.558765e+05
2.165800e-01	1.382382e+05	-8.527237e-03	5.562673e-02	0.000000e+00	-4.642126e+03	1.428803e+05
2.177700e-01	1.474037e+05	-8.593549e-03	5.582901e-02	0.000000e+00	-5.970265e+03	1.533739e+05
2.189600e-01	1.582746e+05	-8.660110e-03	5.604548e-02	0.000000e+00	-4.857975e+03	1.631326e+05
2.201500e-01	1.445523e+05	-8.726938e-03	5.625994e-02	0.000000e+00	-1.120611e+03	1.456729e+05
2.213400e-01	1.543421e+05	-8.794009e-03	5.647160e-02	0.000000e+00	-4.119446e+03	1.584616e+05
2.225300e-01	1.728262e+05	-8.861340e-03	5.670329e-02	0.000000e+00	-3.423644e+03	1.762498e+05
2.237200e-01	1.621966e+05	-8.928963e-03	5.694054e-02	0.000000e+00	-7.264475e+03	1.694611e+05
2.249100e-01	1.434832e+05	-8.996858e-03	5.715701e-02	0.000000e+00	-3.510720e+03	1.469939e+05
2.261000e-01	1.491278e+05	-9.064996e-03	5.736423e-02	0.000000e+00	-5.779296e+03	1.549071e+05
2.272900e-01	1.555987e+05	-9.133385e-03	5.758003e-02	0.000000e+00	-4.526473e+03	1.601252e+05
2.284800e-01	1.632438e+05	-9.202037e-03	5.780582e-02	0.000000e+00	-7.864986e+03	1.711088e+05
2.296700e-01	1.682129e+05	-9.270963e-03	5.804055e-02	0.000000e+00	-2.859793e+03	1.710727e+05
2.308600e-01	1.698005e+05	-9.340173e-03	5.827992e-02	0.000000e+00	-3.573808e+03	1.733743e+05
2.320500e-01	1.689795e+05	-9.409669e-03	5.851983e-02	0.000000e+00	-4.985530e+03	1.739650e+05
2.332400e-01	1.510501e+05	-9.479450e-03	5.874646e-02	0.000000e+00	-7.738828e+03	1.587889e+05
2.344300e-01	1.573829e+05	-9.549486e-03	5.896488e-02	0.000000e+00	-7.418883e+03	1.648018e+05
2.356200e-01	1.520208e+05	-9.619787e-03	5.918399e-02	0.000000e+00	-5.835206e+03	1.578560e+05
2.368100e-01	1.681004e+05	-9.690344e-03	5.941069e-02	0.000000e+00	-5.498201e+03	1.735986e+05
2.380000e-01	1.719205e+05	-9.761184e-03	5.965148e-02	0.000000e+00	-5.790590e+03	1.777111e+05
2.391900e-01	1.584037e+05	-9.832314e-03	5.988540e-02	0.000000e+00	-5.761693e+03	1.641654e+05
2.403800e-01	1.582611e+05	-9.903712e-03	6.010966e-02	0.000000e+00	-2.014670e+03	1.602758e+05
2.415700e-01	1.764106e+05	-9.975375e-03	6.034666e-02	0.000000e+00	-2.975239e+03	1.793859e+05
2.427600e-01	1.670599e+05	-1.004734e-02	6.058989e-02	0.000000e+00	-2.886022e+03	1.699460e+05
2.439500e-01	1.552915e+05	-1.011958e-02	6.081817e-02	0.000000e+00	-5.440526e+03	1.607320e+05
2.451400e-01	1.636425e+05	-1.019208e-02	6.104403e-02	0.000000e+00	-3.011119e+03	1.666536e+05
2.463300e-01	1.643751e+05	-1.026486e-02	6.127632e-02	0.000000e+00	-3.732184e+03	1.681073e+05
2.475200e-01	1.684684e+05	-1.033792e-02	6.151203e-02	0.000000e+00	-6.019358e+03	1.744877e+05
2.487100e-01	1.661521e+05	-1.041126e-02	6.174899e-02	0.000000e+00	-5.720402e+03	1.718725e+05
2.499000e-01	1.673621e+05	-1.048488e-02	6.198518e-02	0.000000e+00	-3.205594e+03	1.705677e+05
2.510900e-01	1.539084e+05	-1.055879e-02	6.221269e-02	0.000000e+00	-3.598809e+03	1.575072e+05
2.522800e-01	1.810592e+05	-1.063295e-02	6.244990e-02	0.000000e+00	-3.862631e+03	1.849218e+05
2.534700e-01	1.804673e+05	-1.070742e-02	6.270592e-02	0.000000e+00	-5.691448e+03	1.861588e+05
2.546600e-01	1.762091e+05	-1.078219e-02	6.295851e-02	0.000000e+00	-4.655350e+03	1.808645e+05
2.558500e-01	1.724167e+05	-1.085726e-02	6.320539e-02	0.000000e+00	-3.689463e+03	1.761062e+05
2.570400e-01	1.578621e+05	-1.093262e-02	6.343928e-02	0.000000e+00	-2.582786e+03	1.604449e+05
2.582300e-01	1.721819e+05	-1.100824e-02	6.367301e-02	0.000000e+00	-2.218564e+03	1.744005e+05
2.594200e-01	1.846083e+05	-1.108416e-02	6.392567e-02	0.000000e+00	-4.069637e+03	1.886779e+05
2.606100e-01	1.725808e+05	-1.116039e-02	6.417862e-02	0.000000e+00	-4.807943e+03	1.773888e+05
2.618000e-01	1.583418e+05	-1.123691e-02	6.441297e-02	0.000000e+00	-6.817791e+03	1.651596e+05
2.629900e-01	1.842166e+05	-1.131369e-02	6.465556e-02	0.000000e+00	-4.434216e+03	1.886508e+05
2.641800e-01	1.845888e+05	-1.139079e-02	6.491673e-02	0.000000e+00	-4.397416e+03	1.889862e+05
2.653700e-01	1.699638e+05	-1.146819e-02	6.516782e-02	0.000000e+00	-4.268933e+03	1.742327e+05
2.665600e-01	1.803820e+05	-1.154589e-02	6.541592e-02	0.000000e+00	-1.930065e+03	1.823121e+05
2.677500e-01	1.819690e+05	-1.162388e-02	6.567252e-02	0.000000e+00	-4.392529e+03	1.863615e+05
2.689400e-01	1.863327e+05	-1.170219e-02	6.593334e-02	0.000000e+00	-4.193997e+03	1.905267e+05
2.701300e-01	1.780018e+05	-1.178080e-02	6.619135e-02	0.000000e+00	-7.886750e+03	1.858885e+05
2.713200e-01	1.859264e+05	-1.185972e-02	6.644907e-02	0.000000e+00	-3.837067e+03	1.897635e+05
2.725100e-01	1.725738e+05	-1.193895e-02	6.670295e-02	0.000000e+00	-3.407383e+03	1.759812e+05
2.737000e-01	1.760737e+05	-1.201847e-02	6.694985e-02	0.000000e+00	-7.728340e+03	1.838020e+05
2.748900e-01	1.667697e+05	-1.209829e-02	6.719264e-02	0.000000e+00	-5.501179e+03	1.722709e+05
2.760800e-01	1.663863e+05	-1.217839e-02	6.742857e-02	0.000000e+00	-4.456316e+03	1.708426e+05
2.772700e-01	1.855745e+05	-1.225877e-02	6.767781e-02	0.000000e+00	-7.066128e+03	1.926407e+05
2.784600e-01	1.729465e+05	-1.233947e-02	6.793170e-02	0.000000e+00	-2.602900e+03	1.755494e+05
2.796500e-01	1.825503e+05	-1.242045e-02	6.818345e-02	0.000000e+00	-1.262060e+03	1.838123e+05
2.808400e-01	1.640467e+05	-1.250174e-02	6.842890e-02	0.000000e+00	-3.418013e+03	1.674647e+05
2.820300e-01	1.778564e+05	-1.258331e-02	6.867103e-02	0.000000e+00	-1.870056e+03	1.797265e+05
2.832200e-01	1.661884e+05	-1.266518e-02	6.891467e-02	0.000000e+00	-1.987259e+03	1.681757e+05
2.844100e-01	1.617297e+05	-1.274733e-02	6.914689e-02	0.000000e+00	-2.085781e+03	1.638154e+05
2.856000e-01	1.682839e+05	-1.282975e-02	6.938059e-02	0.000000e+00	-3.934620e+03	1.722185e+05
2.867900e-01	1.831558e+05	-1.291245e-02	6.962947e-02	0.000000e+00	-2.095922e+03	1.852517e+05
2.879800e-01	1.892925e+05	-1.299547e-02	6.989322e-02	0.000000e+00	-1.142365e+03	1.904349e+05
2.891700e-01	1.774013e+05	-1.307880e-02	7.015290e-02	0.000000e+00	-4.664905e+03	1.820663e+05
2.903600e-01	1.741193e+05	-1.316243e-02	7.040184e-02	0.000000e+00	-3.889007e+03	1.780083e+05
2.915500e-01	1.796380e+05	-1.324636e-02	7.065236e-02	0.000000e+00	-4.410771e+03	1.840488e+05
2.927400e-01	1.680578e+05	-1.333058e-02	7.089858e-02	0.000000e+00	-1.105778e+03	1.691636e+05
2.939300e-01	1.817862e+05	-1.341510e-02	7.114633e-02	0.000000e+00	-2.866710e+03	1.846529e+05
2.951200e-01	1.577530e+05	-1.349991e-02	7.138678e-02	0.000000e+00	-3.103600e+03	1.608566e+05
2.963100e-01	1.796745e+05	-1.358500e-02	7.162573e-02	0.000000e+00	-4.819033e+03	1.844935e+05
2.975000e-01	1.802083e+05	-1.367038e-02	7.188059e-02	0.000000e+00	-4.777249e+03	1.849855e+05
2.986900e-01	1.688347e+05	-1.375607e-02	7.212777e-02	0.000000e+00	-5.987357e+03	1.748220e+05
2.998800e-01	1.903133e+05	-1.384205e-02	7.238210e-02	0.000000e+00	-4.151948e+03	1.944653e+05
3.010700e-01	1.809041e+05	-1.392834e-02	7.264499e-02	0.000000e+00	-5.627033e+03	1.865312e+05
3.022600e-01	1.819975e+05	-1.401494e-02	7.290198e-02	0.000000e+00	-5.088119e+03	1.870856e+05
3.034500e-01	1.820045e+05	-1.410185e-02	7.315975e-02	0.000000e+00	-4.970650e+03	1.869751e+05
3.046400e-01	1.871335e+05	-1.418906e-02	7.342117e-02	0.000000e+00	-5.180347e+03	1.923138e+05
3.058300e-01	1.915840e+05	-1.427659e-02	7.368936e-02	0.000000e+00	-3.385930e+03	1.949700e+05
3.070200e-01	1.960404e+05	-1.436444e-02	7.396386e-02	0.000000e+00	-2.053930e+03	1.980943e+05
3.082100e-01	1.712337e+05	-1.445262e-02	7.422395e-02	0.000000e+00	-4.295508e+03	1.755292e+05
3.094000e-01	1.822601e+05	-1.454109e-02	7.447428e-02	0.000000e+00	-4.562806e+03	1.868229e+05
3.105900e-01	1.887144e+05	-1.462987e-02	7.473700e-02	0.000000e+00	-2.122958e+03	1.908373e+05
3.117800e-01	1.816735e+05	-1.471897e-02	7.499929e-02	0.000000e+00	-3.246715e+03	1.849202e+05
3.129700e-01	1.946198e+05	-1.480837e-02	7.526577e-02	0.000000e+00	-4.164610e+03	1.987844e+05
3.141600e-01	1.967295e+05	-1.489810e-02	7.554291e-02	0.000000e+00	-2.676487e+03	1.994060e+05
3.153500e-01	1.848133e+05	-1.498816e-02	7.581310e-02	0.000000e+00	-1.600887e+03	1.864142e+05
3.165400e-01	1.881976e+05	-1.507854e-02	7.607726e-02	0.000000e+00	-4.013444e+03	1.922111e+05
3.177300e-01	1.832640e+05	-1.516923e-02	7.634031e-02	0.000000e+00	-5.334636e+03	1.885986e+05
3.189200e-01	1.549700e+05	-1.526023e-02	7.657984e-02	0.000000e+00	-5.234986e+03	1.602050e+05
3.201100e-01	1.795037e+05	-1.535149e-02	7.681670e-02	0.000000e+00	-4.323016e+03	1.838267e+05
3.213000e-01	1.769419e+05	-1.544305e-02	7.706912e-02	0.000000e+00	-4.550651e+03	1.814926e+05
3.224900e-01	1.661325e+05	-1.553491e-02	7.731208e-02	0.000000e+00	-3.000511e+03	1.691330e+05
3.236800e-01	1.845812e+05	-1.562705e-02	7.756044e-02	0.000000e+00	-6.615027e+03	1.911962e+05
3.248700e-01	1.912998e+05	-1.571951e-02	7.782662e-02	0.000000e+00	-3.189668e+03	1.944895e+05
3.260600e-01	1.853801e+05	-1.581228e-02	7.809338e-02	0.000000e+00	-2.072983e+03	1.874531e+05
3.272500e-01	1.594506e+05	-1.590537e-02	7.833757e-02	0.000000e+00	-1.240659e+03	1.606913e+05
3.284400e-01	1.626820e+05	-1.599872e-02	7.856570e-02	0.000000e+00	-1.114438e+03	1.637964e+05
3.296300e-01	1.802345e+05	-1.609235e-02	7.880854e-02	0.000000e+00	-3.907082e+03	1.841416e+05
3.308200e-01	1.937815e+05	-1.618629e-02	7.907340e-02	0.000000e+00	-5.139702e+03	1.989212e+05
3.320100e-01	1.800317e+05	-1.628055e-02	7.933812e-02	0.000000e+00	-4.543248e+03	1.845749e+05
3.332000e-01	1.893790e+05	-1.637511e-02	7.959973e-02	0.000000e+00	-7.767771e+03	1.971468e+05
3.343900e-01	1.866959e+05	-1.647000e-02	7.986605e-02	0.000000e+00	-3.381725e+03	1.900776e+05
3.355800e-01	1.723985e+05	-1.656519e-02	8.012035e-02	0.000000e+00	-3.271878e+03	1.756703e+05
3.367700e-01	1.902306e+05	-1.666068e-02	8.037715e-02	0.000000e+00	-2.388971e+03	1.926196e+05
3.379600e-01	1.782804e+05	-1.675649e-02	8.063812e-02	0.000000e+00	-1.372865e+03	1.796532e+05
3.391500e-01	2.026457e+05	-1.685260e-02	8.090787e-02	0.000000e+00	-2.321044e+03	2.049668e+05
3.403400e-01	2.017990e+05	-1.694905e-02	8.119429e-02	0.000000e+00	-5.893343e+02	2.023884e+05
3.415300e-01	1.918488e+05	-1.704584e-02	8.147305e-02	0.000000e+00	-1.519765e+03	1.933685e+05
3.427200e-01	1.986025e+05	-1.714296e-02	8.174956e-02	0.000000e+00	-1.337640e+03	1.999401e+05
3.439100e-01	2.151070e+05	-1.724041e-02	8.204253e-02	0.000000e+00	-1.478720e+03	2.165857e+05
3.451000e-01	1.884174e+05	-1.733822e-02	8.232829e-02	0.000000e+00	-2.501422e+03	1.909188e+05
3.462900e-01	1.972989e+05	-1.743635e-02	8.260145e-02	0.000000e+00	-2.991066e+03	2.002900e+05
3.474800e-01	1.847248e+05	-1.753481e-02	8.287198e-02	0.000000e+00	-4.660654e+03	1.893854e+05
3.486700e-01	1.780337e+05	-1.763358e-02	8.312887e-02	0.000000e+00	-1.273833e+03	1.793075e+05
3.498600e-01	1.822715e+05	-1.773266e-02	8.338403e-02	0.000000e+00	-3.834930e+03	1.861064e+05
3.510500e-01	1.854752e+05	-1.783204e-02	8.364445e-02	0.000000e+00	-3.897959e+03	1.893732e+05
3.522400e-01	1.837024e+05	-1.793173e-02	8.390589e-02	0.000000e+00	-4.043582e+03	1.877460e+05
3.534300e-01	1.743467e+05	-1.803173e-02	8.415945e-02	0.000000e+00	-5.729413e+03	1.800761e+05
3.546200e-01	1.680414e+05	-1.813203e-02	8.440192e-02	0.000000e+00	-5.342483e+03	1.733839e+05
3.558100e-01	1.883040e+05	-1.823261e-02	8.465427e-02	0.000000e+00	-1.220729e+03	1.895248e+05
3.570000e-01	2.006862e+05	-1.833351e-02	8.492974e-02	0.000000e+00	-2.353695e+03	2.030399e+05
3.581900e-01	1.780550e+05	-1.843474e-02	8.519795e-02	0.000000e+00	-4.285431e+03	1.823405e+05
3.593800e-01	1.890810e+05	-1.853628e-02	8.545794e-02	0.000000e+00	-1.796296e+03	1.908773e+05
3.605700e-01	2.011343e+05	-1.863813e-02	8.573428e-02	0.000000e+00	-2.888176e+03	2.040224e+05
3.617600e-01	1.723162e+05	-1.874033e-02	8.599874e-02	0.000000e+00	-4.227012e+03	1.765432e+05
3.629500e-01	1.835989e+05	-1.884281e-02	8.625079e-02	0.000000e+00	-5.094586e+03	1.886935e+05
3.641400e-01	1.776560e+05	-1.894560e-02	8.650662e-02	0.000000e+00	-3.642312e+03	1.812983e+05
3.653300e-01	1.725211e+05	-1.904870e-02	8.675460e-02	0.000000e+00	-2.832212e+03	1.753534e+05
3.665200e-01	1.807471e+05	-1.915208e-02	8.700477e-02	0.000000e+00	-2.555639e+03	1.833028e+05
3.677100e-01	2.017335e+05	-1.925577e-02	8.727563e-02	0.000000e+00	-1.908550e+03	2.036421e+05
3.689000e-01	1.959108e+05	-1.935980e-02	8.755723e-02	0.000000e+00	-6.474699e+03	2.023855e+05
3.700900e-01	1.953785e+05	-1.946415e-02	8.783433e-02	0.000000e+00	-6.322378e+03	2.017009e+05
3.712800e-01	1.953335e+05	-1.956884e-02	8.811102e-02	0.000000e+00	-6.448993e+03	2.017825e+05
3.724700e-01	2.050709e+05	-1.967386e-02	8.839457e-02	0.000000e+00	-5.183247e+03	2.102542e+05
3.736600e-01	1.749429e+05	-1.977922e-02	8.866368e-02	0.000000e+00	-3.335006e+03	1.782779e+05
3.748500e-01	1.968800e+05	-1.988488e-02	8.892699e-02	0.000000e+00	-2.302084e+03	1.991821e+05
3.760400e-01	1.886010e+05	-1.999087e-02	8.919998e-02	0.000000e+00	-2.802976e+03	1.914040e+05
3.772300e-01	1.997350e+05	-2.009717e-02	8.947498e-02	0.000000e+00	-4.781931e+03	2.045169e+05
3.784200e-01	1.986115e+05	-2.020382e-02	8.975708e-02	0.000000e+00	-3.852069e+03	2.024635e+05
3.796100e-01	1.785796e+05	-2.031080e-02	9.002419e-02	0.000000e+00	-2.943889e+03	1.815235e+05
3.808000e-01	1.731166e+05	-2.041807e-02	9.027325e-02	0.000000e+00	-3.305194e+03	1.764218e+05
3.819900e-01	2.008254e+05	-2.052565e-02	9.053806e-02	0.000000e+00	-1.650847e+03	2.024763e+05
3.831800e-01	1.942237e+05	-2.063356e-02	9.081782e-02	0.000000e+00	-3.134388e+03	1.973581e+05
3.843700e-01	2.010341e+05	-2.074179e-02	9.109773e-02	0.000000e+00	-2.057709e+03	2.030918e+05
3.855600e-01	1.966523e+05	-2.085037e-02	9.137936e-02	0.000000e+00	-1.538065e+03	1.981903e+05
3.867500e-01	1.950148e+05	-2.095928e-02	9.165672e-02	0.000000e+00	-4.006076e+03	1.990209e+05
3.879400e-01	1.803444e+05	-2.106851e-02	9.192254e-02	0.000000e+00	-4.226389e+03	1.845707e+05
3.891300e-01	2.141651e+05	-2.117805e-02	9.220192e-02	0.000000e+00	-3.470266e+03	2.176354e+05
3.903200e-01	1.872102e+05	-2.128795e-02	9.248616e-02	0.000000e+00	-3.772075e+03	1.909823e+05
3.915100e-01	1.970356e+05	-2.139817e-02	9.275827e-02	0.000000e+00	-2.574545e+03	1.996101e+05
3.927000e-01	2.066429e+05	-2.150872e-02	9.304414e-02	0.000000e+00	-3.598318e+03	2.102412e+05
3.938900e-01	1.974613e+05	-2.161961e-02	9.333031e-02	0.000000e+00	-1.572217e+03	1.990335e+05
3.950800e-01	1.896901e+05	-2.173084e-02	9.360448e-02	0.000000e+00	-4.788271e+03	1.944783e+05
3.962700e-01	1.986819e+05	-2.184239e-02	9.387951e-02	0.000000e+00	-3.201852e+03	2.018838e+05
3.974600e-01	2.050630e+05	-2.195428e-02	9.416542e-02	0.000000e+00	-3.415426e+03	2.084784e+05
3.986500e-01	1.947372e+05	-2.206651e-02	9.444855e-02	0.000000e+00	-1.947499e+03	1.966847e+05
3.998400e-01	1.998323e+05	-2.217906e-02	9.472797e-02	0.000000e+00	-1.625200e+03	2.014575e+05
4.010300e-01	1.855844e+05	-2.229196e-02	9.500091e-02	0.000000e+00	-3.566459e+03	1.891508e+05
4.022200e-01	1.852291e+05	-2.240517e-02	9.526350e-02	0.000000e+00	-3.038637e+03	1.882677e+05
4.034100e-01	1.818582e+05	-2.251868e-02	9.552346e-02	0.000000e+00	-6.239466e+03	1.880977e+05
4.046000e-01	1.880601e+05	-2.263251e-02	9.578543e-02	0.000000e+00	-3.610559e+03	1.916706e+05
4.057900e-01	1.873168e+05	-2.274665e-02	9.605125e-02	0.000000e+00	-3.177904e+03	1.904947e+05
4.069800e-01	1.873646e+05	-2.286111e-02	9.631659e-02	0.000000e+00	-1.650094e+03	1.890147e+05
4.081700e-01	2.012881e+05	-2.297589e-02	9.659182e-02	0.000000e+00	-3.138949e+03	2.044271e+05
4.093600e-01	1.987110e+05	-2.309100e-02	9.687509e-02	0.000000e+00	-3.412040e+03	2.021230e+05
4.105500e-01	2.126955e+05	-2.320645e-02	9.716643e-02	0.000000e+00	-2.481177e+03	2.151767e+05
4.117400e-01	2.001300e+05	-2.332226e-02	9.745878e-02	0.000000e+00	-2.833135e+03	2.029632e+05
4.129300e-01	1.972509e+05	-2.343840e-02	9.774019e-02	0.000000e+00	-5.850878e+03	2.031018e+05
4.141200e-01	2.024965e+05	-2.355488e-02	9.802328e-02	0.000000e+00	-2.897835e+03	2.053944e+05
4.153100e-01	2.041522e+05	-2.367170e-02	9.831125e-02	0.000000e+00	-3.233376e+03	2.073856e+05
4.165000e-01	1.844231e+05	-2.378886e-02	9.858643e-02	0.000000e+00	-4.655345e+03	1.890784e+05
4.176900e-01	1.893589e+05	-2.390633e-02	9.885113e-02	0.000000e+00	-4.651289e+03	1.940102e+05
4.188800e-01	2.033763e+05	-2.402413e-02	9.912925e-02	0.000000e+00	-4.111931e+03	2.074882e+05
4.200700e-01	2.218333e+05	-2.414226e-02	9.943036e-02	0.000000e+00	-5.002003e+03	2.268354e+05
4.212600e-01	1.944133e+05	-2.426077e-02	9.972514e-02	0.000000e+00	-3.853897e+03	1.982672e+05
4.224500e-01	2.094371e+05	-2.437961e-02	1.000111e-01	0.000000e+00	-3.358461e+03	2.127956e+05
4.236400e-01	1.963919e+05	-2.449880e-02	1.002985e-01	0.000000e+00	-4.126945e+03	2.005188e+05
4.248300e-01	1.837679e+05	-2.461832e-02	1.005677e-01	0.000000e+00	-2.624840e+03	1.863927e+05
4.260200e-01	2.000485e+05	-2.473815e-02	1.008395e-01	0.000000e+00	-1.951814e+03	2.020003e+05
4.272100e-01	1.923558e+05	-2.485832e-02	1.011174e-01	0.000000e+00	-2.800555e+03	1.951564e+05
4.284000e-01	1.995232e+05	-2.497881e-02	1.013949e-01	0.000000e+00	-4.622971e+03	2.041462e+05
4.295900e-01	2.074381e+05	-2.509964e-02	1.016831e-01	0.000000e+00	-2.702336e+03	2.101404e+05
4.307800e-01	1.959282e+05	-2.522081e-02	1.019688e-01	0.000000e+00	-3.934367e+03	1.998625e+05
4.319700e-01	1.823020e+05	-2.534232e-02	1.022366e-01	0.000000e+00	-1.854513e+03	1.841565e+05
4.331600e-01	1.979520e+05	-2.546414e-02	1.025059e-01	0.000000e+00	-2.385844e+03	2.003378e+05
4.343500e-01	1.998737e+05	-2.558629e-02	1.027876e-01	0.000000e+00	-2.772809e+03	2.026465e+05
4.355400e-01	1.923981e+05	-2.570877e-02	1.030654e-01	0.000000e+00	-3.094330e+03	1.954924e+05
4.367300e-01	2.130880e+05	-2.583158e-02	1.033526e-01	0.000000e+00	-2.400902e+03	2.154889e+05
4.379200e-01	1.962464e+05	-2.595475e-02	1.036425e-01	0.000000e+00	-4.776069e+03	2.010225e+05
4.391100e-01	1.857381e+05	-2.607825e-02	1.039130e-01	0.000000e+00	-3.842241e+03	1.895804e+05
4.403000e-01	1.925383e+05	-2.620206e-02	1.041809e-01	0.000000e+00	-3.133020e+03	1.956713e+05
4.414900e-01	1.886232e+05	-2.632620e-02	1.044508e-01	0.000000e+00	-1.951485e+03	1.905747e+05
4.426800e-01	2.056844e+05	-2.645066e-02	1.047300e-01	0.000000e+00	-3.098915e+03	2.087833e+05
4.438700e-01	2.034943e+05	-2.657546e-02	1.050198e-01	0.000000e+00	-3.231520e+03	2.067258e+05
4.450600e-01	1.986039e+05	-2.670060e-02	1.053045e-01	0.000000e+00	-2.729630e+03	2.013335e+05
4.462500e-01	1.960217e+05	-2.682608e-02	1.055840e-01	0.000000e+00	-2.394089e+03	1.984158e+05
4.474400e-01	2.180190e+05	-2.695189e-02	1.058772e-01	0.000000e+00	-9.961371e+02	2.190152e+05
4.486300e-01	1.984704e+05	-2.707807e-02	1.061721e-01	0.000000e+00	-2.801136e+03	2.012716e+05
4.498200e-01	1.983196e+05	-2.720458e-02	1.064531e-01	0.000000e+00	-3.339012e+03	2.016586e+05
4.510100e-01	2.018636e+05	-2.733143e-02	1.067365e-01	0.000000e+00	-4.901494e+03	2.067650e+05
4.522000e-01	1.975091e+05	-2.745862e-02	1.070194e-01	0.000000e+00	-1.505441e+03	1.990145e+05
4.533900e-01	1.997608e+05	-2.758613e-02	1.073007e-01	0.000000e+00	-1.062498e+03	2.008233e+05
4.545800e-01	2.101421e+05	-2.771399e-02	1.075910e-01	0.000000e+00	-3.545961e+03	2.136881e+05
4.557700e-01	2.226045e+05	-2.784220e-02	1.078974e-01	0.000000e+00	-5.561153e+03	2.281657e+05
4.569600e-01	2.184839e+05	-2.797079e-02	1.082098e-01	0.000000e+00	-5.319823e+03	2.238037e+05
4.581500e-01	2.207196e+05	-2.809974e-02	1.085208e-01	0.000000e+00	-3.391162e+03	2.241108e+05
4.593400e-01	2.028681e+05	-2.822907e-02	1.088208e-01	0.000000e+00	-4.510694e+03	2.073788e+05
4.605300e-01	2.164050e+05	-2.835873e-02	1.091177e-01	0.000000e+00	-1.658149e+03	2.180632e+05
4.617200e-01	1.982541e+05	-2.848877e-02	1.094113e-01	0.000000e+00	-1.636560e+03	1.998906e+05
4.629100e-01	2.109020e+05	-2.861913e-02	1.097011e-01	0.000000e+00	-6.832788e+02	2.115852e+05
4.641000e-01	1.970802e+05	-2.874986e-02	1.099900e-01	0.000000e+00	-1.869762e+03	1.989500e+05
4.652900e-01	1.980581e+05	-2.888091e-02	1.102698e-01	0.000000e+00	-3.726371e+03	2.017845e+05
4.664800e-01	1.928149e+05	-2.901230e-02	1.105466e-01	0.000000e+00	-3.759565e+03	1.965744e+05
4.676700e-01	2.050691e+05	-2.914401e-02	1.108284e-01	0.000000e+00	-4.119894e+03	2.091890e+05
4.688600e-01	2.184958e+05	-2.927607e-02	1.111284e-01	0.000000e+00	-3.081271e+03	2.215771e+05
4.700500e-01	2.056199e+05	-2.940850e-02	1.114287e-01	0.000000e+00	-3.081623e+03	2.087016e+05
4.712400e-01	2.100839e+05	-2.954127e-02	1.117231e-01	0.000000e+00	-1.585979e+03	2.116698e+05
4.724300e-01	2.074090e+05	-2.967440e-02	1.120187e-01	0.000000e+00	-2.248548e+03	2.096576e+05
4.736200e-01	2.017858e+05	-2.980787e-02	1.123085e-01	0.000000e+00	-4.144235e+03	2.059300e+05
4.748100e-01	1.970112e+05	-2.994169e-02	1.125909e-01	0.000000e+00	-3.866900e+03	2.008781e+05
4.760000e-01	2.046359e+05	-3.007584e-02	1.128754e-01	0.000000e+00	-1.980426e+03	2.066163e+05
4.771900e-01	2.148052e+05	-3.021033e-02	1.131724e-01	0.000000e+00	-1.706941e+03	2.165121e+05
4.783800e-01	2.008937e+05	-3.034519e-02	1.134668e-01	0.000000e+00	-4.212826e+02	2.013150e+05
4.795700e-01	2.060643e+05	-3.048039e-02	1.137550e-01	0.000000e+00	-2.711560e+03	2.087759e+05
4.807600e-01	2.075854e+05	-3.061593e-02	1.140479e-01	0.000000e+00	-2.674935e+03	2.102603e+05
4.819500e-01	2.086491e+05	-3.075182e-02	1.143427e-01	0.000000e+00	-5.315168e+02	2.091806e+05
4.831400e-01	1.923138e+05	-3.088806e-02	1.146266e-01	0.000000e+00	-2.065333e+03	1.943792e+05
4.843300e-01	2.073193e+05	-3.102463e-02	1.149096e-01	0.000000e+00	-2.232417e+03	2.095517e+05
4.855200e-01	1.895369e+05	-3.116155e-02	1.151907e-01	0.000000e+00	-4.070307e+03	1.936072e+05
4.867100e-01	1.985017e+05	-3.129878e-02	1.154655e-01	0.000000e+00	-2.555594e+03	2.010573e+05
4.879000e-01	1.975012e+05	-3.143636e-02	1.157459e-01	0.000000e+00	-3.112959e+03	2.006142e+05
4.890900e-01	2.098470e+05	-3.157426e-02	1.160344e-01	0.000000e+00	-4.455438e+03	2.143024e+05
4.902800e-01	2.074535e+05	-3.171252e-02	1.163299e-01	0.000000e+00	-4.468363e+03	2.119219e+05
4.914700e-01	2.047369e+05	-3.185113e-02	1.166218e-01	0.000000e+00	-4.223098e+03	2.089600e+05
4.926600e-01	2.167378e+05	-3.199008e-02	1.169203e-01	0.000000e+00	-3.565471e+03	2.203033e+05
4.938500e-01	1.870280e+05	-3.212940e-02	1.172062e-01	0.000000e+00	-4.698175e+03	1.917262e+05
4.950400e-01	2.017829e+05	-3.226903e-02	1.174815e-01	0.000000e+00	-2.255084e+03	2.040380e+05
4.962300e-01	2.075648e+05	-3.240900e-02	1.177714e-01	0.000000e+00	-2.213719e+03	2.097785e+05
4.974200e-01	1.894344e+05	-3.254932e-02	1.180526e-01	0.000000e+00	-2.993768e+03	1.924282e+05
4.986100e-01	2.179825e+05	-3.268997e-02	1.183411e-01	0.000000e+00	-4.152625e+03	2.221351e+05
4.998000e-01	2.306648e+05	-3.283098e-02	1.186588e-01	0.000000e+00	-4.681342e+03	2.353461e+05
5.009900e-01	2.254420e+05	-3.297237e-02	1.189818e-01	0.000000e+00	-4.356778e+03	2.297988e+05
5.021800e-01	1.978813e+05	-3.311415e-02	1.192816e-01	0.000000e+00	-3.940903e+03	2.018222e+05
5.033700e-01	1.868373e+05	-3.325626e-02	1.195540e-01	0.000000e+00	-7.117770e+03	1.939551e+05
5.045600e-01	1.756975e+05	-3.339869e-02	1.198108e-01	0.000000e+00	-4.781914e+03	1.804794e+05
5.057500e-01	1.900428e+05	-3.354141e-02	1.200698e-01	0.000000e+00	-3.421206e+03	1.934640e+05
5.069400e-01	2.028936e+05	-3.368446e-02	1.203480e-01	0.000000e+00	-1.223815e+03	2.041174e+05
5.081300e-01	2.250132e+05	-3.382784e-02	1.206511e-01	0.000000e+00	-2.463784e+03	2.274770e+05
5.093200e-01	2.242469e+05	-3.397161e-02	1.209692e-01	0.000000e+00	-4.954790e+03	2.292017e+05
5.105100e-01	2.004480e+05	-3.411575e-02	1.212700e-01	0.000000e+00	-2.455024e+03	2.029030e+05
5.117000e-01	1.882448e+05	-3.426023e-02	1.215452e-01	0.000000e+00	-3.279344e+03	1.915241e+05
5.128900e-01	2.193038e+05	-3.440503e-02	1.218338e-01	0.000000e+00	-9.816222e+02	2.202854e+05
5.140800e-01	2.076903e+05	-3.455019e-02	1.221362e-01	0.000000e+00	-1.494800e+03	2.091851e+05
5.152700e-01	2.005269e+05	-3.469571e-02	1.224253e-01	0.000000e+00	-4.685441e+03	2.052123e+05
5.164600e-01	2.008805e+05	-3.484157e-02	1.227096e-01	0.000000e+00	-2.586729e+03	2.034673e+05
5.176500e-01	1.913891e+05	-3.498776e-02	1.229873e-01	0.000000e+00	-2.996051e+03	1.943851e+05
5.188400e-01	2.177379e+05	-3.513428e-02	1.232771e-01	0.000000e+00	-1.310703e+03	2.190486e+05
5.200300e-01	1.934623e+05	-3.528116e-02	1.235683e-01	0.000000e+00	-3.491806e+03	1.969542e+05
5.212200e-01	2.169157e+05	-3.542837e-02	1.238589e-01	0.000000e+00	-2.795185e+03	2.197109e+05
5.224100e-01	2.297799e+05	-3.557594e-02	1.241752e-01	0.000000e+00	-3.417151e+03	2.331970e+05
5.236000e-01	2.243922e+05	-3.572391e-02	1.244969e-01	0.000000e+00	-2.712533e+03	2.271047e+05
5.247900e-01	2.299630e+05	-3.587225e-02	1.248186e-01	0.000000e+00	-3.705783e+03	2.336688e+05
5.259800e-01	2.009898e+05	-3.602097e-02	1.251238e-01	0.000000e+00	-2.133073e+03	2.031228e+05
5.271700e-01	2.095112e+05	-3.617004e-02	1.254145e-01	0.000000e+00	-2.746812e+03	2.122580e+05
5.283600e-01	2.029399e+05	-3.631946e-02	1.257066e-01	0.000000e+00	-2.884690e+03	2.058245e+05
5.295500e-01	1.983532e+05	-3.646922e-02	1.259908e-01	0.000000e+00	-3.178478e+03	2.015317e+05
5.307400e-01	1.967963e+05	-3.661932e-02	1.262706e-01	0.000000e+00	-2.366358e+03	1.991626e+05
5.319300e-01	2.069357e+05	-3.676975e-02	1.265565e-01	0.000000e+00	-2.570332e+03	2.095061e+05
5.331200e-01	2.101454e+05	-3.692052e-02	1.268519e-01	0.000000e+00	-2.234076e+03	2.123794e+05
5.343100e-01	2.031900e+05	-3.707165e-02	1.271446e-01	0.000000e+00	-1.692529e+03	2.048826e+05
5.355000e-01	2.023235e+05	-3.722313e-02	1.274317e-01	0.000000e+00	-1.417636e+03	2.037411e+05
5.366900e-01	2.034272e+05	-3.737494e-02	1.277191e-01	0.000000e+00	-3.071414e+03	2.064986e+05
5.378800e-01	2.124606e+05	-3.752710e-02	1.280136e-01	0.000000e+00	-3.768730e+03	2.162293e+05
5.390700e-01	2.096957e+05	-3.767961e-02	1.283126e-01	0.000000e+00	-3.370085e+03	2.130658e+05
5.402600e-01	2.057279e+05	-3.783248e-02	1.286067e-01	0.000000e+00	-2.569941e+03	2.082978e+05
5.414500e-01	2.029563e+05	-3.798570e-02	1.288962e-01	0.000000e+00	-4.168518e+03	2.071248e+05
5.426400e-01	2.043130e+05	-3.813926e-02	1.291846e-01	0.000000e+00	-4.519389e+03	2.088324e+05
5.438300e-01	1.860178e+05	-3.829316e-02	1.294610e-01	0.000000e+00	-4.520061e+03	1.905379e+05
5.450200e-01	2.075163e+05	-3.844737e-02	1.297397e-01	0.000000e+00	-1.547728e+03	2.090641e+05
5.462100e-01	2.239963e+05	-3.860194e-02	1.300453e-01	0.000000e+00	-1.952256e+02	2.241915e+05
5.474000e-01	2.136360e+05	-3.875688e-02	1.303552e-01	0.000000e+00	-4.769371e+03	2.184054e+05
5.485900e-01	2.014276e+05	-3.891218e-02	1.306491e-01	0.000000e+00	-4.611049e+03	2.060387e+05
5.497800e-01	2.017711e+05	-3.906782e-02	1.309346e-01	0.000000e+00	-7.036136e+02	2.024747e+05
5.509700e-01	2.169462e+05	-3.922381e-02	1.312312e-01	0.000000e+00	-5.053327e+02	2.174516e+05
5.521600e-01	2.165274e+05	-3.938015e-02	1.315381e-01	0.000000e+00	-8.490283e+02	2.173764e+05
5.533500e-01	2.136566e+05	-3.953687e-02	1.318428e-01	0.000000e+00	-1.826959e+03	2.154835e+05
5.545400e-01	2.194525e+05	-3.969394e-02	1.321495e-01	0.000000e+00	-2.947044e+03	2.223995e+05
5.557300e-01	2.137079e+05	-3.985138e-02	1.324562e-01	0.000000e+00	-3.728672e+03	2.174365e+05
5.569200e-01	2.207907e+05	-4.000919e-02	1.327639e-01	0.000000e+00	-1.219500e+03	2.220102e+05
5.581100e-01	2.342589e+05	-4.016736e-02	1.330862e-01	0.000000e+00	-2.460823e+03	2.367197e+05
5.593000e-01	2.126776e+05	-4.032593e-02	1.334027e-01	0.000000e+00	-3.734927e+03	2.164126e+05
5.604900e-01	1.943369e+05	-4.048486e-02	1.336909e-01	0.000000e+00	-5.308785e+03	1.996457e+05
5.616800e-01	2.112489e+05	-4.064412e-02	1.339781e-01	0.000000e+00	-4.448919e+03	2.156978e+05
5.628700e-01	2.162112e+05	-4.080373e-02	1.342809e-01	0.000000e+00	-4.533796e+03	2.207450e+05
5.640600e-01	2.051575e+05	-4.096370e-02	1.345793e-01	0.000000e+00	-3.846285e+03	2.090038e+05
5.652500e-01	2.088605e+05	-4.112403e-02	1.348724e-01	0.000000e+00	-1.369722e+03	2.102303e+05
5.664400e-01	2.094274e+05	-4.128470e-02	1.351687e-01	0.000000e+00	-1.975239e+03	2.114026e+05
5.676300e-01	2.036258e+05	-4.144573e-02	1.354612e-01	0.000000e+00	-7.407659e+02	2.043666e+05
5.688200e-01	2.101528e+05	-4.160710e-02	1.357542e-01	0.000000e+00	-1.170199e+03	2.113230e+05
5.700100e-01	2.244117e+05	-4.176882e-02	1.360619e-01	0.000000e+00	-3.036959e+03	2.274487e+05
5.712000e-01	2.084539e+05	-4.193093e-02	1.363685e-01	0.000000e+00	-4.138472e+03	2.125924e+05
5.723900e-01	2.210296e+05	-4.209338e-02	1.366726e-01	0.000000e+00	-2.364825e+03	2.233944e+05
5.735800e-01	2.229634e+05	-4.225621e-02	1.369870e-01	0.000000e+00	-2.327531e+03	2.252910e+05
5.747700e-01	2.147363e+05	-4.241941e-02	1.372970e-01	0.000000e+00	-3.968530e+03	2.187048e+05
5.759600e-01	1.893960e+05	-4.258297e-02	1.375832e-01	0.000000e+00	-2.520691e+03	1.919167e+05
5.771500e-01	2.185516e+05	-4.274686e-02	1.378721e-01	0.000000e+00	-1.120461e+03	2.196721e+05
5.783400e-01	2.267881e+05	-4.291111e-02	1.381875e-01	0.000000e+00	-2.550416e+03	2.293386e+05
5.795300e-01	2.065727e+05	-4.307574e-02	1.384944e-01	0.000000e+00	-1.171664e+03	2.077443e+05
5.807200e-01	2.239447e+05	-4.324073e-02	1.387992e-01	0.000000e+00	0.000000e+00	2.239447e+05
5.819100e-01	1.896913e+05	-4.340609e-02	1.390922e-01	0.000000e+00	-3.035799e+03	1.927271e+05
5.831000e-01	1.853228e+05	-4.357177e-02	1.393577e-01	0.000000e+00	-3.106535e+03	1.884294e+05
5.842900e-01	2.007899e+05	-4.373776e-02	1.396312e-01	0.000000e+00	-2.319886e+03	2.031098e+05
5.854800e-01	2.054539e+05	-4.390409e-02	1.399188e-01	0.000000e+00	-2.384049e+03	2.078379e+05
5.866700e-01	2.095076e+05	-4.407076e-02	1.402127e-01	0.000000e+00	-1.470326e+03	2.109779e+05
5.878600e-01	2.091280e+05	-4.423779e-02	1.405092e-01	0.000000e+00	-3.420760e+03	2.125488e+05
5.890500e-01	2.204039e+05	-4.440518e-02	1.408134e-01	0.000000e+00	-2.069348e+03	2.224733e+05
5.902400e-01	2.085008e+05	-4.457293e-02	1.411171e-01	0.000000e+00	-4.603897e+03	2.131047e+05
5.914300e-01	2.148088e+05	-4.474103e-02	1.414169e-01	0.000000e+00	-2.176954e+03	2.169857e+05
5.926200e-01	2.260702e+05	-4.490950e-02	1.417291e-01	0.000000e+00	-1.613873e+03	2.276841e+05
5.938100e-01	2.034404e+05	-4.507835e-02	1.420332e-01	0.000000e+00	-1.757681e+03	2.051980e+05
5.950000e-01	2.171241e+05	-4.524754e-02	1.423311e-01	0.000000e+00	-4.431709e+03	2.215558e+05
5.961900e-01	2.107338e+05	-4.541710e-02	1.426341e-01	0.000000e+00	-3.112732e+03	2.138465e+05
5.973800e-01	2.084374e+05	-4.558701e-02	1.429309e-01	0.000000e+00	-2.166759e+03	2.106042e+05
5.985700e-01	2.030220e+05	-4.575727e-02	1.432223e-01	0.000000e+00	-3.125597e+03	2.061476e+05
5.997600e-01	2.155740e+05	-4.592788e-02	1.435187e-01	0.000000e+00	-3.064421e+03	2.186384e+05
6.009500e-01	2.266191e+05	-4.609885e-02	1.438319e-01	0.000000e+00	-2.176430e+03	2.287955e+05
6.021400e-01	2.259306e+05	-4.627020e-02	1.441523e-01	0.000000e+00	-3.696179e+03	2.296268e+05
6.033300e-01	2.411926e+05	-4.644193e-02	1.444831e-01	0.000000e+00	-3.259651e+03	2.444523e+05
6.045200e-01	2.150261e+05	-4.661407e-02	1.448062e-01	0.000000e+00	-3.489855e+03	2.185160e+05
6.057100e-01	1.899969e+05	-4.678657e-02	1.450930e-01	0.000000e+00	-3.015964e+03	1.930129e+05
6.069000e-01	2.084246e+05	-4.695939e-02	1.453752e-01	0.000000e+00	-2.536012e+03	2.109606e+05
6.080900e-01	2.287500e+05	-4.713256e-02	1.456848e-01	0.000000e+00	-2.187476e+03	2.309375e+05
6.092800e-01	2.269265e+05	-4.730612e-02	1.460075e-01	0.000000e+00	-2.527949e+03	2.294544e+05
6.104700e-01	2.116262e+05	-4.748006e-02	1.463180e-01	0.000000e+00	-4.121575e+03	2.157478e+05
6.116600e-01	2.215104e+05	-4.765436e-02	1.466248e-01	0.000000e+00	-2.200069e+03	2.237105e+05
6.128500e-01	2.171757e+05	-4.782903e-02	1.469354e-01	0.000000e+00	-2.151505e+03	2.193272e+05
6.140400e-01	2.140246e+05	-4.800406e-02	1.472408e-01	0.000000e+00	-1.247596e+03	2.152722e+05
6.152300e-01	2.000610e+05	-4.817946e-02	1.475340e-01	0.000000e+00	-7.208549e+02	2.007819e+05
6.164200e-01	1.913459e+05	-4.835519e-02	1.478112e-01	0.000000e+00	-2.976629e+03	1.943225e+05
6.176100e-01	2.043330e+05	-4.853125e-02	1.480914e-01	0.000000e+00	-2.778606e+03	2.071116e+05
6.188000e-01	2.117975e+05	-4.870765e-02	1.483861e-01	0.000000e+00	-1.521603e+03	2.133191e+05
6.199900e-01	2.057402e+05	-4.888441e-02	1.486818e-01	0.000000e+00	-1.272081e+03	2.070123e+05
6.211800e-01	1.867823e+05	-4.906151e-02	1.489598e-01	0.000000e+00	-2.260546e+03	1.890429e+05
6.223700e-01	2.141508e+05	-4.923893e-02	1.492437e-01	0.000000e+00	-3.174248e+03	2.173251e+05
6.235600e-01	2.022704e+05	-4.941671e-02	1.495386e-01	0.000000e+00	-3.959222e+03	2.062296e+05
6.247500e-01	2.031652e+05	-4.959484e-02	1.498257e-01	0.000000e+00	-2.163738e+03	2.053289e+05
6.259400e-01	2.206480e+05	-4.977330e-02	1.501258e-01	0.000000e+00	-1.804038e+03	2.224520e+05
6.271300e-01	2.240806e+05	-4.995214e-02	1.504408e-01	0.000000e+00	-2.090369e+03	2.261710e+05
6.283200e-01	2.156101e+05	-5.013135e-02	1.507522e-01	0.000000e+00	-1.006050e+03	2.166162e+05
6.295100e-01	2.291247e+05	-5.031093e-02	1.510671e-01	0.000000e+00	-4.810155e+02	2.296057e+05
6.307000e-01	2.302928e+05	-5.049089e-02	1.513924e-01	0.000000e+00	-6.817542e+02	2.309746e+05
6.318900e-01	2.192932e+05	-5.067124e-02	1.517108e-01	0.000000e+00	-5.757068e+02	2.198689e+05
6.330800e-01	2.109880e+05	-5.085196e-02	1.520155e-01	0.000000e+00	-1.318779e+03	2.123068e+05
6.342700e-01	2.195756e+05	-5.103304e-02	1.523204e-01	0.000000e+00	-1.901127e+03	2.214768e+05
6.354600e-01	2.126908e+05	-5.121448e-02	1.526266e-01	0.000000e+00	-1.621656e+03	2.143124e+05
6.366500e-01	2.051130e+05	-5.139629e-02	1.529224e-01	0.000000e+00	-2.183807e+03	2.072968e+05
6.378400e-01	2.137911e+05	-5.157844e-02	1.532191e-01	0.000000e+00	-2.792121e+03	2.165832e+05
6.390300e-01	2.281245e+05	-5.176095e-02	1.535320e-01	0.000000e+00	-3.142607e+03	2.312671e+05
6.402200e-01	2.386173e+05	-5.194384e-02	1.538626e-01	0.000000e+00	-2.465226e+03	2.410826e+05
6.414100e-01	2.271036e+05	-5.212714e-02	1.541924e-01	0.000000e+00	-2.404134e+03	2.295077e+05
6.426000e-01	1.970079e+05	-5.231082e-02	1.544927e-01	0.000000e+00	-1.954458e+03	1.989623e+05
6.437900e-01	2.201567e+05	-5.249483e-02	1.547881e-01	0.000000e+00	-2.745518e+03	2.229022e+05
6.449800e-01	2.156188e+05	-5.267922e-02	1.550967e-01	0.000000e+00	-1.938488e+03	2.175573e+05
6.461700e-01	2.163562e+05	-5.286396e-02	1.554026e-01	0.000000e+00	-5.229551e+03	2.215858e+05
6.473600e-01	1.989582e+05	-5.304908e-02	1.556968e-01	0.000000e+00	-3.401692e+03	2.023599e+05
6.485500e-01	2.100986e+05	-5.323452e-02	1.559864e-01	0.000000e+00	-3.420005e+03	2.135186e+05
6.497400e-01	2.228217e+05	-5.342032e-02	1.562930e-01	0.000000e+00	-2.340822e+03	2.251625e+05
6.509300e-01	2.275486e+05	-5.360650e-02	1.566120e-01	0.000000e+00	-3.730101e+03	2.312787e+05
6.521200e-01	2.270207e+05	-5.379306e-02	1.569339e-01	0.000000e+00	-2.897538e+03	2.299183e+05
6.533100e-01	2.264381e+05	-5.398000e-02	1.572550e-01	0.000000e+00	-2.828386e+03	2.292665e+05
6.545000e-01	2.263311e+05	-5.416733e-02	1.575756e-01	0.000000e+00	-4.639511e+03	2.309706e+05
6.556900e-01	2.047946e+05	-5.435503e-02	1.578809e-01	0.000000e+00	-2.702712e+03	2.074973e+05
6.568800e-01	2.326526e+05	-5.454308e-02	1.581907e-01	0.000000e+00	-4.366442e+02	2.330892e+05
6.580700e-01	2.356210e+05	-5.473153e-02	1.585223e-01	0.000000e+00	-4.722668e+02	2.360932e+05
6.592600e-01	2.185182e+05	-5.492037e-02	1.588439e-01	0.000000e+00	-1.229282e+03	2.197475e+05
6.604500e-01	2.209417e+05	-5.510958e-02	1.591551e-01	0.000000e+00	-1.150829e+03	2.220925e+05
6.616400e-01	2.043640e+05	-5.529916e-02	1.594563e-01	0.000000e+00	-2.760449e+03	2.071244e+05
6.628300e-01	2.034849e+05	-5.548908e-02	1.597452e-01	0.000000e+00	-3.215023e+03	2.067000e+05
6.640200e-01	1.968388e+05	-5.567935e-02	1.600287e-01	0.000000e+00	-4.183129e+03	2.010219e+05
6.652100e-01	2.196768e+05	-5.586995e-02	1.603236e-01	0.000000e+00	-2.241404e+03	2.219182e+05
6.664000e-01	2.236324e+05	-5.606092e-02	1.606375e-01	0.000000e+00	-2.698678e+03	2.263311e+05
6.675900e-01	2.225243e+05	-5.625227e-02	1.609535e-01	0.000000e+00	-2.565842e+03	2.250902e+05
6.687800e-01	2.417022e+05	-5.644399e-02	1.612822e-01	0.000000e+00	-2.391625e+03	2.440938e+05
6.699700e-01	2.009917e+05	-5.663612e-02	1.615957e-01	0.000000e+00	-1.093150e+03	2.020848e+05
6.711600e-01	2.150716e+05	-5.682859e-02	1.618904e-01	0.000000e+00	-1.759628e+03	2.168312e+05
6.723500e-01	2.151258e+05	-5.702142e-02	1.621950e-01	0.000000e+00	-1.679270e+03	2.168051e+05
6.735400e-01	1.977806e+05	-5.721461e-02	1.624874e-01	0.000000e+00	-2.878809e+03	2.006594e+05
6.747300e-01	2.020705e+05	-5.740814e-02	1.627706e-01	0.000000e+00	-1.509455e+03	2.035800e+05
6.759200e-01	2.078941e+05	-5.760201e-02	1.630609e-01	0.000000e+00	-1.666775e+03	2.095608e+05
6.771100e-01	2.143925e+05	-5.779622e-02	1.633600e-01	0.000000e+00	-4.791777e+03	2.191842e+05
6.783000e-01	2.166735e+05	-5.799080e-02	1.636652e-01	0.000000e+00	-3.322680e+02	2.170058e+05
6.794900e-01	2.038707e+05	-5.818575e-02	1.639631e-01	0.000000e+00	-1.950719e+03	2.058214e+05
6.806800e-01	2.104468e+05	-5.838103e-02	1.642565e-01	0.000000e+00	-3.618934e+03	2.140658e+05
6.818700e-01	2.165861e+05	-5.857668e-02	1.645589e-01	0.000000e+00	-1.570172e+03	2.181562e+05
6.830600e-01	2.178028e+05	-5.877268e-02	1.648665e-01	0.000000e+00	-1.166919e+03	2.189697e+05
6.842500e-01	2.109005e+05	-5.896906e-02	1.651701e-01	0.000000e+00	-2.925159e+03	2.138256e+05
6.854400e-01	2.001510e+05	-5.916579e-02	1.654612e-01	0.000000e+00	-1.881208e+03	2.020322e+05
6.866300e-01	1.851240e+05	-5.936286e-02	1.657340e-01	0.000000e+00	-3.433244e+03	1.885573e+05
6.878200e-01	1.879432e+05	-5.956024e-02	1.659982e-01	0.000000e+00	-6.362910e+03	1.943061e+05
6.890100e-01	2.223323e+05	-5.975793e-02	1.662888e-01	0.000000e+00	-1.968552e+03	2.243008e+05
6.902000e-01	2.243275e+05	-5.995600e-02	1.666051e-01	0.000000e+00	-8.824680e+02	2.252099e+05
6.913900e-01	2.126742e+05	-6.015445e-02	1.669145e-01	0.000000e+00	-1.456271e+03	2.141305e+05
6.925800e-01	2.251679e+05	-6.035326e-02	1.672246e-01	0.000000e+00	-1.022605e+03	2.261905e+05
6.937700e-01	2.345380e+05	-6.055245e-02	1.675501e-01	0.000000e+00	0.000000e+00	2.345380e+05
6.949600e-01	2.111608e+05	-6.075203e-02	1.678658e-01	0.000000e+00	-4.447415e+01	2.112053e+05
6.961500e-01	2.036758e+05	-6.095197e-02	1.681595e-01	0.000000e+00	-1.181895e+03	2.048577e+05
6.973400e-01	2.117925e+05	-6.115225e-02	1.684538e-01	0.000000e+00	-4.543033e+02	2.122468e+05
6.985300e-01	2.211743e+05	-6.135289e-02	1.687604e-01	0.000000e+00	-1.529465e+03	2.227038e+05
6.997200e-01	2.203684e+05	-6.155390e-02	1.690731e-01	0.000000e+00	-3.276340e+03	2.236448e+05
7.009100e-01	2.013164e+05	-6.175528e-02	1.693717e-01	0.000000e+00	-2.792226e+03	2.041086e+05
7.021000e-01	2.078634e+05	-6.195700e-02	1.696614e-01	0.000000e+00	-3.656064e+03	2.115195e+05
7.032900e-01	2.160452e+05	-6.215908e-02	1.699616e-01	0.000000e+00	-3.050723e+03	2.190959e+05
7.044800e-01	2.249003e+05	-6.236151e-02	1.702739e-01	0.000000e+00	-1.027966e+03	2.259282e+05
7.056700e-01	2.152064e+05	-6.256433e-02	1.705856e-01	0.000000e+00	-3.058175e+03	2.182645e+05
7.068600e-01	2.219820e+05	-6.276751e-02	1.708952e-01	0.000000e+00	-3.527262e+03	2.255092e+05
7.080500e-01	2.339790e+05	-6.297106e-02	1.712181e-01	0.000000e+00	-1.067301e+03	2.350463e+05
7.092400e-01	2.308921e+05	-6.317500e-02	1.715473e-01	0.000000e+00	-8.279440e+02	2.317201e+05
7.104300e-01	2.183518e+05	-6.337934e-02	1.718654e-01	0.000000e+00	-1.396617e+03	2.197484e+05
7.116200e-01	2.189600e+05	-6.358404e-02	1.721751e-01	0.000000e+00	0.000000e+00	2.189600e+05
7.128100e-01	2.132510e+05	-6.378912e-02	1.724812e-01	0.000000e+00	-7.733961e+02	2.140244e+05
7.140000e-01	1.990685e+05	-6.399455e-02	1.727732e-01	0.000000e+00	-1.463763e+03	2.005322e+05
7.151900e-01	2.080957e+05	-6.420032e-02	1.730615e-01	0.000000e+00	-1.714526e+03	2.098102e+05
7.163800e-01	2.173335e+05	-6.440644e-02	1.733628e-01	0.000000e+00	-1.280546e+03	2.186141e+05
7.175700e-01	2.180061e+05	-6.461292e-02	1.736711e-01	0.000000e+00	-1.557144e+03	2.195633e+05
7.187600e-01	2.233355e+05	-6.481977e-02	1.739836e-01	0.000000e+00	-3.127324e+03	2.264629e+05
7.199500e-01	2.348324e+05	-6.502700e-02	1.743081e-01	0.000000e+00	-2.015465e+03	2.368479e+05
7.211400e-01	2.269597e+05	-6.523463e-02	1.746351e-01	0.000000e+00	-3.448886e+03	2.304086e+05
7.223300e-01	2.141403e+05	-6.544263e-02	1.749475e-01	0.000000e+00	-1.643800e+03	2.157841e+05
7.235200e-01	2.061659e+05	-6.565100e-02	1.752451e-01	0.000000e+00	-2.161418e+03	2.083274e+05
7.247100e-01	2.281655e+05	-6.585972e-02	1.755527e-01	0.000000e+00	-3.242049e+03	2.314075e+05
7.259000e-01	2.425709e+05	-6.606882e-02	1.758861e-01	0.000000e+00	-6.279153e+02	2.431988e+05
7.270900e-01	2.375339e+05	-6.627833e-02	1.762261e-01	0.000000e+00	-6.608780e+02	2.381948e+05
7.282800e-01	2.267220e+05	-6.648823e-02	1.765548e-01	0.000000e+00	-1.694345e+03	2.284164e+05
7.294700e-01	2.128580e+05	-6.669853e-02	1.768661e-01	0.000000e+00	-1.991188e+03	2.148492e+05
7.306600e-01	2.209696e+05	-6.690918e-02	1.771733e-01	0.000000e+00	-1.815667e+03	2.227853e+05
7.318500e-01	2.091021e+05	-6.712020e-02	1.774779e-01	0.000000e+00	-1.867534e+03	2.109697e+05
7.330400e-01	2.168371e+05	-6.733157e-02	1.777795e-01	0.000000e+00	-9.571104e+02	2.177942e+05
7.342300e-01	2.268011e+05	-6.754331e-02	1.780937e-01	0.000000e+00	-1.801041e+03	2.286021e+05
7.354200e-01	2.247881e+05	-6.775544e-02	1.784135e-01	0.000000e+00	-3.049365e+03	2.278374e+05
7.366100e-01	2.185322e+05	-6.796794e-02	1.787274e-01	0.000000e+00	-2.255999e+03	2.207882e+05
7.378000e-01	2.161475e+05	-6.818081e-02	1.790353e-01	0.000000e+00	-2.313047e+03	2.184606e+05
7.389900e-01	2.118842e+05	-6.839404e-02	1.793384e-01	0.000000e+00	-1.839623e+03	2.137238e+05
7.401800e-01	2.188186e+05	-6.860763e-02	1.796434e-01	0.000000e+00	-1.854866e+03	2.206735e+05
7.413700e-01	2.251469e+05	-6.882159e-02	1.799578e-01	0.000000e+00	-1.007675e+03	2.261546e+05
7.425600e-01	2.310070e+05	-6.903593e-02	1.802808e-01	0.000000e+00	-8.942545e+02	2.319013e+05
7.437500e-01	2.299246e+05	-6.925066e-02	1.806072e-01	0.000000e+00	-5.738384e+02	2.304984e+05
7.449400e-01	2.161294e+05	-6.946578e-02	1.809231e-01	0.000000e+00	-1.930014e+03	2.180594e+05
7.461300e-01	2.259666e+05	-6.968126e-02	1.812362e-01	0.000000e+00	-2.013839e+03	2.279805e+05
7.473200e-01	2.049688e+05	-6.989712e-02	1.815414e-01	0.000000e+00	-1.774255e+03	2.067431e+05
7.485100e-01	2.224065e+05	-7.011333e-02	1.818440e-01	0.000000e+00	-1.301837e+03	2.237083e+05
7.497000e-01	2.090243e+05	-7.032991e-02	1.821495e-01	0.000000e+00	-8.627678e+02	2.098870e+05
7.508900e-01	2.361685e+05	-7.054684e-02	1.824648e-01	0.000000e+00	-3.041282e+03	2.392097e+05
7.520800e-01	2.217203e+05	-7.076418e-02	1.827891e-01	0.000000e+00	-1.300797e+03	2.230211e+05
7.532700e-01	2.064109e+05	-7.098188e-02	1.830923e-01	0.000000e+00	-6.777368e+02	2.070886e+05
7.544600e-01	2.265744e+05	-7.119993e-02	1.833989e-01	0.000000e+00	-2.181274e+03	2.287556e+05
7.556500e-01	2.092100e+05	-7.141837e-02	1.837075e-01	0.000000e+00	-2.244749e+03	2.114547e+05
7.568400e-01	2.274035e+05	-7.163716e-02	1.840167e-01	0.000000e+00	-5.850054e+02	2.279885e+05
7.580300e-01	2.047404e+05	-7.185633e-02	1.843227e-01	0.000000e+00	-9.666935e+02	2.057071e+05
7.592200e-01	2.210896e+05	-7.207585e-02	1.846243e-01	0.000000e+00	-7.139787e+02	2.218036e+05
7.604100e-01	2.193706e+05	-7.229574e-02	1.849362e-01	0.000000e+00	-6.554040e+02	2.200260e+05
7.616000e-01	2.154780e+05	-7.251599e-02	1.852441e-01	0.000000e+00	-2.020071e+03	2.174981e+05
7.627900e-01	2.253953e+05	-7.273662e-02	1.855564e-01	0.000000e+00	-2.345948e+03	2.277413e+05
7.639800e-01	2.029303e+05	-7.295762e-02	1.858597e-01	0.000000e+00	-1.894253e+03	2.048246e+05
7.651700e-01	2.169523e+05	-7.317896e-02	1.861570e-01	0.000000e+00	-4.373326e+03	2.213257e+05
7.663600e-01	2.151840e+05	-7.340067e-02	1.864630e-01	0.000000e+00	-1.549360e+03	2.167334e+05
7.675500e-01	2.315512e+05	-7.362275e-02	1.867794e-01	0.000000e+00	-6.070167e+02	2.321582e+05
7.687400e-01	2.181276e+05	-7.384521e-02	1.870979e-01	0.000000e+00	-8.629341e+02	2.189906e+05
7.699300e-01	1.982532e+05	-7.406804e-02	1.873927e-01	0.000000e+00	-3.695271e+03	2.019484e+05
7.711200e-01	2.205357e+05	-7.429120e-02	1.876893e-01	0.000000e+00	-2.526852e+03	2.230625e+05
7.723100e-01	2.182735e+05	-7.451474e-02	1.880000e-01	0.000000e+00	-6.083277e+02	2.188819e+05
7.735000e-01	2.175068e+05	-7.473864e-02	1.883086e-01	0.000000e+00	-2.411677e+03	2.199184e+05
7.746900e-01	2.135562e+05	-7.496291e-02	1.886139e-01	0.000000e+00	-2.119002e+03	2.156752e+05
7.758800e-01	2.045269e+05	-7.518754e-02	1.889100e-01	0.000000e+00	-1.699567e+03	2.062265e+05
7.770700e-01	2.213108e+05	-7.541252e-02	1.892115e-01	0.000000e+00	-6.210163e+02	2.219318e+05
7.782600e-01	2.296388e+05	-7.563787e-02	1.895309e-01	0.000000e+00	-2.971056e+03	2.326099e+05
7.794500e-01	2.135362e+05	-7.586360e-02	1.898447e-01	0.000000e+00	-9.716926e+02	2.145079e+05
7.806400e-01	1.965298e+05	-7.608970e-02	1.901351e-01	0.000000e+00	-4.090568e+02	1.969388e+05
7.818300e-01	2.042593e+05	-7.631612e-02	1.904190e-01	0.000000e+00	-1.704116e+03	2.059634e+05
7.830200e-01	2.121667e+05	-7.654289e-02	1.907139e-01	0.000000e+00	-2.652627e+03	2.148193e+05
7.842100e-01	2.135654e+05	-7.677002e-02	1.910153e-01	0.000000e+00	-1.276238e+03	2.148417e+05
7.854000e-01	2.169495e+05	-7.699751e-02	1.913202e-01	0.000000e+00	-2.029382e+03	2.189789e+05
7.865900e-01	2.368441e+05	-7.722537e-02	1.916416e-01	0.000000e+00	-1.165306e+03	2.380094e+05
7.877800e-01	2.199599e+05	-7.745362e-02	1.919651e-01	0.000000e+00	-1.410063e+03	2.213699e+05
7.889700e-01	2.226056e+05	-7.768224e-02	1.922785e-01	0.000000e+00	-3.260509e+03	2.258662e+05
7.901600e-01	2.349590e+05	-7.791124e-02	1.926025e-01	0.000000e+00	-1.218753e+03	2.361777e+05
7.913500e-01	2.330601e+05	-7.814064e-02	1.929339e-01	0.000000e+00	-2.710014e+03	2.357701e+05
7.925400e-01	2.380149e+05	-7.837042e-02	1.932675e-01	0.000000e+00	-1.586307e+03	2.396013e+05
7.937300e-01	2.208462e+05	-7.860061e-02	1.935925e-01	0.000000e+00	-1.421435e+03	2.222676e+05
7.949200e-01	2.310066e+05	-7.883117e-02	1.939125e-01	0.000000e+00	-2.376006e+03	2.333826e+05
7.961100e-01	2.093148e+05	-7.906212e-02	1.942243e-01	0.000000e+00	-2.925855e+03	2.122407e+05
7.973000e-01	2.144206e+05	-7.929343e-02	1.945244e-01	0.000000e+00	-1.928741e+03	2.163493e+05
7.984900e-01	2.087394e+05	-7.952509e-02	1.948240e-01	0.000000e+00	-2.104082e+03	2.108435e+05
7.996800e-01	2.292579e+05	-7.975711e-02	1.951342e-01	0.000000e+00	-1.416851e+03	2.306748e+05
8.008700e-01	2.153823e+05	-7.998951e-02	1.954491e-01	0.000000e+00	-1.373588e+03	2.167559e+05
8.020600e-01	2.135505e+05	-8.022228e-02	1.957528e-01	0.000000e+00	-7.187870e+02	2.142693e+05
8.032500e-01	1.886977e+05	-8.045540e-02	1.960377e-01	0.000000e+00	-2.375132e+03	1.910729e+05
8.044400e-01	2.322261e+05	-8.068885e-02	1.963358e-01	0.000000e+00	-1.971103e+03	2.341972e+05
8.056300e-01	2.255951e+05	-8.092268e-02	1.966600e-01	0.000000e+00	-1.908265e+03	2.275034e+05
8.068200e-01	2.404172e+05	-8.115690e-02	1.969900e-01	0.000000e+00	-1.474674e+03	2.418919e+05
8.080100e-01	2.417573e+05	-8.139152e-02	1.973315e-01	0.000000e+00	-9.767804e+02	2.427340e+05
8.092000e-01	2.289171e+05	-8.162655e-02	1.976648e-01	0.000000e+00	-1.832327e+03	2.307494e+05
8.103900e-01	2.287205e+05	-8.186196e-02	1.979889e-01	0.000000e+00	-1.986119e+03	2.307066e+05
8.115800e-01	2.221432e+05	-8.209776e-02	1.983082e-01	0.000000e+00	-2.742103e+03	2.248853e+05
8.127700e-01	2.347405e+05	-8.233393e-02	1.986317e-01	0.000000e+00	-3.160219e+03	2.379007e+05
8.139600e-01	2.207351e+05	-8.257050e-02	1.989543e-01	0.000000e+00	-2.107135e+03	2.228423e+05
8.151500e-01	2.368693e+05	-8.280745e-02	1.992783e-01	0.000000e+00	-1.177076e+03	2.380464e+05
8.163400e-01	2.218513e+05	-8.304479e-02	1.996032e-01	0.000000e+00	-1.618109e+03	2.234694e+05
8.175300e-01	2.242883e+05	-8.328250e-02	1.999191e-01	0.000000e+00	-2.291209e+03	2.265795e+05
8.187200e-01	2.200145e+05	-8.352059e-02	2.002337e-01	0.000000e+00	-8.260522e+02	2.208405e+05
8.199100e-01	2.046591e+05	-8.375906e-02	2.005345e-01	0.000000e+00	-3.043260e+03	2.077023e+05
8.211000e-01	2.042331e+05	-8.399787e-02	2.008241e-01	0.000000e+00	-1.137411e+03	2.053705e+05
8.222900e-01	2.087586e+05	-8.423702e-02	2.011165e-01	0.000000e+00	-8.578382e+02	2.096165e+05
8.234800e-01	2.318952e+05	-8.447652e-02	2.014286e-01	0.000000e+00	-3.537680e+03	2.354328e+05
8.246700e-01	2.083070e+05	-8.471642e-02	2.017403e-01	0.000000e+00	-3.904116e+03	2.122112e+05
8.258600e-01	2.186750e+05	-8.495667e-02	2.020427e-01	0.000000e+00	-2.146008e+03	2.208210e+05
8.270500e-01	2.347411e+05	-8.519728e-02	2.023638e-01	0.000000e+00	-1.349674e+03	2.360908e+05
8.282400e-01	2.179715e+05	-8.543829e-02	2.026844e-01	0.000000e+00	-1.340144e+03	2.193116e+05
8.294300e-01	2.108481e+05	-8.567967e-02	2.029880e-01	0.000000e+00	-2.738789e+03	2.135869e+05
8.306200e-01	2.129888e+05	-8.592140e-02	2.032882e-01	0.000000e+00	-1.322771e+03	2.143115e+05
8.318100e-01	2.304743e+05	-8.616350e-02	2.036022e-01	0.000000e+00	-1.908114e+03	2.323824e+05
8.330000e-01	2.268323e+05	-8.640598e-02	2.039261e-01	0.000000e+00	-1.797227e+03	2.286295e+05
8.341900e-01	2.227259e+05	-8.664884e-02	2.042444e-01	0.000000e+00	-4.972344e+02	2.232232e+05
8.353800e-01	2.239643e+05	-8.689208e-02	2.045608e-01	0.000000e+00	-1.409523e+03	2.253738e+05
8.365700e-01	2.166533e+05	-8.713569e-02	2.048728e-01	0.000000e+00	-1.111486e+03	2.177648e+05
8.377600e-01	1.976643e+05	-8.737968e-02	2.051662e-01	0.000000e+00	-1.388521e+03	1.990528e+05
8.389500e-01	1.945712e+05	-8.762399e-02	2.054440e-01	0.000000e+00	-1.689292e+03	1.962605e+05
8.401400e-01	2.081689e+05	-8.786863e-02	2.057292e-01	0.000000e+00	-2.600851e+03	2.107698e+05
8.413300e-01	2.075604e+05	-8.811362e-02	2.060236e-01	0.000000e+00	-2.292870e+03	2.098532e+05
8.425200e-01	1.991946e+05	-8.835897e-02	2.063116e-01	0.000000e+00	-1.995953e+03	2.011906e+05
8.437100e-01	2.127796e+05	-8.860465e-02	2.066034e-01	0.000000e+00	-2.789963e+03	2.155696e+05
8.449000e-01	2.254087e+05	-8.885068e-02	2.069137e-01	0.000000e+00	-2.865099e+03	2.282738e+05
8.460900e-01	2.173866e+05	-8.909710e-02	2.072273e-01	0.000000e+00	-3.308071e+03	2.206947e+05
8.472800e-01	2.208698e+05	-8.934388e-02	2.075376e-01	0.000000e+00	-2.077784e+03	2.229476e+05
8.484700e-01	2.385192e+05	-8.959104e-02	2.078629e-01	0.000000e+00	-7.454750e+02	2.392647e+05
8.496600e-01	2.266411e+05	-8.983860e-02	2.081924e-01	0.000000e+00	-1.312534e+03	2.279537e+05
8.508500e-01	2.150194e+05	-9.008654e-02	2.085051e-01	0.000000e+00	-1.303416e+03	2.163228e+05
8.520400e-01	2.135830e+05	-9.033484e-02	2.088086e-01	0.000000e+00	-1.713328e+03	2.152963e+05
8.532300e-01	2.195783e+05	-9.058350e-02	2.091154e-01	0.000000e+00	-2.037875e+03	2.216161e+05
8.544200e-01	2.397452e+05	-9.083254e-02	2.094407e-01	0.000000e+00	-8.619716e+02	2.406072e+05
8.556100e-01	2.256941e+05	-9.108197e-02	2.097703e-01	0.000000e+00	-1.686297e+03	2.273804e+05
8.568000e-01	2.259160e+05	-9.133179e-02	2.100901e-01	0.000000e+00	-1.263473e+03	2.271794e+05
8.579900e-01	2.164387e+05	-9.158199e-02	2.104034e-01	0.000000e+00	0.000000e+00	2.164387e+05
8.591800e-01	2.190738e+05	-9.183255e-02	2.107118e-01	0.000000e+00	-1.190151e+03	2.202639e+05
8.603700e-01	2.207327e+05	-9.208348e-02	2.110232e-01	0.000000e+00	-1.123806e+03	2.218565e+05
8.615600e-01	2.192527e+05	-9.233478e-02	2.113348e-01	0.000000e+00	-2.104254e+03	2.213570e+05
8.627500e-01	2.168200e+05	-9.258646e-02	2.116436e-01	0.000000e+00	-2.299895e+03	2.191199e+05
8.639400e-01	2.322988e+05	-9.283850e-02	2.119617e-01	0.000000e+00	-1.262279e+03	2.335610e+05
8.651300e-01	2.409556e+05	-9.309093e-02	2.122968e-01	0.000000e+00	-4.229777e+02	2.413786e+05
8.663200e-01	2.197017e+05	-9.334376e-02	2.126230e-01	0.000000e+00	-2.121077e+03	2.218228e+05
8.675100e-01	2.115867e+05	-9.359697e-02	2.129285e-01	0.000000e+00	-9.243516e+02	2.125111e+05
8.687000e-01	2.022888e+05	-9.385053e-02	2.132215e-01	0.000000e+00	-1.266393e+03	2.035551e+05
8.698900e-01	2.102851e+05	-9.410444e-02	2.135137e-01	0.000000e+00	-1.923643e+03	2.122087e+05
8.710800e-01	2.191446e+05	-9.435869e-02	2.138178e-01	0.000000e+00	-4.872242e+02	2.196318e+05
8.722700e-01	2.281289e+05	-9.461332e-02	2.141346e-01	0.000000e+00	-6.794127e+02	2.288083e+05
8.734600e-01	2.178198e+05	-9.486833e-02	2.144504e-01	0.000000e+00	-1.521281e+03	2.193411e+05
8.746500e-01	2.229088e+05	-9.512371e-02	2.147625e-01	0.000000e+00	-3.203144e+02	2.232292e+05
8.758400e-01	2.155072e+05	-9.537947e-02	2.150730e-01	0.000000e+00	-4.396536e+02	2.159469e+05
8.770300e-01	2.086059e+05	-9.563559e-02	2.153733e-01	0.000000e+00	-1.241019e+03	2.098469e+05
8.782200e-01	2.195276e+05	-9.589206e-02	2.156765e-01	0.000000e+00	-5.430279e+01	2.195819e+05
8.794100e-01	2.104989e+05	-9.614890e-02	2.159810e-01	0.000000e+00	-1.037624e+03	2.115366e+05
8.806000e-01	2.065528e+05	-9.640609e-02	2.162764e-01	0.000000e+00	-3.726425e+03	2.102792e+05
8.817900e-01	2.164766e+05	-9.666364e-02	2.165759e-01	0.000000e+00	-1.964671e+03	2.184413e+05
8.829800e-01	2.168191e+05	-9.692154e-02	2.168828e-01	0.000000e+00	-1.556981e+03	2.183761e+05
8.841700e-01	2.355703e+05	-9.717982e-02	2.172031e-01	0.000000e+00	-2.431214e+03	2.380015e+05
8.853600e-01	2.319032e+05	-9.743849e-02	2.175342e-01	0.000000e+00	-1.262069e+03	2.331653e+05
8.865500e-01	1.976115e+05	-9.769755e-02	2.178384e-01	0.000000e+00	-2.213366e+03	1.998248e+05
8.877400e-01	2.151885e+05	-9.795694e-02	2.181307e-01	0.000000e+00	-3.906226e+01	2.152276e+05
8.889300e-01	2.250717e+05	-9.821670e-02	2.184425e-01	0.000000e+00	0.000000e+00	2.250717e+05
8.901200e-01	2.165301e+05	-9.847684e-02	2.187552e-01	0.000000e+00	-1.337077e+03	2.178672e+05
8.913100e-01	2.187567e+05	-9.873734e-02	2.190634e-01	0.000000e+00	-1.204926e+03	2.199616e+05
8.925000e-01	2.136867e+05	-9.899821e-02	2.193697e-01	0.000000e+00	-1.156119e+03	2.148429e+05
8.936900e-01	2.084020e+05	-9.925944e-02	2.196686e-01	0.000000e+00	-2.851631e+03	2.112536e+05
8.948800e-01	2.258018e+05	-9.952102e-02	2.199761e-01	0.000000e+00	-8.032062e+02	2.266050e+05
8.960700e-01	2.119072e+05	-9.978298e-02	2.202860e-01	0.000000e+00	-2.100663e+02	2.121173e+05
8.972600e-01	2.173184e+05	-1.000453e-01	2.205900e-01	0.000000e+00	-7.842578e+01	2.173968e+05
8.984500e-01	2.264916e+05	-1.003080e-01	2.209043e-01	0.000000e+00	-2.310409e+03	2.288020e+05
8.996400e-01	2.300529e+05	-1.005711e-01	2.212276e-01	0.000000e+00	-1.812846e+03	2.318657e+05
9.008300e-01	2.214483e+05	-1.008345e-01	2.215473e-01	0.000000e+00	-2.285557e+03	2.237339e+05
9.020200e-01	2.370126e+05	-1.010983e-01	2.218720e-01	0.000000e+00	-1.075788e+03	2.380884e+05
9.032100e-01	2.294781e+05	-1.013626e-01	2.222024e-01	0.000000e+00	-1.749375e+03	2.312275e+05
9.044000e-01	2.439389e+05	-1.016272e-01	2.225376e-01	0.000000e+00	-1.611970e+03	2.455509e+05
9.055900e-01	2.160667e+05	-1.018922e-01	2.228634e-01	0.000000e+00	-1.013281e+03	2.170799e+05
9.067800e-01	2.065234e+05	-1.021576e-01	2.231626e-01	0.000000e+00	-1.312373e+03	2.078358e+05
9.079700e-01	2.128996e+05	-1.024233e-01	2.234597e-01	0.000000e+00	-2.545397e+03	2.154450e+05
9.091600e-01	2.236293e+05	-1.026894e-01	2.237688e-01	0.000000e+00	-1.160091e+03	2.247894e+05
9.103500e-01	2.205840e+05	-1.029559e-01	2.240834e-01	0.000000e+00	-1.253406e+03	2.218375e+05
9.115400e-01	2.309381e+05	-1.032227e-01	2.244031e-01	0.000000e+00	-2.187725e+03	2.331259e+05
9.127300e-01	2.338922e+05	-1.034900e-01	2.247323e-01	0.000000e+00	-6.117601e+02	2.345040e+05
9.139200e-01	2.131550e+05	-1.037576e-01	2.250489e-01	0.000000e+00	-3.567009e+02	2.135117e+05
9.151100e-01	2.062266e+05	-1.040256e-01	2.253459e-01	0.000000e+00	-1.053155e+03	2.072797e+05
9.163000e-01	1.991958e+05	-1.042939e-01	2.256330e-01	0.000000e+00	-2.592295e+03	2.017880e+05
9.174900e-01	2.018280e+05	-1.045626e-01	2.259170e-01	0.000000e+00	-3.406815e+03	2.052348e+05
9.186800e-01	2.139712e+05	-1.048316e-01	2.262114e-01	0.000000e+00	-2.705279e+03	2.166765e+05
9.198700e-01	2.081286e+05	-1.051010e-01	2.265103e-01	0.000000e+00	-2.782341e+03	2.109110e+05
9.210600e-01	2.166533e+05	-1.053707e-01	2.268112e-01	0.000000e+00	-2.216897e+03	2.188702e+05
9.222500e-01	2.286796e+05	-1.056408e-01	2.271265e-01	0.000000e+00	-1.364706e+03	2.300444e+05
9.234400e-01	2.180812e+05	-1.059113e-01	2.274429e-01	0.000000e+00	-4.159693e+02	2.184971e+05
9.246300e-01	2.036839e+05	-1.061821e-01	2.277416e-01	0.000000e+00	-2.195954e+03	2.058799e+05
9.258200e-01	2.245547e+05	-1.064533e-01	2.280449e-01	0.000000e+00	-3.504742e+03	2.280595e+05
9.270100e-01	2.287600e+05	-1.067249e-01	2.283659e-01	0.000000e+00	-2.353211e+03	2.311132e+05
9.282000e-01	2.165168e+05	-1.069968e-01	2.286812e-01	0.000000e+00	-3.129350e+03	2.196462e+05
9.293900e-01	2.214282e+05	-1.072691e-01	2.289913e-01	0.000000e+00	-2.174686e+03	2.236029e+05
9.305800e-01	2.171424e+05	-1.075418e-01	2.293019e-01	0.000000e+00	-8.270002e+02	2.179694e+05
9.317700e-01	2.180231e+05	-1.078149e-01	2.296101e-01	0.000000e+00	-2.028190e+03	2.200513e+05
9.329600e-01	2.164852e+05	-1.080883e-01	2.299178e-01	0.000000e+00	-1.775246e+03	2.182605e+05
9.341500e-01	2.224746e+05	-1.083621e-01	2.302287e-01	0.000000e+00	-1.496121e+03	2.239707e+05
9.353400e-01	2.223374e+05	-1.086362e-01	2.305437e-01	0.000000e+00	-2.214804e+03	2.245522e+05
9.365300e-01	2.306309e+05	-1.089108e-01	2.308644e-01	0.000000e+00	-1.931767e+02	2.308241e+05
9.377200e-01	2.179564e+05	-1.091857e-01	2.311821e-01	0.000000e+00	-7.091600e+02	2.186656e+05
9.389100e-01	2.187035e+05	-1.094610e-01	2.314913e-01	0.000000e+00	-9.257767e+02	2.196293e+05
9.401000e-01	2.372391e+05	-1.097366e-01	2.318142e-01	0.000000e+00	-1.595232e+03	2.388343e+05
9.412900e-01	2.620697e+05	-1.100127e-01	2.321678e-01	0.000000e+00	0.000000e+00	2.620697e+05
9.424800e-01	2.421607e+05	-1.102892e-01	2.325249e-01	0.000000e+00	-1.642155e+02	2.423249e+05
9.436700e-01	2.154125e+05	-1.105661e-01	2.328489e-01	0.000000e+00	-6.761206e+02	2.160886e+05
9.448600e-01	2.188783e+05	-1.108434e-01	2.331565e-01	0.000000e+00	-6.125326e+02	2.194908e+05
9.460500e-01	2.445336e+05	-1.111210e-01	2.334846e-01	0.000000e+00	-5.773879e+02	2.451110e+05
9.472400e-01	2.366601e+05	-1.113991e-01	2.338254e-01	0.000000e+00	-1.512371e+03	2.381724e+05
9.484300e-01	2.225960e+05	-1.116775e-01	2.341506e-01	0.000000e+00	-1.064598e+03	2.236606e+05
9.496200e-01	2.262652e+05	-1.119563e-01	2.344685e-01	0.000000e+00	-3.412666e+03	2.296779e+05
9.508100e-01	2.339836e+05	-1.122355e-01	2.347944e-01	0.000000e+00	-1.747185e+03	2.357308e+05
9.520000e-01	2.199526e+05	-1.125151e-01	2.351159e-01	0.000000e+00	-1.033214e+03	2.209858e+05
9.531900e-01	2.155421e+05	-1.127951e-01	2.354243e-01	0.000000e+00	-2.327463e+03	2.178696e+05
9.543800e-01	2.228886e+05	-1.130755e-01	2.357348e-01	0.000000e+00	-1.542182e+03	2.244308e+05
9.555700e-01	2.039648e+05	-1.133562e-01	2.360371e-01	0.000000e+00	-9.625796e+02	2.049273e+05
9.567600e-01	2.159896e+05	-1.136372e-01	2.363345e-01	0.000000e+00	-1.004033e+03	2.169936e+05
9.579500e-01	2.102400e+05	-1.139186e-01	2.366363e-01	0.000000e+00	-2.260983e+03	2.125010e+05
9.591400e-01	2.278126e+05	-1.142004e-01	2.369465e-01	0.000000e+00	-4.302002e+02	2.282428e+05
9.603300e-01	2.069990e+05	-1.144826e-01	2.372544e-01	0.000000e+00	-6.427380e+02	2.076418e+05
9.615200e-01	2.126924e+05	-1.147651e-01	2.375516e-01	0.000000e+00	-1.208858e+03	2.139012e+05
9.627100e-01	2.104891e+05	-1.150480e-01	2.378513e-01	0.000000e+00	-1.126663e+03	2.116158e+05
9.639000e-01	2.280957e+05	-1.153312e-01	2.381619e-01	0.000000e+00	-1.090967e+03	2.291867e+05
9.650900e-01	2.342064e+05	-1.156148e-01	2.384893e-01	0.000000e+00	-2.370905e+02	2.344435e+05
9.662800e-01	2.190936e+05	-1.158988e-01	2.388103e-01	0.000000e+00	-1.576037e+03	2.206696e+05
9.674700e-01	2.249063e+05	-1.161831e-01	2.391247e-01	0.000000e+00	-5.781177e+02	2.254844e+05
9.686600e-01	2.077150e+05	-1.164679e-01	2.394311e-01	0.000000e+00	-2.622185e+02	2.079772e+05
9.698500e-01	2.201950e+05	-1.167530e-01	2.397341e-01	0.000000e+00	0.000000e+00	2.201950e+05
9.710400e-01	2.356786e+05	-1.170385e-01	2.400570e-01	0.000000e+00	-1.339247e+03	2.370179e+05
9.722300e-01	2.258628e+05	-1.173243e-01	2.403838e-01	0.000000e+00	-1.181761e+03	2.270445e+05
9.734200e-01	2.302534e+05	-1.176106e-01	2.407068e-01	0.000000e+00	0.000000e+00	2.302534e+05
9.746100e-01	2.225334e+05	-1.178972e-01	2.410275e-01	0.000000e+00	0.000000e+00	2.225334e+05
9.758000e-01	2.414548e+05	-1.181842e-01	2.413560e-01	0.000000e+00	0.000000e+00	2.414548e+05
9.769900e-01	2.178159e+05	-1.184716e-01	2.416813e-01	0.000000e+00	-2.042555e+02	2.180202e+05
9.781800e-01	2.286041e+05	-1.187594e-01	2.419974e-01	0.000000e+00	-6.360806e+02	2.292402e+05
9.793700e-01	2.374082e+05	-1.190476e-01	2.423274e-01	0.000000e+00	-7.881193e+02	2.381963e+05
9.805600e-01	2.128667e+05	-1.193362e-01	2.426463e-01	0.000000e+00	-1.732889e+03	2.145996e+05
9.817500e-01	2.133849e+05	-1.196251e-01	2.429482e-01	0.000000e+00	0.000000e+00	2.133849e+05
9.829400e-01	2.418136e+05	-1.199144e-01	2.432705e-01	0.000000e+00	-1.105597e+03	2.429192e+05
9.841300e-01	2.319747e+05	-1.202041e-01	2.436060e-01	0.000000e+00	-7.776261e+02	2.327524e+05
9.853200e-01	2.397243e+05	-1.204942e-01	2.439401e-01	0.000000e+00	-1.162274e+03	2.408866e+05
9.865100e-01	2.296439e+05	-1.207846e-01	2.442725e-01	0.000000e+00	-1.391681e+03	2.310356e+05
9.877000e-01	2.269555e+05	-1.210755e-01	2.445958e-01	0.000000e+00	-1.637780e+03	2.285932e+05
9.888900e-01	2.344851e+05	-1.213668e-01	2.449226e-01	0.000000e+00	-1.784590e+03	2.362697e+05
9.900800e-01	2.328645e+05	-1.216584e-01	2.452536e-01	0.000000e+00	-1.050398e+03	2.339149e+05
9.912700e-01	2.459853e+05	-1.219505e-01	2.455927e-01	0.000000e+00	-3.337523e+02	2.463190e+05
9.924600e-01	2.505898e+05	-1.222430e-01	2.459443e-01	0.000000e+00	0.000000e+00	2.505898e+05
9.936500e-01	2.360882e+05	-1.225358e-01	2.462890e-01	0.000000e+00	-6.910602e+02	2.367793e+05
9.948400e-01	2.342360e+05	-1.228291e-01	2.466220e-01	0.000000e+00	-1.265258e+03	2.355013e+05
9.960300e-01	2.376861e+05	-1.231228e-01	2.469562e-01	0.000000e+00	-9.357650e+02	2.386218e+05
9.972200e-01	2.316760e+05	-1.234169e-01	2.472886e-01	0.000000e+00	-1.290993e+03	2.329670e+05
9.984100e-01	2.213448e+05	-1.237113e-01	2.476094e-01	0.000000e+00	-1.860381e+01	2.213634e+05
9.996000e-01	2.216996e+05	-1.240062e-01	2.479232e-01	0.000000e+00	-1.147671e+02	2.218144e+05
1.000790e+00	2.396419e+05	-1.243014e-01	2.482499e-01	0.000000e+00	-1.532369e+03	2.411742e+05
1.001980e+00	2.165655e+05	-1.245970e-01	2.485730e-01	0.000000e+00	-2.319508e+03	2.188851e+05
1.003170e+00	2.133909e+05	-1.248930e-01	2.488774e-01	0.000000e+00	-1.100079e+03	2.144910e+05
1.004360e+00	2.313853e+05	-1.251894e-01	2.491924e-01	0.000000e+00	-2.714875e+03	2.341002e+05
1.005550e+00	2.161645e+05	-1.254861e-01	2.495093e-01	0.000000e+00	-2.192484e+03	2.183570e+05
1.006740e+00	2.417788e+05	-1.257832e-01	2.498336e-01	0.000000e+00	-5.855587e+02	2.423644e+05
1.007930e+00	2.300716e+05	-1.260807e-01	2.501678e-01	0.000000e+00	-1.205065e+03	2.312767e+05
1.009120e+00	2.367499e+05	-1.263786e-01	2.504984e-01	0.000000e+00	-7.659822e+02	2.375158e+05
1.010310e+00	2.171847e+05	-1.266769e-01	2.508198e-01	0.000000e+00	-1.838646e+03	2.190233e+05
1.011500e+00	2.281658e+05	-1.269755e-01	2.511352e-01	0.000000e+00	-1.900889e+03	2.300666e+05
1.012690e+00	2.520129e+05	-1.272746e-01	2.514753e-01	0.000000e+00	-3.697256e+03	2.557102e+05
1.013880e+00	2.065922e+05	-1.275740e-01	2.518000e-01	0.000000e+00	-1.589074e+03	2.081813e+05
1.015070e+00	2.133381e+05	-1.278739e-01	2.520974e-01	0.000000e+00	-2.921863e+02	2.136303e+05
1.016260e+00	2.188909e+05	-1.281740e-01	2.524035e-01	0.000000e+00	-4.301679e+01	2.189340e+05
1.017450e+00	2.311922e+05	-1.284746e-01	2.527222e-01	0.000000e+00	-7.973193e+02	2.319895e+05
1.018640e+00	2.143262e+05	-1.287755e-01	2.530377e-01	0.000000e+00	0.000000e+00	2.143262e+05
1.019830e+00	2.274705e+05	-1.290768e-01	2.533506e-01	0.000000e+00	0.000000e+00	2.274705e+05
1.021020e+00	2.103274e+05	-1.293785e-01	2.536606e-01	0.000000e+00	0.000000e+00	2.103274e+05
1.022210e+00	2.308952e+05	-1.296805e-01	2.539731e-01	0.000000e+00	-3.675043e+02	2.312627e+05
1.023400e+00	2.004920e+05	-1.299829e-01	2.542786e-01	0.000000e+00	-4.728318e+02	2.009648e+05
1.024590e+00	2.180917e+05	-1.302857e-01	2.545750e-01	0.000000e+00	-4.063782e+02	2.184980e+05
1.025780e+00	2.556512e+05	-1.305888e-01	2.549105e-01	0.000000e+00	-1.389087e+03	2.570403e+05
1.026970e+00	2.459424e+05	-1.308924e-01	2.552657e-01	0.000000e+00	-1.694850e+03	2.476373e+05
1.028160e+00	2.321175e+05	-1.311964e-01	2.556043e-01	0.000000e+00	-1.447607e+03	2.335651e+05
1.029350e+00	2.529705e+05	-1.315007e-01	2.559478e-01	0.000000e+00	-4.518947e+02	2.534224e+05
1.030540e+00	2.438230e+05	-1.318055e-01	2.562996e-01	0.000000e+00	-5.643234e+02	2.443874e+05
1.031730e+00	2.437760e+05	-1.321107e-01	2.566449e-01	0.000000e+00	-7.685491e+02	2.445445e+05
1.032920e+00	2.211475e+05	-1.324163e-01	2.569741e-01	0.000000e+00	0.000000e+00	2.211475e+05
1.034110e+00	2.278990e+05	-1.327223e-01	2.572921e-01	0.000000e+00	0.000000e+00	2.278990e+05
1.035300e+00	2.339697e+05	-1.330287e-01	2.576192e-01	0.000000e+00	0.000000e+00	2.339697e+05
1.036490e+00	2.111886e+05	-1.333355e-01	2.579345e-01	0.000000e+00	0.000000e+00	2.111886e+05
1.037680e+00	2.202303e+05	-1.336426e-01	2.582400e-01	0.000000e+00	-5.497299e+02	2.207801e+05
1.038870e+00	2.150440e+05	-1.339501e-01	2.585482e-01	0.000000e+00	-2.690505e+03	2.177345e+05
1.040060e+00	2.179578e+05	-1.342579e-01	2.588549e-01	0.000000e+00	-1.596893e+03	2.195547e+05
1.041250e+00	2.239262e+05	-1.345661e-01	2.591678e-01	0.000000e+00	-2.048888e+02	2.241310e+05
1.042440e+00	2.285623e+05	-1.348747e-01	2.594882e-01	0.000000e+00	-1.093150e+02	2.286716e+05
1.043630e+00	2.177460e+05	-1.351837e-01	2.598043e-01	0.000000e+00	-8.426041e+02	2.185886e+05
1.044820e+00	2.191752e+05	-1.354931e-01	2.601137e-01	0.000000e+00	-7.994816e+02	2.199747e+05
1.046010e+00	2.214416e+05	-1.358028e-01	2.604257e-01	0.000000e+00	-1.965032e+03	2.234066e+05
1.047200e+00	2.103240e+05	-1.361129e-01	2.607315e-01	0.000000e+00	-1.325585e+03	2.116496e+05
1.048390e+00	2.213494e+05	-1.364233e-01	2.610372e-01	0.000000e+00	0.000000e+00	2.213494e+05
1.049580e+00	2.277655e+05	-1.367342e-01	2.613552e-01	0.000000e+00	0.000000e+00	2.277655e+05
1.050770e+00	2.246133e+05	-1.370454e-01	2.616756e-01	0.000000e+00	0.000000e+00	2.246133e+05
1.051960e+00	2.486970e+05	-1.373569e-01	2.620108e-01	0.000000e+00	0.000000e+00	2.486970e+05
1.053150e+00	2.447147e+05	-1.376689e-01	2.623602e-01	0.000000e+00	0.000000e+00	2.447147e+05
1.054340e+00	2.339908e+05	-1.379814e-01	2.626992e-01	0.000000e+00	-1.568544e+02	2.341476e+05
1.055530e+00	2.239089e+05	-1.382942e-01	2.630235e-01	0.000000e+00	-1.224287e+03	2.251332e+05
1.056720e+00	2.225382e+05	-1.386074e-01	2.633396e-01	0.000000e+00	-1.139867e+03	2.236780e+05
1.057910e+00	2.280279e+05	-1.389209e-01	2.636587e-01	0.000000e+00	0.000000e+00	2.280279e+05
1.059100e+00	2.215923e+05	-1.392349e-01	2.639771e-01	0.000000e+00	0.000000e+00	2.215923e+05
1.060290e+00	2.265053e+05	-1.395492e-01	2.642944e-01	0.000000e+00	0.000000e+00	2.265053e+05
1.061480e+00	2.243795e+05	-1.398639e-01	2.646137e-01	0.000000e+00	-3.954331e+02	2.247749e+05
1.062670e+00	2.260930e+05	-1.401790e-01	2.649327e-01	0.000000e+00	-2.568429e+03	2.286614e+05
1.063860e+00	2.175601e+05	-1.404944e-01	2.652469e-01	0.000000e+00	-1.518822e+03	2.190789e+05
1.065050e+00	2.170459e+05	-1.408103e-01	2.655547e-01	0.000000e+00	-1.556817e+03	2.186027e+05
1.066240e+00	2.315702e+05	-1.411264e-01	2.658724e-01	0.000000e+00	-1.458461e+03	2.330286e+05
1.067430e+00	2.108021e+05	-1.414430e-01	2.661856e-01	0.000000e+00	-9.053986e+02	2.117075e+05
1.068620e+00	2.322176e+05	-1.417600e-01	2.664994e-01	0.000000e+00	-8.863760e+02	2.331040e+05
1.069810e+00	2.275922e+05	-1.420773e-01	2.668250e-01	0.000000e+00	-1.011527e+03	2.286037e+05
1.071000e+00	2.314516e+05	-1.423950e-01	2.671501e-01	0.000000e+00	-1.461845e+03	2.329135e+05
1.072190e+00	2.395409e+05	-1.427131e-01	2.674836e-01	0.000000e+00	-4.676704e+02	2.400086e+05
1.073380e+00	2.216521e+05	-1.430316e-01	2.678102e-01	0.000000e+00	-1.303105e+03	2.229552e+05
1.074570e+00	2.182502e+05	-1.433505e-01	2.681217e-01	0.000000e+00	-2.271692e+03	2.205219e+05
1.075760e+00	2.161157e+05	-1.436698e-01	2.684293e-01	0.000000e+00	-1.980006e+02	2.163137e+05
1.076950e+00	2.167971e+05	-1.439894e-01	2.687359e-01	0.000000e+00	-8.031456e+02	2.176003e+05
1.078140e+00	2.107555e+05	-1.443093e-01	2.690387e-01	0.000000e+00	0.000000e+00	2.107555e+05
1.079330e+00	2.146340e+05	-1.446297e-01	2.693399e-01	0.000000e+00	0.000000e+00	2.146340e+05
1.080520e+00	2.224649e+05	-1.449504e-01	2.696495e-01	0.000000e+00	-1.023745e+03	2.234887e+05
1.081710e+00	2.356961e+05	-1.452714e-01	2.699739e-01	0.000000e+00	-9.606318e+02	2.366567e+05
1.082900e+00	2.267887e+05	-1.455929e-01	2.703014e-01	0.000000e+00	-2.718188e+03	2.295069e+05
1.084090e+00	2.213722e+05	-1.459148e-01	2.706188e-01	0.000000e+00	-4.825266e+02	2.218547e+05
1.085280e+00	2.216200e+05	-1.462370e-01	2.709325e-01	0.000000e+00	-6.972619e+02	2.223173e+05
1.086470e+00	2.261552e+05	-1.465596e-01	2.712496e-01	0.000000e+00	-2.803536e+01	2.261832e+05
1.087660e+00	2.199332e+05	-1.468826e-01	2.715655e-01	0.000000e+00	-1.097685e+03	2.210309e+05
1.088850e+00	2.148451e+05	-1.472059e-01	2.718734e-01	0.000000e+00	-2.504345e+03	2.173495e+05
1.090040e+00	2.360585e+05	-1.475296e-01	2.721927e-01	0.000000e+00	-1.404823e+03	2.374633e+05
1.091230e+00	2.376969e+05	-1.478537e-01	2.725282e-01	0.000000e+00	-7.127664e+00	2.377040e+05
1.092420e+00	2.273267e+05	-1.481782e-01	2.728576e-01	0.000000e+00	-5.208450e+02	2.278476e+05
1.093610e+00	2.121294e+05	-1.485031e-01	2.731688e-01	0.000000e+00	-1.151466e+03	2.132809e+05
1.094800e+00	2.325033e+05	-1.488284e-01	2.734836e-01	0.000000e+00	-8.126191e+02	2.333159e+05
1.095990e+00	2.399994e+05	-1.491540e-01	2.738182e-01	0.000000e+00	-8.764147e+02	2.408758e+05
1.097180e+00	2.321578e+05	-1.494801e-01	2.741526e-01	0.000000e+00	-6.722337e+02	2.328300e+05
1.098370e+00	2.272805e+05	-1.498065e-01	2.744780e-01	0.000000e+00	-9.693474e+02	2.282498e+05
1.099560e+00	2.046556e+05	-1.501333e-01	2.747838e-01	0.000000e+00	-5.947899e+02	2.052504e+05
1.100750e+00	2.210874e+05	-1.504605e-01	2.750853e-01	0.000000e+00	-2.846374e+02	2.213720e+05
1.101940e+00	2.364630e+05	-1.507880e-01	2.754094e-01	0.000000e+00	0.000000e+00	2.364630e+05
1.103130e+00	2.515570e+05	-1.511160e-01	2.757550e-01	0.000000e+00	0.000000e+00	2.515570e+05
1.104320e+00	2.375357e+05	-1.514443e-01	2.761013e-01	0.000000e+00	0.000000e+00	2.375357e+05
1.105510e+00	2.290159e+05	-1.517731e-01	2.764317e-01	0.000000e+00	0.000000e+00	2.290159e+05
1.106700e+00	2.386965e+05	-1.521022e-01	2.767629e-01	0.000000e+00	0.000000e+00	2.386965e+05
1.107890e+00	2.316819e+05	-1.524318e-01	2.770960e-01	0.000000e+00	-9.999818e+02	2.326819e+05
1.109080e+00	2.538058e+05	-1.527617e-01	2.774398e-01	0.000000e+00	-1.306525e+03	2.551123e+05
1.110270e+00	2.425475e+05	-1.530921e-01	2.777913e-01	0.000000e+00	-9.523259e+02	2.434998e+05
1.111460e+00	2.259353e+05	-1.534229e-01	2.781231e-01	0.000000e+00	-1.025121e+02	2.260378e+05
1.112650e+00	2.240462e+05	-1.537540e-01	2.784418e-01	0.000000e+00	0.000000e+00	2.240462e+05
1.113840e+00	2.288120e+05	-1.540856e-01	2.787625e-01	0.000000e+00	0.000000e+00	2.288120e+05
1.115030e+00	2.176529e+05	-1.544175e-01	2.790786e-01	0.000000e+00	0.000000e+00	2.176529e+05
1.116220e+00	2.343420e+05	-1.547498e-01	2.793987e-01	0.000000e+00	0.000000e+00	2.343420e+05
1.117410e+00	2.228629e+05	-1.550824e-01	2.797225e-01	0.000000e+00	-1.106805e+03	2.239697e+05
1.118600e+00	2.165358e+05	-1.554155e-01	2.800337e-01	0.000000e+00	-1.443081e+03	2.179788e+05
1.119790e+00	2.028176e+05	-1.557489e-01	2.803306e-01	0.000000e+00	-8.114589e+02	2.036291e+05
1.120980e+00	2.170626e+05	-1.560827e-01	2.806280e-01	0.000000e+00	0.000000e+00	2.170626e+05
1.122170e+00	2.200305e+05	-1.564168e-01	2.809375e-01	0.000000e+00	0.000000e+00	2.200305e+05
1.123360e+00	2.330061e+05	-1.567513e-01	2.812583e-01	0.000000e+00	-7.626096e+02	2.337687e+05
1.124550e+00	2.121302e+05	-1.570862e-01	2.815736e-01	0.000000e+00	-4.319129e+02	2.125621e+05
1.125740e+00	2.386267e+05	-1.574215e-01	2.818928e-01	0.000000e+00	-4.861497e+02	2.391128e+05
1.126930e+00	2.275270e+05	-1.577571e-01	2.822229e-01	0.000000e+00	-8.953369e+02	2.284223e+05
1.128120e+00	2.187334e+05	-1.580932e-01	2.825389e-01	0.000000e+00	-1.427085e+03	2.201605e+05
1.129310e+00	2.333694e+05	-1.584296e-01	2.828591e-01	0.000000e+00	-1.985868e+02	2.335680e+05
1.130500e+00	2.299197e+05	-1.587664e-01	2.831872e-01	0.000000e+00	0.000000e+00	2.299197e+05
1.131690e+00	2.241228e+05	-1.591035e-01	2.835087e-01	0.000000e+00	0.000000e+00	2.241228e+05
1.132880e+00	2.333232e+05	-1.594411e-01	2.838327e-01	0.000000e+00	-8.346625e+02	2.341579e+05
1.134070e+00	2.401852e+05	-1.597791e-01	2.841680e-01	0.000000e+00	-6.106815e+02	2.407959e+05
1.135260e+00	2.194165e+05	-1.601174e-01	2.844935e-01	0.000000e+00	-4.058857e+02	2.198224e+05
1.136450e+00	2.282724e+05	-1.604562e-01	2.848105e-01	0.000000e+00	-6.697786e+02	2.289422e+05
1.137640e+00	2.289839e+05	-1.607953e-01	2.851343e-01	0.000000e+00	-1.023413e+02	2.290863e+05
1.138830e+00	2.323448e+05	-1.611348e-01	2.854610e-01	0.000000e+00	-8.491445e+02	2.331939e+05
1.140020e+00	2.299187e+05	-1.614747e-01	2.857884e-01	0.000000e+00	-1.251075e+03	2.311697e+05
1.141210e+00	2.285314e+05	-1.618150e-01	2.861130e-01	0.000000e+00	-3.184472e+02	2.288498e+05
1.142400e+00	2.279554e+05	-1.621556e-01	2.864363e-01	0.000000e+00	-4.998049e+02	2.284552e+05
1.143590e+00	2.259893e+05	-1.624967e-01	2.867577e-01	0.000000e+00	-3.405312e+02	2.263299e+05
1.144780e+00	2.281934e+05	-1.628381e-01	2.870794e-01	0.000000e+00	0.000000e+00	2.281934e+05
1.145970e+00	2.217989e+05	-1.631799e-01	2.873981e-01	0.000000e+00	0.000000e+00	2.217989e+05
1.147160e+00	2.436021e+05	-1.635221e-01	2.877276e-01	0.000000e+00	-2.000055e+02	2.438021e+05
1.148350e+00	2.402158e+05	-1.638647e-01	2.880703e-01	0.000000e+00	-6.403307e+02	2.408561e+05
1.149540e+00	2.422177e+05	-1.642077e-01	2.884119e-01	0.000000e+00	0.000000e+00	2.422177e+05
1.150730e+00	2.320041e+05	-1.645511e-01	2.887477e-01	0.000000e+00	0.000000e+00	2.320041e+05
1.151920e+00	2.438806e+05	-1.648949e-01	2.890847e-01	0.000000e+00	-3.825173e+02	2.442631e+05
1.153110e+00	2.320914e+05	-1.652392e-01	2.894218e-01	0.000000e+00	-4.578188e+02	2.325492e+05
1.154300e+00	2.247659e+05	-1.655838e-01	2.897453e-01	0.000000e+00	0.000000e+00	2.247659e+05
1.155490e+00	2.131160e+05	-1.659287e-01	2.900554e-01	0.000000e+00	-2.658224e+02	2.133818e+05
1.156680e+00	2.306565e+05	-1.662741e-01	2.903697e-01	0.000000e+00	-1.132818e+03	2.317893e+05
1.157870e+00	2.276949e+05	-1.666198e-01	2.906943e-01	0.000000e+00	-2.820314e+02	2.279770e+05
1.159060e+00	2.399167e+05	-1.669659e-01	2.910254e-01	0.000000e+00	-1.166387e+03	2.410831e+05
1.160250e+00	2.245841e+05	-1.673125e-01	2.913544e-01	0.000000e+00	-5.142854e+02	2.250984e+05
1.161440e+00	2.038031e+05	-1.676594e-01	2.916577e-01	0.000000e+00	-7.788011e+02	2.045819e+05
1.162630e+00	2.299594e+05	-1.680066e-01	2.919649e-01	0.000000e+00	-2.582543e+03	2.325420e+05
1.163820e+00	2.128229e+05	-1.683542e-01	2.922785e-01	0.000000e+00	0.000000e+00	2.128229e+05
1.165010e+00	2.407744e+05	-1.687022e-01	2.925997e-01	0.000000e+00	0.000000e+00	2.407744e+05
1.166200e+00	2.408013e+05	-1.690506e-01	2.929407e-01	0.000000e+00	0.000000e+00	2.408013e+05
1.167390e+00	2.221903e+05	-1.693994e-01	2.932686e-01	0.000000e+00	-4.214675e+02	2.226117e+05
1.168580e+00	2.090621e+05	-1.697486e-01	2.935740e-01	0.000000e+00	-4.188687e+02	2.094810e+05
1.169770e+00	2.473645e+05	-1.700981e-01	2.938972e-01	0.000000e+00	-5.067737e+01	2.474152e+05
1.170960e+00	2.429147e+05	-1.704481e-01	2.942444e-01	0.000000e+00	-7.896588e+02	2.437044e+05
1.172150e+00	2.288365e+05	-1.707984e-01	2.945785e-01	0.000000e+00	0.000000e+00	2.288365e+05
1.173340e+00	2.307290e+05	-1.711492e-01	2.949039e-01	0.000000e+00	-5.690400e+02	2.312981e+05
1.174530e+00	2.257040e+05	-1.715003e-01	2.952272e-01	0.000000e+00	-1.070246e+03	2.267743e+05
1.175720e+00	2.236287e+05	-1.718518e-01	2.955454e-01	0.000000e+00	-4.138630e+01	2.236700e+05
1.176910e+00	2.294427e+05	-1.722037e-01	2.958662e-01	0.000000e+00	0.000000e+00	2.294427e+05
1.178100e+00	2.295837e+05	-1.725560e-01	2.961913e-01	0.000000e+00	0.000000e+00	2.295837e+05
1.179290e+00	2.355079e+05	-1.729086e-01	2.965207e-01	0.000000e+00	-1.255552e+03	2.367634e+05
1.180480e+00	2.198372e+05	-1.732617e-01	2.968431e-01	0.000000e+00	-1.265457e+03	2.211027e+05
1.181670e+00	2.346957e+05	-1.736151e-01	2.971650e-01	0.000000e+00	0.000000e+00	2.346957e+05
1.182860e+00	2.388468e+05	-1.739690e-01	2.975003e-01	0.000000e+00	0.000000e+00	2.388468e+05
1.184050e+00	2.483231e+05	-1.743232e-01	2.978453e-01	0.000000e+00	0.000000e+00	2.483231e+05
1.185240e+00	2.014992e+05	-1.746778e-01	2.981639e-01	0.000000e+00	0.000000e+00	2.014992e+05
1.186430e+00	2.113984e+05	-1.750328e-01	2.984563e-01	0.000000e+00	0.000000e+00	2.113984e+05
1.187620e+00	2.291361e+05	-1.753882e-01	2.987683e-01	0.000000e+00	-6.571540e+02	2.297933e+05
1.188810e+00	2.299089e+05	-1.757439e-01	2.990933e-01	0.000000e+00	-1.831821e+02	2.300921e+05
1.190000e+00	1.060431e+05	-1.761000e-01	2.993312e-01	0.000000e+00	0.000000e+00	1.060431e+05
