#x	rho	phi	ex	bz	rhok[0]	rhok[1]
0.000000e+00	-4.123223e+03	0.000000e+00	7.050360e-02	0.000000e+00	-4.386986e+03	2.637635e+02
1.190000e-03	-3.988394e+03	-8.389581e-05	7.049785e-02	0.000000e+00	-5.732281e+03	1.743887e+03
2.380000e-03	-3.112235e+03	-1.677849e-04	7.049282e-02	0.000000e+00	-6.612458e+03	3.500222e+03
3.570000e-03	3.505751e+03	-2.516687e-04	7.049310e-02	0.000000e+00	-5.378300e+03	8.884050e+03
4.760000e-03	7.013991e+03	-3.355585e-04	7.050055e-02	0.000000e+00	-1.880606e+03	8.894597e+03
5.950000e-03	1.094607e+04	-4.194600e-04	7.051327e-02	0.000000e+00	-1.913086e+03	1.285916e+04
7.140000e-03	2.693370e+03	-5.033801e-04	7.052293e-02	0.000000e+00	-7.789856e+03	1.048323e+04
8.330000e-03	1.170921e+04	-5.873046e-04	7.053313e-02	0.000000e+00	-6.979883e+03	1.868909e+04
9.520000e-03	1.800385e+04	-6.712489e-04	7.055417e-02	0.000000e+00	-2.909620e+03	2.091347e+04
1.071000e-02	1.141682e+04	-7.552235e-04	7.057501e-02	0.000000e+00	-3.285762e+03	1.470258e+04
1.190000e-02	1.346914e+04	-8.392174e-04	7.059263e-02	0.000000e+00	-5.366448e+03	1.883559e+04
1.309000e-02	1.828358e+04	-9.232340e-04	7.061512e-02	0.000000e+00	-6.741593e+03	2.502517e+04
1.428000e-02	2.022016e+04	-1.007281e-03	7.064238e-02	0.000000e+00	-6.662621e+03	2.688278e+04
1.547000e-02	1.989574e+04	-1.091363e-03	7.067079e-02	0.000000e+00	-3.557623e+03	2.345337e+04
1.666000e-02	2.339041e+04	-1.175478e-03	7.070144e-02	0.000000e+00	-1.734314e+03	2.512473e+04
1.785000e-02	2.797840e+04	-1.259632e-03	7.073782e-02	0.000000e+00	-2.394981e+03	3.037338e+04
1.904000e-02	3.067551e+04	-1.343834e-03	7.077936e-02	0.000000e+00	-2.275276e+03	3.295078e+04
2.023000e-02	3.764226e+04	-1.428087e-03	7.082774e-02	0.000000e+00	-2.998816e+03	4.064107e+04
2.142000e-02	2.771645e+04	-1.512404e-03	7.087402e-02	0.000000e+00	-4.221798e+03	3.193825e+04
2.261000e-02	2.808912e+04	-1.596767e-03	7.091354e-02	0.000000e+00	-5.491061e+03	3.358018e+04
2.380000e-02	2.507277e+04	-1.681178e-03	7.095119e-02	0.000000e+00	-3.386706e+03	2.845947e+04
2.499000e-02	2.496590e+04	-1.765631e-03	7.098663e-02	0.000000e+00	-4.627210e+03	2.959311e+04
2.618000e-02	2.635684e+04	-1.850126e-03	7.102297e-02	0.000000e+00	-6.062180e+03	3.241902e+04
2.737000e-02	3.600852e+04	-1.934666e-03	7.106714e-02	0.000000e+00	-5.785571e+03	4.179409e+04
2.856000e-02	3.910314e+04	-2.019266e-03	7.112033e-02	0.000000e+00	-6.175629e+03	4.527877e+04
2.975000e-02	4.021896e+04	-2.103932e-03	7.117650e-02	0.000000e+00	-3.204775e+03	4.342373e+04
3.094000e-02	3.566122e+04	-2.188666e-03	7.123024e-02	0.000000e+00	-3.612084e+03	3.927330e+04
3.213000e-02	4.130753e+04	-2.273460e-03	7.128474e-02	0.000000e+00	-6.036874e+03	4.734441e+04
3.332000e-02	4.109122e+04	-2.358324e-03	7.134309e-02	0.000000e+00	-6.781746e+03	4.787296e+04
3.451000e-02	3.037470e+04	-2.443257e-03	7.139370e-02	0.000000e+00	-6.971363e+03	3.734606e+04
3.570000e-02	3.301184e+04	-2.528241e-03	7.143859e-02	0.000000e+00	-6.546054e+03	3.955790e+04
3.689000e-02	3.327537e+04	-2.613281e-03	7.148553e-02	0.000000e+00	-6.696173e+03	3.997154e+04
3.808000e-02	4.806876e+04	-2.698376e-03	7.154314e-02	0.000000e+00	-4.627053e+03	5.269581e+04
3.927000e-02	4.722314e+04	-2.783553e-03	7.161062e-02	0.000000e+00	-8.129660e+03	5.535280e+04
4.046000e-02	3.645140e+04	-2.868810e-03	7.166988e-02	0.000000e+00	-7.158631e+03	4.361003e+04
4.165000e-02	3.589221e+04	-2.954128e-03	7.172111e-02	0.000000e+00	-4.707253e+03	4.059946e+04
4.284000e-02	3.996540e+04	-3.039506e-03	7.177483e-02	0.000000e+00	-4.828665e+03	4.479407e+04
4.403000e-02	4.224688e+04	-3.124952e-03	7.183305e-02	0.000000e+00	-6.884302e+03	4.913118e+04
4.522000e-02	4.821478e+04	-3.210469e-03	7.189711e-02	0.000000e+00	-3.256740e+03	5.147152e+04
4.641000e-02	4.175082e+04	-3.296067e-03	7.196082e-02	0.000000e+00	-5.134839e+03	4.688566e+04
4.760000e-02	4.722117e+04	-3.381735e-03	7.202383e-02	0.000000e+00	-4.640532e+03	5.186170e+04
4.879000e-02	5.371344e+04	-3.467484e-03	7.209531e-02	0.000000e+00	-4.365502e+03	5.807894e+04
4.998000e-02	6.010518e+04	-3.553322e-03	7.217591e-02	0.000000e+00	-5.159374e+03	6.526455e+04
5.117000e-02	5.194182e+04	-3.639262e-03	7.225526e-02	0.000000e+00	-4.062113e+03	5.600394e+04
5.236000e-02	4.803293e+04	-3.725290e-03	7.232605e-02	0.000000e+00	-4.020292e+03	5.205323e+04
5.355000e-02	5.183112e+04	-3.811398e-03	7.239677e-02	0.000000e+00	-4.389869e+03	5.622099e+04
5.474000e-02	5.167029e+04	-3.897594e-03	7.247007e-02	0.000000e+00	-3.521112e+03	5.519140e+04
5.593000e-02	5.761966e+04	-3.983877e-03	7.254747e-02	0.000000e+00	-2.427623e+03	6.004729e+04
5.712000e-02	3.891790e+04	-4.070257e-03	7.261583e-02	0.000000e+00	-2.151682e+03	4.106959e+04
5.831000e-02	5.618908e+04	-4.156703e-03	7.268318e-02	0.000000e+00	-3.494509e+03	5.968359e+04
5.950000e-02	5.395764e+04	-4.243243e-03	7.276118e-02	0.000000e+00	-6.884778e+03	6.084242e+04
6.069000e-02	5.355530e+04	-4.329874e-03	7.283732e-02	0.000000e+00	-6.006212e+03	5.956151e+04
6.188000e-02	5.936699e+04	-4.416596e-03	7.291729e-02	0.000000e+00	-4.485489e+03	6.385248e+04
6.307000e-02	5.299354e+04	-4.503417e-03	7.299686e-02	0.000000e+00	-1.786915e+03	5.478046e+04
6.426000e-02	6.470328e+04	-4.590328e-03	7.308021e-02	0.000000e+00	-2.674586e+03	6.737786e+04
6.545000e-02	5.595294e+04	-4.677348e-03	7.316565e-02	0.000000e+00	-3.955181e+03	5.990813e+04
6.664000e-02	4.899613e+04	-4.764463e-03	7.323997e-02	0.000000e+00	-4.501117e+03	5.349725e+04
6.783000e-02	5.857058e+04	-4.851659e-03	7.331615e-02	0.000000e+00	-4.612075e+03	6.318266e+04
6.902000e-02	5.955892e+04	-4.938955e-03	7.339980e-02	0.000000e+00	-4.018847e+03	6.357777e+04
7.021000e-02	5.426804e+04	-5.026351e-03	7.348041e-02	0.000000e+00	-6.889325e+03	6.115737e+04
7.140000e-02	6.867779e+04	-5.113838e-03	7.356748e-02	0.000000e+00	-4.640908e+03	7.331870e+04
7.259000e-02	5.321158e+04	-5.201442e-03	7.365379e-02	0.000000e+00	-6.819773e+03	6.003135e+04
7.378000e-02	5.122599e+04	-5.289134e-03	7.372775e-02	0.000000e+00	-7.190518e+03	5.841651e+04
7.497000e-02	6.183140e+04	-5.376914e-03	7.380782e-02	0.000000e+00	-7.940714e+03	6.977211e+04
7.616000e-02	6.358762e+04	-5.464797e-03	7.389663e-02	0.000000e+00	-3.964923e+03	6.755255e+04
7.735000e-02	5.859348e+04	-5.552788e-03	7.398316e-02	0.000000e+00	-4.328625e+03	6.292211e+04
7.854000e-02	6.145753e+04	-5.640877e-03	7.406817e-02	0.000000e+00	-3.623154e+03	6.508068e+04
7.973000e-02	5.771478e+04	-5.729070e-03	7.415257e-02	0.000000e+00	-2.436939e+03	6.015172e+04
8.092000e-02	6.544719e+04	-5.817360e-03	7.423979e-02	0.000000e+00	-2.871461e+03	6.831865e+04
8.211000e-02	7.247244e+04	-5.905761e-03	7.433746e-02	0.000000e+00	-5.713807e+03	7.818625e+04
8.330000e-02	7.554698e+04	-5.994283e-03	7.444228e-02	0.000000e+00	-4.842757e+03	8.038974e+04
8.449000e-02	7.051907e+04	-6.082933e-03	7.454572e-02	0.000000e+00	-5.184318e+03	7.570339e+04
8.568000e-02	7.417025e+04	-6.171702e-03	7.464818e-02	0.000000e+00	-2.287065e+03	7.645732e+04
8.687000e-02	7.506751e+04	-6.260596e-03	7.475387e-02	0.000000e+00	-4.982617e+03	8.005013e+04
8.806000e-02	7.045129e+04	-6.349616e-03	7.485692e-02	0.000000e+00	-3.999816e+03	7.445110e+04
8.925000e-02	8.454901e+04	-6.438755e-03	7.496668e-02	0.000000e+00	-2.864173e+03	8.741318e+04
9.044000e-02	8.578013e+04	-6.528037e-03	7.508730e-02	0.000000e+00	-2.659117e+03	8.843924e+04
9.163000e-02	7.613091e+04	-6.617463e-03	7.520196e-02	0.000000e+00	-4.339470e+03	8.047038e+04
9.282000e-02	5.976907e+04	-6.707018e-03	7.529820e-02	0.000000e+00	-4.389225e+03	6.415830e+04
9.401000e-02	7.032069e+04	-6.796673e-03	7.539033e-02	0.000000e+00	-4.511901e+03	7.483259e+04
9.520000e-02	7.749527e+04	-6.886447e-03	7.549501e-02	0.000000e+00	-2.540470e+03	8.003574e+04
9.639000e-02	8.088309e+04	-6.976351e-03	7.560716e-02	0.000000e+00	-2.424162e+03	8.330725e+04
9.758000e-02	7.425174e+04	-7.066392e-03	7.571703e-02	0.000000e+00	-5.199299e+03	7.945104e+04
9.877000e-02	8.859447e+04	-7.156557e-03	7.583235e-02	0.000000e+00	-3.767566e+03	9.236203e+04
9.996000e-02	7.829035e+04	-7.246873e-03	7.595053e-02	0.000000e+00	-4.161606e+03	8.245196e+04
1.011500e-01	7.034470e+04	-7.337320e-03	7.605579e-02	0.000000e+00	-4.038879e+03	7.438357e+04
1.023400e-01	8.097287e+04	-7.427885e-03	7.616295e-02	0.000000e+00	-5.178653e+03	8.615152e+04
1.035300e-01	7.851822e+04	-7.518588e-03	7.627589e-02	0.000000e+00	-2.858645e+03	8.137687e+04
1.047200e-01	8.073572e+04	-7.609422e-03	7.638867e-02	0.000000e+00	-9.299514e+03	9.003523e+04
1.059100e-01	6.686171e+04	-7.700393e-03	7.649319e-02	0.000000e+00	-3.871385e+03	7.073310e+04
1.071000e-01	7.891886e+04	-7.791476e-03	7.659643e-02	0.000000e+00	-8.630489e+03	8.754934e+04
1.082900e-01	8.625569e+04	-7.882692e-03	7.671340e-02	0.000000e+00	-3.483950e+03	8.973964e+04
1.094800e-01	9.167464e+04	-7.974054e-03	7.683940e-02	0.000000e+00	-3.805513e+03	9.548015e+04
1.106700e-01	8.364775e+04	-8.065570e-03	7.696356e-02	0.000000e+00	-5.111603e+03	8.875936e+04
1.118600e-01	7.273992e+04	-8.157227e-03	7.707431e-02	0.000000e+00	-4.033545e+03	7.677346e+04
1.130500e-01	7.058374e+04	-8.249007e-03	7.717581e-02	0.000000e+00	-4.098489e+03	7.468223e+04
1.142400e-01	8.270227e+04	-8.340905e-03	7.728436e-02	0.000000e+00	-5.485160e+03	8.818743e+04
1.154300e-01	9.370922e+04	-8.432943e-03	7.740929e-02	0.000000e+00	-6.089910e+03	9.979913e+04
1.166200e-01	9.648197e+04	-8.525140e-03	7.754397e-02	0.000000e+00	-3.875688e+03	1.003577e+05
1.178100e-01	8.111273e+04	-8.617498e-03	7.766974e-02	0.000000e+00	-5.020915e+03	8.613365e+04
1.190000e-01	9.346111e+04	-8.709993e-03	7.779337e-02	0.000000e+00	-3.849417e+03	9.731052e+04
1.201900e-01	8.518832e+04	-8.802646e-03	7.791988e-02	0.000000e+00	-5.112473e+03	9.030080e+04
1.213800e-01	7.734903e+04	-8.895443e-03	7.803498e-02	0.000000e+00	-6.736063e+03	8.408509e+04
1.225700e-01	8.086724e+04	-8.988370e-03	7.814703e-02	0.000000e+00	-3.001707e+03	8.386895e+04
1.237600e-01	8.922519e+04	-9.081433e-03	7.826748e-02	0.000000e+00	-3.855951e+03	9.308114e+04
1.249500e-01	8.056677e+04	-9.174646e-03	7.838772e-02	0.000000e+00	-2.375643e+03	8.294241e+04
1.261400e-01	8.079201e+04	-9.267995e-03	7.850199e-02	0.000000e+00	-1.308693e+03	8.210071e+04
1.273300e-01	8.177841e+04	-9.361481e-03	7.861712e-02	0.000000e+00	-4.230601e+03	8.600902e+04
1.285200e-01	8.811045e+04	-9.455104e-03	7.873742e-02	0.000000e+00	-3.748188e+03	9.185864e+04
1.297100e-01	7.929016e+04	-9.548876e-03	7.885597e-02	0.000000e+00	-2.334629e+03	8.162478e+04
1.309000e-01	8.432288e+04	-9.642781e-03	7.897184e-02	0.000000e+00	-4.779299e+03	8.910218e+04
1.320900e-01	8.267811e+04	-9.736829e-03	7.909010e-02	0.000000e+00	-5.246986e+03	8.792510e+04
1.332800e-01	9.290078e+04	-9.831016e-03	7.921444e-02	0.000000e+00	-3.329642e+03	9.623042e+04
1.344700e-01	9.463340e+04	-9.925359e-03	7.934725e-02	0.000000e+00	-5.627995e+03	1.002614e+05
1.356600e-01	8.534176e+04	-1.001986e-02	7.947470e-02	0.000000e+00	-3.901346e+03	8.924310e+04
1.368500e-01	8.105208e+04	-1.011451e-02	7.959253e-02	0.000000e+00	-5.324181e+03	8.637626e+04
1.380400e-01	8.467720e+04	-1.020929e-02	7.970990e-02	0.000000e+00	-3.452877e+03	8.813008e+04
1.392300e-01	1.007083e+05	-1.030422e-02	7.984118e-02	0.000000e+00	-4.797431e+03	1.055058e+05
1.404200e-01	1.032278e+05	-1.039931e-02	7.998560e-02	0.000000e+00	-2.887184e+03	1.061149e+05
1.416100e-01	7.528897e+04	-1.049458e-02	8.011202e-02	0.000000e+00	-8.223805e+03	8.351278e+04
1.428000e-01	7.666695e+04	-1.058998e-02	8.021963e-02	0.000000e+00	-5.058179e+03	8.172513e+04
1.439900e-01	8.051286e+04	-1.068551e-02	8.033094e-02	0.000000e+00	-5.459698e+03	8.597256e+04
1.451800e-01	8.314717e+04	-1.078117e-02	8.044684e-02	0.000000e+00	-4.207940e+03	8.735511e+04
1.463700e-01	8.946916e+04	-1.087697e-02	8.056908e-02	0.000000e+00	-2.942572e+03	9.241173e+04
1.475600e-01	9.313238e+04	-1.097292e-02	8.069839e-02	0.000000e+00	-3.796060e+03	9.692844e+04
1.487500e-01	9.880458e+04	-1.106903e-02	8.083431e-02	0.000000e+00	-6.559280e+03	1.053639e+05
1.499400e-01	9.529304e+04	-1.116531e-02	8.097176e-02	0.000000e+00	-5.613378e+03	1.009064e+05
1.511300e-01	9.219169e+04	-1.126175e-02	8.110453e-02	0.000000e+00	-6.303034e+03	9.849472e+04
1.523200e-01	9.854350e+04	-1.135834e-02	8.123961e-02	0.000000e+00	-4.288129e+03	1.028316e+05
1.535100e-01	8.657707e+04	-1.145510e-02	8.137070e-02	0.000000e+00	-1.404602e+03	8.798167e+04
1.547000e-01	9.231623e+04	-1.155200e-02	8.149739e-02	0.000000e+00	-2.425855e+03	9.474208e+04
1.558900e-01	9.621018e+04	-1.164906e-02	8.163090e-02	0.000000e+00	-6.052567e+03	1.022627e+05
1.570800e-01	8.866062e+04	-1.174628e-02	8.176181e-02	0.000000e+00	-2.839697e+03	9.150032e+04
1.582700e-01	8.912075e+04	-1.184365e-02	8.188771e-02	0.000000e+00	-5.376913e+03	9.449767e+04
1.594600e-01	8.285521e+04	-1.194117e-02	8.200950e-02	0.000000e+00	-5.246091e+03	8.810131e+04
1.606500e-01	9.333174e+04	-1.203884e-02	8.213427e-02	0.000000e+00	-4.661673e+03	9.799341e+04
1.618400e-01	9.290883e+04	-1.213665e-02	8.226616e-02	0.000000e+00	-4.422336e+03	9.733116e+04
1.630300e-01	8.238636e+04	-1.223463e-02	8.239030e-02	0.000000e+00	-3.794974e+03	8.618134e+04
1.642200e-01	9.664614e+04	-1.233274e-02	8.251708e-02	0.000000e+00	-2.483413e+03	9.912956e+04
1.654100e-01	1.001889e+05	-1.243102e-02	8.265647e-02	0.000000e+00	-5.903854e+03	1.060928e+05
1.666000e-01	9.573428e+04	-1.252947e-02	8.279522e-02	0.000000e+00	-6.719510e+03	1.024538e+05
1.677900e-01	8.691606e+04	-1.262807e-02	8.292457e-02	0.000000e+00	-3.987081e+03	9.090314e+04
1.689800e-01	1.042759e+05	-1.272683e-02	8.305996e-02	0.000000e+00	-2.695682e+03	1.069716e+05
1.701700e-01	1.121067e+05	-1.282575e-02	8.321320e-02	0.000000e+00	-1.861332e+03	1.139680e+05
1.713600e-01	9.367259e+04	-1.292487e-02	8.335892e-02	0.000000e+00	-3.678751e+03	9.735134e+04
1.725500e-01	1.101537e+05	-1.302415e-02	8.350326e-02	0.000000e+00	-6.585890e+03	1.167396e+05
1.737400e-01	1.076020e+05	-1.312361e-02	8.365747e-02	0.000000e+00	-3.445552e+03	1.110475e+05
1.749300e-01	9.660226e+04	-1.322325e-02	8.380208e-02	0.000000e+00	-3.734423e+03	1.003367e+05
1.761200e-01	1.120414e+05	-1.332306e-02	8.394983e-02	0.000000e+00	-4.247696e+03	1.162891e+05
1.773100e-01	1.073140e+05	-1.342305e-02	8.410517e-02	0.000000e+00	-4.809701e+03	1.121237e+05
1.785000e-01	1.117287e+05	-1.352323e-02	8.426029e-02	0.000000e+00	-2.899652e+03	1.146284e+05
1.796900e-01	1.051773e+05	-1.362359e-02	8.441390e-02	0.000000e+00	-3.181921e+03	1.083593e+05
1.808800e-01	1.053720e+05	-1.372414e-02	8.456300e-02	0.000000e+00	-4.050324e+03	1.094224e+05
1.820700e-01	9.455337e+04	-1.382485e-02	8.470458e-02	0.000000e+00	-1.194040e+03	9.574741e+04
1.832600e-01	1.077222e+05	-1.392573e-02	8.484783e-02	0.000000e+00	-3.154340e+03	1.108766e+05
1.844500e-01	1.025806e+05	-1.402679e-02	8.499676e-02	0.000000e+00	-4.693651e+03	1.072743e+05
1.856400e-01	1.081207e+05	-1.412802e-02	8.514597e-02	0.000000e+00	-5.428884e+03	1.135495e+05
1.868300e-01	1.110907e+05	-1.422944e-02	8.530120e-02	0.000000e+00	-5.062033e+03	1.161527e+05
1.880200e-01	1.155442e+05	-1.433104e-02	8.546170e-02	0.000000e+00	-3.384184e+03	1.189284e+05
1.892100e-01	1.094756e+05	-1.443284e-02	8.562105e-02	0.000000e+00	-3.943211e+03	1.134188e+05
1.904000e-01	1.030615e+05	-1.453482e-02	8.577156e-02	0.000000e+00	-4.568188e+03	1.076297e+05
1.915900e-01	9.702166e+04	-1.463697e-02	8.591325e-02	0.000000e+00	-5.513884e+03	1.025355e+05
1.927800e-01	1.048489e+05	-1.473929e-02	8.605621e-02	0.000000e+00	-6.034296e+03	1.108832e+05
1.939700e-01	1.068531e+05	-1.484179e-02	8.620613e-02	0.000000e+00	-5.778013e+03	1.126311e+05
1.951600e-01	1.085129e+05	-1.494446e-02	8.635865e-02	0.000000e+00	-4.963766e+03	1.134766e+05
1.963500e-01	1.020281e+05	-1.504732e-02	8.650774e-02	0.000000e+00	-3.132060e+03	1.051602e+05
1.975400e-01	1.139352e+05	-1.515035e-02	8.666068e-02	0.000000e+00	-4.577691e+03	1.185129e+05
1.987300e-01	1.012189e+05	-1.525357e-02	8.681305e-02	0.000000e+00	-4.353129e+03	1.055720e+05
1.999200e-01	1.127602e+05	-1.535697e-02	8.696458e-02	0.000000e+00	-1.761452e+03	1.145217e+05
2.011100e-01	1.024343e+05	-1.546055e-02	8.711697e-02	0.000000e+00	-3.497831e+03	1.059321e+05
2.023000e-01	1.180361e+05	-1.556431e-02	8.727310e-02	0.000000e+00	-2.242460e+03	1.202785e+05
2.034900e-01	1.147915e+05	-1.566826e-02	8.743798e-02	0.000000e+00	-1.798362e+02	1.149713e+05
2.046800e-01	1.188023e+05	-1.577241e-02	8.760340e-02	0.000000e+00	-2.533772e+03	1.213360e+05
2.058700e-01	1.093348e+05	-1.587676e-02	8.776496e-02	0.000000e+00	-2.764035e+03	1.120988e+05
2.070600e-01	1.124902e+05	-1.598129e-02	8.792205e-02	0.000000e+00	-4.509395e+03	1.169996e+05
2.082500e-01	9.316484e+04	-1.608601e-02	8.806769e-02	0.000000e+00	-4.401225e+03	9.756607e+04
2.094400e-01	1.058753e+05	-1.619089e-02	8.820864e-02	0.000000e+00	-4.525728e+03	1.104010e+05
2.106300e-01	1.077618e+05	-1.629595e-02	8.835993e-02	0.000000e+00	-4.438689e+03	1.122005e+05
2.118200e-01	1.065382e+05	-1.640119e-02	8.851169e-02	0.000000e+00	-4.023152e+03	1.105614e+05
2.130100e-01	9.518933e+04	-1.650660e-02	8.865455e-02	0.000000e+00	-4.395490e+03	9.958482e+04
2.142000e-01	8.983720e+04	-1.661218e-02	8.878558e-02	0.000000e+00	-3.392479e+03	9.322968e+04
2.153900e-01	1.001345e+05	-1.671791e-02	8.892011e-02	0.000000e+00	-5.167418e+03	1.053019e+05
2.165800e-01	1.178173e+05	-1.682381e-02	8.907445e-02	0.000000e+00	-1.793898e+03	1.196112e+05
2.177700e-01	1.099736e+05	-1.692991e-02	8.923577e-02	0.000000e+00	-1.636873e+03	1.116104e+05
2.189600e-01	1.035300e+05	-1.703619e-02	8.938696e-02	0.000000e+00	-3.802037e+03	1.073321e+05
2.201500e-01	1.205388e+05	-1.714265e-02	8.954564e-02	0.000000e+00	-2.874463e+03	1.234132e+05
2.213400e-01	9.704215e+04	-1.724931e-02	8.969972e-02	0.000000e+00	-5.209488e+03	1.022516e+05
2.225300e-01	1.142385e+05	-1.735614e-02	8.984935e-02	0.000000e+00	-4.254761e+03	1.184932e+05
2.237200e-01	1.044739e+05	-1.746315e-02	9.000423e-02	0.000000e+00	-3.853817e+03	1.083277e+05
2.249100e-01	1.174877e+05	-1.757035e-02	9.016142e-02	0.000000e+00	-3.121827e+03	1.206095e+05
2.261000e-01	1.235148e+05	-1.767774e-02	9.033208e-02	0.000000e+00	-3.073417e+03	1.265882e+05
2.272900e-01	1.285685e+05	-1.778534e-02	9.051060e-02	0.000000e+00	-2.819088e+03	1.313876e+05
2.284800e-01	1.192156e+05	-1.789315e-02	9.068607e-02	0.000000e+00	-6.516969e+03	1.257325e+05
2.296700e-01	1.079097e+05	-1.800117e-02	9.084692e-02	0.000000e+00	-4.820512e+03	1.127303e+05
2.308600e-01	1.038872e+05	-1.810937e-02	9.099690e-02	0.000000e+00	-2.359874e+03	1.062471e+05
2.320500e-01	1.079747e+05	-1.821774e-02	9.114694e-02	0.000000e+00	-3.817616e+03	1.117923e+05
2.332400e-01	1.145853e+05	-1.832630e-02	9.130454e-02	0.000000e+00	-4.509531e+03	1.190948e+05
2.344300e-01	1.146012e+05	-1.843505e-02	9.146685e-02	0.000000e+00	-4.655961e+03	1.192572e+05
2.356200e-01	1.077728e+05	-1.854399e-02	9.162432e-02	0.000000e+00	-4.018688e+03	1.117915e+05
2.368100e-01	1.044043e+05	-1.865311e-02	9.177458e-02	0.000000e+00	-1.799661e+03	1.062040e+05
2.380000e-01	1.066448e+05	-1.876241e-02	9.192404e-02	0.000000e+00	-3.540439e+03	1.101853e+05
2.391900e-01	1.307828e+05	-1.887189e-02	9.209218e-02	0.000000e+00	-3.242587e+03	1.340253e+05
2.403800e-01	1.036160e+05	-1.898159e-02	9.225817e-02	0.000000e+00	-4.227785e+03	1.078438e+05
2.415700e-01	1.031816e+05	-1.909147e-02	9.240462e-02	0.000000e+00	-4.334326e+03	1.075159e+05
2.427600e-01	1.094975e+05	-1.920152e-02	9.255523e-02	0.000000e+00	-2.616708e+03	1.121143e+05
2.439500e-01	1.220432e+05	-1.931175e-02	9.271920e-02	0.000000e+00	-6.259322e+03	1.283025e+05
2.451400e-01	1.173833e+05	-1.942219e-02	9.288875e-02	0.000000e+00	-5.280835e+03	1.226641e+05
2.463300e-01	1.280861e+05	-1.953282e-02	9.306258e-02	0.000000e+00	-3.591023e+03	1.316771e+05
2.475200e-01	1.314165e+05	-1.964368e-02	9.324635e-02	0.000000e+00	-6.299292e+03	1.377158e+05
2.487100e-01	1.123339e+05	-1.975475e-02	9.341897e-02	0.000000e+00	-4.510916e+03	1.168448e+05
2.499000e-01	1.032329e+05	-1.986601e-02	9.357163e-02	0.000000e+00	-3.752674e+03	1.069856e+05
2.510900e-01	1.166527e+05	-1.997745e-02	9.372734e-02	0.000000e+00	-3.626443e+03	1.202791e+05
2.522800e-01	1.217465e+05	-2.008909e-02	9.389617e-02	0.000000e+00	-4.346512e+03	1.260930e+05
2.534700e-01	1.241805e+05	-2.020092e-02	9.407032e-02	0.000000e+00	-3.580406e+03	1.277609e+05
2.546600e-01	1.163531e+05	-2.031297e-02	9.424066e-02	0.000000e+00	-5.620551e+03	1.219737e+05
2.558500e-01	1.447084e+05	-2.042522e-02	9.442554e-02	0.000000e+00	-4.222098e+03	1.489305e+05
2.570400e-01	1.265700e+05	-2.053771e-02	9.461764e-02	0.000000e+00	-2.803804e+03	1.293738e+05
2.582300e-01	1.260754e+05	-2.065041e-02	9.479656e-02	0.000000e+00	-4.043143e+03	1.301185e+05
2.594200e-01	1.323116e+05	-2.076332e-02	9.497954e-02	0.000000e+00	-4.233804e+03	1.365454e+05
2.606100e-01	1.173931e+05	-2.087646e-02	9.515637e-02	0.000000e+00	-4.692432e+03	1.220855e+05
2.618000e-01	1.105979e+05	-2.098979e-02	9.531783e-02	0.000000e+00	-1.821368e+03	1.124193e+05
2.629900e-01	1.222403e+05	-2.110331e-02	9.548272e-02	0.000000e+00	-1.691707e+03	1.239320e+05
2.641800e-01	1.240879e+05	-2.121704e-02	9.565716e-02	0.000000e+00	-1.144162e+03	1.252320e+05
2.653700e-01	1.167753e+05	-2.133098e-02	9.582773e-02	0.000000e+00	-3.018720e+03	1.197940e+05
2.665600e-01	1.250888e+05	-2.144511e-02	9.599901e-02	0.000000e+00	-3.713084e+03	1.288019e+05
2.677500e-01	1.328630e+05	-2.155946e-02	9.618168e-02	0.000000e+00	-1.633482e+03	1.344964e+05
2.689400e-01	1.358178e+05	-2.167402e-02	9.637195e-02	0.000000e+00	-3.309659e+03	1.391275e+05
2.701300e-01	1.302863e+05	-2.178882e-02	9.656039e-02	0.000000e+00	-1.001189e+03	1.312875e+05
2.713200e-01	1.333727e+05	-2.190384e-02	9.674711e-02	0.000000e+00	-3.087234e+03	1.364599e+05
2.725100e-01	1.202685e+05	-2.201908e-02	9.692673e-02	0.000000e+00	-2.754308e+03	1.230228e+05
2.737000e-01	1.123359e+05	-2.213452e-02	9.709145e-02	0.000000e+00	-3.745015e+03	1.160809e+05
2.748900e-01	1.108890e+05	-2.225016e-02	9.724953e-02	0.000000e+00	-5.062761e+03	1.159517e+05
2.760800e-01	1.023955e+05	-2.236598e-02	9.740057e-02	0.000000e+00	-5.495198e+03	1.078907e+05
2.772700e-01	1.198837e+05	-2.248197e-02	9.755798e-02	0.000000e+00	-3.647381e+03	1.235311e+05
2.784600e-01	1.230449e+05	-2.259817e-02	9.773001e-02	0.000000e+00	-5.213329e+03	1.282582e+05
2.796500e-01	1.271654e+05	-2.271457e-02	9.790720e-02	0.000000e+00	-4.375831e+03	1.315413e+05
2.808400e-01	1.423456e+05	-2.283119e-02	9.809806e-02	0.000000e+00	-3.489948e+03	1.458356e+05
2.820300e-01	1.270276e+05	-2.294804e-02	9.828882e-02	0.000000e+00	-4.107957e+03	1.311356e+05
2.832200e-01	1.224173e+05	-2.306511e-02	9.846547e-02	0.000000e+00	-5.303802e+03	1.277211e+05
2.844100e-01	1.125468e+05	-2.318239e-02	9.863186e-02	0.000000e+00	-5.234217e+03	1.177811e+05
2.856000e-01	1.165881e+05	-2.329986e-02	9.879413e-02	0.000000e+00	-2.813599e+03	1.194017e+05
2.867900e-01	1.127364e+05	-2.341752e-02	9.895653e-02	0.000000e+00	-3.524492e+03	1.162609e+05
2.879800e-01	1.133272e+05	-2.353537e-02	9.911662e-02	0.000000e+00	-5.965020e+03	1.192922e+05
2.891700e-01	1.239823e+05	-2.365342e-02	9.928467e-02	0.000000e+00	-3.910410e+03	1.278927e+05
2.903600e-01	1.269133e+05	-2.377167e-02	9.946235e-02	0.000000e+00	-4.344711e+03	1.312580e+05
2.915500e-01	1.173991e+05	-2.389014e-02	9.963536e-02	0.000000e+00	-2.812658e+03	1.202118e+05
2.927400e-01	1.276990e+05	-2.400880e-02	9.980893e-02	0.000000e+00	-3.287251e+03	1.309863e+05
2.939300e-01	1.281107e+05	-2.412768e-02	9.999009e-02	0.000000e+00	-4.237810e+03	1.323485e+05
2.951200e-01	1.363457e+05	-2.424678e-02	1.001774e-01	0.000000e+00	-1.923921e+03	1.382696e+05
2.963100e-01	1.234953e+05	-2.436611e-02	1.003614e-01	0.000000e+00	-3.947904e+03	1.274432e+05
2.975000e-01	1.263462e+05	-2.448564e-02	1.005383e-01	0.000000e+00	-1.945898e+03	1.282921e+05
2.986900e-01	1.244768e+05	-2.460539e-02	1.007159e-01	0.000000e+00	-3.464909e+03	1.279417e+05
2.998800e-01	1.249761e+05	-2.472534e-02	1.008926e-01	0.000000e+00	-5.792958e+03	1.307690e+05
3.010700e-01	1.279911e+05	-2.484551e-02	1.010717e-01	0.000000e+00	-1.817310e+03	1.298084e+05
3.022600e-01	1.384509e+05	-2.496589e-02	1.012604e-01	0.000000e+00	-3.769309e+03	1.422202e+05
3.034500e-01	1.305838e+05	-2.508651e-02	1.014509e-01	0.000000e+00	-6.243542e+03	1.368273e+05
3.046400e-01	1.320575e+05	-2.520735e-02	1.016369e-01	0.000000e+00	-4.257097e+03	1.363146e+05
3.058300e-01	1.193052e+05	-2.532841e-02	1.018149e-01	0.000000e+00	-5.905887e+03	1.252111e+05
3.070200e-01	1.168122e+05	-2.544967e-02	1.019821e-01	0.000000e+00	-3.807181e+03	1.206194e+05
3.082100e-01	1.197454e+05	-2.557112e-02	1.021497e-01	0.000000e+00	-4.042449e+03	1.237879e+05
3.094000e-01	1.159061e+05	-2.569278e-02	1.023165e-01	0.000000e+00	-5.459842e+03	1.213659e+05
3.105900e-01	1.191062e+05	-2.581464e-02	1.024830e-01	0.000000e+00	-5.145456e+03	1.242517e+05
3.117800e-01	1.335677e+05	-2.593669e-02	1.026619e-01	0.000000e+00	-6.976222e+03	1.405439e+05
3.129700e-01	1.273178e+05	-2.605897e-02	1.028467e-01	0.000000e+00	-5.645628e+03	1.329635e+05
3.141600e-01	1.303972e+05	-2.618147e-02	1.030292e-01	0.000000e+00	-1.959755e+03	1.323569e+05
3.153500e-01	1.200908e+05	-2.630418e-02	1.032065e-01	0.000000e+00	-4.494219e+03	1.245850e+05
3.165400e-01	1.205191e+05	-2.642710e-02	1.033769e-01	0.000000e+00	-4.442423e+03	1.249615e+05
3.177300e-01	1.338545e+05	-2.655022e-02	1.035571e-01	0.000000e+00	-4.616440e+03	1.384709e+05
3.189200e-01	1.176896e+05	-2.667356e-02	1.037352e-01	0.000000e+00	-5.384503e+03	1.230741e+05
3.201100e-01	1.235481e+05	-2.679711e-02	1.039060e-01	0.000000e+00	-4.814575e+03	1.283627e+05
3.213000e-01	1.196981e+05	-2.692086e-02	1.040783e-01	0.000000e+00	-1.360638e+03	1.210588e+05
3.224900e-01	1.283815e+05	-2.704482e-02	1.042540e-01	0.000000e+00	-2.396177e+03	1.307776e+05
3.236800e-01	1.183400e+05	-2.716899e-02	1.044287e-01	0.000000e+00	-3.382968e+03	1.217230e+05
3.248700e-01	1.340686e+05	-2.729336e-02	1.046075e-01	0.000000e+00	-4.500169e+03	1.385688e+05
3.260600e-01	1.363511e+05	-2.741795e-02	1.047990e-01	0.000000e+00	-3.607284e+03	1.399583e+05
3.272500e-01	1.191557e+05	-2.754278e-02	1.049799e-01	0.000000e+00	-5.277834e+03	1.244335e+05
3.284400e-01	1.222699e+05	-2.766780e-02	1.051509e-01	0.000000e+00	-2.389213e+03	1.246591e+05
3.296300e-01	1.259171e+05	-2.779304e-02	1.053266e-01	0.000000e+00	-2.478602e+03	1.283957e+05
3.308200e-01	1.318698e+05	-2.791848e-02	1.055092e-01	0.000000e+00	-2.207375e+03	1.340771e+05
3.320100e-01	1.194739e+05	-2.804415e-02	1.056872e-01	0.000000e+00	-3.775346e+03	1.232492e+05
3.332000e-01	1.200730e+05	-2.817002e-02	1.058568e-01	0.000000e+00	-3.468629e+03	1.235416e+05
3.343900e-01	1.337991e+05	-2.829609e-02	1.060366e-01	0.000000e+00	-3.711728e+03	1.375109e+05
3.355800e-01	1.188547e+05	-2.842238e-02	1.062155e-01	0.000000e+00	-3.565029e+03	1.224197e+05
3.367700e-01	1.226570e+05	-2.854888e-02	1.063865e-01	0.000000e+00	-2.432941e+03	1.250899e+05
3.379600e-01	1.226187e+05	-2.867558e-02	1.065602e-01	0.000000e+00	-1.476827e+03	1.240955e+05
3.391500e-01	1.288004e+05	-2.880249e-02	1.067383e-01	0.000000e+00	-2.959695e+03	1.317601e+05
3.403400e-01	1.045297e+05	-2.892962e-02	1.069035e-01	0.000000e+00	-4.486527e+03	1.090163e+05
3.415300e-01	1.247999e+05	-2.905692e-02	1.070659e-01	0.000000e+00	-4.967644e+03	1.297676e+05
3.427200e-01	1.237160e+05	-2.918444e-02	1.072419e-01	0.000000e+00	-4.051414e+03	1.277674e+05
3.439100e-01	1.239978e+05	-2.931216e-02	1.074173e-01	0.000000e+00	-6.408603e+03	1.304064e+05
3.451000e-01	1.209240e+05	-2.944009e-02	1.075908e-01	0.000000e+00	-4.960939e+03	1.258849e+05
3.462900e-01	1.171455e+05	-2.956823e-02	1.077594e-01	0.000000e+00	-7.810197e+03	1.249557e+05
3.474800e-01	1.284388e+05	-2.969656e-02	1.079333e-01	0.000000e+00	-2.570118e+03	1.310089e+05
3.486700e-01	1.292787e+05	-2.982511e-02	1.081158e-01	0.000000e+00	-3.336325e+03	1.326151e+05
3.498600e-01	1.294609e+05	-2.995387e-02	1.082990e-01	0.000000e+00	-1.245032e+03	1.307059e+05
3.510500e-01	1.239504e+05	-3.008286e-02	1.084785e-01	0.000000e+00	-4.032839e+03	1.279832e+05
3.522400e-01	1.305945e+05	-3.021205e-02	1.086587e-01	0.000000e+00	-3.890663e+03	1.344852e+05
3.534300e-01	1.377493e+05	-3.034147e-02	1.088488e-01	0.000000e+00	-2.659886e+03	1.404092e+05
3.546200e-01	1.395274e+05	-3.047111e-02	1.090451e-01	0.000000e+00	-3.152187e+03	1.426796e+05
3.558100e-01	1.291684e+05	-3.060099e-02	1.092354e-01	0.000000e+00	-4.094345e+03	1.332627e+05
3.570000e-01	1.230271e+05	-3.073109e-02	1.094140e-01	0.000000e+00	-4.548543e+03	1.275756e+05
3.581900e-01	1.292879e+05	-3.086140e-02	1.095927e-01	0.000000e+00	-4.544073e+03	1.338320e+05
3.593800e-01	1.422673e+05	-3.099192e-02	1.097850e-01	0.000000e+00	-2.782511e+03	1.450498e+05
3.605700e-01	1.427764e+05	-3.112269e-02	1.099869e-01	0.000000e+00	-2.342937e+03	1.451193e+05
3.617600e-01	1.423275e+05	-3.125369e-02	1.101888e-01	0.000000e+00	-3.353092e+03	1.456806e+05
3.629500e-01	1.357260e+05	-3.138494e-02	1.103857e-01	0.000000e+00	-8.732143e+02	1.365992e+05
3.641400e-01	1.342067e+05	-3.151641e-02	1.105768e-01	0.000000e+00	-1.373208e+03	1.355799e+05
3.653300e-01	1.252721e+05	-3.164811e-02	1.107606e-01	0.000000e+00	-3.028143e+03	1.283002e+05
3.665200e-01	1.240705e+05	-3.178002e-02	1.109371e-01	0.000000e+00	-2.514887e+03	1.265854e+05
3.677100e-01	1.425571e+05	-3.191214e-02	1.111260e-01	0.000000e+00	-4.297442e+03	1.468545e+05
3.689000e-01	1.387951e+05	-3.204450e-02	1.113252e-01	0.000000e+00	-2.768212e+03	1.415633e+05
3.700900e-01	1.395110e+05	-3.217709e-02	1.115223e-01	0.000000e+00	-1.709993e+03	1.412210e+05
3.712800e-01	1.393187e+05	-3.230992e-02	1.117197e-01	0.000000e+00	-3.885768e+03	1.432045e+05
3.724700e-01	1.074438e+05	-3.244299e-02	1.118945e-01	0.000000e+00	-4.035362e+03	1.114792e+05
3.736600e-01	1.282239e+05	-3.257623e-02	1.120614e-01	0.000000e+00	-4.623158e+03	1.328470e+05
3.748500e-01	1.366870e+05	-3.270969e-02	1.122490e-01	0.000000e+00	-2.986737e+03	1.396738e+05
3.760400e-01	1.203605e+05	-3.284338e-02	1.124310e-01	0.000000e+00	-4.189346e+03	1.245499e+05
3.772300e-01	1.226349e+05	-3.297728e-02	1.126031e-01	0.000000e+00	-4.179556e+03	1.268144e+05
3.784200e-01	1.277205e+05	-3.311138e-02	1.127804e-01	0.000000e+00	-2.095715e+03	1.298162e+05
3.796100e-01	1.350791e+05	-3.324570e-02	1.129665e-01	0.000000e+00	-1.666833e+03	1.367459e+05
3.808000e-01	1.168253e+05	-3.338024e-02	1.131449e-01	0.000000e+00	-3.748652e+03	1.205739e+05
3.819900e-01	1.260966e+05	-3.351498e-02	1.133169e-01	0.000000e+00	-6.802096e+03	1.328987e+05
3.831800e-01	1.244138e+05	-3.364993e-02	1.134943e-01	0.000000e+00	-3.980133e+03	1.283939e+05
3.843700e-01	1.447242e+05	-3.378510e-02	1.136849e-01	0.000000e+00	-1.944874e+03	1.466691e+05
3.855600e-01	1.383073e+05	-3.392050e-02	1.138853e-01	0.000000e+00	-4.042478e+03	1.423498e+05
3.867500e-01	1.204511e+05	-3.405614e-02	1.140686e-01	0.000000e+00	-2.738179e+03	1.231893e+05
3.879400e-01	1.191730e+05	-3.419199e-02	1.142383e-01	0.000000e+00	-3.915938e+03	1.230889e+05
3.891300e-01	1.310030e+05	-3.432803e-02	1.144155e-01	0.000000e+00	-3.270272e+03	1.342732e+05
3.903200e-01	1.196220e+05	-3.446430e-02	1.145929e-01	0.000000e+00	-5.152268e+03	1.247742e+05
3.915100e-01	1.122676e+05	-3.460076e-02	1.147572e-01	0.000000e+00	-5.769118e+03	1.180368e+05
3.927000e-01	1.231091e+05	-3.473742e-02	1.149238e-01	0.000000e+00	-3.541386e+03	1.266505e+05
3.938900e-01	1.099512e+05	-3.487428e-02	1.150889e-01	0.000000e+00	-2.597593e+03	1.125488e+05
3.950800e-01	1.251300e+05	-3.501133e-02	1.152554e-01	0.000000e+00	-3.466340e+03	1.285963e+05
3.962700e-01	1.405403e+05	-3.514859e-02	1.154435e-01	0.000000e+00	-3.315214e+03	1.438555e+05
3.974600e-01	1.225660e+05	-3.528609e-02	1.156298e-01	0.000000e+00	-3.785513e+03	1.263515e+05
3.986500e-01	1.213785e+05	-3.542379e-02	1.158026e-01	0.000000e+00	-4.848103e+03	1.262266e+05
3.998400e-01	1.117672e+05	-3.556170e-02	1.159677e-01	0.000000e+00	-8.223795e+02	1.125895e+05
4.010300e-01	1.279862e+05	-3.569979e-02	1.161375e-01	0.000000e+00	-2.815624e+03	1.308018e+05
4.022200e-01	1.273222e+05	-3.583810e-02	1.163183e-01	0.000000e+00	-2.330807e+03	1.296530e+05
4.034100e-01	1.333769e+05	-3.597663e-02	1.165029e-01	0.000000e+00	-1.525635e+03	1.349025e+05
4.046000e-01	1.433360e+05	-3.611538e-02	1.166988e-01	0.000000e+00	-2.602252e+03	1.459382e+05
4.057900e-01	1.227322e+05	-3.625437e-02	1.168873e-01	0.000000e+00	-4.348016e+03	1.270802e+05
4.069800e-01	1.233928e+05	-3.639357e-02	1.170616e-01	0.000000e+00	-1.501114e+03	1.248939e+05
4.081700e-01	1.293410e+05	-3.653298e-02	1.172405e-01	0.000000e+00	-3.290775e+03	1.326318e+05
4.093600e-01	1.242817e+05	-3.667260e-02	1.174201e-01	0.000000e+00	-4.134970e+03	1.284167e+05
4.105500e-01	1.353300e+05	-3.681244e-02	1.176040e-01	0.000000e+00	-4.603921e+03	1.399339e+05
4.117400e-01	1.357383e+05	-3.695250e-02	1.177959e-01	0.000000e+00	-4.932039e+03	1.406704e+05
4.129300e-01	1.250845e+05	-3.709279e-02	1.179807e-01	0.000000e+00	-5.416471e+03	1.305010e+05
4.141200e-01	1.258881e+05	-3.723330e-02	1.181584e-01	0.000000e+00	-4.175080e+03	1.300632e+05
4.153100e-01	1.267497e+05	-3.737401e-02	1.183373e-01	0.000000e+00	-3.522239e+03	1.302720e+05
4.165000e-01	1.518494e+05	-3.751494e-02	1.185346e-01	0.000000e+00	-1.699384e+03	1.535488e+05
4.176900e-01	1.441808e+05	-3.765612e-02	1.187442e-01	0.000000e+00	-2.483392e+03	1.466642e+05
4.188800e-01	1.126114e+05	-3.779755e-02	1.189261e-01	0.000000e+00	-1.631764e+03	1.142431e+05
4.200700e-01	1.218568e+05	-3.793917e-02	1.190921e-01	0.000000e+00	-6.701872e+02	1.225270e+05
4.212600e-01	1.473177e+05	-3.808099e-02	1.192827e-01	0.000000e+00	-2.010973e+03	1.493286e+05
4.224500e-01	1.195524e+05	-3.822306e-02	1.194717e-01	0.000000e+00	-2.113758e+03	1.216661e+05
4.236400e-01	1.303599e+05	-3.836533e-02	1.196487e-01	0.000000e+00	-1.116181e+03	1.314761e+05
4.248300e-01	1.306101e+05	-3.850782e-02	1.198335e-01	0.000000e+00	-1.867684e+03	1.324778e+05
4.260200e-01	1.279763e+05	-3.865053e-02	1.200166e-01	0.000000e+00	-2.793247e+03	1.307695e+05
4.272100e-01	1.184719e+05	-3.879346e-02	1.201912e-01	0.000000e+00	-3.309940e+03	1.217818e+05
4.284000e-01	1.202628e+05	-3.893659e-02	1.203602e-01	0.000000e+00	-1.423021e+03	1.216858e+05
4.295900e-01	1.135514e+05	-3.907992e-02	1.205258e-01	0.000000e+00	-1.715033e+03	1.152665e+05
4.307800e-01	1.308182e+05	-3.922344e-02	1.206989e-01	0.000000e+00	-3.302374e+03	1.341206e+05
4.319700e-01	1.381368e+05	-3.936718e-02	1.208893e-01	0.000000e+00	-2.640039e+03	1.407768e+05
4.331600e-01	1.233278e+05	-3.951116e-02	1.210745e-01	0.000000e+00	-3.342178e+03	1.266700e+05
4.343500e-01	1.289330e+05	-3.965534e-02	1.212531e-01	0.000000e+00	-2.388407e+03	1.313215e+05
4.355400e-01	1.432983e+05	-3.979974e-02	1.214459e-01	0.000000e+00	-2.400951e+03	1.456993e+05
4.367300e-01	1.478240e+05	-3.994438e-02	1.216521e-01	0.000000e+00	-3.115966e+03	1.509400e+05
4.379200e-01	1.264492e+05	-4.008927e-02	1.218463e-01	0.000000e+00	-4.371098e+03	1.308203e+05
4.391100e-01	1.488989e+05	-4.023438e-02	1.220413e-01	0.000000e+00	-2.565858e+03	1.514647e+05
4.403000e-01	1.429543e+05	-4.037973e-02	1.222480e-01	0.000000e+00	-3.543081e+03	1.464974e+05
4.414900e-01	1.241712e+05	-4.052533e-02	1.224371e-01	0.000000e+00	-2.701884e+03	1.268731e+05
4.426800e-01	1.199776e+05	-4.067113e-02	1.226100e-01	0.000000e+00	-2.193818e+03	1.221714e+05
4.438700e-01	1.149169e+05	-4.081714e-02	1.227764e-01	0.000000e+00	-1.493846e+03	1.164108e+05
4.450600e-01	1.335966e+05	-4.096334e-02	1.229524e-01	0.000000e+00	-1.620176e+03	1.352168e+05
4.462500e-01	1.240171e+05	-4.110976e-02	1.231348e-01	0.000000e+00	-8.586850e+02	1.248758e+05
4.474400e-01	1.193830e+05	-4.125640e-02	1.233072e-01	0.000000e+00	-3.506082e+03	1.228891e+05
4.486300e-01	1.323112e+05	-4.140324e-02	1.234854e-01	0.000000e+00	-3.266424e+03	1.355776e+05
4.498200e-01	1.435961e+05	-4.155029e-02	1.236808e-01	0.000000e+00	-2.419220e+03	1.460153e+05
4.510100e-01	1.404500e+05	-4.169760e-02	1.238820e-01	0.000000e+00	-2.186118e+03	1.426361e+05
4.522000e-01	1.283311e+05	-4.184513e-02	1.240723e-01	0.000000e+00	-4.795348e+03	1.331264e+05
4.533900e-01	1.408285e+05	-4.199289e-02	1.242629e-01	0.000000e+00	-3.532434e+03	1.443609e+05
4.545800e-01	1.312124e+05	-4.214088e-02	1.244556e-01	0.000000e+00	-1.089822e+03	1.323022e+05
4.557700e-01	1.301338e+05	-4.228909e-02	1.246406e-01	0.000000e+00	-5.186466e+03	1.353203e+05
4.569600e-01	1.202395e+05	-4.243752e-02	1.248179e-01	0.000000e+00	-3.805908e+03	1.240454e+05
4.581500e-01	1.361946e+05	-4.258616e-02	1.249995e-01	0.000000e+00	-1.848190e+03	1.380428e+05
4.593400e-01	1.343422e+05	-4.273502e-02	1.251911e-01	0.000000e+00	-4.422875e+03	1.387651e+05
4.605300e-01	1.433002e+05	-4.288411e-02	1.253877e-01	0.000000e+00	-3.398773e+03	1.466990e+05
4.617200e-01	1.330349e+05	-4.303345e-02	1.255834e-01	0.000000e+00	-2.459084e+03	1.354940e+05
4.629100e-01	1.301432e+05	-4.318300e-02	1.257698e-01	0.000000e+00	-3.336000e+03	1.334792e+05
4.641000e-01	1.259767e+05	-4.333278e-02	1.259512e-01	0.000000e+00	-3.425813e+03	1.294026e+05
4.652900e-01	1.196639e+05	-4.348277e-02	1.261251e-01	0.000000e+00	-4.829704e+03	1.244936e+05
4.664800e-01	1.106864e+05	-4.363296e-02	1.262883e-01	0.000000e+00	-2.601015e+03	1.132874e+05
4.676700e-01	1.253172e+05	-4.378333e-02	1.264554e-01	0.000000e+00	-1.329195e+03	1.266464e+05
4.688600e-01	1.409379e+05	-4.393392e-02	1.266439e-01	0.000000e+00	-1.919339e+03	1.428572e+05
4.700500e-01	1.299180e+05	-4.408474e-02	1.268357e-01	0.000000e+00	-3.031077e+03	1.329490e+05
4.712400e-01	1.318443e+05	-4.423579e-02	1.270211e-01	0.000000e+00	-2.084134e+03	1.339284e+05
4.724300e-01	1.236999e+05	-4.438706e-02	1.272021e-01	0.000000e+00	-2.946983e+03	1.266469e+05
4.736200e-01	1.341311e+05	-4.453853e-02	1.273847e-01	0.000000e+00	-1.084096e+03	1.352152e+05
4.748100e-01	1.230950e+05	-4.469023e-02	1.275668e-01	0.000000e+00	-1.373260e+03	1.244683e+05
4.760000e-01	1.306737e+05	-4.484214e-02	1.277465e-01	0.000000e+00	-3.470609e+03	1.341443e+05
4.771900e-01	1.137787e+05	-4.499427e-02	1.279197e-01	0.000000e+00	-4.362874e+03	1.181415e+05
4.783800e-01	1.137328e+05	-4.514659e-02	1.280808e-01	0.000000e+00	-2.747559e+03	1.164804e+05
4.795700e-01	1.306651e+05	-4.529910e-02	1.282538e-01	0.000000e+00	-2.098650e+03	1.327638e+05
4.807600e-01	1.342365e+05	-4.545183e-02	1.284414e-01	0.000000e+00	-3.608639e+03	1.378451e+05
4.819500e-01	1.209806e+05	-4.560479e-02	1.286222e-01	0.000000e+00	-6.182891e+03	1.271635e+05
4.831400e-01	1.311867e+05	-4.575795e-02	1.288007e-01	0.000000e+00	-6.280750e+03	1.374675e+05
4.843300e-01	1.349797e+05	-4.591134e-02	1.289892e-01	0.000000e+00	-2.471630e+03	1.374513e+05
4.855200e-01	1.366951e+05	-4.606495e-02	1.291816e-01	0.000000e+00	-1.761667e+02	1.368713e+05
4.867100e-01	1.413215e+05	-4.621879e-02	1.293785e-01	0.000000e+00	-2.842511e+03	1.441640e+05
4.879000e-01	1.208512e+05	-4.637287e-02	1.295642e-01	0.000000e+00	-4.080691e+03	1.249319e+05
4.890900e-01	1.261425e+05	-4.652715e-02	1.297391e-01	0.000000e+00	-2.376754e+03	1.285193e+05
4.902800e-01	1.260568e+05	-4.668165e-02	1.299177e-01	0.000000e+00	-2.607230e+03	1.286640e+05
4.914700e-01	1.292666e+05	-4.683636e-02	1.300985e-01	0.000000e+00	-4.250452e+03	1.335170e+05
4.926600e-01	1.349838e+05	-4.699128e-02	1.302856e-01	0.000000e+00	-3.508406e+03	1.384923e+05
4.938500e-01	1.338288e+05	-4.714643e-02	1.304760e-01	0.000000e+00	-4.803651e+03	1.386324e+05
4.950400e-01	1.243125e+05	-4.730181e-02	1.306588e-01	0.000000e+00	-3.382677e+03	1.276951e+05
4.962300e-01	1.414941e+05	-4.745740e-02	1.308470e-01	0.000000e+00	-4.218747e+03	1.457128e+05
4.974200e-01	1.465355e+05	-4.761323e-02	1.310510e-01	0.000000e+00	-2.469771e+03	1.490053e+05
4.986100e-01	1.452269e+05	-4.776930e-02	1.312576e-01	0.000000e+00	-1.077304e+03	1.463042e+05
4.998000e-01	1.390885e+05	-4.792562e-02	1.314590e-01	0.000000e+00	-4.995787e+02	1.395880e+05
5.009900e-01	1.308716e+05	-4.808218e-02	1.316501e-01	0.000000e+00	-4.272041e+03	1.351436e+05
5.021800e-01	1.353097e+05	-4.823895e-02	1.318386e-01	0.000000e+00	-3.665751e+03	1.389754e+05
5.033700e-01	1.331796e+05	-4.839595e-02	1.320288e-01	0.000000e+00	-2.067397e+03	1.352470e+05
5.045600e-01	1.384040e+05	-4.855318e-02	1.322211e-01	0.000000e+00	-2.136118e+03	1.405401e+05
5.057500e-01	1.305517e+05	-4.871064e-02	1.324116e-01	0.000000e+00	-3.972614e+03	1.345244e+05
5.069400e-01	1.185435e+05	-4.886832e-02	1.325880e-01	0.000000e+00	-1.702830e+03	1.202463e+05
5.081300e-01	1.218868e+05	-4.902620e-02	1.327582e-01	0.000000e+00	-1.176401e+03	1.230632e+05
5.093200e-01	1.338021e+05	-4.918428e-02	1.329393e-01	0.000000e+00	-2.228762e+03	1.360309e+05
5.105100e-01	1.419950e+05	-4.934259e-02	1.331346e-01	0.000000e+00	-1.449114e+03	1.434441e+05
5.117000e-01	1.370683e+05	-4.950114e-02	1.333322e-01	0.000000e+00	-2.595181e+03	1.396635e+05
5.128900e-01	1.353608e+05	-4.965992e-02	1.335252e-01	0.000000e+00	-2.066049e+03	1.374268e+05
5.140800e-01	1.174630e+05	-4.981893e-02	1.337042e-01	0.000000e+00	-1.908651e+03	1.193716e+05
5.152700e-01	1.081070e+05	-4.997814e-02	1.338639e-01	0.000000e+00	-2.609460e+03	1.107165e+05
5.164600e-01	1.322587e+05	-5.013753e-02	1.340342e-01	0.000000e+00	-2.202754e+03	1.344614e+05
5.176500e-01	1.368329e+05	-5.029714e-02	1.342247e-01	0.000000e+00	-1.270590e+03	1.381035e+05
5.188400e-01	1.351121e+05	-5.045698e-02	1.344173e-01	0.000000e+00	-1.510082e+03	1.366222e+05
5.200300e-01	1.333419e+05	-5.061705e-02	1.346074e-01	0.000000e+00	-1.737209e+03	1.350791e+05
5.212200e-01	1.364864e+05	-5.077735e-02	1.347985e-01	0.000000e+00	-1.644152e+03	1.381305e+05
5.224100e-01	1.502344e+05	-5.093788e-02	1.350015e-01	0.000000e+00	-1.834497e+03	1.520689e+05
5.236000e-01	1.348834e+05	-5.109865e-02	1.352034e-01	0.000000e+00	-4.370794e+03	1.392541e+05
5.247900e-01	1.291389e+05	-5.125966e-02	1.353904e-01	0.000000e+00	-4.124965e+03	1.332639e+05
5.259800e-01	1.469872e+05	-5.142088e-02	1.355860e-01	0.000000e+00	-1.167341e+03	1.481545e+05
5.271700e-01	1.354243e+05	-5.158235e-02	1.357860e-01	0.000000e+00	-1.757267e+03	1.371816e+05
5.283600e-01	1.242260e+05	-5.174405e-02	1.359698e-01	0.000000e+00	-2.537970e+03	1.267640e+05
5.295500e-01	1.254962e+05	-5.190596e-02	1.361467e-01	0.000000e+00	-1.873827e+03	1.273700e+05
5.307400e-01	1.342687e+05	-5.206808e-02	1.363306e-01	0.000000e+00	-1.439960e+03	1.357087e+05
5.319300e-01	1.264317e+05	-5.223043e-02	1.365153e-01	0.000000e+00	-3.673278e+03	1.301049e+05
5.331200e-01	1.198705e+05	-5.239299e-02	1.366897e-01	0.000000e+00	-3.132332e+03	1.230028e+05
5.343100e-01	1.163050e+05	-5.255575e-02	1.368569e-01	0.000000e+00	-2.638203e+03	1.189432e+05
5.355000e-01	1.265013e+05	-5.271871e-02	1.370289e-01	0.000000e+00	-3.047156e+03	1.295484e+05
5.366900e-01	1.220782e+05	-5.288188e-02	1.372049e-01	0.000000e+00	-4.842963e+03	1.269211e+05
5.378800e-01	1.208432e+05	-5.304526e-02	1.373769e-01	0.000000e+00	-5.289746e+03	1.261329e+05
5.390700e-01	1.256597e+05	-5.320884e-02	1.375515e-01	0.000000e+00	-2.763847e+03	1.284236e+05
5.402600e-01	1.327794e+05	-5.337263e-02	1.377345e-01	0.000000e+00	-6.145174e+03	1.389246e+05
5.414500e-01	1.334126e+05	-5.353664e-02	1.379230e-01	0.000000e+00	-5.277609e+03	1.386902e+05
5.426400e-01	1.285093e+05	-5.370089e-02	1.381085e-01	0.000000e+00	-3.207365e+03	1.317167e+05
5.438300e-01	1.180921e+05	-5.386534e-02	1.382831e-01	0.000000e+00	-6.021636e+03	1.241137e+05
5.450200e-01	1.172306e+05	-5.403000e-02	1.384498e-01	0.000000e+00	-2.321754e+03	1.195524e+05
5.462100e-01	1.193782e+05	-5.419485e-02	1.386173e-01	0.000000e+00	-3.518687e+03	1.228969e+05
5.474000e-01	1.328006e+05	-5.435991e-02	1.387959e-01	0.000000e+00	-2.610830e+03	1.354114e+05
5.485900e-01	1.205837e+05	-5.452519e-02	1.389754e-01	0.000000e+00	-3.008716e+03	1.235924e+05
5.497800e-01	1.244483e+05	-5.469067e-02	1.391489e-01	0.000000e+00	-2.119057e+03	1.265673e+05
5.509700e-01	1.325457e+05	-5.485636e-02	1.393309e-01	0.000000e+00	-1.814185e+03	1.343599e+05
5.521600e-01	1.419830e+05	-5.502228e-02	1.395253e-01	0.000000e+00	-3.912342e+02	1.423743e+05
5.533500e-01	1.549077e+05	-5.518843e-02	1.397355e-01	0.000000e+00	-3.797210e+03	1.587050e+05
5.545400e-01	1.518588e+05	-5.535485e-02	1.399528e-01	0.000000e+00	-4.455101e+03	1.563139e+05
5.557300e-01	1.306180e+05	-5.552152e-02	1.401528e-01	0.000000e+00	-3.321378e+03	1.339394e+05
5.569200e-01	1.163523e+05	-5.568841e-02	1.403277e-01	0.000000e+00	-2.089167e+03	1.184415e+05
5.581100e-01	1.370235e+05	-5.585550e-02	1.405072e-01	0.000000e+00	-1.789175e+03	1.388127e+05
5.593000e-01	1.414194e+05	-5.602282e-02	1.407043e-01	0.000000e+00	-2.068074e+03	1.434875e+05
5.604900e-01	1.327911e+05	-5.619038e-02	1.408985e-01	0.000000e+00	-3.720808e+03	1.365119e+05
5.616800e-01	1.294197e+05	-5.635816e-02	1.410842e-01	0.000000e+00	-3.102215e+03	1.325219e+05
5.628700e-01	1.253649e+05	-5.652616e-02	1.412646e-01	0.000000e+00	-1.395381e+03	1.267603e+05
5.640600e-01	1.342272e+05	-5.669437e-02	1.414485e-01	0.000000e+00	-2.231409e+03	1.364586e+05
5.652500e-01	1.321741e+05	-5.686280e-02	1.416371e-01	0.000000e+00	-3.338812e+03	1.355129e+05
5.664400e-01	1.211423e+05	-5.703146e-02	1.418165e-01	0.000000e+00	-2.993846e+03	1.241362e+05
5.676300e-01	1.330648e+05	-5.720033e-02	1.419965e-01	0.000000e+00	-2.817602e+03	1.358825e+05
5.688200e-01	1.506866e+05	-5.736942e-02	1.421975e-01	0.000000e+00	-1.216147e+03	1.519027e+05
5.700100e-01	1.378909e+05	-5.753876e-02	1.424018e-01	0.000000e+00	-2.297541e+02	1.381207e+05
5.712000e-01	1.267274e+05	-5.770833e-02	1.425892e-01	0.000000e+00	-1.581517e+03	1.283089e+05
5.723900e-01	1.470382e+05	-5.787812e-02	1.427831e-01	0.000000e+00	-3.515823e+02	1.473897e+05
5.735800e-01	1.400636e+05	-5.804816e-02	1.429864e-01	0.000000e+00	-1.931738e+03	1.419954e+05
5.747700e-01	1.294411e+05	-5.821843e-02	1.431773e-01	0.000000e+00	-2.649625e+03	1.320907e+05
5.759600e-01	1.241364e+05	-5.838892e-02	1.433569e-01	0.000000e+00	-1.420124e+03	1.255566e+05
5.771500e-01	1.309371e+05	-5.855962e-02	1.435375e-01	0.000000e+00	-1.420199e+03	1.323573e+05
5.783400e-01	1.309440e+05	-5.873054e-02	1.437229e-01	0.000000e+00	-1.753115e+03	1.326971e+05
5.795300e-01	1.352904e+05	-5.890168e-02	1.439115e-01	0.000000e+00	-1.404189e+03	1.366946e+05
5.807200e-01	1.338945e+05	-5.907305e-02	1.441021e-01	0.000000e+00	-3.092588e+03	1.369871e+05
5.819100e-01	1.419148e+05	-5.924464e-02	1.442974e-01	0.000000e+00	-3.105741e+03	1.450205e+05
5.831000e-01	1.228619e+05	-5.941647e-02	1.444849e-01	0.000000e+00	-3.756936e+03	1.266189e+05
5.842900e-01	1.158016e+05	-5.958851e-02	1.446539e-01	0.000000e+00	-2.478286e+03	1.182799e+05
5.854800e-01	1.245338e+05	-5.976075e-02	1.448241e-01	0.000000e+00	-5.930826e+03	1.304647e+05
5.866700e-01	1.431322e+05	-5.993320e-02	1.450137e-01	0.000000e+00	-3.254202e+03	1.463864e+05
5.878600e-01	1.419652e+05	-6.010588e-02	1.452156e-01	0.000000e+00	-2.827222e+03	1.447924e+05
5.890500e-01	1.266025e+05	-6.027881e-02	1.454058e-01	0.000000e+00	-1.197247e+03	1.277997e+05
5.902400e-01	1.081258e+05	-6.045195e-02	1.455720e-01	0.000000e+00	-2.198504e+03	1.103243e+05
5.914300e-01	1.350625e+05	-6.062527e-02	1.457442e-01	0.000000e+00	-7.570194e+02	1.358195e+05
5.926200e-01	1.273855e+05	-6.079882e-02	1.459301e-01	0.000000e+00	-9.450160e+02	1.283306e+05
5.938100e-01	1.392556e+05	-6.097258e-02	1.461189e-01	0.000000e+00	-2.934899e+03	1.421905e+05
5.950000e-01	1.448078e+05	-6.114658e-02	1.463201e-01	0.000000e+00	-3.399690e+03	1.482075e+05
5.961900e-01	1.299880e+05	-6.132083e-02	1.465147e-01	0.000000e+00	-2.254152e+03	1.322422e+05
5.973800e-01	1.289892e+05	-6.149529e-02	1.466981e-01	0.000000e+00	-3.585748e+03	1.325750e+05
5.985700e-01	1.186055e+05	-6.166997e-02	1.468734e-01	0.000000e+00	-2.780955e+03	1.213864e+05
5.997600e-01	1.271790e+05	-6.184485e-02	1.470475e-01	0.000000e+00	-3.676287e+03	1.308553e+05
6.009500e-01	1.283221e+05	-6.201994e-02	1.472284e-01	0.000000e+00	-3.163995e+03	1.314861e+05
6.021400e-01	1.457751e+05	-6.219525e-02	1.474225e-01	0.000000e+00	-3.055552e+03	1.488306e+05
6.033300e-01	1.347577e+05	-6.237081e-02	1.476212e-01	0.000000e+00	-3.425091e+02	1.351002e+05
6.045200e-01	1.352335e+05	-6.254659e-02	1.478124e-01	0.000000e+00	-2.043246e+03	1.372768e+05
6.057100e-01	1.240372e+05	-6.272260e-02	1.479960e-01	0.000000e+00	-4.485498e+03	1.285227e+05
6.069000e-01	1.312171e+05	-6.289882e-02	1.481767e-01	0.000000e+00	-3.198023e+03	1.344152e+05
6.080900e-01	1.231052e+05	-6.307526e-02	1.483568e-01	0.000000e+00	-4.536764e+03	1.276420e+05
6.092800e-01	1.293436e+05	-6.325191e-02	1.485356e-01	0.000000e+00	-3.702113e+03	1.330457e+05
6.104700e-01	1.287553e+05	-6.342877e-02	1.487184e-01	0.000000e+00	-2.732955e+03	1.314883e+05
6.116600e-01	1.399006e+05	-6.360586e-02	1.489086e-01	0.000000e+00	-2.849489e+03	1.427501e+05
6.128500e-01	1.319366e+05	-6.378318e-02	1.491011e-01	0.000000e+00	-2.229725e+03	1.341663e+05
6.140400e-01	1.355780e+05	-6.396072e-02	1.492906e-01	0.000000e+00	-2.529379e+03	1.381074e+05
6.152300e-01	1.173140e+05	-6.413849e-02	1.494697e-01	0.000000e+00	-2.613234e+03	1.199273e+05
6.164200e-01	1.274235e+05	-6.431646e-02	1.496430e-01	0.000000e+00	-1.176524e+03	1.286001e+05
6.176100e-01	1.298040e+05	-6.449464e-02	1.498252e-01	0.000000e+00	-1.531474e+03	1.313355e+05
6.188000e-01	1.178347e+05	-6.467304e-02	1.500005e-01	0.000000e+00	-3.691853e+03	1.215266e+05
6.199900e-01	1.329391e+05	-6.485164e-02	1.501781e-01	0.000000e+00	-2.069992e+03	1.350091e+05
6.211800e-01	1.348521e+05	-6.503046e-02	1.503678e-01	0.000000e+00	-4.273045e+03	1.391252e+05
6.223700e-01	1.243745e+05	-6.520952e-02	1.505513e-01	0.000000e+00	-2.596681e+03	1.269711e+05
6.235600e-01	1.299681e+05	-6.538878e-02	1.507314e-01	0.000000e+00	-2.847286e+03	1.328154e+05
6.247500e-01	1.349402e+05	-6.556826e-02	1.509190e-01	0.000000e+00	-1.496640e+03	1.364368e+05
6.259400e-01	1.378288e+05	-6.574796e-02	1.511122e-01	0.000000e+00	-2.489050e+03	1.403179e+05
6.271300e-01	1.310717e+05	-6.592790e-02	1.513026e-01	0.000000e+00	-3.737934e+03	1.348096e+05
6.283200e-01	1.437158e+05	-6.610806e-02	1.514972e-01	0.000000e+00	-3.840604e+03	1.475564e+05
6.295100e-01	1.346781e+05	-6.628847e-02	1.516944e-01	0.000000e+00	-1.126064e+03	1.358041e+05
6.307000e-01	1.165465e+05	-6.646910e-02	1.518723e-01	0.000000e+00	-3.212372e+03	1.197588e+05
6.318900e-01	1.497532e+05	-6.664992e-02	1.520609e-01	0.000000e+00	-2.958690e+03	1.527119e+05
6.330800e-01	1.245017e+05	-6.683100e-02	1.522551e-01	0.000000e+00	-1.276947e+03	1.257786e+05
6.342700e-01	1.341458e+05	-6.701229e-02	1.524383e-01	0.000000e+00	-2.203320e+03	1.363491e+05
6.354600e-01	1.345246e+05	-6.719380e-02	1.526285e-01	0.000000e+00	-3.626256e+03	1.381509e+05
6.366500e-01	1.228878e+05	-6.737555e-02	1.528108e-01	0.000000e+00	-2.683462e+03	1.255713e+05
6.378400e-01	1.261615e+05	-6.755749e-02	1.529872e-01	0.000000e+00	-1.652639e+03	1.278142e+05
6.390300e-01	1.348158e+05	-6.773966e-02	1.531720e-01	0.000000e+00	-1.365337e+03	1.361811e+05
6.402200e-01	1.503230e+05	-6.792204e-02	1.533739e-01	0.000000e+00	-2.735819e+03	1.530588e+05
6.414100e-01	1.459972e+05	-6.810469e-02	1.535838e-01	0.000000e+00	-2.976181e+03	1.489733e+05
6.426000e-01	1.315872e+05	-6.828757e-02	1.537803e-01	0.000000e+00	-2.793741e+03	1.343810e+05
6.437900e-01	1.381303e+05	-6.847068e-02	1.539713e-01	0.000000e+00	-1.650835e+03	1.397811e+05
6.449800e-01	1.272963e+05	-6.865402e-02	1.541593e-01	0.000000e+00	-3.216453e+03	1.305128e+05
6.461700e-01	1.322592e+05	-6.883758e-02	1.543431e-01	0.000000e+00	-3.051498e+03	1.353107e+05
6.473600e-01	1.344328e+05	-6.902136e-02	1.545320e-01	0.000000e+00	-3.477548e+03	1.379104e+05
6.485500e-01	1.290520e+05	-6.920537e-02	1.547186e-01	0.000000e+00	-2.158755e+03	1.312107e+05
6.497400e-01	1.321801e+05	-6.938959e-02	1.549036e-01	0.000000e+00	-9.436818e+02	1.331238e+05
6.509300e-01	1.088158e+05	-6.957404e-02	1.550742e-01	0.000000e+00	-2.000159e+03	1.108159e+05
6.521200e-01	1.265222e+05	-6.975867e-02	1.552409e-01	0.000000e+00	-2.372304e+03	1.288945e+05
6.533100e-01	1.271433e+05	-6.994351e-02	1.554205e-01	0.000000e+00	-1.841053e+03	1.289843e+05
6.545000e-01	1.366280e+05	-7.012857e-02	1.556073e-01	0.000000e+00	-4.506946e+02	1.370787e+05
6.556900e-01	1.367203e+05	-7.031386e-02	1.558009e-01	0.000000e+00	-2.438206e+03	1.391585e+05
6.568800e-01	1.331767e+05	-7.049938e-02	1.559920e-01	0.000000e+00	-1.795425e+03	1.349722e+05
6.580700e-01	1.563113e+05	-7.068512e-02	1.561970e-01	0.000000e+00	-1.264418e+03	1.575757e+05
6.592600e-01	1.193103e+05	-7.087112e-02	1.563922e-01	0.000000e+00	-2.687291e+03	1.219976e+05
6.604500e-01	1.358088e+05	-7.105733e-02	1.565729e-01	0.000000e+00	-6.086906e+02	1.364175e+05
6.616400e-01	1.463233e+05	-7.124377e-02	1.567727e-01	0.000000e+00	-1.896197e+03	1.482195e+05
6.628300e-01	1.387241e+05	-7.143045e-02	1.569745e-01	0.000000e+00	-2.270031e+03	1.409942e+05
6.640200e-01	1.213566e+05	-7.161737e-02	1.571587e-01	0.000000e+00	-6.871361e+02	1.220437e+05
6.652100e-01	1.276418e+05	-7.180449e-02	1.573350e-01	0.000000e+00	-2.365879e+03	1.300077e+05
6.664000e-01	1.322764e+05	-7.199182e-02	1.575191e-01	0.000000e+00	-4.213090e+03	1.364895e+05
6.675900e-01	1.273808e+05	-7.217938e-02	1.577030e-01	0.000000e+00	-1.698210e+03	1.290790e+05
6.687800e-01	1.354093e+05	-7.236716e-02	1.578891e-01	0.000000e+00	-2.445953e+03	1.378552e+05
6.699700e-01	1.288685e+05	-7.255516e-02	1.580762e-01	0.000000e+00	-7.370864e+02	1.296056e+05
6.711600e-01	1.182051e+05	-7.274338e-02	1.582512e-01	0.000000e+00	-2.331924e+03	1.205370e+05
6.723500e-01	1.334626e+05	-7.293180e-02	1.584294e-01	0.000000e+00	-2.740572e+03	1.362031e+05
6.735400e-01	1.467824e+05	-7.312044e-02	1.586279e-01	0.000000e+00	-4.638217e+03	1.514206e+05
6.747300e-01	1.223396e+05	-7.330933e-02	1.588185e-01	0.000000e+00	-8.088627e+02	1.231485e+05
6.759200e-01	1.255225e+05	-7.349843e-02	1.589940e-01	0.000000e+00	-1.112610e+03	1.266352e+05
6.771100e-01	1.484178e+05	-7.368774e-02	1.591880e-01	0.000000e+00	-2.176427e+03	1.505943e+05
6.783000e-01	1.332337e+05	-7.387730e-02	1.593875e-01	0.000000e+00	-2.263970e+03	1.354976e+05
6.794900e-01	1.297770e+05	-7.406708e-02	1.595737e-01	0.000000e+00	-9.181567e+02	1.306952e+05
6.806800e-01	1.293362e+05	-7.425708e-02	1.597572e-01	0.000000e+00	-1.949207e+03	1.312854e+05
6.818700e-01	1.297724e+05	-7.444730e-02	1.599407e-01	0.000000e+00	-8.809247e+02	1.306533e+05
6.830600e-01	1.343661e+05	-7.463774e-02	1.601277e-01	0.000000e+00	-1.318652e+03	1.356848e+05
6.842500e-01	1.325416e+05	-7.482841e-02	1.603168e-01	0.000000e+00	-1.202356e+03	1.337440e+05
6.854400e-01	1.274287e+05	-7.501929e-02	1.605009e-01	0.000000e+00	-2.063459e+03	1.294922e+05
6.866300e-01	1.453973e+05	-7.521040e-02	1.606941e-01	0.000000e+00	-4.575491e+02	1.458549e+05
6.878200e-01	1.363433e+05	-7.540175e-02	1.608936e-01	0.000000e+00	-1.910906e+03	1.382542e+05
6.890100e-01	1.197527e+05	-7.559332e-02	1.610749e-01	0.000000e+00	-4.601790e+03	1.243545e+05
6.902000e-01	1.238382e+05	-7.578510e-02	1.612475e-01	0.000000e+00	-1.323881e+03	1.251621e+05
6.913900e-01	1.297885e+05	-7.597709e-02	1.614271e-01	0.000000e+00	-3.009870e+03	1.327984e+05
6.925800e-01	1.317626e+05	-7.616930e-02	1.616123e-01	0.000000e+00	-1.683754e+03	1.334463e+05
6.937700e-01	1.283587e+05	-7.636173e-02	1.617965e-01	0.000000e+00	-1.877843e+03	1.302366e+05
6.949600e-01	1.258311e+05	-7.655438e-02	1.619765e-01	0.000000e+00	-8.069292e+02	1.266380e+05
6.961500e-01	1.341657e+05	-7.674724e-02	1.621606e-01	0.000000e+00	-1.441412e+03	1.356071e+05
6.973400e-01	1.290895e+05	-7.694032e-02	1.623470e-01	0.000000e+00	-2.934091e+03	1.320236e+05
6.985300e-01	1.212646e+05	-7.713362e-02	1.625243e-01	0.000000e+00	-3.192861e+03	1.244575e+05
6.997200e-01	1.291744e+05	-7.732713e-02	1.627017e-01	0.000000e+00	-1.205470e+03	1.303799e+05
7.009100e-01	1.234008e+05	-7.752085e-02	1.628806e-01	0.000000e+00	-9.252935e+02	1.243261e+05
7.021000e-01	1.265921e+05	-7.771478e-02	1.630576e-01	0.000000e+00	-1.467864e+03	1.280599e+05
7.032900e-01	1.107536e+05	-7.790893e-02	1.632257e-01	0.000000e+00	-2.622575e+03	1.133762e+05
7.044800e-01	1.282749e+05	-7.810326e-02	1.633949e-01	0.000000e+00	-2.406661e+03	1.306816e+05
7.056700e-01	1.393797e+05	-7.829781e-02	1.635845e-01	0.000000e+00	-5.215715e+02	1.399013e+05
7.068600e-01	1.404591e+05	-7.849259e-02	1.637827e-01	0.000000e+00	-4.987194e+02	1.409578e+05
7.080500e-01	1.209011e+05	-7.868761e-02	1.639677e-01	0.000000e+00	-5.779220e+03	1.266803e+05
7.092400e-01	1.243613e+05	-7.888283e-02	1.641414e-01	0.000000e+00	-4.284127e+03	1.286454e+05
7.104300e-01	1.237769e+05	-7.907827e-02	1.643172e-01	0.000000e+00	-1.515218e+03	1.252921e+05
7.116200e-01	1.226959e+05	-7.927391e-02	1.644917e-01	0.000000e+00	-2.629330e+03	1.253253e+05
7.128100e-01	1.346537e+05	-7.946976e-02	1.646739e-01	0.000000e+00	-2.379790e+03	1.370335e+05
7.140000e-01	1.319758e+05	-7.966583e-02	1.648628e-01	0.000000e+00	-1.670607e+03	1.336464e+05
7.151900e-01	1.313722e+05	-7.986213e-02	1.650493e-01	0.000000e+00	-2.833904e+03	1.342061e+05
7.163800e-01	1.410888e+05	-8.005865e-02	1.652422e-01	0.000000e+00	-3.118934e+03	1.442077e+05
7.175700e-01	1.260205e+05	-8.025541e-02	1.654314e-01	0.000000e+00	-4.111205e+03	1.301317e+05
7.187600e-01	1.196113e+05	-8.045238e-02	1.656053e-01	0.000000e+00	-2.010577e+03	1.216219e+05
7.199500e-01	1.476377e+05	-8.064955e-02	1.657946e-01	0.000000e+00	-2.816959e+03	1.504547e+05
7.211400e-01	1.287375e+05	-8.084697e-02	1.659903e-01	0.000000e+00	-3.510366e+03	1.322479e+05
7.223300e-01	1.411686e+05	-8.104460e-02	1.661814e-01	0.000000e+00	-1.209048e+03	1.423777e+05
7.235200e-01	1.376980e+05	-8.124248e-02	1.663789e-01	0.000000e+00	-1.477458e+03	1.391754e+05
7.247100e-01	1.243339e+05	-8.144059e-02	1.665645e-01	0.000000e+00	-1.598138e+03	1.259320e+05
7.259000e-01	1.271556e+05	-8.163890e-02	1.667426e-01	0.000000e+00	-1.688742e+03	1.288443e+05
7.270900e-01	1.252870e+05	-8.183743e-02	1.669213e-01	0.000000e+00	-2.902108e+03	1.281891e+05
7.282800e-01	1.490049e+05	-8.203618e-02	1.671156e-01	0.000000e+00	-1.157570e+03	1.501624e+05
7.294700e-01	1.270293e+05	-8.223517e-02	1.673111e-01	0.000000e+00	-1.670310e+03	1.286996e+05
7.306600e-01	1.209049e+05	-8.243438e-02	1.674866e-01	0.000000e+00	-7.175020e+02	1.216224e+05
7.318500e-01	1.308499e+05	-8.263379e-02	1.676649e-01	0.000000e+00	-1.947291e+03	1.327972e+05
7.330400e-01	1.306496e+05	-8.283342e-02	1.678501e-01	0.000000e+00	-1.947370e+03	1.325969e+05
7.342300e-01	1.289781e+05	-8.303327e-02	1.680340e-01	0.000000e+00	-3.006118e+03	1.319842e+05
7.354200e-01	1.362187e+05	-8.323334e-02	1.682218e-01	0.000000e+00	-1.537408e+03	1.377562e+05
7.366100e-01	1.391269e+05	-8.343364e-02	1.684168e-01	0.000000e+00	-1.674215e+03	1.408011e+05
7.378000e-01	1.222288e+05	-8.363417e-02	1.686018e-01	0.000000e+00	-1.213112e+03	1.234419e+05
7.389900e-01	1.433263e+05	-8.383491e-02	1.687899e-01	0.000000e+00	-1.544096e+03	1.448704e+05
7.401800e-01	1.479419e+05	-8.403589e-02	1.689962e-01	0.000000e+00	-1.544658e+03	1.494866e+05
7.413700e-01	1.418832e+05	-8.423712e-02	1.692014e-01	0.000000e+00	-2.842255e+03	1.447255e+05
7.425600e-01	1.319828e+05	-8.443859e-02	1.693953e-01	0.000000e+00	-1.791298e+03	1.337741e+05
7.437500e-01	1.263484e+05	-8.464028e-02	1.695783e-01	0.000000e+00	-1.763365e+03	1.281117e+05
7.449400e-01	1.370414e+05	-8.484219e-02	1.697648e-01	0.000000e+00	-1.037553e+03	1.380790e+05
7.461300e-01	1.224447e+05	-8.504432e-02	1.699486e-01	0.000000e+00	-2.198384e+03	1.246431e+05
7.473200e-01	1.347910e+05	-8.524666e-02	1.701307e-01	0.000000e+00	-2.819494e+03	1.376105e+05
7.485100e-01	1.212406e+05	-8.544923e-02	1.703120e-01	0.000000e+00	-1.639156e+03	1.228798e+05
7.497000e-01	1.216918e+05	-8.565201e-02	1.704841e-01	0.000000e+00	-2.019057e+03	1.237109e+05
7.508900e-01	1.244822e+05	-8.585499e-02	1.706584e-01	0.000000e+00	-3.557860e+03	1.280400e+05
7.520800e-01	1.313017e+05	-8.605817e-02	1.708396e-01	0.000000e+00	-2.284052e+03	1.335858e+05
7.532700e-01	1.284126e+05	-8.626158e-02	1.710235e-01	0.000000e+00	-6.080472e+02	1.290207e+05
7.544600e-01	1.305045e+05	-8.646521e-02	1.712068e-01	0.000000e+00	-1.848267e+03	1.323528e+05
7.556500e-01	1.379529e+05	-8.666906e-02	1.713969e-01	0.000000e+00	-1.513078e+03	1.394660e+05
7.568400e-01	1.547606e+05	-8.687313e-02	1.716042e-01	0.000000e+00	-7.092844e+02	1.554699e+05
7.580300e-01	1.441008e+05	-8.707747e-02	1.718159e-01	0.000000e+00	-2.460999e+03	1.465618e+05
7.592200e-01	1.308920e+05	-8.728206e-02	1.720106e-01	0.000000e+00	-2.618080e+03	1.335101e+05
7.604100e-01	1.235375e+05	-8.748686e-02	1.721908e-01	0.000000e+00	-3.691713e+03	1.272292e+05
7.616000e-01	1.303202e+05	-8.769187e-02	1.723706e-01	0.000000e+00	-3.920924e+03	1.342411e+05
7.627900e-01	1.250114e+05	-8.789710e-02	1.725514e-01	0.000000e+00	-2.681638e+03	1.276931e+05
7.639800e-01	1.242572e+05	-8.810254e-02	1.727279e-01	0.000000e+00	-2.135545e+03	1.263928e+05
7.651700e-01	1.230311e+05	-8.830819e-02	1.729030e-01	0.000000e+00	-2.409971e+03	1.254411e+05
7.663600e-01	1.236473e+05	-8.851405e-02	1.730777e-01	0.000000e+00	-2.820618e+03	1.264679e+05
7.675500e-01	1.265770e+05	-8.872012e-02	1.732549e-01	0.000000e+00	-1.323436e+03	1.279004e+05
7.687400e-01	1.415201e+05	-8.892640e-02	1.734448e-01	0.000000e+00	-4.451833e+02	1.419653e+05
7.699300e-01	1.322588e+05	-8.913292e-02	1.736387e-01	0.000000e+00	-2.409733e+03	1.346685e+05
7.711200e-01	1.296442e+05	-8.933966e-02	1.738241e-01	0.000000e+00	-1.681617e+03	1.313258e+05
7.723100e-01	1.244874e+05	-8.954662e-02	1.740041e-01	0.000000e+00	-3.116104e+03	1.276035e+05
7.735000e-01	1.241847e+05	-8.975379e-02	1.741802e-01	0.000000e+00	-2.648289e+03	1.268329e+05
7.746900e-01	1.231688e+05	-8.996117e-02	1.743554e-01	0.000000e+00	-1.657428e+03	1.248263e+05
7.758800e-01	1.188731e+05	-9.016875e-02	1.745268e-01	0.000000e+00	-4.297116e+03	1.231702e+05
7.770700e-01	1.222205e+05	-9.037654e-02	1.746975e-01	0.000000e+00	-3.777162e+03	1.259977e+05
7.782600e-01	1.230033e+05	-9.058453e-02	1.748712e-01	0.000000e+00	-3.097766e+03	1.261010e+05
7.794500e-01	1.421879e+05	-9.079273e-02	1.750590e-01	0.000000e+00	-1.842771e+03	1.440307e+05
7.806400e-01	1.464633e+05	-9.100117e-02	1.752634e-01	0.000000e+00	-2.883750e+03	1.493471e+05
7.818300e-01	1.525424e+05	-9.120986e-02	1.754751e-01	0.000000e+00	-2.024321e+03	1.545667e+05
7.830200e-01	1.416432e+05	-9.141881e-02	1.756834e-01	0.000000e+00	-9.236680e+02	1.425668e+05
7.842100e-01	1.374762e+05	-9.162799e-02	1.758811e-01	0.000000e+00	-7.254044e+02	1.382016e+05
7.854000e-01	1.510420e+05	-9.183740e-02	1.760854e-01	0.000000e+00	-1.037547e+03	1.520795e+05
7.865900e-01	1.333755e+05	-9.204707e-02	1.762868e-01	0.000000e+00	-1.527282e+03	1.349028e+05
7.877800e-01	1.111389e+05	-9.225697e-02	1.764600e-01	0.000000e+00	-2.710651e+03	1.138495e+05
7.889700e-01	1.307285e+05	-9.246705e-02	1.766313e-01	0.000000e+00	-4.152578e+03	1.348811e+05
7.901600e-01	1.355240e+05	-9.267735e-02	1.768198e-01	0.000000e+00	-3.372047e+03	1.388960e+05
7.913500e-01	1.397110e+05	-9.288788e-02	1.770147e-01	0.000000e+00	-1.803546e+03	1.415146e+05
7.925400e-01	1.443803e+05	-9.309864e-02	1.772159e-01	0.000000e+00	-2.038911e+03	1.464193e+05
7.937300e-01	1.370283e+05	-9.330965e-02	1.774152e-01	0.000000e+00	-1.004498e+03	1.380328e+05
7.949200e-01	1.329011e+05	-9.352089e-02	1.776064e-01	0.000000e+00	-6.820903e+02	1.335832e+05
7.961100e-01	1.304927e+05	-9.373235e-02	1.777929e-01	0.000000e+00	-1.582458e+02	1.306510e+05
7.973000e-01	1.308918e+05	-9.394404e-02	1.779780e-01	0.000000e+00	-3.032170e+03	1.339239e+05
7.984900e-01	1.389634e+05	-9.415594e-02	1.781691e-01	0.000000e+00	-6.039816e+03	1.450032e+05
7.996800e-01	1.364311e+05	-9.436808e-02	1.783641e-01	0.000000e+00	-1.012048e+03	1.374432e+05
8.008700e-01	1.379439e+05	-9.458045e-02	1.785584e-01	0.000000e+00	-2.557750e+03	1.405017e+05
8.020600e-01	1.391007e+05	-9.479305e-02	1.787546e-01	0.000000e+00	-8.035940e+02	1.399043e+05
8.032500e-01	1.302418e+05	-9.500588e-02	1.789454e-01	0.000000e+00	-9.179033e+02	1.311597e+05
8.044400e-01	1.262688e+05	-9.521894e-02	1.791270e-01	0.000000e+00	-1.875866e+03	1.281447e+05
8.056300e-01	1.411099e+05	-9.543221e-02	1.793164e-01	0.000000e+00	-2.971258e+03	1.440812e+05
8.068200e-01	1.412922e+05	-9.564571e-02	1.795163e-01	0.000000e+00	-1.797998e+03	1.430902e+05
8.080100e-01	1.457708e+05	-9.585946e-02	1.797196e-01	0.000000e+00	-2.096119e+02	1.459804e+05
8.092000e-01	1.330844e+05	-9.607345e-02	1.799171e-01	0.000000e+00	-9.478647e+02	1.340323e+05
8.103900e-01	1.379460e+05	-9.628766e-02	1.801090e-01	0.000000e+00	-2.859618e+03	1.408057e+05
8.115800e-01	1.367397e+05	-9.650210e-02	1.803036e-01	0.000000e+00	-1.566126e+03	1.383058e+05
8.127700e-01	1.410269e+05	-9.671678e-02	1.805003e-01	0.000000e+00	-3.157364e+03	1.441843e+05
8.139600e-01	1.428346e+05	-9.693170e-02	1.807013e-01	0.000000e+00	-1.721016e+03	1.445556e+05
8.151500e-01	1.324736e+05	-9.714685e-02	1.808962e-01	0.000000e+00	-5.141045e+02	1.329877e+05
8.163400e-01	1.323498e+05	-9.736223e-02	1.810838e-01	0.000000e+00	-7.890008e+02	1.331388e+05
8.175300e-01	1.208352e+05	-9.757783e-02	1.812631e-01	0.000000e+00	-8.788049e+02	1.217140e+05
8.187200e-01	1.414038e+05	-9.779363e-02	1.814488e-01	0.000000e+00	-9.637449e+02	1.423676e+05
8.199100e-01	1.221022e+05	-9.800968e-02	1.816354e-01	0.000000e+00	-1.529037e+03	1.236312e+05
8.211000e-01	1.237230e+05	-9.822593e-02	1.818095e-01	0.000000e+00	-1.846169e+03	1.255692e+05
8.222900e-01	1.306553e+05	-9.844238e-02	1.819896e-01	0.000000e+00	-3.677207e+03	1.343325e+05
8.234800e-01	1.265403e+05	-9.865906e-02	1.821718e-01	0.000000e+00	-1.474658e+03	1.280150e+05
8.246700e-01	1.347179e+05	-9.887595e-02	1.823568e-01	0.000000e+00	-1.688888e+03	1.364068e+05
8.258600e-01	1.326399e+05	-9.909307e-02	1.825461e-01	0.000000e+00	-2.781729e+03	1.354217e+05
8.270500e-01	1.383983e+05	-9.931041e-02	1.827380e-01	0.000000e+00	-1.533209e+03	1.399315e+05
8.282400e-01	1.321522e+05	-9.952799e-02	1.829296e-01	0.000000e+00	-2.370792e+03	1.345230e+05
8.294300e-01	1.286627e+05	-9.974579e-02	1.831143e-01	0.000000e+00	-2.451590e+03	1.311143e+05
8.306200e-01	1.428781e+05	-9.996380e-02	1.833066e-01	0.000000e+00	-5.202198e+03	1.480803e+05
8.318100e-01	1.303146e+05	-1.001821e-01	1.835001e-01	0.000000e+00	-3.054579e+03	1.333691e+05
8.330000e-01	1.226465e+05	-1.004005e-01	1.836792e-01	0.000000e+00	-3.031466e+03	1.256779e+05
8.341900e-01	1.291235e+05	-1.006192e-01	1.838575e-01	0.000000e+00	-5.227782e+02	1.296463e+05
8.353800e-01	1.222782e+05	-1.008381e-01	1.840356e-01	0.000000e+00	-1.429862e+03	1.237080e+05
8.365700e-01	1.176708e+05	-1.010572e-01	1.842055e-01	0.000000e+00	-1.097262e+03	1.187680e+05
8.377600e-01	1.267035e+05	-1.012765e-01	1.843786e-01	0.000000e+00	-2.163961e+03	1.288674e+05
8.389500e-01	1.408130e+05	-1.014960e-01	1.845680e-01	0.000000e+00	-2.031406e+03	1.428444e+05
8.401400e-01	1.424161e+05	-1.017158e-01	1.847686e-01	0.000000e+00	-2.135320e+03	1.445514e+05
8.413300e-01	1.323551e+05	-1.019358e-01	1.849632e-01	0.000000e+00	-2.236250e+03	1.345913e+05
8.425200e-01	1.353885e+05	-1.021560e-01	1.851528e-01	0.000000e+00	-2.117580e+03	1.375061e+05
8.437100e-01	1.444437e+05	-1.023765e-01	1.853509e-01	0.000000e+00	-3.201688e+02	1.447639e+05
8.449000e-01	1.281927e+05	-1.025971e-01	1.855440e-01	0.000000e+00	-1.114878e+03	1.293076e+05
8.460900e-01	1.340764e+05	-1.028180e-01	1.857297e-01	0.000000e+00	-1.319434e+03	1.353958e+05
8.472800e-01	1.303824e+05	-1.030392e-01	1.859170e-01	0.000000e+00	-1.120159e+03	1.315026e+05
8.484700e-01	1.189770e+05	-1.032605e-01	1.860936e-01	0.000000e+00	-2.820602e+03	1.217976e+05
8.496600e-01	1.248376e+05	-1.034821e-01	1.862663e-01	0.000000e+00	-1.402799e+03	1.262404e+05
8.508500e-01	1.327249e+05	-1.037038e-01	1.864487e-01	0.000000e+00	-6.904305e+02	1.334153e+05
8.520400e-01	1.338779e+05	-1.039258e-01	1.866375e-01	0.000000e+00	-2.673995e+03	1.365519e+05
8.532300e-01	1.424113e+05	-1.041480e-01	1.868331e-01	0.000000e+00	-2.109021e+03	1.445203e+05
8.544200e-01	1.267275e+05	-1.043705e-01	1.870237e-01	0.000000e+00	-3.131740e+03	1.298592e+05
8.556100e-01	1.317676e+05	-1.045932e-01	1.872068e-01	0.000000e+00	-1.828527e+03	1.335961e+05
8.568000e-01	1.388061e+05	-1.048160e-01	1.873984e-01	0.000000e+00	-3.191636e+03	1.419977e+05
8.579900e-01	1.337278e+05	-1.050392e-01	1.875914e-01	0.000000e+00	-2.646358e+03	1.363742e+05
8.591800e-01	1.307875e+05	-1.052625e-01	1.877787e-01	0.000000e+00	-2.377091e+02	1.310252e+05
8.603700e-01	1.355705e+05	-1.054861e-01	1.879673e-01	0.000000e+00	-2.212290e+03	1.377828e+05
8.615600e-01	1.277154e+05	-1.057099e-01	1.881538e-01	0.000000e+00	-4.564166e+03	1.322796e+05
8.627500e-01	1.404604e+05	-1.059339e-01	1.883437e-01	0.000000e+00	-1.917128e+03	1.423776e+05
8.639400e-01	1.396711e+05	-1.061581e-01	1.885421e-01	0.000000e+00	-9.927826e+02	1.406639e+05
8.651300e-01	1.390196e+05	-1.063826e-01	1.887394e-01	0.000000e+00	-3.345056e+03	1.423646e+05
8.663200e-01	1.291901e+05	-1.066073e-01	1.889294e-01	0.000000e+00	-9.939522e+02	1.301841e+05
8.675100e-01	1.255462e+05	-1.068323e-01	1.891097e-01	0.000000e+00	-1.845074e+03	1.273913e+05
8.687000e-01	1.335658e+05	-1.070574e-01	1.892932e-01	0.000000e+00	-2.198403e+03	1.357642e+05
8.698900e-01	1.354787e+05	-1.072828e-01	1.894838e-01	0.000000e+00	-2.098768e+03	1.375775e+05
8.710800e-01	1.278268e+05	-1.075084e-01	1.896702e-01	0.000000e+00	-1.443410e+03	1.292702e+05
8.722700e-01	1.284335e+05	-1.077342e-01	1.898517e-01	0.000000e+00	-6.761137e+02	1.291096e+05
8.734600e-01	1.338245e+05	-1.079602e-01	1.900374e-01	0.000000e+00	-5.518311e+02	1.343764e+05
8.746500e-01	1.307193e+05	-1.081865e-01	1.902248e-01	0.000000e+00	-1.633786e+03	1.323531e+05
8.758400e-01	1.413536e+05	-1.084130e-01	1.904174e-01	0.000000e+00	-1.480274e+03	1.428339e+05
8.770300e-01	1.220240e+05	-1.086397e-01	1.906040e-01	0.000000e+00	-4.976486e+03	1.270005e+05
8.782200e-01	1.360210e+05	-1.088666e-01	1.907867e-01	0.000000e+00	-2.724932e+03	1.387460e+05
8.794100e-01	1.342681e+05	-1.090938e-01	1.909781e-01	0.000000e+00	-5.616190e+02	1.348298e+05
8.806000e-01	1.269876e+05	-1.093211e-01	1.911631e-01	0.000000e+00	-1.154120e+02	1.271030e+05
8.817900e-01	1.128920e+05	-1.095487e-01	1.913330e-01	0.000000e+00	-2.024799e+03	1.149168e+05
8.829800e-01	1.232900e+05	-1.097765e-01	1.915002e-01	0.000000e+00	-2.281082e+03	1.255711e+05
8.841700e-01	1.321298e+05	-1.100045e-01	1.916811e-01	0.000000e+00	-2.360594e+03	1.344904e+05
8.853600e-01	1.448585e+05	-1.102327e-01	1.918773e-01	0.000000e+00	-1.376521e+03	1.462350e+05
8.865500e-01	1.321129e+05	-1.104612e-01	1.920734e-01	0.000000e+00	-5.662501e+02	1.326792e+05
8.877400e-01	1.375021e+05	-1.106898e-01	1.922644e-01	0.000000e+00	-5.190398e+02	1.380212e+05
8.889300e-01	1.413161e+05	-1.109187e-01	1.924618e-01	0.000000e+00	0.000000e+00	1.413161e+05
8.901200e-01	1.309525e+05	-1.111479e-01	1.926546e-01	0.000000e+00	-1.484342e+02	1.311009e+05
8.913100e-01	1.355087e+05	-1.113773e-01	1.928433e-01	0.000000e+00	-2.153750e+03	1.376624e+05
8.925000e-01	1.330665e+05	-1.116069e-01	1.930335e-01	0.000000e+00	-1.059160e+03	1.341257e+05
8.936900e-01	1.274556e+05	-1.118367e-01	1.932180e-01	0.000000e+00	-9.279752e+02	1.283836e+05
8.948800e-01	1.143374e+05	-1.120667e-01	1.933892e-01	0.000000e+00	-9.713360e+02	1.153087e+05
8.960700e-01	1.135815e+05	-1.122970e-01	1.935506e-01	0.000000e+00	-2.372261e+03	1.159537e+05
8.972600e-01	1.430748e+05	-1.125274e-01	1.937324e-01	0.000000e+00	-1.134680e+03	1.442095e+05
8.984500e-01	1.452661e+05	-1.127580e-01	1.939366e-01	0.000000e+00	-1.152834e+03	1.464189e+05
8.996400e-01	1.487975e+05	-1.129889e-01	1.941448e-01	0.000000e+00	-2.785889e+03	1.515834e+05
9.008300e-01	1.265749e+05	-1.132201e-01	1.943398e-01	0.000000e+00	-3.347983e+03	1.299229e+05
9.020200e-01	1.433365e+05	-1.134515e-01	1.945310e-01	0.000000e+00	-1.555023e+03	1.448915e+05
9.032100e-01	1.318918e+05	-1.136831e-01	1.947259e-01	0.000000e+00	-3.773321e+01	1.319295e+05
9.044000e-01	1.217919e+05	-1.139149e-01	1.949055e-01	0.000000e+00	-2.097914e+03	1.238898e+05
9.055900e-01	1.362112e+05	-1.141470e-01	1.950882e-01	0.000000e+00	-1.852312e+03	1.380635e+05
9.067800e-01	1.256026e+05	-1.143792e-01	1.952737e-01	0.000000e+00	-2.001627e+03	1.276042e+05
9.079700e-01	1.320539e+05	-1.146117e-01	1.954561e-01	0.000000e+00	-1.664573e+03	1.337185e+05
9.091600e-01	1.343897e+05	-1.148444e-01	1.956448e-01	0.000000e+00	-7.869365e+02	1.351766e+05
9.103500e-01	1.295594e+05	-1.150773e-01	1.958317e-01	0.000000e+00	-6.570335e+02	1.302165e+05
9.115400e-01	1.303210e+05	-1.153105e-01	1.960158e-01	0.000000e+00	-1.014540e+03	1.313355e+05
9.127300e-01	1.321262e+05	-1.155439e-01	1.962016e-01	0.000000e+00	-1.404566e+03	1.335307e+05
9.139200e-01	1.271796e+05	-1.157775e-01	1.963852e-01	0.000000e+00	-1.246587e+03	1.284262e+05
9.151100e-01	1.416896e+05	-1.160113e-01	1.965756e-01	0.000000e+00	-2.287675e+03	1.439773e+05
9.163000e-01	1.492346e+05	-1.162453e-01	1.967817e-01	0.000000e+00	-9.526232e+02	1.501873e+05
9.174900e-01	1.678108e+05	-1.164796e-01	1.970062e-01	0.000000e+00	-1.037047e+03	1.688479e+05
9.186800e-01	1.512161e+05	-1.167142e-01	1.972321e-01	0.000000e+00	-2.464130e+03	1.536802e+05
9.198700e-01	1.350538e+05	-1.169490e-01	1.974348e-01	0.000000e+00	-1.540840e+03	1.365946e+05
9.210600e-01	1.334482e+05	-1.171841e-01	1.976250e-01	0.000000e+00	-6.716357e+02	1.341198e+05
9.222500e-01	1.489974e+05	-1.174194e-01	1.978250e-01	0.000000e+00	-1.606913e+03	1.506043e+05
9.234400e-01	1.417207e+05	-1.176549e-01	1.980309e-01	0.000000e+00	-6.961194e+02	1.424169e+05
9.246300e-01	1.341050e+05	-1.178907e-01	1.982262e-01	0.000000e+00	-1.139976e+03	1.352449e+05
9.258200e-01	1.442979e+05	-1.181267e-01	1.984234e-01	0.000000e+00	-1.511233e+03	1.458091e+05
9.270100e-01	1.368904e+05	-1.183629e-01	1.986225e-01	0.000000e+00	-2.564764e+02	1.371468e+05
9.282000e-01	1.442346e+05	-1.185994e-01	1.988216e-01	0.000000e+00	-4.803304e+02	1.447150e+05
9.293900e-01	1.310456e+05	-1.188361e-01	1.990165e-01	0.000000e+00	-1.866264e+03	1.329119e+05
9.305800e-01	1.184917e+05	-1.190731e-01	1.991932e-01	0.000000e+00	-1.147769e+03	1.196395e+05
9.317700e-01	1.417737e+05	-1.193102e-01	1.993775e-01	0.000000e+00	-1.383635e+03	1.431573e+05
9.329600e-01	1.342033e+05	-1.195476e-01	1.995730e-01	0.000000e+00	-3.299616e+02	1.345332e+05
9.341500e-01	1.303534e+05	-1.197852e-01	1.997603e-01	0.000000e+00	-1.009915e+03	1.313633e+05
9.353400e-01	1.378613e+05	-1.200230e-01	1.999503e-01	0.000000e+00	-1.220378e+03	1.390817e+05
9.365300e-01	1.351038e+05	-1.202611e-01	2.001436e-01	0.000000e+00	-1.676155e+03	1.367800e+05
9.377200e-01	1.515812e+05	-1.204993e-01	2.003466e-01	0.000000e+00	-1.809961e+03	1.533912e+05
9.389100e-01	1.391128e+05	-1.207379e-01	2.005525e-01	0.000000e+00	-9.785039e+02	1.400914e+05
9.401000e-01	1.213895e+05	-1.209767e-01	2.007369e-01	0.000000e+00	-1.860903e+03	1.232504e+05
9.412900e-01	1.241808e+05	-1.212156e-01	2.009108e-01	0.000000e+00	-1.051873e+03	1.252327e+05
9.424800e-01	1.388633e+05	-1.214548e-01	2.010971e-01	0.000000e+00	-1.036511e+03	1.398998e+05
9.436700e-01	1.260265e+05	-1.216943e-01	2.012847e-01	0.000000e+00	-3.799491e+02	1.264064e+05
9.448600e-01	1.230934e+05	-1.219339e-01	2.014611e-01	0.000000e+00	-1.350796e+03	1.244442e+05
9.460500e-01	1.335104e+05	-1.221737e-01	2.016428e-01	0.000000e+00	-2.512389e+02	1.337616e+05
9.472400e-01	1.343419e+05	-1.224138e-01	2.018325e-01	0.000000e+00	-1.430049e+03	1.357720e+05
9.484300e-01	1.337204e+05	-1.226541e-01	2.020224e-01	0.000000e+00	-1.252313e+02	1.338457e+05
9.496200e-01	1.428117e+05	-1.228946e-01	2.022182e-01	0.000000e+00	-1.457167e+03	1.442688e+05
9.508100e-01	1.230475e+05	-1.231354e-01	2.024065e-01	0.000000e+00	-7.797359e+02	1.238273e+05
9.520000e-01	1.261681e+05	-1.233763e-01	2.025829e-01	0.000000e+00	-1.925543e+03	1.280937e+05
9.531900e-01	1.228430e+05	-1.236175e-01	2.027593e-01	0.000000e+00	-8.178778e+02	1.236609e+05
9.543800e-01	1.323106e+05	-1.238589e-01	2.029400e-01	0.000000e+00	-7.862119e+02	1.330968e+05
9.555700e-01	1.120083e+05	-1.241005e-01	2.031130e-01	0.000000e+00	-1.636896e+03	1.136452e+05
9.567600e-01	1.305942e+05	-1.243423e-01	2.032848e-01	0.000000e+00	-9.790021e+01	1.306921e+05
9.579500e-01	1.384635e+05	-1.245843e-01	2.034753e-01	0.000000e+00	-6.475482e+02	1.391111e+05
9.591400e-01	1.448388e+05	-1.248266e-01	2.036760e-01	0.000000e+00	-1.098767e+03	1.459376e+05
9.603300e-01	1.379867e+05	-1.250691e-01	2.038762e-01	0.000000e+00	-1.716164e+03	1.397029e+05
9.615200e-01	1.317226e+05	-1.253118e-01	2.040672e-01	0.000000e+00	-2.255364e+03	1.339779e+05
9.627100e-01	1.361032e+05	-1.255548e-01	2.042569e-01	0.000000e+00	-7.886376e+02	1.368918e+05
9.639000e-01	1.431436e+05	-1.257979e-01	2.044547e-01	0.000000e+00	-7.317674e+02	1.438753e+05
9.650900e-01	1.210607e+05	-1.260414e-01	2.046418e-01	0.000000e+00	-1.852151e+03	1.229129e+05
9.662800e-01	1.177010e+05	-1.262850e-01	2.048108e-01	0.000000e+00	-1.521285e+03	1.192223e+05
9.674700e-01	1.264652e+05	-1.265288e-01	2.049838e-01	0.000000e+00	-1.922348e+03	1.283875e+05
9.686600e-01	1.380978e+05	-1.267728e-01	2.051711e-01	0.000000e+00	-1.039953e+03	1.391378e+05
9.698500e-01	1.435451e+05	-1.270171e-01	2.053706e-01	0.000000e+00	-1.321521e+03	1.448666e+05
9.710400e-01	1.336052e+05	-1.272616e-01	2.055668e-01	0.000000e+00	-1.782740e+03	1.353880e+05
9.722300e-01	1.455523e+05	-1.275064e-01	2.057645e-01	0.000000e+00	-1.910122e+03	1.474624e+05
9.734200e-01	1.351721e+05	-1.277514e-01	2.059633e-01	0.000000e+00	-1.579700e+03	1.367518e+05
9.746100e-01	1.324174e+05	-1.279966e-01	2.061528e-01	0.000000e+00	-6.514150e+02	1.330688e+05
9.758000e-01	1.360682e+05	-1.282420e-01	2.063429e-01	0.000000e+00	-1.721764e+03	1.377900e+05
9.769900e-01	1.384926e+05	-1.284877e-01	2.065374e-01	0.000000e+00	-1.828502e+03	1.403211e+05
9.781800e-01	1.411406e+05	-1.287336e-01	2.067354e-01	0.000000e+00	-5.194517e+01	1.411926e+05
9.793700e-01	1.217815e+05	-1.289797e-01	2.069216e-01	0.000000e+00	-2.720535e+03	1.245020e+05
9.805600e-01	1.249255e+05	-1.292260e-01	2.070963e-01	0.000000e+00	-3.452822e+03	1.283783e+05
9.817500e-01	1.398187e+05	-1.294726e-01	2.072838e-01	0.000000e+00	-4.973870e+02	1.403161e+05
9.829400e-01	1.540565e+05	-1.297194e-01	2.074919e-01	0.000000e+00	-4.562592e+02	1.545128e+05
9.841300e-01	1.363492e+05	-1.299664e-01	2.076976e-01	0.000000e+00	-9.244779e+02	1.372736e+05
9.853200e-01	1.264074e+05	-1.302137e-01	2.078836e-01	0.000000e+00	-2.999352e+02	1.267074e+05
9.865100e-01	1.390912e+05	-1.304612e-01	2.080716e-01	0.000000e+00	-7.420565e+02	1.398332e+05
9.877000e-01	1.204055e+05	-1.307089e-01	2.082554e-01	0.000000e+00	-1.262798e+03	1.216683e+05
9.888900e-01	1.307359e+05	-1.309568e-01	2.084333e-01	0.000000e+00	-5.161538e+02	1.312521e+05
9.900800e-01	1.263624e+05	-1.312050e-01	2.086153e-01	0.000000e+00	-4.578380e+01	1.264082e+05
9.912700e-01	1.314160e+05	-1.314533e-01	2.087979e-01	0.000000e+00	-7.945523e+02	1.322105e+05
9.924600e-01	1.565870e+05	-1.317019e-01	2.090018e-01	0.000000e+00	-1.513930e+03	1.581009e+05
9.936500e-01	1.482467e+05	-1.319507e-01	2.092177e-01	0.000000e+00	-1.007079e+03	1.492537e+05
9.948400e-01	1.250944e+05	-1.321998e-01	2.094113e-01	0.000000e+00	-8.323569e+02	1.259268e+05
9.960300e-01	1.356326e+05	-1.324491e-01	2.095959e-01	0.000000e+00	-8.483153e+02	1.364810e+05
9.972200e-01	1.276033e+05	-1.326987e-01	2.097823e-01	0.000000e+00	-2.211970e+02	1.278245e+05
9.984100e-01	1.337490e+05	-1.329484e-01	2.099674e-01	0.000000e+00	-1.459475e+03	1.352085e+05
9.996000e-01	1.229054e+05	-1.331984e-01	2.101492e-01	0.000000e+00	0.000000e+00	1.229054e+05
1.000790e+00	1.256580e+05	-1.334486e-01	2.103252e-01	0.000000e+00	-1.119653e+03	1.267776e+05
1.001980e+00	1.310108e+05	-1.336990e-01	2.105069e-01	0.000000e+00	-1.401356e+03	1.324122e+05
1.003170e+00	1.235049e+05	-1.339496e-01	2.106872e-01	0.000000e+00	-3.014831e+02	1.238063e+05
1.004360e+00	1.409033e+05	-1.342004e-01	2.108744e-01	0.000000e+00	-1.661035e+03	1.425643e+05
1.005550e+00	1.279781e+05	-1.344515e-01	2.110648e-01	0.000000e+00	-8.613065e+02	1.288394e+05
1.006740e+00	1.234395e+05	-1.347027e-01	2.112429e-01	0.000000e+00	-1.746824e+03	1.251863e+05
1.007930e+00	1.313555e+05	-1.349542e-01	2.114233e-01	0.000000e+00	-2.633317e+03	1.339888e+05
1.009120e+00	1.394157e+05	-1.352059e-01	2.116151e-01	0.000000e+00	-3.328630e+03	1.427444e+05
1.010310e+00	1.435264e+05	-1.354579e-01	2.118154e-01	0.000000e+00	-8.126039e+02	1.443390e+05
1.011500e+00	1.477139e+05	-1.357101e-01	2.120217e-01	0.000000e+00	-4.195065e+02	1.481334e+05
1.012690e+00	1.405811e+05	-1.359625e-01	2.122259e-01	0.000000e+00	0.000000e+00	1.405811e+05
1.013880e+00	1.244163e+05	-1.362152e-01	2.124135e-01	0.000000e+00	-4.985805e+02	1.249149e+05
1.015070e+00	1.311697e+05	-1.364680e-01	2.125945e-01	0.000000e+00	-1.196807e+03	1.323665e+05
1.016260e+00	1.307507e+05	-1.367211e-01	2.127800e-01	0.000000e+00	-1.226823e+03	1.319776e+05
1.017450e+00	1.305995e+05	-1.369744e-01	2.129651e-01	0.000000e+00	-7.378758e+02	1.313373e+05
1.018640e+00	1.343842e+05	-1.372280e-01	2.131527e-01	0.000000e+00	-8.847610e+02	1.352690e+05
1.019830e+00	1.326420e+05	-1.374817e-01	2.133418e-01	0.000000e+00	-1.299026e+03	1.339410e+05
1.021020e+00	1.256986e+05	-1.377357e-01	2.135248e-01	0.000000e+00	-1.208765e+03	1.269074e+05
1.022210e+00	1.356878e+05	-1.379899e-01	2.137099e-01	0.000000e+00	-1.822438e+03	1.375102e+05
1.023400e+00	1.318362e+05	-1.382444e-01	2.138993e-01	0.000000e+00	-1.601362e+03	1.334376e+05
1.024590e+00	1.283088e+05	-1.384990e-01	2.140836e-01	0.000000e+00	-2.791986e+03	1.311008e+05
1.025780e+00	1.379960e+05	-1.387539e-01	2.142721e-01	0.000000e+00	-3.118388e+03	1.411144e+05
1.026970e+00	1.386037e+05	-1.390090e-01	2.144680e-01	0.000000e+00	-4.199097e+02	1.390237e+05
1.028160e+00	1.334397e+05	-1.392643e-01	2.146607e-01	0.000000e+00	-8.450449e+02	1.342848e+05
1.029350e+00	1.361210e+05	-1.395199e-01	2.148516e-01	0.000000e+00	-8.356274e+02	1.369566e+05
1.030540e+00	1.484788e+05	-1.397757e-01	2.150531e-01	0.000000e+00	-8.079358e+02	1.492867e+05
1.031730e+00	1.459020e+05	-1.400317e-01	2.152616e-01	0.000000e+00	-6.816945e+02	1.465837e+05
1.032920e+00	1.218441e+05	-1.402880e-01	2.154512e-01	0.000000e+00	-2.059446e+02	1.220500e+05
1.034110e+00	1.292842e+05	-1.405445e-01	2.156290e-01	0.000000e+00	-8.254335e+02	1.301096e+05
1.035300e+00	1.397453e+05	-1.408012e-01	2.158195e-01	0.000000e+00	0.000000e+00	1.397453e+05
1.036490e+00	1.667738e+05	-1.410581e-01	2.160366e-01	0.000000e+00	-4.507728e+02	1.672246e+05
1.037680e+00	1.375319e+05	-1.413154e-01	2.162521e-01	0.000000e+00	-3.773981e+03	1.413058e+05
1.038870e+00	1.314552e+05	-1.415728e-01	2.164426e-01	0.000000e+00	-8.172635e+02	1.322725e+05
1.040060e+00	1.273350e+05	-1.418305e-01	2.166259e-01	0.000000e+00	-2.115751e+01	1.273562e+05
1.041250e+00	1.167029e+05	-1.420884e-01	2.167987e-01	0.000000e+00	-1.253379e+03	1.179563e+05
1.042440e+00	1.384634e+05	-1.423465e-01	2.169794e-01	0.000000e+00	-1.049889e+03	1.395133e+05
1.043630e+00	1.219737e+05	-1.426048e-01	2.171638e-01	0.000000e+00	-1.965829e+02	1.221703e+05
1.044820e+00	1.300641e+05	-1.428633e-01	2.173423e-01	0.000000e+00	-1.173735e+03	1.312378e+05
1.046010e+00	1.413922e+05	-1.431221e-01	2.175345e-01	0.000000e+00	-5.069376e+02	1.418991e+05
1.047200e+00	1.418587e+05	-1.433810e-01	2.177351e-01	0.000000e+00	-7.433177e+02	1.426020e+05
1.048390e+00	1.310024e+05	-1.436403e-01	2.179284e-01	0.000000e+00	-1.389469e+03	1.323918e+05
1.049580e+00	1.356158e+05	-1.438997e-01	2.181172e-01	0.000000e+00	-6.520986e+02	1.362679e+05
1.050770e+00	1.450386e+05	-1.441594e-01	2.183159e-01	0.000000e+00	-2.311841e+03	1.473504e+05
1.051960e+00	1.357863e+05	-1.444193e-01	2.185148e-01	0.000000e+00	-3.501510e+03	1.392878e+05
1.053150e+00	1.395540e+05	-1.446795e-01	2.187098e-01	0.000000e+00	-6.454618e+02	1.401994e+05
1.054340e+00	1.360211e+05	-1.449398e-01	2.189049e-01	0.000000e+00	0.000000e+00	1.360211e+05
1.055530e+00	1.405002e+05	-1.452005e-01	2.191007e-01	0.000000e+00	0.000000e+00	1.405002e+05
1.056720e+00	1.328815e+05	-1.454613e-01	2.192943e-01	0.000000e+00	-6.838742e+02	1.335654e+05
1.057910e+00	1.277755e+05	-1.457224e-01	2.194789e-01	0.000000e+00	-2.367114e+02	1.280122e+05
1.059100e+00	1.291720e+05	-1.459837e-01	2.196609e-01	0.000000e+00	-1.112332e+03	1.302844e+05
1.060290e+00	1.326470e+05	-1.462452e-01	2.198463e-01	0.000000e+00	-8.312125e+02	1.334782e+05
1.061480e+00	1.268834e+05	-1.465069e-01	2.200301e-01	0.000000e+00	-7.961112e+02	1.276796e+05
1.062670e+00	1.187387e+05	-1.467688e-01	2.202040e-01	0.000000e+00	-5.414393e+02	1.192801e+05
1.063860e+00	1.100690e+05	-1.470310e-01	2.203661e-01	0.000000e+00	0.000000e+00	1.100690e+05
1.065050e+00	1.121340e+05	-1.472933e-01	2.205234e-01	0.000000e+00	-8.234773e+02	1.129575e+05
1.066240e+00	1.424389e+05	-1.475558e-01	2.207037e-01	0.000000e+00	-8.612643e+02	1.433001e+05
1.067430e+00	1.453825e+05	-1.478186e-01	2.209075e-01	0.000000e+00	-1.693239e+03	1.470758e+05
1.068620e+00	1.592121e+05	-1.480816e-01	2.211232e-01	0.000000e+00	-1.150649e+03	1.603628e+05
1.069810e+00	1.543179e+05	-1.483449e-01	2.213453e-01	0.000000e+00	-1.353723e+03	1.556716e+05
1.071000e+00	1.368840e+05	-1.486084e-01	2.215515e-01	0.000000e+00	-3.498234e+02	1.372338e+05
1.072190e+00	1.271346e+05	-1.488721e-01	2.217384e-01	0.000000e+00	-4.905127e+02	1.276251e+05
1.073380e+00	1.273216e+05	-1.491361e-01	2.219186e-01	0.000000e+00	-1.226598e+03	1.285482e+05
1.074570e+00	1.345471e+05	-1.494003e-01	2.221041e-01	0.000000e+00	-3.147877e+03	1.376949e+05
1.075760e+00	1.248502e+05	-1.496647e-01	2.222878e-01	0.000000e+00	-6.675421e+02	1.255178e+05
1.076950e+00	1.309116e+05	-1.499294e-01	2.224689e-01	0.000000e+00	0.000000e+00	1.309116e+05
1.078140e+00	1.449769e+05	-1.501942e-01	2.226643e-01	0.000000e+00	0.000000e+00	1.449769e+05
1.079330e+00	1.407285e+05	-1.504593e-01	2.228666e-01	0.000000e+00	-6.307262e+02	1.413592e+05
1.080520e+00	1.387289e+05	-1.507246e-01	2.230645e-01	0.000000e+00	-1.003936e+03	1.397328e+05
1.081710e+00	1.471847e+05	-1.509902e-01	2.232670e-01	0.000000e+00	-1.248640e+03	1.484333e+05
1.082900e+00	1.426786e+05	-1.512560e-01	2.234723e-01	0.000000e+00	-1.458114e+03	1.441367e+05
1.084090e+00	1.322277e+05	-1.515221e-01	2.236669e-01	0.000000e+00	-2.523398e+03	1.347511e+05
1.085280e+00	1.162982e+05	-1.517883e-01	2.238429e-01	0.000000e+00	-1.558654e+03	1.178568e+05
1.086470e+00	1.311769e+05	-1.520548e-01	2.240182e-01	0.000000e+00	-1.317952e+03	1.324948e+05
1.087660e+00	1.421259e+05	-1.523215e-01	2.242117e-01	0.000000e+00	-6.606850e+02	1.427866e+05
1.088850e+00	1.350098e+05	-1.525884e-01	2.244080e-01	0.000000e+00	-5.222652e+02	1.355321e+05
1.090040e+00	1.326735e+05	-1.528556e-01	2.245976e-01	0.000000e+00	0.000000e+00	1.326735e+05
1.091230e+00	1.415402e+05	-1.531230e-01	2.247917e-01	0.000000e+00	0.000000e+00	1.415402e+05
1.092420e+00	1.475727e+05	-1.533906e-01	2.249965e-01	0.000000e+00	-1.492809e+02	1.477220e+05
1.093610e+00	1.323880e+05	-1.536585e-01	2.251947e-01	0.000000e+00	-1.606595e+03	1.339946e+05
1.094800e+00	1.487128e+05	-1.539266e-01	2.253938e-01	0.000000e+00	-1.179315e+03	1.498921e+05
1.095990e+00	1.370172e+05	-1.541949e-01	2.255961e-01	0.000000e+00	-1.148906e+03	1.381661e+05
1.097180e+00	1.193722e+05	-1.544635e-01	2.257777e-01	0.000000e+00	-1.175841e+02	1.194898e+05
1.098370e+00	1.409766e+05	-1.547322e-01	2.259621e-01	0.000000e+00	-8.581854e+02	1.418348e+05
1.099560e+00	1.490693e+05	-1.550013e-01	2.261675e-01	0.000000e+00	-8.224869e+02	1.498918e+05
1.100750e+00	1.443118e+05	-1.552705e-01	2.263752e-01	0.000000e+00	0.000000e+00	1.443118e+05
1.101940e+00	1.215486e+05	-1.555400e-01	2.265635e-01	0.000000e+00	0.000000e+00	1.215486e+05
1.103130e+00	1.389775e+05	-1.558097e-01	2.267480e-01	0.000000e+00	-4.195885e+02	1.393971e+05
1.104320e+00	1.458862e+05	-1.560797e-01	2.269497e-01	0.000000e+00	-4.207477e+02	1.463070e+05
1.105510e+00	1.267008e+05	-1.563499e-01	2.271428e-01	0.000000e+00	-1.736052e+03	1.284368e+05
1.106700e+00	1.279600e+05	-1.566203e-01	2.273231e-01	0.000000e+00	-1.057621e+03	1.290176e+05
1.107890e+00	1.324449e+05	-1.568909e-01	2.275075e-01	0.000000e+00	-2.248344e+03	1.346933e+05
1.109080e+00	1.275536e+05	-1.571618e-01	2.276917e-01	0.000000e+00	-9.687342e+02	1.285224e+05
1.110270e+00	1.171794e+05	-1.574328e-01	2.278650e-01	0.000000e+00	-1.423973e+03	1.186034e+05
1.111460e+00	1.204797e+05	-1.577041e-01	2.280333e-01	0.000000e+00	-1.059621e+03	1.215394e+05
1.112650e+00	1.246529e+05	-1.579755e-01	2.282069e-01	0.000000e+00	-7.493520e+02	1.254022e+05
1.113840e+00	1.413870e+05	-1.582472e-01	2.283953e-01	0.000000e+00	-7.618954e+02	1.421489e+05
1.115030e+00	1.490493e+05	-1.585191e-01	2.286009e-01	0.000000e+00	-1.629919e+02	1.492123e+05
1.116220e+00	1.403155e+05	-1.587913e-01	2.288059e-01	0.000000e+00	-2.733891e+03	1.430494e+05
1.117410e+00	1.228139e+05	-1.590637e-01	2.289922e-01	0.000000e+00	-2.419598e+03	1.252335e+05
1.118600e+00	1.333769e+05	-1.593363e-01	2.291736e-01	0.000000e+00	-1.170515e+03	1.345474e+05
1.119790e+00	1.299696e+05	-1.596091e-01	2.293601e-01	0.000000e+00	-1.453396e+03	1.314230e+05
1.120980e+00	1.282902e+05	-1.598822e-01	2.295430e-01	0.000000e+00	-1.516129e+03	1.298064e+05
1.122170e+00	1.211820e+05	-1.601554e-01	2.297197e-01	0.000000e+00	-1.546289e+03	1.227283e+05
1.123360e+00	1.329729e+05	-1.604289e-01	2.298997e-01	0.000000e+00	0.000000e+00	1.329729e+05
1.124550e+00	1.256736e+05	-1.607026e-01	2.300828e-01	0.000000e+00	-6.805809e+02	1.263542e+05
1.125740e+00	1.291125e+05	-1.609765e-01	2.302632e-01	0.000000e+00	-1.662051e+03	1.307746e+05
1.126930e+00	1.409791e+05	-1.612506e-01	2.304545e-01	0.000000e+00	-1.783766e+02	1.411575e+05
1.128120e+00	1.360925e+05	-1.615250e-01	2.306507e-01	0.000000e+00	-6.573284e+02	1.367498e+05
1.129310e+00	1.447985e+05	-1.617996e-01	2.308496e-01	0.000000e+00	-1.023344e+03	1.458219e+05
1.130500e+00	1.531394e+05	-1.620744e-01	2.310606e-01	0.000000e+00	0.000000e+00	1.531394e+05
1.131690e+00	1.366188e+05	-1.623495e-01	2.312658e-01	0.000000e+00	-6.083791e+02	1.372271e+05
1.132880e+00	1.373177e+05	-1.626248e-01	2.314598e-01	0.000000e+00	-6.946516e+02	1.380124e+05
1.134070e+00	1.220314e+05	-1.629004e-01	2.316435e-01	0.000000e+00	-6.754218e+02	1.227069e+05
1.135260e+00	1.252821e+05	-1.631761e-01	2.318186e-01	0.000000e+00	-1.382892e+03	1.266650e+05
1.136450e+00	1.289567e+05	-1.634521e-01	2.319987e-01	0.000000e+00	-6.746957e+02	1.296314e+05
1.137640e+00	1.278074e+05	-1.637283e-01	2.321805e-01	0.000000e+00	-1.656404e+02	1.279730e+05
1.138830e+00	1.227008e+05	-1.640047e-01	2.323579e-01	0.000000e+00	0.000000e+00	1.227008e+05
1.140020e+00	1.269351e+05	-1.642813e-01	2.325347e-01	0.000000e+00	0.000000e+00	1.269351e+05
1.141210e+00	1.380879e+05	-1.645581e-01	2.327224e-01	0.000000e+00	-3.039079e+02	1.383918e+05
1.142400e+00	1.211468e+05	-1.648352e-01	2.329059e-01	0.000000e+00	-1.175159e+03	1.223220e+05
1.143590e+00	1.249304e+05	-1.651124e-01	2.330802e-01	0.000000e+00	-1.025672e+03	1.259561e+05
1.144780e+00	1.349136e+05	-1.653899e-01	2.332642e-01	0.000000e+00	-1.196786e+03	1.361104e+05
1.145970e+00	1.271462e+05	-1.656676e-01	2.334498e-01	0.000000e+00	-1.247299e+03	1.283935e+05
1.147160e+00	1.222475e+05	-1.659455e-01	2.336264e-01	0.000000e+00	-2.004516e+02	1.224479e+05
1.148350e+00	1.305111e+05	-1.662236e-01	2.338054e-01	0.000000e+00	-7.330782e+02	1.312442e+05
1.149540e+00	1.269722e+05	-1.665020e-01	2.339877e-01	0.000000e+00	0.000000e+00	1.269722e+05
1.150730e+00	1.369569e+05	-1.667805e-01	2.341747e-01	0.000000e+00	0.000000e+00	1.369569e+05
1.151920e+00	1.485468e+05	-1.670593e-01	2.343768e-01	0.000000e+00	0.000000e+00	1.485468e+05
1.153110e+00	1.282194e+05	-1.673383e-01	2.345728e-01	0.000000e+00	-1.520853e+03	1.297403e+05
1.154300e+00	1.374046e+05	-1.676176e-01	2.347609e-01	0.000000e+00	-3.796011e+02	1.377842e+05
1.155490e+00	1.476103e+05	-1.678971e-01	2.349628e-01	0.000000e+00	-6.205546e+02	1.482309e+05
1.156680e+00	1.257598e+05	-1.681768e-01	2.351564e-01	0.000000e+00	-4.273341e+02	1.261872e+05
1.157870e+00	1.379814e+05	-1.684567e-01	2.353431e-01	0.000000e+00	-4.130021e+02	1.383944e+05
1.159060e+00	1.292113e+05	-1.687369e-01	2.355324e-01	0.000000e+00	0.000000e+00	1.292113e+05
1.160250e+00	1.396013e+05	-1.690173e-01	2.357227e-01	0.000000e+00	-1.087905e+03	1.406892e+05
1.161440e+00	1.351808e+05	-1.692979e-01	2.359173e-01	0.000000e+00	-5.927670e+02	1.357736e+05
1.162630e+00	1.415420e+05	-1.695788e-01	2.361133e-01	0.000000e+00	-4.718011e+02	1.420138e+05
1.163820e+00	1.330954e+05	-1.698599e-01	2.363078e-01	0.000000e+00	-1.031676e+03	1.341270e+05
1.165010e+00	1.303891e+05	-1.701412e-01	2.364944e-01	0.000000e+00	-1.771956e+02	1.305663e+05
1.166200e+00	1.321838e+05	-1.704227e-01	2.366803e-01	0.000000e+00	-4.791368e+02	1.326629e+05
1.167390e+00	1.478275e+05	-1.707045e-01	2.368786e-01	0.000000e+00	-1.191472e+03	1.490190e+05
1.168580e+00	1.381692e+05	-1.709865e-01	2.370811e-01	0.000000e+00	-1.006323e+01	1.381792e+05
1.169770e+00	1.251869e+05	-1.712688e-01	2.372676e-01	0.000000e+00	0.000000e+00	1.251869e+05
1.170960e+00	1.211054e+05	-1.715512e-01	2.374420e-01	0.000000e+00	0.000000e+00	1.211054e+05
1.172150e+00	1.390750e+05	-1.718339e-01	2.376263e-01	0.000000e+00	0.000000e+00	1.390750e+05
1.173340e+00	1.236754e+05	-1.721168e-01	2.378124e-01	0.000000e+00	-3.979384e+02	1.240733e+05
1.174530e+00	1.207734e+05	-1.723999e-01	2.379855e-01	0.000000e+00	-4.423977e+02	1.212158e+05
1.175720e+00	1.297130e+05	-1.726832e-01	2.381629e-01	0.000000e+00	0.000000e+00	1.297130e+05
1.176910e+00	1.237472e+05	-1.729667e-01	2.383424e-01	0.000000e+00	-1.994752e+02	1.239467e+05
1.178100e+00	1.351863e+05	-1.732504e-01	2.385257e-01	0.000000e+00	-6.408610e+02	1.358271e+05
1.179290e+00	1.443893e+05	-1.735344e-01	2.387237e-01	0.000000e+00	0.000000e+00	1.443893e+05
1.180480e+00	1.270871e+05	-1.738186e-01	2.389160e-01	0.000000e+00	-6.035969e+02	1.276907e+05
1.181670e+00	1.262579e+05	-1.741030e-01	2.390954e-01	0.000000e+00	-5.573664e+02	1.268152e+05
1.182860e+00	1.320751e+05	-1.743876e-01	2.392783e-01	0.000000e+00	-5.197090e+02	1.325948e+05
1.184050e+00	1.332547e+05	-1.746725e-01	2.394662e-01	0.000000e+00	0.000000e+00	1.332547e+05
1.185240e+00	1.221311e+05	-1.749576e-01	2.396471e-01	0.000000e+00	0.000000e+00	1.221311e+05
1.186430e+00	1.280744e+05	-1.752428e-01	2.398242e-01	0.000000e+00	0.000000e+00	1.280744e+05
1.187620e+00	1.284050e+05	-1.755283e-01	2.400059e-01	0.000000e+00	0.000000e+00	1.284050e+05
1.188810e+00	1.356724e+05	-1.758141e-01	2.401929e-01	0.000000e+00	0.000000e+00	1.356724e+05
1.190000e+00	7.209057e+04	-1.761000e-01	2.403400e-01	0.000000e+00	0.000000e+00	7.209057e+04
