#x	rho	phi	ex	bz	rhok[0]	rhok[1]
0.000000e+00	-2.650203e+03	0.000000e+00	2.422131e-02	0.000000e+00	-3.174310e+03	5.241068e+02
1.190000e-03	-2.055387e+03	-2.882112e-05	2.421797e-02	0.000000e+00	-6.444339e+03	4.388952e+03
2.380000e-03	-1.455580e+02	-5.763878e-05	2.421642e-02	0.000000e+00	-6.024481e+03	5.878923e+03
3.570000e-03	7.214518e+02	-8.645619e-05	2.421682e-02	0.000000e+00	-9.833017e+03	1.055447e+04
4.760000e-03	9.388780e+03	-1.152748e-04	2.422398e-02	0.000000e+00	-6.091364e+03	1.548014e+04
5.950000e-03	1.461569e+04	-1.441093e-04	2.424098e-02	0.000000e+00	-5.881191e+03	2.049688e+04
7.140000e-03	1.500381e+04	-1.729684e-04	2.426196e-02	0.000000e+00	-6.423957e+03	2.142777e+04
8.330000e-03	1.582612e+04	-2.018527e-04	2.428379e-02	0.000000e+00	-5.555058e+03	2.138118e+04
9.520000e-03	1.625165e+04	-2.307638e-04	2.430651e-02	0.000000e+00	-5.055384e+03	2.130703e+04
1.071000e-02	2.015369e+04	-2.597022e-04	2.433229e-02	0.000000e+00	-5.935044e+03	2.608874e+04
1.190000e-02	2.404655e+04	-2.886746e-04	2.436359e-02	0.000000e+00	-6.494022e+03	3.054057e+04
1.309000e-02	2.468278e+04	-3.176876e-04	2.439810e-02	0.000000e+00	-6.018373e+03	3.070116e+04
1.428000e-02	2.420533e+04	-3.467421e-04	2.443272e-02	0.000000e+00	-3.888905e+03	2.809423e+04
1.547000e-02	2.802916e+04	-3.758374e-04	2.446971e-02	0.000000e+00	-9.802274e+03	3.783144e+04
1.666000e-02	3.382041e+04	-4.049800e-04	2.451351e-02	0.000000e+00	-6.503904e+03	4.032431e+04
1.785000e-02	3.973441e+04	-4.341796e-04	2.456560e-02	0.000000e+00	-4.842022e+03	4.457643e+04
1.904000e-02	4.085951e+04	-4.634461e-04	2.462267e-02	0.000000e+00	-5.511946e+03	4.637146e+04
2.023000e-02	2.858489e+04	-4.927815e-04	2.467185e-02	0.000000e+00	-7.665723e+03	3.625061e+04
2.142000e-02	3.732677e+04	-5.221651e-04	2.471853e-02	0.000000e+00	-6.611517e+03	4.393828e+04
2.261000e-02	3.299201e+04	-5.516116e-04	2.476832e-02	0.000000e+00	-1.103333e+04	4.402533e+04
2.380000e-02	3.162747e+04	-5.811137e-04	2.481408e-02	0.000000e+00	-9.945831e+03	4.157330e+04
2.499000e-02	3.779983e+04	-6.106691e-04	2.486325e-02	0.000000e+00	-7.379243e+03	4.517907e+04
2.618000e-02	4.293523e+04	-6.402883e-04	2.492042e-02	0.000000e+00	-5.521412e+03	4.845664e+04
2.737000e-02	4.851118e+04	-6.699797e-04	2.498518e-02	0.000000e+00	-5.114205e+03	5.362539e+04
2.856000e-02	4.889734e+04	-6.997530e-04	2.505416e-02	0.000000e+00	-2.407898e+03	5.130524e+04
2.975000e-02	4.311184e+04	-7.296087e-04	2.511932e-02	0.000000e+00	-4.792839e+03	4.790468e+04
3.094000e-02	5.039687e+04	-7.595370e-04	2.518554e-02	0.000000e+00	-7.266312e+03	5.766318e+04
3.213000e-02	5.329809e+04	-7.895502e-04	2.525897e-02	0.000000e+00	-9.553719e+03	6.285181e+04
3.332000e-02	6.028011e+04	-8.196533e-04	2.533941e-02	0.000000e+00	-4.696731e+03	6.497684e+04
3.451000e-02	5.463509e+04	-8.498580e-04	2.542079e-02	0.000000e+00	-6.371854e+03	6.100694e+04
3.570000e-02	4.736770e+04	-8.801548e-04	2.549302e-02	0.000000e+00	-6.167057e+03	5.353476e+04
3.689000e-02	5.755534e+04	-9.105314e-04	2.556732e-02	0.000000e+00	-5.624078e+03	6.317942e+04
3.808000e-02	5.682417e+04	-9.410050e-04	2.564832e-02	0.000000e+00	-3.528990e+03	6.035316e+04
3.927000e-02	5.169492e+04	-9.715744e-04	2.572517e-02	0.000000e+00	-7.704045e+03	5.939896e+04
4.046000e-02	6.475815e+04	-1.002231e-03	2.580764e-02	0.000000e+00	-5.298933e+03	7.005709e+04
4.165000e-02	7.029547e+04	-1.032997e-03	2.590328e-02	0.000000e+00	-4.019496e+03	7.431496e+04
4.284000e-02	6.701573e+04	-1.063881e-03	2.600052e-02	0.000000e+00	-5.176567e+03	7.219230e+04
4.403000e-02	8.617468e+04	-1.094878e-03	2.610900e-02	0.000000e+00	-5.533664e+03	9.170835e+04
4.522000e-02	6.892291e+04	-1.126020e-03	2.621884e-02	0.000000e+00	-4.226174e+03	7.314909e+04
4.641000e-02	5.916933e+04	-1.157279e-03	2.630955e-02	0.000000e+00	-8.469926e+03	6.763925e+04
4.760000e-02	6.187809e+04	-1.188637e-03	2.639527e-02	0.000000e+00	-7.047853e+03	6.892594e+04
4.879000e-02	7.481134e+04	-1.220099e-03	2.649207e-02	0.000000e+00	-6.063809e+03	8.087515e+04
4.998000e-02	7.676192e+04	-1.251688e-03	2.659941e-02	0.000000e+00	-6.549443e+03	8.331136e+04
5.117000e-02	8.088906e+04	-1.283406e-03	2.671105e-02	0.000000e+00	-5.595112e+03	8.648417e+04
5.236000e-02	6.884022e+04	-1.315260e-03	2.681708e-02	0.000000e+00	-5.854759e+03	7.469498e+04
5.355000e-02	6.639838e+04	-1.347231e-03	2.691285e-02	0.000000e+00	-4.512022e+03	7.091040e+04
5.474000e-02	7.761334e+04	-1.379313e-03	2.701484e-02	0.000000e+00	-6.464380e+03	8.407772e+04
5.593000e-02	7.915586e+04	-1.411526e-03	2.712586e-02	0.000000e+00	-9.289171e+03	8.844503e+04
5.712000e-02	7.434043e+04	-1.443872e-03	2.723456e-02	0.000000e+00	-5.981829e+03	8.032226e+04
5.831000e-02	8.414236e+04	-1.476344e-03	2.734679e-02	0.000000e+00	-4.767893e+03	8.891025e+04
5.950000e-02	8.151119e+04	-1.508958e-03	2.746410e-02	0.000000e+00	-6.346166e+03	8.785735e+04
6.069000e-02	7.473374e+04	-1.541709e-03	2.757475e-02	0.000000e+00	-3.570108e+03	7.830385e+04
6.188000e-02	8.048460e+04	-1.574586e-03	2.768467e-02	0.000000e+00	-6.073476e+03	8.655807e+04
6.307000e-02	9.151844e+04	-1.607598e-03	2.780647e-02	0.000000e+00	-6.758817e+03	9.827726e+04
6.426000e-02	9.114127e+04	-1.640765e-03	2.793583e-02	0.000000e+00	-8.371086e+03	9.951235e+04
6.545000e-02	8.416766e+04	-1.674086e-03	2.805997e-02	0.000000e+00	-6.588268e+03	9.075593e+04
6.664000e-02	8.609678e+04	-1.707548e-03	2.818055e-02	0.000000e+00	-2.249689e+03	8.834647e+04
6.783000e-02	9.088394e+04	-1.741155e-03	2.830588e-02	0.000000e+00	-3.523025e+03	9.440697e+04
6.902000e-02	9.578789e+04	-1.774916e-03	2.843807e-02	0.000000e+00	-2.689698e+03	9.847759e+04
7.021000e-02	1.007838e+05	-1.808838e-03	2.857728e-02	0.000000e+00	-2.460739e+03	1.032445e+05
7.140000e-02	1.023424e+05	-1.842930e-03	2.872113e-02	0.000000e+00	-4.426312e+03	1.067687e+05
7.259000e-02	1.027053e+05	-1.877194e-03	2.886633e-02	0.000000e+00	-4.415870e+03	1.071212e+05
7.378000e-02	9.948811e+04	-1.911632e-03	2.900952e-02	0.000000e+00	-3.990688e+03	1.034788e+05
7.497000e-02	9.028670e+04	-1.946237e-03	2.914391e-02	0.000000e+00	-5.885875e+03	9.617257e+04
7.616000e-02	1.010600e+05	-1.980994e-03	2.927942e-02	0.000000e+00	-3.694319e+03	1.047543e+05
7.735000e-02	1.008957e+05	-2.015922e-03	2.942244e-02	0.000000e+00	-7.878234e+03	1.087739e+05
7.854000e-02	1.064320e+05	-2.051020e-03	2.956926e-02	0.000000e+00	-8.112961e+03	1.145449e+05
7.973000e-02	1.062165e+05	-2.086297e-03	2.971985e-02	0.000000e+00	-8.364175e+03	1.145807e+05
8.092000e-02	8.980659e+04	-2.121753e-03	2.985866e-02	0.000000e+00	-5.040860e+03	9.484745e+04
8.211000e-02	9.125944e+04	-2.157360e-03	2.998689e-02	0.000000e+00	-9.473565e+03	1.007330e+05
8.330000e-02	1.148909e+05	-2.193122e-03	3.013288e-02	0.000000e+00	-6.746180e+03	1.216371e+05
8.449000e-02	1.130912e+05	-2.229077e-03	3.029433e-02	0.000000e+00	-7.397697e+03	1.204889e+05
8.568000e-02	1.121466e+05	-2.265222e-03	3.045383e-02	0.000000e+00	-4.854501e+03	1.170011e+05
8.687000e-02	1.100211e+05	-2.301557e-03	3.061116e-02	0.000000e+00	-3.298891e+03	1.133200e+05
8.806000e-02	9.920986e+04	-2.338077e-03	3.075933e-02	0.000000e+00	-3.589320e+03	1.027992e+05
8.925000e-02	1.033827e+05	-2.374764e-03	3.090280e-02	0.000000e+00	-7.569231e+03	1.109520e+05
9.044000e-02	1.057720e+05	-2.411625e-03	3.105092e-02	0.000000e+00	-7.577589e+03	1.133496e+05
9.163000e-02	1.066047e+05	-2.448665e-03	3.120132e-02	0.000000e+00	-5.084843e+03	1.116895e+05
9.282000e-02	9.049665e+04	-2.485884e-03	3.134090e-02	0.000000e+00	-6.225682e+03	9.672234e+04
9.401000e-02	9.288101e+04	-2.523256e-03	3.147076e-02	0.000000e+00	-5.238679e+03	9.811969e+04
9.520000e-02	1.098420e+05	-2.560785e-03	3.161432e-02	0.000000e+00	-3.962311e+03	1.138043e+05
9.639000e-02	1.100827e+05	-2.598498e-03	3.177006e-02	0.000000e+00	-4.082781e+03	1.141655e+05
9.758000e-02	1.113785e+05	-2.636398e-03	3.192689e-02	0.000000e+00	-5.360538e+03	1.167390e+05
9.877000e-02	1.127650e+05	-2.674484e-03	3.208562e-02	0.000000e+00	-5.250815e+03	1.180158e+05
9.996000e-02	1.112885e+05	-2.712761e-03	3.224429e-02	0.000000e+00	-7.099058e+03	1.183876e+05
1.011500e-01	1.051721e+05	-2.751226e-03	3.239758e-02	0.000000e+00	-4.536862e+03	1.097089e+05
1.023400e-01	1.124935e+05	-2.789868e-03	3.255172e-02	0.000000e+00	-2.203882e+03	1.146974e+05
1.035300e-01	1.083289e+05	-2.828699e-03	3.270810e-02	0.000000e+00	-8.092618e+03	1.164216e+05
1.047200e-01	1.110164e+05	-2.867713e-03	3.286343e-02	0.000000e+00	-6.503081e+03	1.175195e+05
1.059100e-01	1.172210e+05	-2.906914e-03	3.302506e-02	0.000000e+00	-6.820584e+03	1.240416e+05
1.071000e-01	1.208192e+05	-2.946313e-03	3.319364e-02	0.000000e+00	-6.156626e+03	1.269759e+05
1.082900e-01	1.187962e+05	-2.985915e-03	3.336332e-02	0.000000e+00	-7.155233e+03	1.259514e+05
1.094800e-01	1.143793e+05	-3.025717e-03	3.352845e-02	0.000000e+00	-8.394286e+03	1.227736e+05
1.106700e-01	1.125014e+05	-3.065712e-03	3.368912e-02	0.000000e+00	-8.012259e+03	1.205137e+05
1.118600e-01	1.101670e+05	-3.105897e-03	3.384680e-02	0.000000e+00	-5.209409e+03	1.153764e+05
1.130500e-01	1.085807e+05	-3.146268e-03	3.400171e-02	0.000000e+00	-4.184960e+03	1.127656e+05
1.142400e-01	1.353867e+05	-3.186821e-03	3.417448e-02	0.000000e+00	-5.502167e+03	1.408888e+05
1.154300e-01	1.319417e+05	-3.227603e-03	3.436379e-02	0.000000e+00	-9.363122e+03	1.413049e+05
1.166200e-01	1.175459e+05	-3.268607e-03	3.454047e-02	0.000000e+00	-5.161529e+03	1.227074e+05
1.178100e-01	1.335225e+05	-3.309809e-03	3.471827e-02	0.000000e+00	-3.619740e+03	1.371422e+05
1.190000e-01	1.371798e+05	-3.351237e-03	3.490997e-02	0.000000e+00	-5.163574e+03	1.423433e+05
1.201900e-01	1.310200e+05	-3.392895e-03	3.509990e-02	0.000000e+00	-3.557094e+03	1.345771e+05
1.213800e-01	1.400367e+05	-3.434775e-03	3.529186e-02	0.000000e+00	-3.020269e+03	1.430570e+05
1.225700e-01	1.246255e+05	-3.476890e-03	3.547928e-02	0.000000e+00	-5.417107e+03	1.300426e+05
1.237600e-01	1.233636e+05	-3.519215e-03	3.565490e-02	0.000000e+00	-6.067856e+03	1.294314e+05
1.249500e-01	1.402878e+05	-3.561748e-03	3.584161e-02	0.000000e+00	-2.725695e+03	1.430135e+05
1.261400e-01	1.559176e+05	-3.604518e-03	3.605137e-02	0.000000e+00	-2.237935e+03	1.581555e+05
1.273300e-01	1.413120e+05	-3.647551e-03	3.626185e-02	0.000000e+00	-6.390550e+03	1.477026e+05
1.285200e-01	1.245138e+05	-3.690821e-03	3.645010e-02	0.000000e+00	-6.714173e+03	1.312279e+05
1.297100e-01	1.358597e+05	-3.734302e-03	3.663449e-02	0.000000e+00	-2.708272e+03	1.385680e+05
1.309000e-01	1.216884e+05	-3.778012e-03	3.681688e-02	0.000000e+00	-8.244213e+03	1.299326e+05
1.320900e-01	1.302605e+05	-3.821926e-03	3.699530e-02	0.000000e+00	-9.868709e+03	1.401292e+05
1.332800e-01	1.246020e+05	-3.866060e-03	3.717578e-02	0.000000e+00	-6.229299e+03	1.308313e+05
1.344700e-01	1.465352e+05	-3.910405e-03	3.736779e-02	0.000000e+00	-3.576998e+03	1.501122e+05
1.356600e-01	1.445322e+05	-3.954996e-03	3.757392e-02	0.000000e+00	-4.942681e+03	1.494749e+05
1.368500e-01	1.230523e+05	-3.999830e-03	3.776341e-02	0.000000e+00	-4.775963e+03	1.278282e+05
1.380400e-01	1.447856e+05	-4.044873e-03	3.795308e-02	0.000000e+00	-1.937920e+03	1.467235e+05
1.392300e-01	1.576562e+05	-4.090159e-03	3.816726e-02	0.000000e+00	-5.121296e+03	1.627775e+05
1.404200e-01	1.382799e+05	-4.135711e-03	3.837683e-02	0.000000e+00	-8.641531e+03	1.469215e+05
1.416100e-01	1.361313e+05	-4.181496e-03	3.857116e-02	0.000000e+00	-4.288131e+03	1.404194e+05
1.428000e-01	1.322105e+05	-4.227510e-03	3.876119e-02	0.000000e+00	-1.962697e+03	1.341732e+05
1.439900e-01	1.495412e+05	-4.273747e-03	3.896072e-02	0.000000e+00	-4.615225e+03	1.541564e+05
1.451800e-01	1.506327e+05	-4.320237e-03	3.917329e-02	0.000000e+00	-3.541265e+03	1.541739e+05
1.463700e-01	1.399092e+05	-4.366980e-03	3.937904e-02	0.000000e+00	-5.853837e+03	1.457630e+05
1.475600e-01	1.380881e+05	-4.413959e-03	3.957591e-02	0.000000e+00	-6.231377e+03	1.443195e+05
1.487500e-01	1.459302e+05	-4.461170e-03	3.977704e-02	0.000000e+00	-5.986743e+03	1.519170e+05
1.499400e-01	1.546845e+05	-4.508628e-03	3.998993e-02	0.000000e+00	-6.726843e+03	1.614114e+05
1.511300e-01	1.476732e+05	-4.556346e-03	4.020405e-02	0.000000e+00	-5.051232e+03	1.527244e+05
1.523200e-01	1.369411e+05	-4.604314e-03	4.040560e-02	0.000000e+00	-3.636032e+03	1.405772e+05
1.535100e-01	1.440991e+05	-4.652512e-03	4.060462e-02	0.000000e+00	-3.735477e+03	1.478346e+05
1.547000e-01	1.560963e+05	-4.700953e-03	4.081721e-02	0.000000e+00	-3.147838e+03	1.592441e+05
1.558900e-01	1.487590e+05	-4.749657e-03	4.103310e-02	0.000000e+00	-2.628050e+03	1.513870e+05
1.570800e-01	1.630424e+05	-4.798611e-03	4.125391e-02	0.000000e+00	-1.780492e+03	1.648229e+05
1.582700e-01	1.615391e+05	-4.847841e-03	4.148376e-02	0.000000e+00	-4.655732e+03	1.661948e+05
1.594600e-01	1.535280e+05	-4.897343e-03	4.170688e-02	0.000000e+00	-3.494906e+03	1.570230e+05
1.606500e-01	1.546461e+05	-4.947103e-03	4.192512e-02	0.000000e+00	-5.936360e+03	1.605825e+05
1.618400e-01	1.530960e+05	-4.997125e-03	4.214305e-02	0.000000e+00	-7.038840e+03	1.601349e+05
1.630300e-01	1.480265e+05	-5.047404e-03	4.235630e-02	0.000000e+00	-5.596080e+03	1.536226e+05
1.642200e-01	1.651145e+05	-5.097933e-03	4.257805e-02	0.000000e+00	-6.480819e+03	1.715953e+05
1.654100e-01	1.324661e+05	-5.148740e-03	4.278879e-02	0.000000e+00	-6.255976e+03	1.387220e+05
1.666000e-01	1.270555e+05	-5.199770e-03	4.297257e-02	0.000000e+00	-7.458633e+03	1.345142e+05
1.677900e-01	1.368410e+05	-5.251014e-03	4.315945e-02	0.000000e+00	-2.979416e+03	1.398204e+05
1.689800e-01	1.512297e+05	-5.302489e-03	4.336346e-02	0.000000e+00	-4.250033e+03	1.554797e+05
1.701700e-01	1.619176e+05	-5.354219e-03	4.358522e-02	0.000000e+00	-4.972150e+03	1.668898e+05
1.713600e-01	1.510387e+05	-5.406222e-03	4.380684e-02	0.000000e+00	-5.761402e+03	1.568001e+05
1.725500e-01	1.502372e+05	-5.458480e-03	4.402019e-02	0.000000e+00	-6.207478e+03	1.564446e+05
1.737400e-01	1.647538e+05	-5.510990e-03	4.424326e-02	0.000000e+00	-5.131600e+03	1.698854e+05
1.749300e-01	1.539562e+05	-5.563779e-03	4.446896e-02	0.000000e+00	-4.966515e+03	1.589227e+05
1.761200e-01	1.531572e+05	-5.616826e-03	4.468645e-02	0.000000e+00	-5.184492e+03	1.583417e+05
1.773100e-01	1.586899e+05	-5.670132e-03	4.490728e-02	0.000000e+00	-4.857879e+03	1.635478e+05
1.785000e-01	1.613183e+05	-5.723706e-03	4.513390e-02	0.000000e+00	-4.268275e+03	1.655865e+05
1.796900e-01	1.492717e+05	-5.777551e-03	4.535385e-02	0.000000e+00	-5.300449e+03	1.545721e+05
1.808800e-01	1.469545e+05	-5.831648e-03	4.556363e-02	0.000000e+00	-2.499384e+03	1.494539e+05
1.820700e-01	1.747425e+05	-5.885992e-03	4.579144e-02	0.000000e+00	-3.138415e+03	1.778809e+05
1.832600e-01	1.552209e+05	-5.940632e-03	4.602511e-02	0.000000e+00	-3.628161e+03	1.588491e+05
1.844500e-01	1.634176e+05	-5.995532e-03	4.625076e-02	0.000000e+00	-2.643636e+03	1.660612e+05
1.856400e-01	1.641563e+05	-6.050708e-03	4.648274e-02	0.000000e+00	-6.723880e+03	1.708802e+05
1.868300e-01	1.522343e+05	-6.106161e-03	4.670679e-02	0.000000e+00	-5.753782e+03	1.579881e+05
1.880200e-01	1.654951e+05	-6.161871e-03	4.693180e-02	0.000000e+00	-3.176981e+03	1.686721e+05
1.892100e-01	1.680114e+05	-6.217859e-03	4.716798e-02	0.000000e+00	-4.210094e+03	1.722215e+05
1.904000e-01	1.531187e+05	-6.274130e-03	4.739539e-02	0.000000e+00	-2.931017e+03	1.560497e+05
1.915900e-01	1.698349e+05	-6.330660e-03	4.762409e-02	0.000000e+00	-5.079263e+03	1.749142e+05
1.927800e-01	1.661599e+05	-6.387476e-03	4.786203e-02	0.000000e+00	-5.488396e+03	1.716483e+05
1.939700e-01	1.482049e+05	-6.444571e-03	4.808465e-02	0.000000e+00	-6.111562e+03	1.543165e+05
1.951600e-01	1.527752e+05	-6.501917e-03	4.829780e-02	0.000000e+00	-9.100858e+03	1.618760e+05
1.963500e-01	1.458736e+05	-6.559520e-03	4.850929e-02	0.000000e+00	-7.863362e+03	1.537370e+05
1.975400e-01	1.469754e+05	-6.617369e-03	4.871668e-02	0.000000e+00	-2.060184e+03	1.490356e+05
1.987300e-01	1.663779e+05	-6.675466e-03	4.893858e-02	0.000000e+00	-1.815037e+03	1.681929e+05
1.999200e-01	1.721287e+05	-6.733843e-03	4.917830e-02	0.000000e+00	-7.361588e+02	1.728648e+05
2.011100e-01	1.562699e+05	-6.792510e-03	4.941086e-02	0.000000e+00	-4.796634e+03	1.610665e+05
2.023000e-01	1.665360e+05	-6.851441e-03	4.963946e-02	0.000000e+00	-5.441708e+03	1.719777e+05
2.034900e-01	1.634932e+05	-6.910652e-03	4.987317e-02	0.000000e+00	-7.643539e+03	1.711367e+05
2.046800e-01	1.575154e+05	-6.970139e-03	5.010050e-02	0.000000e+00	-5.348291e+03	1.628637e+05
2.058700e-01	1.544019e+05	-7.029891e-03	5.032139e-02	0.000000e+00	-5.755343e+03	1.601572e+05
2.070600e-01	1.595030e+05	-7.089904e-03	5.054369e-02	0.000000e+00	-7.491665e+03	1.669947e+05
2.082500e-01	1.708720e+05	-7.150185e-03	5.077765e-02	0.000000e+00	-5.976788e+03	1.768488e+05
2.094400e-01	1.892222e+05	-7.210755e-03	5.103265e-02	0.000000e+00	-6.687274e+03	1.959095e+05
2.106300e-01	1.504460e+05	-7.271643e-03	5.127319e-02	0.000000e+00	-2.946778e+03	1.533928e+05
2.118200e-01	1.687798e+05	-7.332785e-03	5.149926e-02	0.000000e+00	-5.263772e+03	1.740436e+05
2.130100e-01	1.759887e+05	-7.394211e-03	5.174341e-02	0.000000e+00	-7.297909e+03	1.832866e+05
2.142000e-01	1.726668e+05	-7.455934e-03	5.199032e-02	0.000000e+00	-3.256260e+03	1.759231e+05
2.153900e-01	1.820533e+05	-7.517948e-03	5.224152e-02	0.000000e+00	-3.051385e+03	1.851047e+05
2.165800e-01	1.636949e+05	-7.580269e-03	5.248636e-02	0.000000e+00	-2.814688e+03	1.665096e+05
2.177700e-01	1.633888e+05	-7.642866e-03	5.271799e-02	0.000000e+00	-6.132601e+03	1.695214e+05
2.189600e-01	1.778793e+05	-7.705738e-03	5.295967e-02	0.000000e+00	-6.326449e+03	1.842058e+05
2.201500e-01	1.774616e+05	-7.768910e-03	5.321131e-02	0.000000e+00	-3.430075e+03	1.808917e+05
2.213400e-01	1.720449e+05	-7.832381e-03	5.345882e-02	0.000000e+00	-5.859656e+03	1.779046e+05
2.225300e-01	1.734815e+05	-7.896142e-03	5.370350e-02	0.000000e+00	-4.334145e+03	1.778156e+05
2.237200e-01	1.653501e+05	-7.960195e-03	5.394345e-02	0.000000e+00	-2.933314e+03	1.682834e+05
2.249100e-01	1.758496e+05	-8.024527e-03	5.418508e-02	0.000000e+00	-2.435525e+03	1.782852e+05
2.261000e-01	1.848702e+05	-8.089156e-03	5.444053e-02	0.000000e+00	-1.473745e+03	1.863439e+05
2.272900e-01	1.865142e+05	-8.154096e-03	5.470353e-02	0.000000e+00	-3.932736e+03	1.904469e+05
2.284800e-01	1.826208e+05	-8.219350e-03	5.496494e-02	0.000000e+00	-5.278303e+03	1.878991e+05
2.296700e-01	1.772065e+05	-8.284912e-03	5.521975e-02	0.000000e+00	-3.781427e+03	1.809879e+05
2.308600e-01	1.743022e+05	-8.350773e-03	5.546868e-02	0.000000e+00	-5.370989e+03	1.796732e+05
2.320500e-01	1.659814e+05	-8.416928e-03	5.570966e-02	0.000000e+00	-4.741853e+03	1.707233e+05
2.332400e-01	1.845362e+05	-8.483362e-03	5.595788e-02	0.000000e+00	-4.588913e+03	1.891251e+05
2.344300e-01	1.708842e+05	-8.550107e-03	5.620958e-02	0.000000e+00	-6.799376e+03	1.776836e+05
2.356200e-01	1.644431e+05	-8.617141e-03	5.644705e-02	0.000000e+00	-3.325847e+03	1.677690e+05
2.368100e-01	1.764739e+05	-8.684451e-03	5.668847e-02	0.000000e+00	-3.836316e+03	1.803102e+05
2.380000e-01	1.810335e+05	-8.752059e-03	5.694164e-02	0.000000e+00	-7.234414e+03	1.882679e+05
2.391900e-01	1.708812e+05	-8.819973e-03	5.719086e-02	0.000000e+00	-5.157070e+03	1.760382e+05
2.403800e-01	1.714935e+05	-8.888174e-03	5.743332e-02	0.000000e+00	-3.134034e+03	1.746275e+05
2.415700e-01	1.647294e+05	-8.956664e-03	5.767142e-02	0.000000e+00	-5.803167e+03	1.705325e+05
2.427600e-01	1.615987e+05	-9.025432e-03	5.790251e-02	0.000000e+00	-5.565069e+03	1.671638e+05
2.439500e-01	1.775575e+05	-9.094472e-03	5.814269e-02	0.000000e+00	-5.999277e+03	1.835567e+05
2.451400e-01	1.722274e+05	-9.163811e-03	5.839039e-02	0.000000e+00	-5.518850e+03	1.777463e+05
2.463300e-01	1.714173e+05	-9.233441e-03	5.863375e-02	0.000000e+00	-4.605478e+03	1.760227e+05
2.475200e-01	1.732270e+05	-9.303360e-03	5.887782e-02	0.000000e+00	-5.530903e+03	1.787579e+05
2.487100e-01	1.697327e+05	-9.373570e-03	5.912069e-02	0.000000e+00	-4.809958e+03	1.745427e+05
2.499000e-01	1.934511e+05	-9.444067e-03	5.937788e-02	0.000000e+00	-3.252841e+03	1.967039e+05
2.510900e-01	1.726154e+05	-9.514890e-03	5.963712e-02	0.000000e+00	-3.621415e+03	1.762369e+05
2.522800e-01	1.824051e+05	-9.586003e-03	5.988853e-02	0.000000e+00	-3.436411e+03	1.858415e+05
2.534700e-01	1.820644e+05	-9.657424e-03	6.014664e-02	0.000000e+00	-4.192437e+03	1.862569e+05
2.546600e-01	1.706040e+05	-9.729152e-03	6.039638e-02	0.000000e+00	-2.654931e+03	1.732589e+05
2.558500e-01	1.702772e+05	-9.801168e-03	6.063778e-02	0.000000e+00	-4.203686e+03	1.744809e+05
2.570400e-01	1.906111e+05	-9.873470e-03	6.089335e-02	0.000000e+00	-3.796334e+03	1.944074e+05
2.582300e-01	1.916547e+05	-9.946094e-03	6.116406e-02	0.000000e+00	-3.591630e+03	1.952464e+05
2.594200e-01	1.744603e+05	-1.001904e-02	6.142333e-02	0.000000e+00	-7.064334e+03	1.815246e+05
2.606100e-01	1.725806e+05	-1.009228e-02	6.166909e-02	0.000000e+00	-8.537424e+03	1.811181e+05
2.618000e-01	1.657375e+05	-1.016581e-02	6.190868e-02	0.000000e+00	-4.633883e+03	1.703714e+05
2.629900e-01	1.764487e+05	-1.023962e-02	6.215100e-02	0.000000e+00	-3.918003e+03	1.803667e+05
2.641800e-01	1.894205e+05	-1.031373e-02	6.241010e-02	0.000000e+00	-2.495826e+03	1.919164e+05
2.653700e-01	1.850036e+05	-1.038816e-02	6.267525e-02	0.000000e+00	-5.429244e+03	1.904329e+05
2.665600e-01	1.669836e+05	-1.046290e-02	6.292451e-02	0.000000e+00	-5.179007e+03	1.721626e+05
2.677500e-01	1.783989e+05	-1.053792e-02	6.316910e-02	0.000000e+00	-1.492529e+03	1.798915e+05
2.689400e-01	1.768072e+05	-1.061324e-02	6.342065e-02	0.000000e+00	-3.188642e+03	1.799958e+05
2.701300e-01	1.769557e+05	-1.068886e-02	6.367117e-02	0.000000e+00	-2.686589e+03	1.796423e+05
2.713200e-01	1.723809e+05	-1.076478e-02	6.391856e-02	0.000000e+00	-3.026506e+03	1.754075e+05
2.725100e-01	1.769224e+05	-1.084099e-02	6.416592e-02	0.000000e+00	-3.228832e+03	1.801512e+05
2.737000e-01	1.726521e+05	-1.091749e-02	6.441348e-02	0.000000e+00	-6.288954e+03	1.789410e+05
2.748900e-01	1.774570e+05	-1.099429e-02	6.466141e-02	0.000000e+00	-3.336485e+03	1.807934e+05
2.760800e-01	1.865399e+05	-1.107139e-02	6.491918e-02	0.000000e+00	-4.797531e+03	1.913374e+05
2.772700e-01	1.904687e+05	-1.114880e-02	6.518617e-02	0.000000e+00	-4.183300e+03	1.946520e+05
2.784600e-01	1.877451e+05	-1.122653e-02	6.545400e-02	0.000000e+00	-2.752909e+03	1.904980e+05
2.796500e-01	1.857881e+05	-1.130458e-02	6.571853e-02	0.000000e+00	-1.566298e+03	1.873544e+05
2.808400e-01	1.696569e+05	-1.138294e-02	6.597024e-02	0.000000e+00	-4.534088e+03	1.741909e+05
2.820300e-01	1.814874e+05	-1.146159e-02	6.621891e-02	0.000000e+00	-5.611012e+03	1.870984e+05
2.832200e-01	2.003037e+05	-1.154054e-02	6.648928e-02	0.000000e+00	-3.467695e+03	2.037714e+05
2.844100e-01	1.848029e+05	-1.161983e-02	6.676200e-02	0.000000e+00	-6.825823e+03	1.916287e+05
2.856000e-01	1.935234e+05	-1.169944e-02	6.702992e-02	0.000000e+00	-3.227849e+03	1.967513e+05
2.867900e-01	1.717677e+05	-1.177936e-02	6.728860e-02	0.000000e+00	-2.916049e+03	1.746837e+05
2.879800e-01	1.969683e+05	-1.185958e-02	6.754973e-02	0.000000e+00	-5.484668e+03	2.024530e+05
2.891700e-01	1.873546e+05	-1.194013e-02	6.782189e-02	0.000000e+00	-5.826702e+03	1.931813e+05
2.903600e-01	1.867983e+05	-1.202100e-02	6.808685e-02	0.000000e+00	-3.187800e+03	1.899861e+05
2.915500e-01	2.058293e+05	-1.210218e-02	6.836490e-02	0.000000e+00	-2.790541e+03	2.086199e+05
2.927400e-01	2.014772e+05	-1.218371e-02	6.865334e-02	0.000000e+00	-5.536650e+03	2.070139e+05
2.939300e-01	1.932773e+05	-1.226557e-02	6.893289e-02	0.000000e+00	-5.639797e+03	1.989171e+05
2.951200e-01	1.938729e+05	-1.234777e-02	6.920706e-02	0.000000e+00	-8.308342e+03	2.021812e+05
2.963100e-01	1.941745e+05	-1.243029e-02	6.948186e-02	0.000000e+00	-2.465308e+03	1.966398e+05
2.975000e-01	1.764812e+05	-1.251313e-02	6.974434e-02	0.000000e+00	-2.066619e+03	1.785478e+05
2.986900e-01	2.019339e+05	-1.259628e-02	7.001232e-02	0.000000e+00	-1.379168e+03	2.033130e+05
2.998800e-01	1.995070e+05	-1.267976e-02	7.029661e-02	0.000000e+00	-2.116093e+03	2.016230e+05
3.010700e-01	1.868243e+05	-1.276359e-02	7.057020e-02	0.000000e+00	-2.532529e+03	1.893568e+05
3.022600e-01	1.955063e+05	-1.284772e-02	7.084095e-02	0.000000e+00	-4.935975e+03	2.004423e+05
3.034500e-01	1.875544e+05	-1.293219e-02	7.111222e-02	0.000000e+00	-4.714865e+03	1.922693e+05
3.046400e-01	1.994215e+05	-1.301697e-02	7.138626e-02	0.000000e+00	-3.031434e+03	2.024530e+05
3.058300e-01	2.111263e+05	-1.310209e-02	7.167700e-02	0.000000e+00	-1.833279e+03	2.129596e+05
3.070200e-01	1.890624e+05	-1.318756e-02	7.196040e-02	0.000000e+00	-1.992522e+03	1.910549e+05
3.082100e-01	1.851632e+05	-1.327335e-02	7.222541e-02	0.000000e+00	-5.166470e+03	1.903297e+05
3.094000e-01	1.807094e+05	-1.335946e-02	7.248451e-02	0.000000e+00	-4.424832e+03	1.851342e+05
3.105900e-01	1.597043e+05	-1.344586e-02	7.272558e-02	0.000000e+00	-5.040373e+03	1.647447e+05
3.117800e-01	1.817451e+05	-1.353254e-02	7.296738e-02	0.000000e+00	-4.178654e+03	1.859237e+05
3.129700e-01	1.982633e+05	-1.361953e-02	7.323649e-02	0.000000e+00	-2.698929e+03	2.009623e+05
3.141600e-01	1.849807e+05	-1.370685e-02	7.350789e-02	0.000000e+00	-2.131950e+03	1.871127e+05
3.153500e-01	1.738752e+05	-1.379448e-02	7.376202e-02	0.000000e+00	-2.029932e+03	1.759051e+05
3.165400e-01	1.868674e+05	-1.388240e-02	7.401748e-02	0.000000e+00	-2.558534e+03	1.894260e+05
3.177300e-01	1.737570e+05	-1.397064e-02	7.427286e-02	0.000000e+00	-3.488183e+03	1.772452e+05
3.189200e-01	1.901019e+05	-1.405917e-02	7.453054e-02	0.000000e+00	-3.504571e+03	1.936065e+05
3.201100e-01	1.775310e+05	-1.414802e-02	7.479088e-02	0.000000e+00	-3.195070e+03	1.807260e+05
3.213000e-01	1.763202e+05	-1.423717e-02	7.504147e-02	0.000000e+00	-4.175585e+03	1.804958e+05
3.224900e-01	1.848726e+05	-1.432662e-02	7.529725e-02	0.000000e+00	-4.317017e+03	1.891896e+05
3.236800e-01	1.927998e+05	-1.441638e-02	7.556470e-02	0.000000e+00	-4.280407e+03	1.970802e+05
3.248700e-01	2.022247e+05	-1.450646e-02	7.584445e-02	0.000000e+00	-3.797511e+03	2.060222e+05
3.260600e-01	1.948720e+05	-1.459689e-02	7.612566e-02	0.000000e+00	-4.399544e+03	1.992715e+05
3.272500e-01	1.987356e+05	-1.468764e-02	7.640439e-02	0.000000e+00	-3.918264e+03	2.026538e+05
3.284400e-01	1.928641e+05	-1.477873e-02	7.668171e-02	0.000000e+00	-4.020491e+03	1.968846e+05
3.296300e-01	1.812272e+05	-1.487014e-02	7.694663e-02	0.000000e+00	-3.505536e+03	1.847328e+05
3.308200e-01	1.798889e+05	-1.496186e-02	7.720236e-02	0.000000e+00	-4.188547e+03	1.840775e+05
3.320100e-01	1.912327e+05	-1.505389e-02	7.746517e-02	0.000000e+00	-4.153612e+03	1.953863e+05
3.332000e-01	1.819664e+05	-1.514623e-02	7.772946e-02	0.000000e+00	-2.172626e+03	1.841391e+05
3.343900e-01	1.887870e+05	-1.523888e-02	7.799202e-02	0.000000e+00	-4.261153e+03	1.930481e+05
3.355800e-01	1.898546e+05	-1.533185e-02	7.826016e-02	0.000000e+00	-4.610697e+03	1.944653e+05
3.367700e-01	1.924667e+05	-1.542514e-02	7.853090e-02	0.000000e+00	-4.022496e+03	1.964892e+05
3.379600e-01	1.953263e+05	-1.551876e-02	7.880552e-02	0.000000e+00	-2.167619e+03	1.974939e+05
3.391500e-01	1.971792e+05	-1.561270e-02	7.908348e-02	0.000000e+00	-4.160348e+03	2.013396e+05
3.403400e-01	1.861883e+05	-1.570697e-02	7.935497e-02	0.000000e+00	-4.945774e+03	1.911341e+05
3.415300e-01	1.897825e+05	-1.580156e-02	7.962122e-02	0.000000e+00	-5.002732e+03	1.947852e+05
3.427200e-01	2.119984e+05	-1.589647e-02	7.990575e-02	0.000000e+00	-3.557059e+03	2.155555e+05
3.439100e-01	2.117222e+05	-1.599174e-02	8.020581e-02	0.000000e+00	-2.524686e+03	2.142469e+05
3.451000e-01	1.976842e+05	-1.608736e-02	8.049574e-02	0.000000e+00	-3.386755e+03	2.010710e+05
3.462900e-01	2.090234e+05	-1.618332e-02	8.078375e-02	0.000000e+00	-2.782978e+03	2.118064e+05
3.474800e-01	2.161187e+05	-1.627963e-02	8.108482e-02	0.000000e+00	-4.441751e+03	2.205604e+05
3.486700e-01	1.968176e+05	-1.637630e-02	8.137725e-02	0.000000e+00	-4.509992e+03	2.013276e+05
3.498600e-01	1.877499e+05	-1.647331e-02	8.164959e-02	0.000000e+00	-6.964277e+03	1.947142e+05
3.510500e-01	2.080218e+05	-1.657063e-02	8.192986e-02	0.000000e+00	-3.182880e+03	2.112046e+05
3.522400e-01	1.963801e+05	-1.666830e-02	8.221624e-02	0.000000e+00	-1.909779e+03	1.982899e+05
3.534300e-01	1.965987e+05	-1.676630e-02	8.249454e-02	0.000000e+00	-3.986462e+03	2.005852e+05
3.546200e-01	2.012898e+05	-1.686464e-02	8.277631e-02	0.000000e+00	-2.928278e+03	2.042181e+05
3.558100e-01	1.936397e+05	-1.696331e-02	8.305598e-02	0.000000e+00	-2.930607e+03	1.965703e+05
3.570000e-01	1.946214e+05	-1.706231e-02	8.333094e-02	0.000000e+00	-2.293984e+03	1.969154e+05
3.581900e-01	1.818125e+05	-1.716164e-02	8.359751e-02	0.000000e+00	-5.280864e+03	1.870933e+05
3.593800e-01	1.926279e+05	-1.726127e-02	8.386268e-02	0.000000e+00	-3.092684e+03	1.957206e+05
3.605700e-01	1.795481e+05	-1.736123e-02	8.412624e-02	0.000000e+00	-3.449843e+03	1.829979e+05
3.617600e-01	1.929041e+05	-1.746149e-02	8.439000e-02	0.000000e+00	-5.590909e+03	1.984950e+05
3.629500e-01	1.929515e+05	-1.756208e-02	8.466325e-02	0.000000e+00	-3.528019e+03	1.964795e+05
3.641400e-01	1.983820e+05	-1.766299e-02	8.494038e-02	0.000000e+00	-2.414089e+03	2.007961e+05
3.653300e-01	2.293312e+05	-1.776424e-02	8.524327e-02	0.000000e+00	-1.579305e+03	2.309105e+05
3.665200e-01	2.082033e+05	-1.786587e-02	8.555311e-02	0.000000e+00	-3.080366e+03	2.112837e+05
3.677100e-01	1.989150e+05	-1.796785e-02	8.584142e-02	0.000000e+00	-3.537644e+03	2.024526e+05
3.689000e-01	1.951861e+05	-1.807017e-02	8.612051e-02	0.000000e+00	-4.145353e+03	1.993315e+05
3.700900e-01	2.098012e+05	-1.817282e-02	8.640731e-02	0.000000e+00	-3.325776e+03	2.131270e+05
3.712800e-01	2.003017e+05	-1.827582e-02	8.669773e-02	0.000000e+00	-1.445440e+03	2.017472e+05
3.724700e-01	1.898782e+05	-1.837916e-02	8.697404e-02	0.000000e+00	-3.125678e+03	1.930039e+05
3.736600e-01	1.946771e+05	-1.848282e-02	8.724637e-02	0.000000e+00	-3.378631e+03	1.980558e+05
3.748500e-01	2.175080e+05	-1.858681e-02	8.753826e-02	0.000000e+00	-3.140111e+03	2.206481e+05
3.760400e-01	1.860417e+05	-1.869116e-02	8.782404e-02	0.000000e+00	-7.633252e+03	1.936750e+05
3.772300e-01	1.842097e+05	-1.879583e-02	8.808624e-02	0.000000e+00	-5.553783e+03	1.897635e+05
3.784200e-01	1.835970e+05	-1.890081e-02	8.834671e-02	0.000000e+00	-5.558674e+03	1.891557e+05
3.796100e-01	2.017382e+05	-1.900609e-02	8.861959e-02	0.000000e+00	-1.828038e+03	2.035662e+05
3.808000e-01	2.052067e+05	-1.911172e-02	8.890777e-02	0.000000e+00	-2.882738e+03	2.080895e+05
3.819900e-01	2.088377e+05	-1.921769e-02	8.920098e-02	0.000000e+00	-4.407180e+03	2.132449e+05
3.831800e-01	1.938501e+05	-1.932402e-02	8.948615e-02	0.000000e+00	-2.605828e+03	1.964560e+05
3.843700e-01	2.089538e+05	-1.943067e-02	8.977141e-02	0.000000e+00	-3.380392e+03	2.123342e+05
3.855600e-01	1.972422e+05	-1.953767e-02	9.005906e-02	0.000000e+00	-3.728522e+03	2.009707e+05
3.867500e-01	2.030311e+05	-1.964501e-02	9.034252e-02	0.000000e+00	-4.520783e+03	2.075519e+05
3.879400e-01	1.986359e+05	-1.975269e-02	9.062697e-02	0.000000e+00	-8.193470e+03	2.068294e+05
3.891300e-01	1.936980e+05	-1.986070e-02	9.090480e-02	0.000000e+00	-3.871848e+03	1.975698e+05
3.903200e-01	2.029400e+05	-1.996904e-02	9.118569e-02	0.000000e+00	-4.080479e+03	2.070205e+05
3.915100e-01	2.170410e+05	-2.007772e-02	9.148310e-02	0.000000e+00	-3.170277e+03	2.202113e+05
3.927000e-01	2.076746e+05	-2.018677e-02	9.178387e-02	0.000000e+00	-2.326694e+03	2.100013e+05
3.938900e-01	2.092674e+05	-2.029617e-02	9.207914e-02	0.000000e+00	-4.155665e+03	2.134231e+05
3.950800e-01	2.016953e+05	-2.040592e-02	9.237016e-02	0.000000e+00	-4.209533e+03	2.059048e+05
3.962700e-01	1.836487e+05	-2.051601e-02	9.264305e-02	0.000000e+00	-7.506678e+03	1.911554e+05
3.974600e-01	1.868073e+05	-2.062641e-02	9.290540e-02	0.000000e+00	-6.097920e+03	1.929052e+05
3.986500e-01	1.889164e+05	-2.073713e-02	9.317147e-02	0.000000e+00	-4.583416e+03	1.934998e+05
3.998400e-01	1.889287e+05	-2.084816e-02	9.343905e-02	0.000000e+00	-4.909673e+03	1.938384e+05
4.010300e-01	1.952724e+05	-2.095951e-02	9.371112e-02	0.000000e+00	-1.962026e+03	1.972344e+05
4.022200e-01	2.038241e+05	-2.107119e-02	9.399375e-02	0.000000e+00	-4.126113e+03	2.079502e+05
4.034100e-01	2.073029e+05	-2.118322e-02	9.428490e-02	0.000000e+00	-3.223008e+03	2.105259e+05
4.046000e-01	2.145440e+05	-2.129559e-02	9.458363e-02	0.000000e+00	-5.897167e+03	2.204412e+05
4.057900e-01	2.368820e+05	-2.140833e-02	9.490332e-02	0.000000e+00	-4.582213e+03	2.414642e+05
4.069800e-01	2.126052e+05	-2.152146e-02	9.522163e-02	0.000000e+00	-4.896832e+03	2.175020e+05
4.081700e-01	2.240646e+05	-2.163495e-02	9.553086e-02	0.000000e+00	-2.257863e+03	2.263225e+05
4.093600e-01	1.982059e+05	-2.174882e-02	9.582990e-02	0.000000e+00	-2.615234e+03	2.008211e+05
4.105500e-01	1.865793e+05	-2.186303e-02	9.610239e-02	0.000000e+00	-4.537710e+03	1.911170e+05
4.117400e-01	2.116590e+05	-2.197755e-02	9.638441e-02	0.000000e+00	-4.028168e+03	2.156872e+05
4.129300e-01	2.202677e+05	-2.209242e-02	9.669028e-02	0.000000e+00	-2.281661e+03	2.225493e+05
4.141200e-01	2.069528e+05	-2.220767e-02	9.699283e-02	0.000000e+00	0.000000e+00	2.069528e+05
4.153100e-01	2.114279e+05	-2.232327e-02	9.728911e-02	0.000000e+00	-2.206548e+03	2.136345e+05
4.165000e-01	1.944174e+05	-2.243922e-02	9.757651e-02	0.000000e+00	-2.260813e+03	1.966782e+05
4.176900e-01	2.125292e+05	-2.255550e-02	9.786470e-02	0.000000e+00	-1.804391e+03	2.143336e+05
4.188800e-01	2.093404e+05	-2.267214e-02	9.816345e-02	0.000000e+00	-2.219250e+03	2.115596e+05
4.200700e-01	2.214250e+05	-2.278913e-02	9.846851e-02	0.000000e+00	-3.457923e+03	2.248830e+05
4.212600e-01	2.099105e+05	-2.290649e-02	9.877396e-02	0.000000e+00	-3.556381e+03	2.134669e+05
4.224500e-01	2.143510e+05	-2.302421e-02	9.907441e-02	0.000000e+00	-3.864822e+03	2.182158e+05
4.236400e-01	2.081331e+05	-2.314229e-02	9.937360e-02	0.000000e+00	-3.479655e+03	2.116127e+05
4.248300e-01	1.935643e+05	-2.326072e-02	9.965806e-02	0.000000e+00	-2.678624e+03	1.962430e+05
4.260200e-01	2.049027e+05	-2.337947e-02	9.994025e-02	0.000000e+00	-2.781872e+03	2.076846e+05
4.272100e-01	2.016638e+05	-2.349858e-02	1.002282e-01	0.000000e+00	-1.626385e+03	2.032902e+05
4.284000e-01	2.099872e+05	-2.361802e-02	1.005197e-01	0.000000e+00	-1.652682e+03	2.116398e+05
4.295900e-01	2.173189e+05	-2.373781e-02	1.008223e-01	0.000000e+00	-1.609569e+03	2.189285e+05
4.307800e-01	2.043901e+05	-2.385797e-02	1.011209e-01	0.000000e+00	-8.494983e+02	2.052396e+05
4.319700e-01	2.034660e+05	-2.397848e-02	1.014097e-01	0.000000e+00	-1.455874e+03	2.049219e+05
4.331600e-01	2.042391e+05	-2.409933e-02	1.016985e-01	0.000000e+00	-2.806680e+03	2.070458e+05
4.343500e-01	1.979237e+05	-2.422052e-02	1.019833e-01	0.000000e+00	-2.251036e+03	2.001748e+05
4.355400e-01	2.052364e+05	-2.434205e-02	1.022688e-01	0.000000e+00	-5.014119e+03	2.102505e+05
4.367300e-01	2.028525e+05	-2.446392e-02	1.025578e-01	0.000000e+00	-3.559136e+03	2.064116e+05
4.379200e-01	2.079174e+05	-2.458614e-02	1.028487e-01	0.000000e+00	-4.102652e+03	2.120201e+05
4.391100e-01	2.126381e+05	-2.470870e-02	1.031465e-01	0.000000e+00	-3.189528e+03	2.158276e+05
4.403000e-01	2.191699e+05	-2.483163e-02	1.034523e-01	0.000000e+00	-3.846724e+03	2.230166e+05
4.414900e-01	2.307738e+05	-2.495492e-02	1.037709e-01	0.000000e+00	-3.237961e+03	2.340118e+05
4.426800e-01	2.176500e+05	-2.507860e-02	1.040885e-01	0.000000e+00	-3.238517e+03	2.208885e+05
4.438700e-01	2.254546e+05	-2.520265e-02	1.044023e-01	0.000000e+00	-2.450084e+03	2.279047e+05
4.450600e-01	2.152174e+05	-2.532708e-02	1.047143e-01	0.000000e+00	-1.699394e+03	2.169168e+05
4.462500e-01	1.982613e+05	-2.545187e-02	1.050071e-01	0.000000e+00	-2.515971e+03	2.007773e+05
4.474400e-01	2.199726e+05	-2.557699e-02	1.053033e-01	0.000000e+00	-1.063937e+03	2.210366e+05
4.486300e-01	2.102541e+05	-2.570249e-02	1.056080e-01	0.000000e+00	-2.545153e+03	2.127993e+05
4.498200e-01	2.050312e+05	-2.582834e-02	1.059021e-01	0.000000e+00	-3.033607e+03	2.080648e+05
4.510100e-01	2.117528e+05	-2.595454e-02	1.061972e-01	0.000000e+00	-2.953023e+03	2.147058e+05
4.522000e-01	2.015441e+05	-2.608109e-02	1.064899e-01	0.000000e+00	-3.368600e+03	2.049127e+05
4.533900e-01	2.142065e+05	-2.620798e-02	1.067843e-01	0.000000e+00	-2.266082e+03	2.164725e+05
4.545800e-01	1.974813e+05	-2.633524e-02	1.070759e-01	0.000000e+00	-3.158439e+03	2.006397e+05
4.557700e-01	2.104530e+05	-2.646282e-02	1.073648e-01	0.000000e+00	-2.226435e+03	2.126794e+05
4.569600e-01	2.133889e+05	-2.659077e-02	1.076649e-01	0.000000e+00	-9.689902e+02	2.143579e+05
4.581500e-01	2.175028e+05	-2.671907e-02	1.079701e-01	0.000000e+00	-3.025290e+03	2.205281e+05
4.593400e-01	1.930682e+05	-2.684773e-02	1.082608e-01	0.000000e+00	-5.733685e+03	1.988019e+05
4.605300e-01	2.031124e+05	-2.697673e-02	1.085414e-01	0.000000e+00	-4.873401e+03	2.079858e+05
4.617200e-01	1.946485e+05	-2.710606e-02	1.088230e-01	0.000000e+00	-2.325121e+03	1.969736e+05
4.629100e-01	2.046448e+05	-2.723573e-02	1.091058e-01	0.000000e+00	-3.714993e+03	2.083598e+05
4.641000e-01	1.995046e+05	-2.736574e-02	1.093920e-01	0.000000e+00	-3.935093e+03	2.034397e+05
4.652900e-01	2.119136e+05	-2.749608e-02	1.096834e-01	0.000000e+00	-1.560124e+03	2.134737e+05
4.664800e-01	1.913250e+05	-2.762678e-02	1.099689e-01	0.000000e+00	-2.519991e+03	1.938450e+05
4.676700e-01	2.045353e+05	-2.775781e-02	1.102493e-01	0.000000e+00	-5.368557e+03	2.099039e+05
4.688600e-01	2.139794e+05	-2.788917e-02	1.105456e-01	0.000000e+00	-4.547304e+03	2.185267e+05
4.700500e-01	2.036313e+05	-2.802090e-02	1.108414e-01	0.000000e+00	-3.093091e+03	2.067244e+05
4.712400e-01	1.972144e+05	-2.815298e-02	1.111252e-01	0.000000e+00	-3.436742e+03	2.006512e+05
4.724300e-01	2.124152e+05	-2.828538e-02	1.114153e-01	0.000000e+00	-5.059571e+03	2.174748e+05
4.736200e-01	2.094955e+05	-2.841815e-02	1.117141e-01	0.000000e+00	-3.428160e+03	2.129236e+05
4.748100e-01	2.125749e+05	-2.855126e-02	1.120130e-01	0.000000e+00	-2.099631e+03	2.146746e+05
4.760000e-01	2.147406e+05	-2.868474e-02	1.123156e-01	0.000000e+00	-3.448283e+03	2.181889e+05
4.771900e-01	2.299696e+05	-2.881857e-02	1.126305e-01	0.000000e+00	-3.327400e+03	2.332970e+05
4.783800e-01	2.216202e+05	-2.895280e-02	1.129503e-01	0.000000e+00	-4.736947e+03	2.263572e+05
4.795700e-01	2.230285e+05	-2.908740e-02	1.132652e-01	0.000000e+00	-7.068657e+03	2.300971e+05
4.807600e-01	2.065822e+05	-2.922237e-02	1.135695e-01	0.000000e+00	-4.666074e+03	2.112483e+05
4.819500e-01	2.088886e+05	-2.935769e-02	1.138637e-01	0.000000e+00	-1.476411e+03	2.103650e+05
4.831400e-01	2.122805e+05	-2.949336e-02	1.141619e-01	0.000000e+00	-2.334223e+03	2.146147e+05
4.843300e-01	2.117094e+05	-2.962940e-02	1.144622e-01	0.000000e+00	-4.330883e+03	2.160402e+05
4.855200e-01	1.955637e+05	-2.976578e-02	1.147506e-01	0.000000e+00	-3.404966e+03	1.989687e+05
4.867100e-01	2.259546e+05	-2.990250e-02	1.150491e-01	0.000000e+00	-3.994369e+03	2.299490e+05
4.879000e-01	2.223607e+05	-3.003960e-02	1.153666e-01	0.000000e+00	-4.148034e+03	2.265088e+05
4.890900e-01	2.227266e+05	-3.017707e-02	1.156818e-01	0.000000e+00	-4.346311e+03	2.270729e+05
4.902800e-01	2.202491e+05	-3.031492e-02	1.159955e-01	0.000000e+00	-4.619564e+03	2.248687e+05
4.914700e-01	2.155401e+05	-3.045314e-02	1.163041e-01	0.000000e+00	-2.475246e+03	2.180153e+05
4.926600e-01	2.143723e+05	-3.059173e-02	1.166085e-01	0.000000e+00	-1.676417e+03	2.160487e+05
4.938500e-01	1.970062e+05	-3.073067e-02	1.168999e-01	0.000000e+00	-4.142320e+03	2.011485e+05
4.950400e-01	2.073943e+05	-3.086995e-02	1.171863e-01	0.000000e+00	-5.967210e+03	2.133615e+05
4.962300e-01	2.218735e+05	-3.100958e-02	1.174902e-01	0.000000e+00	-3.002181e+03	2.248757e+05
4.974200e-01	2.002938e+05	-3.114958e-02	1.177892e-01	0.000000e+00	-1.806453e+03	2.021003e+05
4.986100e-01	1.803699e+05	-3.128991e-02	1.180588e-01	0.000000e+00	-4.803432e+03	1.851734e+05
4.998000e-01	2.009795e+05	-3.143056e-02	1.183288e-01	0.000000e+00	-4.026411e+03	2.050060e+05
5.009900e-01	2.169880e+05	-3.157154e-02	1.186248e-01	0.000000e+00	-2.151872e+03	2.191399e+05
5.021800e-01	2.032325e+05	-3.171288e-02	1.189224e-01	0.000000e+00	-2.018928e+03	2.052514e+05
5.033700e-01	2.132204e+05	-3.185457e-02	1.192173e-01	0.000000e+00	-2.020730e+03	2.152411e+05
5.045600e-01	2.250980e+05	-3.199662e-02	1.195277e-01	0.000000e+00	-3.445748e+03	2.285437e+05
5.057500e-01	2.187804e+05	-3.213905e-02	1.198421e-01	0.000000e+00	-3.104116e+03	2.218845e+05
5.069400e-01	2.046390e+05	-3.228184e-02	1.201419e-01	0.000000e+00	-4.854933e+03	2.094939e+05
5.081300e-01	2.216632e+05	-3.242499e-02	1.204438e-01	0.000000e+00	-3.292930e+03	2.249561e+05
5.093200e-01	2.121460e+05	-3.256850e-02	1.207510e-01	0.000000e+00	-3.375988e+03	2.155220e+05
5.105100e-01	2.169096e+05	-3.271237e-02	1.210549e-01	0.000000e+00	-2.477480e+03	2.193871e+05
5.117000e-01	1.991642e+05	-3.285661e-02	1.213495e-01	0.000000e+00	-1.940014e+03	2.011042e+05
5.128900e-01	2.060032e+05	-3.300119e-02	1.216364e-01	0.000000e+00	-3.615807e+03	2.096190e+05
5.140800e-01	2.035100e+05	-3.314611e-02	1.219264e-01	0.000000e+00	-1.864816e+03	2.053748e+05
5.152700e-01	2.213297e+05	-3.329137e-02	1.222273e-01	0.000000e+00	-5.481781e+02	2.218779e+05
5.164600e-01	2.078187e+05	-3.343701e-02	1.225312e-01	0.000000e+00	-3.469576e+03	2.112882e+05
5.176500e-01	1.983276e+05	-3.358299e-02	1.228188e-01	0.000000e+00	-1.859467e+03	2.001871e+05
5.188400e-01	2.210301e+05	-3.372932e-02	1.231158e-01	0.000000e+00	-2.923389e+03	2.239535e+05
5.200300e-01	2.116250e+05	-3.387601e-02	1.234222e-01	0.000000e+00	-2.696935e+03	2.143219e+05
5.212200e-01	2.202329e+05	-3.402306e-02	1.237280e-01	0.000000e+00	-3.439595e+03	2.236725e+05
5.224100e-01	2.354932e+05	-3.417048e-02	1.240507e-01	0.000000e+00	-2.889196e+03	2.383824e+05
5.236000e-01	2.119168e+05	-3.431830e-02	1.243676e-01	0.000000e+00	-7.837078e+02	2.127005e+05
5.247900e-01	2.344110e+05	-3.446648e-02	1.246837e-01	0.000000e+00	-3.038101e+02	2.347148e+05
5.259800e-01	2.355126e+05	-3.461505e-02	1.250164e-01	0.000000e+00	-2.091811e+03	2.376044e+05
5.271700e-01	1.994069e+05	-3.476402e-02	1.253244e-01	0.000000e+00	-2.566090e+03	2.019730e+05
5.283600e-01	2.073982e+05	-3.491332e-02	1.256125e-01	0.000000e+00	-3.185913e+03	2.105841e+05
5.295500e-01	2.166046e+05	-3.506297e-02	1.259128e-01	0.000000e+00	-2.561630e+03	2.191662e+05
5.307400e-01	2.029617e+05	-3.521299e-02	1.262099e-01	0.000000e+00	-2.985092e+03	2.059468e+05
5.319300e-01	2.108682e+05	-3.536335e-02	1.265030e-01	0.000000e+00	-2.108968e+03	2.129772e+05
5.331200e-01	2.176122e+05	-3.551407e-02	1.268064e-01	0.000000e+00	-3.433713e+03	2.210459e+05
5.343100e-01	2.094732e+05	-3.566515e-02	1.271089e-01	0.000000e+00	-2.751869e+03	2.122250e+05
5.355000e-01	2.127896e+05	-3.581659e-02	1.274079e-01	0.000000e+00	-4.575264e+03	2.173649e+05
5.366900e-01	2.009987e+05	-3.596838e-02	1.277009e-01	0.000000e+00	-4.461555e+03	2.054603e+05
5.378800e-01	2.165327e+05	-3.612052e-02	1.279966e-01	0.000000e+00	-2.991442e+02	2.168318e+05
5.390700e-01	2.193204e+05	-3.627302e-02	1.283053e-01	0.000000e+00	-2.788869e+03	2.221093e+05
5.402600e-01	1.990073e+05	-3.642588e-02	1.286015e-01	0.000000e+00	-4.623927e+03	2.036313e+05
5.414500e-01	2.108863e+05	-3.657909e-02	1.288918e-01	0.000000e+00	-3.778232e+03	2.146645e+05
5.426400e-01	2.026474e+05	-3.673265e-02	1.291846e-01	0.000000e+00	-2.641729e+03	2.052891e+05
5.438300e-01	1.885903e+05	-3.688655e-02	1.294617e-01	0.000000e+00	-3.761920e+03	1.923523e+05
5.450200e-01	2.215815e+05	-3.704077e-02	1.297521e-01	0.000000e+00	-4.497061e+03	2.260786e+05
5.462100e-01	2.159519e+05	-3.719536e-02	1.300620e-01	0.000000e+00	-2.949869e+03	2.189018e+05
5.474000e-01	2.294398e+05	-3.735031e-02	1.303774e-01	0.000000e+00	-3.361058e+03	2.328009e+05
5.485900e-01	2.318006e+05	-3.750566e-02	1.307040e-01	0.000000e+00	-2.323145e+03	2.341238e+05
5.497800e-01	2.234686e+05	-3.766139e-02	1.310264e-01	0.000000e+00	-1.281792e+03	2.247503e+05
5.509700e-01	2.207064e+05	-3.781750e-02	1.313410e-01	0.000000e+00	-2.252328e+03	2.229587e+05
5.521600e-01	2.018685e+05	-3.797398e-02	1.316402e-01	0.000000e+00	-4.642588e+03	2.065111e+05
5.533500e-01	2.055484e+05	-3.813080e-02	1.319288e-01	0.000000e+00	-4.324259e+03	2.098726e+05
5.545400e-01	2.144918e+05	-3.828797e-02	1.322262e-01	0.000000e+00	-3.906018e+03	2.183978e+05
5.557300e-01	2.353727e+05	-3.844550e-02	1.325448e-01	0.000000e+00	-3.111576e+03	2.384842e+05
5.569200e-01	2.173024e+05	-3.860343e-02	1.328654e-01	0.000000e+00	-3.313517e+03	2.206159e+05
5.581100e-01	1.983758e+05	-3.876172e-02	1.331597e-01	0.000000e+00	-3.876033e+03	2.022518e+05
5.593000e-01	2.302129e+05	-3.892035e-02	1.334632e-01	0.000000e+00	-3.207080e+03	2.334200e+05
5.604900e-01	2.116546e+05	-3.907936e-02	1.337762e-01	0.000000e+00	-3.417671e+03	2.150723e+05
5.616800e-01	2.203673e+05	-3.923873e-02	1.340821e-01	0.000000e+00	-3.392661e+03	2.237600e+05
5.628700e-01	2.201657e+05	-3.939848e-02	1.343941e-01	0.000000e+00	-4.367464e+03	2.245332e+05
5.640600e-01	2.004936e+05	-3.955859e-02	1.346920e-01	0.000000e+00	-2.641122e+03	2.031347e+05
5.652500e-01	2.271798e+05	-3.971904e-02	1.349948e-01	0.000000e+00	-2.850375e+03	2.300302e+05
5.664400e-01	2.165953e+05	-3.987988e-02	1.353091e-01	0.000000e+00	-2.245564e+03	2.188409e+05
5.676300e-01	2.275090e+05	-4.004108e-02	1.356236e-01	0.000000e+00	-2.938173e+03	2.304472e+05
5.688200e-01	2.156154e+05	-4.020266e-02	1.359374e-01	0.000000e+00	-3.021983e+03	2.186374e+05
5.700100e-01	2.198648e+05	-4.036461e-02	1.362458e-01	0.000000e+00	-2.010362e+03	2.218752e+05
5.712000e-01	2.360203e+05	-4.052693e-02	1.365686e-01	0.000000e+00	-1.089658e+03	2.371099e+05
5.723900e-01	2.316737e+05	-4.068964e-02	1.368998e-01	0.000000e+00	-2.498185e+03	2.341719e+05
5.735800e-01	2.197030e+05	-4.085275e-02	1.372195e-01	0.000000e+00	-3.643249e+03	2.233462e+05
5.747700e-01	2.091634e+05	-4.101623e-02	1.375232e-01	0.000000e+00	-3.744391e+03	2.129078e+05
5.759600e-01	2.110542e+05	-4.118006e-02	1.378208e-01	0.000000e+00	-5.452530e+02	2.115994e+05
5.771500e-01	2.041456e+05	-4.134424e-02	1.381148e-01	0.000000e+00	-2.593322e+03	2.067389e+05
5.783400e-01	2.230237e+05	-4.150877e-02	1.384173e-01	0.000000e+00	-1.115647e+03	2.241394e+05
5.795300e-01	2.253723e+05	-4.167367e-02	1.387349e-01	0.000000e+00	-2.614627e+03	2.279870e+05
5.807200e-01	2.076611e+05	-4.183896e-02	1.390415e-01	0.000000e+00	-1.176184e+03	2.088373e+05
5.819100e-01	2.195192e+05	-4.200459e-02	1.393440e-01	0.000000e+00	0.000000e+00	2.195192e+05
5.831000e-01	2.240571e+05	-4.217060e-02	1.396582e-01	0.000000e+00	-1.430112e+03	2.254873e+05
5.842900e-01	2.208831e+05	-4.233698e-02	1.399732e-01	0.000000e+00	-3.189934e+03	2.240730e+05
5.854800e-01	2.313818e+05	-4.250373e-02	1.402935e-01	0.000000e+00	-4.162043e+03	2.355439e+05
5.866700e-01	2.292533e+05	-4.267088e-02	1.406197e-01	0.000000e+00	-1.610268e+03	2.308635e+05
5.878600e-01	2.132803e+05	-4.283841e-02	1.409331e-01	0.000000e+00	-8.880851e+02	2.141684e+05
5.890500e-01	2.223493e+05	-4.300630e-02	1.412416e-01	0.000000e+00	-2.734786e+03	2.250841e+05
5.902400e-01	2.190752e+05	-4.317456e-02	1.415542e-01	0.000000e+00	-2.890984e+03	2.219662e+05
5.914300e-01	2.243265e+05	-4.334320e-02	1.418682e-01	0.000000e+00	-1.881574e+03	2.262080e+05
5.926200e-01	2.189556e+05	-4.351221e-02	1.421821e-01	0.000000e+00	-1.011082e+03	2.199667e+05
5.938100e-01	2.306379e+05	-4.368159e-02	1.425005e-01	0.000000e+00	-1.985325e+03	2.326232e+05
5.950000e-01	2.318447e+05	-4.385136e-02	1.428280e-01	0.000000e+00	-1.063736e+03	2.329085e+05
5.961900e-01	2.065840e+05	-4.402152e-02	1.431385e-01	0.000000e+00	-3.320060e+03	2.099040e+05
5.973800e-01	2.204113e+05	-4.419203e-02	1.434409e-01	0.000000e+00	-2.377234e+03	2.227886e+05
5.985700e-01	2.047344e+05	-4.436291e-02	1.437420e-01	0.000000e+00	-2.523583e+03	2.072580e+05
5.997600e-01	2.180608e+05	-4.453414e-02	1.440414e-01	0.000000e+00	-3.985320e+03	2.220461e+05
6.009500e-01	2.142059e+05	-4.470573e-02	1.443475e-01	0.000000e+00	-3.075555e+03	2.172815e+05
6.021400e-01	2.158278e+05	-4.487768e-02	1.446520e-01	0.000000e+00	-3.039806e+03	2.188676e+05
6.033300e-01	2.042271e+05	-4.505000e-02	1.449495e-01	0.000000e+00	-2.402787e+03	2.066299e+05
6.045200e-01	2.115122e+05	-4.522266e-02	1.452439e-01	0.000000e+00	-3.134603e+03	2.146468e+05
6.057100e-01	2.232968e+05	-4.539568e-02	1.455518e-01	0.000000e+00	-2.292615e+03	2.255894e+05
6.069000e-01	2.190347e+05	-4.556908e-02	1.458651e-01	0.000000e+00	-2.118781e+03	2.211535e+05
6.080900e-01	2.015430e+05	-4.574284e-02	1.461629e-01	0.000000e+00	-4.512925e+03	2.060560e+05
6.092800e-01	2.260763e+05	-4.591694e-02	1.464657e-01	0.000000e+00	-4.148592e+03	2.302249e+05
6.104700e-01	2.169535e+05	-4.609143e-02	1.467795e-01	0.000000e+00	-5.285973e+03	2.222395e+05
6.116600e-01	2.214357e+05	-4.626628e-02	1.470899e-01	0.000000e+00	-3.406527e+03	2.248423e+05
6.128500e-01	2.292847e+05	-4.644150e-02	1.474091e-01	0.000000e+00	-2.397035e+03	2.316818e+05
6.140400e-01	2.029175e+05	-4.661711e-02	1.477152e-01	0.000000e+00	-4.791415e+03	2.077090e+05
6.152300e-01	2.126860e+05	-4.679307e-02	1.480095e-01	0.000000e+00	-3.330854e+03	2.160169e+05
6.164200e-01	2.286087e+05	-4.696938e-02	1.483220e-01	0.000000e+00	-1.449402e+03	2.300581e+05
6.176100e-01	2.308476e+05	-4.714607e-02	1.486474e-01	0.000000e+00	-1.115823e+03	2.319634e+05
6.188000e-01	2.151923e+05	-4.732316e-02	1.489632e-01	0.000000e+00	-2.191921e+03	2.173842e+05
6.199900e-01	2.314006e+05	-4.750060e-02	1.492795e-01	0.000000e+00	-2.194523e+03	2.335951e+05
6.211800e-01	2.324239e+05	-4.767844e-02	1.496080e-01	0.000000e+00	-1.728903e+03	2.341528e+05
6.223700e-01	2.265989e+05	-4.785667e-02	1.499330e-01	0.000000e+00	-1.403461e+03	2.280023e+05
6.235600e-01	2.135043e+05	-4.803528e-02	1.502447e-01	0.000000e+00	-3.054422e+03	2.165587e+05
6.247500e-01	1.944295e+05	-4.821425e-02	1.505336e-01	0.000000e+00	-3.139671e+03	1.975692e+05
6.259400e-01	2.112797e+05	-4.839355e-02	1.508209e-01	0.000000e+00	-3.798309e+03	2.150780e+05
6.271300e-01	2.125803e+05	-4.857321e-02	1.511211e-01	0.000000e+00	-9.319677e+02	2.135123e+05
6.283200e-01	2.160564e+05	-4.875322e-02	1.514246e-01	0.000000e+00	-4.461497e+02	2.165026e+05
6.295100e-01	2.226125e+05	-4.893360e-02	1.517352e-01	0.000000e+00	-1.234523e+03	2.238470e+05
6.307000e-01	2.193436e+05	-4.911435e-02	1.520482e-01	0.000000e+00	-6.163156e+02	2.199599e+05
6.318900e-01	2.200219e+05	-4.929547e-02	1.523594e-01	0.000000e+00	-1.064357e+03	2.210863e+05
6.330800e-01	2.160729e+05	-4.947697e-02	1.526682e-01	0.000000e+00	-1.857283e+03	2.179302e+05
6.342700e-01	2.145281e+05	-4.965882e-02	1.529731e-01	0.000000e+00	-4.570092e+03	2.190982e+05
6.354600e-01	2.085361e+05	-4.984104e-02	1.532727e-01	0.000000e+00	-1.972767e+03	2.105089e+05
6.366500e-01	2.131706e+05	-5.002361e-02	1.535714e-01	0.000000e+00	-1.263571e+03	2.144342e+05
6.378400e-01	2.156126e+05	-5.020654e-02	1.538750e-01	0.000000e+00	-7.194094e+02	2.163320e+05
6.390300e-01	2.074140e+05	-5.038983e-02	1.541746e-01	0.000000e+00	-2.015066e+03	2.094291e+05
6.402200e-01	2.168024e+05	-5.057348e-02	1.544750e-01	0.000000e+00	-3.313276e+03	2.201157e+05
6.414100e-01	2.043140e+05	-5.075748e-02	1.547732e-01	0.000000e+00	-1.322137e+03	2.056361e+05
6.426000e-01	2.019708e+05	-5.094184e-02	1.550609e-01	0.000000e+00	-2.719466e+03	2.046902e+05
6.437900e-01	2.060025e+05	-5.112653e-02	1.553499e-01	0.000000e+00	-4.150007e+02	2.064175e+05
6.449800e-01	2.186009e+05	-5.131157e-02	1.556505e-01	0.000000e+00	-1.092921e+03	2.196939e+05
6.461700e-01	2.338315e+05	-5.149698e-02	1.559709e-01	0.000000e+00	-3.210076e+03	2.370415e+05
6.473600e-01	2.154375e+05	-5.168278e-02	1.562891e-01	0.000000e+00	-1.460259e+03	2.168978e+05
6.485500e-01	2.143270e+05	-5.186895e-02	1.565934e-01	0.000000e+00	-2.554307e+03	2.168813e+05
6.497400e-01	2.199698e+05	-5.205547e-02	1.569010e-01	0.000000e+00	-1.357891e+03	2.213277e+05
6.509300e-01	2.234497e+05	-5.224237e-02	1.572150e-01	0.000000e+00	-2.366591e+03	2.258163e+05
6.521200e-01	2.235724e+05	-5.242964e-02	1.575316e-01	0.000000e+00	-4.079680e+03	2.276521e+05
6.533100e-01	2.321338e+05	-5.261730e-02	1.578543e-01	0.000000e+00	-2.466076e+03	2.345999e+05
6.545000e-01	2.046649e+05	-5.280534e-02	1.581636e-01	0.000000e+00	-7.737825e+02	2.054386e+05
6.556900e-01	2.181052e+05	-5.299373e-02	1.584630e-01	0.000000e+00	-8.064840e+02	2.189116e+05
6.568800e-01	2.244128e+05	-5.318248e-02	1.587764e-01	0.000000e+00	-5.770583e+02	2.249899e+05
6.580700e-01	2.134272e+05	-5.337161e-02	1.590864e-01	0.000000e+00	-2.784286e+03	2.162115e+05
6.592600e-01	2.140686e+05	-5.356111e-02	1.593892e-01	0.000000e+00	-7.938043e+02	2.148624e+05
6.604500e-01	2.232228e+05	-5.375096e-02	1.596989e-01	0.000000e+00	-2.996051e+03	2.262188e+05
6.616400e-01	2.338923e+05	-5.394119e-02	1.600226e-01	0.000000e+00	-1.317343e+03	2.352097e+05
6.628300e-01	2.269059e+05	-5.413181e-02	1.603489e-01	0.000000e+00	-2.198840e+03	2.291047e+05
6.640200e-01	2.180038e+05	-5.432282e-02	1.606640e-01	0.000000e+00	-3.118130e+03	2.211219e+05
6.652100e-01	2.201616e+05	-5.451419e-02	1.609743e-01	0.000000e+00	-3.065144e+03	2.232267e+05
6.664000e-01	2.414047e+05	-5.470594e-02	1.613011e-01	0.000000e+00	-4.606170e+03	2.460108e+05
6.675900e-01	2.164896e+05	-5.489809e-02	1.616254e-01	0.000000e+00	-2.275116e+03	2.187647e+05
6.687800e-01	2.203706e+05	-5.509061e-02	1.619348e-01	0.000000e+00	-2.481148e+03	2.228518e+05
6.699700e-01	2.136146e+05	-5.528349e-02	1.622421e-01	0.000000e+00	-1.936668e+03	2.155513e+05
6.711600e-01	2.128524e+05	-5.547674e-02	1.625441e-01	0.000000e+00	-7.659526e+02	2.136183e+05
6.723500e-01	2.241172e+05	-5.567035e-02	1.628535e-01	0.000000e+00	-2.256221e+03	2.263734e+05
6.735400e-01	2.182922e+05	-5.586433e-02	1.631668e-01	0.000000e+00	-2.640837e+03	2.209331e+05
6.747300e-01	2.088928e+05	-5.605869e-02	1.634694e-01	0.000000e+00	-4.413779e+03	2.133066e+05
6.759200e-01	2.044751e+05	-5.625339e-02	1.637621e-01	0.000000e+00	-2.949922e+03	2.074250e+05
6.771100e-01	2.076897e+05	-5.644844e-02	1.640540e-01	0.000000e+00	-2.065764e+03	2.097555e+05
6.783000e-01	2.115083e+05	-5.664384e-02	1.643508e-01	0.000000e+00	-3.061194e+03	2.145695e+05
6.794900e-01	2.177472e+05	-5.683960e-02	1.646548e-01	0.000000e+00	-1.699651e+03	2.194469e+05
6.806800e-01	2.292044e+05	-5.703572e-02	1.649713e-01	0.000000e+00	-2.274851e+03	2.314793e+05
6.818700e-01	2.208085e+05	-5.723223e-02	1.652900e-01	0.000000e+00	-1.387310e+03	2.221958e+05
6.830600e-01	2.297849e+05	-5.742911e-02	1.656091e-01	0.000000e+00	-9.127547e+02	2.306977e+05
6.842500e-01	2.158267e+05	-5.762638e-02	1.659247e-01	0.000000e+00	-3.979364e+03	2.198060e+05
6.854400e-01	2.300379e+05	-5.782401e-02	1.662404e-01	0.000000e+00	-2.947865e+03	2.329857e+05
6.866300e-01	2.157102e+05	-5.802203e-02	1.665561e-01	0.000000e+00	-9.989784e+02	2.167092e+05
6.878200e-01	2.065010e+05	-5.822041e-02	1.668551e-01	0.000000e+00	-1.290063e+03	2.077911e+05
6.890100e-01	2.363926e+05	-5.841914e-02	1.671687e-01	0.000000e+00	-2.834636e+03	2.392272e+05
6.902000e-01	2.478796e+05	-5.861827e-02	1.675117e-01	0.000000e+00	-2.083545e+03	2.499632e+05
6.913900e-01	2.323253e+05	-5.881782e-02	1.678517e-01	0.000000e+00	-9.926201e+02	2.333179e+05
6.925800e-01	2.178940e+05	-5.901776e-02	1.681706e-01	0.000000e+00	-1.155088e+03	2.190491e+05
6.937700e-01	2.399023e+05	-5.921807e-02	1.684948e-01	0.000000e+00	-3.955265e+03	2.438575e+05
6.949600e-01	2.136318e+05	-5.941878e-02	1.688159e-01	0.000000e+00	-2.302134e+03	2.159340e+05
6.961500e-01	2.147330e+05	-5.961985e-02	1.691193e-01	0.000000e+00	-1.802700e+03	2.165357e+05
6.973400e-01	2.140283e+05	-5.982128e-02	1.694229e-01	0.000000e+00	-3.253289e+03	2.172816e+05
6.985300e-01	2.357711e+05	-6.002308e-02	1.697414e-01	0.000000e+00	-1.890965e+03	2.376620e+05
6.997200e-01	2.127933e+05	-6.022527e-02	1.700591e-01	0.000000e+00	-1.554590e+03	2.143479e+05
7.009100e-01	2.335139e+05	-6.042782e-02	1.703752e-01	0.000000e+00	-1.525069e+03	2.350390e+05
7.021000e-01	2.237988e+05	-6.063076e-02	1.706990e-01	0.000000e+00	-3.171687e+03	2.269704e+05
7.032900e-01	2.179294e+05	-6.083408e-02	1.710118e-01	0.000000e+00	-3.806312e+03	2.217357e+05
7.044800e-01	2.149824e+05	-6.103777e-02	1.713184e-01	0.000000e+00	-1.708708e+03	2.166911e+05
7.056700e-01	2.184415e+05	-6.124182e-02	1.716253e-01	0.000000e+00	-4.768166e+03	2.232097e+05
7.068600e-01	2.205758e+05	-6.144624e-02	1.719362e-01	0.000000e+00	-3.579519e+03	2.241553e+05
7.080500e-01	2.065439e+05	-6.165103e-02	1.722387e-01	0.000000e+00	-4.081546e+03	2.106254e+05
7.092400e-01	2.201076e+05	-6.185616e-02	1.725408e-01	0.000000e+00	-3.556071e+03	2.236637e+05
7.104300e-01	2.273134e+05	-6.206167e-02	1.728577e-01	0.000000e+00	-5.009523e+03	2.323229e+05
7.116200e-01	2.288944e+05	-6.226757e-02	1.731808e-01	0.000000e+00	-3.654132e+03	2.325486e+05
7.128100e-01	2.367471e+05	-6.247384e-02	1.735105e-01	0.000000e+00	-1.908942e+03	2.386560e+05
7.140000e-01	2.226584e+05	-6.268052e-02	1.738359e-01	0.000000e+00	-2.118572e+03	2.247769e+05
7.151900e-01	2.372822e+05	-6.288757e-02	1.741616e-01	0.000000e+00	-1.551208e+03	2.388334e+05
7.163800e-01	2.142729e+05	-6.309503e-02	1.744813e-01	0.000000e+00	-2.116828e+03	2.163897e+05
7.175700e-01	2.173857e+05	-6.330284e-02	1.747870e-01	0.000000e+00	-3.750205e+03	2.211359e+05
7.187600e-01	2.298493e+05	-6.351102e-02	1.751037e-01	0.000000e+00	-1.446053e+03	2.312954e+05
7.199500e-01	2.450137e+05	-6.371959e-02	1.754400e-01	0.000000e+00	-1.127179e+03	2.461409e+05
7.211400e-01	2.267035e+05	-6.392857e-02	1.757741e-01	0.000000e+00	-1.114627e+03	2.278181e+05
7.223300e-01	2.262662e+05	-6.413793e-02	1.760949e-01	0.000000e+00	-1.470933e+03	2.277372e+05
7.235200e-01	2.170504e+05	-6.434767e-02	1.764088e-01	0.000000e+00	-1.050076e+03	2.181005e+05
7.247100e-01	2.197927e+05	-6.455778e-02	1.767182e-01	0.000000e+00	-5.974875e+02	2.203902e+05
7.259000e-01	2.424645e+05	-6.476826e-02	1.770455e-01	0.000000e+00	-1.920376e+03	2.443849e+05
7.270900e-01	2.281483e+05	-6.497915e-02	1.773788e-01	0.000000e+00	-1.827387e+03	2.299757e+05
7.282800e-01	2.264705e+05	-6.519042e-02	1.777007e-01	0.000000e+00	-1.585677e+03	2.280562e+05
7.294700e-01	2.343080e+05	-6.540208e-02	1.780270e-01	0.000000e+00	-3.066855e+03	2.373748e+05
7.306600e-01	2.111175e+05	-6.561413e-02	1.783425e-01	0.000000e+00	-1.382586e+03	2.125001e+05
7.318500e-01	2.186662e+05	-6.582653e-02	1.786468e-01	0.000000e+00	-1.302179e+03	2.199684e+05
7.330400e-01	2.381945e+05	-6.603931e-02	1.789704e-01	0.000000e+00	-1.153734e+03	2.393482e+05
7.342300e-01	2.243826e+05	-6.625248e-02	1.792979e-01	0.000000e+00	-1.364031e+03	2.257466e+05
7.354200e-01	2.207801e+05	-6.646604e-02	1.796132e-01	0.000000e+00	-1.685018e+03	2.224651e+05
7.366100e-01	2.380250e+05	-6.667996e-02	1.799381e-01	0.000000e+00	-2.151259e+03	2.401763e+05
7.378000e-01	2.101180e+05	-6.689429e-02	1.802555e-01	0.000000e+00	-1.837848e+03	2.119559e+05
7.389900e-01	2.371962e+05	-6.710897e-02	1.805722e-01	0.000000e+00	-2.480578e+03	2.396768e+05
7.401800e-01	2.374507e+05	-6.732405e-02	1.809084e-01	0.000000e+00	-1.174399e+03	2.386251e+05
7.413700e-01	2.313932e+05	-6.753953e-02	1.812404e-01	0.000000e+00	-6.580302e+02	2.320513e+05
7.425600e-01	2.187778e+05	-6.775540e-02	1.815592e-01	0.000000e+00	-1.823059e+02	2.189601e+05
7.437500e-01	2.272781e+05	-6.797164e-02	1.818750e-01	0.000000e+00	-9.452378e+02	2.282233e+05
7.449400e-01	2.162766e+05	-6.818826e-02	1.821892e-01	0.000000e+00	-1.423701e+03	2.177003e+05
7.461300e-01	2.099920e+05	-6.840525e-02	1.824910e-01	0.000000e+00	-2.399697e+03	2.123917e+05
7.473200e-01	2.110252e+05	-6.862259e-02	1.827892e-01	0.000000e+00	-1.822754e+03	2.128479e+05
7.485100e-01	2.234650e+05	-6.884029e-02	1.830969e-01	0.000000e+00	-2.282726e+02	2.236933e+05
7.497000e-01	2.191401e+05	-6.905836e-02	1.834103e-01	0.000000e+00	-2.365810e+03	2.215059e+05
7.508900e-01	2.383702e+05	-6.927681e-02	1.837343e-01	0.000000e+00	-4.326652e+03	2.426969e+05
7.520800e-01	2.338113e+05	-6.949565e-02	1.840687e-01	0.000000e+00	-2.599666e+03	2.364109e+05
7.532700e-01	2.188588e+05	-6.971489e-02	1.843892e-01	0.000000e+00	-7.752851e+02	2.196341e+05
7.544600e-01	2.197767e+05	-6.993450e-02	1.846999e-01	0.000000e+00	-1.902604e+03	2.216793e+05
7.556500e-01	2.463173e+05	-7.015448e-02	1.850299e-01	0.000000e+00	-8.008377e+02	2.471181e+05
7.568400e-01	2.484155e+05	-7.037487e-02	1.853803e-01	0.000000e+00	-1.307022e+03	2.497225e+05
7.580300e-01	2.451461e+05	-7.059568e-02	1.857298e-01	0.000000e+00	-1.176250e+03	2.463223e+05
7.592200e-01	2.404557e+05	-7.081691e-02	1.860737e-01	0.000000e+00	-2.415717e+03	2.428714e+05
7.604100e-01	2.307005e+05	-7.103854e-02	1.864074e-01	0.000000e+00	-2.489074e+03	2.331895e+05
7.616000e-01	2.313769e+05	-7.126056e-02	1.867346e-01	0.000000e+00	-1.889743e+03	2.332666e+05
7.627900e-01	2.170009e+05	-7.148296e-02	1.870521e-01	0.000000e+00	-2.107531e+03	2.191084e+05
7.639800e-01	2.215464e+05	-7.170574e-02	1.873627e-01	0.000000e+00	-9.569182e+02	2.225033e+05
7.651700e-01	2.202196e+05	-7.192889e-02	1.876755e-01	0.000000e+00	-2.008821e+03	2.222285e+05
7.663600e-01	2.202572e+05	-7.215241e-02	1.879874e-01	0.000000e+00	-8.871871e+02	2.211444e+05
7.675500e-01	2.257642e+05	-7.237630e-02	1.883033e-01	0.000000e+00	-4.653363e+02	2.262296e+05
7.687400e-01	2.299338e+05	-7.260057e-02	1.886260e-01	0.000000e+00	-1.528619e+03	2.314624e+05
7.699300e-01	2.265662e+05	-7.282523e-02	1.889493e-01	0.000000e+00	-9.923891e+02	2.275586e+05
7.711200e-01	2.205310e+05	-7.305027e-02	1.892659e-01	0.000000e+00	-9.627828e+02	2.214938e+05
7.723100e-01	2.169800e+05	-7.327568e-02	1.895757e-01	0.000000e+00	-2.382802e+03	2.193628e+05
7.735000e-01	2.162754e+05	-7.350146e-02	1.898826e-01	0.000000e+00	-1.720128e+01	2.162926e+05
7.746900e-01	2.224536e+05	-7.372760e-02	1.901932e-01	0.000000e+00	-1.550933e+03	2.240046e+05
7.758800e-01	2.191476e+05	-7.395412e-02	1.905060e-01	0.000000e+00	-9.051273e+02	2.200527e+05
7.770700e-01	2.274126e+05	-7.418101e-02	1.908222e-01	0.000000e+00	-9.038432e+02	2.283165e+05
7.782600e-01	2.157196e+05	-7.440828e-02	1.911360e-01	0.000000e+00	-4.017263e+02	2.161214e+05
7.794500e-01	2.214113e+05	-7.463591e-02	1.914456e-01	0.000000e+00	-2.612457e+03	2.240237e+05
7.806400e-01	2.357347e+05	-7.486392e-02	1.917693e-01	0.000000e+00	-1.187497e+03	2.369222e+05
7.818300e-01	2.171905e+05	-7.509232e-02	1.920901e-01	0.000000e+00	-1.017901e+03	2.182084e+05
7.830200e-01	2.331284e+05	-7.532109e-02	1.924090e-01	0.000000e+00	-1.392413e+03	2.345208e+05
7.842100e-01	2.220974e+05	-7.555025e-02	1.927313e-01	0.000000e+00	-2.485058e+03	2.245825e+05
7.854000e-01	2.153291e+05	-7.577979e-02	1.930411e-01	0.000000e+00	-2.015147e+03	2.173442e+05
7.865900e-01	2.348753e+05	-7.600969e-02	1.933599e-01	0.000000e+00	-2.459601e+03	2.373349e+05
7.877800e-01	2.360896e+05	-7.623999e-02	1.936934e-01	0.000000e+00	-7.139135e+02	2.368036e+05
7.889700e-01	2.208878e+05	-7.647068e-02	1.940171e-01	0.000000e+00	0.000000e+00	2.208878e+05
7.901600e-01	2.418144e+05	-7.670175e-02	1.943447e-01	0.000000e+00	-7.265758e+02	2.425410e+05
7.913500e-01	2.220292e+05	-7.693322e-02	1.946732e-01	0.000000e+00	-1.707221e+03	2.237364e+05
7.925400e-01	2.163770e+05	-7.716507e-02	1.949837e-01	0.000000e+00	-9.275474e+02	2.173046e+05
7.937300e-01	2.472250e+05	-7.739728e-02	1.953120e-01	0.000000e+00	-2.193338e+01	2.472470e+05
7.949200e-01	2.399868e+05	-7.762991e-02	1.956570e-01	0.000000e+00	-1.420641e+03	2.414074e+05
7.961100e-01	2.221745e+05	-7.786295e-02	1.959843e-01	0.000000e+00	-3.536400e+03	2.257109e+05
7.973000e-01	2.058844e+05	-7.809636e-02	1.962874e-01	0.000000e+00	-2.584051e+03	2.084684e+05
7.984900e-01	2.237631e+05	-7.833011e-02	1.965917e-01	0.000000e+00	-1.559352e+03	2.253224e+05
7.996800e-01	2.062042e+05	-7.856424e-02	1.968962e-01	0.000000e+00	-3.275157e+03	2.094793e+05
8.008700e-01	2.126025e+05	-7.879872e-02	1.971928e-01	0.000000e+00	-1.413018e+03	2.140155e+05
8.020600e-01	2.334213e+05	-7.903356e-02	1.975086e-01	0.000000e+00	-1.427114e+03	2.348484e+05
8.032500e-01	2.310870e+05	-7.926879e-02	1.978376e-01	0.000000e+00	-1.559036e+03	2.326460e+05
8.044400e-01	2.214222e+05	-7.950442e-02	1.981580e-01	0.000000e+00	-6.818992e+02	2.221041e+05
8.056300e-01	2.245411e+05	-7.974041e-02	1.984738e-01	0.000000e+00	-4.466900e+02	2.249878e+05
8.068200e-01	2.044168e+05	-7.997678e-02	1.987776e-01	0.000000e+00	-1.005523e+03	2.054224e+05
8.080100e-01	2.177031e+05	-8.021350e-02	1.990765e-01	0.000000e+00	-3.245417e+03	2.209485e+05
8.092000e-01	2.221293e+05	-8.045059e-02	1.993880e-01	0.000000e+00	-2.416081e+03	2.245454e+05
8.103900e-01	2.416117e+05	-8.068804e-02	1.997164e-01	0.000000e+00	-1.454766e+03	2.430665e+05
8.115800e-01	2.368159e+05	-8.092591e-02	2.000552e-01	0.000000e+00	-3.341948e+00	2.368193e+05
8.127700e-01	2.089867e+05	-8.116418e-02	2.003709e-01	0.000000e+00	-9.920183e+01	2.090859e+05
8.139600e-01	2.279131e+05	-8.140279e-02	2.006803e-01	0.000000e+00	-1.421001e+03	2.293341e+05
8.151500e-01	2.265129e+05	-8.164180e-02	2.010021e-01	0.000000e+00	-1.072490e+03	2.275854e+05
8.163400e-01	2.265631e+05	-8.188118e-02	2.013230e-01	0.000000e+00	-1.608988e+03	2.281721e+05
8.175300e-01	2.152226e+05	-8.212094e-02	2.016358e-01	0.000000e+00	-5.624692e+02	2.157851e+05
8.187200e-01	2.183843e+05	-8.236107e-02	2.019429e-01	0.000000e+00	-2.778670e+02	2.186621e+05
8.199100e-01	2.298853e+05	-8.260157e-02	2.022604e-01	0.000000e+00	0.000000e+00	2.298853e+05
8.211000e-01	2.189783e+05	-8.284245e-02	2.025782e-01	0.000000e+00	0.000000e+00	2.189783e+05
8.222900e-01	2.314558e+05	-8.308370e-02	2.028972e-01	0.000000e+00	-5.305357e+02	2.319864e+05
8.234800e-01	2.345933e+05	-8.332535e-02	2.032272e-01	0.000000e+00	-2.151539e+03	2.367449e+05
8.246700e-01	2.293680e+05	-8.356739e-02	2.035558e-01	0.000000e+00	-2.327308e+03	2.316954e+05
8.258600e-01	2.337059e+05	-8.380981e-02	2.038837e-01	0.000000e+00	-2.143545e+03	2.358494e+05
8.270500e-01	2.381919e+05	-8.405263e-02	2.042179e-01	0.000000e+00	-1.870670e+03	2.400625e+05
8.282400e-01	2.146903e+05	-8.429585e-02	2.045386e-01	0.000000e+00	-9.698796e+02	2.156602e+05
8.294300e-01	2.133925e+05	-8.453943e-02	2.048418e-01	0.000000e+00	-2.702517e+03	2.160950e+05
8.306200e-01	2.394837e+05	-8.478337e-02	2.051625e-01	0.000000e+00	-2.340683e+03	2.418243e+05
8.318100e-01	2.286800e+05	-8.502772e-02	2.054940e-01	0.000000e+00	-2.081136e+03	2.307611e+05
8.330000e-01	2.100004e+05	-8.527245e-02	2.058047e-01	0.000000e+00	-9.907747e+02	2.109912e+05
8.341900e-01	2.330483e+05	-8.551753e-02	2.061184e-01	0.000000e+00	-3.788071e+02	2.334271e+05
8.353800e-01	2.446054e+05	-8.576301e-02	2.064567e-01	0.000000e+00	0.000000e+00	2.446054e+05
8.365700e-01	2.328970e+05	-8.600890e-02	2.067949e-01	0.000000e+00	-3.179251e+02	2.332150e+05
8.377600e-01	2.329740e+05	-8.625518e-02	2.071248e-01	0.000000e+00	-5.224110e+02	2.334964e+05
8.389500e-01	2.386334e+05	-8.650186e-02	2.074587e-01	0.000000e+00	-1.010558e+03	2.396439e+05
8.401400e-01	2.292279e+05	-8.674893e-02	2.077901e-01	0.000000e+00	-1.389197e+03	2.306171e+05
8.413300e-01	2.311207e+05	-8.699640e-02	2.081161e-01	0.000000e+00	-1.218665e+03	2.323394e+05
8.425200e-01	2.207511e+05	-8.724425e-02	2.084361e-01	0.000000e+00	-1.201930e+03	2.219530e+05
8.437100e-01	2.351661e+05	-8.749247e-02	2.087589e-01	0.000000e+00	-1.261872e+03	2.364280e+05
8.449000e-01	2.388143e+05	-8.774110e-02	2.090946e-01	0.000000e+00	-1.067802e+03	2.398821e+05
8.460900e-01	2.291270e+05	-8.799012e-02	2.094260e-01	0.000000e+00	-2.932971e+03	2.320600e+05
8.472800e-01	2.199734e+05	-8.823953e-02	2.097440e-01	0.000000e+00	-1.800722e+03	2.217741e+05
8.484700e-01	2.338958e+05	-8.848931e-02	2.100654e-01	0.000000e+00	-2.712895e+03	2.366087e+05
8.496600e-01	2.196617e+05	-8.873949e-02	2.103866e-01	0.000000e+00	-1.034971e+03	2.206967e+05
8.508500e-01	2.146536e+05	-8.899003e-02	2.106942e-01	0.000000e+00	-2.335784e+03	2.169893e+05
8.520400e-01	2.265778e+05	-8.924094e-02	2.110066e-01	0.000000e+00	-5.200288e+02	2.270978e+05
8.532300e-01	2.262012e+05	-8.949223e-02	2.113273e-01	0.000000e+00	-1.094874e+03	2.272960e+05
8.544200e-01	2.368757e+05	-8.974390e-02	2.116552e-01	0.000000e+00	-5.857981e+02	2.374615e+05
8.556100e-01	2.504101e+05	-8.999597e-02	2.120003e-01	0.000000e+00	-2.035393e+03	2.524455e+05
8.568000e-01	2.449704e+05	-9.024846e-02	2.123511e-01	0.000000e+00	-1.510920e+03	2.464813e+05
8.579900e-01	2.384701e+05	-9.050136e-02	2.126935e-01	0.000000e+00	-3.176377e+03	2.416464e+05
8.591800e-01	2.293533e+05	-9.075467e-02	2.130248e-01	0.000000e+00	-6.372857e+02	2.299905e+05
8.603700e-01	2.370809e+05	-9.100836e-02	2.133551e-01	0.000000e+00	-2.572411e+03	2.396533e+05
8.615600e-01	2.336792e+05	-9.126245e-02	2.136884e-01	0.000000e+00	-1.199300e+03	2.348785e+05
8.627500e-01	2.198227e+05	-9.151694e-02	2.140096e-01	0.000000e+00	-1.414736e+03	2.212375e+05
8.639400e-01	2.347598e+05	-9.177180e-02	2.143315e-01	0.000000e+00	-3.174052e+03	2.379338e+05
8.651300e-01	2.202483e+05	-9.202705e-02	2.146537e-01	0.000000e+00	-4.351682e+03	2.246000e+05
8.663200e-01	2.243659e+05	-9.228267e-02	2.149686e-01	0.000000e+00	-1.019700e+03	2.253856e+05
8.675100e-01	2.153686e+05	-9.253867e-02	2.152800e-01	0.000000e+00	-1.504466e+03	2.168730e+05
8.687000e-01	2.230635e+05	-9.279504e-02	2.155905e-01	0.000000e+00	-7.534849e+02	2.238170e+05
8.698900e-01	2.344795e+05	-9.305178e-02	2.159145e-01	0.000000e+00	-6.611213e+02	2.351406e+05
8.710800e-01	2.322343e+05	-9.330891e-02	2.162450e-01	0.000000e+00	-1.703386e+03	2.339377e+05
8.722700e-01	2.060239e+05	-9.356644e-02	2.165554e-01	0.000000e+00	-3.906528e+03	2.099305e+05
8.734600e-01	2.245195e+05	-9.382432e-02	2.168603e-01	0.000000e+00	-2.010444e+03	2.265299e+05
8.746500e-01	2.173835e+05	-9.408257e-02	2.171732e-01	0.000000e+00	-3.014875e+02	2.176850e+05
8.758400e-01	2.246948e+05	-9.434119e-02	2.174863e-01	0.000000e+00	-2.068793e+03	2.267635e+05
8.770300e-01	2.318953e+05	-9.460019e-02	2.178096e-01	0.000000e+00	-2.274254e+03	2.341695e+05
8.782200e-01	2.301324e+05	-9.485958e-02	2.181368e-01	0.000000e+00	-6.989705e+02	2.308314e+05
8.794100e-01	2.183274e+05	-9.511935e-02	2.184544e-01	0.000000e+00	-1.748832e+03	2.200762e+05
8.806000e-01	2.249236e+05	-9.537950e-02	2.187683e-01	0.000000e+00	-3.348476e+03	2.282721e+05
8.817900e-01	2.368563e+05	-9.564002e-02	2.190953e-01	0.000000e+00	-9.781683e+02	2.378345e+05
8.829800e-01	2.062116e+05	-9.590094e-02	2.194091e-01	0.000000e+00	-9.125208e+02	2.071241e+05
8.841700e-01	2.393697e+05	-9.616221e-02	2.197246e-01	0.000000e+00	-9.848842e+02	2.403545e+05
8.853600e-01	2.368334e+05	-9.642389e-02	2.200618e-01	0.000000e+00	-1.640106e+03	2.384735e+05
8.865500e-01	2.435076e+05	-9.668596e-02	2.204020e-01	0.000000e+00	-2.719655e+03	2.462272e+05
8.877400e-01	2.189732e+05	-9.694844e-02	2.207295e-01	0.000000e+00	-2.929247e+03	2.219025e+05
8.889300e-01	2.361407e+05	-9.721130e-02	2.210518e-01	0.000000e+00	-2.866176e+03	2.390069e+05
8.901200e-01	2.326699e+05	-9.747455e-02	2.213838e-01	0.000000e+00	-1.767977e+03	2.344378e+05
8.913100e-01	2.351561e+05	-9.773819e-02	2.217151e-01	0.000000e+00	-3.483232e+03	2.386393e+05
8.925000e-01	2.331769e+05	-9.800223e-02	2.220468e-01	0.000000e+00	-1.574084e+03	2.347510e+05
8.936900e-01	2.281608e+05	-9.826666e-02	2.223735e-01	0.000000e+00	-3.109500e+03	2.312703e+05
8.948800e-01	2.227860e+05	-9.853148e-02	2.226928e-01	0.000000e+00	-2.394563e+03	2.251806e+05
8.960700e-01	2.191142e+05	-9.879667e-02	2.230057e-01	0.000000e+00	-1.475353e+03	2.205895e+05
8.972600e-01	2.248518e+05	-9.906223e-02	2.233201e-01	0.000000e+00	-1.521113e+03	2.263729e+05
8.984500e-01	2.282865e+05	-9.932817e-02	2.236410e-01	0.000000e+00	-1.250954e+03	2.295375e+05
8.996400e-01	2.344645e+05	-9.959450e-02	2.239687e-01	0.000000e+00	-2.070513e+03	2.365351e+05
9.008300e-01	2.354511e+05	-9.986122e-02	2.243015e-01	0.000000e+00	-1.880109e+03	2.373312e+05
9.020200e-01	2.141436e+05	-1.001283e-01	2.246199e-01	0.000000e+00	-8.227052e+02	2.149663e+05
9.032100e-01	2.113710e+05	-1.003958e-01	2.249212e-01	0.000000e+00	-4.829875e+02	2.118540e+05
9.044000e-01	2.161336e+05	-1.006636e-01	2.252240e-01	0.000000e+00	-1.383502e+03	2.175171e+05
9.055900e-01	2.341686e+05	-1.009318e-01	2.255429e-01	0.000000e+00	-6.721502e+02	2.348407e+05
9.067800e-01	2.440760e+05	-1.012004e-01	2.258816e-01	0.000000e+00	-2.195415e+03	2.462714e+05
9.079700e-01	2.577002e+05	-1.014694e-01	2.262369e-01	0.000000e+00	-1.945958e+03	2.596462e+05
9.091600e-01	2.552493e+05	-1.017389e-01	2.266001e-01	0.000000e+00	-7.037130e+02	2.559530e+05
9.103500e-01	2.146830e+05	-1.020088e-01	2.269329e-01	0.000000e+00	-1.521277e+03	2.162043e+05
9.115400e-01	2.214775e+05	-1.022790e-01	2.272418e-01	0.000000e+00	-6.500009e+02	2.221275e+05
9.127300e-01	2.474573e+05	-1.025496e-01	2.275739e-01	0.000000e+00	-7.939156e+02	2.482512e+05
9.139200e-01	2.339614e+05	-1.028206e-01	2.279148e-01	0.000000e+00	-1.646400e+03	2.356078e+05
9.151100e-01	2.397987e+05	-1.030920e-01	2.282503e-01	0.000000e+00	-1.543137e+03	2.413418e+05
9.163000e-01	2.381446e+05	-1.033638e-01	2.285888e-01	0.000000e+00	-3.086456e+03	2.412310e+05
9.174900e-01	2.315209e+05	-1.036361e-01	2.289214e-01	0.000000e+00	-1.676618e+03	2.331975e+05
9.186800e-01	2.371390e+05	-1.039087e-01	2.292533e-01	0.000000e+00	-2.645825e+03	2.397848e+05
9.198700e-01	2.185331e+05	-1.041817e-01	2.295760e-01	0.000000e+00	-5.423079e+02	2.190754e+05
9.210600e-01	2.272455e+05	-1.044551e-01	2.298916e-01	0.000000e+00	-1.655595e+03	2.289011e+05
9.222500e-01	2.394086e+05	-1.047288e-01	2.302221e-01	0.000000e+00	-4.017855e+02	2.398104e+05
9.234400e-01	2.401706e+05	-1.050030e-01	2.305617e-01	0.000000e+00	-7.980863e+02	2.409687e+05
9.246300e-01	2.252730e+05	-1.052776e-01	2.308913e-01	0.000000e+00	-1.102595e+03	2.263755e+05
9.258200e-01	2.143435e+05	-1.055525e-01	2.312027e-01	0.000000e+00	-6.203267e+02	2.149638e+05
9.270100e-01	2.164315e+05	-1.058278e-01	2.315077e-01	0.000000e+00	-2.457402e+03	2.188889e+05
9.282000e-01	2.211732e+05	-1.061035e-01	2.318176e-01	0.000000e+00	-1.580855e+03	2.227540e+05
9.293900e-01	2.419556e+05	-1.063796e-01	2.321456e-01	0.000000e+00	-1.440510e+03	2.433961e+05
9.305800e-01	2.110170e+05	-1.066560e-01	2.324664e-01	0.000000e+00	-2.375467e+03	2.133925e+05
9.317700e-01	2.170955e+05	-1.069328e-01	2.327695e-01	0.000000e+00	-5.491281e+02	2.176446e+05
9.329600e-01	2.271013e+05	-1.072100e-01	2.330841e-01	0.000000e+00	-7.362476e+02	2.278376e+05
9.341500e-01	2.360011e+05	-1.074876e-01	2.334121e-01	0.000000e+00	-7.633104e+02	2.367644e+05
9.353400e-01	2.455799e+05	-1.077655e-01	2.337531e-01	0.000000e+00	-8.199178e+02	2.463998e+05
9.365300e-01	2.253826e+05	-1.080439e-01	2.340866e-01	0.000000e+00	-1.023702e+03	2.264063e+05
9.377200e-01	2.183422e+05	-1.083227e-01	2.344009e-01	0.000000e+00	-9.238433e+02	2.192660e+05
9.389100e-01	2.024129e+05	-1.086018e-01	2.346988e-01	0.000000e+00	-2.058101e+03	2.044710e+05
9.401000e-01	2.157539e+05	-1.088812e-01	2.349949e-01	0.000000e+00	-3.975672e+02	2.161515e+05
9.412900e-01	2.256963e+05	-1.091611e-01	2.353076e-01	0.000000e+00	-8.650574e+02	2.265614e+05
9.424800e-01	2.186280e+05	-1.094413e-01	2.356222e-01	0.000000e+00	-2.195560e+03	2.208235e+05
9.436700e-01	2.205210e+05	-1.097218e-01	2.359332e-01	0.000000e+00	-3.007270e+02	2.208217e+05
9.448600e-01	2.111434e+05	-1.100028e-01	2.362389e-01	0.000000e+00	0.000000e+00	2.111434e+05
9.460500e-01	2.298816e+05	-1.102841e-01	2.365512e-01	0.000000e+00	-8.129953e+02	2.306946e+05
9.472400e-01	2.404380e+05	-1.105658e-01	2.368843e-01	0.000000e+00	-6.434525e+02	2.410815e+05
9.484300e-01	2.363002e+05	-1.108479e-01	2.372219e-01	0.000000e+00	-9.324618e+02	2.372326e+05
9.496200e-01	2.286020e+05	-1.111304e-01	2.375511e-01	0.000000e+00	-2.159167e+03	2.307611e+05
9.508100e-01	2.220857e+05	-1.114132e-01	2.378703e-01	0.000000e+00	-1.638514e+03	2.237242e+05
9.520000e-01	2.303676e+05	-1.116965e-01	2.381907e-01	0.000000e+00	-1.448923e+03	2.318165e+05
9.531900e-01	2.210655e+05	-1.119801e-01	2.385104e-01	0.000000e+00	-7.678475e+02	2.218333e+05
9.543800e-01	2.404665e+05	-1.122642e-01	2.388372e-01	0.000000e+00	-2.251882e+03	2.427184e+05
9.555700e-01	2.177769e+05	-1.125486e-01	2.391617e-01	0.000000e+00	-3.234500e+03	2.210114e+05
9.567600e-01	2.307973e+05	-1.128334e-01	2.394794e-01	0.000000e+00	-6.236091e+02	2.314209e+05
9.579500e-01	2.358409e+05	-1.131185e-01	2.398099e-01	0.000000e+00	-8.322219e+02	2.366732e+05
9.591400e-01	2.421710e+05	-1.134041e-01	2.401484e-01	0.000000e+00	-1.472367e+03	2.436434e+05
9.603300e-01	2.439127e+05	-1.136901e-01	2.404926e-01	0.000000e+00	-2.916933e+03	2.468296e+05
9.615200e-01	2.247658e+05	-1.139765e-01	2.408245e-01	0.000000e+00	-4.331933e+02	2.251990e+05
9.627100e-01	2.304845e+05	-1.142633e-01	2.411469e-01	0.000000e+00	-2.249208e+03	2.327337e+05
9.639000e-01	2.180345e+05	-1.145504e-01	2.414645e-01	0.000000e+00	-1.790533e+03	2.198251e+05
9.650900e-01	2.020609e+05	-1.148379e-01	2.417620e-01	0.000000e+00	-2.301440e+03	2.043624e+05
9.662800e-01	2.063181e+05	-1.151258e-01	2.420512e-01	0.000000e+00	-1.268514e+03	2.075866e+05
9.674700e-01	2.372802e+05	-1.154140e-01	2.423653e-01	0.000000e+00	-1.085917e+03	2.383661e+05
9.686600e-01	2.591969e+05	-1.157026e-01	2.427169e-01	0.000000e+00	-1.933301e+03	2.611302e+05
9.698500e-01	2.223653e+05	-1.159917e-01	2.430580e-01	0.000000e+00	-4.421456e+03	2.267867e+05
9.710400e-01	2.313445e+05	-1.162811e-01	2.433793e-01	0.000000e+00	-3.845620e+03	2.351901e+05
9.722300e-01	2.325311e+05	-1.165709e-01	2.437078e-01	0.000000e+00	-3.759456e+03	2.362906e+05
9.734200e-01	2.208408e+05	-1.168611e-01	2.440288e-01	0.000000e+00	-2.729782e+03	2.235705e+05
9.746100e-01	2.341892e+05	-1.171517e-01	2.443511e-01	0.000000e+00	-7.626600e+02	2.349519e+05
9.758000e-01	2.402908e+05	-1.174427e-01	2.446871e-01	0.000000e+00	-1.173630e+03	2.414644e+05
9.769900e-01	2.271772e+05	-1.177341e-01	2.450181e-01	0.000000e+00	-1.142521e+03	2.283197e+05
9.781800e-01	2.314838e+05	-1.180258e-01	2.453429e-01	0.000000e+00	-1.073889e+02	2.315911e+05
9.793700e-01	2.314102e+05	-1.183180e-01	2.456707e-01	0.000000e+00	-1.274560e+03	2.326847e+05
9.805600e-01	2.099518e+05	-1.186105e-01	2.459833e-01	0.000000e+00	-2.781451e+03	2.127333e+05
9.817500e-01	2.303411e+05	-1.189034e-01	2.462951e-01	0.000000e+00	-1.347345e+03	2.316884e+05
9.829400e-01	2.367069e+05	-1.191967e-01	2.466258e-01	0.000000e+00	-6.185990e+02	2.373255e+05
9.841300e-01	2.325541e+05	-1.194904e-01	2.469581e-01	0.000000e+00	-7.007337e+02	2.332548e+05
9.853200e-01	2.366422e+05	-1.197845e-01	2.472904e-01	0.000000e+00	-5.545885e+02	2.371968e+05
9.865100e-01	2.181947e+05	-1.200789e-01	2.476125e-01	0.000000e+00	-1.126084e+03	2.193207e+05
9.877000e-01	2.202023e+05	-1.203738e-01	2.479230e-01	0.000000e+00	-6.743230e+02	2.208766e+05
9.888900e-01	2.271839e+05	-1.206690e-01	2.482398e-01	0.000000e+00	-2.612598e+03	2.297965e+05
9.900800e-01	2.325872e+05	-1.209646e-01	2.485654e-01	0.000000e+00	-2.607077e+03	2.351943e+05
9.912700e-01	2.307825e+05	-1.212606e-01	2.488935e-01	0.000000e+00	-2.940940e+03	2.337234e+05
9.924600e-01	2.334236e+05	-1.215570e-01	2.492223e-01	0.000000e+00	-2.395117e+03	2.358187e+05
9.936500e-01	2.258428e+05	-1.218537e-01	2.495475e-01	0.000000e+00	-1.073413e+03	2.269162e+05
9.948400e-01	2.330250e+05	-1.221509e-01	2.498725e-01	0.000000e+00	-1.771062e+03	2.347961e+05
9.960300e-01	2.067887e+05	-1.224484e-01	2.501839e-01	0.000000e+00	-3.134612e+03	2.099233e+05
9.972200e-01	2.187365e+05	-1.227463e-01	2.504853e-01	0.000000e+00	-7.816676e+02	2.195181e+05
9.984100e-01	2.111306e+05	-1.230446e-01	2.507897e-01	0.000000e+00	-8.602901e+02	2.119909e+05
9.996000e-01	2.250668e+05	-1.233432e-01	2.510986e-01	0.000000e+00	-1.316968e+03	2.263838e+05
1.000790e+00	2.094021e+05	-1.236422e-01	2.514062e-01	0.000000e+00	-1.416936e+03	2.108190e+05
1.001980e+00	2.203713e+05	-1.239416e-01	2.517106e-01	0.000000e+00	-2.974668e+02	2.206688e+05
1.003170e+00	2.334843e+05	-1.242413e-01	2.520320e-01	0.000000e+00	-8.066051e+02	2.342909e+05
1.004360e+00	2.428098e+05	-1.245414e-01	2.523693e-01	0.000000e+00	-3.695427e+02	2.431794e+05
1.005550e+00	2.216329e+05	-1.248419e-01	2.526982e-01	0.000000e+00	-1.242007e+03	2.228749e+05
1.006740e+00	2.212962e+05	-1.251428e-01	2.530119e-01	0.000000e+00	-2.135301e+03	2.234315e+05
1.007930e+00	2.262267e+05	-1.254441e-01	2.533288e-01	0.000000e+00	-1.554394e+03	2.277811e+05
1.009120e+00	2.256196e+05	-1.257457e-01	2.536488e-01	0.000000e+00	-2.089350e+03	2.277090e+05
1.010310e+00	2.450292e+05	-1.260478e-01	2.539821e-01	0.000000e+00	-1.724309e+02	2.452016e+05
1.011500e+00	2.353166e+05	-1.263502e-01	2.543222e-01	0.000000e+00	-5.430591e+02	2.358597e+05
1.012690e+00	2.473719e+05	-1.266531e-01	2.546641e-01	0.000000e+00	-1.679762e+03	2.490516e+05
1.013880e+00	2.293068e+05	-1.269563e-01	2.550016e-01	0.000000e+00	-1.138523e+03	2.304453e+05
1.015070e+00	2.349107e+05	-1.272600e-01	2.553304e-01	0.000000e+00	0.000000e+00	2.349107e+05
1.016260e+00	2.432662e+05	-1.275640e-01	2.556690e-01	0.000000e+00	-7.406130e+01	2.433402e+05
1.017450e+00	2.182332e+05	-1.278685e-01	2.559958e-01	0.000000e+00	-1.000841e+03	2.192341e+05
1.018640e+00	2.406338e+05	-1.281733e-01	2.563208e-01	0.000000e+00	-9.623929e+02	2.415962e+05
1.019830e+00	2.280135e+05	-1.284785e-01	2.566526e-01	0.000000e+00	-1.257155e+03	2.292707e+05
1.021020e+00	2.304854e+05	-1.287841e-01	2.569773e-01	0.000000e+00	-7.022269e+02	2.311876e+05
1.022210e+00	2.247119e+05	-1.290901e-01	2.572997e-01	0.000000e+00	-1.110698e+03	2.258226e+05
1.023400e+00	2.368988e+05	-1.293965e-01	2.576266e-01	0.000000e+00	-7.749767e+02	2.376738e+05
1.024590e+00	2.289175e+05	-1.297033e-01	2.579565e-01	0.000000e+00	-1.135396e+03	2.300529e+05
1.025780e+00	2.297236e+05	-1.300104e-01	2.582813e-01	0.000000e+00	-1.714811e+03	2.314384e+05
1.026970e+00	2.334857e+05	-1.303180e-01	2.586093e-01	0.000000e+00	-1.824757e+03	2.353105e+05
1.028160e+00	2.436742e+05	-1.306259e-01	2.589472e-01	0.000000e+00	-2.395935e+03	2.460702e+05
1.029350e+00	2.356056e+05	-1.309343e-01	2.592866e-01	0.000000e+00	-1.113850e+03	2.367195e+05
1.030540e+00	2.272072e+05	-1.312430e-01	2.596143e-01	0.000000e+00	-2.499205e+02	2.274572e+05
1.031730e+00	2.233092e+05	-1.315521e-01	2.599334e-01	0.000000e+00	-8.090273e+02	2.241183e+05
1.032920e+00	2.182673e+05	-1.318616e-01	2.602461e-01	0.000000e+00	0.000000e+00	2.182673e+05
1.034110e+00	2.418385e+05	-1.321715e-01	2.605719e-01	0.000000e+00	0.000000e+00	2.418385e+05
1.035300e+00	2.327909e+05	-1.324818e-01	2.609080e-01	0.000000e+00	-5.870977e+02	2.333780e+05
1.036490e+00	2.374443e+05	-1.327925e-01	2.612410e-01	0.000000e+00	-1.093575e+03	2.385379e+05
1.037680e+00	2.256325e+05	-1.331036e-01	2.615690e-01	0.000000e+00	-1.005741e+02	2.257331e+05
1.038870e+00	2.128966e+05	-1.334150e-01	2.618795e-01	0.000000e+00	-1.580098e+03	2.144767e+05
1.040060e+00	2.250290e+05	-1.337268e-01	2.621897e-01	0.000000e+00	-6.329030e+02	2.256619e+05
1.041250e+00	2.108149e+05	-1.340390e-01	2.624983e-01	0.000000e+00	-2.074331e+02	2.110223e+05
1.042440e+00	2.273265e+05	-1.343516e-01	2.628086e-01	0.000000e+00	-2.661891e+02	2.275927e+05
1.043630e+00	2.194597e+05	-1.346645e-01	2.631250e-01	0.000000e+00	-1.182444e+03	2.206422e+05
1.044820e+00	2.242237e+05	-1.349778e-01	2.634392e-01	0.000000e+00	-3.702238e+02	2.245940e+05
1.046010e+00	2.264200e+05	-1.352915e-01	2.637583e-01	0.000000e+00	-2.184465e+03	2.286045e+05
1.047200e+00	2.213086e+05	-1.356056e-01	2.640754e-01	0.000000e+00	-2.819316e+03	2.241280e+05
1.048390e+00	2.324355e+05	-1.359200e-01	2.643967e-01	0.000000e+00	-2.026916e+03	2.344624e+05
1.049580e+00	2.161196e+05	-1.362348e-01	2.647144e-01	0.000000e+00	-1.379206e+03	2.174989e+05
1.050770e+00	2.169704e+05	-1.365500e-01	2.650211e-01	0.000000e+00	-1.535946e+03	2.185064e+05
1.051960e+00	2.120899e+05	-1.368656e-01	2.653249e-01	0.000000e+00	-7.964186e+02	2.128863e+05
1.053150e+00	2.129885e+05	-1.371815e-01	2.656259e-01	0.000000e+00	-1.724590e+03	2.147131e+05
1.054340e+00	2.140563e+05	-1.374978e-01	2.659283e-01	0.000000e+00	-1.500050e+03	2.155563e+05
1.055530e+00	2.214672e+05	-1.378144e-01	2.662368e-01	0.000000e+00	-1.806227e+02	2.216478e+05
1.056720e+00	2.292393e+05	-1.381314e-01	2.665559e-01	0.000000e+00	-5.494219e+02	2.297887e+05
1.057910e+00	2.281896e+05	-1.384488e-01	2.668799e-01	0.000000e+00	-1.180879e+03	2.293705e+05
1.059100e+00	2.427805e+05	-1.387666e-01	2.672134e-01	0.000000e+00	-1.717899e+03	2.444984e+05
1.060290e+00	2.505038e+05	-1.390848e-01	2.675627e-01	0.000000e+00	-7.534803e+02	2.512572e+05
1.061480e+00	2.217403e+05	-1.394034e-01	2.678971e-01	0.000000e+00	0.000000e+00	2.217403e+05
1.062670e+00	2.171737e+05	-1.397224e-01	2.682080e-01	0.000000e+00	-6.770811e+02	2.178508e+05
1.063860e+00	2.533580e+05	-1.400417e-01	2.685412e-01	0.000000e+00	-5.374808e+02	2.538954e+05
1.065050e+00	2.440974e+05	-1.403615e-01	2.688935e-01	0.000000e+00	-4.661103e+02	2.445635e+05
1.066240e+00	2.313058e+05	-1.406817e-01	2.692301e-01	0.000000e+00	-7.633379e+02	2.320691e+05
1.067430e+00	2.297804e+05	-1.410023e-01	2.695567e-01	0.000000e+00	-7.699823e+01	2.298574e+05
1.068620e+00	2.348658e+05	-1.413232e-01	2.698857e-01	0.000000e+00	0.000000e+00	2.348658e+05
1.069810e+00	2.242854e+05	-1.416446e-01	2.702109e-01	0.000000e+00	-1.382572e+03	2.256680e+05
1.071000e+00	2.256547e+05	-1.419663e-01	2.705295e-01	0.000000e+00	-1.056972e+03	2.267117e+05
1.072190e+00	2.335939e+05	-1.422885e-01	2.708547e-01	0.000000e+00	-8.146452e+01	2.336753e+05
1.073380e+00	2.318367e+05	-1.426110e-01	2.711843e-01	0.000000e+00	-7.866262e+02	2.326233e+05
1.074570e+00	2.154611e+05	-1.429339e-01	2.715011e-01	0.000000e+00	-5.370993e+01	2.155148e+05
1.075760e+00	2.166037e+05	-1.432571e-01	2.718070e-01	0.000000e+00	-2.310705e+02	2.168348e+05
1.076950e+00	2.339043e+05	-1.435808e-01	2.721261e-01	0.000000e+00	-1.511592e+03	2.354159e+05
1.078140e+00	2.144683e+05	-1.439048e-01	2.724436e-01	0.000000e+00	-7.856876e+02	2.152540e+05
1.079330e+00	2.103248e+05	-1.442292e-01	2.727444e-01	0.000000e+00	-1.630422e+03	2.119552e+05
1.080520e+00	2.136227e+05	-1.445539e-01	2.730447e-01	0.000000e+00	-1.419167e+03	2.150419e+05
1.081710e+00	2.269878e+05	-1.448790e-01	2.733567e-01	0.000000e+00	-5.165489e+02	2.275044e+05
1.082900e+00	2.338148e+05	-1.452045e-01	2.736830e-01	0.000000e+00	-1.732682e+03	2.355475e+05
1.084090e+00	2.341087e+05	-1.455304e-01	2.740144e-01	0.000000e+00	-5.761922e+02	2.346849e+05
1.085280e+00	2.165510e+05	-1.458567e-01	2.743335e-01	0.000000e+00	-1.574507e+03	2.181255e+05
1.086470e+00	2.245347e+05	-1.461833e-01	2.746459e-01	0.000000e+00	-3.033609e+02	2.248381e+05
1.087660e+00	2.340185e+05	-1.465103e-01	2.749706e-01	0.000000e+00	-6.431403e+02	2.346616e+05
1.088850e+00	2.558059e+05	-1.468377e-01	2.753175e-01	0.000000e+00	-4.079931e+02	2.562139e+05
1.090040e+00	2.372620e+05	-1.471656e-01	2.756667e-01	0.000000e+00	-4.323430e+02	2.376944e+05
1.091230e+00	2.323756e+05	-1.474938e-01	2.759992e-01	0.000000e+00	-2.390666e+02	2.326146e+05
1.092420e+00	2.441431e+05	-1.478225e-01	2.763367e-01	0.000000e+00	-2.227324e+03	2.463704e+05
1.093610e+00	2.259804e+05	-1.481515e-01	2.766696e-01	0.000000e+00	-8.949537e+02	2.268754e+05
1.094800e+00	2.320808e+05	-1.484809e-01	2.769940e-01	0.000000e+00	-1.280128e+03	2.333610e+05
1.095990e+00	2.312803e+05	-1.488108e-01	2.773221e-01	0.000000e+00	-4.005447e+02	2.316809e+05
1.097180e+00	2.243742e+05	-1.491410e-01	2.776448e-01	0.000000e+00	0.000000e+00	2.243742e+05
1.098370e+00	2.178239e+05	-1.494716e-01	2.779580e-01	0.000000e+00	0.000000e+00	2.178239e+05
1.099560e+00	2.314243e+05	-1.498025e-01	2.782761e-01	0.000000e+00	0.000000e+00	2.314243e+05
1.100750e+00	2.259384e+05	-1.501338e-01	2.786000e-01	0.000000e+00	0.000000e+00	2.259384e+05
1.101940e+00	2.051238e+05	-1.504656e-01	2.789052e-01	0.000000e+00	0.000000e+00	2.051238e+05
1.103130e+00	2.091856e+05	-1.507976e-01	2.791986e-01	0.000000e+00	-2.175455e+02	2.094032e+05
1.104320e+00	2.339520e+05	-1.511301e-01	2.795125e-01	0.000000e+00	-1.627957e+03	2.355800e+05
1.105510e+00	2.460206e+05	-1.514629e-01	2.798524e-01	0.000000e+00	-1.116927e+03	2.471375e+05
1.106700e+00	2.436894e+05	-1.517961e-01	2.801992e-01	0.000000e+00	-3.989156e+02	2.440883e+05
1.107890e+00	2.563689e+05	-1.521298e-01	2.805533e-01	0.000000e+00	0.000000e+00	2.563689e+05
1.109080e+00	2.237459e+05	-1.524638e-01	2.808933e-01	0.000000e+00	-6.840514e+02	2.244299e+05
1.110270e+00	2.296117e+05	-1.527983e-01	2.812143e-01	0.000000e+00	-7.144208e+02	2.303261e+05
1.111460e+00	2.181214e+05	-1.531331e-01	2.815314e-01	0.000000e+00	-2.293715e+03	2.204152e+05
1.112650e+00	2.406395e+05	-1.534683e-01	2.818563e-01	0.000000e+00	-5.094937e+02	2.411490e+05
1.113840e+00	2.306085e+05	-1.538039e-01	2.821900e-01	0.000000e+00	0.000000e+00	2.306085e+05
1.115030e+00	2.274336e+05	-1.541399e-01	2.825144e-01	0.000000e+00	0.000000e+00	2.274336e+05
1.116220e+00	2.436156e+05	-1.544763e-01	2.828480e-01	0.000000e+00	-3.798863e+02	2.439955e+05
1.117410e+00	2.573400e+05	-1.548131e-01	2.832027e-01	0.000000e+00	-5.752125e+02	2.579152e+05
1.118600e+00	2.347850e+05	-1.551503e-01	2.835512e-01	0.000000e+00	-7.255735e+02	2.355106e+05
1.119790e+00	2.223767e+05	-1.554880e-01	2.838750e-01	0.000000e+00	0.000000e+00	2.223767e+05
1.120980e+00	2.433419e+05	-1.558260e-01	2.842048e-01	0.000000e+00	0.000000e+00	2.433419e+05
1.122170e+00	2.282831e+05	-1.561644e-01	2.845388e-01	0.000000e+00	-1.127044e+03	2.294102e+05
1.123360e+00	2.334738e+05	-1.565032e-01	2.848658e-01	0.000000e+00	-5.536282e+02	2.340274e+05
1.124550e+00	2.440936e+05	-1.568424e-01	2.852040e-01	0.000000e+00	-2.843373e+02	2.443779e+05
1.125740e+00	2.567165e+05	-1.571820e-01	2.855586e-01	0.000000e+00	-1.177117e+03	2.578936e+05
1.126930e+00	2.398336e+05	-1.575220e-01	2.859102e-01	0.000000e+00	-8.519426e+02	2.406856e+05
1.128120e+00	2.257905e+05	-1.578624e-01	2.862400e-01	0.000000e+00	-8.834216e+02	2.266740e+05
1.129310e+00	2.171237e+05	-1.582032e-01	2.865536e-01	0.000000e+00	-7.483261e+02	2.178720e+05
1.130500e+00	2.051646e+05	-1.585444e-01	2.868527e-01	0.000000e+00	-8.054358e+02	2.059700e+05
1.131690e+00	2.239716e+05	-1.588859e-01	2.871566e-01	0.000000e+00	-3.943604e+02	2.243660e+05
1.132880e+00	2.440766e+05	-1.592279e-01	2.874880e-01	0.000000e+00	-7.374118e+02	2.448140e+05
1.134070e+00	2.313869e+05	-1.595702e-01	2.878248e-01	0.000000e+00	-4.213521e+02	2.318083e+05
1.135260e+00	2.362533e+05	-1.599129e-01	2.881559e-01	0.000000e+00	-1.259320e+03	2.375126e+05
1.136450e+00	2.203931e+05	-1.602560e-01	2.884793e-01	0.000000e+00	0.000000e+00	2.203931e+05
1.137640e+00	2.527964e+05	-1.605995e-01	2.888144e-01	0.000000e+00	-3.642935e+02	2.531607e+05
1.138830e+00	2.274354e+05	-1.609434e-01	2.891545e-01	0.000000e+00	-4.760426e+02	2.279115e+05
1.140020e+00	2.379059e+05	-1.612876e-01	2.894840e-01	0.000000e+00	0.000000e+00	2.379059e+05
1.141210e+00	2.508563e+05	-1.616323e-01	2.898301e-01	0.000000e+00	-7.199878e+02	2.515763e+05
1.142400e+00	2.255138e+05	-1.619774e-01	2.901675e-01	0.000000e+00	-9.606845e+02	2.264745e+05
1.143590e+00	2.277327e+05	-1.623229e-01	2.904885e-01	0.000000e+00	-1.176578e+03	2.289092e+05
1.144780e+00	2.318020e+05	-1.626688e-01	2.908139e-01	0.000000e+00	-5.040943e+02	2.323061e+05
1.145970e+00	2.453061e+05	-1.630151e-01	2.911518e-01	0.000000e+00	-2.095746e+02	2.455157e+05
1.147160e+00	2.521082e+05	-1.633617e-01	2.915040e-01	0.000000e+00	-8.123488e+02	2.529206e+05
1.148350e+00	2.235081e+05	-1.637088e-01	2.918408e-01	0.000000e+00	-6.587489e+02	2.241668e+05
1.149540e+00	2.044659e+05	-1.640563e-01	2.921439e-01	0.000000e+00	0.000000e+00	2.044659e+05
1.150730e+00	2.231880e+05	-1.644041e-01	2.924468e-01	0.000000e+00	-8.351197e+02	2.240231e+05
1.151920e+00	2.204503e+05	-1.647523e-01	2.927609e-01	0.000000e+00	-7.952873e+02	2.212456e+05
1.153110e+00	2.156957e+05	-1.651009e-01	2.930698e-01	0.000000e+00	-1.491788e+03	2.171875e+05
1.154300e+00	2.416627e+05	-1.654499e-01	2.933937e-01	0.000000e+00	-2.391491e+02	2.419019e+05
1.155490e+00	2.251807e+05	-1.657992e-01	2.937243e-01	0.000000e+00	0.000000e+00	2.251807e+05
1.156680e+00	2.384988e+05	-1.661489e-01	2.940526e-01	0.000000e+00	0.000000e+00	2.384988e+05
1.157870e+00	2.208594e+05	-1.664990e-01	2.943779e-01	0.000000e+00	0.000000e+00	2.208594e+05
1.159060e+00	2.430071e+05	-1.668495e-01	2.947064e-01	0.000000e+00	0.000000e+00	2.430071e+05
1.160250e+00	2.368594e+05	-1.672004e-01	2.950463e-01	0.000000e+00	-4.523474e+02	2.373117e+05
1.161440e+00	2.404856e+05	-1.675517e-01	2.953843e-01	0.000000e+00	-1.228325e+03	2.417139e+05
1.162630e+00	2.432117e+05	-1.679035e-01	2.957268e-01	0.000000e+00	-6.739741e+02	2.438857e+05
1.163820e+00	2.424890e+05	-1.682556e-01	2.960708e-01	0.000000e+00	-1.663620e+02	2.426553e+05
1.165010e+00	2.196021e+05	-1.686081e-01	2.963980e-01	0.000000e+00	0.000000e+00	2.196021e+05
1.166200e+00	2.300962e+05	-1.689610e-01	2.967165e-01	0.000000e+00	-6.676536e+02	2.307638e+05
1.167390e+00	2.302287e+05	-1.693143e-01	2.970425e-01	0.000000e+00	-1.726826e+02	2.304014e+05
1.168580e+00	2.295178e+05	-1.696680e-01	2.973680e-01	0.000000e+00	0.000000e+00	2.295178e+05
1.169770e+00	2.392663e+05	-1.700220e-01	2.977000e-01	0.000000e+00	0.000000e+00	2.392663e+05
1.170960e+00	2.317562e+05	-1.703765e-01	2.980336e-01	0.000000e+00	0.000000e+00	2.317562e+05
1.172150e+00	2.159808e+05	-1.707313e-01	2.983507e-01	0.000000e+00	0.000000e+00	2.159808e+05
1.173340e+00	2.255566e+05	-1.710866e-01	2.986633e-01	0.000000e+00	0.000000e+00	2.255566e+05
1.174530e+00	2.432243e+05	-1.714422e-01	2.989953e-01	0.000000e+00	0.000000e+00	2.432243e+05
1.175720e+00	2.059507e+05	-1.717982e-01	2.993134e-01	0.000000e+00	-3.393404e+02	2.062901e+05
1.176910e+00	2.364617e+05	-1.721545e-01	2.996267e-01	0.000000e+00	-5.009957e+02	2.369627e+05
1.178100e+00	2.314395e+05	-1.725113e-01	2.999581e-01	0.000000e+00	0.000000e+00	2.314395e+05
1.179290e+00	2.428654e+05	-1.728684e-01	3.002939e-01	0.000000e+00	0.000000e+00	2.428654e+05
1.180480e+00	2.275792e+05	-1.732260e-01	3.006271e-01	0.000000e+00	-9.844738e+02	2.285637e+05
1.181670e+00	2.161584e+05	-1.735839e-01	3.009413e-01	0.000000e+00	-2.038147e+03	2.181966e+05
1.182860e+00	2.136096e+05	-1.739422e-01	3.012457e-01	0.000000e+00	-3.387241e+02	2.139483e+05
1.184050e+00	2.099003e+05	-1.743009e-01	3.015456e-01	0.000000e+00	0.000000e+00	2.099003e+05
1.185240e+00	2.372070e+05	-1.746599e-01	3.018622e-01	0.000000e+00	0.000000e+00	2.372070e+05
1.186430e+00	2.451683e+05	-1.750193e-01	3.022038e-01	0.000000e+00	0.000000e+00	2.451683e+05
1.187620e+00	2.389106e+05	-1.753791e-01	3.025466e-01	0.000000e+00	0.000000e+00	2.389106e+05
1.188810e+00	2.293868e+05	-1.757394e-01	3.028783e-01	0.000000e+00	0.000000e+00	2.293868e+05
1.190000e+00	1.080026e+05	-1.761000e-01	3.031172e-01	0.000000e+00	0.000000e+00	1.080026e+05
