#x	rho	phi	ex	bz	rhok[0]	rhok[1]
0.000000e+00	-8.828507e+02	0.000000e+00	2.751812e-02	0.000000e+00	-1.398127e+03	5.152760e+02
1.190000e-03	-1.499004e+03	-3.274582e-05	2.751643e-02	0.000000e+00	-4.424308e+03	2.925304e+03
2.380000e-03	6.429813e+03	-6.548911e-05	2.751992e-02	0.000000e+00	-4.643116e+03	1.107293e+04
3.570000e-03	8.888201e+03	-9.824324e-05	2.753077e-02	0.000000e+00	-5.254476e+03	1.414268e+04
4.760000e-03	8.140985e+03	-1.310123e-04	2.754283e-02	0.000000e+00	-7.107225e+03	1.524821e+04
5.950000e-03	1.272434e+04	-1.637952e-04	2.755761e-02	0.000000e+00	-7.538258e+03	2.026260e+04
7.140000e-03	1.324839e+04	-1.965995e-04	2.757600e-02	0.000000e+00	-7.480265e+03	2.072866e+04
8.330000e-03	1.877824e+04	-2.294261e-04	2.759868e-02	0.000000e+00	-4.854376e+03	2.363262e+04
9.520000e-03	1.294272e+04	-2.622843e-04	2.762114e-02	0.000000e+00	-6.857049e+03	1.979977e+04
1.071000e-02	1.881841e+04	-2.951644e-04	2.764364e-02	0.000000e+00	-7.591867e+03	2.641028e+04
1.190000e-02	2.066576e+04	-3.280762e-04	2.767160e-02	0.000000e+00	-5.698507e+03	2.636426e+04
1.309000e-02	2.399982e+04	-3.610228e-04	2.770323e-02	0.000000e+00	-8.042312e+03	3.204214e+04
1.428000e-02	2.294532e+04	-3.940098e-04	2.773647e-02	0.000000e+00	-6.297217e+03	2.924253e+04
1.547000e-02	3.047306e+04	-4.270356e-04	2.777430e-02	0.000000e+00	-4.396891e+03	3.486995e+04
1.666000e-02	2.877774e+04	-4.601127e-04	2.781626e-02	0.000000e+00	-7.127148e+03	3.590489e+04
1.785000e-02	2.629740e+04	-4.932383e-04	2.785526e-02	0.000000e+00	-5.674217e+03	3.197161e+04
1.904000e-02	3.114272e+04	-5.264082e-04	2.789594e-02	0.000000e+00	-6.081438e+03	3.722416e+04
2.023000e-02	3.338870e+04	-5.596306e-04	2.794164e-02	0.000000e+00	-5.395652e+03	3.878436e+04
2.142000e-02	2.884302e+04	-5.929093e-04	2.798571e-02	0.000000e+00	-5.983601e+03	3.482662e+04
2.261000e-02	3.236554e+04	-6.262366e-04	2.802906e-02	0.000000e+00	-8.498646e+03	4.086418e+04
2.380000e-02	4.843637e+04	-6.596185e-04	2.808628e-02	0.000000e+00	-5.355560e+03	5.379193e+04
2.499000e-02	4.668460e+04	-6.930820e-04	2.815364e-02	0.000000e+00	-3.071355e+03	4.975596e+04
2.618000e-02	4.496955e+04	-7.266241e-04	2.821854e-02	0.000000e+00	-4.513631e+03	4.948318e+04
2.737000e-02	3.125762e+04	-7.602421e-04	2.827253e-02	0.000000e+00	-7.707701e+03	3.896532e+04
2.856000e-02	3.928198e+04	-7.939127e-04	2.832248e-02	0.000000e+00	-3.866610e+03	4.314859e+04
2.975000e-02	4.274343e+04	-8.276496e-04	2.838057e-02	0.000000e+00	-5.823635e+03	4.856706e+04
3.094000e-02	4.584406e+04	-8.614585e-04	2.844330e-02	0.000000e+00	-8.784116e+03	5.462817e+04
3.213000e-02	4.696775e+04	-8.953447e-04	2.850903e-02	0.000000e+00	-7.948110e+03	5.491586e+04
3.332000e-02	5.183677e+04	-9.293100e-04	2.857900e-02	0.000000e+00	-8.169638e+03	6.000641e+04
3.451000e-02	4.797824e+04	-9.633627e-04	2.864968e-02	0.000000e+00	-6.589298e+03	5.456754e+04
3.570000e-02	6.349376e+04	-9.974962e-04	2.872862e-02	0.000000e+00	-4.791371e+03	6.828513e+04
3.689000e-02	6.086357e+04	-1.031737e-03	2.881669e-02	0.000000e+00	-6.816061e+03	6.767963e+04
3.808000e-02	4.598277e+04	-1.066080e-03	2.889235e-02	0.000000e+00	-8.887571e+03	5.487034e+04
3.927000e-02	6.270434e+04	-1.100501e-03	2.896932e-02	0.000000e+00	-5.805135e+03	6.850948e+04
4.046000e-02	6.519489e+04	-1.135027e-03	2.905990e-02	0.000000e+00	-8.760563e+03	7.395545e+04
4.165000e-02	5.417434e+04	-1.169663e-03	2.914443e-02	0.000000e+00	-8.390600e+03	6.256494e+04
4.284000e-02	6.423903e+04	-1.204391e-03	2.922828e-02	0.000000e+00	-8.037645e+03	7.227668e+04
4.403000e-02	6.673792e+04	-1.239226e-03	2.932104e-02	0.000000e+00	-6.172960e+03	7.291088e+04
4.522000e-02	6.760860e+04	-1.274175e-03	2.941618e-02	0.000000e+00	-5.161436e+03	7.277004e+04
4.641000e-02	6.448337e+04	-1.309237e-03	2.950972e-02	0.000000e+00	-5.372018e+03	6.985539e+04
4.760000e-02	6.843638e+04	-1.344408e-03	2.960385e-02	0.000000e+00	-6.395845e+03	7.483223e+04
4.879000e-02	6.760831e+04	-1.379694e-03	2.970019e-02	0.000000e+00	-8.121981e+03	7.573030e+04
4.998000e-02	7.815148e+04	-1.415094e-03	2.980341e-02	0.000000e+00	-5.855452e+03	8.400693e+04
5.117000e-02	6.289082e+04	-1.450626e-03	2.990329e-02	0.000000e+00	-6.323104e+03	6.921393e+04
5.236000e-02	7.655575e+04	-1.486264e-03	3.000205e-02	0.000000e+00	-5.797037e+03	8.235279e+04
5.355000e-02	7.144813e+04	-1.522031e-03	3.010686e-02	0.000000e+00	-7.606678e+03	7.905481e+04
5.474000e-02	8.364869e+04	-1.557918e-03	3.021669e-02	0.000000e+00	-6.999156e+03	9.064784e+04
5.593000e-02	8.603098e+04	-1.593947e-03	3.033685e-02	0.000000e+00	-4.834664e+03	9.086564e+04
5.712000e-02	7.985540e+04	-1.630120e-03	3.045433e-02	0.000000e+00	-6.534586e+03	8.638999e+04
5.831000e-02	7.766095e+04	-1.666428e-03	3.056587e-02	0.000000e+00	-6.657307e+03	8.431826e+04
5.950000e-02	7.314271e+04	-1.702867e-03	3.067267e-02	0.000000e+00	-7.650115e+03	8.079283e+04
6.069000e-02	7.646274e+04	-1.739429e-03	3.077861e-02	0.000000e+00	-8.168722e+03	8.463146e+04
6.188000e-02	7.410402e+04	-1.776120e-03	3.088524e-02	0.000000e+00	-7.610753e+03	8.171478e+04
6.307000e-02	7.756025e+04	-1.812936e-03	3.099264e-02	0.000000e+00	-5.851230e+03	8.341148e+04
6.426000e-02	8.335469e+04	-1.849883e-03	3.110660e-02	0.000000e+00	-6.534593e+03	8.988928e+04
6.545000e-02	1.069876e+05	-1.886970e-03	3.124139e-02	0.000000e+00	-3.926379e+03	1.109140e+05
6.664000e-02	7.889590e+04	-1.924237e-03	3.137303e-02	0.000000e+00	-6.446549e+03	8.534245e+04
6.783000e-02	7.482280e+04	-1.961637e-03	3.148189e-02	0.000000e+00	-6.744978e+03	8.156778e+04
6.902000e-02	8.587050e+04	-1.999164e-03	3.159568e-02	0.000000e+00	-6.271153e+03	9.214165e+04
7.021000e-02	9.287948e+04	-2.036835e-03	3.172227e-02	0.000000e+00	-7.752402e+03	1.006319e+05
7.140000e-02	8.215583e+04	-2.074663e-03	3.184622e-02	0.000000e+00	-5.946852e+03	8.810268e+04
7.259000e-02	9.442448e+04	-2.112629e-03	3.197127e-02	0.000000e+00	-6.688723e+03	1.011132e+05
7.378000e-02	8.598101e+04	-2.150755e-03	3.209903e-02	0.000000e+00	-6.276120e+03	9.225713e+04
7.497000e-02	9.296833e+04	-2.189025e-03	3.222575e-02	0.000000e+00	-4.142146e+03	9.711047e+04
7.616000e-02	9.360620e+04	-2.227452e-03	3.235788e-02	0.000000e+00	-3.520671e+03	9.712687e+04
7.735000e-02	8.907193e+04	-2.266037e-03	3.248724e-02	0.000000e+00	-5.464221e+03	9.453615e+04
7.854000e-02	9.130974e+04	-2.304772e-03	3.261498e-02	0.000000e+00	-4.590365e+03	9.590011e+04
7.973000e-02	9.382426e+04	-2.343660e-03	3.274609e-02	0.000000e+00	-3.226771e+03	9.705103e+04
8.092000e-02	1.042231e+05	-2.382707e-03	3.288634e-02	0.000000e+00	-3.426578e+03	1.076496e+05
8.211000e-02	9.894121e+04	-2.421930e-03	3.303021e-02	0.000000e+00	-8.007440e+03	1.069486e+05
8.330000e-02	1.075417e+05	-2.461319e-03	3.317644e-02	0.000000e+00	-6.604030e+03	1.141458e+05
8.449000e-02	1.003379e+05	-2.500890e-03	3.332365e-02	0.000000e+00	-5.097825e+03	1.054358e+05
8.568000e-02	9.675555e+04	-2.540629e-03	3.346322e-02	0.000000e+00	-5.766532e+03	1.025221e+05
8.687000e-02	9.781338e+04	-2.580532e-03	3.360101e-02	0.000000e+00	-7.106504e+03	1.049199e+05
8.806000e-02	1.016584e+05	-2.620600e-03	3.374227e-02	0.000000e+00	-5.668699e+03	1.073271e+05
8.925000e-02	9.193866e+04	-2.660839e-03	3.387937e-02	0.000000e+00	-6.378810e+03	9.831747e+04
9.044000e-02	9.939235e+04	-2.701233e-03	3.401486e-02	0.000000e+00	-6.809536e+03	1.062019e+05
9.163000e-02	1.022920e+05	-2.741794e-03	3.415769e-02	0.000000e+00	-6.561967e+03	1.088540e+05
9.282000e-02	1.113457e+05	-2.782528e-03	3.430898e-02	0.000000e+00	-7.446285e+03	1.187920e+05
9.401000e-02	1.076874e+05	-2.823450e-03	3.446409e-02	0.000000e+00	-4.392783e+03	1.120802e+05
9.520000e-02	1.224081e+05	-2.864553e-03	3.462704e-02	0.000000e+00	-4.724295e+03	1.271324e+05
9.639000e-02	1.004186e+05	-2.905862e-03	3.478483e-02	0.000000e+00	-1.243242e+04	1.128510e+05
9.758000e-02	1.147761e+05	-2.947340e-03	3.493723e-02	0.000000e+00	-6.267811e+03	1.210439e+05
9.877000e-02	1.073270e+05	-2.989012e-03	3.509451e-02	0.000000e+00	-4.031512e+03	1.113585e+05
9.996000e-02	1.114706e+05	-3.030865e-03	3.524946e-02	0.000000e+00	-2.866270e+03	1.143369e+05
1.011500e-01	1.031106e+05	-3.072906e-03	3.540142e-02	0.000000e+00	-3.708078e+03	1.068187e+05
1.023400e-01	1.053818e+05	-3.115121e-03	3.554906e-02	0.000000e+00	-3.950504e+03	1.093323e+05
1.035300e-01	1.063044e+05	-3.157513e-03	3.569897e-02	0.000000e+00	-7.298605e+03	1.136030e+05
1.047200e-01	1.167425e+05	-3.200084e-03	3.585693e-02	0.000000e+00	-8.399380e+03	1.251419e+05
1.059100e-01	1.063253e+05	-3.242852e-03	3.601489e-02	0.000000e+00	-6.248395e+03	1.125737e+05
1.071000e-01	1.000954e+05	-3.285800e-03	3.616107e-02	0.000000e+00	-5.036770e+03	1.051322e+05
1.082900e-01	1.210210e+05	-3.328916e-03	3.631766e-02	0.000000e+00	-6.576187e+03	1.275972e+05
1.094800e-01	1.122697e+05	-3.372236e-03	3.648287e-02	0.000000e+00	-2.632422e+03	1.149022e+05
1.106700e-01	1.177593e+05	-3.415745e-03	3.664577e-02	0.000000e+00	-5.048785e+03	1.228081e+05
1.118600e-01	1.170861e+05	-3.459453e-03	3.681208e-02	0.000000e+00	-6.186115e+03	1.232722e+05
1.130500e-01	1.127464e+05	-3.503358e-03	3.697484e-02	0.000000e+00	-6.799685e+03	1.195461e+05
1.142400e-01	1.201892e+05	-3.547453e-03	3.713979e-02	0.000000e+00	-1.279738e+03	1.214689e+05
1.154300e-01	1.225147e+05	-3.591750e-03	3.731167e-02	0.000000e+00	-4.185094e+03	1.266998e+05
1.166200e-01	1.217594e+05	-3.636255e-03	3.748465e-02	0.000000e+00	-4.535504e+03	1.262949e+05
1.178100e-01	1.185687e+05	-3.680964e-03	3.765485e-02	0.000000e+00	-5.269716e+03	1.238385e+05
1.190000e-01	1.267910e+05	-3.725873e-03	3.782860e-02	0.000000e+00	-6.871112e+03	1.336621e+05
1.201900e-01	1.404871e+05	-3.770996e-03	3.801788e-02	0.000000e+00	-3.163024e+03	1.436501e+05
1.213800e-01	1.154858e+05	-3.816356e-03	3.819915e-02	0.000000e+00	-3.908434e+03	1.193943e+05
1.225700e-01	1.158327e+05	-3.861910e-03	3.836296e-02	0.000000e+00	-4.725528e+03	1.205582e+05
1.237600e-01	1.208149e+05	-3.907660e-03	3.853055e-02	0.000000e+00	-1.161468e+04	1.324296e+05
1.249500e-01	1.353815e+05	-3.953613e-03	3.871198e-02	0.000000e+00	-3.007451e+03	1.383889e+05
1.261400e-01	1.201299e+05	-3.999794e-03	3.889292e-02	0.000000e+00	-3.906531e+03	1.240365e+05
1.273300e-01	1.285762e+05	-4.046178e-03	3.906904e-02	0.000000e+00	-7.273402e+03	1.358496e+05
1.285200e-01	1.404664e+05	-4.092778e-03	3.925957e-02	0.000000e+00	-3.704628e+03	1.441710e+05
1.297100e-01	1.086083e+05	-4.139616e-03	3.943596e-02	0.000000e+00	-5.194135e+03	1.138024e+05
1.309000e-01	1.229311e+05	-4.186636e-03	3.959992e-02	0.000000e+00	-5.473920e+03	1.284050e+05
1.320900e-01	1.177314e+05	-4.233863e-03	3.977035e-02	0.000000e+00	-7.908536e+03	1.256399e+05
1.332800e-01	1.294297e+05	-4.281289e-03	3.994538e-02	0.000000e+00	-5.861691e+03	1.352914e+05
1.344700e-01	1.271655e+05	-4.328933e-03	4.012710e-02	0.000000e+00	-5.343931e+03	1.325095e+05
1.356600e-01	1.345019e+05	-4.376792e-03	4.031240e-02	0.000000e+00	-5.539268e+03	1.400411e+05
1.368500e-01	1.277940e+05	-4.424877e-03	4.049815e-02	0.000000e+00	-2.815916e+03	1.306100e+05
1.380400e-01	1.360944e+05	-4.473177e-03	4.068502e-02	0.000000e+00	-2.712387e+03	1.388068e+05
1.392300e-01	1.321037e+05	-4.521707e-03	4.087495e-02	0.000000e+00	-5.872867e+03	1.379766e+05
1.404200e-01	1.361703e+05	-4.570460e-03	4.106494e-02	0.000000e+00	-7.363600e+03	1.435339e+05
1.416100e-01	1.308155e+05	-4.619442e-03	4.125401e-02	0.000000e+00	-6.006686e+03	1.368222e+05
1.428000e-01	1.265598e+05	-4.668644e-03	4.143627e-02	0.000000e+00	-5.145957e+03	1.317057e+05
1.439900e-01	1.395936e+05	-4.718060e-03	4.162475e-02	0.000000e+00	-3.419634e+03	1.430132e+05
1.451800e-01	1.307812e+05	-4.767711e-03	4.181622e-02	0.000000e+00	-5.800688e+03	1.365819e+05
1.463700e-01	1.304890e+05	-4.817583e-03	4.200124e-02	0.000000e+00	-6.902954e+03	1.373920e+05
1.475600e-01	1.193738e+05	-4.867674e-03	4.217819e-02	0.000000e+00	-4.850132e+03	1.242239e+05
1.487500e-01	1.318016e+05	-4.917967e-03	4.235606e-02	0.000000e+00	-7.034999e+03	1.388366e+05
1.499400e-01	1.459005e+05	-4.968482e-03	4.255272e-02	0.000000e+00	-4.228522e+03	1.501291e+05
1.511300e-01	1.466926e+05	-5.019242e-03	4.275992e-02	0.000000e+00	-5.077090e+03	1.517697e+05
1.523200e-01	1.481233e+05	-5.070250e-03	4.296870e-02	0.000000e+00	-7.631254e+03	1.557546e+05
1.535100e-01	1.554234e+05	-5.121508e-03	4.318366e-02	0.000000e+00	-4.452402e+03	1.598758e+05
1.547000e-01	1.549082e+05	-5.173027e-03	4.340343e-02	0.000000e+00	-5.004099e+03	1.599123e+05
1.558900e-01	1.315727e+05	-5.224808e-03	4.360630e-02	0.000000e+00	-6.745457e+03	1.383181e+05
1.570800e-01	1.411569e+05	-5.276810e-03	4.379944e-02	0.000000e+00	-5.864416e+03	1.470213e+05
1.582700e-01	1.512695e+05	-5.329051e-03	4.400653e-02	0.000000e+00	-4.340670e+03	1.556101e+05
1.594600e-01	1.375123e+05	-5.381546e-03	4.421103e-02	0.000000e+00	-1.794477e+03	1.393068e+05
1.606500e-01	1.266700e+05	-5.434273e-03	4.439812e-02	0.000000e+00	-5.191743e+03	1.318617e+05
1.618400e-01	1.256235e+05	-5.487213e-03	4.457678e-02	0.000000e+00	-5.498447e+03	1.311220e+05
1.630300e-01	1.324449e+05	-5.540366e-03	4.475954e-02	0.000000e+00	-5.330815e+03	1.377757e+05
1.642200e-01	1.464036e+05	-5.593741e-03	4.495701e-02	0.000000e+00	-2.782854e+03	1.491864e+05
1.654100e-01	1.474500e+05	-5.647363e-03	4.516510e-02	0.000000e+00	-5.956967e+03	1.534070e+05
1.666000e-01	1.391361e+05	-5.701234e-03	4.536805e-02	0.000000e+00	-9.268831e+03	1.484049e+05
1.677900e-01	1.303323e+05	-5.755339e-03	4.555888e-02	0.000000e+00	-4.657259e+03	1.349895e+05
1.689800e-01	1.551601e+05	-5.809664e-03	4.576106e-02	0.000000e+00	-4.431973e+03	1.595920e+05
1.701700e-01	1.451226e+05	-5.864251e-03	4.597371e-02	0.000000e+00	-6.044335e+03	1.511669e+05
1.713600e-01	1.518168e+05	-5.919082e-03	4.618399e-02	0.000000e+00	-4.046800e+03	1.558636e+05
1.725500e-01	1.382064e+05	-5.974169e-03	4.638937e-02	0.000000e+00	-3.585065e+03	1.417915e+05
1.737400e-01	1.400774e+05	-6.029488e-03	4.658644e-02	0.000000e+00	-4.219395e+03	1.442968e+05
1.749300e-01	1.510046e+05	-6.085044e-03	4.679258e-02	0.000000e+00	-2.146369e+03	1.531509e+05
1.761200e-01	1.430834e+05	-6.140855e-03	4.700084e-02	0.000000e+00	-5.082449e+03	1.481658e+05
1.773100e-01	1.479925e+05	-6.196906e-03	4.720697e-02	0.000000e+00	-3.495980e+03	1.514885e+05
1.785000e-01	1.507259e+05	-6.253207e-03	4.741851e-02	0.000000e+00	-4.292527e+03	1.550184e+05
1.796900e-01	1.674016e+05	-6.309762e-03	4.764380e-02	0.000000e+00	-5.316350e+03	1.727179e+05
1.808800e-01	1.578113e+05	-6.366600e-03	4.787410e-02	0.000000e+00	-4.021051e+03	1.618324e+05
1.820700e-01	1.408527e+05	-6.423703e-03	4.808561e-02	0.000000e+00	-6.469684e+03	1.473224e+05
1.832600e-01	1.344704e+05	-6.481043e-03	4.828058e-02	0.000000e+00	-3.016620e+03	1.374870e+05
1.844500e-01	1.559363e+05	-6.538610e-03	4.848624e-02	0.000000e+00	-5.068569e+03	1.610049e+05
1.856400e-01	1.653895e+05	-6.596440e-03	4.871379e-02	0.000000e+00	-4.909227e+03	1.702987e+05
1.868300e-01	1.476349e+05	-6.654549e-03	4.893546e-02	0.000000e+00	-6.244011e+03	1.538789e+05
1.880200e-01	1.523358e+05	-6.712907e-03	4.914789e-02	0.000000e+00	-4.922585e+03	1.572584e+05
1.892100e-01	1.464013e+05	-6.771521e-03	4.935945e-02	0.000000e+00	-6.742495e+03	1.531438e+05
1.904000e-01	1.412926e+05	-6.830382e-03	4.956318e-02	0.000000e+00	-4.663295e+03	1.459559e+05
1.915900e-01	1.589622e+05	-6.889482e-03	4.977581e-02	0.000000e+00	-7.184131e+03	1.661463e+05
1.927800e-01	1.513624e+05	-6.948849e-03	4.999557e-02	0.000000e+00	-4.640187e+03	1.560026e+05
1.939700e-01	1.552901e+05	-7.008471e-03	5.021273e-02	0.000000e+00	-3.528125e+03	1.588183e+05
1.951600e-01	1.712755e+05	-7.068355e-03	5.044399e-02	0.000000e+00	-1.135937e+03	1.724114e+05
1.963500e-01	1.586846e+05	-7.128528e-03	5.067766e-02	0.000000e+00	-3.259317e+03	1.619439e+05
1.975400e-01	1.526844e+05	-7.188968e-03	5.089816e-02	0.000000e+00	-3.330768e+03	1.560152e+05
1.987300e-01	1.684107e+05	-7.249665e-03	5.112555e-02	0.000000e+00	-2.499555e+03	1.709103e+05
1.999200e-01	1.441973e+05	-7.310647e-03	5.134693e-02	0.000000e+00	-3.876538e+03	1.480738e+05
2.011100e-01	1.601173e+05	-7.371871e-03	5.156243e-02	0.000000e+00	-3.443993e+03	1.635613e+05
2.023000e-01	1.664368e+05	-7.433365e-03	5.179368e-02	0.000000e+00	-4.435499e+03	1.708723e+05
2.034900e-01	1.689651e+05	-7.495140e-03	5.203120e-02	0.000000e+00	-4.748299e+03	1.737134e+05
2.046800e-01	1.570238e+05	-7.557200e-03	5.226206e-02	0.000000e+00	-3.118687e+03	1.601425e+05
2.058700e-01	1.521258e+05	-7.619524e-03	5.248099e-02	0.000000e+00	-3.641184e+03	1.557669e+05
2.070600e-01	1.730067e+05	-7.682104e-03	5.271123e-02	0.000000e+00	-6.305525e+03	1.793123e+05
2.082500e-01	1.593450e+05	-7.744976e-03	5.294659e-02	0.000000e+00	-4.943656e+03	1.642887e+05
2.094400e-01	1.394269e+05	-7.808117e-03	5.315817e-02	0.000000e+00	-7.802762e+03	1.472296e+05
2.106300e-01	1.599067e+05	-7.871493e-03	5.337015e-02	0.000000e+00	-7.304417e+03	1.672111e+05
2.118200e-01	1.486227e+05	-7.935138e-03	5.358864e-02	0.000000e+00	-6.513961e+03	1.551367e+05
2.130100e-01	1.460055e+05	-7.999034e-03	5.379729e-02	0.000000e+00	-2.847399e+03	1.488529e+05
2.142000e-01	1.511028e+05	-8.063176e-03	5.400769e-02	0.000000e+00	-3.383308e+03	1.544861e+05
2.153900e-01	1.645821e+05	-8.127572e-03	5.423125e-02	0.000000e+00	-5.381400e+03	1.699635e+05
2.165800e-01	1.538115e+05	-8.192246e-03	5.445672e-02	0.000000e+00	-5.196711e+03	1.590082e+05
2.177700e-01	1.538693e+05	-8.257179e-03	5.467461e-02	0.000000e+00	-5.420584e+03	1.592899e+05
2.189600e-01	1.483709e+05	-8.322372e-03	5.488864e-02	0.000000e+00	-3.463519e+03	1.518344e+05
2.201500e-01	1.693670e+05	-8.387814e-03	5.511366e-02	0.000000e+00	-5.787598e+03	1.751546e+05
2.213400e-01	1.741714e+05	-8.453542e-03	5.535694e-02	0.000000e+00	-2.724773e+03	1.768962e+05
2.225300e-01	1.744549e+05	-8.519564e-03	5.560382e-02	0.000000e+00	-6.935092e+03	1.813900e+05
2.237200e-01	1.820246e+05	-8.585879e-03	5.585627e-02	0.000000e+00	-5.778671e+03	1.878033e+05
2.249100e-01	1.679995e+05	-8.652502e-03	5.610414e-02	0.000000e+00	-4.602961e+03	1.726024e+05
2.261000e-01	1.683096e+05	-8.719407e-03	5.634231e-02	0.000000e+00	-5.405429e+03	1.737150e+05
2.272900e-01	1.689463e+05	-8.786596e-03	5.658114e-02	0.000000e+00	-5.303450e+03	1.742497e+05
2.284800e-01	1.740009e+05	-8.854070e-03	5.682400e-02	0.000000e+00	-3.601753e+03	1.776026e+05
2.296700e-01	1.785418e+05	-8.921837e-03	5.707366e-02	0.000000e+00	-1.740638e+03	1.802824e+05
2.308600e-01	1.749722e+05	-8.989906e-03	5.732401e-02	0.000000e+00	-3.816458e+03	1.787886e+05
2.320500e-01	1.638312e+05	-9.058269e-03	5.756393e-02	0.000000e+00	-4.383037e+03	1.682143e+05
2.332400e-01	1.763228e+05	-9.126908e-03	5.780482e-02	0.000000e+00	-2.861924e+03	1.791847e+05
2.344300e-01	1.786837e+05	-9.195844e-03	5.805622e-02	0.000000e+00	-2.478797e+03	1.811625e+05
2.356200e-01	1.772814e+05	-9.265082e-03	5.830830e-02	0.000000e+00	-5.319009e+03	1.826004e+05
2.368100e-01	1.848940e+05	-9.334618e-03	5.856478e-02	0.000000e+00	-4.834702e+03	1.897287e+05
2.380000e-01	1.671594e+05	-9.404466e-03	5.881410e-02	0.000000e+00	-5.378941e+03	1.725383e+05
2.391900e-01	1.639073e+05	-9.474595e-03	5.904855e-02	0.000000e+00	-2.101581e+03	1.660089e+05
2.403800e-01	1.850645e+05	-9.545001e-03	5.929568e-02	0.000000e+00	-3.200039e+03	1.882645e+05
2.415700e-01	1.648293e+05	-9.615719e-03	5.954346e-02	0.000000e+00	-2.744156e+03	1.675735e+05
2.427600e-01	1.765230e+05	-9.686715e-03	5.978519e-02	0.000000e+00	-5.402962e+03	1.819259e+05
2.439500e-01	1.867947e+05	-9.758008e-03	6.004248e-02	0.000000e+00	-4.022092e+03	1.908168e+05
2.451400e-01	1.712336e+05	-9.829616e-03	6.029602e-02	0.000000e+00	-3.196373e+03	1.744299e+05
2.463300e-01	1.680468e+05	-9.901512e-03	6.053629e-02	0.000000e+00	-4.724979e+03	1.727718e+05
2.475200e-01	1.655834e+05	-9.973692e-03	6.077255e-02	0.000000e+00	-3.448115e+03	1.690315e+05
2.487100e-01	1.724241e+05	-1.004615e-02	6.101192e-02	0.000000e+00	-3.475936e+03	1.759000e+05
2.499000e-01	1.732190e+05	-1.011890e-02	6.125669e-02	0.000000e+00	-3.084179e+03	1.763031e+05
2.510900e-01	1.761631e+05	-1.019194e-02	6.150411e-02	0.000000e+00	-5.385553e+03	1.815486e+05
2.522800e-01	1.533055e+05	-1.026528e-02	6.173743e-02	0.000000e+00	-7.436138e+03	1.607417e+05
2.534700e-01	1.780867e+05	-1.033888e-02	6.197211e-02	0.000000e+00	-4.620649e+03	1.827074e+05
2.546600e-01	1.720666e+05	-1.041277e-02	6.222008e-02	0.000000e+00	-4.204286e+03	1.762709e+05
2.558500e-01	1.786267e+05	-1.048696e-02	6.246842e-02	0.000000e+00	-3.756036e+03	1.823828e+05
2.570400e-01	1.624871e+05	-1.056145e-02	6.270999e-02	0.000000e+00	-4.843629e+03	1.673307e+05
2.582300e-01	1.633427e+05	-1.063621e-02	6.294073e-02	0.000000e+00	-6.689308e+03	1.700321e+05
2.594200e-01	1.747759e+05	-1.071125e-02	6.318017e-02	0.000000e+00	-3.772769e+03	1.785487e+05
2.606100e-01	1.756629e+05	-1.078658e-02	6.342834e-02	0.000000e+00	-4.044643e+03	1.797076e+05
2.618000e-01	1.769080e+05	-1.086221e-02	6.367802e-02	0.000000e+00	-2.172134e+03	1.790801e+05
2.629900e-01	1.874493e+05	-1.093813e-02	6.393605e-02	0.000000e+00	-3.214009e+03	1.906633e+05
2.641800e-01	1.811676e+05	-1.101437e-02	6.419709e-02	0.000000e+00	-4.611807e+03	1.857795e+05
2.653700e-01	1.848872e+05	-1.109092e-02	6.445631e-02	0.000000e+00	-3.497756e+03	1.883849e+05
2.665600e-01	1.682044e+05	-1.116778e-02	6.470636e-02	0.000000e+00	-3.287603e+03	1.714920e+05
2.677500e-01	1.753001e+05	-1.124492e-02	6.494962e-02	0.000000e+00	-4.304222e+03	1.796044e+05
2.689400e-01	1.821684e+05	-1.132236e-02	6.520277e-02	0.000000e+00	-3.391666e+03	1.855601e+05
2.701300e-01	1.733421e+05	-1.140011e-02	6.545453e-02	0.000000e+00	-5.028372e+03	1.783705e+05
2.713200e-01	1.799950e+05	-1.147814e-02	6.570475e-02	0.000000e+00	-4.543872e+03	1.845389e+05
2.725100e-01	1.740983e+05	-1.155648e-02	6.595550e-02	0.000000e+00	-4.850547e+03	1.789489e+05
2.737000e-01	1.829781e+05	-1.163512e-02	6.620837e-02	0.000000e+00	-4.350758e+03	1.873289e+05
2.748900e-01	1.759192e+05	-1.171406e-02	6.646253e-02	0.000000e+00	-7.169758e+03	1.830890e+05
2.760800e-01	1.715382e+05	-1.179330e-02	6.670859e-02	0.000000e+00	-4.829604e+03	1.763678e+05
2.772700e-01	1.996016e+05	-1.187283e-02	6.697142e-02	0.000000e+00	-3.901135e+03	2.035027e+05
2.784600e-01	1.896539e+05	-1.195269e-02	6.724707e-02	0.000000e+00	-4.569035e+03	1.942229e+05
2.796500e-01	1.780402e+05	-1.203287e-02	6.750746e-02	0.000000e+00	-3.088521e+03	1.811287e+05
2.808400e-01	1.881950e+05	-1.211336e-02	6.776682e-02	0.000000e+00	-1.948212e+03	1.901432e+05
2.820300e-01	1.698846e+05	-1.219416e-02	6.802040e-02	0.000000e+00	-3.036253e+03	1.729209e+05
2.832200e-01	1.757663e+05	-1.227525e-02	6.826517e-02	0.000000e+00	-4.767072e+03	1.805333e+05
2.844100e-01	1.728700e+05	-1.235663e-02	6.851207e-02	0.000000e+00	-3.154278e+03	1.760242e+05
2.856000e-01	1.828634e+05	-1.243830e-02	6.876398e-02	0.000000e+00	-3.413570e+03	1.862770e+05
2.867900e-01	1.709665e+05	-1.252029e-02	6.901455e-02	0.000000e+00	-3.043939e+03	1.740105e+05
2.879800e-01	1.859395e+05	-1.260256e-02	6.926730e-02	0.000000e+00	-4.980626e+03	1.909201e+05
2.891700e-01	1.810390e+05	-1.268514e-02	6.952718e-02	0.000000e+00	-3.062315e+03	1.841013e+05
2.903600e-01	1.821548e+05	-1.276803e-02	6.978438e-02	0.000000e+00	-3.358678e+03	1.855135e+05
2.915500e-01	1.819388e+05	-1.285123e-02	7.004222e-02	0.000000e+00	-4.479272e+03	1.864181e+05
2.927400e-01	1.877061e+05	-1.293473e-02	7.030399e-02	0.000000e+00	-1.364658e+03	1.890708e+05
2.939300e-01	2.054634e+05	-1.301855e-02	7.058242e-02	0.000000e+00	-2.294301e+03	2.077577e+05
2.951200e-01	1.994677e+05	-1.310272e-02	7.086918e-02	0.000000e+00	-4.774671e+03	2.042424e+05
2.963100e-01	1.634378e+05	-1.318722e-02	7.112617e-02	0.000000e+00	-3.456333e+03	1.668942e+05
2.975000e-01	1.758410e+05	-1.327200e-02	7.136644e-02	0.000000e+00	-2.455533e+03	1.782966e+05
2.986900e-01	1.895898e+05	-1.335708e-02	7.162523e-02	0.000000e+00	-4.878883e+03	1.944687e+05
2.998800e-01	1.831724e+05	-1.344247e-02	7.188920e-02	0.000000e+00	-5.777017e+03	1.889495e+05
3.010700e-01	1.967002e+05	-1.352817e-02	7.215821e-02	0.000000e+00	-3.778256e+03	2.004784e+05
3.022600e-01	1.853289e+05	-1.361421e-02	7.242875e-02	0.000000e+00	-3.327094e+03	1.886560e+05
3.034500e-01	1.760169e+05	-1.370055e-02	7.268465e-02	0.000000e+00	-4.370184e+03	1.803871e+05
3.046400e-01	1.801723e+05	-1.378720e-02	7.293689e-02	0.000000e+00	-5.858017e+03	1.860303e+05
3.058300e-01	1.839482e+05	-1.387414e-02	7.319474e-02	0.000000e+00	-3.856586e+03	1.878048e+05
3.070200e-01	1.795783e+05	-1.396140e-02	7.345218e-02	0.000000e+00	-3.768078e+03	1.833464e+05
3.082100e-01	1.874685e+05	-1.404896e-02	7.371211e-02	0.000000e+00	-8.211154e+03	1.956796e+05
3.094000e-01	1.733174e+05	-1.413683e-02	7.396761e-02	0.000000e+00	-4.984770e+03	1.783022e+05
3.105900e-01	1.720364e+05	-1.422500e-02	7.421217e-02	0.000000e+00	-3.296681e+03	1.753331e+05
3.117800e-01	1.820770e+05	-1.431346e-02	7.446294e-02	0.000000e+00	-2.036180e+03	1.841132e+05
3.129700e-01	1.720130e+05	-1.440222e-02	7.471370e-02	0.000000e+00	-2.747347e+03	1.747604e+05
3.141600e-01	1.839612e+05	-1.449128e-02	7.496579e-02	0.000000e+00	-3.639569e+03	1.876008e+05
3.153500e-01	1.909622e+05	-1.458064e-02	7.523129e-02	0.000000e+00	-2.646858e+03	1.936091e+05
3.165400e-01	1.961368e+05	-1.467033e-02	7.550542e-02	0.000000e+00	-3.528307e+03	1.996651e+05
3.177300e-01	2.126455e+05	-1.476034e-02	7.579491e-02	0.000000e+00	-4.419416e+03	2.170649e+05
3.189200e-01	1.986980e+05	-1.485072e-02	7.608621e-02	0.000000e+00	-3.405514e+03	2.021035e+05
3.201100e-01	1.958865e+05	-1.494143e-02	7.636564e-02	0.000000e+00	-3.403337e+03	1.992899e+05
3.213000e-01	1.853210e+05	-1.503247e-02	7.663560e-02	0.000000e+00	-4.648274e+03	1.899693e+05
3.224900e-01	1.705471e+05	-1.512382e-02	7.688761e-02	0.000000e+00	-2.307754e+03	1.728548e+05
3.236800e-01	1.984965e+05	-1.521546e-02	7.714895e-02	0.000000e+00	-3.114369e+03	2.016109e+05
3.248700e-01	2.162697e+05	-1.530744e-02	7.744268e-02	0.000000e+00	-2.504660e+03	2.187743e+05
3.260600e-01	2.007233e+05	-1.539978e-02	7.773798e-02	0.000000e+00	-4.132638e+03	2.048560e+05
3.272500e-01	1.819859e+05	-1.549245e-02	7.800900e-02	0.000000e+00	-4.158781e+03	1.861447e+05
3.284400e-01	1.911857e+05	-1.558544e-02	7.827326e-02	0.000000e+00	-5.831667e+03	1.970173e+05
3.296300e-01	2.051762e+05	-1.567874e-02	7.855395e-02	0.000000e+00	-3.614005e+03	2.087902e+05
3.308200e-01	1.940706e+05	-1.577240e-02	7.883669e-02	0.000000e+00	-2.026287e+03	1.960968e+05
3.320100e-01	1.748980e+05	-1.586637e-02	7.909798e-02	0.000000e+00	-2.754018e+03	1.776521e+05
3.332000e-01	1.827634e+05	-1.596065e-02	7.935126e-02	0.000000e+00	-4.458159e+03	1.872216e+05
3.343900e-01	1.917604e+05	-1.605523e-02	7.961648e-02	0.000000e+00	-3.720921e+03	1.954813e+05
3.355800e-01	1.923051e+05	-1.615014e-02	7.988847e-02	0.000000e+00	-3.408320e+03	1.957134e+05
3.367700e-01	1.901386e+05	-1.624537e-02	8.015930e-02	0.000000e+00	-3.365158e+03	1.935037e+05
3.379600e-01	1.730712e+05	-1.634092e-02	8.041651e-02	0.000000e+00	-3.333352e+03	1.764045e+05
3.391500e-01	1.744771e+05	-1.643676e-02	8.066263e-02	0.000000e+00	-5.874420e+03	1.803515e+05
3.403400e-01	1.868340e+05	-1.653289e-02	8.091850e-02	0.000000e+00	-4.755010e+03	1.915890e+05
3.415300e-01	1.828004e+05	-1.662934e-02	8.118026e-02	0.000000e+00	-3.312341e+03	1.861128e+05
3.427200e-01	1.911428e+05	-1.672610e-02	8.144508e-02	0.000000e+00	-3.003884e+03	1.941467e+05
3.439100e-01	1.838315e+05	-1.682318e-02	8.171062e-02	0.000000e+00	-4.031299e+03	1.878628e+05
3.451000e-01	1.777739e+05	-1.692057e-02	8.196670e-02	0.000000e+00	-1.327993e+03	1.791019e+05
3.462900e-01	2.035313e+05	-1.701826e-02	8.223672e-02	0.000000e+00	-2.301351e+03	2.058326e+05
3.474800e-01	1.688321e+05	-1.711630e-02	8.250042e-02	0.000000e+00	-3.644121e+03	1.724762e+05
3.486700e-01	1.907584e+05	-1.721461e-02	8.275507e-02	0.000000e+00	-3.666810e+03	1.944252e+05
3.498600e-01	1.955965e+05	-1.731325e-02	8.302867e-02	0.000000e+00	-6.589882e+03	2.021864e+05
3.510500e-01	1.785131e+05	-1.741222e-02	8.329360e-02	0.000000e+00	-3.293387e+03	1.818065e+05
3.522400e-01	1.788160e+05	-1.751149e-02	8.354665e-02	0.000000e+00	-2.319173e+03	1.811352e+05
3.534300e-01	2.081308e+05	-1.761106e-02	8.382067e-02	0.000000e+00	-2.503894e+03	2.106347e+05
3.546200e-01	2.219367e+05	-1.771098e-02	8.412523e-02	0.000000e+00	-4.250996e+03	2.261877e+05
3.558100e-01	2.028972e+05	-1.781128e-02	8.442608e-02	0.000000e+00	-4.869942e+03	2.077672e+05
3.570000e-01	2.036119e+05	-1.791192e-02	8.471396e-02	0.000000e+00	-4.528509e+03	2.081404e+05
3.581900e-01	1.862362e+05	-1.801290e-02	8.499003e-02	0.000000e+00	-3.825435e+03	1.900616e+05
3.593800e-01	1.967057e+05	-1.811420e-02	8.526122e-02	0.000000e+00	-5.500946e+03	2.022067e+05
3.605700e-01	1.951620e+05	-1.821582e-02	8.553873e-02	0.000000e+00	-3.415278e+03	1.985773e+05
3.617600e-01	2.000722e+05	-1.831778e-02	8.581862e-02	0.000000e+00	-3.170272e+03	2.032425e+05
3.629500e-01	1.792771e+05	-1.842007e-02	8.608726e-02	0.000000e+00	-3.507521e+03	1.827846e+05
3.641400e-01	2.074222e+05	-1.852267e-02	8.636111e-02	0.000000e+00	-4.045169e+03	2.114673e+05
3.653300e-01	2.040188e+05	-1.862561e-02	8.665247e-02	0.000000e+00	-2.431083e+03	2.064499e+05
3.665200e-01	1.803769e+05	-1.872890e-02	8.692469e-02	0.000000e+00	-3.625590e+03	1.840025e+05
3.677100e-01	1.872993e+05	-1.883249e-02	8.718507e-02	0.000000e+00	-1.199417e+03	1.884987e+05
3.689000e-01	1.801292e+05	-1.893640e-02	8.744527e-02	0.000000e+00	-2.412878e+03	1.825421e+05
3.700900e-01	2.091281e+05	-1.904061e-02	8.772092e-02	0.000000e+00	-2.735629e+03	2.118638e+05
3.712800e-01	2.122934e+05	-1.914517e-02	8.801936e-02	0.000000e+00	-3.410505e+03	2.157039e+05
3.724700e-01	1.865365e+05	-1.925010e-02	8.830180e-02	0.000000e+00	-3.318803e+03	1.898553e+05
3.736600e-01	1.903875e+05	-1.935533e-02	8.856872e-02	0.000000e+00	-4.278684e+03	1.946662e+05
3.748500e-01	2.126274e+05	-1.946089e-02	8.885412e-02	0.000000e+00	-2.663998e+03	2.152914e+05
3.760400e-01	2.200403e+05	-1.956681e-02	8.916052e-02	0.000000e+00	-2.764227e+03	2.228045e+05
3.772300e-01	2.072558e+05	-1.967309e-02	8.946312e-02	0.000000e+00	-3.385743e+03	2.106415e+05
3.784200e-01	1.703529e+05	-1.977973e-02	8.973053e-02	0.000000e+00	-4.477798e+03	1.748307e+05
3.796100e-01	1.840456e+05	-1.988665e-02	8.998150e-02	0.000000e+00	-2.162646e+03	1.862082e+05
3.808000e-01	1.961954e+05	-1.999388e-02	9.025077e-02	0.000000e+00	-1.243793e+03	1.974392e+05
3.819900e-01	1.904169e+05	-2.010145e-02	9.052456e-02	0.000000e+00	-3.830022e+03	1.942469e+05
3.831800e-01	1.696963e+05	-2.020933e-02	9.077958e-02	0.000000e+00	-3.345591e+03	1.730419e+05
3.843700e-01	1.843040e+05	-2.031750e-02	9.103027e-02	0.000000e+00	-4.205057e+03	1.885091e+05
3.855600e-01	2.084840e+05	-2.042598e-02	9.130843e-02	0.000000e+00	-5.177054e+03	2.136610e+05
3.867500e-01	1.996013e+05	-2.053482e-02	9.159742e-02	0.000000e+00	-3.113455e+03	2.027147e+05
3.879400e-01	1.970267e+05	-2.064399e-02	9.187830e-02	0.000000e+00	-2.261432e+03	1.992881e+05
3.891300e-01	1.741946e+05	-2.075349e-02	9.214118e-02	0.000000e+00	-9.297745e+02	1.751244e+05
3.903200e-01	1.809944e+05	-2.086328e-02	9.239271e-02	0.000000e+00	-2.195864e+03	1.831903e+05
3.915100e-01	1.972976e+05	-2.097338e-02	9.266061e-02	0.000000e+00	-3.226850e+03	2.005244e+05
3.927000e-01	1.991962e+05	-2.108381e-02	9.294139e-02	0.000000e+00	-8.926047e+02	2.000888e+05
3.938900e-01	1.906508e+05	-2.119458e-02	9.321747e-02	0.000000e+00	-4.121587e+03	1.947724e+05
3.950800e-01	1.849195e+05	-2.130567e-02	9.348343e-02	0.000000e+00	-3.426778e+03	1.883463e+05
3.962700e-01	2.023315e+05	-2.141707e-02	9.375767e-02	0.000000e+00	-3.121921e+03	2.054534e+05
3.974600e-01	1.894251e+05	-2.152881e-02	9.403510e-02	0.000000e+00	-5.248926e+03	1.946740e+05
3.986500e-01	1.906395e+05	-2.164088e-02	9.430425e-02	0.000000e+00	-5.143036e+03	1.957826e+05
3.998400e-01	1.950736e+05	-2.175326e-02	9.457739e-02	0.000000e+00	-2.732984e+03	1.978066e+05
4.010300e-01	1.926589e+05	-2.186597e-02	9.485197e-02	0.000000e+00	-1.573659e+03	1.942326e+05
4.022200e-01	2.072418e+05	-2.197901e-02	9.513517e-02	0.000000e+00	-3.642027e+03	2.108838e+05
4.034100e-01	2.039481e+05	-2.209239e-02	9.542636e-02	0.000000e+00	-3.982777e+03	2.079308e+05
4.046000e-01	1.816841e+05	-2.220612e-02	9.569945e-02	0.000000e+00	-3.274469e+03	1.849586e+05
4.057900e-01	2.074939e+05	-2.232016e-02	9.597505e-02	0.000000e+00	-3.006995e+03	2.105009e+05
4.069800e-01	1.767769e+05	-2.243454e-02	9.624718e-02	0.000000e+00	-2.817578e+03	1.795945e+05
4.081700e-01	1.986951e+05	-2.254923e-02	9.651307e-02	0.000000e+00	-2.818189e+03	2.015133e+05
4.093600e-01	2.008786e+05	-2.266424e-02	9.679604e-02	0.000000e+00	-1.592749e+03	2.024714e+05
4.105500e-01	1.913103e+05	-2.277960e-02	9.707377e-02	0.000000e+00	-4.300149e+03	1.956104e+05
4.117400e-01	1.875247e+05	-2.289528e-02	9.734205e-02	0.000000e+00	-2.857349e+03	1.903820e+05
4.129300e-01	1.853717e+05	-2.301127e-02	9.760612e-02	0.000000e+00	-2.527110e+03	1.878988e+05
4.141200e-01	2.119855e+05	-2.312758e-02	9.788752e-02	0.000000e+00	-2.869512e+03	2.148550e+05
4.153100e-01	2.050376e+05	-2.324425e-02	9.818284e-02	0.000000e+00	-4.083395e+03	2.091210e+05
4.165000e-01	2.109826e+05	-2.336126e-02	9.847745e-02	0.000000e+00	-3.127008e+03	2.141096e+05
4.176900e-01	2.259133e+05	-2.347862e-02	9.878684e-02	0.000000e+00	-2.868707e+03	2.287820e+05
4.188800e-01	1.988008e+05	-2.359637e-02	9.908761e-02	0.000000e+00	-3.735246e+03	2.025361e+05
4.200700e-01	1.967627e+05	-2.371445e-02	9.936774e-02	0.000000e+00	-5.247479e+03	2.020101e+05
4.212600e-01	2.014380e+05	-2.383286e-02	9.964973e-02	0.000000e+00	-2.818459e+03	2.042565e+05
4.224500e-01	1.982090e+05	-2.395162e-02	9.993274e-02	0.000000e+00	-1.153037e+03	1.993621e+05
4.236400e-01	1.912009e+05	-2.407070e-02	1.002085e-01	0.000000e+00	-2.119486e+03	1.933204e+05
4.248300e-01	2.038207e+05	-2.419011e-02	1.004882e-01	0.000000e+00	-7.295775e+02	2.045502e+05
4.260200e-01	1.883853e+05	-2.430987e-02	1.007660e-01	0.000000e+00	-2.544208e+03	1.909295e+05
4.272100e-01	1.911039e+05	-2.442994e-02	1.010347e-01	0.000000e+00	-3.500655e+03	1.946046e+05
4.284000e-01	1.979170e+05	-2.455033e-02	1.013102e-01	0.000000e+00	-3.161624e+03	2.010787e+05
4.295900e-01	1.951629e+05	-2.467105e-02	1.015886e-01	0.000000e+00	-6.111282e+03	2.012742e+05
4.307800e-01	1.917608e+05	-2.479211e-02	1.018626e-01	0.000000e+00	-4.715772e+03	1.964766e+05
4.319700e-01	1.985131e+05	-2.491349e-02	1.021390e-01	0.000000e+00	-2.574168e+03	2.010873e+05
4.331600e-01	2.009340e+05	-2.503520e-02	1.024219e-01	0.000000e+00	-2.308740e+03	2.032428e+05
4.343500e-01	1.966678e+05	-2.515725e-02	1.027034e-01	0.000000e+00	-4.086644e+03	2.007545e+05
4.355400e-01	1.863718e+05	-2.527963e-02	1.029747e-01	0.000000e+00	-1.931484e+03	1.883033e+05
4.367300e-01	2.001798e+05	-2.540233e-02	1.032484e-01	0.000000e+00	-1.938077e+03	2.021178e+05
4.379200e-01	2.129244e+05	-2.552537e-02	1.035410e-01	0.000000e+00	-4.565610e+03	2.174901e+05
4.391100e-01	2.042546e+05	-2.564876e-02	1.038364e-01	0.000000e+00	-4.505031e+03	2.087596e+05
4.403000e-01	2.119468e+05	-2.577250e-02	1.041311e-01	0.000000e+00	-2.790391e+03	2.147372e+05
4.414900e-01	2.078302e+05	-2.589659e-02	1.044284e-01	0.000000e+00	-4.164504e+03	2.119947e+05
4.426800e-01	2.111099e+05	-2.602104e-02	1.047251e-01	0.000000e+00	-2.963703e+03	2.140736e+05
4.438700e-01	2.080080e+05	-2.614584e-02	1.050219e-01	0.000000e+00	-2.095607e+03	2.101036e+05
4.450600e-01	2.113870e+05	-2.627099e-02	1.053189e-01	0.000000e+00	-3.370933e+03	2.147579e+05
4.462500e-01	2.144837e+05	-2.639650e-02	1.056205e-01	0.000000e+00	-3.422218e+03	2.179059e+05
4.474400e-01	2.061017e+05	-2.652237e-02	1.059183e-01	0.000000e+00	-3.735126e+03	2.098368e+05
4.486300e-01	1.990067e+05	-2.664858e-02	1.062052e-01	0.000000e+00	-2.152720e+03	2.011595e+05
4.498200e-01	1.911005e+05	-2.677513e-02	1.064815e-01	0.000000e+00	-2.239371e+03	1.933399e+05
4.510100e-01	1.973097e+05	-2.690201e-02	1.067565e-01	0.000000e+00	-4.688269e+03	2.019980e+05
4.522000e-01	1.788009e+05	-2.702921e-02	1.070229e-01	0.000000e+00	-3.501583e+03	1.823025e+05
4.533900e-01	1.956853e+05	-2.715672e-02	1.072881e-01	0.000000e+00	-3.018183e+03	1.987035e+05
4.545800e-01	1.991241e+05	-2.728456e-02	1.075677e-01	0.000000e+00	-1.925295e+03	2.010493e+05
4.557700e-01	1.927869e+05	-2.741273e-02	1.078452e-01	0.000000e+00	-3.919494e+03	1.967064e+05
4.569600e-01	1.991364e+05	-2.754123e-02	1.081227e-01	0.000000e+00	-3.623101e+03	2.027595e+05
4.581500e-01	1.945508e+05	-2.767006e-02	1.084015e-01	0.000000e+00	-2.868105e+03	1.974189e+05
4.593400e-01	2.015566e+05	-2.779923e-02	1.086820e-01	0.000000e+00	-3.257996e+03	2.048146e+05
4.605300e-01	1.971239e+05	-2.792873e-02	1.089644e-01	0.000000e+00	-5.640089e+03	2.027640e+05
4.617200e-01	1.804548e+05	-2.805856e-02	1.092318e-01	0.000000e+00	-2.069398e+03	1.825242e+05
4.629100e-01	1.738965e+05	-2.818870e-02	1.094827e-01	0.000000e+00	-1.676553e+03	1.755730e+05
4.641000e-01	1.964047e+05	-2.831913e-02	1.097449e-01	0.000000e+00	-2.972180e+03	1.993769e+05
4.652900e-01	2.069105e+05	-2.844989e-02	1.100306e-01	0.000000e+00	-1.702950e+03	2.086135e+05
4.664800e-01	2.034505e+05	-2.858100e-02	1.103212e-01	0.000000e+00	-2.532896e+03	2.059834e+05
4.676700e-01	1.959525e+05	-2.871246e-02	1.106040e-01	0.000000e+00	-1.630029e+03	1.975826e+05
4.688600e-01	2.176703e+05	-2.884424e-02	1.108969e-01	0.000000e+00	-3.162641e+03	2.208329e+05
4.700500e-01	2.180381e+05	-2.897639e-02	1.112055e-01	0.000000e+00	-2.792506e+03	2.208306e+05
4.712400e-01	2.132804e+05	-2.910891e-02	1.115109e-01	0.000000e+00	-1.162575e+03	2.144430e+05
4.724300e-01	2.030795e+05	-2.924179e-02	1.118058e-01	0.000000e+00	-1.610239e+03	2.046897e+05
4.736200e-01	2.089561e+05	-2.937501e-02	1.120975e-01	0.000000e+00	-5.043771e+03	2.139999e+05
4.748100e-01	2.065227e+05	-2.950858e-02	1.123918e-01	0.000000e+00	-2.047860e+03	2.085706e+05
4.760000e-01	2.013365e+05	-2.964250e-02	1.126806e-01	0.000000e+00	-2.392369e+03	2.037288e+05
4.771900e-01	1.931551e+05	-2.977676e-02	1.129600e-01	0.000000e+00	-5.204291e+03	1.983594e+05
4.783800e-01	1.911109e+05	-2.991134e-02	1.132321e-01	0.000000e+00	-3.051570e+03	1.941625e+05
4.795700e-01	1.958504e+05	-3.004625e-02	1.135061e-01	0.000000e+00	-3.639070e+03	1.994895e+05
4.807600e-01	2.029329e+05	-3.018149e-02	1.137885e-01	0.000000e+00	-3.470813e+03	2.064037e+05
4.819500e-01	1.961864e+05	-3.031707e-02	1.140712e-01	0.000000e+00	-3.036234e+03	1.992226e+05
4.831400e-01	1.930915e+05	-3.045298e-02	1.143468e-01	0.000000e+00	-5.296071e+03	1.983876e+05
4.843300e-01	1.994493e+05	-3.058921e-02	1.146248e-01	0.000000e+00	-3.640981e+03	2.030902e+05
4.855200e-01	1.893331e+05	-3.072579e-02	1.149002e-01	0.000000e+00	-1.830586e+03	1.911636e+05
4.867100e-01	1.995674e+05	-3.086268e-02	1.151756e-01	0.000000e+00	-2.219811e+03	2.017872e+05
4.879000e-01	2.063054e+05	-3.099990e-02	1.154630e-01	0.000000e+00	-3.299582e+03	2.096049e+05
4.890900e-01	2.081576e+05	-3.113748e-02	1.157565e-01	0.000000e+00	-6.300147e+02	2.087876e+05
4.902800e-01	2.023206e+05	-3.127540e-02	1.160472e-01	0.000000e+00	-3.754392e+03	2.060750e+05
4.914700e-01	2.003895e+05	-3.141367e-02	1.163324e-01	0.000000e+00	-4.614715e+03	2.050043e+05
4.926600e-01	2.201474e+05	-3.155228e-02	1.166302e-01	0.000000e+00	-3.741823e+03	2.238892e+05
4.938500e-01	2.175075e+05	-3.169125e-02	1.169401e-01	0.000000e+00	-3.555668e+03	2.210631e+05
4.950400e-01	2.055000e+05	-3.183059e-02	1.172397e-01	0.000000e+00	-1.067303e+03	2.065673e+05
4.962300e-01	1.992040e+05	-3.197028e-02	1.175263e-01	0.000000e+00	-1.426622e+03	2.006306e+05
4.974200e-01	1.885027e+05	-3.211031e-02	1.178008e-01	0.000000e+00	-3.061033e+03	1.915637e+05
4.986100e-01	2.106014e+05	-3.225065e-02	1.180835e-01	0.000000e+00	-5.065830e+03	2.156673e+05
4.998000e-01	2.011401e+05	-3.239134e-02	1.183750e-01	0.000000e+00	-3.194086e+03	2.043342e+05
5.009900e-01	2.177858e+05	-3.253238e-02	1.186717e-01	0.000000e+00	-3.048911e+03	2.208347e+05
5.021800e-01	2.149734e+05	-3.267378e-02	1.189782e-01	0.000000e+00	-5.998679e+03	2.209721e+05
5.033700e-01	2.005802e+05	-3.281555e-02	1.192724e-01	0.000000e+00	-3.502670e+03	2.040828e+05
5.045600e-01	2.120535e+05	-3.295765e-02	1.195647e-01	0.000000e+00	-1.730520e+03	2.137840e+05
5.057500e-01	2.177886e+05	-3.310011e-02	1.198691e-01	0.000000e+00	-7.027403e+02	2.184913e+05
5.069400e-01	1.970862e+05	-3.324294e-02	1.201629e-01	0.000000e+00	-1.470391e+03	1.985566e+05
5.081300e-01	2.042511e+05	-3.338610e-02	1.204471e-01	0.000000e+00	-2.197373e+03	2.064484e+05
5.093200e-01	2.108880e+05	-3.352960e-02	1.207411e-01	0.000000e+00	-2.726953e+03	2.136150e+05
5.105100e-01	2.088384e+05	-3.367346e-02	1.210383e-01	0.000000e+00	-4.795284e+03	2.136337e+05
5.117000e-01	2.120348e+05	-3.381767e-02	1.213363e-01	0.000000e+00	-3.019403e+03	2.150542e+05
5.128900e-01	2.109416e+05	-3.396224e-02	1.216359e-01	0.000000e+00	-1.377519e+03	2.123191e+05
5.140800e-01	2.003021e+05	-3.410717e-02	1.219271e-01	0.000000e+00	-5.688207e+03	2.059903e+05
5.152700e-01	2.132517e+05	-3.425243e-02	1.222200e-01	0.000000e+00	-6.367383e+03	2.196191e+05
5.164600e-01	2.057012e+05	-3.439805e-02	1.225167e-01	0.000000e+00	-4.327852e+03	2.100291e+05
5.176500e-01	2.134947e+05	-3.454402e-02	1.228135e-01	0.000000e+00	-3.331106e+03	2.168258e+05
5.188400e-01	2.237130e+05	-3.469035e-02	1.231231e-01	0.000000e+00	-2.274445e+03	2.259875e+05
5.200300e-01	2.110765e+05	-3.483705e-02	1.234310e-01	0.000000e+00	-1.627044e+03	2.127035e+05
5.212200e-01	1.956493e+05	-3.498411e-02	1.237191e-01	0.000000e+00	-2.275791e+03	1.979251e+05
5.224100e-01	2.037998e+05	-3.513150e-02	1.240019e-01	0.000000e+00	-9.977391e+02	2.047976e+05
5.236000e-01	2.089900e+05	-3.527924e-02	1.242943e-01	0.000000e+00	-2.794225e+03	2.117842e+05
5.247900e-01	2.110291e+05	-3.542732e-02	1.245917e-01	0.000000e+00	-4.020667e+03	2.150497e+05
5.259800e-01	2.041878e+05	-3.557577e-02	1.248857e-01	0.000000e+00	-2.465165e+03	2.066530e+05
5.271700e-01	2.204724e+05	-3.572455e-02	1.251865e-01	0.000000e+00	-8.792823e+02	2.213517e+05
5.283600e-01	2.029699e+05	-3.587371e-02	1.254863e-01	0.000000e+00	-2.163484e+03	2.051334e+05
5.295500e-01	2.015032e+05	-3.602321e-02	1.257728e-01	0.000000e+00	-3.122705e+03	2.046260e+05
5.307400e-01	1.995355e+05	-3.617305e-02	1.260568e-01	0.000000e+00	-3.769134e+03	2.033046e+05
5.319300e-01	2.166543e+05	-3.632323e-02	1.263515e-01	0.000000e+00	-5.370997e+03	2.220253e+05
5.331200e-01	2.066098e+05	-3.647377e-02	1.266513e-01	0.000000e+00	-4.395797e+03	2.110056e+05
5.343100e-01	2.174562e+05	-3.662465e-02	1.269516e-01	0.000000e+00	-4.164671e+03	2.216209e+05
5.355000e-01	2.071851e+05	-3.677591e-02	1.272523e-01	0.000000e+00	-2.972957e+03	2.101581e+05
5.366900e-01	1.984155e+05	-3.692752e-02	1.275395e-01	0.000000e+00	-2.069882e+03	2.004854e+05
5.378800e-01	2.097227e+05	-3.707945e-02	1.278285e-01	0.000000e+00	-4.244008e+03	2.139667e+05
5.390700e-01	2.265319e+05	-3.723175e-02	1.281375e-01	0.000000e+00	-2.605532e+03	2.291374e+05
5.402600e-01	2.074809e+05	-3.738442e-02	1.284448e-01	0.000000e+00	-4.898498e+03	2.123794e+05
5.414500e-01	2.016193e+05	-3.753745e-02	1.287345e-01	0.000000e+00	-2.637818e+03	2.042571e+05
5.426400e-01	2.151296e+05	-3.769081e-02	1.290297e-01	0.000000e+00	-3.713175e+03	2.188428e+05
5.438300e-01	2.036430e+05	-3.784454e-02	1.293262e-01	0.000000e+00	-2.074675e+03	2.057177e+05
5.450200e-01	2.025566e+05	-3.799861e-02	1.296139e-01	0.000000e+00	-2.394586e+03	2.049512e+05
5.462100e-01	2.004129e+05	-3.815302e-02	1.298993e-01	0.000000e+00	-1.769642e+03	2.021826e+05
5.474000e-01	2.085141e+05	-3.830777e-02	1.301888e-01	0.000000e+00	-1.501687e+03	2.100158e+05
5.485900e-01	2.082404e+05	-3.846287e-02	1.304840e-01	0.000000e+00	-2.570271e+03	2.108107e+05
5.497800e-01	2.070972e+05	-3.861832e-02	1.307781e-01	0.000000e+00	-1.639176e+03	2.087363e+05
5.509700e-01	2.298996e+05	-3.877412e-02	1.310876e-01	0.000000e+00	-1.683746e+03	2.315833e+05
5.521600e-01	2.184391e+05	-3.893031e-02	1.314051e-01	0.000000e+00	-4.220239e+03	2.226593e+05
5.533500e-01	2.171986e+05	-3.908686e-02	1.317136e-01	0.000000e+00	-2.619223e+03	2.198178e+05
5.545400e-01	2.043778e+05	-3.924379e-02	1.320121e-01	0.000000e+00	-2.387790e+03	2.067656e+05
5.557300e-01	1.931692e+05	-3.940105e-02	1.322936e-01	0.000000e+00	-3.726597e+03	1.968958e+05
5.569200e-01	2.210183e+05	-3.955864e-02	1.325870e-01	0.000000e+00	-4.130911e+03	2.251492e+05
5.581100e-01	2.088638e+05	-3.971661e-02	1.328914e-01	0.000000e+00	-2.449740e+03	2.113135e+05
5.593000e-01	2.261971e+05	-3.987493e-02	1.331995e-01	0.000000e+00	-2.355924e+03	2.285530e+05
5.604900e-01	2.335614e+05	-4.003362e-02	1.335251e-01	0.000000e+00	-1.517530e+03	2.350790e+05
5.616800e-01	2.050828e+05	-4.019272e-02	1.338357e-01	0.000000e+00	-2.035147e+03	2.071180e+05
5.628700e-01	2.086502e+05	-4.035215e-02	1.341287e-01	0.000000e+00	-2.674169e+03	2.113243e+05
5.640600e-01	1.999044e+05	-4.051194e-02	1.344180e-01	0.000000e+00	-1.976239e+03	2.018806e+05
5.652500e-01	2.075343e+05	-4.067207e-02	1.347065e-01	0.000000e+00	-2.261256e+03	2.097956e+05
5.664400e-01	2.136951e+05	-4.083254e-02	1.350048e-01	0.000000e+00	-1.465450e+03	2.151606e+05
5.676300e-01	2.376803e+05	-4.099338e-02	1.353245e-01	0.000000e+00	-1.350870e+03	2.390311e+05
5.688200e-01	2.135401e+05	-4.115462e-02	1.356440e-01	0.000000e+00	-2.093586e+03	2.156337e+05
5.700100e-01	2.240700e+05	-4.131621e-02	1.359539e-01	0.000000e+00	-3.920669e+03	2.279906e+05
5.712000e-01	2.236108e+05	-4.147819e-02	1.362710e-01	0.000000e+00	-3.347246e+03	2.269581e+05
5.723900e-01	2.190836e+05	-4.164054e-02	1.365845e-01	0.000000e+00	-1.999087e+03	2.210827e+05
5.735800e-01	2.032881e+05	-4.180326e-02	1.368836e-01	0.000000e+00	-2.316803e+03	2.056049e+05
5.747700e-01	2.012085e+05	-4.196632e-02	1.371700e-01	0.000000e+00	-2.279108e+03	2.034876e+05
5.759600e-01	2.239351e+05	-4.212972e-02	1.374711e-01	0.000000e+00	-1.621484e+03	2.255566e+05
5.771500e-01	2.266371e+05	-4.229350e-02	1.377902e-01	0.000000e+00	-1.636818e+03	2.282739e+05
5.783400e-01	2.251010e+05	-4.245766e-02	1.381101e-01	0.000000e+00	-1.604416e+03	2.267055e+05
5.795300e-01	2.158294e+05	-4.262220e-02	1.384223e-01	0.000000e+00	-5.497744e+03	2.213272e+05
5.807200e-01	2.299010e+05	-4.278711e-02	1.387380e-01	0.000000e+00	-1.744761e+03	2.316458e+05
5.819100e-01	2.168051e+05	-4.295240e-02	1.390543e-01	0.000000e+00	-1.688254e+03	2.184934e+05
5.831000e-01	2.129482e+05	-4.311806e-02	1.393587e-01	0.000000e+00	-1.606235e+03	2.145544e+05
5.842900e-01	2.019406e+05	-4.328407e-02	1.396525e-01	0.000000e+00	-1.690808e+03	2.036314e+05
5.854800e-01	2.127466e+05	-4.345043e-02	1.399461e-01	0.000000e+00	-3.007850e+03	2.157544e+05
5.866700e-01	2.003181e+05	-4.361714e-02	1.402386e-01	0.000000e+00	-4.930916e+03	2.052490e+05
5.878600e-01	2.289899e+05	-4.378420e-02	1.405427e-01	0.000000e+00	-4.005353e+03	2.329953e+05
5.890500e-01	2.247608e+05	-4.395164e-02	1.408640e-01	0.000000e+00	-3.468640e+03	2.282295e+05
5.902400e-01	2.169561e+05	-4.411945e-02	1.411768e-01	0.000000e+00	-2.626513e+03	2.195826e+05
5.914300e-01	2.240753e+05	-4.428764e-02	1.414891e-01	0.000000e+00	-1.344352e+03	2.254197e+05
5.926200e-01	2.162203e+05	-4.445620e-02	1.418009e-01	0.000000e+00	-1.007500e+03	2.172278e+05
5.938100e-01	2.212807e+05	-4.462512e-02	1.421108e-01	0.000000e+00	-2.140791e+03	2.234214e+05
5.950000e-01	2.245739e+05	-4.479442e-02	1.424265e-01	0.000000e+00	-2.410062e+03	2.269839e+05
5.961900e-01	2.140524e+05	-4.496410e-02	1.427371e-01	0.000000e+00	-1.956658e+03	2.160090e+05
5.973800e-01	2.029450e+05	-4.513414e-02	1.430324e-01	0.000000e+00	-3.006634e+03	2.059517e+05
5.985700e-01	2.162072e+05	-4.530452e-02	1.433292e-01	0.000000e+00	-1.223923e+03	2.174311e+05
5.997600e-01	2.143089e+05	-4.547526e-02	1.436341e-01	0.000000e+00	-8.594750e+02	2.151683e+05
6.009500e-01	2.020934e+05	-4.564636e-02	1.439290e-01	0.000000e+00	-1.399426e+03	2.034929e+05
6.021400e-01	2.037859e+05	-4.581781e-02	1.442164e-01	0.000000e+00	-2.812463e+02	2.040671e+05
6.033300e-01	2.043354e+05	-4.598960e-02	1.445054e-01	0.000000e+00	-3.379674e+01	2.043692e+05
6.045200e-01	2.033984e+05	-4.616173e-02	1.447942e-01	0.000000e+00	-1.925195e+03	2.053236e+05
6.057100e-01	2.162197e+05	-4.633421e-02	1.450913e-01	0.000000e+00	-2.133244e+03	2.183530e+05
6.069000e-01	2.020264e+05	-4.650705e-02	1.453875e-01	0.000000e+00	-2.744278e+03	2.047707e+05
6.080900e-01	2.117937e+05	-4.668023e-02	1.456806e-01	0.000000e+00	-2.426963e+03	2.142207e+05
6.092800e-01	2.116873e+05	-4.685377e-02	1.459805e-01	0.000000e+00	-2.641023e+03	2.143283e+05
6.104700e-01	2.087674e+05	-4.702767e-02	1.462782e-01	0.000000e+00	-3.521793e+03	2.122892e+05
6.116600e-01	2.067485e+05	-4.720191e-02	1.465725e-01	0.000000e+00	-6.643393e+03	2.133919e+05
6.128500e-01	2.147414e+05	-4.737651e-02	1.468710e-01	0.000000e+00	-1.703542e+03	2.164449e+05
6.140400e-01	2.126834e+05	-4.755147e-02	1.471737e-01	0.000000e+00	-9.042315e+02	2.135876e+05
6.152300e-01	2.196722e+05	-4.772678e-02	1.474798e-01	0.000000e+00	-3.273277e+03	2.229455e+05
6.164200e-01	2.082958e+05	-4.790247e-02	1.477829e-01	0.000000e+00	-1.379284e+03	2.096750e+05
6.176100e-01	2.278077e+05	-4.807850e-02	1.480917e-01	0.000000e+00	-1.164278e+03	2.289720e+05
6.188000e-01	2.136303e+05	-4.825493e-02	1.484044e-01	0.000000e+00	-1.367346e+03	2.149977e+05
6.199900e-01	2.173045e+05	-4.843171e-02	1.487095e-01	0.000000e+00	-1.846908e+03	2.191514e+05
6.211800e-01	2.095713e+05	-4.860885e-02	1.490118e-01	0.000000e+00	-3.914563e+03	2.134859e+05
6.223700e-01	2.194695e+05	-4.878636e-02	1.493157e-01	0.000000e+00	-3.904047e+03	2.233736e+05
6.235600e-01	2.224239e+05	-4.896423e-02	1.496286e-01	0.000000e+00	-1.266802e+03	2.236907e+05
6.247500e-01	2.275528e+05	-4.914247e-02	1.499472e-01	0.000000e+00	-1.147350e+03	2.287001e+05
6.259400e-01	2.175892e+05	-4.932110e-02	1.502625e-01	0.000000e+00	-1.436836e+03	2.190261e+05
6.271300e-01	2.026255e+05	-4.950010e-02	1.505601e-01	0.000000e+00	-7.162829e+02	2.033418e+05
6.283200e-01	2.045613e+05	-4.967943e-02	1.508484e-01	0.000000e+00	-3.677510e+03	2.082388e+05
6.295100e-01	2.231147e+05	-4.985912e-02	1.511513e-01	0.000000e+00	-1.821854e+03	2.249366e+05
6.307000e-01	2.039364e+05	-5.003917e-02	1.514537e-01	0.000000e+00	-2.502119e+03	2.064386e+05
6.318900e-01	2.004357e+05	-5.021957e-02	1.517401e-01	0.000000e+00	-2.022081e+03	2.024578e+05
6.330800e-01	2.088667e+05	-5.040031e-02	1.520299e-01	0.000000e+00	-3.588868e+03	2.124555e+05
6.342700e-01	2.086198e+05	-5.058141e-02	1.523256e-01	0.000000e+00	-2.132351e+03	2.107522e+05
6.354600e-01	2.286500e+05	-5.076285e-02	1.526352e-01	0.000000e+00	-2.735622e+03	2.313856e+05
6.366500e-01	2.017210e+05	-5.094468e-02	1.529400e-01	0.000000e+00	-3.389250e+03	2.051103e+05
6.378400e-01	2.027081e+05	-5.112685e-02	1.532264e-01	0.000000e+00	-3.395037e+03	2.061031e+05
6.390300e-01	1.925606e+05	-5.130936e-02	1.535063e-01	0.000000e+00	-2.626473e+03	1.951871e+05
6.402200e-01	2.112840e+05	-5.149219e-02	1.537923e-01	0.000000e+00	-1.494494e+03	2.127785e+05
6.414100e-01	2.250363e+05	-5.167538e-02	1.541013e-01	0.000000e+00	-3.548897e+03	2.285852e+05
6.426000e-01	2.018010e+05	-5.185895e-02	1.544036e-01	0.000000e+00	-2.290905e+03	2.040919e+05
6.437900e-01	2.147275e+05	-5.204286e-02	1.546985e-01	0.000000e+00	-2.280553e+03	2.170081e+05
6.449800e-01	2.277364e+05	-5.222714e-02	1.550119e-01	0.000000e+00	-2.640300e+03	2.303767e+05
6.461700e-01	2.369797e+05	-5.241179e-02	1.553410e-01	0.000000e+00	-1.831942e+03	2.388116e+05
6.473600e-01	2.408387e+05	-5.259685e-02	1.556793e-01	0.000000e+00	-5.217331e+03	2.460560e+05
6.485500e-01	2.318214e+05	-5.278231e-02	1.560141e-01	0.000000e+00	-3.641820e+03	2.354632e+05
6.497400e-01	2.232328e+05	-5.296816e-02	1.563363e-01	0.000000e+00	-1.099890e+03	2.243327e+05
6.509300e-01	2.104251e+05	-5.315439e-02	1.566434e-01	0.000000e+00	-1.127216e+03	2.115523e+05
6.521200e-01	2.227588e+05	-5.334097e-02	1.569502e-01	0.000000e+00	-5.414405e+01	2.228129e+05
6.533100e-01	2.250477e+05	-5.352793e-02	1.572673e-01	0.000000e+00	-2.362735e+03	2.274104e+05
6.545000e-01	2.158942e+05	-5.371527e-02	1.575796e-01	0.000000e+00	-1.864122e+03	2.177583e+05
6.556900e-01	2.205985e+05	-5.390297e-02	1.578887e-01	0.000000e+00	-2.356916e+03	2.229554e+05
6.568800e-01	2.252704e+05	-5.409104e-02	1.582044e-01	0.000000e+00	-2.479023e+03	2.277495e+05
6.580700e-01	2.175664e+05	-5.427950e-02	1.585180e-01	0.000000e+00	-1.888369e+03	2.194547e+05
6.592600e-01	2.110266e+05	-5.446832e-02	1.588215e-01	0.000000e+00	-3.396464e+03	2.144231e+05
6.604500e-01	2.130093e+05	-5.465749e-02	1.591218e-01	0.000000e+00	-1.155874e+03	2.141652e+05
6.616400e-01	2.173507e+05	-5.484703e-02	1.594266e-01	0.000000e+00	-1.468655e+03	2.188193e+05
6.628300e-01	2.361613e+05	-5.503693e-02	1.597478e-01	0.000000e+00	-6.214723e+02	2.367828e+05
6.640200e-01	2.148516e+05	-5.522723e-02	1.600671e-01	0.000000e+00	-7.890559e+02	2.156407e+05
6.652100e-01	2.111501e+05	-5.541789e-02	1.603688e-01	0.000000e+00	-1.783627e+03	2.129337e+05
6.664000e-01	2.075674e+05	-5.560890e-02	1.606653e-01	0.000000e+00	-1.675617e+03	2.092431e+05
6.675900e-01	2.106594e+05	-5.580027e-02	1.609615e-01	0.000000e+00	-2.430852e+03	2.130903e+05
6.687800e-01	2.175292e+05	-5.599199e-02	1.612647e-01	0.000000e+00	-1.235098e+03	2.187643e+05
6.699700e-01	2.087447e+05	-5.618408e-02	1.615666e-01	0.000000e+00	-4.314000e+03	2.130587e+05
6.711600e-01	2.104461e+05	-5.637652e-02	1.618635e-01	0.000000e+00	-2.855283e+03	2.133014e+05
6.723500e-01	2.281235e+05	-5.656932e-02	1.621741e-01	0.000000e+00	-1.414080e+03	2.295376e+05
6.735400e-01	2.221928e+05	-5.676249e-02	1.624930e-01	0.000000e+00	-1.299034e+03	2.234919e+05
6.747300e-01	2.110458e+05	-5.695605e-02	1.627998e-01	0.000000e+00	-1.189454e+03	2.122352e+05
6.759200e-01	2.149511e+05	-5.714996e-02	1.631014e-01	0.000000e+00	-1.782367e+03	2.167334e+05
6.771100e-01	2.027933e+05	-5.734423e-02	1.633973e-01	0.000000e+00	-2.644432e+03	2.054378e+05
6.783000e-01	2.209549e+05	-5.753884e-02	1.636973e-01	0.000000e+00	-2.241192e+03	2.231961e+05
6.794900e-01	2.231322e+05	-5.773383e-02	1.640118e-01	0.000000e+00	-4.242136e+02	2.235564e+05
6.806800e-01	2.129823e+05	-5.792919e-02	1.643207e-01	0.000000e+00	-1.261428e+03	2.142437e+05
6.818700e-01	2.264023e+05	-5.812491e-02	1.646318e-01	0.000000e+00	-3.913596e+02	2.267936e+05
6.830600e-01	2.216150e+05	-5.832102e-02	1.649491e-01	0.000000e+00	-1.062552e+03	2.226775e+05
6.842500e-01	2.271162e+05	-5.851749e-02	1.652669e-01	0.000000e+00	-5.636347e+03	2.327525e+05
6.854400e-01	2.252496e+05	-5.871435e-02	1.655872e-01	0.000000e+00	-3.205831e+03	2.284554e+05
6.866300e-01	2.192847e+05	-5.891159e-02	1.659020e-01	0.000000e+00	-9.635133e+02	2.202482e+05
6.878200e-01	2.346134e+05	-5.910920e-02	1.662235e-01	0.000000e+00	-1.489297e+03	2.361027e+05
6.890100e-01	2.226111e+05	-5.930720e-02	1.665473e-01	0.000000e+00	-2.685104e+03	2.252963e+05
6.902000e-01	2.432169e+05	-5.950558e-02	1.668771e-01	0.000000e+00	-2.225016e+03	2.454419e+05
6.913900e-01	2.383029e+05	-5.970437e-02	1.672181e-01	0.000000e+00	-2.050700e+03	2.403537e+05
6.925800e-01	2.385251e+05	-5.990356e-02	1.675558e-01	0.000000e+00	-1.991902e+03	2.405170e+05
6.937700e-01	2.249786e+05	-6.010315e-02	1.678840e-01	0.000000e+00	-2.508430e+03	2.274870e+05
6.949600e-01	2.141916e+05	-6.030312e-02	1.681951e-01	0.000000e+00	-3.701352e+03	2.178930e+05
6.961500e-01	2.155227e+05	-6.050346e-02	1.684994e-01	0.000000e+00	-1.994111e+03	2.175168e+05
6.973400e-01	2.175843e+05	-6.070415e-02	1.688061e-01	0.000000e+00	-9.899173e+02	2.185743e+05
6.985300e-01	2.098456e+05	-6.090521e-02	1.691088e-01	0.000000e+00	-4.275880e+03	2.141215e+05
6.997200e-01	1.985050e+05	-6.110663e-02	1.693979e-01	0.000000e+00	-3.320140e+03	2.018251e+05
7.009100e-01	1.963253e+05	-6.130838e-02	1.696775e-01	0.000000e+00	-1.836515e+03	1.981618e+05
7.021000e-01	2.058097e+05	-6.151046e-02	1.699623e-01	0.000000e+00	-1.239864e+03	2.070496e+05
7.032900e-01	2.210900e+05	-6.171289e-02	1.702646e-01	0.000000e+00	-1.421456e+02	2.212322e+05
7.044800e-01	2.261072e+05	-6.191569e-02	1.705813e-01	0.000000e+00	-2.019574e+03	2.281268e+05
7.056700e-01	2.124764e+05	-6.211887e-02	1.708919e-01	0.000000e+00	-4.503295e+03	2.169797e+05
7.068600e-01	2.131018e+05	-6.232242e-02	1.711933e-01	0.000000e+00	-1.529789e+03	2.146316e+05
7.080500e-01	2.121974e+05	-6.252632e-02	1.714945e-01	0.000000e+00	-3.023272e+03	2.152206e+05
7.092400e-01	2.274303e+05	-6.273057e-02	1.718058e-01	0.000000e+00	-2.391415e+03	2.298217e+05
7.104300e-01	2.455653e+05	-6.293521e-02	1.721408e-01	0.000000e+00	-1.539312e+03	2.471046e+05
7.116200e-01	2.514311e+05	-6.314027e-02	1.724927e-01	0.000000e+00	-1.238481e+03	2.526696e+05
7.128100e-01	2.365715e+05	-6.334575e-02	1.728383e-01	0.000000e+00	-3.173213e+03	2.397447e+05
7.140000e-01	2.263775e+05	-6.355162e-02	1.731662e-01	0.000000e+00	-2.644738e+03	2.290223e+05
7.151900e-01	2.139184e+05	-6.375788e-02	1.734780e-01	0.000000e+00	-1.604435e+03	2.155229e+05
7.163800e-01	2.042960e+05	-6.396450e-02	1.737741e-01	0.000000e+00	-5.515173e+03	2.098111e+05
7.175700e-01	2.210200e+05	-6.417146e-02	1.740753e-01	0.000000e+00	-2.772846e+03	2.237929e+05
7.187600e-01	2.190052e+05	-6.437880e-02	1.743869e-01	0.000000e+00	-3.126229e+03	2.221314e+05
7.199500e-01	2.060273e+05	-6.458650e-02	1.746879e-01	0.000000e+00	-1.855456e+03	2.078828e+05
7.211400e-01	2.132084e+05	-6.479456e-02	1.749848e-01	0.000000e+00	-1.680592e+03	2.148890e+05
7.223300e-01	2.244925e+05	-6.500297e-02	1.752948e-01	0.000000e+00	-8.119259e+02	2.253045e+05
7.235200e-01	2.250315e+05	-6.521176e-02	1.756131e-01	0.000000e+00	-1.611562e+03	2.266430e+05
7.247100e-01	2.245372e+05	-6.542093e-02	1.759315e-01	0.000000e+00	-8.333543e+02	2.253706e+05
7.259000e-01	2.130300e+05	-6.563047e-02	1.762413e-01	0.000000e+00	-2.538306e+03	2.155683e+05
7.270900e-01	2.356733e+05	-6.584038e-02	1.765591e-01	0.000000e+00	-3.565473e+03	2.392387e+05
7.282800e-01	2.324161e+05	-6.605069e-02	1.768906e-01	0.000000e+00	-2.831454e+03	2.352476e+05
7.294700e-01	2.069990e+05	-6.626138e-02	1.772018e-01	0.000000e+00	-1.299667e+03	2.082986e+05
7.306600e-01	2.080406e+05	-6.647243e-02	1.774957e-01	0.000000e+00	-2.072085e+03	2.101127e+05
7.318500e-01	2.260668e+05	-6.668382e-02	1.778031e-01	0.000000e+00	-1.014480e+03	2.270813e+05
7.330400e-01	2.178028e+05	-6.689560e-02	1.781174e-01	0.000000e+00	-2.692693e+03	2.204955e+05
7.342300e-01	2.334543e+05	-6.710774e-02	1.784370e-01	0.000000e+00	-3.159897e+03	2.366142e+05
7.354200e-01	2.426149e+05	-6.732028e-02	1.787741e-01	0.000000e+00	-2.611794e+03	2.452267e+05
7.366100e-01	2.449079e+05	-6.753322e-02	1.791194e-01	0.000000e+00	-2.891186e+03	2.477991e+05
7.378000e-01	2.284601e+05	-6.774658e-02	1.794546e-01	0.000000e+00	-2.212143e+03	2.306722e+05
7.389900e-01	2.116939e+05	-6.796032e-02	1.797663e-01	0.000000e+00	-2.951285e+03	2.146452e+05
7.401800e-01	2.238435e+05	-6.817443e-02	1.800747e-01	0.000000e+00	-1.650250e+03	2.254937e+05
7.413700e-01	2.131659e+05	-6.838890e-02	1.803842e-01	0.000000e+00	-3.355038e+03	2.165209e+05
7.425600e-01	2.095454e+05	-6.860374e-02	1.806836e-01	0.000000e+00	-1.288702e+03	2.108341e+05
7.437500e-01	2.258015e+05	-6.881893e-02	1.809919e-01	0.000000e+00	0.000000e+00	2.258015e+05
7.449400e-01	2.376426e+05	-6.903450e-02	1.813200e-01	0.000000e+00	-1.004024e+03	2.386466e+05
7.461300e-01	2.095133e+05	-6.925047e-02	1.816367e-01	0.000000e+00	-1.639884e+03	2.111532e+05
7.473200e-01	2.188279e+05	-6.946680e-02	1.819400e-01	0.000000e+00	-3.190487e+03	2.220183e+05
7.485100e-01	2.201066e+05	-6.968349e-02	1.822509e-01	0.000000e+00	-1.683921e+03	2.217905e+05
7.497000e-01	2.298460e+05	-6.990055e-02	1.825695e-01	0.000000e+00	-1.384484e+03	2.312305e+05
7.508900e-01	2.171399e+05	-7.011800e-02	1.828861e-01	0.000000e+00	-3.716361e+02	2.175115e+05
7.520800e-01	2.260875e+05	-7.033582e-02	1.831999e-01	0.000000e+00	-1.244506e+03	2.273320e+05
7.532700e-01	2.305746e+05	-7.055402e-02	1.835233e-01	0.000000e+00	-2.817926e+03	2.333925e+05
7.544600e-01	1.970409e+05	-7.077261e-02	1.838262e-01	0.000000e+00	-3.236609e+03	2.002775e+05
7.556500e-01	2.192734e+05	-7.099153e-02	1.841210e-01	0.000000e+00	-1.825245e+03	2.210986e+05
7.568400e-01	2.160477e+05	-7.121081e-02	1.844293e-01	0.000000e+00	-2.298438e+03	2.183461e+05
7.580300e-01	2.167245e+05	-7.143047e-02	1.847357e-01	0.000000e+00	-1.843233e+03	2.185677e+05
7.592200e-01	2.215126e+05	-7.165049e-02	1.850461e-01	0.000000e+00	-3.868195e+03	2.253808e+05
7.604100e-01	2.294755e+05	-7.187088e-02	1.853654e-01	0.000000e+00	-3.200920e+03	2.326764e+05
7.616000e-01	2.225710e+05	-7.209166e-02	1.856856e-01	0.000000e+00	-1.187890e+03	2.237588e+05
7.627900e-01	2.050338e+05	-7.231281e-02	1.859884e-01	0.000000e+00	-1.975711e+03	2.070095e+05
7.639800e-01	2.221339e+05	-7.253431e-02	1.862909e-01	0.000000e+00	-1.094961e+03	2.232289e+05
7.651700e-01	2.203170e+05	-7.275618e-02	1.866042e-01	0.000000e+00	-1.961405e+03	2.222784e+05
7.663600e-01	2.107136e+05	-7.297843e-02	1.869095e-01	0.000000e+00	-1.145315e+03	2.118589e+05
7.675500e-01	2.227263e+05	-7.320103e-02	1.872164e-01	0.000000e+00	-3.063243e+02	2.230326e+05
7.687400e-01	2.280303e+05	-7.342400e-02	1.875356e-01	0.000000e+00	-2.103819e+03	2.301341e+05
7.699300e-01	2.177705e+05	-7.364736e-02	1.878513e-01	0.000000e+00	-3.169850e+02	2.180875e+05
7.711200e-01	2.228731e+05	-7.387109e-02	1.881634e-01	0.000000e+00	-1.259360e+03	2.241325e+05
7.723100e-01	2.177234e+05	-7.409519e-02	1.884754e-01	0.000000e+00	-1.598873e+03	2.193222e+05
7.735000e-01	2.159172e+05	-7.431966e-02	1.887825e-01	0.000000e+00	-3.786393e+03	2.197036e+05
7.746900e-01	2.172884e+05	-7.454449e-02	1.890892e-01	0.000000e+00	-1.873687e+03	2.191621e+05
7.758800e-01	2.001133e+05	-7.476969e-02	1.893848e-01	0.000000e+00	-8.030493e+02	2.009164e+05
7.770700e-01	2.251619e+05	-7.499523e-02	1.896860e-01	0.000000e+00	-1.439782e+03	2.266017e+05
7.782600e-01	2.212694e+05	-7.522114e-02	1.900021e-01	0.000000e+00	-1.240862e+03	2.225102e+05
7.794500e-01	2.273734e+05	-7.544743e-02	1.903199e-01	0.000000e+00	-1.613509e+03	2.289869e+05
7.806400e-01	2.170697e+05	-7.567411e-02	1.906346e-01	0.000000e+00	-3.731871e+03	2.208016e+05
7.818300e-01	2.028086e+05	-7.590114e-02	1.909319e-01	0.000000e+00	-4.559385e+03	2.073680e+05
7.830200e-01	2.161946e+05	-7.612852e-02	1.912287e-01	0.000000e+00	-1.825702e+03	2.180203e+05
7.842100e-01	2.229806e+05	-7.635627e-02	1.915397e-01	0.000000e+00	-2.649865e+03	2.256305e+05
7.854000e-01	2.116081e+05	-7.658439e-02	1.918474e-01	0.000000e+00	-3.203734e+03	2.148119e+05
7.865900e-01	2.119203e+05	-7.681286e-02	1.921474e-01	0.000000e+00	-2.140582e+03	2.140608e+05
7.877800e-01	2.234926e+05	-7.704170e-02	1.924557e-01	0.000000e+00	-2.778993e+02	2.237705e+05
7.889700e-01	2.160811e+05	-7.727091e-02	1.927670e-01	0.000000e+00	-5.624369e+02	2.166435e+05
7.901600e-01	2.322756e+05	-7.750048e-02	1.930845e-01	0.000000e+00	-7.358886e+02	2.330115e+05
7.913500e-01	2.289184e+05	-7.773045e-02	1.934111e-01	0.000000e+00	-9.447837e+02	2.298632e+05
7.925400e-01	2.251503e+05	-7.796080e-02	1.937327e-01	0.000000e+00	-2.891707e+03	2.280420e+05
7.937300e-01	2.247322e+05	-7.819153e-02	1.940513e-01	0.000000e+00	-1.914715e+03	2.266469e+05
7.949200e-01	2.309078e+05	-7.842264e-02	1.943739e-01	0.000000e+00	-3.113766e+03	2.340216e+05
7.961100e-01	2.336878e+05	-7.865414e-02	1.947029e-01	0.000000e+00	-1.706702e+03	2.353945e+05
7.973000e-01	2.169636e+05	-7.888604e-02	1.950221e-01	0.000000e+00	-4.028234e+03	2.209918e+05
7.984900e-01	2.246075e+05	-7.911830e-02	1.953348e-01	0.000000e+00	-2.928448e+03	2.275359e+05
7.996800e-01	2.239652e+05	-7.935093e-02	1.956524e-01	0.000000e+00	-2.353667e+03	2.263189e+05
8.008700e-01	2.170094e+05	-7.958395e-02	1.959647e-01	0.000000e+00	-2.489813e+03	2.194992e+05
8.020600e-01	2.290453e+05	-7.981733e-02	1.962806e-01	0.000000e+00	-1.739216e+03	2.307845e+05
8.032500e-01	2.234562e+05	-8.005110e-02	1.966010e-01	0.000000e+00	-1.979074e+03	2.254352e+05
8.044400e-01	2.349014e+05	-8.028524e-02	1.969256e-01	0.000000e+00	-1.872788e+03	2.367742e+05
8.056300e-01	2.267093e+05	-8.051978e-02	1.972525e-01	0.000000e+00	-1.249982e+03	2.279592e+05
8.068200e-01	2.241493e+05	-8.075470e-02	1.975718e-01	0.000000e+00	-9.853390e+02	2.251347e+05
8.080100e-01	2.171359e+05	-8.099000e-02	1.978843e-01	0.000000e+00	-2.813638e+03	2.199496e+05
8.092000e-01	2.072169e+05	-8.122567e-02	1.981848e-01	0.000000e+00	-1.546356e+03	2.087633e+05
8.103900e-01	2.306819e+05	-8.146168e-02	1.984949e-01	0.000000e+00	0.000000e+00	2.306819e+05
8.115800e-01	2.325311e+05	-8.169808e-02	1.988230e-01	0.000000e+00	-1.692405e+03	2.342235e+05
8.127700e-01	2.158441e+05	-8.193488e-02	1.991405e-01	0.000000e+00	-9.576065e+02	2.168017e+05
8.139600e-01	2.170105e+05	-8.217204e-02	1.994470e-01	0.000000e+00	-1.183070e+03	2.181936e+05
8.151500e-01	2.178909e+05	-8.240956e-02	1.997550e-01	0.000000e+00	-8.822430e+02	2.187732e+05
8.163400e-01	2.015440e+05	-8.264746e-02	2.000520e-01	0.000000e+00	-8.523670e+02	2.023963e+05
8.175300e-01	2.174554e+05	-8.288569e-02	2.003488e-01	0.000000e+00	-1.868497e+03	2.193239e+05
8.187200e-01	2.190654e+05	-8.312429e-02	2.006579e-01	0.000000e+00	-3.013159e+03	2.220785e+05
8.199100e-01	2.116924e+05	-8.336325e-02	2.009629e-01	0.000000e+00	-2.250404e+03	2.139428e+05
8.211000e-01	2.293597e+05	-8.360258e-02	2.012753e-01	0.000000e+00	-7.456256e+02	2.301053e+05
8.222900e-01	2.126023e+05	-8.384229e-02	2.015883e-01	0.000000e+00	-2.801048e+03	2.154034e+05
8.234800e-01	2.112486e+05	-8.408236e-02	2.018884e-01	0.000000e+00	-3.601933e+03	2.148506e+05
8.246700e-01	2.288816e+05	-8.432278e-02	2.022001e-01	0.000000e+00	-3.576216e+03	2.324578e+05
8.258600e-01	2.187573e+05	-8.456359e-02	2.025171e-01	0.000000e+00	-2.103400e+02	2.189677e+05
8.270500e-01	2.016916e+05	-8.480477e-02	2.028148e-01	0.000000e+00	-8.393940e+02	2.025310e+05
8.282400e-01	2.241304e+05	-8.504629e-02	2.031164e-01	0.000000e+00	-2.771049e+03	2.269015e+05
8.294300e-01	2.205029e+05	-8.528819e-02	2.034313e-01	0.000000e+00	-1.752762e+03	2.222557e+05
8.306200e-01	2.310497e+05	-8.553046e-02	2.037510e-01	0.000000e+00	-1.182212e+03	2.322319e+05
8.318100e-01	2.354320e+05	-8.577312e-02	2.040814e-01	0.000000e+00	-1.908830e+03	2.373408e+05
8.330000e-01	2.459799e+05	-8.601617e-02	2.044223e-01	0.000000e+00	-2.036476e+03	2.480164e+05
8.341900e-01	2.170363e+05	-8.625964e-02	2.047502e-01	0.000000e+00	-1.804650e+03	2.188409e+05
8.353800e-01	2.211564e+05	-8.650348e-02	2.050605e-01	0.000000e+00	-1.044503e+03	2.222009e+05
8.365700e-01	2.170885e+05	-8.674769e-02	2.053709e-01	0.000000e+00	-1.120750e+03	2.182093e+05
8.377600e-01	2.097129e+05	-8.699226e-02	2.056731e-01	0.000000e+00	-1.710979e+03	2.114239e+05
8.389500e-01	2.186816e+05	-8.723719e-02	2.059765e-01	0.000000e+00	-1.549122e+03	2.202307e+05
8.401400e-01	2.322837e+05	-8.748249e-02	2.062958e-01	0.000000e+00	-3.088954e+03	2.353726e+05
8.413300e-01	2.229937e+05	-8.772817e-02	2.066182e-01	0.000000e+00	-4.190806e+03	2.271845e+05
8.425200e-01	2.260437e+05	-8.797424e-02	2.069362e-01	0.000000e+00	-1.611086e+03	2.276548e+05
8.437100e-01	2.040847e+05	-8.822068e-02	2.072408e-01	0.000000e+00	-6.943817e+02	2.047791e+05
8.449000e-01	2.361228e+05	-8.846747e-02	2.075526e-01	0.000000e+00	-1.060631e+03	2.371834e+05
8.460900e-01	2.312415e+05	-8.871466e-02	2.078836e-01	0.000000e+00	-6.205342e+02	2.318621e+05
8.472800e-01	2.244033e+05	-8.896223e-02	2.082062e-01	0.000000e+00	-1.728654e+03	2.261320e+05
8.484700e-01	2.332408e+05	-8.921019e-02	2.085303e-01	0.000000e+00	-1.635509e+03	2.348763e+05
8.496600e-01	2.134914e+05	-8.945853e-02	2.088467e-01	0.000000e+00	-1.793097e+03	2.152845e+05
8.508500e-01	2.093404e+05	-8.970724e-02	2.091461e-01	0.000000e+00	-2.519962e+03	2.118604e+05
8.520400e-01	2.367093e+05	-8.995630e-02	2.094620e-01	0.000000e+00	-2.049464e+02	2.369143e+05
8.532300e-01	2.235580e+05	-9.020576e-02	2.097879e-01	0.000000e+00	-9.905926e+02	2.245486e+05
8.544200e-01	2.387876e+05	-9.045560e-02	2.101153e-01	0.000000e+00	-7.139297e+02	2.395015e+05
8.556100e-01	2.101479e+05	-9.070584e-02	2.104333e-01	0.000000e+00	-3.093532e+03	2.132414e+05
8.568000e-01	2.141837e+05	-9.095643e-02	2.107338e-01	0.000000e+00	-2.296597e+03	2.164803e+05
8.579900e-01	2.161815e+05	-9.120738e-02	2.110385e-01	0.000000e+00	-1.440792e+03	2.176223e+05
8.591800e-01	2.205800e+05	-9.145870e-02	2.113478e-01	0.000000e+00	-2.100703e+03	2.226807e+05
8.603700e-01	2.419901e+05	-9.171039e-02	2.116754e-01	0.000000e+00	-1.549357e+03	2.435395e+05
8.615600e-01	2.163218e+05	-9.196249e-02	2.120000e-01	0.000000e+00	-2.366101e+03	2.186879e+05
8.627500e-01	2.159442e+05	-9.221495e-02	2.123061e-01	0.000000e+00	-4.545254e+03	2.204894e+05
8.639400e-01	2.055250e+05	-9.246778e-02	2.126046e-01	0.000000e+00	-2.523426e+03	2.080484e+05
8.651300e-01	2.124053e+05	-9.272095e-02	2.129005e-01	0.000000e+00	-3.000539e+03	2.154059e+05
8.663200e-01	2.327432e+05	-9.297448e-02	2.132158e-01	0.000000e+00	-3.923044e+03	2.366662e+05
8.675100e-01	2.195055e+05	-9.322840e-02	2.135360e-01	0.000000e+00	-3.313146e+03	2.228186e+05
8.687000e-01	2.167973e+05	-9.348270e-02	2.138450e-01	0.000000e+00	-2.330744e+03	2.191281e+05
8.698900e-01	2.353498e+05	-9.373735e-02	2.141652e-01	0.000000e+00	-1.400719e+03	2.367505e+05
8.710800e-01	2.355458e+05	-9.399241e-02	2.144987e-01	0.000000e+00	-5.459781e+02	2.360917e+05
8.722700e-01	2.114221e+05	-9.424786e-02	2.148152e-01	0.000000e+00	-1.289866e+03	2.127120e+05
8.734600e-01	2.307269e+05	-9.450367e-02	2.151283e-01	0.000000e+00	-3.908066e+02	2.311177e+05
8.746500e-01	2.147251e+05	-9.475987e-02	2.154438e-01	0.000000e+00	-6.113943e+02	2.153364e+05
8.758400e-01	2.346308e+05	-9.501642e-02	2.157620e-01	0.000000e+00	-2.289418e+02	2.348597e+05
8.770300e-01	2.314296e+05	-9.527338e-02	2.160920e-01	0.000000e+00	-7.010948e+02	2.321307e+05
8.782200e-01	2.361683e+05	-9.553072e-02	2.164232e-01	0.000000e+00	-7.282397e+02	2.368965e+05
8.794100e-01	2.080466e+05	-9.578847e-02	2.167377e-01	0.000000e+00	-1.048910e+03	2.090955e+05
8.806000e-01	2.183460e+05	-9.604656e-02	2.170397e-01	0.000000e+00	-8.830998e+02	2.192291e+05
8.817900e-01	2.172636e+05	-9.630502e-02	2.173482e-01	0.000000e+00	-1.539007e+03	2.188026e+05
8.829800e-01	2.077735e+05	-9.656385e-02	2.176492e-01	0.000000e+00	-2.439987e+03	2.102135e+05
8.841700e-01	2.104262e+05	-9.682303e-02	2.179453e-01	0.000000e+00	-5.187713e+03	2.156139e+05
8.853600e-01	2.214376e+05	-9.708256e-02	2.182512e-01	0.000000e+00	-1.571215e+03	2.230088e+05
8.865500e-01	2.221714e+05	-9.734246e-02	2.185653e-01	0.000000e+00	-2.024801e+03	2.241962e+05
8.877400e-01	1.924671e+05	-9.760274e-02	2.188589e-01	0.000000e+00	-2.280701e+03	1.947478e+05
8.889300e-01	1.965560e+05	-9.786335e-02	2.191344e-01	0.000000e+00	-1.059461e+03	1.976155e+05
8.901200e-01	2.105486e+05	-9.812428e-02	2.194227e-01	0.000000e+00	-3.158820e+03	2.137074e+05
8.913100e-01	2.139465e+05	-9.838557e-02	2.197233e-01	0.000000e+00	-1.181710e+03	2.151282e+05
8.925000e-01	2.269230e+05	-9.864723e-02	2.200355e-01	0.000000e+00	-1.573687e+03	2.284967e+05
8.936900e-01	2.215382e+05	-9.890926e-02	2.203531e-01	0.000000e+00	-1.563879e+03	2.231021e+05
8.948800e-01	2.314367e+05	-9.917167e-02	2.206739e-01	0.000000e+00	-2.677617e+03	2.341143e+05
8.960700e-01	2.390119e+05	-9.943446e-02	2.210071e-01	0.000000e+00	-1.472496e+03	2.404844e+05
8.972600e-01	2.277562e+05	-9.969766e-02	2.213376e-01	0.000000e+00	-1.343987e+03	2.291002e+05
8.984500e-01	2.210732e+05	-9.996125e-02	2.216555e-01	0.000000e+00	-1.177022e+03	2.222502e+05
8.996400e-01	2.350484e+05	-1.002252e-01	2.219785e-01	0.000000e+00	-1.423202e+03	2.364716e+05
9.008300e-01	2.190410e+05	-1.004896e-01	2.223000e-01	0.000000e+00	-1.938143e+03	2.209792e+05
9.020200e-01	2.056786e+05	-1.007543e-01	2.226008e-01	0.000000e+00	-8.992035e+02	2.065778e+05
9.032100e-01	2.339853e+05	-1.010193e-01	2.229122e-01	0.000000e+00	-1.753201e+03	2.357385e+05
9.044000e-01	2.442796e+05	-1.012848e-01	2.232509e-01	0.000000e+00	-1.813848e+03	2.460934e+05
9.055900e-01	2.265246e+05	-1.015507e-01	2.235843e-01	0.000000e+00	-5.757644e+02	2.271004e+05
9.067800e-01	2.435242e+05	-1.018169e-01	2.239171e-01	0.000000e+00	-4.867896e+02	2.440110e+05
9.079700e-01	2.393960e+05	-1.020836e-01	2.242591e-01	0.000000e+00	-9.668354e+02	2.403629e+05
9.091600e-01	2.441072e+05	-1.023507e-01	2.246015e-01	0.000000e+00	-1.067383e+03	2.451746e+05
9.103500e-01	2.435089e+05	-1.026182e-01	2.249468e-01	0.000000e+00	-8.686151e+02	2.443775e+05
9.115400e-01	2.453307e+05	-1.028860e-01	2.252930e-01	0.000000e+00	-8.120572e+02	2.461428e+05
9.127300e-01	2.351114e+05	-1.031544e-01	2.256332e-01	0.000000e+00	-5.132247e+02	2.356247e+05
9.139200e-01	2.173370e+05	-1.034231e-01	2.259537e-01	0.000000e+00	-1.780230e+03	2.191173e+05
9.151100e-01	2.448728e+05	-1.036921e-01	2.262810e-01	0.000000e+00	-2.275541e+02	2.451003e+05
9.163000e-01	2.285352e+05	-1.039616e-01	2.266162e-01	0.000000e+00	-1.961131e+03	2.304964e+05
9.174900e-01	2.216535e+05	-1.042315e-01	2.269350e-01	0.000000e+00	-1.722122e+03	2.233756e+05
9.186800e-01	2.364845e+05	-1.045017e-01	2.272595e-01	0.000000e+00	-5.184270e+02	2.370029e+05
9.198700e-01	2.152945e+05	-1.047723e-01	2.275794e-01	0.000000e+00	-8.247056e+02	2.161192e+05
9.210600e-01	2.456539e+05	-1.050433e-01	2.279058e-01	0.000000e+00	-1.482336e+03	2.471363e+05
9.222500e-01	2.201902e+05	-1.053148e-01	2.282357e-01	0.000000e+00	-4.398545e+02	2.206300e+05
9.234400e-01	2.227309e+05	-1.055865e-01	2.285494e-01	0.000000e+00	-1.478056e+03	2.242090e+05
9.246300e-01	2.365632e+05	-1.058587e-01	2.288746e-01	0.000000e+00	-2.906103e+03	2.394693e+05
9.258200e-01	2.099473e+05	-1.061313e-01	2.291908e-01	0.000000e+00	-1.643652e+03	2.115910e+05
9.270100e-01	2.088142e+05	-1.064042e-01	2.294874e-01	0.000000e+00	-1.235289e+03	2.100495e+05
9.282000e-01	2.225187e+05	-1.066775e-01	2.297929e-01	0.000000e+00	-1.529617e+03	2.240483e+05
9.293900e-01	2.298080e+05	-1.069511e-01	2.301132e-01	0.000000e+00	-1.969685e+03	2.317777e+05
9.305800e-01	2.218731e+05	-1.072251e-01	2.304330e-01	0.000000e+00	-2.838503e+03	2.247116e+05
9.317700e-01	2.209832e+05	-1.074995e-01	2.307467e-01	0.000000e+00	-4.589218e+02	2.214421e+05
9.329600e-01	2.024594e+05	-1.077743e-01	2.310465e-01	0.000000e+00	-1.176304e+03	2.036357e+05
9.341500e-01	2.170921e+05	-1.080494e-01	2.313436e-01	0.000000e+00	-5.043685e+02	2.175965e+05
9.353400e-01	2.297716e+05	-1.083249e-01	2.316601e-01	0.000000e+00	-2.484809e+03	2.322564e+05
9.365300e-01	2.231414e+05	-1.086008e-01	2.319808e-01	0.000000e+00	-3.076898e+03	2.262183e+05
9.377200e-01	2.246631e+05	-1.088770e-01	2.322979e-01	0.000000e+00	-2.183162e+03	2.268463e+05
9.389100e-01	2.391569e+05	-1.091536e-01	2.326264e-01	0.000000e+00	-6.584923e+02	2.398153e+05
9.401000e-01	2.041496e+05	-1.094307e-01	2.329403e-01	0.000000e+00	-1.358299e+03	2.055079e+05
9.412900e-01	2.074138e+05	-1.097080e-01	2.332318e-01	0.000000e+00	-2.046466e+03	2.094602e+05
9.424800e-01	2.115179e+05	-1.099858e-01	2.335285e-01	0.000000e+00	-1.408991e+03	2.129269e+05
9.436700e-01	2.521556e+05	-1.102638e-01	2.338568e-01	0.000000e+00	-2.282610e+02	2.523839e+05
9.448600e-01	2.311937e+05	-1.105423e-01	2.341991e-01	0.000000e+00	-5.602636e+02	2.317540e+05
9.460500e-01	2.176126e+05	-1.108212e-01	2.345169e-01	0.000000e+00	-1.461469e+03	2.190741e+05
9.472400e-01	2.312994e+05	-1.111005e-01	2.348348e-01	0.000000e+00	-8.056871e+02	2.321051e+05
9.484300e-01	2.286879e+05	-1.113801e-01	2.351606e-01	0.000000e+00	-5.339246e+02	2.292219e+05
9.496200e-01	2.108763e+05	-1.116602e-01	2.354719e-01	0.000000e+00	-1.159089e+03	2.120354e+05
9.508100e-01	2.211430e+05	-1.119406e-01	2.357778e-01	0.000000e+00	-1.110852e+03	2.222538e+05
9.520000e-01	2.437416e+05	-1.122213e-01	2.361070e-01	0.000000e+00	-1.158251e+03	2.448999e+05
9.531900e-01	2.265539e+05	-1.125025e-01	2.364401e-01	0.000000e+00	-9.988212e+02	2.275527e+05
9.543800e-01	2.500230e+05	-1.127840e-01	2.367776e-01	0.000000e+00	-6.150040e+02	2.506381e+05
9.555700e-01	2.342225e+05	-1.130660e-01	2.371205e-01	0.000000e+00	0.000000e+00	2.342225e+05
9.567600e-01	2.118773e+05	-1.133484e-01	2.374364e-01	0.000000e+00	-2.115446e+03	2.139928e+05
9.579500e-01	2.246572e+05	-1.136311e-01	2.377456e-01	0.000000e+00	-2.086235e+03	2.267434e+05
9.591400e-01	2.338851e+05	-1.139142e-01	2.380703e-01	0.000000e+00	0.000000e+00	2.338851e+05
9.603300e-01	2.366199e+05	-1.141977e-01	2.384035e-01	0.000000e+00	-7.304728e+02	2.373504e+05
9.615200e-01	2.105761e+05	-1.144816e-01	2.387202e-01	0.000000e+00	-2.032033e+03	2.126081e+05
9.627100e-01	2.076184e+05	-1.147659e-01	2.390163e-01	0.000000e+00	-5.988389e+02	2.082172e+05
9.639000e-01	2.182455e+05	-1.150505e-01	2.393179e-01	0.000000e+00	-6.143229e+02	2.188598e+05
9.650900e-01	2.259490e+05	-1.153355e-01	2.396325e-01	0.000000e+00	-2.244343e+03	2.281934e+05
9.662800e-01	2.336029e+05	-1.156208e-01	2.399579e-01	0.000000e+00	-1.122938e+03	2.347258e+05
9.674700e-01	2.358907e+05	-1.159066e-01	2.402904e-01	0.000000e+00	-1.907515e+03	2.377983e+05
9.686600e-01	2.439995e+05	-1.161927e-01	2.406302e-01	0.000000e+00	-1.851376e+03	2.458509e+05
9.698500e-01	2.442387e+05	-1.164793e-01	2.409760e-01	0.000000e+00	-2.330585e+03	2.465693e+05
9.710400e-01	2.317923e+05	-1.167662e-01	2.413131e-01	0.000000e+00	-5.312890e+02	2.323236e+05
9.722300e-01	2.416279e+05	-1.170536e-01	2.416483e-01	0.000000e+00	-1.162338e+03	2.427902e+05
9.734200e-01	2.207292e+05	-1.173413e-01	2.419758e-01	0.000000e+00	0.000000e+00	2.207292e+05
9.746100e-01	2.194177e+05	-1.176295e-01	2.422875e-01	0.000000e+00	-1.828450e+03	2.212462e+05
9.758000e-01	2.356833e+05	-1.179180e-01	2.426097e-01	0.000000e+00	-2.495633e+03	2.381789e+05
9.769900e-01	2.462427e+05	-1.182069e-01	2.429510e-01	0.000000e+00	-2.441944e+03	2.486846e+05
9.781800e-01	2.297042e+05	-1.184962e-01	2.432881e-01	0.000000e+00	-1.140730e+03	2.308449e+05
9.793700e-01	2.302273e+05	-1.187859e-01	2.436138e-01	0.000000e+00	-4.966034e+02	2.307239e+05
9.805600e-01	2.379132e+05	-1.190760e-01	2.439453e-01	0.000000e+00	-4.683186e+02	2.383815e+05
9.817500e-01	2.241029e+05	-1.193665e-01	2.442725e-01	0.000000e+00	-2.025559e+03	2.261284e+05
9.829400e-01	2.154145e+05	-1.196574e-01	2.445837e-01	0.000000e+00	-2.159107e+03	2.175736e+05
9.841300e-01	2.448893e+05	-1.199486e-01	2.449097e-01	0.000000e+00	-1.898351e+03	2.467876e+05
9.853200e-01	2.289092e+05	-1.202403e-01	2.452452e-01	0.000000e+00	-6.774185e+02	2.295866e+05
9.865100e-01	2.142962e+05	-1.205323e-01	2.455591e-01	0.000000e+00	-1.794079e+03	2.160903e+05
9.877000e-01	2.210355e+05	-1.208247e-01	2.458674e-01	0.000000e+00	-1.061202e+03	2.220967e+05
9.888900e-01	2.503901e+05	-1.211175e-01	2.462012e-01	0.000000e+00	0.000000e+00	2.503901e+05
9.900800e-01	2.234637e+05	-1.214107e-01	2.465368e-01	0.000000e+00	-1.115512e+03	2.245792e+05
9.912700e-01	2.151519e+05	-1.217042e-01	2.468474e-01	0.000000e+00	-9.226604e+02	2.160746e+05
9.924600e-01	2.338043e+05	-1.219982e-01	2.471653e-01	0.000000e+00	-1.654132e+03	2.354585e+05
9.936500e-01	2.350173e+05	-1.222925e-01	2.474973e-01	0.000000e+00	-1.713648e+03	2.367310e+05
9.948400e-01	2.310816e+05	-1.225872e-01	2.478274e-01	0.000000e+00	-4.764007e+02	2.315580e+05
9.960300e-01	2.239480e+05	-1.228823e-01	2.481497e-01	0.000000e+00	-2.780112e+02	2.242260e+05
9.972200e-01	2.134715e+05	-1.231778e-01	2.484594e-01	0.000000e+00	-9.606849e+02	2.144322e+05
9.984100e-01	2.062889e+05	-1.234736e-01	2.487567e-01	0.000000e+00	-4.419761e+02	2.067309e+05
9.996000e-01	2.209113e+05	-1.237698e-01	2.490592e-01	0.000000e+00	0.000000e+00	2.209113e+05
1.000790e+00	2.249061e+05	-1.240664e-01	2.493749e-01	0.000000e+00	0.000000e+00	2.249061e+05
1.001980e+00	2.304397e+05	-1.243633e-01	2.496974e-01	0.000000e+00	-7.279043e+01	2.305125e+05
1.003170e+00	2.321332e+05	-1.246607e-01	2.500250e-01	0.000000e+00	-1.494039e+03	2.336272e+05
1.004360e+00	2.497747e+05	-1.249584e-01	2.503662e-01	0.000000e+00	-7.376159e+02	2.505123e+05
1.005550e+00	2.249796e+05	-1.252566e-01	2.507024e-01	0.000000e+00	-1.021538e+03	2.260011e+05
1.006740e+00	2.108804e+05	-1.255551e-01	2.510111e-01	0.000000e+00	-1.716033e+03	2.125965e+05
1.007930e+00	2.370596e+05	-1.258540e-01	2.513283e-01	0.000000e+00	-7.262609e+02	2.377858e+05
1.009120e+00	2.152589e+05	-1.261532e-01	2.516486e-01	0.000000e+00	-9.544114e+02	2.162133e+05
1.010310e+00	2.391828e+05	-1.264529e-01	2.519704e-01	0.000000e+00	0.000000e+00	2.391828e+05
1.011500e+00	2.188667e+05	-1.267529e-01	2.522948e-01	0.000000e+00	-3.385943e+02	2.192053e+05
1.012690e+00	2.153982e+05	-1.270533e-01	2.526023e-01	0.000000e+00	-6.862179e+02	2.160844e+05
1.013880e+00	2.130380e+05	-1.273541e-01	2.529058e-01	0.000000e+00	-1.443711e+03	2.144817e+05
1.015070e+00	2.318616e+05	-1.276553e-01	2.532208e-01	0.000000e+00	-2.364674e+03	2.342263e+05
1.016260e+00	2.342749e+05	-1.279568e-01	2.535509e-01	0.000000e+00	-1.211075e+03	2.354860e+05
1.017450e+00	2.340511e+05	-1.282587e-01	2.538826e-01	0.000000e+00	-9.811948e+02	2.350323e+05
1.018640e+00	2.393720e+05	-1.285610e-01	2.542178e-01	0.000000e+00	-1.355106e+03	2.407271e+05
1.019830e+00	2.392458e+05	-1.288637e-01	2.545568e-01	0.000000e+00	-4.904969e+02	2.397363e+05
1.021020e+00	2.334870e+05	-1.291669e-01	2.548915e-01	0.000000e+00	-3.726277e+02	2.338596e+05
1.022210e+00	2.171627e+05	-1.294704e-01	2.552107e-01	0.000000e+00	-3.975482e+02	2.175602e+05
1.023400e+00	2.212472e+05	-1.297743e-01	2.555211e-01	0.000000e+00	-4.427879e+02	2.216900e+05
1.024590e+00	2.252246e+05	-1.300785e-01	2.558373e-01	0.000000e+00	-1.648615e+03	2.268732e+05
1.025780e+00	2.214430e+05	-1.303832e-01	2.561536e-01	0.000000e+00	-1.712729e+03	2.231557e+05
1.026970e+00	2.297918e+05	-1.306882e-01	2.564732e-01	0.000000e+00	-2.859071e+03	2.326508e+05
1.028160e+00	2.246746e+05	-1.309936e-01	2.567950e-01	0.000000e+00	-2.266109e+03	2.269407e+05
1.029350e+00	2.254228e+05	-1.312993e-01	2.571138e-01	0.000000e+00	-7.571732e+02	2.261800e+05
1.030540e+00	2.368980e+05	-1.316055e-01	2.574412e-01	0.000000e+00	0.000000e+00	2.368980e+05
1.031730e+00	2.306333e+05	-1.319121e-01	2.577723e-01	0.000000e+00	-3.279872e+02	2.309612e+05
1.032920e+00	2.196434e+05	-1.322190e-01	2.580911e-01	0.000000e+00	-9.469392e+02	2.205903e+05
1.034110e+00	2.159970e+05	-1.325263e-01	2.583996e-01	0.000000e+00	-1.008967e+03	2.170059e+05
1.035300e+00	2.170867e+05	-1.328340e-01	2.587063e-01	0.000000e+00	-1.050675e+03	2.181374e+05
1.036490e+00	2.070445e+05	-1.331420e-01	2.590067e-01	0.000000e+00	-2.279034e+03	2.093236e+05
1.037680e+00	2.149459e+05	-1.334504e-01	2.593055e-01	0.000000e+00	-5.981972e+02	2.155441e+05
1.038870e+00	2.111754e+05	-1.337592e-01	2.596073e-01	0.000000e+00	-5.108904e+02	2.116863e+05
1.040060e+00	2.118107e+05	-1.340683e-01	2.599068e-01	0.000000e+00	-1.490937e+03	2.133017e+05
1.041250e+00	2.234861e+05	-1.343778e-01	2.602151e-01	0.000000e+00	-8.970794e+02	2.243832e+05
1.042440e+00	2.415729e+05	-1.346876e-01	2.605444e-01	0.000000e+00	-1.649230e+03	2.432222e+05
1.043630e+00	2.357501e+05	-1.349979e-01	2.608824e-01	0.000000e+00	-1.004770e+03	2.367549e+05
1.044820e+00	2.241663e+05	-1.353085e-01	2.612081e-01	0.000000e+00	-1.231798e+03	2.253981e+05
1.046010e+00	2.150400e+05	-1.356195e-01	2.615192e-01	0.000000e+00	-1.350081e+03	2.163901e+05
1.047200e+00	2.309775e+05	-1.359309e-01	2.618350e-01	0.000000e+00	-1.418425e+03	2.323960e+05
1.048390e+00	1.988908e+05	-1.362427e-01	2.621394e-01	0.000000e+00	-3.233937e+02	1.992141e+05
1.049580e+00	2.024922e+05	-1.365548e-01	2.624237e-01	0.000000e+00	-7.183197e+02	2.032105e+05
1.050770e+00	2.041256e+05	-1.368673e-01	2.627116e-01	0.000000e+00	0.000000e+00	2.041256e+05
1.051960e+00	2.207682e+05	-1.371801e-01	2.630125e-01	0.000000e+00	0.000000e+00	2.207682e+05
1.053150e+00	2.146798e+05	-1.374932e-01	2.633209e-01	0.000000e+00	0.000000e+00	2.146798e+05
1.054340e+00	2.388354e+05	-1.378068e-01	2.636421e-01	0.000000e+00	-6.125919e+02	2.394480e+05
1.055530e+00	2.363169e+05	-1.381207e-01	2.639786e-01	0.000000e+00	-1.068080e+03	2.373850e+05
1.056720e+00	2.509472e+05	-1.384350e-01	2.643236e-01	0.000000e+00	-5.621908e+02	2.515094e+05
1.057910e+00	2.244682e+05	-1.387498e-01	2.646603e-01	0.000000e+00	-9.239067e+02	2.253921e+05
1.059100e+00	2.255398e+05	-1.390649e-01	2.649790e-01	0.000000e+00	-1.285908e+03	2.268257e+05
1.060290e+00	2.287426e+05	-1.393804e-01	2.653007e-01	0.000000e+00	-2.517970e+03	2.312606e+05
1.061480e+00	2.333451e+05	-1.396963e-01	2.656279e-01	0.000000e+00	-1.889585e+03	2.352347e+05
1.062670e+00	2.274794e+05	-1.400126e-01	2.659543e-01	0.000000e+00	-1.223801e+03	2.287032e+05
1.063860e+00	2.433414e+05	-1.403293e-01	2.662877e-01	0.000000e+00	-2.035751e+01	2.433618e+05
1.065050e+00	2.396167e+05	-1.406464e-01	2.666297e-01	0.000000e+00	-1.262288e+03	2.408790e+05
1.066240e+00	2.381652e+05	-1.409639e-01	2.669680e-01	0.000000e+00	-3.980272e+02	2.385632e+05
1.067430e+00	2.282315e+05	-1.412818e-01	2.672983e-01	0.000000e+00	-1.185908e+03	2.294174e+05
1.068620e+00	2.239969e+05	-1.416001e-01	2.676186e-01	0.000000e+00	-2.175436e+03	2.261723e+05
1.069810e+00	2.270900e+05	-1.419187e-01	2.679380e-01	0.000000e+00	0.000000e+00	2.270900e+05
1.071000e+00	2.193581e+05	-1.422378e-01	2.682542e-01	0.000000e+00	0.000000e+00	2.193581e+05
1.072190e+00	2.097728e+05	-1.425572e-01	2.685581e-01	0.000000e+00	-6.871582e+02	2.104599e+05
1.073380e+00	2.357834e+05	-1.428769e-01	2.688736e-01	0.000000e+00	-4.989126e+02	2.362823e+05
1.074570e+00	2.248120e+05	-1.431971e-01	2.691998e-01	0.000000e+00	-4.946014e+02	2.253066e+05
1.075760e+00	2.296598e+05	-1.435176e-01	2.695216e-01	0.000000e+00	-6.847001e+02	2.303445e+05
1.076950e+00	2.275875e+05	-1.438385e-01	2.698454e-01	0.000000e+00	-1.556361e+02	2.277431e+05
1.078140e+00	2.131219e+05	-1.441599e-01	2.701575e-01	0.000000e+00	-8.100974e+02	2.139320e+05
1.079330e+00	2.486482e+05	-1.444815e-01	2.704845e-01	0.000000e+00	-7.579588e+01	2.487240e+05
1.080520e+00	2.312541e+05	-1.448036e-01	2.708244e-01	0.000000e+00	-7.947790e+02	2.320489e+05
1.081710e+00	2.247450e+05	-1.451261e-01	2.711473e-01	0.000000e+00	-2.209295e+02	2.249659e+05
1.082900e+00	2.344807e+05	-1.454489e-01	2.714725e-01	0.000000e+00	-6.194066e+02	2.351001e+05
1.084090e+00	2.356781e+05	-1.457722e-01	2.718055e-01	0.000000e+00	-5.264458e+02	2.362045e+05
1.085280e+00	2.214724e+05	-1.460958e-01	2.721292e-01	0.000000e+00	-1.930132e+03	2.234025e+05
1.086470e+00	2.300812e+05	-1.464199e-01	2.724490e-01	0.000000e+00	-1.167781e+03	2.312490e+05
1.087660e+00	2.428686e+05	-1.467443e-01	2.727839e-01	0.000000e+00	-2.257994e+03	2.451265e+05
1.088850e+00	2.517409e+05	-1.470691e-01	2.731342e-01	0.000000e+00	0.000000e+00	2.517409e+05
1.090040e+00	2.292220e+05	-1.473943e-01	2.734748e-01	0.000000e+00	0.000000e+00	2.292220e+05
1.091230e+00	2.360033e+05	-1.477200e-01	2.738042e-01	0.000000e+00	-5.168569e+02	2.365202e+05
1.092420e+00	2.366351e+05	-1.480460e-01	2.741389e-01	0.000000e+00	-3.060752e+03	2.396958e+05
1.093610e+00	2.222053e+05	-1.483724e-01	2.744639e-01	0.000000e+00	-6.240720e+02	2.228294e+05
1.094800e+00	2.317698e+05	-1.486992e-01	2.747853e-01	0.000000e+00	0.000000e+00	2.317698e+05
1.095990e+00	2.447802e+05	-1.490264e-01	2.751228e-01	0.000000e+00	0.000000e+00	2.447802e+05
1.097180e+00	2.306352e+05	-1.493540e-01	2.754595e-01	0.000000e+00	0.000000e+00	2.306352e+05
1.098370e+00	2.442094e+05	-1.496820e-01	2.757958e-01	0.000000e+00	0.000000e+00	2.442094e+05
1.099560e+00	2.425046e+05	-1.500104e-01	2.761404e-01	0.000000e+00	0.000000e+00	2.425046e+05
1.100750e+00	2.439863e+05	-1.503392e-01	2.764849e-01	0.000000e+00	-7.040851e+02	2.446904e+05
1.101940e+00	2.528436e+05	-1.506684e-01	2.768368e-01	0.000000e+00	-9.123051e+02	2.537559e+05
1.103130e+00	2.426983e+05	-1.509981e-01	2.771877e-01	0.000000e+00	-4.326770e+02	2.431309e+05
1.104320e+00	2.253861e+05	-1.513281e-01	2.775192e-01	0.000000e+00	-6.856069e+02	2.260717e+05
1.105510e+00	2.193165e+05	-1.516586e-01	2.778341e-01	0.000000e+00	-1.115234e+03	2.204317e+05
1.106700e+00	2.328179e+05	-1.519894e-01	2.781543e-01	0.000000e+00	-1.192109e+03	2.340100e+05
1.107890e+00	2.226007e+05	-1.523206e-01	2.784768e-01	0.000000e+00	0.000000e+00	2.226007e+05
1.109080e+00	2.201745e+05	-1.526521e-01	2.787904e-01	0.000000e+00	0.000000e+00	2.201745e+05
1.110270e+00	2.112276e+05	-1.529841e-01	2.790959e-01	0.000000e+00	-4.372221e+02	2.116648e+05
1.111460e+00	2.172800e+05	-1.533164e-01	2.793993e-01	0.000000e+00	-4.031140e+02	2.176831e+05
1.112650e+00	2.381592e+05	-1.536491e-01	2.797219e-01	0.000000e+00	0.000000e+00	2.381592e+05
1.113840e+00	2.308663e+05	-1.539821e-01	2.800540e-01	0.000000e+00	-1.789723e+03	2.326560e+05
1.115030e+00	2.370760e+05	-1.543156e-01	2.803854e-01	0.000000e+00	-7.312853e+02	2.378072e+05
1.116220e+00	2.314600e+05	-1.546495e-01	2.807172e-01	0.000000e+00	0.000000e+00	2.314600e+05
1.117410e+00	2.367877e+05	-1.549837e-01	2.810488e-01	0.000000e+00	0.000000e+00	2.367877e+05
1.118600e+00	2.296806e+05	-1.553183e-01	2.813791e-01	0.000000e+00	-7.605282e+02	2.304411e+05
1.119790e+00	2.271044e+05	-1.556534e-01	2.817026e-01	0.000000e+00	-7.980790e+01	2.271842e+05
1.120980e+00	2.432842e+05	-1.559888e-01	2.820357e-01	0.000000e+00	-2.332515e+02	2.435175e+05
1.122170e+00	2.434121e+05	-1.563246e-01	2.823804e-01	0.000000e+00	-1.443932e+03	2.448560e+05
1.123360e+00	2.403563e+05	-1.566609e-01	2.827230e-01	0.000000e+00	-6.599306e+02	2.410162e+05
1.124550e+00	2.233938e+05	-1.569975e-01	2.830514e-01	0.000000e+00	-1.327686e+03	2.247215e+05
1.125740e+00	2.256995e+05	-1.573345e-01	2.833694e-01	0.000000e+00	-1.377216e+03	2.270767e+05
1.126930e+00	2.250628e+05	-1.576719e-01	2.836886e-01	0.000000e+00	0.000000e+00	2.250628e+05
1.128120e+00	2.496795e+05	-1.580097e-01	2.840248e-01	0.000000e+00	0.000000e+00	2.496795e+05
1.129310e+00	2.274191e+05	-1.583479e-01	2.843627e-01	0.000000e+00	0.000000e+00	2.274191e+05
1.130500e+00	2.271242e+05	-1.586865e-01	2.846846e-01	0.000000e+00	0.000000e+00	2.271242e+05
1.131690e+00	2.087720e+05	-1.590255e-01	2.849933e-01	0.000000e+00	-7.995693e+02	2.095716e+05
1.132880e+00	2.079671e+05	-1.593648e-01	2.852884e-01	0.000000e+00	-8.811029e+02	2.088482e+05
1.134070e+00	2.363821e+05	-1.597044e-01	2.856030e-01	0.000000e+00	0.000000e+00	2.363821e+05
1.135260e+00	2.349348e+05	-1.600445e-01	2.859368e-01	0.000000e+00	-8.870650e+01	2.350235e+05
1.136450e+00	2.189016e+05	-1.603850e-01	2.862582e-01	0.000000e+00	-1.884887e+03	2.207865e+05
1.137640e+00	2.226531e+05	-1.607258e-01	2.865709e-01	0.000000e+00	-7.978864e+02	2.234510e+05
1.138830e+00	2.356402e+05	-1.610670e-01	2.868954e-01	0.000000e+00	-1.417953e+03	2.370582e+05
1.140020e+00	2.293137e+05	-1.614086e-01	2.872247e-01	0.000000e+00	-2.287708e+01	2.293366e+05
1.141210e+00	2.239625e+05	-1.617506e-01	2.875457e-01	0.000000e+00	-1.366707e+03	2.253292e+05
1.142400e+00	2.372365e+05	-1.620930e-01	2.878723e-01	0.000000e+00	-1.143672e+03	2.383801e+05
1.143590e+00	2.178382e+05	-1.624357e-01	2.881946e-01	0.000000e+00	0.000000e+00	2.178382e+05
1.144780e+00	2.254194e+05	-1.627789e-01	2.885085e-01	0.000000e+00	0.000000e+00	2.254194e+05
1.145970e+00	2.345038e+05	-1.631224e-01	2.888342e-01	0.000000e+00	0.000000e+00	2.345038e+05
1.147160e+00	2.060420e+05	-1.634663e-01	2.891462e-01	0.000000e+00	-3.837571e+02	2.064257e+05
1.148350e+00	2.159186e+05	-1.638106e-01	2.894450e-01	0.000000e+00	-4.565791e+02	2.163751e+05
1.149540e+00	2.124656e+05	-1.641552e-01	2.897483e-01	0.000000e+00	0.000000e+00	2.124656e+05
1.150730e+00	2.133623e+05	-1.645002e-01	2.900499e-01	0.000000e+00	-7.759063e+02	2.141382e+05
1.151920e+00	2.084652e+05	-1.648455e-01	2.903486e-01	0.000000e+00	-1.573569e+03	2.100387e+05
1.153110e+00	2.079099e+05	-1.651912e-01	2.906435e-01	0.000000e+00	-2.153354e+03	2.100633e+05
1.154300e+00	2.114405e+05	-1.655372e-01	2.909404e-01	0.000000e+00	-5.391873e+02	2.119797e+05
1.155490e+00	2.270187e+05	-1.658836e-01	2.912510e-01	0.000000e+00	0.000000e+00	2.270187e+05
1.156680e+00	2.291796e+05	-1.662304e-01	2.915740e-01	0.000000e+00	0.000000e+00	2.291796e+05
1.157870e+00	2.465653e+05	-1.665776e-01	2.919109e-01	0.000000e+00	-7.976469e+02	2.473630e+05
1.159060e+00	2.423348e+05	-1.669252e-01	2.922571e-01	0.000000e+00	-3.159268e+02	2.426508e+05
1.160250e+00	2.280344e+05	-1.672731e-01	2.925902e-01	0.000000e+00	-1.407435e+03	2.294419e+05
1.161440e+00	2.390032e+05	-1.676215e-01	2.929210e-01	0.000000e+00	0.000000e+00	2.390032e+05
1.162630e+00	2.449944e+05	-1.679703e-01	2.932637e-01	0.000000e+00	0.000000e+00	2.449944e+05
1.163820e+00	2.531457e+05	-1.683195e-01	2.936165e-01	0.000000e+00	0.000000e+00	2.531457e+05
1.165010e+00	2.356116e+05	-1.686691e-01	2.939626e-01	0.000000e+00	0.000000e+00	2.356116e+05
1.166200e+00	2.279057e+05	-1.690191e-01	2.942909e-01	0.000000e+00	-9.369658e+02	2.288426e+05
1.167390e+00	2.315652e+05	-1.693695e-01	2.946162e-01	0.000000e+00	-7.437065e+02	2.323089e+05
1.168580e+00	2.246224e+05	-1.697203e-01	2.949393e-01	0.000000e+00	-6.636809e+02	2.252861e+05
1.169770e+00	2.318121e+05	-1.700715e-01	2.952625e-01	0.000000e+00	-8.011361e+02	2.326133e+05
1.170960e+00	2.418922e+05	-1.704230e-01	2.955980e-01	0.000000e+00	-2.158553e+02	2.421080e+05
1.172150e+00	2.222526e+05	-1.707750e-01	2.959267e-01	0.000000e+00	0.000000e+00	2.222526e+05
1.173340e+00	2.041317e+05	-1.711273e-01	2.962286e-01	0.000000e+00	-3.664488e+02	2.044981e+05
1.174530e+00	2.322279e+05	-1.714800e-01	2.965376e-01	0.000000e+00	-4.738873e+02	2.327018e+05
1.175720e+00	2.237450e+05	-1.718331e-01	2.968606e-01	0.000000e+00	-2.320872e+02	2.239771e+05
1.176910e+00	2.164851e+05	-1.721866e-01	2.971723e-01	0.000000e+00	-6.082489e+02	2.170933e+05
1.178100e+00	2.291078e+05	-1.725404e-01	2.974879e-01	0.000000e+00	-3.246338e+02	2.294325e+05
1.179290e+00	2.305335e+05	-1.728946e-01	2.978134e-01	0.000000e+00	-6.323214e+02	2.311658e+05
1.180480e+00	2.298170e+05	-1.732492e-01	2.981394e-01	0.000000e+00	-1.456286e+03	2.312733e+05
1.181670e+00	2.303882e+05	-1.736041e-01	2.984653e-01	0.000000e+00	-1.077676e+02	2.304960e+05
1.182860e+00	2.280763e+05	-1.739595e-01	2.987899e-01	0.000000e+00	0.000000e+00	2.280763e+05
1.184050e+00	2.287452e+05	-1.743153e-01	2.991134e-01	0.000000e+00	-6.331483e+02	2.293783e+05
1.185240e+00	2.445699e+05	-1.746714e-01	2.994486e-01	0.000000e+00	-2.071878e+02	2.447771e+05
1.186430e+00	2.338736e+05	-1.750280e-01	2.997874e-01	0.000000e+00	0.000000e+00	2.338736e+05
1.187620e+00	2.399841e+05	-1.753849e-01	3.001230e-01	0.000000e+00	0.000000e+00	2.399841e+05
1.188810e+00	2.420181e+05	-1.757422e-01	3.004643e-01	0.000000e+00	0.000000e+00	2.420181e+05
1.190000e+00	1.101709e+05	-1.761000e-01	3.007138e-01	0.000000e+00	0.000000e+00	1.101709e+05
