#x	rho	phi	ex	bz	rhok[0]	rhok[1]
0.000000e+00	-1.696733e+03	0.000000e+00	3.267472e-02	0.000000e+00	-1.696733e+03	0.000000e+00
1.190000e-03	-3.597727e+03	-3.888148e-05	3.267097e-02	0.000000e+00	-5.789204e+03	2.191476e+03
2.380000e-03	-8.433476e+02	-7.775690e-05	3.266782e-02	0.000000e+00	-6.746202e+03	5.902855e+03
3.570000e-03	1.721368e+03	-1.166309e-04	3.266844e-02	0.000000e+00	-5.143901e+03	6.865269e+03
4.760000e-03	9.130878e+03	-1.555078e-04	3.267613e-02	0.000000e+00	-4.638838e+03	1.376972e+04
5.950000e-03	1.110271e+04	-1.944001e-04	3.269046e-02	0.000000e+00	-6.401892e+03	1.750460e+04
7.140000e-03	1.724261e+04	-2.333111e-04	3.271053e-02	0.000000e+00	-5.201140e+03	2.244374e+04
8.330000e-03	1.290499e+04	-2.722512e-04	3.273188e-02	0.000000e+00	-2.761861e+03	1.566685e+04
9.520000e-03	1.229641e+04	-3.112130e-04	3.274973e-02	0.000000e+00	-5.852078e+03	1.814849e+04
1.071000e-02	1.414928e+04	-3.501955e-04	3.276846e-02	0.000000e+00	-7.843975e+03	2.199325e+04
1.190000e-02	1.125500e+04	-3.892019e-04	3.278645e-02	0.000000e+00	-1.038544e+04	2.164045e+04
1.309000e-02	1.826510e+04	-4.282273e-04	3.280735e-02	0.000000e+00	-6.077675e+03	2.434278e+04
1.428000e-02	1.905283e+04	-4.672834e-04	3.283378e-02	0.000000e+00	-6.040970e+03	2.509380e+04
1.547000e-02	1.946355e+04	-5.063716e-04	3.286105e-02	0.000000e+00	-5.337297e+03	2.480085e+04
1.666000e-02	3.054954e+04	-5.454927e-04	3.289647e-02	0.000000e+00	-4.114115e+03	3.466365e+04
1.785000e-02	3.478757e+04	-5.846652e-04	3.294274e-02	0.000000e+00	-2.957304e+03	3.774487e+04
1.904000e-02	2.721565e+04	-6.238964e-04	3.298665e-02	0.000000e+00	-8.733677e+03	3.594933e+04
2.023000e-02	3.061115e+04	-6.631735e-04	3.302760e-02	0.000000e+00	-6.800100e+03	3.741125e+04
2.142000e-02	3.675062e+04	-7.025021e-04	3.307530e-02	0.000000e+00	-3.984472e+03	4.073509e+04
2.261000e-02	3.658292e+04	-7.418927e-04	3.312724e-02	0.000000e+00	-6.857854e+03	4.344078e+04
2.380000e-02	4.208186e+04	-7.813449e-04	3.318294e-02	0.000000e+00	-6.256843e+03	4.833870e+04
2.499000e-02	3.901126e+04	-8.208681e-04	3.324037e-02	0.000000e+00	-3.262614e+03	4.227388e+04
2.618000e-02	4.086154e+04	-8.604570e-04	3.329693e-02	0.000000e+00	-6.434304e+03	4.729584e+04
2.737000e-02	3.998645e+04	-9.001148e-04	3.335419e-02	0.000000e+00	-3.713811e+03	4.370026e+04
2.856000e-02	4.540367e+04	-9.398400e-04	3.341466e-02	0.000000e+00	-4.082618e+03	4.948629e+04
2.975000e-02	4.534040e+04	-9.796417e-04	3.347892e-02	0.000000e+00	-4.155643e+03	4.949604e+04
3.094000e-02	4.296157e+04	-1.019520e-03	3.354145e-02	0.000000e+00	-7.887730e+03	5.084930e+04
3.213000e-02	4.464197e+04	-1.059470e-03	3.360349e-02	0.000000e+00	-5.733522e+03	5.037550e+04
3.332000e-02	5.503231e+04	-1.099496e-03	3.367408e-02	0.000000e+00	-5.886056e+03	6.091836e+04
3.451000e-02	5.298170e+04	-1.139615e-03	3.375057e-02	0.000000e+00	-8.122998e+03	6.110470e+04
3.570000e-02	5.028114e+04	-1.179822e-03	3.382369e-02	0.000000e+00	-4.385274e+03	5.466641e+04
3.689000e-02	5.301514e+04	-1.220115e-03	3.389685e-02	0.000000e+00	-3.608907e+03	5.662404e+04
3.808000e-02	4.578248e+04	-1.260497e-03	3.396681e-02	0.000000e+00	-4.495148e+03	5.027763e+04
3.927000e-02	5.175697e+04	-1.300956e-03	3.403588e-02	0.000000e+00	-6.286961e+03	5.804393e+04
4.046000e-02	4.946504e+04	-1.341502e-03	3.410757e-02	0.000000e+00	-7.016618e+03	5.648166e+04
4.165000e-02	5.732350e+04	-1.382132e-03	3.418319e-02	0.000000e+00	-5.313442e+03	6.263694e+04
4.284000e-02	6.152355e+04	-1.422858e-03	3.426735e-02	0.000000e+00	-4.474616e+03	6.599817e+04
4.403000e-02	5.656533e+04	-1.463688e-03	3.435098e-02	0.000000e+00	-4.735795e+03	6.130113e+04
4.522000e-02	7.304405e+04	-1.504614e-03	3.444276e-02	0.000000e+00	-3.087185e+03	7.613124e+04
4.641000e-02	6.210501e+04	-1.545662e-03	3.453847e-02	0.000000e+00	-5.533334e+03	6.763835e+04
4.760000e-02	6.745460e+04	-1.586815e-03	3.463022e-02	0.000000e+00	-6.026181e+03	7.348078e+04
4.879000e-02	6.616227e+04	-1.628082e-03	3.472484e-02	0.000000e+00	-6.431087e+03	7.259335e+04
4.998000e-02	7.098391e+04	-1.669460e-03	3.482197e-02	0.000000e+00	-7.419148e+03	7.840306e+04
5.117000e-02	7.008252e+04	-1.710958e-03	3.492187e-02	0.000000e+00	-5.998423e+03	7.608094e+04
5.236000e-02	6.877554e+04	-1.752574e-03	3.502020e-02	0.000000e+00	-4.279609e+03	7.305515e+04
5.355000e-02	6.784701e+04	-1.794306e-03	3.511695e-02	0.000000e+00	-7.236524e+03	7.508354e+04
5.474000e-02	6.844801e+04	-1.836153e-03	3.521347e-02	0.000000e+00	-5.869502e+03	7.431751e+04
5.593000e-02	6.573206e+04	-1.878114e-03	3.530849e-02	0.000000e+00	-5.761975e+03	7.149404e+04
5.712000e-02	7.548479e+04	-1.920187e-03	3.540850e-02	0.000000e+00	-1.964733e+03	7.744952e+04
5.831000e-02	6.109660e+04	-1.962387e-03	3.550522e-02	0.000000e+00	-4.907096e+03	6.600370e+04
5.950000e-02	7.009592e+04	-2.004689e-03	3.559812e-02	0.000000e+00	-4.849108e+03	7.494503e+04
6.069000e-02	6.119093e+04	-2.047110e-03	3.569110e-02	0.000000e+00	-4.365637e+03	6.555657e+04
6.188000e-02	8.341466e+04	-2.089634e-03	3.579350e-02	0.000000e+00	-2.485088e+03	8.589975e+04
6.307000e-02	7.002605e+04	-2.132299e-03	3.590216e-02	0.000000e+00	-4.160791e+03	7.418684e+04
6.426000e-02	6.561827e+04	-2.175081e-03	3.599822e-02	0.000000e+00	-4.503155e+03	7.012142e+04
6.545000e-02	6.689221e+04	-2.217975e-03	3.609206e-02	0.000000e+00	-7.237153e+03	7.412936e+04
6.664000e-02	8.301530e+04	-2.260980e-03	3.619822e-02	0.000000e+00	-5.503677e+03	8.851898e+04
6.783000e-02	7.371393e+04	-2.304126e-03	3.630921e-02	0.000000e+00	-6.163429e+03	7.987736e+04
6.902000e-02	8.035863e+04	-2.347396e-03	3.641832e-02	0.000000e+00	-8.608022e+03	8.896665e+04
7.021000e-02	7.812605e+04	-2.390802e-03	3.653055e-02	0.000000e+00	-8.924159e+03	8.705021e+04
7.140000e-02	8.518521e+04	-2.434339e-03	3.664620e-02	0.000000e+00	-5.615777e+03	9.080099e+04
7.259000e-02	8.949149e+04	-2.478020e-03	3.676990e-02	0.000000e+00	-4.741619e+03	9.423310e+04
7.378000e-02	8.573619e+04	-2.521851e-03	3.689399e-02	0.000000e+00	-4.671723e+03	9.040791e+04
7.497000e-02	8.807836e+04	-2.565828e-03	3.701708e-02	0.000000e+00	-3.793567e+03	9.187193e+04
7.616000e-02	9.380760e+04	-2.609952e-03	3.714589e-02	0.000000e+00	-6.034680e+03	9.984228e+04
7.735000e-02	9.684812e+04	-2.654235e-03	3.728090e-02	0.000000e+00	-8.411615e+03	1.052597e+05
7.854000e-02	9.653793e+04	-2.698681e-03	3.741785e-02	0.000000e+00	-5.387700e+03	1.019256e+05
7.973000e-02	8.262157e+04	-2.743289e-03	3.754473e-02	0.000000e+00	-5.715166e+03	8.833674e+04
8.092000e-02	8.598448e+04	-2.788037e-03	3.766413e-02	0.000000e+00	-7.607502e+03	9.359198e+04
8.211000e-02	9.315016e+04	-2.832930e-03	3.779099e-02	0.000000e+00	-1.702519e+03	9.485268e+04
8.330000e-02	9.117791e+04	-2.877980e-03	3.792152e-02	0.000000e+00	-6.271603e+03	9.744951e+04
8.449000e-02	9.706753e+04	-2.923183e-03	3.805483e-02	0.000000e+00	-4.699504e+03	1.017670e+05
8.568000e-02	8.465770e+04	-2.968550e-03	3.818352e-02	0.000000e+00	-4.279021e+03	8.893672e+04
8.687000e-02	8.006124e+04	-3.014060e-03	3.830017e-02	0.000000e+00	-3.691431e+03	8.375267e+04
8.806000e-02	8.684191e+04	-3.059705e-03	3.841836e-02	0.000000e+00	-5.417512e+03	9.225943e+04
8.925000e-02	9.203898e+04	-3.105496e-03	3.854504e-02	0.000000e+00	-6.725498e+03	9.876448e+04
9.044000e-02	9.213925e+04	-3.151442e-03	3.867547e-02	0.000000e+00	-4.082324e+03	9.622157e+04
9.163000e-02	9.810616e+04	-3.197543e-03	3.881019e-02	0.000000e+00	-5.161808e+03	1.032680e+05
9.282000e-02	1.123540e+05	-3.243810e-03	3.895923e-02	0.000000e+00	-6.621047e+03	1.189750e+05
9.401000e-02	1.019428e+05	-3.290266e-03	3.911099e-02	0.000000e+00	-7.662492e+03	1.096053e+05
9.520000e-02	1.003353e+05	-3.336894e-03	3.925424e-02	0.000000e+00	-5.333815e+03	1.056691e+05
9.639000e-02	9.403722e+04	-3.383691e-03	3.939189e-02	0.000000e+00	-9.124158e+03	1.031614e+05
9.758000e-02	9.886776e+04	-3.430647e-03	3.952849e-02	0.000000e+00	-5.689882e+03	1.045576e+05
9.877000e-02	9.706054e+04	-3.477769e-03	3.966724e-02	0.000000e+00	-6.153345e+03	1.032139e+05
9.996000e-02	9.468294e+04	-3.525055e-03	3.980303e-02	0.000000e+00	-5.052953e+03	9.973589e+04
1.011500e-01	9.005695e+04	-3.572500e-03	3.993386e-02	0.000000e+00	-5.758259e+03	9.581521e+04
1.023400e-01	1.036675e+05	-3.620098e-03	4.007104e-02	0.000000e+00	-4.895268e+03	1.085628e+05
1.035300e-01	1.017399e+05	-3.667869e-03	4.021651e-02	0.000000e+00	-8.403367e+03	1.101433e+05
1.047200e-01	1.049032e+05	-3.715813e-03	4.036284e-02	0.000000e+00	-4.441244e+03	1.093445e+05
1.059100e-01	1.031326e+05	-3.763933e-03	4.051017e-02	0.000000e+00	-3.404791e+03	1.065374e+05
1.071000e-01	1.139369e+05	-3.812227e-03	4.066389e-02	0.000000e+00	-4.113902e+03	1.180508e+05
1.082900e-01	1.207124e+05	-3.860713e-03	4.083006e-02	0.000000e+00	-3.289176e+03	1.240016e+05
1.094800e-01	1.088676e+05	-3.909403e-03	4.099264e-02	0.000000e+00	-2.670978e+03	1.115385e+05
1.106700e-01	1.084807e+05	-3.958276e-03	4.114656e-02	0.000000e+00	-4.495073e+03	1.129758e+05
1.118600e-01	1.229688e+05	-4.007331e-03	4.131046e-02	0.000000e+00	-5.445935e+03	1.284148e+05
1.130500e-01	1.143201e+05	-4.056594e-03	4.147850e-02	0.000000e+00	-5.603529e+03	1.199237e+05
1.142400e-01	1.124423e+05	-4.106050e-03	4.163909e-02	0.000000e+00	-6.557070e+03	1.189994e+05
1.154300e-01	1.024609e+05	-4.155695e-03	4.179127e-02	0.000000e+00	-7.505973e+03	1.099669e+05
1.166200e-01	1.042458e+05	-4.205513e-03	4.193766e-02	0.000000e+00	-3.959920e+03	1.082057e+05
1.178100e-01	1.187831e+05	-4.255507e-03	4.209560e-02	0.000000e+00	-3.834639e+03	1.226177e+05
1.190000e-01	1.185367e+05	-4.305701e-03	4.226366e-02	0.000000e+00	-5.241219e+03	1.237779e+05
1.201900e-01	1.204092e+05	-4.356095e-03	4.243287e-02	0.000000e+00	-3.714068e+03	1.241232e+05
1.213800e-01	1.272416e+05	-4.406691e-03	4.260825e-02	0.000000e+00	-3.077600e+03	1.303192e+05
1.225700e-01	1.190545e+05	-4.457502e-03	4.278267e-02	0.000000e+00	-3.955896e+03	1.230104e+05
1.237600e-01	1.167921e+05	-4.508514e-03	4.294969e-02	0.000000e+00	-5.331121e+03	1.221232e+05
1.249500e-01	1.024599e+05	-4.559722e-03	4.310495e-02	0.000000e+00	-1.322131e+03	1.037820e+05
1.261400e-01	1.021009e+05	-4.611104e-03	4.324982e-02	0.000000e+00	-3.359313e+03	1.054602e+05
1.273300e-01	1.098220e+05	-4.662657e-03	4.339989e-02	0.000000e+00	-3.445515e+03	1.132675e+05
1.285200e-01	1.034265e+05	-4.714395e-03	4.355091e-02	0.000000e+00	-6.698758e+03	1.101253e+05
1.297100e-01	1.044379e+05	-4.766308e-03	4.369811e-02	0.000000e+00	-3.525264e+03	1.079632e+05
1.309000e-01	1.363903e+05	-4.818397e-03	4.386866e-02	0.000000e+00	-5.327521e+03	1.417178e+05
1.320900e-01	1.339703e+05	-4.870716e-03	4.406011e-02	0.000000e+00	-7.066927e+03	1.410372e+05
1.332800e-01	1.138223e+05	-4.923260e-03	4.423559e-02	0.000000e+00	-4.641146e+03	1.184634e+05
1.344700e-01	1.174879e+05	-4.975996e-03	4.439940e-02	0.000000e+00	-5.979300e+03	1.234672e+05
1.356600e-01	1.257627e+05	-5.028931e-03	4.457166e-02	0.000000e+00	-5.670317e+03	1.314330e+05
1.368500e-01	1.349054e+05	-5.082077e-03	4.475626e-02	0.000000e+00	-5.057754e+03	1.399631e+05
1.380400e-01	1.247431e+05	-5.135450e-03	4.494013e-02	0.000000e+00	-4.766683e+03	1.295098e+05
1.392300e-01	1.133678e+05	-5.189034e-03	4.510875e-02	0.000000e+00	-6.113758e+03	1.194815e+05
1.404200e-01	1.184327e+05	-5.242809e-03	4.527290e-02	0.000000e+00	-5.157145e+03	1.235898e+05
1.416100e-01	1.218934e+05	-5.296784e-03	4.544309e-02	0.000000e+00	-6.129545e+03	1.280230e+05
1.428000e-01	1.279125e+05	-5.350964e-03	4.562000e-02	0.000000e+00	-2.460043e+03	1.303725e+05
1.439900e-01	1.329800e+05	-5.405359e-03	4.580475e-02	0.000000e+00	-5.480285e+03	1.384602e+05
1.451800e-01	1.279195e+05	-5.459979e-03	4.598951e-02	0.000000e+00	-4.989056e+03	1.329085e+05
1.463700e-01	1.200272e+05	-5.514815e-03	4.616510e-02	0.000000e+00	-5.828681e+03	1.258559e+05
1.475600e-01	1.187267e+05	-5.569852e-03	4.633418e-02	0.000000e+00	-5.137188e+03	1.238639e+05
1.487500e-01	1.291500e+05	-5.625090e-03	4.650971e-02	0.000000e+00	-2.977400e+03	1.321274e+05
1.499400e-01	1.228319e+05	-5.680545e-03	4.668816e-02	0.000000e+00	-4.895762e+03	1.277277e+05
1.511300e-01	1.302185e+05	-5.736208e-03	4.686736e-02	0.000000e+00	-4.162217e+03	1.343807e+05
1.523200e-01	1.280590e+05	-5.792090e-03	4.705026e-02	0.000000e+00	-3.924062e+03	1.319831e+05
1.535100e-01	1.245081e+05	-5.848187e-03	4.722912e-02	0.000000e+00	-1.050106e+04	1.350091e+05
1.547000e-01	1.246587e+05	-5.904495e-03	4.740557e-02	0.000000e+00	-8.228377e+03	1.328871e+05
1.558900e-01	1.280453e+05	-5.961013e-03	4.758453e-02	0.000000e+00	-6.322412e+03	1.343677e+05
1.570800e-01	1.331566e+05	-6.017746e-03	4.776950e-02	0.000000e+00	-6.816136e+03	1.399728e+05
1.582700e-01	1.241474e+05	-6.074704e-03	4.795172e-02	0.000000e+00	-5.000229e+03	1.291476e+05
1.594600e-01	1.352495e+05	-6.131871e-03	4.813541e-02	0.000000e+00	-3.275785e+03	1.385253e+05
1.606500e-01	1.255441e+05	-6.189266e-03	4.832010e-02	0.000000e+00	-5.498708e+03	1.310428e+05
1.618400e-01	1.380279e+05	-6.246873e-03	4.850675e-02	0.000000e+00	-5.988493e+03	1.440164e+05
1.630300e-01	1.324780e+05	-6.304712e-03	4.869831e-02	0.000000e+00	-4.305136e+03	1.367831e+05
1.642200e-01	1.312009e+05	-6.362775e-03	4.888504e-02	0.000000e+00	-5.015479e+03	1.362164e+05
1.654100e-01	1.356561e+05	-6.421059e-03	4.907402e-02	0.000000e+00	-9.307664e+03	1.449638e+05
1.666000e-01	1.317243e+05	-6.479571e-03	4.926337e-02	0.000000e+00	-5.488464e+03	1.372127e+05
1.677900e-01	1.403227e+05	-6.538306e-03	4.945602e-02	0.000000e+00	-4.545120e+03	1.448679e+05
1.689800e-01	1.336444e+05	-6.597276e-03	4.965004e-02	0.000000e+00	-5.055884e+03	1.387003e+05
1.701700e-01	1.190041e+05	-6.656473e-03	4.982895e-02	0.000000e+00	-4.903547e+03	1.239077e+05
1.713600e-01	1.349400e+05	-6.715869e-03	5.000879e-02	0.000000e+00	-2.817134e+03	1.377571e+05
1.725500e-01	1.378856e+05	-6.775494e-03	5.020199e-02	0.000000e+00	-6.588285e+03	1.444739e+05
1.737400e-01	1.294128e+05	-6.835350e-03	5.039129e-02	0.000000e+00	-4.153385e+03	1.335662e+05
1.749300e-01	1.546907e+05	-6.895425e-03	5.059248e-02	0.000000e+00	-3.014840e+03	1.577055e+05
1.761200e-01	1.442244e+05	-6.955760e-03	5.080416e-02	0.000000e+00	-2.383444e+03	1.466078e+05
1.773100e-01	1.471341e+05	-7.016339e-03	5.101049e-02	0.000000e+00	-2.068604e+03	1.492027e+05
1.785000e-01	1.449950e+05	-7.077165e-03	5.121736e-02	0.000000e+00	-3.493467e+03	1.484885e+05
1.796900e-01	1.361456e+05	-7.138236e-03	5.141646e-02	0.000000e+00	-4.281029e+03	1.404266e+05
1.808800e-01	1.349130e+05	-7.199536e-03	5.160841e-02	0.000000e+00	-3.426000e+03	1.383390e+05
1.820700e-01	1.357864e+05	-7.261064e-03	5.180011e-02	0.000000e+00	-4.265821e+03	1.400523e+05
1.832600e-01	1.486733e+05	-7.322821e-03	5.200156e-02	0.000000e+00	-4.000051e+03	1.526734e+05
1.844500e-01	1.409779e+05	-7.384828e-03	5.220668e-02	0.000000e+00	-5.889019e+03	1.468669e+05
1.856400e-01	1.392956e+05	-7.447073e-03	5.240516e-02	0.000000e+00	-4.446361e+03	1.437420e+05
1.868300e-01	1.350733e+05	-7.509552e-03	5.259946e-02	0.000000e+00	-4.390427e+03	1.394637e+05
1.880200e-01	1.497751e+05	-7.572259e-03	5.280117e-02	0.000000e+00	-4.663665e+03	1.544387e+05
1.892100e-01	1.451871e+05	-7.635219e-03	5.301006e-02	0.000000e+00	-4.427836e+03	1.496149e+05
1.904000e-01	1.389702e+05	-7.698423e-03	5.321129e-02	0.000000e+00	-6.607174e+03	1.455774e+05
1.915900e-01	1.301300e+05	-7.761862e-03	5.340185e-02	0.000000e+00	-7.994373e+03	1.381243e+05
1.927800e-01	1.458042e+05	-7.825520e-03	5.359726e-02	0.000000e+00	-4.520919e+03	1.503251e+05
1.939700e-01	1.595151e+05	-7.889423e-03	5.381348e-02	0.000000e+00	-4.455150e+03	1.639703e+05
1.951600e-01	1.445115e+05	-7.953596e-03	5.402878e-02	0.000000e+00	-4.216503e+03	1.487280e+05
1.963500e-01	1.272369e+05	-8.018012e-03	5.422122e-02	0.000000e+00	-2.937500e+03	1.301744e+05
1.975400e-01	1.403969e+05	-8.082642e-03	5.441075e-02	0.000000e+00	-2.444796e+03	1.428417e+05
1.987300e-01	1.511734e+05	-8.147509e-03	5.461723e-02	0.000000e+00	-1.608149e+03	1.527815e+05
1.999200e-01	1.616023e+05	-8.212631e-03	5.483873e-02	0.000000e+00	-2.919461e+03	1.645217e+05
2.011100e-01	1.449984e+05	-8.278025e-03	5.505585e-02	0.000000e+00	-3.050563e+03	1.480490e+05
2.023000e-01	1.556661e+05	-8.343664e-03	5.526877e-02	0.000000e+00	-5.025925e+03	1.606921e+05
2.034900e-01	1.740466e+05	-8.409565e-03	5.550226e-02	0.000000e+00	-5.954323e+03	1.800009e+05
2.046800e-01	1.794951e+05	-8.475759e-03	5.575263e-02	0.000000e+00	-3.311054e+03	1.828062e+05
2.058700e-01	1.422315e+05	-8.542256e-03	5.598046e-02	0.000000e+00	-2.503042e+03	1.447345e+05
2.070600e-01	1.573796e+05	-8.608993e-03	5.619264e-02	0.000000e+00	-3.503511e+03	1.608831e+05
2.082500e-01	1.560933e+05	-8.675995e-03	5.641463e-02	0.000000e+00	-4.888341e+03	1.609816e+05
2.094400e-01	1.605157e+05	-8.743260e-03	5.663884e-02	0.000000e+00	-4.372636e+03	1.648883e+05
2.106300e-01	1.581228e+05	-8.810795e-03	5.686449e-02	0.000000e+00	-3.558364e+03	1.616812e+05
2.118200e-01	1.514700e+05	-8.878597e-03	5.708373e-02	0.000000e+00	-3.022560e+03	1.544926e+05
2.130100e-01	1.587125e+05	-8.946655e-03	5.730339e-02	0.000000e+00	-3.635120e+03	1.623476e+05
2.142000e-01	1.483692e+05	-9.014979e-03	5.752085e-02	0.000000e+00	-3.804064e+03	1.521733e+05
2.153900e-01	1.458364e+05	-9.083554e-03	5.772920e-02	0.000000e+00	-6.905537e+03	1.527419e+05
2.165800e-01	1.572234e+05	-9.152375e-03	5.794382e-02	0.000000e+00	-5.691406e+03	1.629148e+05
2.177700e-01	1.543702e+05	-9.221460e-03	5.816448e-02	0.000000e+00	-6.524559e+03	1.608947e+05
2.189600e-01	1.617827e+05	-9.290806e-03	5.838836e-02	0.000000e+00	-3.848013e+03	1.656307e+05
2.201500e-01	1.441043e+05	-9.360425e-03	5.860498e-02	0.000000e+00	-3.172405e+03	1.472767e+05
2.213400e-01	1.448722e+05	-9.430286e-03	5.880963e-02	0.000000e+00	-5.416057e+03	1.502883e+05
2.225300e-01	1.640495e+05	-9.500392e-03	5.902839e-02	0.000000e+00	-2.183459e+03	1.662330e+05
2.237200e-01	1.560170e+05	-9.570774e-03	5.925505e-02	0.000000e+00	-3.533718e+03	1.595507e+05
2.249100e-01	1.685347e+05	-9.641419e-03	5.948489e-02	0.000000e+00	-3.666699e+03	1.722014e+05
2.261000e-01	1.731215e+05	-9.712348e-03	5.972684e-02	0.000000e+00	-4.820895e+03	1.779424e+05
2.272900e-01	1.721674e+05	-9.783569e-03	5.997136e-02	0.000000e+00	-4.618680e+03	1.767861e+05
2.284800e-01	1.592081e+05	-9.855080e-03	6.020603e-02	0.000000e+00	-5.302413e+03	1.645105e+05
2.296700e-01	1.442598e+05	-9.926859e-03	6.042093e-02	0.000000e+00	-4.238805e+03	1.484986e+05
2.308600e-01	1.550376e+05	-9.998881e-03	6.063288e-02	0.000000e+00	-8.743062e+03	1.637807e+05
2.320500e-01	1.571959e+05	-1.007117e-02	6.085400e-02	0.000000e+00	-6.853263e+03	1.640491e+05
2.332400e-01	1.538050e+05	-1.014371e-02	6.107424e-02	0.000000e+00	-7.001833e+03	1.608069e+05
2.344300e-01	1.471800e+05	-1.021652e-02	6.128738e-02	0.000000e+00	-3.080156e+03	1.502602e+05
2.356200e-01	1.551889e+05	-1.028958e-02	6.150151e-02	0.000000e+00	-6.049732e+03	1.612386e+05
2.368100e-01	1.696685e+05	-1.036290e-02	6.173156e-02	0.000000e+00	-4.558037e+03	1.742265e+05
2.380000e-01	1.641808e+05	-1.043650e-02	6.196798e-02	0.000000e+00	-3.293481e+03	1.674742e+05
2.391900e-01	1.697847e+05	-1.051038e-02	6.220449e-02	0.000000e+00	-3.553649e+03	1.733384e+05
2.403800e-01	1.691916e+05	-1.058455e-02	6.244454e-02	0.000000e+00	-1.764128e+03	1.709557e+05
2.415700e-01	1.462393e+05	-1.065900e-02	6.266791e-02	0.000000e+00	-5.388458e+03	1.516278e+05
2.427600e-01	1.632279e+05	-1.073370e-02	6.288707e-02	0.000000e+00	-3.212375e+03	1.664402e+05
2.439500e-01	1.425260e+05	-1.080867e-02	6.310359e-02	0.000000e+00	-4.475443e+03	1.470015e+05
2.451400e-01	1.578119e+05	-1.088388e-02	6.331628e-02	0.000000e+00	-3.875531e+03	1.616874e+05
2.463300e-01	1.622171e+05	-1.095936e-02	6.354291e-02	0.000000e+00	-6.569090e+03	1.687862e+05
2.475200e-01	1.596458e+05	-1.103511e-02	6.377085e-02	0.000000e+00	-4.188331e+03	1.638341e+05
2.487100e-01	1.606656e+05	-1.111114e-02	6.399768e-02	0.000000e+00	-5.147595e+03	1.658132e+05
2.499000e-01	1.630164e+05	-1.118743e-02	6.422690e-02	0.000000e+00	-5.557385e+03	1.685738e+05
2.510900e-01	1.722898e+05	-1.126400e-02	6.446435e-02	0.000000e+00	-5.422985e+03	1.777128e+05
2.522800e-01	1.573880e+05	-1.134085e-02	6.469782e-02	0.000000e+00	-5.465931e+03	1.628539e+05
2.534700e-01	1.663963e+05	-1.141798e-02	6.492711e-02	0.000000e+00	-3.958566e+03	1.703549e+05
2.546600e-01	1.704914e+05	-1.149538e-02	6.516568e-02	0.000000e+00	-5.766458e+03	1.762578e+05
2.558500e-01	1.575446e+05	-1.157307e-02	6.539799e-02	0.000000e+00	-5.860240e+03	1.634049e+05
2.570400e-01	1.578269e+05	-1.165103e-02	6.562132e-02	0.000000e+00	-4.604356e+03	1.624313e+05
2.582300e-01	1.615312e+05	-1.172925e-02	6.584748e-02	0.000000e+00	-6.553028e+03	1.680842e+05
2.594200e-01	1.699957e+05	-1.180774e-02	6.608225e-02	0.000000e+00	-4.011766e+03	1.740074e+05
2.606100e-01	1.673086e+05	-1.188653e-02	6.632112e-02	0.000000e+00	-2.683633e+03	1.699923e+05
2.618000e-01	1.732496e+05	-1.196559e-02	6.656229e-02	0.000000e+00	-2.631615e+03	1.758812e+05
2.629900e-01	1.674571e+05	-1.204494e-02	6.680357e-02	0.000000e+00	-4.982041e+03	1.724391e+05
2.641800e-01	1.612424e+05	-1.212458e-02	6.703634e-02	0.000000e+00	-3.364316e+03	1.646067e+05
2.653700e-01	1.806031e+05	-1.220449e-02	6.727843e-02	0.000000e+00	-2.503188e+03	1.831063e+05
2.665600e-01	1.627824e+05	-1.228470e-02	6.752160e-02	0.000000e+00	-5.385140e+03	1.681675e+05
2.677500e-01	1.520992e+05	-1.236519e-02	6.774459e-02	0.000000e+00	-7.937926e+03	1.600371e+05
2.689400e-01	1.559737e+05	-1.244594e-02	6.796275e-02	0.000000e+00	-6.229744e+03	1.622035e+05
2.701300e-01	1.607946e+05	-1.252694e-02	6.818708e-02	0.000000e+00	-4.982241e+03	1.657769e+05
2.713200e-01	1.718484e+05	-1.260822e-02	6.842264e-02	0.000000e+00	-3.220132e+03	1.750685e+05
2.725100e-01	1.772544e+05	-1.268979e-02	6.866987e-02	0.000000e+00	-3.903187e+03	1.811575e+05
2.737000e-01	1.618778e+05	-1.277166e-02	6.891003e-02	0.000000e+00	-4.029117e+03	1.659069e+05
2.748900e-01	1.774423e+05	-1.285379e-02	6.915032e-02	0.000000e+00	-1.694044e+03	1.791363e+05
2.760800e-01	1.625000e+05	-1.293623e-02	6.939106e-02	0.000000e+00	-4.415251e+03	1.669152e+05
2.772700e-01	1.722669e+05	-1.301895e-02	6.962813e-02	0.000000e+00	-4.545056e+03	1.768120e+05
2.784600e-01	1.863959e+05	-1.310195e-02	6.988212e-02	0.000000e+00	-4.228328e+03	1.906242e+05
2.796500e-01	1.827598e+05	-1.318526e-02	7.014354e-02	0.000000e+00	-4.955407e+03	1.877152e+05
2.808400e-01	1.681520e+05	-1.326889e-02	7.039205e-02	0.000000e+00	-4.661641e+03	1.728137e+05
2.820300e-01	1.780213e+05	-1.335280e-02	7.063719e-02	0.000000e+00	-4.129729e+03	1.821511e+05
2.832200e-01	1.775795e+05	-1.343701e-02	7.088902e-02	0.000000e+00	-1.656717e+03	1.792362e+05
2.844100e-01	1.773556e+05	-1.352151e-02	7.114037e-02	0.000000e+00	-2.029767e+03	1.793853e+05
2.856000e-01	1.703058e+05	-1.360632e-02	7.138657e-02	0.000000e+00	-2.272389e+03	1.725782e+05
2.867900e-01	1.807350e+05	-1.369141e-02	7.163517e-02	0.000000e+00	-3.547309e+03	1.842823e+05
2.879800e-01	1.651161e+05	-1.377681e-02	7.188009e-02	0.000000e+00	-1.988232e+03	1.671043e+05
2.891700e-01	1.719983e+05	-1.386249e-02	7.211882e-02	0.000000e+00	-2.162613e+02	1.722146e+05
2.903600e-01	1.773057e+05	-1.394845e-02	7.236618e-02	0.000000e+00	-2.676221e+03	1.799820e+05
2.915500e-01	1.879299e+05	-1.403472e-02	7.262483e-02	0.000000e+00	-3.710866e+03	1.916408e+05
2.927400e-01	1.764858e+05	-1.412130e-02	7.288290e-02	0.000000e+00	-1.972926e+03	1.784587e+05
2.939300e-01	1.497414e+05	-1.420818e-02	7.311392e-02	0.000000e+00	-4.643825e+03	1.543852e+05
2.951200e-01	1.709534e+05	-1.429531e-02	7.334102e-02	0.000000e+00	-4.773806e+03	1.757272e+05
2.963100e-01	1.530478e+05	-1.438273e-02	7.357047e-02	0.000000e+00	-4.000870e+03	1.570487e+05
2.975000e-01	1.618938e+05	-1.447041e-02	7.379350e-02	0.000000e+00	-3.237038e+03	1.651308e+05
2.986900e-01	1.902022e+05	-1.455836e-02	7.404284e-02	0.000000e+00	-4.295919e+03	1.944981e+05
2.998800e-01	1.640633e+05	-1.464663e-02	7.429372e-02	0.000000e+00	-6.232510e+03	1.702958e+05
3.010700e-01	1.824246e+05	-1.473518e-02	7.453909e-02	0.000000e+00	-2.948758e+03	1.853733e+05
3.022600e-01	1.899992e+05	-1.482404e-02	7.480283e-02	0.000000e+00	-3.454418e+03	1.934536e+05
3.034500e-01	1.854509e+05	-1.491321e-02	7.506871e-02	0.000000e+00	-5.595010e+03	1.910459e+05
3.046400e-01	1.828101e+05	-1.500270e-02	7.532950e-02	0.000000e+00	-5.922318e+03	1.887324e+05
3.058300e-01	1.875657e+05	-1.509250e-02	7.559179e-02	0.000000e+00	-3.306248e+03	1.908719e+05
3.070200e-01	1.842790e+05	-1.518261e-02	7.585511e-02	0.000000e+00	-3.348197e+03	1.876272e+05
3.082100e-01	1.777923e+05	-1.527303e-02	7.611152e-02	0.000000e+00	-3.532163e+03	1.813245e+05
3.094000e-01	1.591582e+05	-1.536375e-02	7.635014e-02	0.000000e+00	-2.920072e+03	1.620783e+05
3.105900e-01	1.697307e+05	-1.545474e-02	7.658304e-02	0.000000e+00	-2.384717e+03	1.721155e+05
3.117800e-01	1.725623e+05	-1.554602e-02	7.682544e-02	0.000000e+00	-2.134715e+03	1.746970e+05
3.129700e-01	1.718975e+05	-1.563759e-02	7.706938e-02	0.000000e+00	-2.555835e+03	1.744533e+05
3.141600e-01	1.752530e+05	-1.572945e-02	7.731522e-02	0.000000e+00	-5.215296e+03	1.804683e+05
3.153500e-01	1.859741e+05	-1.582160e-02	7.757103e-02	0.000000e+00	-3.349373e+03	1.893235e+05
3.165400e-01	1.938097e+05	-1.591406e-02	7.783997e-02	0.000000e+00	-3.757869e+03	1.975676e+05
3.177300e-01	1.845213e+05	-1.600686e-02	7.810790e-02	0.000000e+00	-1.471949e+03	1.859933e+05
3.189200e-01	1.788991e+05	-1.609996e-02	7.836526e-02	0.000000e+00	-2.171004e+03	1.810702e+05
3.201100e-01	1.724849e+05	-1.619337e-02	7.861409e-02	0.000000e+00	-2.765739e+03	1.752506e+05
3.213000e-01	1.892937e+05	-1.628706e-02	7.887029e-02	0.000000e+00	-5.657565e+03	1.949513e+05
3.224900e-01	1.644884e+05	-1.638108e-02	7.912083e-02	0.000000e+00	-4.271296e+03	1.687597e+05
3.236800e-01	1.634604e+05	-1.647537e-02	7.935307e-02	0.000000e+00	-2.622391e+03	1.660827e+05
3.248700e-01	1.587757e+05	-1.656994e-02	7.958127e-02	0.000000e+00	-5.096841e+03	1.638726e+05
3.260600e-01	1.717242e+05	-1.666477e-02	7.981532e-02	0.000000e+00	-4.758322e+03	1.764825e+05
3.272500e-01	1.819967e+05	-1.675990e-02	8.006581e-02	0.000000e+00	-4.714727e+03	1.867115e+05
3.284400e-01	1.838489e+05	-1.685533e-02	8.032489e-02	0.000000e+00	-6.261514e+03	1.901105e+05
3.296300e-01	1.959651e+05	-1.695107e-02	8.059386e-02	0.000000e+00	-4.863092e+03	2.008282e+05
3.308200e-01	1.830568e+05	-1.704714e-02	8.086227e-02	0.000000e+00	-5.142015e+03	1.881988e+05
3.320100e-01	1.715803e+05	-1.714352e-02	8.111341e-02	0.000000e+00	-4.144601e+03	1.757249e+05
3.332000e-01	1.645405e+05	-1.724019e-02	8.135144e-02	0.000000e+00	-2.620853e+03	1.671613e+05
3.343900e-01	1.765125e+05	-1.733714e-02	8.159296e-02	0.000000e+00	-2.163568e+03	1.786761e+05
3.355800e-01	1.732545e+05	-1.743439e-02	8.184065e-02	0.000000e+00	-3.610946e+03	1.768654e+05
3.367700e-01	1.775247e+05	-1.753192e-02	8.208906e-02	0.000000e+00	-6.973522e+03	1.844982e+05
3.379600e-01	1.628174e+05	-1.762976e-02	8.233008e-02	0.000000e+00	-9.307738e+03	1.721251e+05
3.391500e-01	1.907700e+05	-1.772787e-02	8.258048e-02	0.000000e+00	-4.308843e+03	1.950788e+05
3.403400e-01	1.755229e+05	-1.782630e-02	8.283987e-02	0.000000e+00	-1.874854e+03	1.773978e+05
3.415300e-01	1.821738e+05	-1.792503e-02	8.309318e-02	0.000000e+00	-4.184626e+03	1.863585e+05
3.427200e-01	1.864038e+05	-1.802406e-02	8.335420e-02	0.000000e+00	-1.401815e+03	1.878056e+05
3.439100e-01	1.997365e+05	-1.812341e-02	8.362765e-02	0.000000e+00	-4.423802e+03	2.041603e+05
3.451000e-01	1.823914e+05	-1.822309e-02	8.389826e-02	0.000000e+00	-1.699012e+03	1.840904e+05
3.462900e-01	1.720320e+05	-1.832309e-02	8.414925e-02	0.000000e+00	-1.835450e+03	1.738674e+05
3.474800e-01	1.814021e+05	-1.842337e-02	8.439954e-02	0.000000e+00	-2.700402e+03	1.841025e+05
3.486700e-01	1.798272e+05	-1.852396e-02	8.465535e-02	0.000000e+00	-8.973518e+03	1.888008e+05
3.498600e-01	1.859137e+05	-1.862485e-02	8.491435e-02	0.000000e+00	-3.239403e+03	1.891531e+05
3.510500e-01	1.677985e+05	-1.872605e-02	8.516484e-02	0.000000e+00	-4.188176e+03	1.719866e+05
3.522400e-01	1.543760e+05	-1.882754e-02	8.539299e-02	0.000000e+00	-3.228977e+03	1.576050e+05
3.534300e-01	1.869594e+05	-1.892929e-02	8.563471e-02	0.000000e+00	-3.432556e+03	1.903919e+05
3.546200e-01	1.896580e+05	-1.903135e-02	8.590142e-02	0.000000e+00	-3.168474e+03	1.928264e+05
3.558100e-01	1.909732e+05	-1.913373e-02	8.617097e-02	0.000000e+00	-4.491169e+03	1.954644e+05
3.570000e-01	1.728803e+05	-1.923644e-02	8.642864e-02	0.000000e+00	-4.835731e+03	1.777160e+05
3.581900e-01	1.773824e+05	-1.933944e-02	8.667668e-02	0.000000e+00	-5.494393e+03	1.828768e+05
3.593800e-01	1.817174e+05	-1.944273e-02	8.693098e-02	0.000000e+00	-3.523313e+03	1.852408e+05
3.605700e-01	1.759857e+05	-1.954633e-02	8.718430e-02	0.000000e+00	-3.649386e+03	1.796351e+05
3.617600e-01	2.102891e+05	-1.965023e-02	8.745784e-02	0.000000e+00	-2.900964e+03	2.131901e+05
3.629500e-01	2.119159e+05	-1.975448e-02	8.775683e-02	0.000000e+00	-1.290496e+03	2.132064e+05
3.641400e-01	1.843340e+05	-1.985909e-02	8.803744e-02	0.000000e+00	-3.579695e+03	1.879137e+05
3.653300e-01	2.015035e+05	-1.996401e-02	8.831068e-02	0.000000e+00	-2.146958e+03	2.036504e+05
3.665200e-01	2.006561e+05	-2.006927e-02	8.859547e-02	0.000000e+00	-1.809764e+03	2.024658e+05
3.677100e-01	1.738538e+05	-2.017487e-02	8.886069e-02	0.000000e+00	-3.532688e+03	1.773865e+05
3.689000e-01	1.910512e+05	-2.028076e-02	8.911910e-02	0.000000e+00	-3.993115e+03	1.950443e+05
3.700900e-01	1.873021e+05	-2.038697e-02	8.938704e-02	0.000000e+00	-4.546771e+03	1.918489e+05
3.712800e-01	1.782876e+05	-2.049350e-02	8.964594e-02	0.000000e+00	-2.059503e+03	1.803471e+05
3.724700e-01	1.894087e+05	-2.060033e-02	8.990633e-02	0.000000e+00	-2.237664e+03	1.916464e+05
3.736600e-01	1.606869e+05	-2.070748e-02	9.015425e-02	0.000000e+00	-3.514899e+03	1.642018e+05
3.748500e-01	1.713156e+05	-2.081489e-02	9.038936e-02	0.000000e+00	-2.052079e+03	1.733677e+05
3.760400e-01	1.675102e+05	-2.092260e-02	9.062931e-02	0.000000e+00	-3.709608e+03	1.712198e+05
3.772300e-01	1.828443e+05	-2.103059e-02	9.087742e-02	0.000000e+00	-2.998819e+03	1.858431e+05
3.784200e-01	1.872759e+05	-2.113889e-02	9.113952e-02	0.000000e+00	-3.986354e+03	1.912622e+05
3.796100e-01	1.839558e+05	-2.124750e-02	9.140242e-02	0.000000e+00	-3.466077e+03	1.874219e+05
3.808000e-01	1.938041e+05	-2.135643e-02	9.166993e-02	0.000000e+00	-3.464169e+03	1.972683e+05
3.819900e-01	1.834756e+05	-2.146568e-02	9.193711e-02	0.000000e+00	-4.613040e+03	1.880886e+05
3.831800e-01	1.906536e+05	-2.157524e-02	9.220205e-02	0.000000e+00	-3.927543e+03	1.945811e+05
3.843700e-01	1.992230e+05	-2.168512e-02	9.247815e-02	0.000000e+00	-3.172258e+03	2.023953e+05
3.855600e-01	1.942942e+05	-2.179534e-02	9.275683e-02	0.000000e+00	-4.061775e+03	1.983560e+05
3.867500e-01	1.875835e+05	-2.190588e-02	9.302726e-02	0.000000e+00	-2.944211e+03	1.905277e+05
3.879400e-01	2.049022e+05	-2.201674e-02	9.330520e-02	0.000000e+00	-3.904316e+03	2.088065e+05
3.891300e-01	1.946415e+05	-2.212795e-02	9.358814e-02	0.000000e+00	-4.976323e+03	1.996178e+05
3.903200e-01	1.765012e+05	-2.223948e-02	9.385097e-02	0.000000e+00	-1.628620e+03	1.781299e+05
3.915100e-01	1.853745e+05	-2.235131e-02	9.410724e-02	0.000000e+00	-2.303825e+03	1.876784e+05
3.927000e-01	1.913457e+05	-2.246346e-02	9.437402e-02	0.000000e+00	-2.955618e+03	1.943013e+05
3.938900e-01	1.874714e+05	-2.257592e-02	9.464229e-02	0.000000e+00	-3.725644e+03	1.911970e+05
3.950800e-01	1.812965e+05	-2.268871e-02	9.490344e-02	0.000000e+00	-2.742547e+03	1.840391e+05
3.962700e-01	1.837610e+05	-2.280179e-02	9.516196e-02	0.000000e+00	-2.389067e+03	1.861501e+05
3.974600e-01	2.033293e+05	-2.291519e-02	9.543608e-02	0.000000e+00	-1.199241e+03	2.045285e+05
3.986500e-01	1.814884e+05	-2.302893e-02	9.570859e-02	0.000000e+00	-2.012735e+03	1.835012e+05
3.998400e-01	2.007959e+05	-2.314298e-02	9.597932e-02	0.000000e+00	-3.929440e+03	2.047254e+05
4.010300e-01	2.111314e+05	-2.325736e-02	9.627103e-02	0.000000e+00	-2.855122e+03	2.139866e+05
4.022200e-01	1.831161e+05	-2.337210e-02	9.655022e-02	0.000000e+00	-3.595751e+03	1.867118e+05
4.034100e-01	2.036865e+05	-2.348715e-02	9.682414e-02	0.000000e+00	-3.110221e+03	2.067967e+05
4.046000e-01	1.972195e+05	-2.360254e-02	9.710805e-02	0.000000e+00	-3.473829e+03	2.006933e+05
4.057900e-01	1.879535e+05	-2.371827e-02	9.738081e-02	0.000000e+00	-3.974680e+03	1.919282e+05
4.069800e-01	1.889207e+05	-2.383431e-02	9.764770e-02	0.000000e+00	-1.741191e+03	1.906619e+05
4.081700e-01	2.025512e+05	-2.395067e-02	9.792493e-02	0.000000e+00	-2.642552e+03	2.051938e+05
4.093600e-01	2.003169e+05	-2.406737e-02	9.821023e-02	0.000000e+00	-3.038481e+03	2.033554e+05
4.105500e-01	1.757712e+05	-2.418441e-02	9.847656e-02	0.000000e+00	-3.135768e+03	1.789070e+05
4.117400e-01	1.850722e+05	-2.430175e-02	9.873209e-02	0.000000e+00	-3.673121e+03	1.887453e+05
4.129300e-01	2.009424e+05	-2.441939e-02	9.900546e-02	0.000000e+00	-3.726177e+03	2.046686e+05
4.141200e-01	2.031672e+05	-2.453738e-02	9.929163e-02	0.000000e+00	-4.353739e+03	2.075209e+05
4.153100e-01	1.908950e+05	-2.465571e-02	9.957069e-02	0.000000e+00	-9.230525e+02	1.918181e+05
4.165000e-01	1.888872e+05	-2.477436e-02	9.983964e-02	0.000000e+00	-3.116996e+03	1.920042e+05
4.176900e-01	1.779321e+05	-2.489333e-02	1.000994e-01	0.000000e+00	-3.517147e+03	1.814493e+05
4.188800e-01	1.853091e+05	-2.501259e-02	1.003566e-01	0.000000e+00	-2.982833e+03	1.882920e+05
4.200700e-01	1.888723e+05	-2.513217e-02	1.006216e-01	0.000000e+00	-3.865691e+03	1.927379e+05
4.212600e-01	1.942242e+05	-2.525207e-02	1.008929e-01	0.000000e+00	-2.640181e+03	1.968644e+05
4.224500e-01	2.240039e+05	-2.537230e-02	1.011891e-01	0.000000e+00	-2.145722e+03	2.261496e+05
4.236400e-01	2.027214e+05	-2.549290e-02	1.014913e-01	0.000000e+00	-2.862291e+03	2.055837e+05
4.248300e-01	1.873772e+05	-2.561385e-02	1.017675e-01	0.000000e+00	-5.428032e+03	1.928052e+05
4.260200e-01	1.944421e+05	-2.573511e-02	1.020379e-01	0.000000e+00	-1.134284e+03	1.955764e+05
4.272100e-01	2.003012e+05	-2.585670e-02	1.023175e-01	0.000000e+00	-1.734280e+03	2.020355e+05
4.284000e-01	1.877493e+05	-2.597863e-02	1.025923e-01	0.000000e+00	-3.297490e+03	1.910468e+05
4.295900e-01	1.974698e+05	-2.610087e-02	1.028651e-01	0.000000e+00	-2.138375e+03	1.996081e+05
4.307800e-01	1.939692e+05	-2.622344e-02	1.031423e-01	0.000000e+00	-1.473498e+03	1.954427e+05
4.319700e-01	1.851358e+05	-2.634635e-02	1.034108e-01	0.000000e+00	-4.071381e+03	1.892072e+05
4.331600e-01	2.024823e+05	-2.646956e-02	1.036852e-01	0.000000e+00	-3.064901e+03	2.055472e+05
4.343500e-01	1.973665e+05	-2.659312e-02	1.039684e-01	0.000000e+00	-4.210909e+03	2.015774e+05
4.355400e-01	1.845301e+05	-2.671701e-02	1.042389e-01	0.000000e+00	-2.039420e+03	1.865695e+05
4.367300e-01	1.919268e+05	-2.684121e-02	1.045054e-01	0.000000e+00	-1.425210e+03	1.933520e+05
4.379200e-01	1.884042e+05	-2.696573e-02	1.047748e-01	0.000000e+00	-1.041779e+03	1.894460e+05
4.391100e-01	2.042512e+05	-2.709057e-02	1.050528e-01	0.000000e+00	-1.631314e+03	2.058825e+05
4.403000e-01	1.962300e+05	-2.721576e-02	1.053365e-01	0.000000e+00	-3.566162e+03	1.997962e+05
4.414900e-01	2.005292e+05	-2.734127e-02	1.056174e-01	0.000000e+00	-2.359135e+03	2.028884e+05
4.426800e-01	1.856438e+05	-2.746712e-02	1.058909e-01	0.000000e+00	-3.211226e+03	1.888551e+05
4.438700e-01	1.876888e+05	-2.759329e-02	1.061553e-01	0.000000e+00	-5.220339e+03	1.929092e+05
4.450600e-01	1.895986e+05	-2.771977e-02	1.064225e-01	0.000000e+00	-3.500901e+03	1.930995e+05
4.462500e-01	1.813368e+05	-2.784658e-02	1.066851e-01	0.000000e+00	-2.445739e+03	1.837826e+05
4.474400e-01	1.803312e+05	-2.797369e-02	1.069413e-01	0.000000e+00	-3.045675e+03	1.833769e+05
4.486300e-01	2.053211e+05	-2.810110e-02	1.072144e-01	0.000000e+00	-2.758427e+03	2.080795e+05
4.498200e-01	2.028283e+05	-2.822886e-02	1.075034e-01	0.000000e+00	-2.005768e+03	2.048340e+05
4.510100e-01	1.952880e+05	-2.835696e-02	1.077853e-01	0.000000e+00	-2.560410e+03	1.978484e+05
4.522000e-01	1.791128e+05	-2.848538e-02	1.080505e-01	0.000000e+00	-3.435442e+03	1.825482e+05
4.533900e-01	1.860517e+05	-2.861412e-02	1.083091e-01	0.000000e+00	-2.884653e+03	1.889364e+05
4.545800e-01	1.743855e+05	-2.874316e-02	1.085643e-01	0.000000e+00	-5.246031e+03	1.796315e+05
4.557700e-01	1.958025e+05	-2.887250e-02	1.088265e-01	0.000000e+00	-2.828507e+03	1.986310e+05
4.569600e-01	1.972158e+05	-2.900217e-02	1.091048e-01	0.000000e+00	-2.413340e+03	1.996291e+05
4.581500e-01	1.834260e+05	-2.913217e-02	1.093744e-01	0.000000e+00	-3.841480e+03	1.872675e+05
4.593400e-01	1.854080e+05	-2.926248e-02	1.096356e-01	0.000000e+00	-3.537342e+03	1.889453e+05
4.605300e-01	2.055930e+05	-2.939310e-02	1.099124e-01	0.000000e+00	-4.278045e+03	2.098711e+05
4.617200e-01	2.072573e+05	-2.952407e-02	1.102048e-01	0.000000e+00	-3.771296e+03	2.110286e+05
4.629100e-01	2.048093e+05	-2.965539e-02	1.104966e-01	0.000000e+00	-5.892473e+03	2.107018e+05
4.641000e-01	1.783826e+05	-2.978705e-02	1.107680e-01	0.000000e+00	-4.122031e+03	1.825046e+05
4.652900e-01	1.833130e+05	-2.991902e-02	1.110241e-01	0.000000e+00	-2.290465e+03	1.856035e+05
4.664800e-01	1.930619e+05	-3.005129e-02	1.112907e-01	0.000000e+00	-1.697226e+03	1.947591e+05
4.676700e-01	2.032994e+05	-3.018389e-02	1.115714e-01	0.000000e+00	-2.298020e+03	2.055974e+05
4.688600e-01	2.113507e+05	-3.031683e-02	1.118650e-01	0.000000e+00	-2.522428e+03	2.138731e+05
4.700500e-01	1.912907e+05	-3.045013e-02	1.121501e-01	0.000000e+00	-3.598888e+03	1.948896e+05
4.712400e-01	1.886068e+05	-3.058375e-02	1.124192e-01	0.000000e+00	-2.219564e+03	1.908264e+05
4.724300e-01	1.782162e+05	-3.071768e-02	1.126789e-01	0.000000e+00	-3.718411e+03	1.819346e+05
4.736200e-01	1.965271e+05	-3.085192e-02	1.129443e-01	0.000000e+00	-1.612925e+03	1.981400e+05
4.748100e-01	2.007514e+05	-3.098649e-02	1.132256e-01	0.000000e+00	-1.745694e+03	2.024971e+05
4.760000e-01	2.169840e+05	-3.112140e-02	1.135215e-01	0.000000e+00	-3.078004e+03	2.200620e+05
4.771900e-01	2.107499e+05	-3.125667e-02	1.138244e-01	0.000000e+00	-5.115076e+03	2.158650e+05
4.783800e-01	1.995805e+05	-3.139230e-02	1.141150e-01	0.000000e+00	-2.001731e+03	2.015823e+05
4.795700e-01	2.059104e+05	-3.152827e-02	1.144021e-01	0.000000e+00	-3.915278e+03	2.098257e+05
4.807600e-01	2.141471e+05	-3.166458e-02	1.146996e-01	0.000000e+00	-3.217705e+03	2.173648e+05
4.819500e-01	1.996193e+05	-3.180125e-02	1.149926e-01	0.000000e+00	-3.087694e+03	2.027070e+05
4.831400e-01	2.008425e+05	-3.193826e-02	1.152762e-01	0.000000e+00	-1.960731e+03	2.028033e+05
4.843300e-01	2.113776e+05	-3.207561e-02	1.155681e-01	0.000000e+00	-6.528448e+02	2.120305e+05
4.855200e-01	2.100540e+05	-3.221331e-02	1.158666e-01	0.000000e+00	-2.154152e+03	2.122082e+05
4.867100e-01	2.105995e+05	-3.235137e-02	1.161644e-01	0.000000e+00	-3.125314e+03	2.137248e+05
4.879000e-01	1.986811e+05	-3.248978e-02	1.164543e-01	0.000000e+00	-4.805660e+03	2.034868e+05
4.890900e-01	1.992571e+05	-3.262853e-02	1.167361e-01	0.000000e+00	-3.771511e+03	2.030286e+05
4.902800e-01	1.930184e+05	-3.276762e-02	1.170139e-01	0.000000e+00	-5.476887e+03	1.984953e+05
4.914700e-01	1.932148e+05	-3.290702e-02	1.172874e-01	0.000000e+00	-4.258011e+03	1.974728e+05
4.926600e-01	2.033403e+05	-3.304676e-02	1.175682e-01	0.000000e+00	-3.239301e+03	2.065796e+05
4.938500e-01	1.779460e+05	-3.318684e-02	1.178382e-01	0.000000e+00	-4.545548e+03	1.824916e+05
4.950400e-01	1.871327e+05	-3.332721e-02	1.180968e-01	0.000000e+00	-7.723303e+03	1.948560e+05
4.962300e-01	1.691966e+05	-3.346791e-02	1.183491e-01	0.000000e+00	-5.155733e+03	1.743524e+05
4.974200e-01	1.910798e+05	-3.360889e-02	1.186043e-01	0.000000e+00	-1.661981e+03	1.927417e+05
4.986100e-01	1.921863e+05	-3.375019e-02	1.188757e-01	0.000000e+00	-4.192831e+03	1.963792e+05
4.998000e-01	1.815650e+05	-3.389181e-02	1.191403e-01	0.000000e+00	-9.881394e+02	1.825531e+05
5.009900e-01	1.916071e+05	-3.403374e-02	1.194046e-01	0.000000e+00	-2.995240e+03	1.946023e+05
5.021800e-01	1.977047e+05	-3.417599e-02	1.196803e-01	0.000000e+00	-3.285652e+03	2.009904e+05
5.033700e-01	2.280754e+05	-3.431858e-02	1.199818e-01	0.000000e+00	-2.933123e+03	2.310085e+05
5.045600e-01	2.042071e+05	-3.446155e-02	1.202880e-01	0.000000e+00	-2.144302e+03	2.063514e+05
5.057500e-01	2.125293e+05	-3.460486e-02	1.205831e-01	0.000000e+00	-3.576361e+03	2.161056e+05
5.069400e-01	1.963907e+05	-3.474854e-02	1.208727e-01	0.000000e+00	-6.604878e+03	2.029956e+05
5.081300e-01	1.990454e+05	-3.489254e-02	1.211527e-01	0.000000e+00	-2.826361e+03	2.018718e+05
5.093200e-01	2.037154e+05	-3.503688e-02	1.214379e-01	0.000000e+00	-1.961928e+03	2.056773e+05
5.105100e-01	1.941918e+05	-3.518156e-02	1.217197e-01	0.000000e+00	-3.483368e+03	1.976752e+05
5.117000e-01	1.948458e+05	-3.532657e-02	1.219952e-01	0.000000e+00	-6.292733e+03	2.011385e+05
5.128900e-01	1.870041e+05	-3.547191e-02	1.222656e-01	0.000000e+00	-7.895254e+03	1.948994e+05
5.140800e-01	2.242137e+05	-3.561757e-02	1.225568e-01	0.000000e+00	-4.991493e+03	2.292052e+05
5.152700e-01	2.086415e+05	-3.576360e-02	1.228634e-01	0.000000e+00	-1.631511e+03	2.102730e+05
5.164600e-01	1.907572e+05	-3.590998e-02	1.231462e-01	0.000000e+00	-1.621132e+03	1.923783e+05
5.176500e-01	2.201818e+05	-3.605669e-02	1.234372e-01	0.000000e+00	-1.019432e+03	2.212012e+05
5.188400e-01	2.202737e+05	-3.620376e-02	1.237491e-01	0.000000e+00	-1.748430e+03	2.220222e+05
5.200300e-01	2.003671e+05	-3.635121e-02	1.240470e-01	0.000000e+00	-6.096341e+02	2.009767e+05
5.212200e-01	2.119918e+05	-3.649899e-02	1.243390e-01	0.000000e+00	-4.978433e+03	2.169702e+05
5.224100e-01	2.071905e+05	-3.664714e-02	1.246359e-01	0.000000e+00	-5.590144e+03	2.127806e+05
5.236000e-01	2.114391e+05	-3.679563e-02	1.249323e-01	0.000000e+00	-2.607611e+03	2.140467e+05
5.247900e-01	2.008006e+05	-3.694447e-02	1.252243e-01	0.000000e+00	-3.848517e+03	2.046491e+05
5.259800e-01	1.923273e+05	-3.709366e-02	1.255027e-01	0.000000e+00	-4.009663e+03	1.963369e+05
5.271700e-01	2.052735e+05	-3.724317e-02	1.257842e-01	0.000000e+00	-1.126638e+03	2.064001e+05
5.283600e-01	2.302380e+05	-3.739303e-02	1.260926e-01	0.000000e+00	-2.357227e+03	2.325952e+05
5.295500e-01	2.231787e+05	-3.754327e-02	1.264137e-01	0.000000e+00	-5.332050e+02	2.237119e+05
5.307400e-01	2.112905e+05	-3.769389e-02	1.267214e-01	0.000000e+00	-4.233952e+02	2.117139e+05
5.319300e-01	2.149780e+05	-3.784487e-02	1.270233e-01	0.000000e+00	-1.173816e+03	2.161518e+05
5.331200e-01	2.047264e+05	-3.799621e-02	1.273205e-01	0.000000e+00	-3.716094e+03	2.084425e+05
5.343100e-01	2.127561e+05	-3.814789e-02	1.276162e-01	0.000000e+00	-2.987883e+03	2.157439e+05
5.355000e-01	2.084396e+05	-3.829993e-02	1.279144e-01	0.000000e+00	-1.971210e+02	2.086367e+05
5.366900e-01	2.071017e+05	-3.845233e-02	1.282087e-01	0.000000e+00	-9.036681e+02	2.080054e+05
5.378800e-01	1.896166e+05	-3.860507e-02	1.284896e-01	0.000000e+00	-1.430843e+03	1.910474e+05
5.390700e-01	2.002270e+05	-3.875813e-02	1.287657e-01	0.000000e+00	-8.071062e+02	2.010341e+05
5.402600e-01	2.092495e+05	-3.891153e-02	1.290557e-01	0.000000e+00	-2.037818e+03	2.112874e+05
5.414500e-01	1.907867e+05	-3.906528e-02	1.293390e-01	0.000000e+00	-3.553644e+03	1.943403e+05
5.426400e-01	1.918257e+05	-3.921936e-02	1.296099e-01	0.000000e+00	-4.991284e+03	1.968169e+05
5.438300e-01	2.001819e+05	-3.937376e-02	1.298875e-01	0.000000e+00	-3.199401e+03	2.033813e+05
5.450200e-01	1.952377e+05	-3.952849e-02	1.301676e-01	0.000000e+00	-2.105299e+03	1.973430e+05
5.462100e-01	2.059100e+05	-3.968356e-02	1.304516e-01	0.000000e+00	-2.654747e+03	2.085647e+05
5.474000e-01	2.247727e+05	-3.983897e-02	1.307566e-01	0.000000e+00	-2.638051e+03	2.274107e+05
5.485900e-01	2.102571e+05	-3.999476e-02	1.310647e-01	0.000000e+00	-3.312296e+03	2.135694e+05
5.497800e-01	2.027744e+05	-4.015090e-02	1.313572e-01	0.000000e+00	-3.047350e+03	2.058217e+05
5.509700e-01	2.087820e+05	-4.030739e-02	1.316487e-01	0.000000e+00	-2.864000e+03	2.116460e+05
5.521600e-01	2.182693e+05	-4.046422e-02	1.319511e-01	0.000000e+00	-8.133282e+02	2.190826e+05
5.533500e-01	2.003444e+05	-4.062143e-02	1.322475e-01	0.000000e+00	0.000000e+00	2.003444e+05
5.545400e-01	1.998499e+05	-4.077897e-02	1.325309e-01	0.000000e+00	-1.744339e+03	2.015942e+05
5.557300e-01	2.042579e+05	-4.093685e-02	1.328171e-01	0.000000e+00	-4.295747e+03	2.085536e+05
5.569200e-01	2.114738e+05	-4.109508e-02	1.331115e-01	0.000000e+00	-2.681213e+03	2.141550e+05
5.581100e-01	2.034312e+05	-4.125366e-02	1.334053e-01	0.000000e+00	-3.491300e+03	2.069225e+05
5.593000e-01	2.016019e+05	-4.141258e-02	1.336922e-01	0.000000e+00	-5.031399e+03	2.066333e+05
5.604900e-01	1.972617e+05	-4.157185e-02	1.339746e-01	0.000000e+00	-2.746693e+03	2.000084e+05
5.616800e-01	2.013888e+05	-4.173144e-02	1.342569e-01	0.000000e+00	-4.009919e+03	2.053987e+05
5.628700e-01	2.026757e+05	-4.189138e-02	1.345431e-01	0.000000e+00	-2.693582e+03	2.053693e+05
5.640600e-01	2.030188e+05	-4.205165e-02	1.348304e-01	0.000000e+00	-3.247018e+03	2.062658e+05
5.652500e-01	2.068502e+05	-4.221227e-02	1.351206e-01	0.000000e+00	-2.351240e+03	2.092014e+05
5.664400e-01	2.049049e+05	-4.237324e-02	1.354122e-01	0.000000e+00	-2.951798e+03	2.078567e+05
5.676300e-01	2.024189e+05	-4.253456e-02	1.357007e-01	0.000000e+00	-3.964477e+03	2.063833e+05
5.688200e-01	2.012191e+05	-4.269621e-02	1.359865e-01	0.000000e+00	-4.086934e+03	2.053060e+05
5.700100e-01	1.932883e+05	-4.285820e-02	1.362659e-01	0.000000e+00	-2.862139e+03	1.961505e+05
5.712000e-01	1.950211e+05	-4.302052e-02	1.365409e-01	0.000000e+00	-5.016661e+03	2.000378e+05
5.723900e-01	1.913987e+05	-4.318317e-02	1.368145e-01	0.000000e+00	-2.623411e+03	1.940221e+05
5.735800e-01	1.857057e+05	-4.334614e-02	1.370816e-01	0.000000e+00	-1.798557e+03	1.875043e+05
5.747700e-01	2.099447e+05	-4.350942e-02	1.373618e-01	0.000000e+00	-2.100417e+03	2.120451e+05
5.759600e-01	1.992776e+05	-4.367306e-02	1.376516e-01	0.000000e+00	-2.635526e+03	2.019131e+05
5.771500e-01	2.036647e+05	-4.383704e-02	1.379369e-01	0.000000e+00	-4.764330e+03	2.084291e+05
5.783400e-01	1.960732e+05	-4.400135e-02	1.382200e-01	0.000000e+00	-4.495183e+02	1.965227e+05
5.795300e-01	2.054599e+05	-4.416600e-02	1.385043e-01	0.000000e+00	-2.598530e+03	2.080584e+05
5.807200e-01	1.916658e+05	-4.433099e-02	1.387856e-01	0.000000e+00	-4.401344e+03	1.960672e+05
5.819100e-01	1.952426e+05	-4.449631e-02	1.390596e-01	0.000000e+00	-1.190515e+03	1.964331e+05
5.831000e-01	2.099002e+05	-4.466195e-02	1.393465e-01	0.000000e+00	-4.578590e+03	2.144788e+05
5.842900e-01	2.225969e+05	-4.482795e-02	1.396528e-01	0.000000e+00	-1.952729e+03	2.245496e+05
5.854800e-01	1.944872e+05	-4.499433e-02	1.399481e-01	0.000000e+00	-3.518846e+03	1.980061e+05
5.866700e-01	2.111371e+05	-4.516103e-02	1.402354e-01	0.000000e+00	-3.574784e+03	2.147119e+05
5.878600e-01	2.173276e+05	-4.532809e-02	1.405388e-01	0.000000e+00	-3.173648e+03	2.205013e+05
5.890500e-01	2.015461e+05	-4.549551e-02	1.408354e-01	0.000000e+00	-2.463818e+03	2.040099e+05
5.902400e-01	1.932467e+05	-4.566328e-02	1.411150e-01	0.000000e+00	-2.537423e+03	1.957842e+05
5.914300e-01	2.070379e+05	-4.583137e-02	1.413985e-01	0.000000e+00	-3.988304e+03	2.110262e+05
5.926200e-01	2.052367e+05	-4.599980e-02	1.416904e-01	0.000000e+00	-1.315587e+03	2.065523e+05
5.938100e-01	2.158130e+05	-4.616859e-02	1.419886e-01	0.000000e+00	-1.415581e+03	2.172286e+05
5.950000e-01	1.952811e+05	-4.633774e-02	1.422797e-01	0.000000e+00	-4.045560e+03	1.993266e+05
5.961900e-01	1.941291e+05	-4.650721e-02	1.425555e-01	0.000000e+00	-1.261547e+03	1.953907e+05
5.973800e-01	2.190271e+05	-4.667702e-02	1.428481e-01	0.000000e+00	-4.686015e+02	2.194957e+05
5.985700e-01	2.124331e+05	-4.684719e-02	1.431536e-01	0.000000e+00	-3.153754e+03	2.155869e+05
5.997600e-01	2.139908e+05	-4.701772e-02	1.434556e-01	0.000000e+00	-4.064384e+03	2.180552e+05
6.009500e-01	2.024009e+05	-4.718862e-02	1.437505e-01	0.000000e+00	-2.744615e+03	2.051455e+05
6.021400e-01	2.058683e+05	-4.735985e-02	1.440396e-01	0.000000e+00	-3.712844e+03	2.095812e+05
6.033300e-01	1.973171e+05	-4.753143e-02	1.443251e-01	0.000000e+00	-2.632325e+03	1.999494e+05
6.045200e-01	2.015555e+05	-4.770334e-02	1.446076e-01	0.000000e+00	-1.224005e+03	2.027795e+05
6.057100e-01	1.968222e+05	-4.787560e-02	1.448897e-01	0.000000e+00	-9.235026e+02	1.977457e+05
6.069000e-01	1.945593e+05	-4.804818e-02	1.451669e-01	0.000000e+00	-1.171751e+03	1.957310e+05
6.080900e-01	2.029327e+05	-4.822109e-02	1.454483e-01	0.000000e+00	-1.010458e+03	2.039432e+05
6.092800e-01	1.924630e+05	-4.839435e-02	1.457284e-01	0.000000e+00	-2.284278e+03	1.947472e+05
6.104700e-01	2.081792e+05	-4.856793e-02	1.460121e-01	0.000000e+00	-2.045711e+03	2.102249e+05
6.116600e-01	2.199774e+05	-4.874186e-02	1.463153e-01	0.000000e+00	-2.042051e+03	2.220194e+05
6.128500e-01	2.232944e+05	-4.891616e-02	1.466292e-01	0.000000e+00	-2.201182e+03	2.254955e+05
6.140400e-01	2.017248e+05	-4.909084e-02	1.469302e-01	0.000000e+00	-2.024582e+03	2.037494e+05
6.152300e-01	1.977778e+05	-4.926585e-02	1.472131e-01	0.000000e+00	-3.676387e+03	2.014542e+05
6.164200e-01	2.183375e+05	-4.944120e-02	1.475078e-01	0.000000e+00	-2.122383e+03	2.204598e+05
6.176100e-01	1.967746e+05	-4.961692e-02	1.478017e-01	0.000000e+00	-2.974762e+03	1.997494e+05
6.188000e-01	1.969819e+05	-4.979297e-02	1.480806e-01	0.000000e+00	-3.087858e+03	2.000698e+05
6.199900e-01	1.921334e+05	-4.996935e-02	1.483561e-01	0.000000e+00	-3.204007e+03	1.953374e+05
6.211800e-01	1.958989e+05	-5.014606e-02	1.486309e-01	0.000000e+00	-1.609591e+03	1.975085e+05
6.223700e-01	1.838220e+05	-5.032309e-02	1.488998e-01	0.000000e+00	-1.233810e+03	1.850558e+05
6.235600e-01	2.035888e+05	-5.050044e-02	1.491742e-01	0.000000e+00	-3.031784e+03	2.066205e+05
6.247500e-01	2.089527e+05	-5.067813e-02	1.494663e-01	0.000000e+00	-3.672463e+02	2.093200e+05
6.259400e-01	2.089943e+05	-5.085617e-02	1.497623e-01	0.000000e+00	-1.568024e+03	2.105624e+05
6.271300e-01	2.214078e+05	-5.103456e-02	1.500671e-01	0.000000e+00	-1.550868e+03	2.229587e+05
6.283200e-01	2.188381e+05	-5.121333e-02	1.503789e-01	0.000000e+00	-1.717561e+02	2.190099e+05
6.295100e-01	2.183649e+05	-5.139246e-02	1.506885e-01	0.000000e+00	-1.511924e+03	2.198768e+05
6.307000e-01	2.011355e+05	-5.157197e-02	1.509856e-01	0.000000e+00	-3.497777e+03	2.046333e+05
6.318900e-01	1.981935e+05	-5.175181e-02	1.512683e-01	0.000000e+00	-3.641076e+03	2.018345e+05
6.330800e-01	2.119584e+05	-5.193199e-02	1.515588e-01	0.000000e+00	-1.048582e+03	2.130070e+05
6.342700e-01	1.994623e+05	-5.211252e-02	1.518502e-01	0.000000e+00	-1.225011e+03	2.006873e+05
6.354600e-01	2.097207e+05	-5.229339e-02	1.521399e-01	0.000000e+00	-1.489245e+03	2.112100e+05
6.366500e-01	2.325555e+05	-5.247461e-02	1.524531e-01	0.000000e+00	-2.922169e+03	2.354777e+05
6.378400e-01	2.082555e+05	-5.265623e-02	1.527653e-01	0.000000e+00	-2.443368e+03	2.106988e+05
6.390300e-01	1.961054e+05	-5.283819e-02	1.530516e-01	0.000000e+00	-4.351789e+03	2.004572e+05
6.402200e-01	2.032669e+05	-5.302049e-02	1.533345e-01	0.000000e+00	-4.466725e+03	2.077336e+05
6.414100e-01	2.189681e+05	-5.320313e-02	1.536335e-01	0.000000e+00	-6.999196e+02	2.196680e+05
6.426000e-01	2.061186e+05	-5.338614e-02	1.539345e-01	0.000000e+00	-2.387179e+03	2.085058e+05
6.437900e-01	2.254240e+05	-5.356949e-02	1.542401e-01	0.000000e+00	-1.419953e+03	2.268440e+05
6.449800e-01	2.180184e+05	-5.375323e-02	1.545541e-01	0.000000e+00	-2.030104e+03	2.200485e+05
6.461700e-01	1.979956e+05	-5.393733e-02	1.548488e-01	0.000000e+00	-4.104685e+03	2.021003e+05
6.473600e-01	2.036542e+05	-5.412177e-02	1.551332e-01	0.000000e+00	-2.816074e+03	2.064703e+05
6.485500e-01	2.036308e+05	-5.430655e-02	1.554216e-01	0.000000e+00	-1.238083e+03	2.048689e+05
6.497400e-01	2.003265e+05	-5.449167e-02	1.557077e-01	0.000000e+00	-1.181801e+03	2.015083e+05
6.509300e-01	2.218443e+05	-5.467714e-02	1.560066e-01	0.000000e+00	-1.222013e+03	2.230663e+05
6.521200e-01	2.097895e+05	-5.486297e-02	1.563123e-01	0.000000e+00	-2.920105e+03	2.127096e+05
6.533100e-01	1.853479e+05	-5.504916e-02	1.565921e-01	0.000000e+00	-4.174645e+03	1.895225e+05
6.545000e-01	2.070937e+05	-5.523566e-02	1.568700e-01	0.000000e+00	-2.293568e+03	2.093873e+05
6.556900e-01	2.133666e+05	-5.542251e-02	1.571678e-01	0.000000e+00	-1.367314e+03	2.147339e+05
6.568800e-01	2.203995e+05	-5.560972e-02	1.574750e-01	0.000000e+00	-4.267372e+03	2.246669e+05
6.580700e-01	2.107647e+05	-5.579730e-02	1.577803e-01	0.000000e+00	-4.327165e+03	2.150919e+05
6.592600e-01	1.945808e+05	-5.598524e-02	1.580674e-01	0.000000e+00	-1.512141e+03	1.960930e+05
6.604500e-01	2.062026e+05	-5.617350e-02	1.583512e-01	0.000000e+00	-6.824230e+02	2.068851e+05
6.616400e-01	1.973170e+05	-5.636211e-02	1.586369e-01	0.000000e+00	-1.548370e+03	1.988654e+05
6.628300e-01	2.285293e+05	-5.655106e-02	1.589385e-01	0.000000e+00	-8.686166e+02	2.293979e+05
6.640200e-01	2.072874e+05	-5.674039e-02	1.592471e-01	0.000000e+00	-3.578426e+03	2.108659e+05
6.652100e-01	1.986475e+05	-5.693006e-02	1.595346e-01	0.000000e+00	-2.451380e+03	2.010989e+05
6.664000e-01	2.172300e+05	-5.712008e-02	1.598291e-01	0.000000e+00	-7.034685e+02	2.179335e+05
6.675900e-01	2.276234e+05	-5.731046e-02	1.601442e-01	0.000000e+00	-2.449526e+03	2.300730e+05
6.687800e-01	2.041019e+05	-5.750122e-02	1.604499e-01	0.000000e+00	-4.417945e+03	2.085199e+05
6.699700e-01	2.008740e+05	-5.769233e-02	1.607367e-01	0.000000e+00	-5.784246e+03	2.066583e+05
6.711600e-01	2.160246e+05	-5.788377e-02	1.610319e-01	0.000000e+00	-2.398459e+03	2.184231e+05
6.723500e-01	1.929986e+05	-5.807558e-02	1.613216e-01	0.000000e+00	-3.924167e+03	1.969228e+05
6.735400e-01	2.163759e+05	-5.826772e-02	1.616115e-01	0.000000e+00	-1.591167e+03	2.179670e+05
6.747300e-01	2.086849e+05	-5.846022e-02	1.619125e-01	0.000000e+00	-1.000410e+03	2.096853e+05
6.759200e-01	2.058411e+05	-5.865307e-02	1.622060e-01	0.000000e+00	-2.047930e+03	2.078891e+05
6.771100e-01	1.863716e+05	-5.884627e-02	1.624838e-01	0.000000e+00	-3.853218e+03	1.902248e+05
6.783000e-01	2.154737e+05	-5.903978e-02	1.627684e-01	0.000000e+00	-3.279803e+03	2.187535e+05
6.794900e-01	2.114151e+05	-5.923366e-02	1.630707e-01	0.000000e+00	-9.417544e+02	2.123568e+05
6.806800e-01	2.098737e+05	-5.942789e-02	1.633690e-01	0.000000e+00	-1.882445e+03	2.117561e+05
6.818700e-01	2.137955e+05	-5.962248e-02	1.636690e-01	0.000000e+00	-2.799451e+03	2.165949e+05
6.830600e-01	2.224950e+05	-5.981742e-02	1.639780e-01	0.000000e+00	-3.335683e+03	2.258307e+05
6.842500e-01	2.208517e+05	-6.001274e-02	1.642920e-01	0.000000e+00	-1.290066e+03	2.221417e+05
6.854400e-01	2.138569e+05	-6.020844e-02	1.645998e-01	0.000000e+00	-5.776438e+02	2.144346e+05
6.866300e-01	2.076089e+05	-6.040449e-02	1.648983e-01	0.000000e+00	-2.065707e+03	2.096746e+05
6.878200e-01	2.139456e+05	-6.060090e-02	1.651968e-01	0.000000e+00	-1.295637e+03	2.152413e+05
6.890100e-01	2.214232e+05	-6.079766e-02	1.655051e-01	0.000000e+00	-1.793895e+03	2.232171e+05
6.902000e-01	2.084775e+05	-6.099480e-02	1.658096e-01	0.000000e+00	-2.159324e+03	2.106368e+05
6.913900e-01	1.947924e+05	-6.119229e-02	1.660951e-01	0.000000e+00	-1.489409e+03	1.962818e+05
6.925800e-01	2.052905e+05	-6.139010e-02	1.663785e-01	0.000000e+00	-1.828956e+03	2.071195e+05
6.937700e-01	2.061236e+05	-6.158827e-02	1.666698e-01	0.000000e+00	-4.200885e+03	2.103245e+05
6.949600e-01	2.047306e+05	-6.178678e-02	1.669608e-01	0.000000e+00	-4.280434e+03	2.090110e+05
6.961500e-01	2.165428e+05	-6.198563e-02	1.672591e-01	0.000000e+00	-8.082192e+02	2.173510e+05
6.973400e-01	2.041849e+05	-6.218486e-02	1.675570e-01	0.000000e+00	-6.780240e+02	2.048629e+05
6.985300e-01	2.122052e+05	-6.238442e-02	1.678519e-01	0.000000e+00	-1.569119e+03	2.137744e+05
6.997200e-01	2.033309e+05	-6.258434e-02	1.681462e-01	0.000000e+00	-1.359802e+03	2.046907e+05
7.009100e-01	2.098949e+05	-6.278461e-02	1.684388e-01	0.000000e+00	-3.497916e+03	2.133928e+05
7.021000e-01	2.142698e+05	-6.298523e-02	1.687392e-01	0.000000e+00	-8.964474e+02	2.151662e+05
7.032900e-01	2.163749e+05	-6.318621e-02	1.690442e-01	0.000000e+00	-6.476532e+02	2.170226e+05
7.044800e-01	1.960968e+05	-6.338755e-02	1.693363e-01	0.000000e+00	-6.983025e+02	1.967951e+05
7.056700e-01	2.019025e+05	-6.358923e-02	1.696181e-01	0.000000e+00	-1.519253e+03	2.034218e+05
7.068600e-01	2.257315e+05	-6.379124e-02	1.699209e-01	0.000000e+00	-2.116439e+03	2.278480e+05
7.080500e-01	2.010521e+05	-6.399364e-02	1.702232e-01	0.000000e+00	-2.226301e+03	2.032784e+05
7.092400e-01	2.183051e+05	-6.419637e-02	1.705202e-01	0.000000e+00	-2.449054e+02	2.185500e+05
7.104300e-01	2.009716e+05	-6.439948e-02	1.708171e-01	0.000000e+00	-7.578240e+02	2.017294e+05
7.116200e-01	2.058364e+05	-6.460292e-02	1.711052e-01	0.000000e+00	-1.141314e+02	2.059505e+05
7.128100e-01	1.937923e+05	-6.480671e-02	1.713882e-01	0.000000e+00	-1.654583e+03	1.954469e+05
7.140000e-01	1.956942e+05	-6.501082e-02	1.716640e-01	0.000000e+00	-2.289766e+03	1.979839e+05
7.151900e-01	1.881484e+05	-6.521527e-02	1.719358e-01	0.000000e+00	-4.520327e+03	1.926687e+05
7.163800e-01	1.968877e+05	-6.542003e-02	1.722085e-01	0.000000e+00	-2.888225e+03	1.997760e+05
7.175700e-01	1.981827e+05	-6.562512e-02	1.724882e-01	0.000000e+00	-2.972775e+03	2.011554e+05
7.187600e-01	1.985362e+05	-6.583055e-02	1.727692e-01	0.000000e+00	-1.370793e+03	1.999070e+05
7.199500e-01	2.077453e+05	-6.603631e-02	1.730569e-01	0.000000e+00	-2.571876e+03	2.103171e+05
7.211400e-01	2.148728e+05	-6.624243e-02	1.733562e-01	0.000000e+00	-2.728608e+03	2.176014e+05
7.223300e-01	2.026639e+05	-6.644890e-02	1.736519e-01	0.000000e+00	-2.477367e+03	2.051413e+05
7.235200e-01	2.078539e+05	-6.665572e-02	1.739426e-01	0.000000e+00	-2.237346e+03	2.100912e+05
7.247100e-01	2.170442e+05	-6.686289e-02	1.742435e-01	0.000000e+00	-1.833908e+03	2.188781e+05
7.259000e-01	2.019464e+05	-6.707042e-02	1.745402e-01	0.000000e+00	-2.672236e+03	2.046186e+05
7.270900e-01	2.146566e+05	-6.727829e-02	1.748352e-01	0.000000e+00	-1.442009e+03	2.160986e+05
7.282800e-01	2.181846e+05	-6.748653e-02	1.751417e-01	0.000000e+00	-3.849756e+03	2.220344e+05
7.294700e-01	2.028627e+05	-6.769513e-02	1.754399e-01	0.000000e+00	-2.532398e+03	2.053951e+05
7.306600e-01	2.289852e+05	-6.790407e-02	1.757457e-01	0.000000e+00	-1.339694e+03	2.303249e+05
7.318500e-01	2.243608e+05	-6.811340e-02	1.760668e-01	0.000000e+00	-9.903820e+02	2.253512e+05
7.330400e-01	2.206116e+05	-6.832311e-02	1.763819e-01	0.000000e+00	-3.211299e+03	2.238229e+05
7.342300e-01	2.243674e+05	-6.853319e-02	1.766970e-01	0.000000e+00	-1.668717e+03	2.260361e+05
7.354200e-01	2.222302e+05	-6.874365e-02	1.770133e-01	0.000000e+00	-2.456466e+03	2.246867e+05
7.366100e-01	2.175941e+05	-6.895448e-02	1.773247e-01	0.000000e+00	-9.168337e+02	2.185109e+05
7.378000e-01	2.126306e+05	-6.916568e-02	1.776294e-01	0.000000e+00	-2.023063e+01	2.126508e+05
7.389900e-01	2.098148e+05	-6.937724e-02	1.779286e-01	0.000000e+00	-9.887652e+02	2.108036e+05
7.401800e-01	2.115771e+05	-6.958915e-02	1.782270e-01	0.000000e+00	-2.222102e+03	2.137992e+05
7.413700e-01	2.174699e+05	-6.980142e-02	1.785308e-01	0.000000e+00	-2.620803e+03	2.200907e+05
7.425600e-01	2.201708e+05	-7.001406e-02	1.788407e-01	0.000000e+00	-2.551460e+03	2.227223e+05
7.437500e-01	2.304597e+05	-7.022706e-02	1.791599e-01	0.000000e+00	-9.140918e+02	2.313738e+05
7.449400e-01	2.104912e+05	-7.044046e-02	1.794721e-01	0.000000e+00	-2.009660e+03	2.125009e+05
7.461300e-01	2.219137e+05	-7.065421e-02	1.797783e-01	0.000000e+00	-3.078688e+03	2.249924e+05
7.473200e-01	2.169149e+05	-7.086833e-02	1.800891e-01	0.000000e+00	-1.620002e+03	2.185349e+05
7.485100e-01	2.204365e+05	-7.108282e-02	1.803988e-01	0.000000e+00	-3.237238e+03	2.236737e+05
7.497000e-01	2.244654e+05	-7.129768e-02	1.807139e-01	0.000000e+00	-2.737062e+03	2.272024e+05
7.508900e-01	2.187779e+05	-7.151292e-02	1.810278e-01	0.000000e+00	-1.381241e+03	2.201592e+05
7.520800e-01	2.044498e+05	-7.172853e-02	1.813275e-01	0.000000e+00	-4.085756e+02	2.048584e+05
7.532700e-01	2.103158e+05	-7.194448e-02	1.816212e-01	0.000000e+00	-3.614432e+03	2.139303e+05
7.544600e-01	2.462766e+05	-7.216078e-02	1.819446e-01	0.000000e+00	-2.097916e+03	2.483745e+05
7.556500e-01	2.188621e+05	-7.237751e-02	1.822740e-01	0.000000e+00	-2.485566e+03	2.213476e+05
7.568400e-01	2.211836e+05	-7.259460e-02	1.825856e-01	0.000000e+00	-2.223332e+03	2.234069e+05
7.580300e-01	2.077176e+05	-7.281206e-02	1.828893e-01	0.000000e+00	-1.601257e+03	2.093189e+05
7.592200e-01	2.143602e+05	-7.302987e-02	1.831882e-01	0.000000e+00	-3.220308e+02	2.146822e+05
7.604100e-01	2.222167e+05	-7.324805e-02	1.834974e-01	0.000000e+00	-1.202681e+03	2.234194e+05
7.616000e-01	2.239587e+05	-7.346660e-02	1.838133e-01	0.000000e+00	-1.696579e+03	2.256553e+05
7.627900e-01	2.331180e+05	-7.368552e-02	1.841370e-01	0.000000e+00	-1.266681e+03	2.343846e+05
7.639800e-01	2.090340e+05	-7.390484e-02	1.844502e-01	0.000000e+00	-2.207235e+03	2.112412e+05
7.651700e-01	2.050447e+05	-7.412451e-02	1.847434e-01	0.000000e+00	-1.988374e+03	2.070331e+05
7.663600e-01	2.105203e+05	-7.434453e-02	1.850377e-01	0.000000e+00	-3.213196e+03	2.137335e+05
7.675500e-01	2.233074e+05	-7.456490e-02	1.853449e-01	0.000000e+00	-1.008091e+03	2.243154e+05
7.687400e-01	2.153737e+05	-7.478565e-02	1.856556e-01	0.000000e+00	-2.661522e+03	2.180352e+05
7.699300e-01	2.093976e+05	-7.500676e-02	1.859564e-01	0.000000e+00	-2.173207e+03	2.115708e+05
7.711200e-01	2.286137e+05	-7.522823e-02	1.862665e-01	0.000000e+00	-2.141243e+03	2.307550e+05
7.723100e-01	2.107089e+05	-7.545008e-02	1.865777e-01	0.000000e+00	-1.621218e+03	2.123301e+05
7.735000e-01	1.992201e+05	-7.567228e-02	1.868680e-01	0.000000e+00	-3.634986e+03	2.028551e+05
7.746900e-01	2.185936e+05	-7.589482e-02	1.871638e-01	0.000000e+00	-2.075743e+03	2.206693e+05
7.758800e-01	2.060741e+05	-7.611773e-02	1.874646e-01	0.000000e+00	-3.250053e+02	2.063991e+05
7.770700e-01	2.167240e+05	-7.634099e-02	1.877640e-01	0.000000e+00	-5.153309e+02	2.172394e+05
7.782600e-01	2.152563e+05	-7.656461e-02	1.880699e-01	0.000000e+00	-2.162806e+02	2.154726e+05
7.794500e-01	2.196115e+05	-7.678860e-02	1.883779e-01	0.000000e+00	-2.569165e+03	2.221807e+05
7.806400e-01	2.133296e+05	-7.701295e-02	1.886844e-01	0.000000e+00	-1.825934e+03	2.151556e+05
7.818300e-01	2.060782e+05	-7.723767e-02	1.889815e-01	0.000000e+00	-2.027593e+03	2.081058e+05
7.830200e-01	1.913090e+05	-7.746273e-02	1.892629e-01	0.000000e+00	-1.840263e+03	1.931492e+05
7.842100e-01	2.116189e+05	-7.768811e-02	1.895482e-01	0.000000e+00	-3.528307e+03	2.151472e+05
7.854000e-01	2.021993e+05	-7.791385e-02	1.898413e-01	0.000000e+00	-2.191662e+03	2.043910e+05
7.865900e-01	2.061770e+05	-7.813993e-02	1.901305e-01	0.000000e+00	-9.268457e+02	2.071039e+05
7.877800e-01	2.267599e+05	-7.836636e-02	1.904371e-01	0.000000e+00	-8.003368e+02	2.275602e+05
7.889700e-01	2.267828e+05	-7.859317e-02	1.907582e-01	0.000000e+00	-1.988850e+03	2.287717e+05
7.901600e-01	2.313812e+05	-7.882037e-02	1.910827e-01	0.000000e+00	-2.118185e+03	2.334994e+05
7.913500e-01	2.271263e+05	-7.904795e-02	1.914074e-01	0.000000e+00	-1.815318e+03	2.289416e+05
7.925400e-01	2.173540e+05	-7.927592e-02	1.917222e-01	0.000000e+00	-1.935564e+03	2.192895e+05
7.937300e-01	2.209350e+05	-7.950425e-02	1.920325e-01	0.000000e+00	-6.843814e+02	2.216194e+05
7.949200e-01	2.338598e+05	-7.973295e-02	1.923546e-01	0.000000e+00	-7.413990e+02	2.346012e+05
7.961100e-01	2.055890e+05	-7.996205e-02	1.926658e-01	0.000000e+00	0.000000e+00	2.055890e+05
7.973000e-01	2.174789e+05	-8.019150e-02	1.929654e-01	0.000000e+00	-1.108365e+03	2.185873e+05
7.984900e-01	2.279768e+05	-8.042131e-02	1.932809e-01	0.000000e+00	-1.653867e+03	2.296307e+05
7.996800e-01	2.293404e+05	-8.065151e-02	1.936047e-01	0.000000e+00	-2.784018e+03	2.321244e+05
8.008700e-01	2.384525e+05	-8.088209e-02	1.939360e-01	0.000000e+00	-2.091848e+03	2.405443e+05
8.020600e-01	2.118616e+05	-8.111307e-02	1.942549e-01	0.000000e+00	-3.389083e+03	2.152507e+05
8.032500e-01	2.187018e+05	-8.134442e-02	1.945598e-01	0.000000e+00	-3.564469e+03	2.222663e+05
8.044400e-01	1.988094e+05	-8.157613e-02	1.948555e-01	0.000000e+00	-3.566038e+03	2.023754e+05
8.056300e-01	2.167494e+05	-8.180817e-02	1.951498e-01	0.000000e+00	-1.170041e+03	2.179194e+05
8.068200e-01	2.277820e+05	-8.204058e-02	1.954646e-01	0.000000e+00	-1.371326e+03	2.291533e+05
8.080100e-01	2.163904e+05	-8.227338e-02	1.957791e-01	0.000000e+00	-1.990019e+03	2.183804e+05
8.092000e-01	2.062093e+05	-8.250654e-02	1.960784e-01	0.000000e+00	-5.672165e+02	2.067765e+05
8.103900e-01	2.073194e+05	-8.274004e-02	1.963712e-01	0.000000e+00	-3.349876e+03	2.106692e+05
8.115800e-01	2.027877e+05	-8.297390e-02	1.966616e-01	0.000000e+00	-7.782222e+02	2.035659e+05
8.127700e-01	2.104735e+05	-8.320810e-02	1.969543e-01	0.000000e+00	-2.233711e+03	2.127072e+05
8.139600e-01	2.315759e+05	-8.344265e-02	1.972673e-01	0.000000e+00	-4.366321e+03	2.359422e+05
8.151500e-01	2.088233e+05	-8.367760e-02	1.975792e-01	0.000000e+00	-1.309695e+03	2.101330e+05
8.163400e-01	2.051901e+05	-8.391289e-02	1.978724e-01	0.000000e+00	-1.369265e+03	2.065593e+05
8.175300e-01	2.101045e+05	-8.414853e-02	1.981665e-01	0.000000e+00	-2.055000e+03	2.121595e+05
8.187200e-01	2.159866e+05	-8.438453e-02	1.984682e-01	0.000000e+00	-2.311939e+03	2.182985e+05
8.199100e-01	2.232612e+05	-8.462089e-02	1.987793e-01	0.000000e+00	-2.327551e+03	2.255888e+05
8.211000e-01	2.110107e+05	-8.485762e-02	1.990868e-01	0.000000e+00	-1.507084e+03	2.125178e+05
8.222900e-01	2.282151e+05	-8.509471e-02	1.993979e-01	0.000000e+00	-2.961196e+03	2.311763e+05
8.234800e-01	2.057129e+05	-8.533219e-02	1.997052e-01	0.000000e+00	-2.287045e+03	2.080000e+05
8.246700e-01	1.974958e+05	-8.557001e-02	1.999907e-01	0.000000e+00	-3.788497e+03	2.012843e+05
8.258600e-01	2.020149e+05	-8.580817e-02	2.002736e-01	0.000000e+00	-1.996502e+03	2.040114e+05
8.270500e-01	2.245421e+05	-8.604666e-02	2.005757e-01	0.000000e+00	-1.640869e+03	2.261830e+05
8.282400e-01	2.001378e+05	-8.628554e-02	2.008765e-01	0.000000e+00	-4.441276e+02	2.005819e+05
8.294300e-01	2.233610e+05	-8.652475e-02	2.011764e-01	0.000000e+00	-5.903655e+02	2.239513e+05
8.306200e-01	2.292795e+05	-8.676434e-02	2.014969e-01	0.000000e+00	-3.977600e+03	2.332571e+05
8.318100e-01	2.110416e+05	-8.700431e-02	2.018087e-01	0.000000e+00	-3.293780e+03	2.143354e+05
8.330000e-01	2.331723e+05	-8.724464e-02	2.021233e-01	0.000000e+00	-1.548583e+03	2.347209e+05
8.341900e-01	2.303101e+05	-8.748536e-02	2.024515e-01	0.000000e+00	-1.335696e+03	2.316458e+05
8.353800e-01	2.195120e+05	-8.772648e-02	2.027701e-01	0.000000e+00	-4.330234e+03	2.238422e+05
8.365700e-01	2.205342e+05	-8.796796e-02	2.030817e-01	0.000000e+00	-2.827123e+03	2.233613e+05
8.377600e-01	2.106508e+05	-8.820981e-02	2.033870e-01	0.000000e+00	-1.807407e+03	2.124582e+05
8.389500e-01	2.153056e+05	-8.845202e-02	2.036887e-01	0.000000e+00	-1.556073e+03	2.168617e+05
8.401400e-01	2.149618e+05	-8.869459e-02	2.039934e-01	0.000000e+00	-3.050364e+03	2.180122e+05
8.413300e-01	2.133486e+05	-8.893752e-02	2.042967e-01	0.000000e+00	-1.846316e+03	2.151949e+05
8.425200e-01	2.091829e+05	-8.918082e-02	2.045959e-01	0.000000e+00	-2.031415e+03	2.112143e+05
8.437100e-01	2.189477e+05	-8.942446e-02	2.048991e-01	0.000000e+00	-1.086829e+03	2.200346e+05
8.449000e-01	2.128219e+05	-8.966848e-02	2.052049e-01	0.000000e+00	-2.947031e+02	2.131166e+05
8.460900e-01	2.165879e+05	-8.991285e-02	2.055090e-01	0.000000e+00	-6.756107e+02	2.172635e+05
8.472800e-01	2.230471e+05	-9.015759e-02	2.058203e-01	0.000000e+00	-3.569968e+02	2.234041e+05
8.484700e-01	2.224217e+05	-9.040270e-02	2.061358e-01	0.000000e+00	-1.716613e+03	2.241383e+05
8.496600e-01	2.253216e+05	-9.064819e-02	2.064528e-01	0.000000e+00	-4.473985e+02	2.257690e+05
8.508500e-01	2.154219e+05	-9.089406e-02	2.067650e-01	0.000000e+00	-3.398811e+02	2.157618e+05
8.520400e-01	2.147533e+05	-9.114029e-02	2.070696e-01	0.000000e+00	-1.135136e+03	2.158885e+05
8.532300e-01	2.134564e+05	-9.138688e-02	2.073728e-01	0.000000e+00	-2.056551e+02	2.136620e+05
8.544200e-01	2.068460e+05	-9.163384e-02	2.076705e-01	0.000000e+00	-1.169640e+03	2.080156e+05
8.556100e-01	2.121076e+05	-9.188114e-02	2.079672e-01	0.000000e+00	-6.571369e+02	2.127647e+05
8.568000e-01	2.217348e+05	-9.212880e-02	2.082744e-01	0.000000e+00	-6.942320e+02	2.224291e+05
8.579900e-01	2.264292e+05	-9.237683e-02	2.085918e-01	0.000000e+00	-7.951699e+02	2.272244e+05
8.591800e-01	2.085097e+05	-9.262525e-02	2.088998e-01	0.000000e+00	-1.936020e+03	2.104458e+05
8.603700e-01	1.917661e+05	-9.287402e-02	2.091833e-01	0.000000e+00	-2.470409e+03	1.942365e+05
8.615600e-01	2.286625e+05	-9.312310e-02	2.094810e-01	0.000000e+00	-1.554869e+03	2.302174e+05
8.627500e-01	2.339329e+05	-9.337258e-02	2.098086e-01	0.000000e+00	-1.675511e+03	2.356084e+05
8.639400e-01	2.202635e+05	-9.362245e-02	2.101302e-01	0.000000e+00	-2.507635e+03	2.227711e+05
8.651300e-01	2.088648e+05	-9.387269e-02	2.104341e-01	0.000000e+00	-2.505765e+03	2.113706e+05
8.663200e-01	2.120411e+05	-9.412328e-02	2.107322e-01	0.000000e+00	0.000000e+00	2.120411e+05
8.675100e-01	1.983497e+05	-9.437423e-02	2.110228e-01	0.000000e+00	-2.197118e+03	2.005468e+05
8.687000e-01	2.222431e+05	-9.462552e-02	2.113207e-01	0.000000e+00	-2.706233e+03	2.249493e+05
8.698900e-01	2.212342e+05	-9.487718e-02	2.116347e-01	0.000000e+00	-3.446820e+03	2.246811e+05
8.710800e-01	2.134225e+05	-9.512921e-02	2.119425e-01	0.000000e+00	-3.630255e+03	2.170527e+05
8.722700e-01	2.063733e+05	-9.538160e-02	2.122398e-01	0.000000e+00	-2.833671e+03	2.092070e+05
8.734600e-01	2.256843e+05	-9.563434e-02	2.125458e-01	0.000000e+00	-2.800837e+03	2.284852e+05
8.746500e-01	2.187687e+05	-9.588746e-02	2.128605e-01	0.000000e+00	-2.663882e+03	2.214326e+05
8.758400e-01	2.179365e+05	-9.614095e-02	2.131698e-01	0.000000e+00	-7.295883e+02	2.186661e+05
8.770300e-01	2.374704e+05	-9.639480e-02	2.134923e-01	0.000000e+00	-9.570011e+02	2.384274e+05
8.782200e-01	2.229415e+05	-9.664906e-02	2.138183e-01	0.000000e+00	-2.145560e+03	2.250870e+05
8.794100e-01	2.089456e+05	-9.690369e-02	2.141242e-01	0.000000e+00	-7.270052e+02	2.096726e+05
8.806000e-01	1.939129e+05	-9.715867e-02	2.144095e-01	0.000000e+00	-3.457724e+03	1.973706e+05
8.817900e-01	2.127979e+05	-9.741398e-02	2.146975e-01	0.000000e+00	-3.510202e+03	2.163081e+05
8.829800e-01	2.158445e+05	-9.766965e-02	2.150010e-01	0.000000e+00	-1.807550e+03	2.176521e+05
8.841700e-01	2.300815e+05	-9.792569e-02	2.153168e-01	0.000000e+00	0.000000e+00	2.300815e+05
8.853600e-01	2.261497e+05	-9.818211e-02	2.156399e-01	0.000000e+00	-6.783639e+02	2.268280e+05
8.865500e-01	2.329303e+05	-9.843891e-02	2.159650e-01	0.000000e+00	-6.071638e+02	2.335374e+05
8.877400e-01	2.440829e+05	-9.869610e-02	2.163028e-01	0.000000e+00	-1.226192e+03	2.453091e+05
8.889300e-01	2.490032e+05	-9.895371e-02	2.166520e-01	0.000000e+00	-2.003822e+03	2.510070e+05
8.901200e-01	2.236672e+05	-9.921174e-02	2.169867e-01	0.000000e+00	-2.207147e+03	2.258743e+05
8.913100e-01	2.302741e+05	-9.947014e-02	2.173082e-01	0.000000e+00	-2.913955e+02	2.305655e+05
8.925000e-01	2.236257e+05	-9.972893e-02	2.176296e-01	0.000000e+00	-1.148288e+03	2.247740e+05
8.936900e-01	2.174761e+05	-9.998810e-02	2.179420e-01	0.000000e+00	-1.412488e+03	2.188886e+05
8.948800e-01	2.267976e+05	-1.002476e-01	2.182566e-01	0.000000e+00	-1.373989e+03	2.281716e+05
8.960700e-01	2.097602e+05	-1.005075e-01	2.185658e-01	0.000000e+00	-1.248547e+03	2.110088e+05
8.972600e-01	2.188235e+05	-1.007678e-01	2.188693e-01	0.000000e+00	-4.076444e+02	2.192311e+05
8.984500e-01	2.261824e+05	-1.010285e-01	2.191844e-01	0.000000e+00	0.000000e+00	2.261824e+05
8.996400e-01	1.955122e+05	-1.012895e-01	2.194831e-01	0.000000e+00	-6.051077e+02	1.961173e+05
9.008300e-01	2.059669e+05	-1.015508e-01	2.197674e-01	0.000000e+00	-1.057919e+03	2.070248e+05
9.020200e-01	2.141170e+05	-1.018125e-01	2.200649e-01	0.000000e+00	-1.764586e+01	2.141346e+05
9.032100e-01	2.212185e+05	-1.020746e-01	2.203732e-01	0.000000e+00	-1.370045e+02	2.213555e+05
9.044000e-01	2.264544e+05	-1.023370e-01	2.206902e-01	0.000000e+00	-1.283931e+03	2.277383e+05
9.055900e-01	2.370780e+05	-1.025998e-01	2.210184e-01	0.000000e+00	-2.199392e+03	2.392773e+05
9.067800e-01	2.237439e+05	-1.028630e-01	2.213448e-01	0.000000e+00	-1.012965e+03	2.247569e+05
9.079700e-01	2.234122e+05	-1.031266e-01	2.216614e-01	0.000000e+00	-1.221781e+03	2.246339e+05
9.091600e-01	2.127118e+05	-1.033906e-01	2.219703e-01	0.000000e+00	-9.979908e+02	2.137098e+05
9.103500e-01	2.170485e+05	-1.036549e-01	2.222746e-01	0.000000e+00	-1.304568e+03	2.183531e+05
9.115400e-01	2.129690e+05	-1.039196e-01	2.225791e-01	0.000000e+00	-6.717589e+02	2.136408e+05
9.127300e-01	2.152349e+05	-1.041847e-01	2.228824e-01	0.000000e+00	-1.206854e+03	2.164418e+05
9.139200e-01	2.306102e+05	-1.044501e-01	2.231981e-01	0.000000e+00	-2.284856e+03	2.328950e+05
9.151100e-01	2.073880e+05	-1.047159e-01	2.235083e-01	0.000000e+00	-1.124277e+03	2.085123e+05
9.163000e-01	2.176095e+05	-1.049820e-01	2.238093e-01	0.000000e+00	0.000000e+00	2.176095e+05
9.174900e-01	2.151076e+05	-1.052485e-01	2.241157e-01	0.000000e+00	-8.183651e+01	2.151895e+05
9.186800e-01	2.210603e+05	-1.055154e-01	2.244246e-01	0.000000e+00	-2.534062e+03	2.235944e+05
9.198700e-01	2.102298e+05	-1.057827e-01	2.247300e-01	0.000000e+00	-1.957383e+03	2.121871e+05
9.210600e-01	2.102909e+05	-1.060503e-01	2.250278e-01	0.000000e+00	-2.859879e+03	2.131508e+05
9.222500e-01	2.232076e+05	-1.063182e-01	2.253348e-01	0.000000e+00	-3.670100e+03	2.268777e+05
9.234400e-01	2.168983e+05	-1.065866e-01	2.256464e-01	0.000000e+00	-2.224579e+03	2.191229e+05
9.246300e-01	2.167853e+05	-1.068553e-01	2.259536e-01	0.000000e+00	-2.612191e+03	2.193974e+05
9.258200e-01	2.301863e+05	-1.071243e-01	2.262701e-01	0.000000e+00	-9.067572e+02	2.310931e+05
9.270100e-01	2.179753e+05	-1.073938e-01	2.265875e-01	0.000000e+00	-1.152387e+03	2.191277e+05
9.282000e-01	2.291396e+05	-1.076636e-01	2.269041e-01	0.000000e+00	-3.398671e+03	2.325383e+05
9.293900e-01	2.045461e+05	-1.079338e-01	2.272112e-01	0.000000e+00	-2.204567e+03	2.067507e+05
9.305800e-01	2.212193e+05	-1.082044e-01	2.275127e-01	0.000000e+00	-1.147646e+03	2.223669e+05
9.317700e-01	2.193323e+05	-1.084753e-01	2.278247e-01	0.000000e+00	-1.576240e+03	2.209086e+05
9.329600e-01	2.152131e+05	-1.087466e-01	2.281324e-01	0.000000e+00	-1.342125e+03	2.165552e+05
9.341500e-01	1.899376e+05	-1.090183e-01	2.284194e-01	0.000000e+00	-2.240069e+03	1.921777e+05
9.353400e-01	2.055455e+05	-1.092902e-01	2.286994e-01	0.000000e+00	-1.363546e+03	2.069090e+05
9.365300e-01	2.229958e+05	-1.095626e-01	2.290029e-01	0.000000e+00	-9.906207e+02	2.239864e+05
9.377200e-01	2.133538e+05	-1.098353e-01	2.293119e-01	0.000000e+00	-2.702804e+03	2.160566e+05
9.389100e-01	2.236876e+05	-1.101083e-01	2.296214e-01	0.000000e+00	-1.168991e+03	2.248566e+05
9.401000e-01	2.296385e+05	-1.103818e-01	2.299424e-01	0.000000e+00	-2.444897e+03	2.320834e+05
9.412900e-01	2.276360e+05	-1.106556e-01	2.302663e-01	0.000000e+00	-1.967363e+03	2.296033e+05
9.424800e-01	2.181678e+05	-1.109298e-01	2.305820e-01	0.000000e+00	-1.904129e+03	2.200720e+05
9.436700e-01	2.390293e+05	-1.112044e-01	2.309057e-01	0.000000e+00	-1.998557e+03	2.410279e+05
9.448600e-01	2.146913e+05	-1.114793e-01	2.312270e-01	0.000000e+00	-1.186559e+03	2.158779e+05
9.460500e-01	2.199903e+05	-1.117547e-01	2.315349e-01	0.000000e+00	-5.825281e+02	2.205728e+05
9.472400e-01	2.215615e+05	-1.120304e-01	2.318476e-01	0.000000e+00	-2.316317e+03	2.238778e+05
9.484300e-01	2.259998e+05	-1.123065e-01	2.321645e-01	0.000000e+00	-1.967404e+03	2.279672e+05
9.496200e-01	2.169324e+05	-1.125830e-01	2.324782e-01	0.000000e+00	-1.171167e+03	2.181036e+05
9.508100e-01	2.198672e+05	-1.128598e-01	2.327875e-01	0.000000e+00	-1.254167e+03	2.211213e+05
9.520000e-01	2.108051e+05	-1.131370e-01	2.330925e-01	0.000000e+00	-8.539691e+02	2.116591e+05
9.531900e-01	2.150743e+05	-1.134145e-01	2.333941e-01	0.000000e+00	-6.805628e+02	2.157549e+05
9.543800e-01	2.018100e+05	-1.136925e-01	2.336893e-01	0.000000e+00	-1.104940e+03	2.029150e+05
9.555700e-01	2.149181e+05	-1.139707e-01	2.339844e-01	0.000000e+00	-1.330840e+03	2.162490e+05
9.567600e-01	2.121606e+05	-1.142493e-01	2.342869e-01	0.000000e+00	-1.227891e+03	2.133885e+05
9.579500e-01	2.329614e+05	-1.145283e-01	2.346021e-01	0.000000e+00	-1.494860e+03	2.344563e+05
9.591400e-01	2.330489e+05	-1.148077e-01	2.349321e-01	0.000000e+00	-1.337302e+03	2.343862e+05
9.603300e-01	2.097476e+05	-1.150875e-01	2.352457e-01	0.000000e+00	-3.101111e+03	2.128487e+05
9.615200e-01	2.217701e+05	-1.153676e-01	2.355513e-01	0.000000e+00	-1.538726e+03	2.233088e+05
9.627100e-01	2.285593e+05	-1.156481e-01	2.358702e-01	0.000000e+00	-3.005576e+03	2.315648e+05
9.639000e-01	2.378901e+05	-1.159290e-01	2.362005e-01	0.000000e+00	-9.349687e+02	2.388251e+05
9.650900e-01	2.193259e+05	-1.162102e-01	2.365243e-01	0.000000e+00	-2.104074e+03	2.214300e+05
9.662800e-01	2.226192e+05	-1.164919e-01	2.368372e-01	0.000000e+00	-1.445381e+03	2.240646e+05
9.674700e-01	1.953317e+05	-1.167739e-01	2.371332e-01	0.000000e+00	-2.232402e+03	1.975641e+05
9.686600e-01	2.207471e+05	-1.170563e-01	2.374279e-01	0.000000e+00	-1.150441e+03	2.218975e+05
9.698500e-01	2.243314e+05	-1.173390e-01	2.377431e-01	0.000000e+00	-4.064844e+02	2.247379e+05
9.710400e-01	2.309426e+05	-1.176221e-01	2.380655e-01	0.000000e+00	-1.715320e+03	2.326579e+05
9.722300e-01	2.197970e+05	-1.179056e-01	2.383847e-01	0.000000e+00	-8.111143e+02	2.206081e+05
9.734200e-01	2.399941e+05	-1.181894e-01	2.387103e-01	0.000000e+00	-5.204911e+02	2.405146e+05
9.746100e-01	2.434601e+05	-1.184737e-01	2.390526e-01	0.000000e+00	-1.506524e+03	2.449666e+05
9.758000e-01	2.357208e+05	-1.187584e-01	2.393920e-01	0.000000e+00	-2.595013e+03	2.383159e+05
9.769900e-01	2.250055e+05	-1.190435e-01	2.397182e-01	0.000000e+00	-1.606434e+03	2.266119e+05
9.781800e-01	2.063193e+05	-1.193289e-01	2.400237e-01	0.000000e+00	-8.938646e+02	2.072132e+05
9.793700e-01	2.297141e+05	-1.196147e-01	2.403325e-01	0.000000e+00	-1.672474e+03	2.313865e+05
9.805600e-01	2.125717e+05	-1.199009e-01	2.406457e-01	0.000000e+00	-2.955395e+03	2.155271e+05
9.817500e-01	2.246903e+05	-1.201875e-01	2.409553e-01	0.000000e+00	-1.871631e+03	2.265619e+05
9.829400e-01	2.280506e+05	-1.204744e-01	2.412760e-01	0.000000e+00	-2.217922e+03	2.302685e+05
9.841300e-01	2.092171e+05	-1.207617e-01	2.415856e-01	0.000000e+00	-2.235736e+03	2.114529e+05
9.853200e-01	2.174024e+05	-1.210494e-01	2.418877e-01	0.000000e+00	-8.190107e+02	2.182214e+05
9.865100e-01	2.148038e+05	-1.213374e-01	2.421938e-01	0.000000e+00	-7.129733e+02	2.155167e+05
9.877000e-01	2.193978e+05	-1.216258e-01	2.425013e-01	0.000000e+00	-1.925661e+03	2.213234e+05
9.888900e-01	2.252248e+05	-1.219145e-01	2.428162e-01	0.000000e+00	-7.440361e+02	2.259688e+05
9.900800e-01	2.289151e+05	-1.222037e-01	2.431378e-01	0.000000e+00	-8.357618e+02	2.297509e+05
9.912700e-01	2.047408e+05	-1.224932e-01	2.434449e-01	0.000000e+00	-1.374375e+03	2.061151e+05
9.924600e-01	2.072768e+05	-1.227831e-01	2.437366e-01	0.000000e+00	-1.582312e+03	2.088591e+05
9.936500e-01	2.223433e+05	-1.230733e-01	2.440409e-01	0.000000e+00	-1.998138e+03	2.243414e+05
9.948400e-01	2.171826e+05	-1.233639e-01	2.443521e-01	0.000000e+00	-1.529446e+03	2.187120e+05
9.960300e-01	2.092330e+05	-1.236549e-01	2.446541e-01	0.000000e+00	-5.106523e+02	2.097437e+05
9.972200e-01	2.224709e+05	-1.239462e-01	2.449598e-01	0.000000e+00	-6.153521e+02	2.230863e+05
9.984100e-01	2.304418e+05	-1.242379e-01	2.452806e-01	0.000000e+00	-1.170643e+03	2.316124e+05
9.996000e-01	1.953656e+05	-1.245299e-01	2.455821e-01	0.000000e+00	-1.307690e+03	1.966733e+05
1.000790e+00	2.089219e+05	-1.248224e-01	2.458684e-01	0.000000e+00	-2.170713e+02	2.091390e+05
1.001980e+00	2.134538e+05	-1.251151e-01	2.461675e-01	0.000000e+00	-6.983721e+02	2.141522e+05
1.003170e+00	2.283397e+05	-1.254082e-01	2.464804e-01	0.000000e+00	-2.458351e+03	2.307980e+05
1.004360e+00	2.273861e+05	-1.257017e-01	2.468031e-01	0.000000e+00	-1.393300e+03	2.287794e+05
1.005550e+00	2.133234e+05	-1.259956e-01	2.471152e-01	0.000000e+00	-2.749222e+02	2.135983e+05
1.006740e+00	2.062766e+05	-1.262899e-01	2.474124e-01	0.000000e+00	-9.630664e+02	2.072397e+05
1.007930e+00	2.225941e+05	-1.265845e-01	2.477161e-01	0.000000e+00	-1.485510e+03	2.240796e+05
1.009120e+00	2.179071e+05	-1.268794e-01	2.480280e-01	0.000000e+00	-2.940950e+02	2.182012e+05
1.010310e+00	2.285886e+05	-1.271748e-01	2.483442e-01	0.000000e+00	-2.329378e+03	2.309180e+05
1.011500e+00	2.192240e+05	-1.274705e-01	2.486613e-01	0.000000e+00	-2.223235e+03	2.214472e+05
1.012690e+00	2.298922e+05	-1.277666e-01	2.489794e-01	0.000000e+00	-1.248528e+03	2.311407e+05
1.013880e+00	2.336009e+05	-1.280631e-01	2.493076e-01	0.000000e+00	-1.221581e+03	2.348225e+05
1.015070e+00	2.118941e+05	-1.283599e-01	2.496231e-01	0.000000e+00	-3.186410e+02	2.122128e+05
1.016260e+00	2.047715e+05	-1.286572e-01	2.499182e-01	0.000000e+00	-6.659728e+02	2.054375e+05
1.017450e+00	2.155669e+05	-1.289547e-01	2.502158e-01	0.000000e+00	-1.743634e+02	2.157412e+05
1.018640e+00	2.343246e+05	-1.292527e-01	2.505344e-01	0.000000e+00	0.000000e+00	2.343246e+05
1.019830e+00	2.348676e+05	-1.295510e-01	2.508667e-01	0.000000e+00	-5.602688e+02	2.354279e+05
1.021020e+00	2.173647e+05	-1.298497e-01	2.511869e-01	0.000000e+00	-1.067672e+03	2.184323e+05
1.022210e+00	2.209525e+05	-1.301488e-01	2.514973e-01	0.000000e+00	-4.446554e+02	2.213972e+05
1.023400e+00	2.224454e+05	-1.304483e-01	2.518113e-01	0.000000e+00	-1.253239e+03	2.236987e+05
1.024590e+00	2.264278e+05	-1.307481e-01	2.521292e-01	0.000000e+00	-2.419880e+03	2.288477e+05
1.025780e+00	2.189926e+05	-1.310484e-01	2.524447e-01	0.000000e+00	-3.155550e+03	2.221482e+05
1.026970e+00	2.173936e+05	-1.313490e-01	2.527537e-01	0.000000e+00	-1.182768e+03	2.185764e+05
1.028160e+00	2.136098e+05	-1.316499e-01	2.530589e-01	0.000000e+00	-8.132484e+02	2.144230e+05
1.029350e+00	2.223381e+05	-1.319512e-01	2.533676e-01	0.000000e+00	-2.264164e+03	2.246022e+05
1.030540e+00	2.307585e+05	-1.322529e-01	2.536885e-01	0.000000e+00	-1.731149e+03	2.324897e+05
1.031730e+00	2.266829e+05	-1.325550e-01	2.540124e-01	0.000000e+00	-5.588329e+02	2.272417e+05
1.032920e+00	2.176889e+05	-1.328575e-01	2.543271e-01	0.000000e+00	-1.175293e+03	2.188642e+05
1.034110e+00	2.116458e+05	-1.331603e-01	2.546312e-01	0.000000e+00	-3.236202e+03	2.148820e+05
1.035300e+00	2.188790e+05	-1.334635e-01	2.549361e-01	0.000000e+00	-2.493601e+03	2.213726e+05
1.036490e+00	2.223420e+05	-1.337671e-01	2.552485e-01	0.000000e+00	-1.148859e+03	2.234909e+05
1.037680e+00	2.229405e+05	-1.340710e-01	2.555638e-01	0.000000e+00	-1.943614e+03	2.248841e+05
1.038870e+00	2.277907e+05	-1.343753e-01	2.558830e-01	0.000000e+00	-1.234215e+03	2.290250e+05
1.040060e+00	2.224611e+05	-1.346800e-01	2.562019e-01	0.000000e+00	-2.193681e+03	2.246548e+05
1.041250e+00	2.188304e+05	-1.349851e-01	2.565144e-01	0.000000e+00	-9.354042e+02	2.197658e+05
1.042440e+00	2.050262e+05	-1.352905e-01	2.568146e-01	0.000000e+00	-4.398046e+02	2.054660e+05
1.043630e+00	2.126596e+05	-1.355963e-01	2.571103e-01	0.000000e+00	-1.621882e+02	2.128217e+05
1.044820e+00	2.222463e+05	-1.359024e-01	2.574183e-01	0.000000e+00	-6.781480e+02	2.229244e+05
1.046010e+00	2.348380e+05	-1.362089e-01	2.577420e-01	0.000000e+00	0.000000e+00	2.348380e+05
1.047200e+00	2.447429e+05	-1.365159e-01	2.580816e-01	0.000000e+00	-4.054903e+02	2.451484e+05
1.048390e+00	2.324478e+05	-1.368232e-01	2.584196e-01	0.000000e+00	-4.348458e+02	2.328827e+05
1.049580e+00	2.275341e+05	-1.371309e-01	2.587453e-01	0.000000e+00	-1.532060e+03	2.290662e+05
1.050770e+00	2.356083e+05	-1.374390e-01	2.590733e-01	0.000000e+00	-2.420769e+03	2.380291e+05
1.051960e+00	2.192035e+05	-1.377475e-01	2.593954e-01	0.000000e+00	-2.488513e+02	2.194524e+05
1.053150e+00	2.354297e+05	-1.380564e-01	2.597173e-01	0.000000e+00	-1.484540e+03	2.369142e+05
1.054340e+00	2.046530e+05	-1.383656e-01	2.600290e-01	0.000000e+00	-7.234018e+02	2.053764e+05
1.055530e+00	2.020074e+05	-1.386752e-01	2.603170e-01	0.000000e+00	-6.352528e+02	2.026426e+05
1.056720e+00	2.361791e+05	-1.389852e-01	2.606273e-01	0.000000e+00	-6.566855e+02	2.368358e+05
1.057910e+00	2.398380e+05	-1.392955e-01	2.609644e-01	0.000000e+00	-9.087844e+02	2.407468e+05
1.059100e+00	2.229612e+05	-1.396063e-01	2.612921e-01	0.000000e+00	-1.667945e+03	2.246292e+05
1.060290e+00	2.275843e+05	-1.399174e-01	2.616112e-01	0.000000e+00	-1.527467e+03	2.291117e+05
1.061480e+00	2.145148e+05	-1.402289e-01	2.619243e-01	0.000000e+00	-1.092428e+03	2.156072e+05
1.062670e+00	2.439701e+05	-1.405408e-01	2.622489e-01	0.000000e+00	-1.218951e+03	2.451891e+05
1.063860e+00	2.347353e+05	-1.408531e-01	2.625879e-01	0.000000e+00	-1.685778e+02	2.349039e+05
1.065050e+00	2.309492e+05	-1.411657e-01	2.629177e-01	0.000000e+00	-1.212232e+03	2.321614e+05
1.066240e+00	2.098539e+05	-1.414788e-01	2.632299e-01	0.000000e+00	-4.684404e+02	2.103224e+05
1.067430e+00	2.134389e+05	-1.417922e-01	2.635296e-01	0.000000e+00	-1.681221e+02	2.136070e+05
1.068620e+00	2.178081e+05	-1.421060e-01	2.638350e-01	0.000000e+00	-2.025926e+03	2.198341e+05
1.069810e+00	2.192063e+05	-1.424201e-01	2.641445e-01	0.000000e+00	-1.785513e+03	2.209918e+05
1.071000e+00	2.287251e+05	-1.427347e-01	2.644617e-01	0.000000e+00	-3.214045e+02	2.290465e+05
1.072190e+00	2.281210e+05	-1.430496e-01	2.647852e-01	0.000000e+00	-1.408167e+03	2.295291e+05
1.073380e+00	2.323578e+05	-1.433649e-01	2.651113e-01	0.000000e+00	-1.732203e+02	2.325311e+05
1.074570e+00	2.146068e+05	-1.436805e-01	2.654279e-01	0.000000e+00	0.000000e+00	2.146068e+05
1.075760e+00	2.345078e+05	-1.439966e-01	2.657459e-01	0.000000e+00	0.000000e+00	2.345078e+05
1.076950e+00	2.366924e+05	-1.443130e-01	2.660796e-01	0.000000e+00	-1.240385e+02	2.368164e+05
1.078140e+00	2.176114e+05	-1.446298e-01	2.664013e-01	0.000000e+00	-8.452406e+02	2.184567e+05
1.079330e+00	2.134180e+05	-1.449470e-01	2.667066e-01	0.000000e+00	-7.113931e+02	2.141294e+05
1.080520e+00	2.253892e+05	-1.452646e-01	2.670173e-01	0.000000e+00	0.000000e+00	2.253892e+05
1.081710e+00	2.125596e+05	-1.455825e-01	2.673274e-01	0.000000e+00	-2.598676e+02	2.128195e+05
1.082900e+00	2.217639e+05	-1.459008e-01	2.676350e-01	0.000000e+00	-2.261141e+03	2.240251e+05
1.084090e+00	2.197636e+05	-1.462195e-01	2.679477e-01	0.000000e+00	0.000000e+00	2.197636e+05
1.085280e+00	2.457812e+05	-1.465386e-01	2.682774e-01	0.000000e+00	0.000000e+00	2.457812e+05
1.086470e+00	2.429721e+05	-1.468580e-01	2.686235e-01	0.000000e+00	-2.092096e+02	2.431814e+05
1.087660e+00	2.276626e+05	-1.471779e-01	2.689568e-01	0.000000e+00	-6.311265e+02	2.282937e+05
1.088850e+00	2.367379e+05	-1.474981e-01	2.692857e-01	0.000000e+00	-1.127204e+01	2.367491e+05
1.090040e+00	2.364481e+05	-1.478188e-01	2.696207e-01	0.000000e+00	-1.287345e+03	2.377355e+05
1.091230e+00	2.277413e+05	-1.481398e-01	2.699495e-01	0.000000e+00	-3.820554e+02	2.281234e+05
1.092420e+00	2.190849e+05	-1.484613e-01	2.702659e-01	0.000000e+00	0.000000e+00	2.190849e+05
1.093610e+00	2.363824e+05	-1.487831e-01	2.705884e-01	0.000000e+00	-1.219172e+03	2.376016e+05
1.094800e+00	2.319614e+05	-1.491053e-01	2.709201e-01	0.000000e+00	-4.615006e+02	2.324229e+05
1.095990e+00	2.515964e+05	-1.494279e-01	2.712625e-01	0.000000e+00	-4.311522e+02	2.520276e+05
1.097180e+00	2.293487e+05	-1.497509e-01	2.716031e-01	0.000000e+00	-4.091839e+02	2.297578e+05
1.098370e+00	2.371325e+05	-1.500743e-01	2.719335e-01	0.000000e+00	-7.274598e+02	2.378600e+05
1.099560e+00	2.106922e+05	-1.503981e-01	2.722506e-01	0.000000e+00	-3.361862e+02	2.110284e+05
1.100750e+00	2.152572e+05	-1.507222e-01	2.725523e-01	0.000000e+00	-6.170263e+02	2.158742e+05
1.101940e+00	2.023861e+05	-1.510467e-01	2.728480e-01	0.000000e+00	-1.170278e+03	2.035563e+05
1.103130e+00	2.182393e+05	-1.513716e-01	2.731459e-01	0.000000e+00	-2.045952e+03	2.202853e+05
1.104320e+00	2.276479e+05	-1.516968e-01	2.734616e-01	0.000000e+00	-1.770063e+03	2.294180e+05
1.105510e+00	2.198403e+05	-1.520224e-01	2.737785e-01	0.000000e+00	-1.061657e+03	2.209019e+05
1.106700e+00	2.216405e+05	-1.523484e-01	2.740912e-01	0.000000e+00	-1.228846e+03	2.228694e+05
1.107890e+00	2.126140e+05	-1.526748e-01	2.743987e-01	0.000000e+00	-1.975801e+03	2.145898e+05
1.109080e+00	2.306196e+05	-1.530015e-01	2.747126e-01	0.000000e+00	-2.008136e+03	2.326277e+05
1.110270e+00	2.189853e+05	-1.533286e-01	2.750310e-01	0.000000e+00	-5.039724e+02	2.194893e+05
1.111460e+00	2.280050e+05	-1.536561e-01	2.753475e-01	0.000000e+00	0.000000e+00	2.280050e+05
1.112650e+00	2.213269e+05	-1.539839e-01	2.756657e-01	0.000000e+00	-6.330981e+02	2.219600e+05
1.113840e+00	2.131986e+05	-1.543122e-01	2.759734e-01	0.000000e+00	-2.072381e+02	2.134058e+05
1.115030e+00	2.113881e+05	-1.546407e-01	2.762741e-01	0.000000e+00	-4.647405e+02	2.118529e+05
1.116220e+00	2.430359e+05	-1.549697e-01	2.765959e-01	0.000000e+00	-3.755957e+02	2.434115e+05
1.117410e+00	2.118625e+05	-1.552990e-01	2.769181e-01	0.000000e+00	0.000000e+00	2.118625e+05
1.118600e+00	2.000825e+05	-1.556287e-01	2.772098e-01	0.000000e+00	-1.111981e+03	2.011944e+05
1.119790e+00	2.212873e+05	-1.559588e-01	2.775082e-01	0.000000e+00	-1.891953e+03	2.231792e+05
1.120980e+00	2.310651e+05	-1.562892e-01	2.778285e-01	0.000000e+00	-3.574114e+02	2.314225e+05
1.122170e+00	2.047653e+05	-1.566200e-01	2.781372e-01	0.000000e+00	-4.041522e+01	2.048057e+05
1.123360e+00	2.166105e+05	-1.569512e-01	2.784356e-01	0.000000e+00	-1.104947e+03	2.177155e+05
1.124550e+00	2.164777e+05	-1.572827e-01	2.787423e-01	0.000000e+00	-5.353102e+02	2.170130e+05
1.125740e+00	2.151787e+05	-1.576146e-01	2.790480e-01	0.000000e+00	0.000000e+00	2.151787e+05
1.126930e+00	2.246788e+05	-1.579468e-01	2.793595e-01	0.000000e+00	-5.999684e+02	2.252788e+05
1.128120e+00	2.164171e+05	-1.582795e-01	2.796718e-01	0.000000e+00	-2.403678e+02	2.166575e+05
1.129310e+00	2.106514e+05	-1.586125e-01	2.799743e-01	0.000000e+00	-1.619885e+03	2.122712e+05
1.130500e+00	2.217215e+05	-1.589458e-01	2.802804e-01	0.000000e+00	-9.011238e+02	2.226226e+05
1.131690e+00	2.383900e+05	-1.592795e-01	2.806063e-01	0.000000e+00	0.000000e+00	2.383900e+05
1.132880e+00	2.369349e+05	-1.596136e-01	2.809429e-01	0.000000e+00	0.000000e+00	2.369349e+05
1.134070e+00	2.165507e+05	-1.599482e-01	2.812640e-01	0.000000e+00	-3.634226e+02	2.169142e+05
1.135260e+00	2.260959e+05	-1.602831e-01	2.815775e-01	0.000000e+00	-1.255928e+03	2.273518e+05
1.136450e+00	2.282852e+05	-1.606183e-01	2.818993e-01	0.000000e+00	-1.286286e+03	2.295715e+05
1.137640e+00	2.282385e+05	-1.609540e-01	2.822226e-01	0.000000e+00	-5.074541e+02	2.287460e+05
1.138830e+00	2.501354e+05	-1.612900e-01	2.825613e-01	0.000000e+00	-7.885902e+02	2.509240e+05
1.140020e+00	2.246448e+05	-1.616265e-01	2.828976e-01	0.000000e+00	0.000000e+00	2.246448e+05
1.141210e+00	2.177979e+05	-1.619633e-01	2.832109e-01	0.000000e+00	-5.335288e+02	2.183314e+05
1.142400e+00	2.194070e+05	-1.623005e-01	2.835205e-01	0.000000e+00	-4.235602e+02	2.198306e+05
1.143590e+00	2.260495e+05	-1.626381e-01	2.838360e-01	0.000000e+00	-7.235832e+02	2.267731e+05
1.144780e+00	2.475770e+05	-1.629760e-01	2.841714e-01	0.000000e+00	-9.868203e+02	2.485638e+05
1.145970e+00	2.176163e+05	-1.633144e-01	2.845008e-01	0.000000e+00	-6.938520e+02	2.183101e+05
1.147160e+00	2.176085e+05	-1.636532e-01	2.848090e-01	0.000000e+00	0.000000e+00	2.176085e+05
1.148350e+00	2.188588e+05	-1.639923e-01	2.851181e-01	0.000000e+00	-2.628532e+02	2.191217e+05
1.149540e+00	2.297529e+05	-1.643317e-01	2.854358e-01	0.000000e+00	-5.774829e+02	2.303304e+05
1.150730e+00	2.433417e+05	-1.646716e-01	2.857708e-01	0.000000e+00	0.000000e+00	2.433417e+05
1.151920e+00	2.284034e+05	-1.650119e-01	2.861049e-01	0.000000e+00	0.000000e+00	2.284034e+05
1.153110e+00	2.253099e+05	-1.653525e-01	2.864262e-01	0.000000e+00	-7.639816e+02	2.260738e+05
1.154300e+00	2.018743e+05	-1.656936e-01	2.867287e-01	0.000000e+00	-8.024520e+02	2.026767e+05
1.155490e+00	2.126927e+05	-1.660349e-01	2.870223e-01	0.000000e+00	-1.142387e+02	2.128069e+05
1.156680e+00	2.346953e+05	-1.663767e-01	2.873391e-01	0.000000e+00	0.000000e+00	2.346953e+05
1.157870e+00	2.252920e+05	-1.667188e-01	2.876649e-01	0.000000e+00	-9.557735e+00	2.253015e+05
1.159060e+00	2.269205e+05	-1.670613e-01	2.879851e-01	0.000000e+00	-8.307784e+02	2.277513e+05
1.160250e+00	2.265133e+05	-1.674042e-01	2.883062e-01	0.000000e+00	-3.677218e+02	2.268810e+05
1.161440e+00	2.294768e+05	-1.677475e-01	2.886291e-01	0.000000e+00	-4.726144e+02	2.299494e+05
1.162630e+00	2.180588e+05	-1.680912e-01	2.889461e-01	0.000000e+00	0.000000e+00	2.180588e+05
1.163820e+00	2.104584e+05	-1.684352e-01	2.892495e-01	0.000000e+00	-7.479948e+02	2.112064e+05
1.165010e+00	2.311022e+05	-1.687796e-01	2.895622e-01	0.000000e+00	-9.326775e+02	2.320348e+05
1.166200e+00	2.363270e+05	-1.691243e-01	2.898932e-01	0.000000e+00	0.000000e+00	2.363270e+05
1.167390e+00	2.272669e+05	-1.694695e-01	2.902215e-01	0.000000e+00	0.000000e+00	2.272669e+05
1.168580e+00	2.212779e+05	-1.698151e-01	2.905392e-01	0.000000e+00	0.000000e+00	2.212779e+05
1.169770e+00	2.427528e+05	-1.701610e-01	2.908678e-01	0.000000e+00	0.000000e+00	2.427528e+05
1.170960e+00	2.255433e+05	-1.705073e-01	2.911994e-01	0.000000e+00	0.000000e+00	2.255433e+05
1.172150e+00	2.351213e+05	-1.708540e-01	2.915256e-01	0.000000e+00	0.000000e+00	2.351213e+05
1.173340e+00	2.170238e+05	-1.712012e-01	2.918458e-01	0.000000e+00	0.000000e+00	2.170238e+05
1.174530e+00	2.266785e+05	-1.715486e-01	2.921600e-01	0.000000e+00	0.000000e+00	2.266785e+05
1.175720e+00	2.239943e+05	-1.718965e-01	2.924792e-01	0.000000e+00	0.000000e+00	2.239943e+05
1.176910e+00	2.180689e+05	-1.722447e-01	2.927923e-01	0.000000e+00	0.000000e+00	2.180689e+05
1.178100e+00	2.027021e+05	-1.725933e-01	2.930902e-01	0.000000e+00	0.000000e+00	2.027021e+05
1.179290e+00	2.125913e+05	-1.729423e-01	2.933843e-01	0.000000e+00	-7.242999e+02	2.133156e+05
1.180480e+00	2.239818e+05	-1.732916e-01	2.936935e-01	0.000000e+00	-1.160362e+02	2.240978e+05
1.181670e+00	2.413533e+05	-1.736413e-01	2.940230e-01	0.000000e+00	0.000000e+00	2.413533e+05
1.182860e+00	2.480059e+05	-1.739914e-01	2.943696e-01	0.000000e+00	-7.049733e+02	2.487109e+05
1.184050e+00	2.271516e+05	-1.743419e-01	2.947061e-01	0.000000e+00	-1.353629e+02	2.272870e+05
1.185240e+00	2.150868e+05	-1.746928e-01	2.950192e-01	0.000000e+00	-7.912154e+02	2.158780e+05
1.186430e+00	2.084504e+05	-1.750440e-01	2.953192e-01	0.000000e+00	-2.235071e+02	2.086739e+05
1.187620e+00	2.214059e+05	-1.753956e-01	2.956236e-01	0.000000e+00	-6.659498e+02	2.220719e+05
1.188810e+00	2.394178e+05	-1.757476e-01	2.959499e-01	0.000000e+00	-3.637888e+02	2.397816e+05
1.190000e+00	1.182626e+05	-1.761000e-01	2.962032e-01	0.000000e+00	-4.765474e+02	1.187391e+05
