#x	rho	phi	ex	bz	rhok[0]	rhok[1]
0.000000e+00	-2.807310e+03	0.000000e+00	7.416061e-02	0.000000e+00	-3.111491e+03	3.041808e+02
1.190000e-03	-3.646659e+03	-8.824876e-05	7.415604e-02	0.000000e+00	-5.500054e+03	1.853395e+03
2.380000e-03	3.810295e+02	-1.764914e-04	7.415373e-02	0.000000e+00	-3.120939e+03	3.501968e+03
3.570000e-03	1.807515e+03	-2.647346e-04	7.415528e-02	0.000000e+00	-6.266576e+03	8.074091e+03
4.760000e-03	6.372390e+03	-3.529810e-04	7.416107e-02	0.000000e+00	-3.646849e+03	1.001924e+04
5.950000e-03	8.180832e+03	-4.412380e-04	7.417138e-02	0.000000e+00	-5.212344e+03	1.339318e+04
7.140000e-03	8.830656e+03	-5.295088e-04	7.418343e-02	0.000000e+00	-5.734436e+03	1.456509e+04
8.330000e-03	1.044832e+04	-6.177946e-04	7.419708e-02	0.000000e+00	-6.787821e+03	1.723614e+04
9.520000e-03	1.309588e+04	-7.060979e-04	7.421375e-02	0.000000e+00	-4.675308e+03	1.777119e+04
1.071000e-02	1.260198e+04	-7.944233e-04	7.423195e-02	0.000000e+00	-7.573706e+03	2.017569e+04
1.190000e-02	1.277835e+04	-8.827699e-04	7.424992e-02	0.000000e+00	-7.374601e+03	2.015295e+04
1.309000e-02	1.833376e+04	-9.711381e-04	7.427196e-02	0.000000e+00	-4.171201e+03	2.250496e+04
1.428000e-02	2.717804e+04	-1.059537e-03	7.430419e-02	0.000000e+00	-2.834438e+03	3.001248e+04
1.547000e-02	2.371682e+04	-1.147982e-03	7.434023e-02	0.000000e+00	-5.358986e+03	2.907581e+04
1.666000e-02	2.924669e+04	-1.236467e-03	7.437773e-02	0.000000e+00	-5.192859e+03	3.443955e+04
1.785000e-02	1.851586e+04	-1.325001e-03	7.441156e-02	0.000000e+00	-8.507561e+03	2.702342e+04
1.904000e-02	2.538498e+04	-1.413566e-03	7.444265e-02	0.000000e+00	-3.973456e+03	2.935844e+04
2.023000e-02	2.478791e+04	-1.502175e-03	7.447818e-02	0.000000e+00	-3.489824e+03	2.827773e+04
2.142000e-02	2.681329e+04	-1.590824e-03	7.451472e-02	0.000000e+00	-3.507219e+03	3.032051e+04
2.261000e-02	3.456248e+04	-1.679520e-03	7.455818e-02	0.000000e+00	-3.152650e+03	3.771512e+04
2.380000e-02	3.233016e+04	-1.768273e-03	7.460556e-02	0.000000e+00	-4.562404e+03	3.689256e+04
2.499000e-02	3.113631e+04	-1.857081e-03	7.465050e-02	0.000000e+00	-5.939616e+03	3.707593e+04
2.618000e-02	2.993693e+04	-1.945941e-03	7.469375e-02	0.000000e+00	-4.645007e+03	3.458194e+04
2.737000e-02	2.885964e+04	-2.034852e-03	7.473539e-02	0.000000e+00	-5.259065e+03	3.411870e+04
2.856000e-02	3.387698e+04	-2.123811e-03	7.477982e-02	0.000000e+00	-5.939130e+03	3.981611e+04
2.975000e-02	2.612218e+04	-2.212828e-03	7.482231e-02	0.000000e+00	-7.355712e+03	3.347789e+04
3.094000e-02	2.799453e+04	-2.301888e-03	7.486063e-02	0.000000e+00	-4.220041e+03	3.221457e+04
3.213000e-02	3.415143e+04	-2.390996e-03	7.490464e-02	0.000000e+00	-3.024998e+03	3.717643e+04
3.332000e-02	3.702073e+04	-2.480162e-03	7.495504e-02	0.000000e+00	-4.337660e+03	4.135838e+04
3.451000e-02	3.866428e+04	-2.569389e-03	7.500864e-02	0.000000e+00	-6.115910e+03	4.478019e+04
3.570000e-02	3.347887e+04	-2.658682e-03	7.505973e-02	0.000000e+00	-7.712518e+03	4.119138e+04
3.689000e-02	3.928006e+04	-2.748031e-03	7.511125e-02	0.000000e+00	-5.981412e+03	4.526147e+04
3.808000e-02	4.085842e+04	-2.837447e-03	7.516800e-02	0.000000e+00	-5.310421e+03	4.616884e+04
3.927000e-02	5.355976e+04	-2.926931e-03	7.523487e-02	0.000000e+00	-2.476904e+03	5.603666e+04
4.046000e-02	4.085844e+04	-3.016506e-03	7.530173e-02	0.000000e+00	-5.336507e+03	4.619495e+04
4.165000e-02	4.499201e+04	-3.106149e-03	7.536253e-02	0.000000e+00	-5.650294e+03	5.064230e+04
4.284000e-02	4.741728e+04	-3.195869e-03	7.542797e-02	0.000000e+00	-6.515367e+03	5.393265e+04
4.403000e-02	4.693431e+04	-3.285668e-03	7.549478e-02	0.000000e+00	-7.110593e+03	5.404490e+04
4.522000e-02	5.198243e+04	-3.375546e-03	7.556483e-02	0.000000e+00	-4.469894e+03	5.645232e+04
4.641000e-02	3.914370e+04	-3.465512e-03	7.562937e-02	0.000000e+00	-4.816173e+03	4.395987e+04
4.760000e-02	4.889539e+04	-3.555544e-03	7.569171e-02	0.000000e+00	-3.895138e+03	5.279053e+04
4.879000e-02	3.938764e+04	-3.645658e-03	7.575423e-02	0.000000e+00	-3.045817e+03	4.243346e+04
4.998000e-02	3.981244e+04	-3.735839e-03	7.581032e-02	0.000000e+00	-5.016672e+03	4.482912e+04
5.117000e-02	4.376810e+04	-3.826087e-03	7.586951e-02	0.000000e+00	-5.423163e+03	4.919127e+04
5.236000e-02	5.392158e+04	-3.916409e-03	7.593869e-02	0.000000e+00	-6.106241e+03	6.002782e+04
5.355000e-02	5.275483e+04	-4.006821e-03	7.601423e-02	0.000000e+00	-4.721276e+03	5.747610e+04
5.474000e-02	5.159039e+04	-4.097322e-03	7.608812e-02	0.000000e+00	-3.714665e+03	5.530505e+04
5.593000e-02	5.223118e+04	-4.187911e-03	7.616165e-02	0.000000e+00	-3.271190e+03	5.550237e+04
5.712000e-02	4.449365e+04	-4.278587e-03	7.623014e-02	0.000000e+00	-5.873379e+03	5.036703e+04
5.831000e-02	4.864843e+04	-4.369339e-03	7.629610e-02	0.000000e+00	-3.427414e+03	5.207585e+04
5.950000e-02	5.490118e+04	-4.460172e-03	7.636943e-02	0.000000e+00	-4.188690e+03	5.908987e+04
6.069000e-02	4.829598e+04	-4.551098e-03	7.644252e-02	0.000000e+00	-2.828668e+03	5.112465e+04
6.188000e-02	5.353236e+04	-4.642105e-03	7.651463e-02	0.000000e+00	-6.397313e+03	5.992967e+04
6.307000e-02	4.984002e+04	-4.733203e-03	7.658783e-02	0.000000e+00	-7.486005e+03	5.732603e+04
6.426000e-02	5.497487e+04	-4.824384e-03	7.666206e-02	0.000000e+00	-5.741188e+03	6.071606e+04
6.545000e-02	6.243779e+04	-4.915658e-03	7.674521e-02	0.000000e+00	-3.392282e+03	6.583007e+04
6.664000e-02	5.437901e+04	-5.007038e-03	7.682793e-02	0.000000e+00	-5.628116e+03	6.000713e+04
6.783000e-02	5.194656e+04	-5.098509e-03	7.690323e-02	0.000000e+00	-4.251661e+03	5.619822e+04
6.902000e-02	5.891079e+04	-5.190067e-03	7.698173e-02	0.000000e+00	-4.802855e+03	6.371364e+04
7.021000e-02	5.070352e+04	-5.281725e-03	7.705936e-02	0.000000e+00	-4.308068e+03	5.501159e+04
7.140000e-02	5.331928e+04	-5.373469e-03	7.713302e-02	0.000000e+00	-4.386249e+03	5.770552e+04
7.259000e-02	5.687698e+04	-5.465302e-03	7.721106e-02	0.000000e+00	-6.588348e+03	6.346533e+04
7.378000e-02	6.855245e+04	-5.557231e-03	7.729988e-02	0.000000e+00	-6.557142e+03	7.510959e+04
7.497000e-02	6.321971e+04	-5.649276e-03	7.739320e-02	0.000000e+00	-2.024042e+03	6.524376e+04
7.616000e-02	6.516794e+04	-5.741427e-03	7.748412e-02	0.000000e+00	-4.030631e+03	6.919857e+04
7.735000e-02	6.570949e+04	-5.833688e-03	7.757680e-02	0.000000e+00	-3.656005e+03	6.936550e+04
7.854000e-02	6.835518e+04	-5.926060e-03	7.767174e-02	0.000000e+00	-5.575353e+03	7.393053e+04
7.973000e-02	7.486215e+04	-6.018547e-03	7.777316e-02	0.000000e+00	-5.586358e+03	8.044851e+04
8.092000e-02	7.045447e+04	-6.111160e-03	7.787607e-02	0.000000e+00	-2.108627e+03	7.256310e+04
8.211000e-02	6.058688e+04	-6.203892e-03	7.796887e-02	0.000000e+00	-1.170267e+03	6.175715e+04
8.330000e-02	6.340657e+04	-6.296726e-03	7.805668e-02	0.000000e+00	-2.384483e+03	6.579105e+04
8.449000e-02	6.281138e+04	-6.389667e-03	7.814606e-02	0.000000e+00	-5.308170e+03	6.811955e+04
8.568000e-02	7.302217e+04	-6.482713e-03	7.824225e-02	0.000000e+00	-3.328634e+03	7.635080e+04
8.687000e-02	8.663641e+04	-6.575883e-03	7.835532e-02	0.000000e+00	-3.183556e+03	8.981996e+04
8.806000e-02	8.218930e+04	-6.669199e-03	7.847488e-02	0.000000e+00	-4.865275e+03	8.705458e+04
8.925000e-02	6.978674e+04	-6.762653e-03	7.858250e-02	0.000000e+00	-5.461965e+03	7.524871e+04
9.044000e-02	6.514092e+04	-6.856225e-03	7.867805e-02	0.000000e+00	-3.769719e+03	6.891064e+04
9.163000e-02	7.161759e+04	-6.949907e-03	7.877490e-02	0.000000e+00	-2.134333e+03	7.375192e+04
9.282000e-02	7.138268e+04	-7.043710e-03	7.887617e-02	0.000000e+00	-3.448611e+03	7.483129e+04
9.401000e-02	7.493880e+04	-7.137632e-03	7.897979e-02	0.000000e+00	-2.944943e+03	7.788374e+04
9.520000e-02	7.545445e+04	-7.231681e-03	7.908629e-02	0.000000e+00	-4.902805e+03	8.035726e+04
9.639000e-02	6.691467e+04	-7.325858e-03	7.918711e-02	0.000000e+00	-4.279773e+03	7.119444e+04
9.758000e-02	7.611782e+04	-7.420147e-03	7.928840e-02	0.000000e+00	-1.765986e+03	7.788381e+04
9.877000e-02	8.484057e+04	-7.514564e-03	7.940239e-02	0.000000e+00	-3.505581e+03	8.834615e+04
9.996000e-02	7.346545e+04	-7.609124e-03	7.951449e-02	0.000000e+00	-6.727416e+03	8.019287e+04
1.011500e-01	8.608178e+04	-7.703809e-03	7.962748e-02	0.000000e+00	-3.658140e+03	8.973992e+04
1.023400e-01	7.344105e+04	-7.798638e-03	7.974045e-02	0.000000e+00	-3.346162e+03	7.678721e+04
1.035300e-01	6.523162e+04	-7.893591e-03	7.983865e-02	0.000000e+00	-6.809649e+03	7.204127e+04
1.047200e-01	7.715799e+04	-7.988654e-03	7.993948e-02	0.000000e+00	-6.978169e+03	8.413616e+04
1.059100e-01	8.107156e+04	-8.083847e-03	8.005154e-02	0.000000e+00	-5.527178e+03	8.659874e+04
1.071000e-01	6.755443e+04	-8.179176e-03	8.015679e-02	0.000000e+00	-3.630525e+03	7.118496e+04
1.082900e-01	7.633979e+04	-8.274620e-03	8.025869e-02	0.000000e+00	-4.454387e+03	8.079418e+04
1.094800e-01	9.397265e+04	-8.370192e-03	8.037930e-02	0.000000e+00	-4.635407e+03	9.860806e+04
1.106700e-01	8.627694e+04	-8.465923e-03	8.050695e-02	0.000000e+00	-1.270162e+03	8.754710e+04
1.118600e-01	8.000830e+04	-8.561799e-03	8.062470e-02	0.000000e+00	-3.946125e+03	8.395442e+04
1.130500e-01	7.126723e+04	-8.657810e-03	8.073183e-02	0.000000e+00	-6.735381e+03	7.800261e+04
1.142400e-01	8.090411e+04	-8.753940e-03	8.083959e-02	0.000000e+00	-9.604837e+03	9.050895e+04
1.154300e-01	7.671993e+04	-8.850208e-03	8.095122e-02	0.000000e+00	-7.661211e+03	8.438114e+04
1.166200e-01	6.329351e+04	-8.946604e-03	8.105037e-02	0.000000e+00	-3.679781e+03	6.697329e+04
1.178100e-01	6.987185e+04	-9.043108e-03	8.114467e-02	0.000000e+00	-4.533086e+03	7.440494e+04
1.190000e-01	7.028699e+04	-9.139729e-03	8.124393e-02	0.000000e+00	-5.939891e+03	7.622688e+04
1.201900e-01	8.152572e+04	-9.236468e-03	8.135144e-02	0.000000e+00	-1.682604e+03	8.320833e+04
1.213800e-01	8.058788e+04	-9.333345e-03	8.146624e-02	0.000000e+00	-4.757465e+03	8.534535e+04
1.225700e-01	8.254246e+04	-9.430358e-03	8.158176e-02	0.000000e+00	-3.765498e+03	8.630796e+04
1.237600e-01	8.579035e+04	-9.527510e-03	8.170097e-02	0.000000e+00	-4.187811e+03	8.997817e+04
1.249500e-01	8.542066e+04	-9.624806e-03	8.182222e-02	0.000000e+00	-1.878344e+03	8.729901e+04
1.261400e-01	8.826363e+04	-9.722247e-03	8.194521e-02	0.000000e+00	-6.336826e+02	8.889731e+04
1.273300e-01	9.067409e+04	-9.819836e-03	8.207193e-02	0.000000e+00	-3.504192e+03	9.417828e+04
1.285200e-01	7.974879e+04	-9.917578e-03	8.219262e-02	0.000000e+00	-1.850262e+03	8.159905e+04
1.297100e-01	8.095921e+04	-1.001545e-02	8.230643e-02	0.000000e+00	-4.833522e+03	8.579273e+04
1.309000e-01	8.140922e+04	-1.011347e-02	8.242141e-02	0.000000e+00	-4.707785e+03	8.611701e+04
1.320900e-01	9.132943e+04	-1.021162e-02	8.254374e-02	0.000000e+00	-2.297362e+03	9.362679e+04
1.332800e-01	9.057677e+04	-1.030992e-02	8.267256e-02	0.000000e+00	-3.837713e+03	9.441448e+04
1.344700e-01	9.618750e+04	-1.040838e-02	8.280482e-02	0.000000e+00	-6.529564e+03	1.027171e+05
1.356600e-01	8.935559e+04	-1.050700e-02	8.293621e-02	0.000000e+00	-3.177493e+03	9.253308e+04
1.368500e-01	8.879129e+04	-1.060577e-02	8.306237e-02	0.000000e+00	-7.006643e+03	9.579793e+04
1.380400e-01	8.522799e+04	-1.070469e-02	8.318560e-02	0.000000e+00	-3.711481e+03	8.893947e+04
1.392300e-01	8.592633e+04	-1.080375e-02	8.330681e-02	0.000000e+00	-5.043570e+03	9.096990e+04
1.404200e-01	8.596592e+04	-1.090296e-02	8.342854e-02	0.000000e+00	-2.125198e+03	8.809112e+04
1.416100e-01	7.801267e+04	-1.100231e-02	8.354466e-02	0.000000e+00	-1.699321e+03	7.971199e+04
1.428000e-01	7.525517e+04	-1.110179e-02	8.365320e-02	0.000000e+00	-3.434719e+03	7.868989e+04
1.439900e-01	8.322445e+04	-1.120140e-02	8.376543e-02	0.000000e+00	-3.834069e+03	8.705852e+04
1.451800e-01	9.425474e+04	-1.130115e-02	8.389111e-02	0.000000e+00	-8.604372e+03	1.028591e+05
1.463700e-01	8.300079e+04	-1.140106e-02	8.401664e-02	0.000000e+00	-4.193269e+03	8.719406e+04
1.475600e-01	7.917575e+04	-1.150111e-02	8.413149e-02	0.000000e+00	-5.408599e+03	8.458435e+04
1.487500e-01	7.524326e+04	-1.160130e-02	8.424084e-02	0.000000e+00	-5.113773e+03	8.035703e+04
1.499400e-01	8.979326e+04	-1.170161e-02	8.435771e-02	0.000000e+00	-2.064326e+03	9.185759e+04
1.511300e-01	8.128934e+04	-1.180207e-02	8.447887e-02	0.000000e+00	-7.218191e+03	8.850753e+04
1.523200e-01	8.200571e+04	-1.190267e-02	8.459451e-02	0.000000e+00	-2.596584e+03	8.460230e+04
1.535100e-01	9.611030e+04	-1.200340e-02	8.472064e-02	0.000000e+00	-2.638353e+03	9.874866e+04
1.547000e-01	9.459803e+04	-1.210430e-02	8.485570e-02	0.000000e+00	-2.806728e+03	9.740476e+04
1.558900e-01	9.137955e+04	-1.220536e-02	8.498740e-02	0.000000e+00	-5.529217e+03	9.690877e+04
1.570800e-01	9.392411e+04	-1.230657e-02	8.511862e-02	0.000000e+00	-3.273728e+03	9.719784e+04
1.582700e-01	1.122992e+05	-1.240794e-02	8.526466e-02	0.000000e+00	-4.949629e+03	1.172489e+05
1.594600e-01	1.028429e+05	-1.250950e-02	8.541702e-02	0.000000e+00	-2.390427e+03	1.052333e+05
1.606500e-01	1.095076e+05	-1.261123e-02	8.556740e-02	0.000000e+00	-1.485670e+03	1.109933e+05
1.618400e-01	9.478789e+04	-1.271315e-02	8.571207e-02	0.000000e+00	-4.513610e+03	9.930150e+04
1.630300e-01	1.012565e+05	-1.281523e-02	8.585091e-02	0.000000e+00	-4.228286e+03	1.054848e+05
1.642200e-01	1.078881e+05	-1.291748e-02	8.599902e-02	0.000000e+00	-2.546936e+03	1.104350e+05
1.654100e-01	9.229839e+04	-1.301991e-02	8.614078e-02	0.000000e+00	-3.407221e+03	9.570562e+04
1.666000e-01	1.028014e+05	-1.312249e-02	8.627894e-02	0.000000e+00	-6.190043e+03	1.089915e+05
1.677900e-01	1.063206e+05	-1.322525e-02	8.642704e-02	0.000000e+00	-3.229291e+03	1.095499e+05
1.689800e-01	9.526975e+04	-1.332819e-02	8.656980e-02	0.000000e+00	-2.661040e+03	9.793079e+04
1.701700e-01	1.054671e+05	-1.343129e-02	8.671195e-02	0.000000e+00	-4.560589e+03	1.100277e+05
1.713600e-01	1.059873e+05	-1.353456e-02	8.686169e-02	0.000000e+00	-4.988694e+03	1.109760e+05
1.725500e-01	1.034722e+05	-1.363802e-02	8.701003e-02	0.000000e+00	-6.459806e+03	1.099320e+05
1.737400e-01	1.063305e+05	-1.374165e-02	8.715860e-02	0.000000e+00	-5.403084e+03	1.117336e+05
1.749300e-01	9.090271e+04	-1.384545e-02	8.729827e-02	0.000000e+00	-4.655362e+03	9.555807e+04
1.761200e-01	1.056985e+05	-1.394942e-02	8.743750e-02	0.000000e+00	-2.679119e+03	1.083776e+05
1.773100e-01	1.008059e+05	-1.405356e-02	8.758374e-02	0.000000e+00	-4.738773e+03	1.055447e+05
1.785000e-01	1.063700e+05	-1.415787e-02	8.773045e-02	0.000000e+00	-3.610657e+03	1.099807e+05
1.796900e-01	9.963753e+04	-1.426235e-02	8.787634e-02	0.000000e+00	-3.153501e+03	1.027910e+05
1.808800e-01	1.069313e+05	-1.436701e-02	8.802263e-02	0.000000e+00	-3.293156e+03	1.102244e+05
1.820700e-01	9.971022e+04	-1.447185e-02	8.816896e-02	0.000000e+00	-2.785100e+03	1.024953e+05
1.832600e-01	1.048818e+05	-1.457685e-02	8.831385e-02	0.000000e+00	-4.109842e+03	1.089917e+05
1.844500e-01	8.789851e+04	-1.468203e-02	8.845037e-02	0.000000e+00	-4.703334e+03	9.260184e+04
1.856400e-01	9.182681e+04	-1.478736e-02	8.857764e-02	0.000000e+00	-4.316968e+03	9.614378e+04
1.868300e-01	9.953794e+04	-1.489285e-02	8.871316e-02	0.000000e+00	-4.611512e+03	1.041494e+05
1.880200e-01	1.228828e+05	-1.499850e-02	8.887067e-02	0.000000e+00	-3.271869e+03	1.261547e+05
1.892100e-01	1.071040e+05	-1.510436e-02	8.903354e-02	0.000000e+00	-3.604884e+03	1.107089e+05
1.904000e-01	1.022331e+05	-1.521040e-02	8.918179e-02	0.000000e+00	-2.964489e+03	1.051976e+05
1.915900e-01	1.057277e+05	-1.531661e-02	8.932906e-02	0.000000e+00	-5.260752e+03	1.109884e+05
1.927800e-01	1.036848e+05	-1.542301e-02	8.947735e-02	0.000000e+00	-5.577566e+03	1.092623e+05
1.939700e-01	9.294151e+04	-1.552957e-02	8.961660e-02	0.000000e+00	-5.315519e+03	9.825703e+04
1.951600e-01	9.085051e+04	-1.563629e-02	8.974675e-02	0.000000e+00	-1.851699e+03	9.270221e+04
1.963500e-01	9.232099e+04	-1.574317e-02	8.987647e-02	0.000000e+00	-3.342227e+03	9.566321e+04
1.975400e-01	1.096251e+05	-1.585020e-02	9.001948e-02	0.000000e+00	-4.453790e+03	1.140789e+05
1.987300e-01	9.452052e+04	-1.595741e-02	9.016405e-02	0.000000e+00	-3.344810e+03	9.786533e+04
1.999200e-01	1.015757e+05	-1.606479e-02	9.030292e-02	0.000000e+00	-3.379532e+03	1.049553e+05
2.011100e-01	1.108449e+05	-1.617234e-02	9.045335e-02	0.000000e+00	-1.662075e+03	1.125070e+05
2.023000e-01	1.061227e+05	-1.628007e-02	9.060699e-02	0.000000e+00	-1.708305e+03	1.078311e+05
2.034900e-01	9.645333e+04	-1.638798e-02	9.075045e-02	0.000000e+00	-4.032443e+03	1.004858e+05
2.046800e-01	1.157936e+05	-1.649605e-02	9.090076e-02	0.000000e+00	-2.602577e+03	1.183961e+05
2.058700e-01	1.108088e+05	-1.660432e-02	9.106123e-02	0.000000e+00	-7.024261e+02	1.115113e+05
2.070600e-01	9.447042e+04	-1.671278e-02	9.120660e-02	0.000000e+00	-4.010713e+03	9.848113e+04
2.082500e-01	9.934729e+04	-1.682140e-02	9.134386e-02	0.000000e+00	-3.094865e+03	1.024422e+05
2.094400e-01	1.114803e+05	-1.693018e-02	9.149316e-02	0.000000e+00	-3.123232e+03	1.146035e+05
2.106300e-01	9.854677e+04	-1.703915e-02	9.164189e-02	0.000000e+00	-3.874928e+03	1.024217e+05
2.118200e-01	1.058313e+05	-1.714829e-02	9.178662e-02	0.000000e+00	-3.793136e+03	1.096244e+05
2.130100e-01	1.053062e+05	-1.725760e-02	9.193614e-02	0.000000e+00	-4.808342e+03	1.101146e+05
2.142000e-01	1.067736e+05	-1.736709e-02	9.208633e-02	0.000000e+00	-4.860314e+03	1.116339e+05
2.153900e-01	9.563659e+04	-1.747677e-02	9.222967e-02	0.000000e+00	-5.432307e+03	1.010689e+05
2.165800e-01	1.084937e+05	-1.758660e-02	9.237423e-02	0.000000e+00	-4.077664e+03	1.125713e+05
2.177700e-01	1.084071e+05	-1.769662e-02	9.252783e-02	0.000000e+00	-5.259968e+03	1.136671e+05
2.189600e-01	1.128885e+05	-1.780682e-02	9.268454e-02	0.000000e+00	-3.513398e+03	1.164019e+05
2.201500e-01	1.103423e+05	-1.791721e-02	9.284263e-02	0.000000e+00	-2.321476e+03	1.126638e+05
2.213400e-01	1.151638e+05	-1.802778e-02	9.300232e-02	0.000000e+00	-1.974622e+03	1.171384e+05
2.225300e-01	1.182881e+05	-1.813855e-02	9.316765e-02	0.000000e+00	-1.753568e+03	1.200416e+05
2.237200e-01	1.125098e+05	-1.824952e-02	9.333109e-02	0.000000e+00	-4.677203e+03	1.171870e+05
2.249100e-01	8.873131e+04	-1.836068e-02	9.347360e-02	0.000000e+00	-5.939080e+03	9.467039e+04
2.261000e-01	1.145831e+05	-1.847199e-02	9.361758e-02	0.000000e+00	-2.301710e+03	1.168848e+05
2.272900e-01	1.181894e+05	-1.858349e-02	9.378242e-02	0.000000e+00	-4.649943e+03	1.228393e+05
2.284800e-01	1.221514e+05	-1.869519e-02	9.395262e-02	0.000000e+00	-3.450367e+03	1.256017e+05
2.296700e-01	1.053859e+05	-1.880710e-02	9.411376e-02	0.000000e+00	-3.838660e+03	1.092245e+05
2.308600e-01	1.077089e+05	-1.891918e-02	9.426466e-02	0.000000e+00	-3.380066e+03	1.110889e+05
2.320500e-01	1.289217e+05	-1.903145e-02	9.443224e-02	0.000000e+00	-5.481927e+03	1.344036e+05
2.332400e-01	1.127226e+05	-1.914393e-02	9.460336e-02	0.000000e+00	-3.214769e+03	1.159373e+05
2.344300e-01	1.057199e+05	-1.925660e-02	9.475805e-02	0.000000e+00	-2.875190e+03	1.085951e+05
2.356200e-01	9.594995e+04	-1.936945e-02	9.490087e-02	0.000000e+00	-4.349052e+03	1.002990e+05
2.368100e-01	1.230621e+05	-1.948247e-02	9.505597e-02	0.000000e+00	-3.615114e+03	1.266773e+05
2.380000e-01	1.068886e+05	-1.959569e-02	9.521881e-02	0.000000e+00	-3.994853e+03	1.108835e+05
2.391900e-01	1.201318e+05	-1.970909e-02	9.537958e-02	0.000000e+00	-4.267541e+03	1.243993e+05
2.403800e-01	1.211930e+05	-1.982269e-02	9.555047e-02	0.000000e+00	-4.387070e+03	1.255801e+05
2.415700e-01	1.046598e+05	-1.993650e-02	9.571041e-02	0.000000e+00	-5.850798e+03	1.105106e+05
2.427600e-01	1.144392e+05	-2.005048e-02	9.586557e-02	0.000000e+00	-4.440473e+03	1.188797e+05
2.439500e-01	1.350084e+05	-2.016466e-02	9.604222e-02	0.000000e+00	-4.333630e+03	1.393420e+05
2.451400e-01	1.113246e+05	-2.027906e-02	9.621667e-02	0.000000e+00	-4.769862e+03	1.160945e+05
2.463300e-01	1.239276e+05	-2.039365e-02	9.638326e-02	0.000000e+00	-3.480891e+03	1.274085e+05
2.475200e-01	1.105561e+05	-2.050845e-02	9.654932e-02	0.000000e+00	-3.108906e+03	1.136650e+05
2.487100e-01	1.108671e+05	-2.062344e-02	9.670612e-02	0.000000e+00	-1.335998e+03	1.122031e+05
2.499000e-01	1.234959e+05	-2.073861e-02	9.687209e-02	0.000000e+00	-2.589343e+03	1.260852e+05
2.510900e-01	1.217120e+05	-2.085400e-02	9.704574e-02	0.000000e+00	-1.711299e+03	1.234233e+05
2.522800e-01	1.169423e+05	-2.096958e-02	9.721474e-02	0.000000e+00	-2.238867e+03	1.191812e+05
2.534700e-01	1.013289e+05	-2.108537e-02	9.736932e-02	0.000000e+00	-4.374944e+03	1.057039e+05
2.546600e-01	1.032851e+05	-2.120132e-02	9.751422e-02	0.000000e+00	-3.008505e+03	1.062936e+05
2.558500e-01	1.069487e+05	-2.131745e-02	9.766310e-02	0.000000e+00	-4.167520e+03	1.111162e+05
2.570400e-01	1.166650e+05	-2.143376e-02	9.782145e-02	0.000000e+00	-5.877174e+03	1.225422e+05
2.582300e-01	1.150112e+05	-2.155027e-02	9.798552e-02	0.000000e+00	-2.928342e+03	1.179396e+05
2.594200e-01	1.107660e+05	-2.166697e-02	9.814540e-02	0.000000e+00	-2.786672e+03	1.135526e+05
2.606100e-01	1.146149e+05	-2.178385e-02	9.830501e-02	0.000000e+00	-3.127212e+03	1.177421e+05
2.618000e-01	1.335245e+05	-2.190093e-02	9.848073e-02	0.000000e+00	-3.504266e+03	1.370288e+05
2.629900e-01	1.172406e+05	-2.201824e-02	9.865832e-02	0.000000e+00	-4.047193e+03	1.212878e+05
2.641800e-01	1.156260e+05	-2.213574e-02	9.882323e-02	0.000000e+00	-4.142418e+03	1.197684e+05
2.653700e-01	1.262631e+05	-2.225344e-02	9.899452e-02	0.000000e+00	-2.433631e+03	1.286967e+05
2.665600e-01	1.131808e+05	-2.237135e-02	9.916409e-02	0.000000e+00	-4.910917e+03	1.180917e+05
2.677500e-01	1.149777e+05	-2.248945e-02	9.932566e-02	0.000000e+00	-3.840205e+03	1.188179e+05
2.689400e-01	1.169223e+05	-2.260774e-02	9.948989e-02	0.000000e+00	-3.692669e+03	1.206150e+05
2.701300e-01	1.193687e+05	-2.272623e-02	9.965722e-02	0.000000e+00	-2.894909e+03	1.222636e+05
2.713200e-01	1.205048e+05	-2.284493e-02	9.982709e-02	0.000000e+00	-4.561407e+03	1.250662e+05
2.725100e-01	1.184252e+05	-2.296382e-02	9.999629e-02	0.000000e+00	-4.081501e+03	1.225067e+05
2.737000e-01	1.163121e+05	-2.308292e-02	1.001625e-01	0.000000e+00	-1.472733e+03	1.177848e+05
2.748900e-01	1.101124e+05	-2.320221e-02	1.003229e-01	0.000000e+00	-2.762164e+03	1.128746e+05
2.760800e-01	1.337471e+05	-2.332168e-02	1.004956e-01	0.000000e+00	-3.676874e+03	1.374240e+05
2.772700e-01	1.329333e+05	-2.344139e-02	1.006844e-01	0.000000e+00	-4.673677e+03	1.376069e+05
2.784600e-01	1.254347e+05	-2.356131e-02	1.008674e-01	0.000000e+00	-3.782019e+03	1.292167e+05
2.796500e-01	1.117728e+05	-2.368145e-02	1.010354e-01	0.000000e+00	-4.123590e+03	1.158964e+05
2.808400e-01	1.202631e+05	-2.380178e-02	1.011997e-01	0.000000e+00	-4.134193e+03	1.243973e+05
2.820300e-01	1.097399e+05	-2.392231e-02	1.013626e-01	0.000000e+00	-6.023321e+03	1.157633e+05
2.832200e-01	1.162780e+05	-2.404302e-02	1.015226e-01	0.000000e+00	-3.826102e+03	1.201041e+05
2.844100e-01	1.105047e+05	-2.416393e-02	1.016832e-01	0.000000e+00	-4.967536e+03	1.154722e+05
2.856000e-01	1.186650e+05	-2.428503e-02	1.018455e-01	0.000000e+00	-7.314085e+03	1.259791e+05
2.867900e-01	1.180302e+05	-2.440632e-02	1.020131e-01	0.000000e+00	-6.266116e+03	1.242963e+05
2.879800e-01	1.294461e+05	-2.452782e-02	1.021884e-01	0.000000e+00	-5.013869e+03	1.344600e+05
2.891700e-01	1.222673e+05	-2.464953e-02	1.023666e-01	0.000000e+00	-3.549885e+03	1.258172e+05
2.903600e-01	1.248083e+05	-2.477145e-02	1.025416e-01	0.000000e+00	-2.782511e+03	1.275908e+05
2.915500e-01	1.234965e+05	-2.489358e-02	1.027174e-01	0.000000e+00	-4.021293e+03	1.275178e+05
2.927400e-01	1.249759e+05	-2.501592e-02	1.028934e-01	0.000000e+00	-1.678191e+03	1.266540e+05
2.939300e-01	1.070762e+05	-2.513847e-02	1.030577e-01	0.000000e+00	-4.944636e+03	1.120209e+05
2.951200e-01	1.327171e+05	-2.526120e-02	1.032276e-01	0.000000e+00	-3.692855e+03	1.364099e+05
2.963100e-01	9.916759e+04	-2.538415e-02	1.033918e-01	0.000000e+00	-4.875486e+03	1.040431e+05
2.975000e-01	1.147457e+05	-2.550727e-02	1.035433e-01	0.000000e+00	-5.001359e+03	1.197471e+05
2.986900e-01	1.344333e+05	-2.563058e-02	1.037197e-01	0.000000e+00	-3.189300e+03	1.376226e+05
2.998800e-01	1.132182e+05	-2.575412e-02	1.038951e-01	0.000000e+00	-1.741301e+03	1.149595e+05
3.010700e-01	1.069742e+05	-2.587785e-02	1.040510e-01	0.000000e+00	-2.889758e+03	1.098640e+05
3.022600e-01	1.111005e+05	-2.600176e-02	1.042055e-01	0.000000e+00	-3.606927e+03	1.147075e+05
3.034500e-01	1.129133e+05	-2.612586e-02	1.043641e-01	0.000000e+00	-1.933099e+03	1.148464e+05
3.046400e-01	1.179628e+05	-2.625015e-02	1.045276e-01	0.000000e+00	-2.601226e+03	1.205640e+05
3.058300e-01	1.195681e+05	-2.637464e-02	1.046958e-01	0.000000e+00	-2.853818e+03	1.224219e+05
3.070200e-01	1.228601e+05	-2.649933e-02	1.048675e-01	0.000000e+00	-3.774416e+03	1.266345e+05
3.082100e-01	1.114184e+05	-2.662422e-02	1.050334e-01	0.000000e+00	-2.215301e+03	1.136337e+05
3.094000e-01	1.174490e+05	-2.674930e-02	1.051955e-01	0.000000e+00	-2.119711e+03	1.195687e+05
3.105900e-01	1.152141e+05	-2.687459e-02	1.053602e-01	0.000000e+00	-1.599238e+03	1.168133e+05
3.117800e-01	1.222569e+05	-2.700006e-02	1.055284e-01	0.000000e+00	-1.346975e+03	1.236039e+05
3.129700e-01	1.035609e+05	-2.712574e-02	1.056883e-01	0.000000e+00	-1.461984e+03	1.050229e+05
3.141600e-01	1.078513e+05	-2.725160e-02	1.058380e-01	0.000000e+00	-1.339657e+03	1.091910e+05
3.153500e-01	1.159157e+05	-2.737764e-02	1.059965e-01	0.000000e+00	-3.167357e+03	1.190831e+05
3.165400e-01	1.067288e+05	-2.750387e-02	1.061542e-01	0.000000e+00	-6.001108e+03	1.127299e+05
3.177300e-01	1.109441e+05	-2.763029e-02	1.063083e-01	0.000000e+00	-4.103308e+03	1.150474e+05
3.189200e-01	1.340812e+05	-2.775689e-02	1.064818e-01	0.000000e+00	-3.195673e+03	1.372768e+05
3.201100e-01	1.241602e+05	-2.788371e-02	1.066647e-01	0.000000e+00	-3.118964e+03	1.272791e+05
3.213000e-01	1.305034e+05	-2.801075e-02	1.068450e-01	0.000000e+00	-1.365901e+03	1.318693e+05
3.224900e-01	1.120415e+05	-2.813800e-02	1.070168e-01	0.000000e+00	-4.259652e+03	1.163012e+05
3.236800e-01	1.091217e+05	-2.826545e-02	1.071734e-01	0.000000e+00	-3.128776e+03	1.122505e+05
3.248700e-01	1.146858e+05	-2.839308e-02	1.073319e-01	0.000000e+00	-1.168354e+03	1.158541e+05
3.260600e-01	1.264156e+05	-2.852090e-02	1.075027e-01	0.000000e+00	-1.964402e+03	1.283800e+05
3.272500e-01	1.277385e+05	-2.864893e-02	1.076826e-01	0.000000e+00	-3.988878e+03	1.317274e+05
3.284400e-01	1.198077e+05	-2.877718e-02	1.078579e-01	0.000000e+00	-4.106177e+03	1.239139e+05
3.296300e-01	1.160985e+05	-2.890563e-02	1.080250e-01	0.000000e+00	-5.046580e+03	1.211451e+05
3.308200e-01	1.130808e+05	-2.903428e-02	1.081873e-01	0.000000e+00	-4.102790e+03	1.171836e+05
3.320100e-01	1.086918e+05	-2.916312e-02	1.083444e-01	0.000000e+00	-4.068444e+03	1.127603e+05
3.332000e-01	1.265048e+05	-2.929214e-02	1.085109e-01	0.000000e+00	-3.211561e+03	1.297164e+05
3.343900e-01	1.297150e+05	-2.942138e-02	1.086924e-01	0.000000e+00	-1.656308e+03	1.313713e+05
3.355800e-01	1.227131e+05	-2.955083e-02	1.088711e-01	0.000000e+00	-5.611088e+03	1.283242e+05
3.367700e-01	1.309681e+05	-2.968049e-02	1.090508e-01	0.000000e+00	-4.932855e+03	1.359009e+05
3.379600e-01	1.235478e+05	-2.981037e-02	1.092310e-01	0.000000e+00	-2.250626e+03	1.257984e+05
3.391500e-01	1.361417e+05	-2.994046e-02	1.094149e-01	0.000000e+00	-2.046251e+03	1.381879e+05
3.403400e-01	1.421183e+05	-3.007078e-02	1.096120e-01	0.000000e+00	-1.903574e+03	1.440219e+05
3.415300e-01	1.136171e+05	-3.020134e-02	1.097931e-01	0.000000e+00	-5.594255e+03	1.192114e+05
3.427200e-01	1.266256e+05	-3.033209e-02	1.099632e-01	0.000000e+00	-4.453761e+03	1.310794e+05
3.439100e-01	1.302275e+05	-3.046305e-02	1.101451e-01	0.000000e+00	-3.004390e+03	1.332319e+05
3.451000e-01	1.251325e+05	-3.059423e-02	1.103259e-01	0.000000e+00	-3.841807e+03	1.289743e+05
3.462900e-01	1.303371e+05	-3.072562e-02	1.105068e-01	0.000000e+00	-2.998930e+03	1.333361e+05
3.474800e-01	1.234640e+05	-3.085724e-02	1.106866e-01	0.000000e+00	-2.028287e+03	1.254923e+05
3.486700e-01	1.272562e+05	-3.098906e-02	1.108641e-01	0.000000e+00	-4.842541e+03	1.320988e+05
3.498600e-01	1.113305e+05	-3.112109e-02	1.110331e-01	0.000000e+00	-4.086854e+03	1.154173e+05
3.510500e-01	1.172456e+05	-3.125332e-02	1.111950e-01	0.000000e+00	-5.442612e+03	1.226883e+05
3.522400e-01	1.301147e+05	-3.138574e-02	1.113701e-01	0.000000e+00	-2.995718e+03	1.331104e+05
3.534300e-01	1.292867e+05	-3.151838e-02	1.115538e-01	0.000000e+00	-1.765977e+03	1.310526e+05
3.546200e-01	1.186307e+05	-3.165124e-02	1.117294e-01	0.000000e+00	-5.283240e+03	1.239140e+05
3.558100e-01	1.095494e+05	-3.178429e-02	1.118910e-01	0.000000e+00	-5.059013e+03	1.146085e+05
3.570000e-01	1.388025e+05	-3.191754e-02	1.120669e-01	0.000000e+00	-3.958816e+03	1.427614e+05
3.581900e-01	1.281301e+05	-3.205101e-02	1.122559e-01	0.000000e+00	-3.702099e+03	1.318322e+05
3.593800e-01	1.216167e+05	-3.218470e-02	1.124328e-01	0.000000e+00	-3.659854e+03	1.252766e+05
3.605700e-01	1.111100e+05	-3.231860e-02	1.125976e-01	0.000000e+00	-5.435417e+03	1.165454e+05
3.617600e-01	1.187191e+05	-3.245269e-02	1.127603e-01	0.000000e+00	-3.395732e+03	1.221149e+05
3.629500e-01	1.219561e+05	-3.258697e-02	1.129308e-01	0.000000e+00	-5.645546e+03	1.276016e+05
3.641400e-01	1.112269e+05	-3.272146e-02	1.130959e-01	0.000000e+00	-3.680282e+03	1.149072e+05
3.653300e-01	1.212442e+05	-3.285614e-02	1.132605e-01	0.000000e+00	-2.175383e+03	1.234196e+05
3.665200e-01	1.175095e+05	-3.299102e-02	1.134296e-01	0.000000e+00	-6.425805e+03	1.239353e+05
3.677100e-01	1.138934e+05	-3.312610e-02	1.135935e-01	0.000000e+00	-4.776166e+03	1.186695e+05
3.689000e-01	1.135838e+05	-3.326137e-02	1.137546e-01	0.000000e+00	-2.206163e+03	1.157900e+05
3.700900e-01	1.276776e+05	-3.339684e-02	1.139254e-01	0.000000e+00	-4.708163e+03	1.323858e+05
3.712800e-01	1.123813e+05	-3.353252e-02	1.140954e-01	0.000000e+00	-2.699129e+03	1.150804e+05
3.724700e-01	1.259858e+05	-3.366839e-02	1.142642e-01	0.000000e+00	-3.282982e+03	1.292687e+05
3.736600e-01	1.310420e+05	-3.380447e-02	1.144462e-01	0.000000e+00	-3.896396e+03	1.349384e+05
3.748500e-01	1.175209e+05	-3.394077e-02	1.146223e-01	0.000000e+00	-3.141350e+03	1.206623e+05
3.760400e-01	1.152696e+05	-3.407727e-02	1.147871e-01	0.000000e+00	-4.648117e+03	1.199177e+05
3.772300e-01	1.069791e+05	-3.421396e-02	1.149445e-01	0.000000e+00	-3.033041e+03	1.100122e+05
3.784200e-01	1.026108e+05	-3.435084e-02	1.150929e-01	0.000000e+00	-3.637575e+03	1.062483e+05
3.796100e-01	1.278213e+05	-3.448788e-02	1.152561e-01	0.000000e+00	-3.467250e+03	1.312886e+05
3.808000e-01	1.127970e+05	-3.462514e-02	1.154265e-01	0.000000e+00	-4.052978e+03	1.168499e+05
3.819900e-01	1.241959e+05	-3.476260e-02	1.155943e-01	0.000000e+00	-1.459025e+03	1.256549e+05
3.831800e-01	1.178073e+05	-3.490026e-02	1.157657e-01	0.000000e+00	-2.711995e+03	1.205193e+05
3.843700e-01	1.292976e+05	-3.503812e-02	1.159407e-01	0.000000e+00	-1.975679e+03	1.312733e+05
3.855600e-01	1.276912e+05	-3.517620e-02	1.161227e-01	0.000000e+00	-2.312178e+03	1.300034e+05
3.867500e-01	1.202413e+05	-3.531449e-02	1.162983e-01	0.000000e+00	-3.409133e+03	1.236504e+05
3.879400e-01	1.114052e+05	-3.545299e-02	1.164623e-01	0.000000e+00	-3.531223e+03	1.149364e+05
3.891300e-01	1.132779e+05	-3.559167e-02	1.166214e-01	0.000000e+00	-4.007451e+03	1.172854e+05
3.903200e-01	1.200942e+05	-3.573055e-02	1.167867e-01	0.000000e+00	-1.941482e+03	1.220357e+05
3.915100e-01	1.166009e+05	-3.586962e-02	1.169543e-01	0.000000e+00	-1.722743e+03	1.183236e+05
3.927000e-01	1.191017e+05	-3.600890e-02	1.171212e-01	0.000000e+00	-3.024105e+03	1.221258e+05
3.938900e-01	1.187169e+05	-3.614837e-02	1.172896e-01	0.000000e+00	-1.951887e+03	1.206688e+05
3.950800e-01	1.267784e+05	-3.628805e-02	1.174635e-01	0.000000e+00	-2.556374e+03	1.293348e+05
3.962700e-01	1.184807e+05	-3.642794e-02	1.176372e-01	0.000000e+00	-2.803529e+03	1.212842e+05
3.974600e-01	1.126376e+05	-3.656802e-02	1.178008e-01	0.000000e+00	-3.062838e+03	1.157004e+05
3.986500e-01	1.139213e+05	-3.670830e-02	1.179613e-01	0.000000e+00	-2.316353e+03	1.162376e+05
3.998400e-01	1.275010e+05	-3.684877e-02	1.181323e-01	0.000000e+00	-3.318386e+03	1.308194e+05
4.010300e-01	1.230014e+05	-3.698946e-02	1.183097e-01	0.000000e+00	-2.655362e+03	1.256568e+05
4.022200e-01	1.229577e+05	-3.713035e-02	1.184838e-01	0.000000e+00	-2.572647e+03	1.255303e+05
4.034100e-01	1.432371e+05	-3.727145e-02	1.186723e-01	0.000000e+00	-2.032638e+03	1.452698e+05
4.046000e-01	1.379744e+05	-3.741279e-02	1.188715e-01	0.000000e+00	-1.680871e+03	1.396553e+05
4.057900e-01	1.323566e+05	-3.755436e-02	1.190629e-01	0.000000e+00	-3.228831e+03	1.355854e+05
4.069800e-01	1.273304e+05	-3.769616e-02	1.192468e-01	0.000000e+00	-1.538079e+03	1.288685e+05
4.081700e-01	1.216378e+05	-3.783817e-02	1.194231e-01	0.000000e+00	-1.303123e+03	1.229409e+05
4.093600e-01	1.279501e+05	-3.798039e-02	1.195999e-01	0.000000e+00	-3.962917e+03	1.319131e+05
4.105500e-01	1.081425e+05	-3.812282e-02	1.197671e-01	0.000000e+00	-3.502654e+03	1.116452e+05
4.117400e-01	1.129260e+05	-3.826543e-02	1.199236e-01	0.000000e+00	-3.383059e+03	1.163091e+05
4.129300e-01	1.170740e+05	-3.840824e-02	1.200865e-01	0.000000e+00	-4.408931e+03	1.214829e+05
4.141200e-01	1.101065e+05	-3.855124e-02	1.202474e-01	0.000000e+00	-4.296790e+03	1.144033e+05
4.153100e-01	1.156854e+05	-3.869442e-02	1.204073e-01	0.000000e+00	-3.640059e+03	1.193255e+05
4.165000e-01	1.306641e+05	-3.883781e-02	1.205817e-01	0.000000e+00	-1.355104e+03	1.320192e+05
4.176900e-01	1.184247e+05	-3.898141e-02	1.207581e-01	0.000000e+00	-5.035626e+03	1.234603e+05
4.188800e-01	1.073382e+05	-3.912521e-02	1.209180e-01	0.000000e+00	-6.163522e+03	1.135017e+05
4.200700e-01	1.306578e+05	-3.926919e-02	1.210866e-01	0.000000e+00	-3.504427e+03	1.341622e+05
4.212600e-01	1.194267e+05	-3.941340e-02	1.212637e-01	0.000000e+00	-2.613965e+03	1.220406e+05
4.224500e-01	1.292077e+05	-3.955780e-02	1.214397e-01	0.000000e+00	-4.266750e+03	1.334744e+05
4.236400e-01	1.077199e+05	-3.970242e-02	1.216075e-01	0.000000e+00	-2.138163e+03	1.098581e+05
4.248300e-01	1.138706e+05	-3.984723e-02	1.217644e-01	0.000000e+00	-3.302751e+03	1.171733e+05
4.260200e-01	1.073396e+05	-3.999222e-02	1.219211e-01	0.000000e+00	-6.215293e+02	1.079611e+05
4.272100e-01	1.231467e+05	-4.013740e-02	1.220843e-01	0.000000e+00	-4.044793e+03	1.271915e+05
4.284000e-01	1.007333e+05	-4.028278e-02	1.222429e-01	0.000000e+00	-3.782314e+03	1.045156e+05
4.295900e-01	1.175722e+05	-4.042834e-02	1.223975e-01	0.000000e+00	-3.231152e+03	1.208033e+05
4.307800e-01	1.324364e+05	-4.057409e-02	1.225745e-01	0.000000e+00	-3.185247e+03	1.356217e+05
4.319700e-01	1.288337e+05	-4.072006e-02	1.227595e-01	0.000000e+00	-2.819276e+03	1.316530e+05
4.331600e-01	1.313992e+05	-4.086626e-02	1.229438e-01	0.000000e+00	-1.306866e+03	1.327061e+05
4.343500e-01	1.311766e+05	-4.101267e-02	1.231298e-01	0.000000e+00	-2.009709e+03	1.331863e+05
4.355400e-01	1.302495e+05	-4.115931e-02	1.233149e-01	0.000000e+00	-4.817419e+03	1.350669e+05
4.367300e-01	1.209119e+05	-4.130616e-02	1.234928e-01	0.000000e+00	-2.706110e+03	1.236180e+05
4.379200e-01	1.302824e+05	-4.145322e-02	1.236706e-01	0.000000e+00	-1.257865e+03	1.315403e+05
4.391100e-01	1.218906e+05	-4.160050e-02	1.238492e-01	0.000000e+00	-2.200275e+03	1.240908e+05
4.403000e-01	1.246030e+05	-4.174798e-02	1.240238e-01	0.000000e+00	-2.456736e+03	1.270597e+05
4.414900e-01	1.193604e+05	-4.189567e-02	1.241965e-01	0.000000e+00	-4.229818e+03	1.235902e+05
4.426800e-01	1.210056e+05	-4.204357e-02	1.243668e-01	0.000000e+00	-4.824528e+03	1.258302e+05
4.438700e-01	1.242951e+05	-4.219167e-02	1.245405e-01	0.000000e+00	-3.696579e+03	1.279916e+05
4.450600e-01	1.225154e+05	-4.233997e-02	1.247153e-01	0.000000e+00	-1.992725e+03	1.245081e+05
4.462500e-01	1.178531e+05	-4.248849e-02	1.248855e-01	0.000000e+00	-3.701286e+03	1.215544e+05
4.474400e-01	1.167135e+05	-4.263720e-02	1.250516e-01	0.000000e+00	-2.656182e+03	1.193697e+05
4.486300e-01	1.369976e+05	-4.278611e-02	1.252313e-01	0.000000e+00	-2.981921e+03	1.399795e+05
4.498200e-01	1.172958e+05	-4.293525e-02	1.254113e-01	0.000000e+00	-3.543418e+03	1.208393e+05
4.510100e-01	1.144375e+05	-4.308459e-02	1.255754e-01	0.000000e+00	-5.750939e+03	1.201885e+05
4.522000e-01	1.188903e+05	-4.323412e-02	1.257407e-01	0.000000e+00	-5.138596e+03	1.240289e+05
4.533900e-01	1.152272e+05	-4.338385e-02	1.259065e-01	0.000000e+00	-1.119063e+03	1.163463e+05
4.545800e-01	1.203887e+05	-4.353378e-02	1.260733e-01	0.000000e+00	-1.877811e+03	1.222666e+05
4.557700e-01	1.233198e+05	-4.368391e-02	1.262459e-01	0.000000e+00	-1.987948e+03	1.253077e+05
4.569600e-01	1.141786e+05	-4.383424e-02	1.264141e-01	0.000000e+00	-1.557087e+03	1.157357e+05
4.581500e-01	1.087465e+05	-4.398477e-02	1.265720e-01	0.000000e+00	-3.117084e+03	1.118636e+05
4.593400e-01	1.060868e+05	-4.413549e-02	1.267241e-01	0.000000e+00	-6.306130e+03	1.123929e+05
4.605300e-01	1.189726e+05	-4.428638e-02	1.268835e-01	0.000000e+00	-3.229754e+03	1.222024e+05
4.617200e-01	1.237312e+05	-4.443747e-02	1.270554e-01	0.000000e+00	-2.864650e+03	1.265959e+05
4.629100e-01	1.172535e+05	-4.458877e-02	1.272260e-01	0.000000e+00	-3.883802e+03	1.211373e+05
4.641000e-01	1.191108e+05	-4.474027e-02	1.273934e-01	0.000000e+00	-1.330610e+03	1.204414e+05
4.652900e-01	1.210956e+05	-4.489196e-02	1.275635e-01	0.000000e+00	-1.903982e+03	1.229996e+05
4.664800e-01	1.115456e+05	-4.504387e-02	1.277283e-01	0.000000e+00	-4.934522e+03	1.164801e+05
4.676700e-01	1.153231e+05	-4.519596e-02	1.278889e-01	0.000000e+00	-4.770185e+03	1.200933e+05
4.688600e-01	1.264247e+05	-4.534824e-02	1.280601e-01	0.000000e+00	-2.375941e+03	1.288006e+05
4.700500e-01	1.343794e+05	-4.550074e-02	1.282448e-01	0.000000e+00	-2.189424e+03	1.365688e+05
4.712400e-01	1.199557e+05	-4.565347e-02	1.284249e-01	0.000000e+00	-5.594768e+03	1.255505e+05
4.724300e-01	1.334843e+05	-4.580639e-02	1.286044e-01	0.000000e+00	-4.351907e+03	1.378362e+05
4.736200e-01	1.203530e+05	-4.595954e-02	1.287842e-01	0.000000e+00	-1.239839e+03	1.215928e+05
4.748100e-01	1.235840e+05	-4.611290e-02	1.289569e-01	0.000000e+00	-1.822195e+03	1.254062e+05
4.760000e-01	1.215045e+05	-4.626646e-02	1.291305e-01	0.000000e+00	-1.748707e+03	1.232532e+05
4.771900e-01	1.280987e+05	-4.642023e-02	1.293072e-01	0.000000e+00	-1.802034e+03	1.299007e+05
4.783800e-01	1.264705e+05	-4.657421e-02	1.294875e-01	0.000000e+00	-5.557708e+03	1.320282e+05
4.795700e-01	1.152313e+05	-4.672841e-02	1.296587e-01	0.000000e+00	-3.628647e+03	1.188600e+05
4.807600e-01	1.130419e+05	-4.688280e-02	1.298203e-01	0.000000e+00	-2.551556e+03	1.155935e+05
4.819500e-01	1.249737e+05	-4.703738e-02	1.299889e-01	0.000000e+00	-1.836255e+03	1.268099e+05
4.831400e-01	1.203325e+05	-4.719217e-02	1.301626e-01	0.000000e+00	-1.406899e+03	1.217394e+05
4.843300e-01	1.281731e+05	-4.734717e-02	1.303386e-01	0.000000e+00	-3.522030e+03	1.316952e+05
4.855200e-01	1.342957e+05	-4.750238e-02	1.305245e-01	0.000000e+00	-1.979138e+03	1.362748e+05
4.867100e-01	1.302486e+05	-4.765782e-02	1.307118e-01	0.000000e+00	-1.372204e+03	1.316208e+05
4.879000e-01	1.271782e+05	-4.781347e-02	1.308941e-01	0.000000e+00	-4.030453e+03	1.312087e+05
4.890900e-01	1.300264e+05	-4.796934e-02	1.310762e-01	0.000000e+00	-3.713019e+03	1.337394e+05
4.902800e-01	1.393468e+05	-4.812544e-02	1.312670e-01	0.000000e+00	-9.683572e+02	1.403152e+05
4.914700e-01	1.236167e+05	-4.828176e-02	1.314532e-01	0.000000e+00	-1.964984e+03	1.255817e+05
4.926600e-01	1.301579e+05	-4.843829e-02	1.316329e-01	0.000000e+00	-2.975108e+03	1.331330e+05
4.938500e-01	1.290095e+05	-4.859505e-02	1.318165e-01	0.000000e+00	-2.501028e+03	1.315105e+05
4.950400e-01	1.249071e+05	-4.875202e-02	1.319963e-01	0.000000e+00	-1.975777e+03	1.268829e+05
4.962300e-01	1.280952e+05	-4.890920e-02	1.321754e-01	0.000000e+00	-2.873067e+03	1.309682e+05
4.974200e-01	1.221600e+05	-4.906659e-02	1.323527e-01	0.000000e+00	-7.394454e+03	1.295545e+05
4.986100e-01	1.115156e+05	-4.922420e-02	1.325181e-01	0.000000e+00	-3.770109e+03	1.152857e+05
4.998000e-01	1.233009e+05	-4.938199e-02	1.326844e-01	0.000000e+00	-1.660500e+03	1.249614e+05
5.009900e-01	1.259998e+05	-4.953999e-02	1.328610e-01	0.000000e+00	-3.764412e+03	1.297642e+05
5.021800e-01	1.246747e+05	-4.969820e-02	1.330385e-01	0.000000e+00	-4.099363e+03	1.287741e+05
5.033700e-01	1.209827e+05	-4.985662e-02	1.332125e-01	0.000000e+00	-3.111169e+03	1.240939e+05
5.045600e-01	1.245508e+05	-5.001524e-02	1.333863e-01	0.000000e+00	-2.078211e+03	1.266290e+05
5.057500e-01	1.282488e+05	-5.017408e-02	1.335654e-01	0.000000e+00	-4.446857e+03	1.326956e+05
5.069400e-01	1.183341e+05	-5.033313e-02	1.337400e-01	0.000000e+00	-7.066822e+02	1.190408e+05
5.081300e-01	1.262936e+05	-5.049238e-02	1.339132e-01	0.000000e+00	-9.832967e+02	1.272769e+05
5.093200e-01	1.243921e+05	-5.065184e-02	1.340908e-01	0.000000e+00	-1.982467e+03	1.263746e+05
5.105100e-01	1.275504e+05	-5.081151e-02	1.342692e-01	0.000000e+00	-2.835990e+03	1.303863e+05
5.117000e-01	1.041158e+05	-5.097140e-02	1.344332e-01	0.000000e+00	-3.871317e+03	1.079871e+05
5.128900e-01	1.175512e+05	-5.113147e-02	1.345902e-01	0.000000e+00	-1.936136e+03	1.194874e+05
5.140800e-01	1.281709e+05	-5.129173e-02	1.347642e-01	0.000000e+00	-1.389377e+03	1.295602e+05
5.152700e-01	1.389285e+05	-5.145220e-02	1.349534e-01	0.000000e+00	-2.812888e+03	1.417414e+05
5.164600e-01	1.229437e+05	-5.161292e-02	1.351388e-01	0.000000e+00	-3.367198e+03	1.263109e+05
5.176500e-01	1.155161e+05	-5.177383e-02	1.353077e-01	0.000000e+00	-4.789457e+03	1.203055e+05
5.188400e-01	1.169519e+05	-5.193495e-02	1.354723e-01	0.000000e+00	-3.700655e+03	1.206525e+05
5.200300e-01	1.181897e+05	-5.209626e-02	1.356388e-01	0.000000e+00	-1.923945e+03	1.201137e+05
5.212200e-01	1.103379e+05	-5.225777e-02	1.358007e-01	0.000000e+00	-2.815651e+03	1.131536e+05
5.224100e-01	1.162933e+05	-5.241946e-02	1.359612e-01	0.000000e+00	-2.267826e+03	1.185611e+05
5.236000e-01	9.985547e+04	-5.258136e-02	1.361142e-01	0.000000e+00	-2.468999e+03	1.023245e+05
5.247900e-01	1.035859e+05	-5.274342e-02	1.362583e-01	0.000000e+00	-2.669134e+03	1.062551e+05
5.259800e-01	1.194798e+05	-5.290565e-02	1.364163e-01	0.000000e+00	-1.754098e+03	1.212339e+05
5.271700e-01	1.158990e+05	-5.306809e-02	1.365830e-01	0.000000e+00	-1.881535e+03	1.177806e+05
5.283600e-01	1.293319e+05	-5.323072e-02	1.367566e-01	0.000000e+00	-2.585347e+03	1.319173e+05
5.295500e-01	1.397470e+05	-5.339357e-02	1.369472e-01	0.000000e+00	-1.151962e+03	1.408990e+05
5.307400e-01	1.327749e+05	-5.355665e-02	1.371402e-01	0.000000e+00	-4.197009e+03	1.369719e+05
5.319300e-01	1.162319e+05	-5.371996e-02	1.373165e-01	0.000000e+00	-3.129586e+03	1.193615e+05
5.331200e-01	1.188524e+05	-5.388347e-02	1.374830e-01	0.000000e+00	-3.674852e+03	1.225272e+05
5.343100e-01	1.246978e+05	-5.404717e-02	1.376554e-01	0.000000e+00	-1.327800e+03	1.260256e+05
5.355000e-01	1.174742e+05	-5.421109e-02	1.378269e-01	0.000000e+00	-3.585277e+03	1.210595e+05
5.366900e-01	1.264888e+05	-5.437520e-02	1.379997e-01	0.000000e+00	-4.090552e+03	1.305793e+05
5.378800e-01	1.380767e+05	-5.453953e-02	1.381871e-01	0.000000e+00	-1.903844e+03	1.399805e+05
5.390700e-01	1.249444e+05	-5.470408e-02	1.383733e-01	0.000000e+00	-2.616777e+03	1.275611e+05
5.402600e-01	1.245871e+05	-5.486885e-02	1.385500e-01	0.000000e+00	-2.963008e+03	1.275501e+05
5.414500e-01	1.377512e+05	-5.503383e-02	1.387358e-01	0.000000e+00	-9.057808e+02	1.386570e+05
5.426400e-01	1.165270e+05	-5.519904e-02	1.389159e-01	0.000000e+00	-1.759327e+03	1.182864e+05
5.438300e-01	1.100598e+05	-5.536445e-02	1.390763e-01	0.000000e+00	-2.105773e+03	1.121656e+05
5.450200e-01	1.280956e+05	-5.553005e-02	1.392450e-01	0.000000e+00	-3.811942e+03	1.319076e+05
5.462100e-01	1.331324e+05	-5.569586e-02	1.394300e-01	0.000000e+00	-1.733999e+03	1.348664e+05
5.474000e-01	1.352477e+05	-5.586189e-02	1.396201e-01	0.000000e+00	-1.366403e+03	1.366141e+05
5.485900e-01	1.267860e+05	-5.602815e-02	1.398056e-01	0.000000e+00	-2.520620e+03	1.293066e+05
5.497800e-01	1.239697e+05	-5.619463e-02	1.399832e-01	0.000000e+00	-2.833330e+03	1.268031e+05
5.509700e-01	1.244215e+05	-5.636131e-02	1.401591e-01	0.000000e+00	-2.646048e+03	1.270676e+05
5.521600e-01	1.132122e+05	-5.652821e-02	1.403274e-01	0.000000e+00	-4.423913e+03	1.176361e+05
5.533500e-01	1.254337e+05	-5.669529e-02	1.404964e-01	0.000000e+00	-3.843341e+03	1.292771e+05
5.545400e-01	1.250584e+05	-5.686259e-02	1.406738e-01	0.000000e+00	-8.224194e+02	1.258808e+05
5.557300e-01	1.302980e+05	-5.703009e-02	1.408546e-01	0.000000e+00	-2.294589e+03	1.325926e+05
5.569200e-01	1.245819e+05	-5.719782e-02	1.410351e-01	0.000000e+00	-8.955697e+02	1.254775e+05
5.581100e-01	1.218297e+05	-5.736576e-02	1.412096e-01	0.000000e+00	-3.508514e+03	1.253382e+05
5.593000e-01	1.260223e+05	-5.753390e-02	1.413851e-01	0.000000e+00	-5.146669e+03	1.311690e+05
5.604900e-01	1.226028e+05	-5.770225e-02	1.415612e-01	0.000000e+00	-4.547338e+03	1.271502e+05
5.616800e-01	1.225144e+05	-5.787082e-02	1.417348e-01	0.000000e+00	-3.519565e+03	1.260340e+05
5.628700e-01	1.171937e+05	-5.803958e-02	1.419045e-01	0.000000e+00	-2.237206e+03	1.194310e+05
5.640600e-01	1.118545e+05	-5.820855e-02	1.420667e-01	0.000000e+00	-2.612726e+03	1.144672e+05
5.652500e-01	1.277589e+05	-5.837770e-02	1.422364e-01	0.000000e+00	-7.361293e+02	1.284950e+05
5.664400e-01	1.319513e+05	-5.854707e-02	1.424203e-01	0.000000e+00	-2.887723e+03	1.348391e+05
5.676300e-01	1.205038e+05	-5.871666e-02	1.425991e-01	0.000000e+00	-4.243328e+03	1.247472e+05
5.688200e-01	1.312934e+05	-5.888646e-02	1.427774e-01	0.000000e+00	-4.662953e+03	1.359564e+05
5.700100e-01	1.319406e+05	-5.905647e-02	1.429638e-01	0.000000e+00	-1.698332e+03	1.336390e+05
5.712000e-01	1.223799e+05	-5.922671e-02	1.431439e-01	0.000000e+00	-1.899642e+03	1.242795e+05
5.723900e-01	1.191991e+05	-5.939716e-02	1.433150e-01	0.000000e+00	-3.047852e+03	1.222469e+05
5.735800e-01	1.155263e+05	-5.956780e-02	1.434812e-01	0.000000e+00	-3.593864e+03	1.191202e+05
5.747700e-01	1.206971e+05	-5.973864e-02	1.436485e-01	0.000000e+00	-3.832657e+03	1.245298e+05
5.759600e-01	1.362520e+05	-5.990968e-02	1.438305e-01	0.000000e+00	-3.012316e+03	1.392644e+05
5.771500e-01	1.279332e+05	-6.008096e-02	1.440176e-01	0.000000e+00	-2.075957e+03	1.300091e+05
5.783400e-01	9.802964e+04	-6.025245e-02	1.441776e-01	0.000000e+00	-4.711956e+03	1.027416e+05
5.795300e-01	1.058967e+05	-6.042410e-02	1.443220e-01	0.000000e+00	-4.111817e+03	1.100085e+05
5.807200e-01	1.184130e+05	-6.059593e-02	1.444809e-01	0.000000e+00	-2.258350e+03	1.206713e+05
5.819100e-01	1.293387e+05	-6.076796e-02	1.446563e-01	0.000000e+00	-1.975825e+03	1.313146e+05
5.831000e-01	1.396437e+05	-6.094021e-02	1.448468e-01	0.000000e+00	-2.116488e+03	1.417602e+05
5.842900e-01	1.394666e+05	-6.111270e-02	1.450444e-01	0.000000e+00	-1.438105e+03	1.409047e+05
5.854800e-01	1.260425e+05	-6.128542e-02	1.452325e-01	0.000000e+00	-3.623093e+03	1.296656e+05
5.866700e-01	1.210403e+05	-6.145835e-02	1.454074e-01	0.000000e+00	-1.251775e+03	1.222921e+05
5.878600e-01	1.153361e+05	-6.163149e-02	1.455748e-01	0.000000e+00	-3.412442e+03	1.187486e+05
5.890500e-01	1.328270e+05	-6.180482e-02	1.457506e-01	0.000000e+00	-3.189254e+03	1.360163e+05
5.902400e-01	1.159348e+05	-6.197838e-02	1.459267e-01	0.000000e+00	-4.032848e+03	1.199677e+05
5.914300e-01	1.202524e+05	-6.215213e-02	1.460940e-01	0.000000e+00	-4.270089e+03	1.245225e+05
5.926200e-01	1.411241e+05	-6.232608e-02	1.462791e-01	0.000000e+00	-3.351024e+03	1.444751e+05
5.938100e-01	1.228391e+05	-6.250027e-02	1.464660e-01	0.000000e+00	-3.117445e+03	1.259566e+05
5.950000e-01	1.169548e+05	-6.267467e-02	1.466358e-01	0.000000e+00	-2.353672e+03	1.193085e+05
5.961900e-01	1.064573e+05	-6.284926e-02	1.467941e-01	0.000000e+00	-4.217122e+03	1.106745e+05
5.973800e-01	1.079965e+05	-6.302404e-02	1.469459e-01	0.000000e+00	-2.151436e+03	1.101479e+05
5.985700e-01	1.188175e+05	-6.319900e-02	1.471065e-01	0.000000e+00	-2.549859e+03	1.213674e+05
5.997600e-01	1.205335e+05	-6.337415e-02	1.472760e-01	0.000000e+00	-3.738667e+03	1.242721e+05
6.009500e-01	1.261772e+05	-6.354951e-02	1.474508e-01	0.000000e+00	-2.594903e+03	1.287721e+05
6.021400e-01	1.203378e+05	-6.372509e-02	1.476253e-01	0.000000e+00	-6.494618e+02	1.209873e+05
6.033300e-01	1.106017e+05	-6.390086e-02	1.477889e-01	0.000000e+00	-1.959676e+03	1.125613e+05
6.045200e-01	1.283769e+05	-6.407682e-02	1.479581e-01	0.000000e+00	-1.259778e+03	1.296366e+05
6.057100e-01	1.228845e+05	-6.425300e-02	1.481360e-01	0.000000e+00	-6.045110e+02	1.234890e+05
6.069000e-01	1.406889e+05	-6.442939e-02	1.483227e-01	0.000000e+00	-1.728270e+03	1.424172e+05
6.080900e-01	1.315942e+05	-6.460601e-02	1.485155e-01	0.000000e+00	-4.802729e+03	1.363969e+05
6.092800e-01	1.308068e+05	-6.478285e-02	1.487013e-01	0.000000e+00	-3.244075e+03	1.340509e+05
6.104700e-01	1.319308e+05	-6.495992e-02	1.488874e-01	0.000000e+00	-4.306097e+03	1.362369e+05
6.116600e-01	1.261610e+05	-6.513721e-02	1.490702e-01	0.000000e+00	-2.869602e+03	1.290306e+05
6.128500e-01	1.313120e+05	-6.531471e-02	1.492525e-01	0.000000e+00	-3.860468e+03	1.351725e+05
6.140400e-01	1.267112e+05	-6.549243e-02	1.494352e-01	0.000000e+00	-3.403759e+03	1.301150e+05
6.152300e-01	1.267465e+05	-6.567036e-02	1.496147e-01	0.000000e+00	-3.218690e+03	1.299651e+05
6.164200e-01	1.188312e+05	-6.584851e-02	1.497886e-01	0.000000e+00	-2.697627e+03	1.215288e+05
6.176100e-01	1.216368e+05	-6.602686e-02	1.499589e-01	0.000000e+00	-1.437509e+03	1.230743e+05
6.188000e-01	1.222616e+05	-6.620541e-02	1.501316e-01	0.000000e+00	-2.426958e+03	1.246886e+05
6.199900e-01	1.233314e+05	-6.638417e-02	1.503056e-01	0.000000e+00	-2.012582e+03	1.253440e+05
6.211800e-01	1.157646e+05	-6.656314e-02	1.504749e-01	0.000000e+00	-2.943194e+03	1.187078e+05
6.223700e-01	1.171544e+05	-6.674230e-02	1.506398e-01	0.000000e+00	-4.006199e+03	1.211606e+05
6.235600e-01	1.137213e+05	-6.692166e-02	1.508033e-01	0.000000e+00	-2.149407e+03	1.158707e+05
6.247500e-01	1.207348e+05	-6.710121e-02	1.509694e-01	0.000000e+00	-3.040742e+03	1.237755e+05
6.259400e-01	1.212546e+05	-6.728097e-02	1.511407e-01	0.000000e+00	-3.219241e+03	1.244738e+05
6.271300e-01	1.126701e+05	-6.746093e-02	1.513064e-01	0.000000e+00	-3.451682e+03	1.161218e+05
6.283200e-01	1.247510e+05	-6.764108e-02	1.514745e-01	0.000000e+00	-2.361768e+03	1.271127e+05
6.295100e-01	1.304663e+05	-6.782144e-02	1.516553e-01	0.000000e+00	-3.688074e+03	1.341544e+05
6.307000e-01	1.289777e+05	-6.800202e-02	1.518390e-01	0.000000e+00	-2.159109e+03	1.311368e+05
6.318900e-01	1.200314e+05	-6.818281e-02	1.520153e-01	0.000000e+00	-2.269781e+03	1.223012e+05
6.330800e-01	1.264571e+05	-6.836381e-02	1.521899e-01	0.000000e+00	-1.021585e+03	1.274787e+05
6.342700e-01	1.231555e+05	-6.854503e-02	1.523666e-01	0.000000e+00	-2.551642e+03	1.257071e+05
6.354600e-01	1.239896e+05	-6.872645e-02	1.525417e-01	0.000000e+00	-5.935848e+03	1.299255e+05
6.366500e-01	1.314126e+05	-6.890808e-02	1.527225e-01	0.000000e+00	-2.222055e+03	1.336346e+05
6.378400e-01	1.206509e+05	-6.908993e-02	1.529010e-01	0.000000e+00	-1.504473e+03	1.221554e+05
6.390300e-01	1.268882e+05	-6.927198e-02	1.530763e-01	0.000000e+00	-8.010017e+02	1.276892e+05
6.402200e-01	1.397212e+05	-6.945425e-02	1.532651e-01	0.000000e+00	-1.074246e+03	1.407955e+05
6.414100e-01	1.255439e+05	-6.963675e-02	1.534530e-01	0.000000e+00	-1.979881e+03	1.275238e+05
6.426000e-01	1.372486e+05	-6.981947e-02	1.536391e-01	0.000000e+00	-2.004179e+03	1.392528e+05
6.437900e-01	1.225802e+05	-7.000241e-02	1.538231e-01	0.000000e+00	-2.773118e+03	1.253533e+05
6.449800e-01	1.159588e+05	-7.018557e-02	1.539920e-01	0.000000e+00	-2.048258e+03	1.180071e+05
6.461700e-01	1.136420e+05	-7.036891e-02	1.541546e-01	0.000000e+00	-2.908791e+03	1.165508e+05
6.473600e-01	1.292489e+05	-7.055245e-02	1.543266e-01	0.000000e+00	-2.638809e+03	1.318877e+05
6.485500e-01	1.302413e+05	-7.073621e-02	1.545104e-01	0.000000e+00	-9.409657e+02	1.311823e+05
6.497400e-01	1.116371e+05	-7.092019e-02	1.546817e-01	0.000000e+00	-1.415238e+03	1.130524e+05
6.509300e-01	1.229036e+05	-7.110435e-02	1.548478e-01	0.000000e+00	-2.910765e+03	1.258144e+05
6.521200e-01	1.183835e+05	-7.128873e-02	1.550186e-01	0.000000e+00	-4.477598e+03	1.228611e+05
6.533100e-01	1.320560e+05	-7.147330e-02	1.551960e-01	0.000000e+00	-2.097763e+03	1.341537e+05
6.545000e-01	1.123133e+05	-7.165809e-02	1.553690e-01	0.000000e+00	-1.127627e+03	1.134409e+05
6.556900e-01	1.040161e+05	-7.184308e-02	1.555222e-01	0.000000e+00	-1.447483e+03	1.054636e+05
6.568800e-01	1.224284e+05	-7.202823e-02	1.556826e-01	0.000000e+00	-1.397547e+03	1.238259e+05
6.580700e-01	1.179713e+05	-7.221360e-02	1.558528e-01	0.000000e+00	-2.013633e+03	1.199849e+05
6.592600e-01	1.215923e+05	-7.239916e-02	1.560225e-01	0.000000e+00	-7.594033e+02	1.223517e+05
6.604500e-01	1.229667e+05	-7.258493e-02	1.561957e-01	0.000000e+00	-1.026288e+03	1.239930e+05
6.616400e-01	1.224649e+05	-7.277091e-02	1.563695e-01	0.000000e+00	-4.638260e+03	1.271031e+05
6.628300e-01	1.211764e+05	-7.295709e-02	1.565420e-01	0.000000e+00	-1.952920e+03	1.231293e+05
6.640200e-01	1.139607e+05	-7.314348e-02	1.567085e-01	0.000000e+00	-2.063903e+03	1.160246e+05
6.652100e-01	1.346514e+05	-7.333006e-02	1.568846e-01	0.000000e+00	-1.242998e+03	1.358944e+05
6.664000e-01	1.148276e+05	-7.351687e-02	1.570613e-01	0.000000e+00	-8.840489e+02	1.157117e+05
6.675900e-01	1.164479e+05	-7.370387e-02	1.572250e-01	0.000000e+00	-1.696688e+03	1.181446e+05
6.687800e-01	1.246453e+05	-7.389106e-02	1.573958e-01	0.000000e+00	-1.844508e+03	1.264898e+05
6.699700e-01	1.285803e+05	-7.407847e-02	1.575751e-01	0.000000e+00	-2.297444e+03	1.308777e+05
6.711600e-01	1.150622e+05	-7.426609e-02	1.577476e-01	0.000000e+00	-5.168671e+02	1.155791e+05
6.723500e-01	1.265839e+05	-7.445391e-02	1.579188e-01	0.000000e+00	-2.632608e+03	1.292165e+05
6.735400e-01	1.188944e+05	-7.464194e-02	1.580926e-01	0.000000e+00	-3.519845e+03	1.224143e+05
6.747300e-01	1.026181e+05	-7.483017e-02	1.582495e-01	0.000000e+00	-3.292806e+03	1.059109e+05
6.759200e-01	1.258718e+05	-7.501857e-02	1.584113e-01	0.000000e+00	-1.167932e+03	1.270397e+05
6.771100e-01	1.303573e+05	-7.520719e-02	1.585927e-01	0.000000e+00	-6.346492e+02	1.309920e+05
6.783000e-01	1.108928e+05	-7.539602e-02	1.587636e-01	0.000000e+00	-7.172898e+02	1.116101e+05
6.794900e-01	1.086599e+05	-7.558504e-02	1.589191e-01	0.000000e+00	-1.597762e+03	1.102577e+05
6.806800e-01	1.262276e+05	-7.577425e-02	1.590854e-01	0.000000e+00	-1.448257e+03	1.276758e+05
6.818700e-01	1.222962e+05	-7.596367e-02	1.592614e-01	0.000000e+00	-1.255094e+03	1.235513e+05
6.830600e-01	1.225475e+05	-7.615329e-02	1.594348e-01	0.000000e+00	-1.213972e+03	1.237615e+05
6.842500e-01	1.363219e+05	-7.634312e-02	1.596181e-01	0.000000e+00	-2.171548e+03	1.384934e+05
6.854400e-01	1.178834e+05	-7.653318e-02	1.597981e-01	0.000000e+00	-1.680111e+03	1.195635e+05
6.866300e-01	1.268048e+05	-7.672344e-02	1.599714e-01	0.000000e+00	-9.091227e+02	1.277139e+05
6.878200e-01	1.303149e+05	-7.691391e-02	1.601535e-01	0.000000e+00	-1.222795e+03	1.315377e+05
6.890100e-01	1.177439e+05	-7.710461e-02	1.603292e-01	0.000000e+00	-2.038103e+03	1.197820e+05
6.902000e-01	1.130655e+05	-7.729550e-02	1.604926e-01	0.000000e+00	-4.092197e+03	1.171577e+05
6.913900e-01	1.064782e+05	-7.748658e-02	1.606481e-01	0.000000e+00	-2.931475e+03	1.094097e+05
6.925800e-01	1.256284e+05	-7.767784e-02	1.608124e-01	0.000000e+00	-4.021194e+03	1.296496e+05
6.937700e-01	1.174562e+05	-7.786931e-02	1.609846e-01	0.000000e+00	-1.653442e+03	1.191097e+05
6.949600e-01	1.283492e+05	-7.806098e-02	1.611587e-01	0.000000e+00	-1.425420e+03	1.297747e+05
6.961500e-01	1.292614e+05	-7.825287e-02	1.613411e-01	0.000000e+00	-2.867644e+03	1.321290e+05
6.973400e-01	1.137674e+05	-7.844497e-02	1.615132e-01	0.000000e+00	-5.041300e+03	1.188087e+05
6.985300e-01	1.276361e+05	-7.863727e-02	1.616842e-01	0.000000e+00	-2.116326e+03	1.297524e+05
6.997200e-01	1.130390e+05	-7.882978e-02	1.618546e-01	0.000000e+00	-3.056290e+03	1.160953e+05
7.009100e-01	1.279346e+05	-7.902249e-02	1.620252e-01	0.000000e+00	-2.022115e+03	1.299567e+05
7.021000e-01	1.218317e+05	-7.921540e-02	1.622021e-01	0.000000e+00	-4.252926e+02	1.222570e+05
7.032900e-01	1.211871e+05	-7.940853e-02	1.623742e-01	0.000000e+00	-6.883955e+02	1.218755e+05
7.044800e-01	1.130264e+05	-7.960185e-02	1.625401e-01	0.000000e+00	-7.994015e+02	1.138258e+05
7.056700e-01	1.156438e+05	-7.979537e-02	1.627020e-01	0.000000e+00	-1.682509e+03	1.173263e+05
7.068600e-01	1.190119e+05	-7.998908e-02	1.628682e-01	0.000000e+00	-1.292925e+03	1.203048e+05
7.080500e-01	1.240685e+05	-8.018300e-02	1.630403e-01	0.000000e+00	-2.541806e+03	1.266103e+05
7.092400e-01	1.291992e+05	-8.037712e-02	1.632197e-01	0.000000e+00	-1.728030e+03	1.309272e+05
7.104300e-01	1.375782e+05	-8.057146e-02	1.634086e-01	0.000000e+00	-1.502125e+03	1.390804e+05
7.116200e-01	1.361744e+05	-8.076603e-02	1.636025e-01	0.000000e+00	-2.768475e+03	1.389429e+05
7.128100e-01	1.263157e+05	-8.096083e-02	1.637884e-01	0.000000e+00	-1.566208e+03	1.278819e+05
7.140000e-01	1.229829e+05	-8.115585e-02	1.639649e-01	0.000000e+00	-1.490916e+03	1.244738e+05
7.151900e-01	1.262361e+05	-8.135107e-02	1.641414e-01	0.000000e+00	-1.597763e+03	1.278338e+05
7.163800e-01	1.235057e+05	-8.154651e-02	1.643182e-01	0.000000e+00	-1.909025e+03	1.254147e+05
7.175700e-01	1.144453e+05	-8.174215e-02	1.644868e-01	0.000000e+00	-2.880321e+03	1.173256e+05
7.187600e-01	1.114526e+05	-8.193798e-02	1.646467e-01	0.000000e+00	-3.381096e+03	1.148337e+05
7.199500e-01	1.342553e+05	-8.213401e-02	1.648207e-01	0.000000e+00	-2.908940e+03	1.371643e+05
7.211400e-01	1.414424e+05	-8.233026e-02	1.650160e-01	0.000000e+00	-1.685667e+03	1.431280e+05
7.223300e-01	1.334513e+05	-8.252675e-02	1.652106e-01	0.000000e+00	-1.507996e+03	1.349593e+05
7.235200e-01	1.146039e+05	-8.272346e-02	1.653863e-01	0.000000e+00	-2.183478e+03	1.167874e+05
7.247100e-01	1.199392e+05	-8.292036e-02	1.655524e-01	0.000000e+00	-1.347150e+03	1.212863e+05
7.259000e-01	1.250562e+05	-8.311747e-02	1.657259e-01	0.000000e+00	-1.592542e+03	1.266487e+05
7.270900e-01	1.247341e+05	-8.331479e-02	1.659028e-01	0.000000e+00	-1.445708e+03	1.261798e+05
7.282800e-01	1.357767e+05	-8.351232e-02	1.660873e-01	0.000000e+00	-2.740513e+03	1.385172e+05
7.294700e-01	1.154917e+05	-8.371008e-02	1.662652e-01	0.000000e+00	-2.896436e+03	1.183881e+05
7.306600e-01	1.072351e+05	-8.390803e-02	1.664229e-01	0.000000e+00	-3.441038e+03	1.106761e+05
7.318500e-01	1.313336e+05	-8.410617e-02	1.665919e-01	0.000000e+00	-1.792092e+03	1.331257e+05
7.330400e-01	1.312433e+05	-8.430452e-02	1.667778e-01	0.000000e+00	-2.176827e+02	1.314610e+05
7.342300e-01	1.145378e+05	-8.450310e-02	1.669519e-01	0.000000e+00	-2.057245e+03	1.165950e+05
7.354200e-01	1.080736e+05	-8.470187e-02	1.671095e-01	0.000000e+00	-1.643825e+03	1.097175e+05
7.366100e-01	1.132598e+05	-8.490082e-02	1.672663e-01	0.000000e+00	-1.739664e+03	1.149994e+05
7.378000e-01	1.190176e+05	-8.509996e-02	1.674308e-01	0.000000e+00	-1.268613e+03	1.202862e+05
7.389900e-01	1.321401e+05	-8.529930e-02	1.676086e-01	0.000000e+00	-3.080583e+03	1.352207e+05
7.401800e-01	1.282407e+05	-8.549887e-02	1.677930e-01	0.000000e+00	-1.426900e+03	1.296676e+05
7.413700e-01	1.275955e+05	-8.569865e-02	1.679742e-01	0.000000e+00	-1.058481e+03	1.286540e+05
7.425600e-01	1.148862e+05	-8.589865e-02	1.681459e-01	0.000000e+00	-1.359343e+03	1.162456e+05
7.437500e-01	1.174269e+05	-8.609884e-02	1.683104e-01	0.000000e+00	-3.240262e+03	1.206671e+05
7.449400e-01	1.335092e+05	-8.629923e-02	1.684881e-01	0.000000e+00	-3.418818e+03	1.369280e+05
7.461300e-01	1.351128e+05	-8.649984e-02	1.686784e-01	0.000000e+00	-1.791432e+03	1.369042e+05
7.473200e-01	1.495163e+05	-8.670068e-02	1.688799e-01	0.000000e+00	-1.470300e+03	1.509866e+05
7.485100e-01	1.240792e+05	-8.690177e-02	1.690737e-01	0.000000e+00	-1.882705e+03	1.259619e+05
7.497000e-01	1.224452e+05	-8.710308e-02	1.692482e-01	0.000000e+00	-3.953985e+03	1.263992e+05
7.508900e-01	1.219952e+05	-8.730459e-02	1.694214e-01	0.000000e+00	-2.322935e+03	1.243181e+05
7.520800e-01	1.089878e+05	-8.750630e-02	1.695849e-01	0.000000e+00	-6.424899e+02	1.096302e+05
7.532700e-01	1.166199e+05	-8.770820e-02	1.697447e-01	0.000000e+00	-1.259397e+03	1.178793e+05
7.544600e-01	1.220653e+05	-8.791029e-02	1.699137e-01	0.000000e+00	-6.236811e+02	1.226890e+05
7.556500e-01	1.300787e+05	-8.811259e-02	1.700923e-01	0.000000e+00	-1.456375e+03	1.315351e+05
7.568400e-01	1.236204e+05	-8.831511e-02	1.702719e-01	0.000000e+00	-2.490726e+03	1.261111e+05
7.580300e-01	1.442131e+05	-8.851784e-02	1.704616e-01	0.000000e+00	-2.848389e+03	1.470615e+05
7.592200e-01	1.123043e+05	-8.872081e-02	1.706433e-01	0.000000e+00	-1.826502e+03	1.141308e+05
7.604100e-01	1.278243e+05	-8.892397e-02	1.708133e-01	0.000000e+00	-3.693468e+03	1.315178e+05
7.616000e-01	1.265702e+05	-8.912735e-02	1.709935e-01	0.000000e+00	-3.188367e+03	1.297586e+05
7.627900e-01	1.188116e+05	-8.933093e-02	1.711672e-01	0.000000e+00	-1.814686e+03	1.206263e+05
7.639800e-01	1.326860e+05	-8.953472e-02	1.713453e-01	0.000000e+00	-1.785861e+03	1.344718e+05
7.651700e-01	1.290954e+05	-8.973874e-02	1.715307e-01	0.000000e+00	-2.035278e+03	1.311307e+05
7.663600e-01	1.163191e+05	-8.994297e-02	1.717045e-01	0.000000e+00	-2.334522e+03	1.186536e+05
7.675500e-01	1.198377e+05	-9.014739e-02	1.718718e-01	0.000000e+00	-2.132848e+03	1.219706e+05
7.687400e-01	1.297420e+05	-9.035202e-02	1.720485e-01	0.000000e+00	-7.435360e+02	1.304855e+05
7.699300e-01	1.517708e+05	-9.055687e-02	1.722479e-01	0.000000e+00	-1.375974e+03	1.531468e+05
7.711200e-01	1.472709e+05	-9.076197e-02	1.724596e-01	0.000000e+00	-5.981710e+02	1.478691e+05
7.723100e-01	1.374734e+05	-9.096732e-02	1.726613e-01	0.000000e+00	-2.095135e+03	1.395686e+05
7.735000e-01	1.303682e+05	-9.117291e-02	1.728510e-01	0.000000e+00	-3.810180e+03	1.341784e+05
7.746900e-01	1.065542e+05	-9.137871e-02	1.730187e-01	0.000000e+00	-2.826536e+03	1.093807e+05
7.758800e-01	1.215495e+05	-9.158469e-02	1.731803e-01	0.000000e+00	-1.594348e+03	1.231439e+05
7.770700e-01	1.412943e+05	-9.179088e-02	1.733664e-01	0.000000e+00	-2.070964e+03	1.433652e+05
7.782600e-01	1.263286e+05	-9.199730e-02	1.735559e-01	0.000000e+00	-2.349229e+03	1.286779e+05
7.794500e-01	1.202324e+05	-9.220394e-02	1.737305e-01	0.000000e+00	-1.772458e+03	1.220049e+05
7.806400e-01	1.088898e+05	-9.241078e-02	1.738928e-01	0.000000e+00	-2.505315e+03	1.113951e+05
7.818300e-01	1.216395e+05	-9.261781e-02	1.740560e-01	0.000000e+00	-4.315564e+03	1.259550e+05
7.830200e-01	1.202778e+05	-9.282503e-02	1.742274e-01	0.000000e+00	-4.798957e+03	1.250768e+05
7.842100e-01	1.307355e+05	-9.303247e-02	1.744051e-01	0.000000e+00	-2.355579e+03	1.330910e+05
7.854000e-01	1.263239e+05	-9.324012e-02	1.745872e-01	0.000000e+00	-1.793363e+03	1.281173e+05
7.865900e-01	1.222910e+05	-9.344798e-02	1.747632e-01	0.000000e+00	-3.411538e+03	1.257026e+05
7.877800e-01	1.353126e+05	-9.365605e-02	1.749456e-01	0.000000e+00	-9.218926e+02	1.362345e+05
7.889700e-01	1.257591e+05	-9.386435e-02	1.751305e-01	0.000000e+00	-1.566637e+03	1.273257e+05
7.901600e-01	1.442886e+05	-9.407287e-02	1.753218e-01	0.000000e+00	-1.001949e+03	1.452905e+05
7.913500e-01	1.321107e+05	-9.428162e-02	1.755175e-01	0.000000e+00	-1.765091e+03	1.338758e+05
7.925400e-01	1.089961e+05	-9.449060e-02	1.756882e-01	0.000000e+00	-2.670838e+03	1.116669e+05
7.937300e-01	1.197511e+05	-9.469976e-02	1.758502e-01	0.000000e+00	-2.137175e+03	1.218883e+05
7.949200e-01	1.279206e+05	-9.490912e-02	1.760256e-01	0.000000e+00	-1.874828e+03	1.297954e+05
7.961100e-01	1.213739e+05	-9.511870e-02	1.762022e-01	0.000000e+00	-2.774188e+03	1.241481e+05
7.973000e-01	1.162375e+05	-9.532848e-02	1.763704e-01	0.000000e+00	-2.505670e+02	1.164881e+05
7.984900e-01	1.184261e+05	-9.553846e-02	1.765366e-01	0.000000e+00	-1.992678e+01	1.184460e+05
7.996800e-01	1.305316e+05	-9.574864e-02	1.767129e-01	0.000000e+00	-9.697711e+02	1.315014e+05
8.008700e-01	1.226826e+05	-9.595904e-02	1.768922e-01	0.000000e+00	-1.164890e+03	1.238475e+05
8.020600e-01	1.237522e+05	-9.616964e-02	1.770668e-01	0.000000e+00	-1.638252e+03	1.253905e+05
8.032500e-01	1.266224e+05	-9.638046e-02	1.772441e-01	0.000000e+00	-1.726728e+03	1.283491e+05
8.044400e-01	1.272387e+05	-9.659148e-02	1.774238e-01	0.000000e+00	-2.612380e+03	1.298510e+05
8.056300e-01	1.205477e+05	-9.680273e-02	1.775993e-01	0.000000e+00	-1.258618e+03	1.218063e+05
8.068200e-01	1.195115e+05	-9.701417e-02	1.777693e-01	0.000000e+00	-1.433640e+03	1.209451e+05
8.080100e-01	1.271930e+05	-9.722582e-02	1.779440e-01	0.000000e+00	-2.088530e+03	1.292816e+05
8.092000e-01	1.236024e+05	-9.743768e-02	1.781216e-01	0.000000e+00	-1.432008e+03	1.250344e+05
8.103900e-01	1.149880e+05	-9.764975e-02	1.782906e-01	0.000000e+00	-2.287330e+03	1.172754e+05
8.115800e-01	1.172603e+05	-9.786201e-02	1.784551e-01	0.000000e+00	-1.712322e+03	1.189726e+05
8.127700e-01	1.307155e+05	-9.807447e-02	1.786307e-01	0.000000e+00	-1.771559e+03	1.324871e+05
8.139600e-01	1.330415e+05	-9.828715e-02	1.788174e-01	0.000000e+00	-2.732811e+03	1.357743e+05
8.151500e-01	1.259432e+05	-9.850005e-02	1.790008e-01	0.000000e+00	-1.752700e+03	1.276959e+05
8.163400e-01	1.182615e+05	-9.871317e-02	1.791738e-01	0.000000e+00	-2.443831e+03	1.207053e+05
8.175300e-01	1.163226e+05	-9.892649e-02	1.793399e-01	0.000000e+00	-6.857936e+02	1.170084e+05
8.187200e-01	1.268053e+05	-9.914000e-02	1.795121e-01	0.000000e+00	-7.012339e+02	1.275066e+05
8.199100e-01	1.306766e+05	-9.935373e-02	1.796944e-01	0.000000e+00	-1.895987e+03	1.325725e+05
8.211000e-01	1.220648e+05	-9.956767e-02	1.798734e-01	0.000000e+00	-2.397028e+03	1.244618e+05
8.222900e-01	1.140226e+05	-9.978183e-02	1.800406e-01	0.000000e+00	-2.020056e+03	1.160427e+05
8.234800e-01	1.326178e+05	-9.999617e-02	1.802153e-01	0.000000e+00	-1.261972e+03	1.338798e+05
8.246700e-01	1.274563e+05	-1.002107e-01	1.803994e-01	0.000000e+00	-1.270842e+02	1.275834e+05
8.258600e-01	1.229160e+05	-1.004255e-01	1.805767e-01	0.000000e+00	-1.843085e+03	1.247590e+05
8.270500e-01	1.333196e+05	-1.006405e-01	1.807582e-01	0.000000e+00	-6.779232e+02	1.339976e+05
8.282400e-01	1.231962e+05	-1.008557e-01	1.809398e-01	0.000000e+00	-7.967042e+02	1.239929e+05
8.294300e-01	1.295652e+05	-1.010711e-01	1.811188e-01	0.000000e+00	-1.459438e+03	1.310246e+05
8.306200e-01	1.217882e+05	-1.012868e-01	1.812968e-01	0.000000e+00	-1.013729e+03	1.228020e+05
8.318100e-01	1.277563e+05	-1.015026e-01	1.814736e-01	0.000000e+00	-2.151378e+03	1.299077e+05
8.330000e-01	1.270662e+05	-1.017187e-01	1.816540e-01	0.000000e+00	-2.218513e+03	1.292847e+05
8.341900e-01	1.207314e+05	-1.019350e-01	1.818295e-01	0.000000e+00	-2.125949e+03	1.228574e+05
8.353800e-01	1.189568e+05	-1.021514e-01	1.819992e-01	0.000000e+00	-5.977961e+02	1.195546e+05
8.365700e-01	1.230647e+05	-1.023681e-01	1.821706e-01	0.000000e+00	-1.935821e+03	1.250006e+05
8.377600e-01	1.255451e+05	-1.025850e-01	1.823467e-01	0.000000e+00	-2.654359e+03	1.281994e+05
8.389500e-01	1.224513e+05	-1.028021e-01	1.825223e-01	0.000000e+00	-2.437644e+03	1.248889e+05
8.401400e-01	1.346287e+05	-1.030194e-01	1.827044e-01	0.000000e+00	-2.088088e+03	1.367168e+05
8.413300e-01	1.350062e+05	-1.032369e-01	1.828953e-01	0.000000e+00	-1.649219e+03	1.366554e+05
8.425200e-01	1.244419e+05	-1.034547e-01	1.830790e-01	0.000000e+00	-2.221029e+03	1.266629e+05
8.437100e-01	1.170421e+05	-1.036727e-01	1.832501e-01	0.000000e+00	-2.021764e+03	1.190638e+05
8.449000e-01	1.314197e+05	-1.038908e-01	1.834260e-01	0.000000e+00	-1.519323e+03	1.329390e+05
8.460900e-01	1.330659e+05	-1.041092e-01	1.836133e-01	0.000000e+00	-1.503320e+03	1.345692e+05
8.472800e-01	1.105482e+05	-1.043278e-01	1.837858e-01	0.000000e+00	-1.821625e+03	1.123698e+05
8.484700e-01	1.121343e+05	-1.045466e-01	1.839435e-01	0.000000e+00	-5.794571e+02	1.127137e+05
8.496600e-01	1.249192e+05	-1.047656e-01	1.841114e-01	0.000000e+00	-2.310874e+03	1.272301e+05
8.508500e-01	1.345513e+05	-1.049848e-01	1.842951e-01	0.000000e+00	-2.153646e+03	1.367050e+05
8.520400e-01	1.285838e+05	-1.052043e-01	1.844815e-01	0.000000e+00	-1.766045e+03	1.303498e+05
8.532300e-01	1.244434e+05	-1.054239e-01	1.846607e-01	0.000000e+00	-2.413193e+03	1.268566e+05
8.544200e-01	1.340793e+05	-1.056437e-01	1.848437e-01	0.000000e+00	-6.537448e+02	1.347330e+05
8.556100e-01	1.122120e+05	-1.058638e-01	1.850182e-01	0.000000e+00	-2.438301e+03	1.146503e+05
8.568000e-01	1.201906e+05	-1.060841e-01	1.851827e-01	0.000000e+00	-2.780963e+03	1.229715e+05
8.579900e-01	1.337464e+05	-1.063046e-01	1.853626e-01	0.000000e+00	-1.137842e+03	1.348842e+05
8.591800e-01	1.207716e+05	-1.065253e-01	1.855428e-01	0.000000e+00	-2.010972e+03	1.227825e+05
8.603700e-01	1.171417e+05	-1.067461e-01	1.857113e-01	0.000000e+00	-2.326827e+03	1.194685e+05
8.615600e-01	1.269029e+05	-1.069672e-01	1.858841e-01	0.000000e+00	-1.916934e+03	1.288199e+05
8.627500e-01	1.304469e+05	-1.071886e-01	1.860664e-01	0.000000e+00	-1.077012e+03	1.315239e+05
8.639400e-01	1.175536e+05	-1.074101e-01	1.862420e-01	0.000000e+00	0.000000e+00	1.175536e+05
8.651300e-01	1.276261e+05	-1.076318e-01	1.864156e-01	0.000000e+00	-5.109544e+02	1.281370e+05
8.663200e-01	1.219124e+05	-1.078538e-01	1.865923e-01	0.000000e+00	-1.169718e+03	1.230822e+05
8.675100e-01	1.262566e+05	-1.080759e-01	1.867681e-01	0.000000e+00	-4.827045e+02	1.267393e+05
8.687000e-01	1.264749e+05	-1.082983e-01	1.869470e-01	0.000000e+00	-2.802196e+03	1.292771e+05
8.698900e-01	1.150318e+05	-1.085208e-01	1.871181e-01	0.000000e+00	-3.925102e+03	1.189569e+05
8.710800e-01	1.153001e+05	-1.087436e-01	1.872812e-01	0.000000e+00	-2.248143e+03	1.175482e+05
8.722700e-01	1.282185e+05	-1.089666e-01	1.874536e-01	0.000000e+00	-6.258886e+02	1.288444e+05
8.734600e-01	1.347111e+05	-1.091897e-01	1.876398e-01	0.000000e+00	-5.971384e+02	1.353083e+05
8.746500e-01	1.224093e+05	-1.094131e-01	1.878219e-01	0.000000e+00	-3.010896e+03	1.254202e+05
8.758400e-01	1.242662e+05	-1.096368e-01	1.879966e-01	0.000000e+00	-2.261543e+03	1.265278e+05
8.770300e-01	1.307192e+05	-1.098606e-01	1.881772e-01	0.000000e+00	-1.219014e+03	1.319382e+05
8.782200e-01	1.320834e+05	-1.100846e-01	1.883633e-01	0.000000e+00	-6.800478e+02	1.327635e+05
8.794100e-01	1.230772e+05	-1.103089e-01	1.885440e-01	0.000000e+00	-1.843417e+03	1.249206e+05
8.806000e-01	1.212880e+05	-1.105334e-01	1.887170e-01	0.000000e+00	-5.136959e+02	1.218017e+05
8.817900e-01	1.261298e+05	-1.107580e-01	1.888922e-01	0.000000e+00	-1.542502e+03	1.276723e+05
8.829800e-01	1.267272e+05	-1.109829e-01	1.890713e-01	0.000000e+00	-5.025976e+02	1.272298e+05
8.841700e-01	1.108312e+05	-1.112080e-01	1.892395e-01	0.000000e+00	-1.703448e+03	1.125346e+05
8.853600e-01	1.206656e+05	-1.114333e-01	1.894035e-01	0.000000e+00	-1.908016e+03	1.225736e+05
8.865500e-01	1.223221e+05	-1.116588e-01	1.895756e-01	0.000000e+00	-2.097213e+03	1.244193e+05
8.877400e-01	1.299752e+05	-1.118845e-01	1.897542e-01	0.000000e+00	-1.904039e+03	1.318792e+05
8.889300e-01	1.309281e+05	-1.121104e-01	1.899390e-01	0.000000e+00	-3.844993e+02	1.313126e+05
8.901200e-01	1.279847e+05	-1.123365e-01	1.901223e-01	0.000000e+00	-1.083381e+01	1.279955e+05
8.913100e-01	1.368786e+05	-1.125629e-01	1.903099e-01	0.000000e+00	-1.359901e+03	1.382385e+05
8.925000e-01	1.271657e+05	-1.127895e-01	1.904969e-01	0.000000e+00	-1.674189e+03	1.288399e+05
8.936900e-01	1.331068e+05	-1.130163e-01	1.906812e-01	0.000000e+00	-3.045132e+03	1.361519e+05
8.948800e-01	1.265700e+05	-1.132433e-01	1.908651e-01	0.000000e+00	-1.672682e+03	1.282427e+05
8.960700e-01	1.410246e+05	-1.134705e-01	1.910546e-01	0.000000e+00	-6.406231e+02	1.416653e+05
8.972600e-01	1.364776e+05	-1.136980e-01	1.912511e-01	0.000000e+00	-1.167072e+03	1.376446e+05
8.984500e-01	1.175837e+05	-1.139257e-01	1.914310e-01	0.000000e+00	-1.571064e+03	1.191548e+05
8.996400e-01	1.133991e+05	-1.141536e-01	1.915946e-01	0.000000e+00	-2.117749e+03	1.155168e+05
9.008300e-01	1.236510e+05	-1.143817e-01	1.917625e-01	0.000000e+00	-1.727257e+03	1.253782e+05
9.020200e-01	1.300139e+05	-1.146100e-01	1.919421e-01	0.000000e+00	-9.142759e+02	1.309282e+05
9.032100e-01	1.327020e+05	-1.148385e-01	1.921282e-01	0.000000e+00	-9.059433e+02	1.336079e+05
9.044000e-01	1.340858e+05	-1.150673e-01	1.923171e-01	0.000000e+00	-6.736766e+02	1.347595e+05
9.055900e-01	1.345868e+05	-1.152963e-01	1.925074e-01	0.000000e+00	-7.515714e+02	1.353383e+05
9.067800e-01	1.347539e+05	-1.155255e-01	1.926981e-01	0.000000e+00	-9.152457e+02	1.356692e+05
9.079700e-01	1.416569e+05	-1.157549e-01	1.928938e-01	0.000000e+00	-8.580077e+02	1.425149e+05
9.091600e-01	1.336665e+05	-1.159845e-01	1.930888e-01	0.000000e+00	-1.003179e+03	1.346697e+05
9.103500e-01	1.240646e+05	-1.162144e-01	1.932713e-01	0.000000e+00	-6.843212e+02	1.247489e+05
9.115400e-01	1.227777e+05	-1.164445e-01	1.934461e-01	0.000000e+00	-2.300563e+02	1.230078e+05
9.127300e-01	1.410402e+05	-1.166748e-01	1.936330e-01	0.000000e+00	-7.662948e+02	1.418065e+05
9.139200e-01	1.340056e+05	-1.169054e-01	1.938277e-01	0.000000e+00	-1.545945e+03	1.355515e+05
9.151100e-01	1.267528e+05	-1.171361e-01	1.940124e-01	0.000000e+00	-8.062664e+02	1.275591e+05
9.163000e-01	1.114342e+05	-1.173671e-01	1.941811e-01	0.000000e+00	-3.029461e+03	1.144636e+05
9.174900e-01	1.205035e+05	-1.175983e-01	1.943453e-01	0.000000e+00	-1.095048e+03	1.215986e+05
9.186800e-01	1.138254e+05	-1.178297e-01	1.945113e-01	0.000000e+00	-2.702921e+03	1.165283e+05
9.198700e-01	1.268297e+05	-1.180612e-01	1.946817e-01	0.000000e+00	-1.865150e+03	1.286949e+05
9.210600e-01	1.168045e+05	-1.182930e-01	1.948542e-01	0.000000e+00	-2.786502e+03	1.195910e+05
9.222500e-01	1.236175e+05	-1.185250e-01	1.950245e-01	0.000000e+00	-2.945346e+03	1.265628e+05
9.234400e-01	1.252388e+05	-1.187572e-01	1.952007e-01	0.000000e+00	-2.509244e+03	1.277480e+05
9.246300e-01	1.257524e+05	-1.189896e-01	1.953785e-01	0.000000e+00	-8.821836e+02	1.266346e+05
9.258200e-01	1.271969e+05	-1.192222e-01	1.955576e-01	0.000000e+00	-1.469905e+03	1.286668e+05
9.270100e-01	1.353269e+05	-1.194550e-01	1.957435e-01	0.000000e+00	-2.107672e+02	1.355377e+05
9.282000e-01	1.221209e+05	-1.196880e-01	1.959258e-01	0.000000e+00	-1.207133e+03	1.233281e+05
9.293900e-01	1.122727e+05	-1.199213e-01	1.960918e-01	0.000000e+00	-9.825387e+02	1.132553e+05
9.305800e-01	1.213975e+05	-1.201547e-01	1.962573e-01	0.000000e+00	-1.461913e+03	1.228594e+05
9.317700e-01	1.112869e+05	-1.203884e-01	1.964221e-01	0.000000e+00	-2.297632e+03	1.135845e+05
9.329600e-01	1.210639e+05	-1.206222e-01	1.965866e-01	0.000000e+00	-2.332726e+03	1.233966e+05
9.341500e-01	1.205948e+05	-1.208563e-01	1.967577e-01	0.000000e+00	-1.069874e+03	1.216647e+05
9.353400e-01	1.151772e+05	-1.210905e-01	1.969247e-01	0.000000e+00	-1.713575e+03	1.168908e+05
9.365300e-01	1.205601e+05	-1.213249e-01	1.970916e-01	0.000000e+00	-2.021250e+03	1.225813e+05
9.377200e-01	1.140294e+05	-1.215596e-01	1.972578e-01	0.000000e+00	-1.447088e+03	1.154765e+05
9.389100e-01	1.233629e+05	-1.217944e-01	1.974259e-01	0.000000e+00	-2.212877e+03	1.255758e+05
9.401000e-01	1.204995e+05	-1.220295e-01	1.975986e-01	0.000000e+00	-1.988537e+03	1.224881e+05
9.412900e-01	1.185248e+05	-1.222647e-01	1.977678e-01	0.000000e+00	-1.847835e+03	1.203727e+05
9.424800e-01	1.237825e+05	-1.225001e-01	1.979394e-01	0.000000e+00	-4.254236e+02	1.242079e+05
9.436700e-01	1.188312e+05	-1.227358e-01	1.981112e-01	0.000000e+00	-5.203139e+02	1.193515e+05
9.448600e-01	1.266784e+05	-1.229716e-01	1.982851e-01	0.000000e+00	-1.628898e+03	1.283072e+05
9.460500e-01	1.251916e+05	-1.232077e-01	1.984635e-01	0.000000e+00	-5.485546e+02	1.257402e+05
9.472400e-01	1.268196e+05	-1.234440e-01	1.986419e-01	0.000000e+00	-2.137014e+03	1.289567e+05
9.484300e-01	1.353213e+05	-1.236805e-01	1.988276e-01	0.000000e+00	-3.601229e+03	1.389225e+05
9.496200e-01	1.229381e+05	-1.239172e-01	1.990105e-01	0.000000e+00	-1.650805e+03	1.245889e+05
9.508100e-01	1.273966e+05	-1.241541e-01	1.991877e-01	0.000000e+00	-1.924182e+03	1.293207e+05
9.520000e-01	1.161257e+05	-1.243913e-01	1.993602e-01	0.000000e+00	-2.327278e+03	1.184530e+05
9.531900e-01	1.100204e+05	-1.246286e-01	1.995204e-01	0.000000e+00	-5.773977e+03	1.157944e+05
9.543800e-01	1.288082e+05	-1.248661e-01	1.996895e-01	0.000000e+00	-3.430786e+03	1.322389e+05
9.555700e-01	1.300002e+05	-1.251039e-01	1.998728e-01	0.000000e+00	-2.457661e+03	1.324579e+05
9.567600e-01	1.347472e+05	-1.253418e-01	2.000602e-01	0.000000e+00	-1.204056e+03	1.359513e+05
9.579500e-01	1.298556e+05	-1.255800e-01	2.002476e-01	0.000000e+00	-5.497500e+02	1.304053e+05
9.591400e-01	1.277032e+05	-1.258184e-01	2.004300e-01	0.000000e+00	-1.804229e+03	1.295074e+05
9.603300e-01	1.223657e+05	-1.260570e-01	2.006071e-01	0.000000e+00	-2.155278e+03	1.245209e+05
9.615200e-01	1.329229e+05	-1.262959e-01	2.007879e-01	0.000000e+00	-1.360378e+03	1.342833e+05
9.627100e-01	1.318832e+05	-1.265349e-01	2.009754e-01	0.000000e+00	-2.937800e+03	1.348210e+05
9.639000e-01	1.393818e+05	-1.267742e-01	2.011675e-01	0.000000e+00	-9.625998e+02	1.403444e+05
9.650900e-01	1.258427e+05	-1.270137e-01	2.013553e-01	0.000000e+00	0.000000e+00	1.258427e+05
9.662800e-01	1.295404e+05	-1.272534e-01	2.015362e-01	0.000000e+00	-9.352745e+02	1.304757e+05
9.674700e-01	1.150399e+05	-1.274933e-01	2.017094e-01	0.000000e+00	-1.116658e+03	1.161565e+05
9.686600e-01	1.342034e+05	-1.277335e-01	2.018859e-01	0.000000e+00	-4.690757e+02	1.346725e+05
9.698500e-01	1.251181e+05	-1.279738e-01	2.020696e-01	0.000000e+00	-4.379300e+02	1.255561e+05
9.710400e-01	1.219818e+05	-1.282144e-01	2.022445e-01	0.000000e+00	-1.969864e+03	1.239517e+05
9.722300e-01	1.407471e+05	-1.284552e-01	2.024306e-01	0.000000e+00	-1.554035e+03	1.423011e+05
9.734200e-01	1.316798e+05	-1.286962e-01	2.026235e-01	0.000000e+00	-1.192204e+03	1.328720e+05
9.746100e-01	1.161672e+05	-1.289374e-01	2.027990e-01	0.000000e+00	-1.048351e+03	1.172155e+05
9.758000e-01	1.426493e+05	-1.291788e-01	2.029823e-01	0.000000e+00	-5.203065e+02	1.431696e+05
9.769900e-01	1.359003e+05	-1.294205e-01	2.031796e-01	0.000000e+00	0.000000e+00	1.359003e+05
9.781800e-01	1.481964e+05	-1.296624e-01	2.033808e-01	0.000000e+00	-1.610602e+02	1.483574e+05
9.793700e-01	1.489449e+05	-1.299046e-01	2.035912e-01	0.000000e+00	-2.551060e+03	1.514959e+05
9.805600e-01	1.344406e+05	-1.301470e-01	2.037919e-01	0.000000e+00	-2.258360e+03	1.366990e+05
9.817500e-01	1.184463e+05	-1.303896e-01	2.039710e-01	0.000000e+00	-2.715127e+03	1.211615e+05
9.829400e-01	1.208364e+05	-1.306324e-01	2.041404e-01	0.000000e+00	-2.658096e+03	1.234945e+05
9.841300e-01	1.195106e+05	-1.308754e-01	2.043106e-01	0.000000e+00	-1.421002e+03	1.209316e+05
9.853200e-01	1.245533e+05	-1.311187e-01	2.044835e-01	0.000000e+00	-7.403392e+02	1.252937e+05
9.865100e-01	1.193432e+05	-1.313621e-01	2.046562e-01	0.000000e+00	-1.494433e+03	1.208377e+05
9.877000e-01	1.106224e+05	-1.316057e-01	2.048190e-01	0.000000e+00	-3.703055e+02	1.109927e+05
9.888900e-01	1.257211e+05	-1.318496e-01	2.049864e-01	0.000000e+00	-2.741245e+03	1.284624e+05
9.900800e-01	1.101511e+05	-1.320936e-01	2.051534e-01	0.000000e+00	-1.305730e+03	1.114568e+05
9.912700e-01	1.017928e+05	-1.323378e-01	2.053035e-01	0.000000e+00	-2.098352e+03	1.038912e+05
9.924600e-01	1.384033e+05	-1.325822e-01	2.054736e-01	0.000000e+00	-1.163395e+03	1.395667e+05
9.936500e-01	1.296605e+05	-1.328269e-01	2.056635e-01	0.000000e+00	-1.211352e+03	1.308719e+05
9.948400e-01	1.132635e+05	-1.330717e-01	2.058355e-01	0.000000e+00	-1.459011e+03	1.147225e+05
9.960300e-01	1.272231e+05	-1.333168e-01	2.060058e-01	0.000000e+00	-8.612152e+02	1.280843e+05
9.972200e-01	1.161753e+05	-1.335620e-01	2.061782e-01	0.000000e+00	-1.324940e+03	1.175003e+05
9.984100e-01	1.142983e+05	-1.338075e-01	2.063414e-01	0.000000e+00	-2.784651e+03	1.170830e+05
9.996000e-01	1.264684e+05	-1.340531e-01	2.065119e-01	0.000000e+00	-9.324261e+02	1.274009e+05
1.000790e+00	1.424249e+05	-1.342990e-01	2.067023e-01	0.000000e+00	0.000000e+00	1.424249e+05
1.001980e+00	1.348888e+05	-1.345451e-01	2.068987e-01	0.000000e+00	0.000000e+00	1.348888e+05
1.003170e+00	1.185873e+05	-1.347914e-01	2.070782e-01	0.000000e+00	-8.713440e+02	1.194586e+05
1.004360e+00	1.297314e+05	-1.350379e-01	2.072540e-01	0.000000e+00	-2.262617e+03	1.319941e+05
1.005550e+00	1.296184e+05	-1.352846e-01	2.074377e-01	0.000000e+00	-1.000959e+03	1.306194e+05
1.006740e+00	1.314915e+05	-1.355316e-01	2.076226e-01	0.000000e+00	-6.676094e+01	1.315582e+05
1.007930e+00	1.277593e+05	-1.357788e-01	2.078062e-01	0.000000e+00	0.000000e+00	1.277593e+05
1.009120e+00	1.258101e+05	-1.360262e-01	2.079858e-01	0.000000e+00	-3.753804e+02	1.261855e+05
1.010310e+00	1.170106e+05	-1.362738e-01	2.081577e-01	0.000000e+00	-1.159409e+03	1.181700e+05
1.011500e+00	1.350145e+05	-1.365216e-01	2.083362e-01	0.000000e+00	-9.180624e+02	1.359326e+05
1.012690e+00	1.472369e+05	-1.367696e-01	2.085361e-01	0.000000e+00	-6.815651e+01	1.473050e+05
1.013880e+00	1.449256e+05	-1.370179e-01	2.087430e-01	0.000000e+00	-3.365925e+02	1.452622e+05
1.015070e+00	1.444105e+05	-1.372664e-01	2.089479e-01	0.000000e+00	-5.102389e+02	1.449207e+05
1.016260e+00	1.275006e+05	-1.375152e-01	2.091404e-01	0.000000e+00	-1.105755e+03	1.286064e+05
1.017450e+00	1.223104e+05	-1.377642e-01	2.093173e-01	0.000000e+00	-1.824113e+03	1.241346e+05
1.018640e+00	1.057709e+05	-1.380134e-01	2.094789e-01	0.000000e+00	-1.076530e+03	1.068474e+05
1.019830e+00	1.306815e+05	-1.382628e-01	2.096463e-01	0.000000e+00	-1.390090e+03	1.320716e+05
1.021020e+00	1.364900e+05	-1.385123e-01	2.098355e-01	0.000000e+00	-2.594018e+03	1.390840e+05
1.022210e+00	1.397574e+05	-1.387622e-01	2.100311e-01	0.000000e+00	-1.354449e+03	1.411119e+05
1.023400e+00	1.211556e+05	-1.390122e-01	2.102159e-01	0.000000e+00	-7.325833e+02	1.218881e+05
1.024590e+00	1.193873e+05	-1.392625e-01	2.103862e-01	0.000000e+00	-3.835333e+02	1.197709e+05
1.025780e+00	1.125758e+05	-1.395129e-01	2.105505e-01	0.000000e+00	-4.568029e+02	1.130326e+05
1.026970e+00	1.163384e+05	-1.397636e-01	2.107126e-01	0.000000e+00	-5.382857e+02	1.168767e+05
1.028160e+00	1.187363e+05	-1.400144e-01	2.108791e-01	0.000000e+00	-3.020504e+02	1.190383e+05
1.029350e+00	1.245414e+05	-1.402655e-01	2.110514e-01	0.000000e+00	-6.342531e+02	1.251757e+05
1.030540e+00	1.150407e+05	-1.405167e-01	2.112210e-01	0.000000e+00	-2.469730e+03	1.175104e+05
1.031730e+00	1.236426e+05	-1.407682e-01	2.113901e-01	0.000000e+00	-3.262436e+03	1.269051e+05
1.032920e+00	1.320677e+05	-1.410198e-01	2.115712e-01	0.000000e+00	-3.562691e+02	1.324240e+05
1.034110e+00	1.275808e+05	-1.412717e-01	2.117550e-01	0.000000e+00	0.000000e+00	1.275808e+05
1.035300e+00	1.392562e+05	-1.415238e-01	2.119440e-01	0.000000e+00	-2.998534e+03	1.422548e+05
1.036490e+00	1.310307e+05	-1.417761e-01	2.121354e-01	0.000000e+00	-3.628107e+02	1.313936e+05
1.037680e+00	1.262321e+05	-1.420287e-01	2.123176e-01	0.000000e+00	-5.932536e+02	1.268254e+05
1.038870e+00	1.107698e+05	-1.422815e-01	2.124854e-01	0.000000e+00	-1.893304e+03	1.126631e+05
1.040060e+00	1.205804e+05	-1.425344e-01	2.126493e-01	0.000000e+00	-3.445096e+01	1.206148e+05
1.041250e+00	1.124695e+05	-1.427876e-01	2.128143e-01	0.000000e+00	-7.344848e+02	1.132040e+05
1.042440e+00	1.130918e+05	-1.430409e-01	2.129740e-01	0.000000e+00	-2.147829e+03	1.152396e+05
1.043630e+00	1.388565e+05	-1.432944e-01	2.131524e-01	0.000000e+00	-9.089525e+02	1.397654e+05
1.044820e+00	1.261357e+05	-1.435482e-01	2.133401e-01	0.000000e+00	-1.034988e+03	1.271707e+05
1.046010e+00	1.232747e+05	-1.438022e-01	2.135167e-01	0.000000e+00	-3.574419e+02	1.236322e+05
1.047200e+00	1.264047e+05	-1.440564e-01	2.136935e-01	0.000000e+00	-6.986567e+02	1.271033e+05
1.048390e+00	1.167456e+05	-1.443108e-01	2.138657e-01	0.000000e+00	-3.709705e+02	1.171166e+05
1.049580e+00	1.276426e+05	-1.445654e-01	2.140388e-01	0.000000e+00	-5.258138e+02	1.281684e+05
1.050770e+00	1.280685e+05	-1.448202e-01	2.142199e-01	0.000000e+00	-1.429669e+03	1.294981e+05
1.051960e+00	1.229252e+05	-1.450752e-01	2.143976e-01	0.000000e+00	-1.945553e+02	1.231198e+05
1.053150e+00	1.303272e+05	-1.453305e-01	2.145770e-01	0.000000e+00	-4.572249e+02	1.307844e+05
1.054340e+00	1.228872e+05	-1.455859e-01	2.147563e-01	0.000000e+00	-1.726868e+03	1.246141e+05
1.055530e+00	1.163203e+05	-1.458416e-01	2.149257e-01	0.000000e+00	-1.177252e+03	1.174975e+05
1.056720e+00	1.288319e+05	-1.460974e-01	2.150993e-01	0.000000e+00	-1.095061e+03	1.299269e+05
1.057910e+00	1.435482e+05	-1.463535e-01	2.152922e-01	0.000000e+00	-5.856109e+02	1.441338e+05
1.059100e+00	1.476367e+05	-1.466098e-01	2.154984e-01	0.000000e+00	-4.632444e+02	1.481000e+05
1.060290e+00	1.291019e+05	-1.468664e-01	2.156944e-01	0.000000e+00	-1.783977e+03	1.308858e+05
1.061480e+00	1.336996e+05	-1.471232e-01	2.158805e-01	0.000000e+00	-2.737868e+02	1.339734e+05
1.062670e+00	1.227760e+05	-1.473802e-01	2.160621e-01	0.000000e+00	-2.636993e+02	1.230397e+05
1.063860e+00	1.273381e+05	-1.476374e-01	2.162392e-01	0.000000e+00	-1.219513e+03	1.285576e+05
1.065050e+00	1.352692e+05	-1.478949e-01	2.164252e-01	0.000000e+00	-1.974600e+02	1.354667e+05
1.066240e+00	1.312319e+05	-1.481525e-01	2.166139e-01	0.000000e+00	-4.856002e+02	1.317175e+05
1.067430e+00	1.333779e+05	-1.484104e-01	2.168013e-01	0.000000e+00	-3.547360e+02	1.337326e+05
1.068620e+00	1.225965e+05	-1.486685e-01	2.169826e-01	0.000000e+00	-3.354065e+02	1.229319e+05
1.069810e+00	1.294252e+05	-1.489268e-01	2.171611e-01	0.000000e+00	-2.354423e+03	1.317796e+05
1.071000e+00	1.366150e+05	-1.491853e-01	2.173495e-01	0.000000e+00	-2.234078e+03	1.388491e+05
1.072190e+00	1.311618e+05	-1.494441e-01	2.175391e-01	0.000000e+00	-6.764733e+02	1.318383e+05
1.073380e+00	1.269627e+05	-1.497031e-01	2.177219e-01	0.000000e+00	-1.122308e+03	1.280850e+05
1.074570e+00	1.251463e+05	-1.499623e-01	2.179004e-01	0.000000e+00	-4.278648e+02	1.255742e+05
1.075760e+00	1.143477e+05	-1.502217e-01	2.180700e-01	0.000000e+00	-4.124714e+02	1.147601e+05
1.076950e+00	1.216968e+05	-1.504813e-01	2.182372e-01	0.000000e+00	0.000000e+00	1.216968e+05
1.078140e+00	1.345182e+05	-1.507411e-01	2.184186e-01	0.000000e+00	-2.413611e+02	1.347596e+05
1.079330e+00	1.279683e+05	-1.510011e-01	2.186045e-01	0.000000e+00	-1.439311e+03	1.294077e+05
1.080520e+00	1.319042e+05	-1.512614e-01	2.187885e-01	0.000000e+00	-1.643432e+02	1.320685e+05
1.081710e+00	1.329620e+05	-1.515218e-01	2.189761e-01	0.000000e+00	-1.516329e+03	1.344784e+05
1.082900e+00	1.348859e+05	-1.517825e-01	2.191658e-01	0.000000e+00	0.000000e+00	1.348859e+05
1.084090e+00	1.272427e+05	-1.520435e-01	2.193514e-01	0.000000e+00	-1.255591e+03	1.284983e+05
1.085280e+00	1.269932e+05	-1.523046e-01	2.195315e-01	0.000000e+00	-1.039618e+03	1.280328e+05
1.086470e+00	1.233016e+05	-1.525659e-01	2.197087e-01	0.000000e+00	-1.445433e+03	1.247471e+05
1.087660e+00	1.278053e+05	-1.528275e-01	2.198865e-01	0.000000e+00	-4.610383e+02	1.282663e+05
1.088850e+00	1.203899e+05	-1.530893e-01	2.200623e-01	0.000000e+00	-2.569480e+02	1.206469e+05
1.090040e+00	1.179817e+05	-1.533512e-01	2.202311e-01	0.000000e+00	-5.833882e+02	1.185651e+05
1.091230e+00	1.241341e+05	-1.536134e-01	2.204026e-01	0.000000e+00	0.000000e+00	1.241341e+05
1.092420e+00	1.367143e+05	-1.538758e-01	2.205873e-01	0.000000e+00	-7.478441e+02	1.374621e+05
1.093610e+00	1.159876e+05	-1.541384e-01	2.207662e-01	0.000000e+00	-8.447827e+02	1.168324e+05
1.094800e+00	1.263383e+05	-1.544012e-01	2.209378e-01	0.000000e+00	-4.802615e+02	1.268186e+05
1.095990e+00	1.180820e+05	-1.546643e-01	2.211109e-01	0.000000e+00	-5.562139e+02	1.186382e+05
1.097180e+00	1.275593e+05	-1.549275e-01	2.212849e-01	0.000000e+00	-7.322423e+02	1.282915e+05
1.098370e+00	1.201564e+05	-1.551909e-01	2.214603e-01	0.000000e+00	0.000000e+00	1.201564e+05
1.099560e+00	1.297495e+05	-1.554545e-01	2.216373e-01	0.000000e+00	-3.765914e+02	1.301261e+05
1.100750e+00	1.308523e+05	-1.557184e-01	2.218218e-01	0.000000e+00	-2.487258e+03	1.333395e+05
1.101940e+00	1.291214e+05	-1.559825e-01	2.220059e-01	0.000000e+00	-1.154609e+03	1.302760e+05
1.103130e+00	1.175346e+05	-1.562468e-01	2.221806e-01	0.000000e+00	-8.382662e+02	1.183729e+05
1.104320e+00	1.331870e+05	-1.565113e-01	2.223582e-01	0.000000e+00	-9.499855e+02	1.341370e+05
1.105510e+00	1.184766e+05	-1.567760e-01	2.225364e-01	0.000000e+00	-3.938253e+02	1.188705e+05
1.106700e+00	1.192847e+05	-1.570409e-01	2.227048e-01	0.000000e+00	-5.436546e+02	1.198284e+05
1.107890e+00	1.187190e+05	-1.573060e-01	2.228733e-01	0.000000e+00	-2.700445e+03	1.214194e+05
1.109080e+00	1.171854e+05	-1.575714e-01	2.230404e-01	0.000000e+00	-7.249763e+02	1.179104e+05
1.110270e+00	1.238127e+05	-1.578369e-01	2.232110e-01	0.000000e+00	-1.132705e+03	1.249454e+05
1.111460e+00	1.200944e+05	-1.581026e-01	2.233838e-01	0.000000e+00	-1.302726e+03	1.213971e+05
1.112650e+00	1.218061e+05	-1.583685e-01	2.235551e-01	0.000000e+00	-7.444552e+02	1.225506e+05
1.113840e+00	1.184738e+05	-1.586347e-01	2.237252e-01	0.000000e+00	-2.747945e+02	1.187486e+05
1.115030e+00	1.238422e+05	-1.589010e-01	2.238968e-01	0.000000e+00	-1.254250e+03	1.250965e+05
1.116220e+00	1.341149e+05	-1.591675e-01	2.240795e-01	0.000000e+00	-1.274259e+03	1.353892e+05
1.117410e+00	1.215257e+05	-1.594343e-01	2.242605e-01	0.000000e+00	-2.104504e+03	1.236302e+05
1.118600e+00	1.126484e+05	-1.597013e-01	2.244264e-01	0.000000e+00	-8.097768e+02	1.134582e+05
1.119790e+00	1.249381e+05	-1.599684e-01	2.245946e-01	0.000000e+00	-5.581820e+02	1.254963e+05
1.120980e+00	1.065731e+05	-1.602358e-01	2.247586e-01	0.000000e+00	-5.428039e+02	1.071159e+05
1.122170e+00	1.220281e+05	-1.605034e-01	2.249204e-01	0.000000e+00	-1.054741e+03	1.230828e+05
1.123360e+00	1.337514e+05	-1.607711e-01	2.251016e-01	0.000000e+00	-2.100524e+03	1.358520e+05
1.124550e+00	1.256597e+05	-1.610391e-01	2.252853e-01	0.000000e+00	-9.853442e+02	1.266450e+05
1.125740e+00	1.155877e+05	-1.613073e-01	2.254561e-01	0.000000e+00	-1.100079e+03	1.166877e+05
1.126930e+00	1.278655e+05	-1.615757e-01	2.256285e-01	0.000000e+00	-1.482001e+03	1.293475e+05
1.128120e+00	1.231903e+05	-1.618443e-01	2.258063e-01	0.000000e+00	-1.559192e+03	1.247495e+05
1.129310e+00	1.225675e+05	-1.621131e-01	2.259804e-01	0.000000e+00	-9.618164e+02	1.235293e+05
1.130500e+00	1.153948e+05	-1.623821e-01	2.261489e-01	0.000000e+00	-4.297777e+02	1.158245e+05
1.131690e+00	1.302246e+05	-1.626513e-01	2.263228e-01	0.000000e+00	-4.105585e+02	1.306351e+05
1.132880e+00	1.230368e+05	-1.629208e-01	2.265022e-01	0.000000e+00	-1.159230e+03	1.241960e+05
1.134070e+00	1.229943e+05	-1.631904e-01	2.266764e-01	0.000000e+00	-5.214425e+02	1.235158e+05
1.135260e+00	1.229260e+05	-1.634603e-01	2.268505e-01	0.000000e+00	-6.942863e+02	1.236202e+05
1.136450e+00	1.236267e+05	-1.637303e-01	2.270251e-01	0.000000e+00	-1.106984e+03	1.247336e+05
1.137640e+00	1.216224e+05	-1.640006e-01	2.271988e-01	0.000000e+00	-2.995662e+03	1.246181e+05
1.138830e+00	1.357866e+05	-1.642710e-01	2.273811e-01	0.000000e+00	-2.450848e+02	1.360317e+05
1.140020e+00	1.065236e+05	-1.645417e-01	2.275527e-01	0.000000e+00	0.000000e+00	1.065236e+05
1.141210e+00	1.311908e+05	-1.648126e-01	2.277211e-01	0.000000e+00	0.000000e+00	1.311908e+05
1.142400e+00	1.448551e+05	-1.650837e-01	2.279165e-01	0.000000e+00	0.000000e+00	1.448551e+05
1.143590e+00	1.293775e+05	-1.653551e-01	2.281107e-01	0.000000e+00	0.000000e+00	1.293775e+05
1.144780e+00	1.104117e+05	-1.656266e-01	2.282805e-01	0.000000e+00	0.000000e+00	1.104117e+05
1.145970e+00	1.314550e+05	-1.658984e-01	2.284518e-01	0.000000e+00	-4.345804e+02	1.318895e+05
1.147160e+00	1.231862e+05	-1.661703e-01	2.286322e-01	0.000000e+00	-4.057557e+02	1.235919e+05
1.148350e+00	1.227127e+05	-1.664425e-01	2.288063e-01	0.000000e+00	-4.804636e+02	1.231931e+05
1.149540e+00	1.255551e+05	-1.667149e-01	2.289821e-01	0.000000e+00	-3.598725e+02	1.259150e+05
1.150730e+00	1.344097e+05	-1.669875e-01	2.291662e-01	0.000000e+00	-7.935017e+02	1.352032e+05
1.151920e+00	1.368123e+05	-1.672603e-01	2.293583e-01	0.000000e+00	-8.871705e+02	1.376994e+05
1.153110e+00	1.068064e+05	-1.675334e-01	2.295308e-01	0.000000e+00	-1.020892e+02	1.069085e+05
1.154300e+00	1.055614e+05	-1.678066e-01	2.296812e-01	0.000000e+00	-1.874926e+03	1.074364e+05
1.155490e+00	1.101247e+05	-1.680800e-01	2.298339e-01	0.000000e+00	-1.384329e+03	1.115091e+05
1.156680e+00	1.186926e+05	-1.683536e-01	2.299960e-01	0.000000e+00	0.000000e+00	1.186926e+05
1.157870e+00	1.309309e+05	-1.686274e-01	2.301727e-01	0.000000e+00	0.000000e+00	1.309309e+05
1.159060e+00	1.352424e+05	-1.689014e-01	2.303612e-01	0.000000e+00	-6.130796e+02	1.358555e+05
1.160250e+00	1.218921e+05	-1.691757e-01	2.305433e-01	0.000000e+00	-1.067593e+03	1.229597e+05
1.161440e+00	1.125807e+05	-1.694501e-01	2.307094e-01	0.000000e+00	-7.269889e+02	1.133077e+05
1.162630e+00	1.141042e+05	-1.697247e-01	2.308699e-01	0.000000e+00	-1.133473e+02	1.142175e+05
1.163820e+00	1.317253e+05	-1.699996e-01	2.310440e-01	0.000000e+00	0.000000e+00	1.317253e+05
1.165010e+00	1.160932e+05	-1.702746e-01	2.312195e-01	0.000000e+00	0.000000e+00	1.160932e+05
1.166200e+00	1.385387e+05	-1.705499e-01	2.313998e-01	0.000000e+00	0.000000e+00	1.385387e+05
1.167390e+00	1.373322e+05	-1.708254e-01	2.315952e-01	0.000000e+00	-2.524594e+02	1.375846e+05
1.168580e+00	1.181321e+05	-1.711011e-01	2.317761e-01	0.000000e+00	-5.878767e+02	1.187199e+05
1.169770e+00	1.118376e+05	-1.713770e-01	2.319389e-01	0.000000e+00	-1.225988e+02	1.119602e+05
1.170960e+00	1.213166e+05	-1.716531e-01	2.321041e-01	0.000000e+00	-7.177373e+02	1.220343e+05
1.172150e+00	1.256093e+05	-1.719294e-01	2.322789e-01	0.000000e+00	0.000000e+00	1.256093e+05
1.173340e+00	1.333851e+05	-1.722059e-01	2.324623e-01	0.000000e+00	0.000000e+00	1.333851e+05
1.174530e+00	1.260251e+05	-1.724827e-01	2.326460e-01	0.000000e+00	-1.308629e+03	1.273337e+05
1.175720e+00	1.268857e+05	-1.727596e-01	2.328251e-01	0.000000e+00	-3.720430e+02	1.272578e+05
1.176910e+00	1.253242e+05	-1.730368e-01	2.330037e-01	0.000000e+00	0.000000e+00	1.253242e+05
1.178100e+00	1.350616e+05	-1.733142e-01	2.331881e-01	0.000000e+00	0.000000e+00	1.350616e+05
1.179290e+00	1.358191e+05	-1.735918e-01	2.333800e-01	0.000000e+00	0.000000e+00	1.358191e+05
1.180480e+00	1.184717e+05	-1.738696e-01	2.335600e-01	0.000000e+00	0.000000e+00	1.184717e+05
1.181670e+00	1.240809e+05	-1.741476e-01	2.337318e-01	0.000000e+00	0.000000e+00	1.240809e+05
1.182860e+00	1.432996e+05	-1.744259e-01	2.339212e-01	0.000000e+00	-7.788170e+02	1.440784e+05
1.184050e+00	1.317779e+05	-1.747044e-01	2.341160e-01	0.000000e+00	-4.319092e+02	1.322098e+05
1.185240e+00	1.203973e+05	-1.749831e-01	2.342945e-01	0.000000e+00	-4.699461e+02	1.208673e+05
1.186430e+00	1.227506e+05	-1.752620e-01	2.344667e-01	0.000000e+00	0.000000e+00	1.227506e+05
1.187620e+00	1.271473e+05	-1.755411e-01	2.346437e-01	0.000000e+00	0.000000e+00	1.271473e+05
1.188810e+00	1.291224e+05	-1.758204e-01	2.348252e-01	0.000000e+00	0.000000e+00	1.291224e+05
1.190000e+00	5.921735e+04	-1.761000e-01	2.349586e-01	0.000000e+00	0.000000e+00	5.921735e+04
