#x	rho	phi	ex	bz	rhok[0]	rhok[1]
0.000000e+00	-2.549412e+03	0.000000e+00	6.711306e-02	0.000000e+00	-2.716942e+03	1.675298e+02
1.190000e-03	1.440750e+03	-7.986240e-05	6.711228e-02	0.000000e+00	-2.100334e+03	3.541084e+03
2.380000e-03	2.987529e+03	-1.597272e-04	6.711541e-02	0.000000e+00	-3.250198e+03	6.237727e+03
3.570000e-03	9.180998e+02	-2.395971e-04	6.711818e-02	0.000000e+00	-5.586334e+03	6.504433e+03
4.760000e-03	7.334612e+03	-3.194685e-04	6.712402e-02	0.000000e+00	-5.865657e+03	1.320027e+04
5.950000e-03	1.126718e+04	-3.993523e-04	6.713720e-02	0.000000e+00	-5.618676e+03	1.688585e+04
7.140000e-03	1.467527e+04	-4.792550e-04	6.715557e-02	0.000000e+00	-4.755977e+03	1.943124e+04
8.330000e-03	1.469197e+04	-5.591825e-04	6.717637e-02	0.000000e+00	-4.468846e+03	1.916082e+04
9.520000e-03	9.193675e+03	-6.391348e-04	6.719328e-02	0.000000e+00	-3.762557e+03	1.295623e+04
1.071000e-02	1.137269e+04	-7.191025e-04	6.720785e-02	0.000000e+00	-4.661053e+03	1.603374e+04
1.190000e-02	1.326312e+04	-7.990894e-04	6.722529e-02	0.000000e+00	-5.071400e+03	1.833452e+04
1.309000e-02	1.356628e+04	-8.790987e-04	6.724429e-02	0.000000e+00	-6.278522e+03	1.984480e+04
1.428000e-02	9.271810e+03	-9.591309e-04	6.726046e-02	0.000000e+00	-7.860475e+03	1.713228e+04
1.547000e-02	1.906836e+04	-1.039179e-03	6.728053e-02	0.000000e+00	-5.196049e+03	2.426441e+04
1.666000e-02	2.595123e+04	-1.119259e-03	6.731242e-02	0.000000e+00	-4.907813e+03	3.085904e+04
1.785000e-02	2.195280e+04	-1.199382e-03	6.734634e-02	0.000000e+00	-3.521854e+03	2.547465e+04
1.904000e-02	2.156664e+04	-1.279543e-03	6.737716e-02	0.000000e+00	-5.724276e+03	2.729092e+04
2.023000e-02	1.935111e+04	-1.359740e-03	6.740613e-02	0.000000e+00	-6.776859e+03	2.612797e+04
2.142000e-02	3.070616e+04	-1.439969e-03	6.744158e-02	0.000000e+00	-6.887975e+03	3.759414e+04
2.261000e-02	2.872289e+04	-1.520251e-03	6.748367e-02	0.000000e+00	-2.999595e+03	3.172248e+04
2.380000e-02	2.720837e+04	-1.600581e-03	6.752328e-02	0.000000e+00	-3.932582e+03	3.114095e+04
2.499000e-02	2.920320e+04	-1.680956e-03	6.756323e-02	0.000000e+00	-6.100791e+03	3.530399e+04
2.618000e-02	3.060538e+04	-1.761381e-03	6.760558e-02	0.000000e+00	-5.318068e+03	3.592344e+04
2.737000e-02	3.345385e+04	-1.841857e-03	6.765095e-02	0.000000e+00	-4.074365e+03	3.752822e+04
2.856000e-02	3.113505e+04	-1.922390e-03	6.769668e-02	0.000000e+00	-4.164668e+03	3.529972e+04
2.975000e-02	3.753659e+04	-2.002976e-03	6.774532e-02	0.000000e+00	-2.653651e+03	4.019024e+04
3.094000e-02	4.312452e+04	-2.083624e-03	6.780244e-02	0.000000e+00	-2.710708e+03	4.583523e+04
3.213000e-02	3.529587e+04	-2.164345e-03	6.785797e-02	0.000000e+00	-8.279690e+03	4.357556e+04
3.332000e-02	3.752640e+04	-2.245126e-03	6.790954e-02	0.000000e+00	-6.472921e+03	4.399932e+04
3.451000e-02	4.403567e+04	-2.325970e-03	6.796730e-02	0.000000e+00	-3.712154e+03	4.774782e+04
3.570000e-02	3.583967e+04	-2.406888e-03	6.802387e-02	0.000000e+00	-5.135839e+03	4.097550e+04
3.689000e-02	3.638129e+04	-2.487867e-03	6.807501e-02	0.000000e+00	-7.760345e+03	4.414163e+04
3.808000e-02	3.985848e+04	-2.568907e-03	6.812900e-02	0.000000e+00	-5.241810e+03	4.510029e+04
3.927000e-02	4.722778e+04	-2.650014e-03	6.819067e-02	0.000000e+00	-5.094023e+03	5.232180e+04
4.046000e-02	5.117617e+04	-2.731201e-03	6.826036e-02	0.000000e+00	-5.739611e+03	5.691579e+04
4.165000e-02	4.804363e+04	-2.812474e-03	6.833062e-02	0.000000e+00	-6.265477e+03	5.430911e+04
4.284000e-02	4.463091e+04	-2.893827e-03	6.839625e-02	0.000000e+00	-5.317977e+03	4.994889e+04
4.403000e-02	5.193375e+04	-2.975257e-03	6.846463e-02	0.000000e+00	-5.582515e+03	5.751627e+04
4.522000e-02	4.705966e+04	-3.056773e-03	6.853474e-02	0.000000e+00	-5.216397e+03	5.227606e+04
4.641000e-02	5.326969e+04	-3.138369e-03	6.860579e-02	0.000000e+00	-4.686461e+03	5.795616e+04
4.760000e-02	4.565981e+04	-3.220055e-03	6.867585e-02	0.000000e+00	-1.506605e+03	4.716642e+04
4.879000e-02	4.757912e+04	-3.301818e-03	6.874187e-02	0.000000e+00	-4.790943e+03	5.237006e+04
4.998000e-02	5.551147e+04	-3.383661e-03	6.881488e-02	0.000000e+00	-2.390929e+03	5.790240e+04
5.117000e-02	4.632688e+04	-3.465597e-03	6.888700e-02	0.000000e+00	-3.434919e+03	4.976180e+04
5.236000e-02	4.780890e+04	-3.547612e-03	6.895366e-02	0.000000e+00	-6.452960e+03	5.426186e+04
5.355000e-02	4.821175e+04	-3.629707e-03	6.902166e-02	0.000000e+00	-6.706238e+03	5.491799e+04
5.474000e-02	5.299171e+04	-3.711883e-03	6.909333e-02	0.000000e+00	-4.947468e+03	5.793918e+04
5.593000e-02	6.350318e+04	-3.794149e-03	6.917583e-02	0.000000e+00	-4.785188e+03	6.828837e+04
5.712000e-02	5.448193e+04	-3.876522e-03	6.925938e-02	0.000000e+00	-2.586188e+03	5.706812e+04
5.831000e-02	6.115784e+04	-3.958986e-03	6.934127e-02	0.000000e+00	-1.652595e+03	6.281044e+04
5.950000e-02	6.552623e+04	-4.041554e-03	6.943098e-02	0.000000e+00	-4.809729e+03	7.033596e+04
6.069000e-02	5.315560e+04	-4.124232e-03	6.951503e-02	0.000000e+00	-6.888398e+03	6.004400e+04
6.188000e-02	4.357922e+04	-4.207000e-03	6.958354e-02	0.000000e+00	-4.728870e+03	4.830810e+04
6.307000e-02	4.656256e+04	-4.289841e-03	6.964737e-02	0.000000e+00	-6.269774e+03	5.283233e+04
6.426000e-02	5.921649e+04	-4.372761e-03	6.972228e-02	0.000000e+00	-4.135149e+03	6.335164e+04
6.545000e-02	5.813683e+04	-4.455780e-03	6.980538e-02	0.000000e+00	-5.274638e+03	6.341147e+04
6.664000e-02	6.560342e+04	-4.538897e-03	6.989301e-02	0.000000e+00	-4.395265e+03	6.999869e+04
6.783000e-02	6.679171e+04	-4.622125e-03	6.998677e-02	0.000000e+00	-2.902346e+03	6.969405e+04
6.902000e-02	6.578523e+04	-4.705466e-03	7.008066e-02	0.000000e+00	-1.980565e+03	6.776580e+04
7.021000e-02	6.781017e+04	-4.788917e-03	7.017526e-02	0.000000e+00	-4.744671e+03	7.255484e+04
7.140000e-02	5.568983e+04	-4.872483e-03	7.026272e-02	0.000000e+00	-6.731445e+03	6.242128e+04
7.259000e-02	6.501244e+04	-4.956143e-03	7.034820e-02	0.000000e+00	-7.199971e+03	7.221241e+04
7.378000e-02	6.147098e+04	-5.039912e-03	7.043777e-02	0.000000e+00	-4.736277e+03	6.620726e+04
7.497000e-02	5.749521e+04	-5.123784e-03	7.052202e-02	0.000000e+00	-6.660614e+03	6.415582e+04
7.616000e-02	6.355369e+04	-5.207754e-03	7.060774e-02	0.000000e+00	-7.161440e+03	7.071513e+04
7.735000e-02	6.941242e+04	-5.291831e-03	7.070190e-02	0.000000e+00	-5.383092e+03	7.479551e+04
7.854000e-02	7.134955e+04	-5.376025e-03	7.080159e-02	0.000000e+00	-3.380283e+03	7.472984e+04
7.973000e-02	7.135270e+04	-5.460339e-03	7.090264e-02	0.000000e+00	-4.936575e+03	7.628927e+04
8.092000e-02	6.854831e+04	-5.544773e-03	7.100172e-02	0.000000e+00	-4.632700e+03	7.318101e+04
8.211000e-02	6.829271e+04	-5.629323e-03	7.109862e-02	0.000000e+00	-4.377471e+03	7.267018e+04
8.330000e-02	6.495014e+04	-5.713988e-03	7.119298e-02	0.000000e+00	-1.779750e+03	6.672989e+04
8.449000e-02	7.708377e+04	-5.798762e-03	7.129356e-02	0.000000e+00	-1.185829e+03	7.826960e+04
8.568000e-02	7.000918e+04	-5.883666e-03	7.139773e-02	0.000000e+00	-2.238517e+03	7.224769e+04
8.687000e-02	7.403528e+04	-5.968689e-03	7.149974e-02	0.000000e+00	-6.049039e+03	8.008432e+04
8.806000e-02	6.638853e+04	-6.053836e-03	7.159918e-02	0.000000e+00	-6.147125e+03	7.253565e+04
8.925000e-02	6.372865e+04	-6.139095e-03	7.169132e-02	0.000000e+00	-5.512425e+03	6.924108e+04
9.044000e-02	6.711847e+04	-6.224461e-03	7.178399e-02	0.000000e+00	-3.712493e+03	7.083097e+04
9.163000e-02	8.122509e+04	-6.309941e-03	7.188904e-02	0.000000e+00	-4.458838e+03	8.568393e+04
9.282000e-02	6.979011e+04	-6.395557e-03	7.199598e-02	0.000000e+00	-2.673425e+03	7.246353e+04
9.401000e-02	6.608916e+04	-6.481291e-03	7.209221e-02	0.000000e+00	-6.292184e+03	7.238135e+04
9.520000e-02	8.121961e+04	-6.567136e-03	7.219652e-02	0.000000e+00	-4.051257e+03	8.527087e+04
9.639000e-02	8.359211e+04	-6.653119e-03	7.231324e-02	0.000000e+00	-1.633232e+03	8.522534e+04
9.758000e-02	8.165342e+04	-6.739242e-03	7.243026e-02	0.000000e+00	-3.817151e+03	8.547057e+04
9.877000e-02	8.725079e+04	-6.825503e-03	7.254987e-02	0.000000e+00	-2.823356e+03	9.007415e+04
9.996000e-02	7.308049e+04	-6.911911e-03	7.266341e-02	0.000000e+00	-4.827530e+03	7.790802e+04
1.011500e-01	6.937496e+04	-6.998442e-03	7.276429e-02	0.000000e+00	-4.951809e+03	7.432677e+04
1.023400e-01	8.329167e+04	-7.085090e-03	7.287241e-02	0.000000e+00	-5.777565e+03	8.906923e+04
1.035300e-01	7.609230e+04	-7.171878e-03	7.298528e-02	0.000000e+00	-4.417739e+03	8.051004e+04
1.047200e-01	7.896819e+04	-7.258795e-03	7.309509e-02	0.000000e+00	-5.055929e+03	8.402412e+04
1.059100e-01	8.931206e+04	-7.345844e-03	7.321426e-02	0.000000e+00	-3.229134e+03	9.254120e+04
1.071000e-01	7.302213e+04	-7.433045e-03	7.332922e-02	0.000000e+00	-1.667139e+03	7.468927e+04
1.082900e-01	7.463019e+04	-7.520368e-03	7.343378e-02	0.000000e+00	-5.057594e+03	7.968778e+04
1.094800e-01	8.985433e+04	-7.607817e-03	7.355026e-02	0.000000e+00	-3.593625e+03	9.344796e+04
1.106700e-01	9.033298e+04	-7.695417e-03	7.367786e-02	0.000000e+00	-4.037001e+03	9.436999e+04
1.118600e-01	8.361626e+04	-7.783170e-03	7.380105e-02	0.000000e+00	-6.392552e+03	9.000882e+04
1.130500e-01	8.736150e+04	-7.871064e-03	7.392213e-02	0.000000e+00	-5.128098e+03	9.248960e+04
1.142400e-01	9.154606e+04	-7.959105e-03	7.404882e-02	0.000000e+00	-3.527319e+03	9.507338e+04
1.154300e-01	8.797319e+04	-8.047300e-03	7.417595e-02	0.000000e+00	-2.652276e+03	9.062546e+04
1.166200e-01	9.937725e+04	-8.135644e-03	7.430863e-02	0.000000e+00	-4.365546e+03	1.037428e+05
1.178100e-01	8.468888e+04	-8.224155e-03	7.443898e-02	0.000000e+00	-6.359930e+03	9.104881e+04
1.190000e-01	8.129731e+04	-8.312808e-03	7.455652e-02	0.000000e+00	-4.851808e+03	8.614912e+04
1.201900e-01	9.097100e+04	-8.401599e-03	7.467852e-02	0.000000e+00	-1.849839e+03	9.282084e+04
1.213800e-01	9.608222e+04	-8.490543e-03	7.481098e-02	0.000000e+00	-2.056982e+03	9.813920e+04
1.225700e-01	8.434336e+04	-8.579649e-03	7.493875e-02	0.000000e+00	-4.941016e+03	8.928437e+04
1.237600e-01	7.970931e+04	-8.668898e-03	7.505493e-02	0.000000e+00	-3.808376e+03	8.351769e+04
1.249500e-01	7.980314e+04	-8.758280e-03	7.516789e-02	0.000000e+00	-5.946574e+03	8.574971e+04
1.261400e-01	8.231175e+04	-8.847797e-03	7.528269e-02	0.000000e+00	-5.155484e+03	8.746723e+04
1.273300e-01	7.091911e+04	-8.937453e-03	7.539121e-02	0.000000e+00	-3.971014e+03	7.489012e+04
1.285200e-01	8.048367e+04	-9.027228e-03	7.549842e-02	0.000000e+00	-3.604458e+03	8.408813e+04
1.297100e-01	8.634775e+04	-9.117139e-03	7.561657e-02	0.000000e+00	-5.959731e+03	9.230748e+04
1.309000e-01	9.297335e+04	-9.207196e-03	7.574356e-02	0.000000e+00	-3.413504e+03	9.638685e+04
1.320900e-01	8.992262e+04	-9.297409e-03	7.587308e-02	0.000000e+00	-5.363353e+03	9.528597e+04
1.332800e-01	8.714723e+04	-9.387774e-03	7.599847e-02	0.000000e+00	-8.366831e+03	9.551406e+04
1.344700e-01	9.930851e+04	-9.478285e-03	7.613051e-02	0.000000e+00	-4.416074e+03	1.037246e+05
1.356600e-01	9.056678e+04	-9.568964e-03	7.626498e-02	0.000000e+00	-7.673944e+03	9.824073e+04
1.368500e-01	8.111843e+04	-9.659796e-03	7.638656e-02	0.000000e+00	-3.942904e+03	8.506133e+04
1.380400e-01	9.898947e+04	-9.750764e-03	7.651410e-02	0.000000e+00	-5.625996e+03	1.046155e+05
1.392300e-01	9.601904e+04	-9.841899e-03	7.665220e-02	0.000000e+00	-5.574291e+03	1.015933e+05
1.404200e-01	9.125535e+04	-9.933196e-03	7.678482e-02	0.000000e+00	-3.491708e+03	9.474706e+04
1.416100e-01	8.622755e+04	-1.002465e-02	7.691051e-02	0.000000e+00	-8.774531e+03	9.500208e+04
1.428000e-01	9.810816e+04	-1.011624e-02	7.704105e-02	0.000000e+00	-4.773303e+03	1.028815e+05
1.439900e-01	1.010935e+05	-1.020800e-02	7.718212e-02	0.000000e+00	-5.496224e+03	1.065897e+05
1.451800e-01	8.980450e+04	-1.029994e-02	7.731731e-02	0.000000e+00	-6.808975e+03	9.661348e+04
1.463700e-01	9.042034e+04	-1.039202e-02	7.744493e-02	0.000000e+00	-7.047454e+03	9.746779e+04
1.475600e-01	9.722764e+04	-1.048426e-02	7.757782e-02	0.000000e+00	-2.021738e+03	9.924938e+04
1.487500e-01	9.090140e+04	-1.057666e-02	7.771105e-02	0.000000e+00	-4.447469e+03	9.534887e+04
1.499400e-01	8.634150e+04	-1.066921e-02	7.783656e-02	0.000000e+00	-3.313511e+03	8.965501e+04
1.511300e-01	8.352675e+04	-1.076191e-02	7.795686e-02	0.000000e+00	-3.241072e+03	8.676782e+04
1.523200e-01	1.098277e+05	-1.085475e-02	7.809378e-02	0.000000e+00	-4.160006e+03	1.139877e+05
1.535100e-01	9.427315e+04	-1.094777e-02	7.823832e-02	0.000000e+00	-4.452643e+03	9.872579e+04
1.547000e-01	8.909896e+04	-1.104095e-02	7.836818e-02	0.000000e+00	-6.321408e+03	9.542037e+04
1.558900e-01	1.024608e+05	-1.113429e-02	7.850384e-02	0.000000e+00	-2.509191e+03	1.049700e+05
1.570800e-01	9.330981e+04	-1.122779e-02	7.864247e-02	0.000000e+00	-4.648168e+03	9.795798e+04
1.582700e-01	9.091423e+04	-1.132145e-02	7.877293e-02	0.000000e+00	-2.436056e+03	9.335029e+04
1.594600e-01	8.099804e+04	-1.141527e-02	7.889468e-02	0.000000e+00	-4.814080e+03	8.581212e+04
1.606500e-01	8.941060e+04	-1.150922e-02	7.901535e-02	0.000000e+00	-4.952755e+03	9.436335e+04
1.618400e-01	8.888425e+04	-1.160333e-02	7.914162e-02	0.000000e+00	-5.351681e+03	9.423593e+04
1.630300e-01	9.279678e+04	-1.169758e-02	7.927028e-02	0.000000e+00	-4.623158e+03	9.741994e+04
1.642200e-01	9.205400e+04	-1.179199e-02	7.940118e-02	0.000000e+00	-3.207079e+03	9.526108e+04
1.654100e-01	9.434188e+04	-1.188656e-02	7.953318e-02	0.000000e+00	-3.582334e+03	9.792421e+04
1.666000e-01	1.048662e+05	-1.198128e-02	7.967425e-02	0.000000e+00	-5.970362e+03	1.108365e+05
1.677900e-01	1.025213e+05	-1.207618e-02	7.982112e-02	0.000000e+00	-5.208935e+03	1.077303e+05
1.689800e-01	1.067229e+05	-1.217125e-02	7.996930e-02	0.000000e+00	-4.177636e+03	1.109006e+05
1.701700e-01	9.511833e+04	-1.226651e-02	8.011223e-02	0.000000e+00	-7.033845e+03	1.021522e+05
1.713600e-01	9.982461e+04	-1.236192e-02	8.025028e-02	0.000000e+00	-3.695056e+03	1.035197e+05
1.725500e-01	1.046451e+05	-1.245750e-02	8.039508e-02	0.000000e+00	-3.995719e+03	1.086408e+05
1.737400e-01	9.198956e+04	-1.255326e-02	8.053433e-02	0.000000e+00	-5.852162e+03	9.784173e+04
1.749300e-01	9.732167e+04	-1.264918e-02	8.066840e-02	0.000000e+00	-4.113089e+03	1.014348e+05
1.761200e-01	1.009697e+05	-1.274525e-02	8.080882e-02	0.000000e+00	-6.168266e+03	1.071380e+05
1.773100e-01	9.528195e+04	-1.284150e-02	8.094780e-02	0.000000e+00	-5.343016e+03	1.006250e+05
1.785000e-01	9.981478e+04	-1.293791e-02	8.108596e-02	0.000000e+00	-2.844747e+03	1.026595e+05
1.796900e-01	9.498007e+04	-1.303448e-02	8.122390e-02	0.000000e+00	-3.591996e+03	9.857206e+04
1.808800e-01	1.105952e+05	-1.313122e-02	8.136949e-02	0.000000e+00	-2.819529e+03	1.134147e+05
1.820700e-01	1.061178e+05	-1.322814e-02	8.152295e-02	0.000000e+00	-3.919416e+03	1.100372e+05
1.832600e-01	1.082163e+05	-1.332525e-02	8.167474e-02	0.000000e+00	-3.789155e+03	1.120055e+05
1.844500e-01	1.098374e+05	-1.342253e-02	8.182916e-02	0.000000e+00	-4.854667e+03	1.146921e+05
1.856400e-01	1.115786e+05	-1.352000e-02	8.198596e-02	0.000000e+00	-3.374739e+03	1.149533e+05
1.868300e-01	1.065386e+05	-1.361766e-02	8.214042e-02	0.000000e+00	-4.305835e+03	1.108444e+05
1.880200e-01	1.130103e+05	-1.371549e-02	8.229589e-02	0.000000e+00	-5.824513e+03	1.188348e+05
1.892100e-01	1.018834e+05	-1.381352e-02	8.244807e-02	0.000000e+00	-5.514444e+03	1.073979e+05
1.904000e-01	1.098834e+05	-1.391172e-02	8.259804e-02	0.000000e+00	-2.046269e+03	1.119297e+05
1.915900e-01	1.124037e+05	-1.401010e-02	8.275546e-02	0.000000e+00	-4.912907e+03	1.173166e+05
1.927800e-01	1.065927e+05	-1.410868e-02	8.291054e-02	0.000000e+00	-3.401385e+03	1.099941e+05
1.939700e-01	1.196265e+05	-1.420743e-02	8.307074e-02	0.000000e+00	-4.564892e+03	1.241914e+05
1.951600e-01	1.132163e+05	-1.430639e-02	8.323563e-02	0.000000e+00	-3.931189e+03	1.171475e+05
1.963500e-01	1.173641e+05	-1.440553e-02	8.339892e-02	0.000000e+00	-6.190970e+03	1.235551e+05
1.975400e-01	9.724009e+04	-1.450488e-02	8.355090e-02	0.000000e+00	-5.909541e+03	1.031496e+05
1.987300e-01	1.075264e+05	-1.460438e-02	8.369591e-02	0.000000e+00	-5.346167e+03	1.128726e+05
1.999200e-01	1.109192e+05	-1.470407e-02	8.385060e-02	0.000000e+00	-4.491460e+03	1.154106e+05
2.011100e-01	1.103447e+05	-1.480395e-02	8.400729e-02	0.000000e+00	-3.528138e+03	1.138729e+05
2.023000e-01	1.023933e+05	-1.490401e-02	8.415795e-02	0.000000e+00	-2.672524e+03	1.050659e+05
2.034900e-01	1.122533e+05	-1.500424e-02	8.430995e-02	0.000000e+00	-5.267542e+03	1.175209e+05
2.046800e-01	1.065716e+05	-1.510467e-02	8.446492e-02	0.000000e+00	-3.203520e+03	1.097752e+05
2.058700e-01	1.084381e+05	-1.520527e-02	8.461718e-02	0.000000e+00	-4.829594e+03	1.132677e+05
2.070600e-01	1.181511e+05	-1.530606e-02	8.477764e-02	0.000000e+00	-2.830906e+03	1.209820e+05
2.082500e-01	1.021803e+05	-1.540704e-02	8.493367e-02	0.000000e+00	-3.258222e+03	1.054385e+05
2.094400e-01	1.195203e+05	-1.550820e-02	8.509067e-02	0.000000e+00	-2.686335e+03	1.222066e+05
2.106300e-01	1.129950e+05	-1.560956e-02	8.525533e-02	0.000000e+00	-3.743949e+03	1.167389e+05
2.118200e-01	1.219503e+05	-1.571111e-02	8.542171e-02	0.000000e+00	-3.535388e+03	1.254857e+05
2.130100e-01	1.194288e+05	-1.581286e-02	8.559265e-02	0.000000e+00	-4.009926e+03	1.234388e+05
2.142000e-01	1.175414e+05	-1.591482e-02	8.576046e-02	0.000000e+00	-4.178185e+03	1.217196e+05
2.153900e-01	1.238936e+05	-1.601697e-02	8.593144e-02	0.000000e+00	-6.163956e+03	1.300575e+05
2.165800e-01	1.210314e+05	-1.611933e-02	8.610488e-02	0.000000e+00	-4.982093e+03	1.260135e+05
2.177700e-01	1.183214e+05	-1.622190e-02	8.627439e-02	0.000000e+00	-3.067323e+03	1.213887e+05
2.189600e-01	1.173162e+05	-1.632467e-02	8.644126e-02	0.000000e+00	-2.968916e+03	1.202851e+05
2.201500e-01	1.101874e+05	-1.642763e-02	8.660237e-02	0.000000e+00	-4.911544e+03	1.150989e+05
2.213400e-01	9.781311e+04	-1.653078e-02	8.674966e-02	0.000000e+00	-6.846365e+03	1.046595e+05
2.225300e-01	1.239275e+05	-1.663409e-02	8.690669e-02	0.000000e+00	-3.788020e+03	1.277155e+05
2.237200e-01	1.222722e+05	-1.673762e-02	8.708104e-02	0.000000e+00	-3.211696e+03	1.254839e+05
2.249100e-01	1.084051e+05	-1.684135e-02	8.724440e-02	0.000000e+00	-1.411809e+03	1.098169e+05
2.261000e-01	1.079415e+05	-1.694526e-02	8.739761e-02	0.000000e+00	-4.388689e+03	1.123302e+05
2.272900e-01	1.018218e+05	-1.704935e-02	8.754616e-02	0.000000e+00	-2.101185e+03	1.039230e+05
2.284800e-01	9.112224e+04	-1.715362e-02	8.768279e-02	0.000000e+00	-4.146443e+03	9.526868e+04
2.296700e-01	1.150014e+05	-1.725804e-02	8.782876e-02	0.000000e+00	-2.243488e+03	1.172449e+05
2.308600e-01	1.249734e+05	-1.736265e-02	8.799870e-02	0.000000e+00	-2.545324e+03	1.275188e+05
2.320500e-01	1.213616e+05	-1.746748e-02	8.817315e-02	0.000000e+00	-2.845911e+03	1.242075e+05
2.332400e-01	1.162153e+05	-1.757250e-02	8.834139e-02	0.000000e+00	-3.735881e+03	1.199512e+05
2.344300e-01	1.119349e+05	-1.767773e-02	8.850296e-02	0.000000e+00	-2.930295e+03	1.148652e+05
2.356200e-01	1.221336e+05	-1.778314e-02	8.866872e-02	0.000000e+00	-1.403172e+03	1.235368e+05
2.368100e-01	1.135288e+05	-1.788876e-02	8.883561e-02	0.000000e+00	-1.900946e+03	1.154297e+05
2.380000e-01	1.258303e+05	-1.799457e-02	8.900511e-02	0.000000e+00	-2.373451e+03	1.282037e+05
2.391900e-01	1.279380e+05	-1.810059e-02	8.918482e-02	0.000000e+00	-3.325215e+03	1.312632e+05
2.403800e-01	1.196740e+05	-1.820683e-02	8.936017e-02	0.000000e+00	-2.688677e+03	1.223626e+05
2.415700e-01	1.122949e+05	-1.831327e-02	8.952445e-02	0.000000e+00	-1.501875e+03	1.137967e+05
2.427600e-01	1.116146e+05	-1.841990e-02	8.968301e-02	0.000000e+00	-2.845099e+03	1.144597e+05
2.439500e-01	1.098936e+05	-1.852671e-02	8.983987e-02	0.000000e+00	-4.225820e+03	1.141194e+05
2.451400e-01	1.150617e+05	-1.863372e-02	8.999918e-02	0.000000e+00	-7.914505e+03	1.229762e+05
2.463300e-01	1.216346e+05	-1.874091e-02	9.016680e-02	0.000000e+00	-5.680326e+03	1.273150e+05
2.475200e-01	1.089807e+05	-1.884831e-02	9.033011e-02	0.000000e+00	-5.411999e+03	1.143927e+05
2.487100e-01	1.179931e+05	-1.895590e-02	9.049085e-02	0.000000e+00	-3.711288e+03	1.217044e+05
2.499000e-01	1.166179e+05	-1.906368e-02	9.065699e-02	0.000000e+00	-4.202718e+03	1.208206e+05
2.510900e-01	1.163698e+05	-1.917166e-02	9.082199e-02	0.000000e+00	-3.783913e+03	1.201538e+05
2.522800e-01	1.324646e+05	-1.927984e-02	9.099820e-02	0.000000e+00	-3.092556e+03	1.355571e+05
2.534700e-01	1.187922e+05	-1.938824e-02	9.117613e-02	0.000000e+00	-4.333973e+03	1.231261e+05
2.546600e-01	1.115214e+05	-1.949684e-02	9.133923e-02	0.000000e+00	-4.567445e+03	1.160889e+05
2.558500e-01	1.003382e+05	-1.960562e-02	9.148926e-02	0.000000e+00	-1.682660e+03	1.020208e+05
2.570400e-01	1.110842e+05	-1.971458e-02	9.163899e-02	0.000000e+00	-3.200099e+03	1.142843e+05
2.582300e-01	1.257721e+05	-1.982373e-02	9.180672e-02	0.000000e+00	-2.770179e+03	1.285423e+05
2.594200e-01	1.222067e+05	-1.993308e-02	9.198233e-02	0.000000e+00	-5.291439e+03	1.274982e+05
2.606100e-01	1.327406e+05	-2.004264e-02	9.216287e-02	0.000000e+00	-3.043586e+03	1.357842e+05
2.618000e-01	1.291457e+05	-2.015243e-02	9.234833e-02	0.000000e+00	-3.554907e+03	1.327006e+05
2.629900e-01	1.207266e+05	-2.026243e-02	9.252528e-02	0.000000e+00	-4.491654e+03	1.252183e+05
2.641800e-01	1.233409e+05	-2.037264e-02	9.269812e-02	0.000000e+00	-3.923748e+03	1.272646e+05
2.653700e-01	1.380541e+05	-2.048305e-02	9.288323e-02	0.000000e+00	-1.803390e+03	1.398575e+05
2.665600e-01	1.341220e+05	-2.059370e-02	9.307598e-02	0.000000e+00	-2.730071e+03	1.368521e+05
2.677500e-01	1.165155e+05	-2.070457e-02	9.325347e-02	0.000000e+00	-3.890320e+03	1.204059e+05
2.689400e-01	1.291730e+05	-2.081564e-02	9.342746e-02	0.000000e+00	-2.734865e+03	1.319079e+05
2.701300e-01	1.206049e+05	-2.092693e-02	9.360434e-02	0.000000e+00	-5.429677e+03	1.260346e+05
2.713200e-01	1.330287e+05	-2.103842e-02	9.378396e-02	0.000000e+00	-4.079657e+03	1.371083e+05
2.725100e-01	1.245608e+05	-2.115014e-02	9.396637e-02	0.000000e+00	-5.613465e+03	1.301743e+05
2.737000e-01	1.235010e+05	-2.126206e-02	9.414204e-02	0.000000e+00	-4.144422e+03	1.276454e+05
2.748900e-01	1.202320e+05	-2.137420e-02	9.431465e-02	0.000000e+00	-1.349958e+03	1.215819e+05
2.760800e-01	1.289894e+05	-2.148653e-02	9.449114e-02	0.000000e+00	-3.153733e+03	1.321431e+05
2.772700e-01	1.267627e+05	-2.159909e-02	9.467225e-02	0.000000e+00	-6.441725e+03	1.332045e+05
2.784600e-01	1.405261e+05	-2.171185e-02	9.486153e-02	0.000000e+00	-3.524126e+03	1.440502e+05
2.796500e-01	1.313511e+05	-2.182486e-02	9.505407e-02	0.000000e+00	-2.437404e+03	1.337885e+05
2.808400e-01	1.313417e+05	-2.193808e-02	9.524010e-02	0.000000e+00	-3.684029e+03	1.350257e+05
2.820300e-01	1.381095e+05	-2.205153e-02	9.543091e-02	0.000000e+00	-4.592733e+03	1.427023e+05
2.832200e-01	1.350518e+05	-2.216521e-02	9.562436e-02	0.000000e+00	-5.000311e+03	1.400522e+05
2.844100e-01	1.271716e+05	-2.227911e-02	9.581005e-02	0.000000e+00	-3.439994e+03	1.306116e+05
2.856000e-01	1.341501e+05	-2.239323e-02	9.599511e-02	0.000000e+00	-4.720778e+03	1.388708e+05
2.867900e-01	1.319680e+05	-2.250758e-02	9.618357e-02	0.000000e+00	-2.444531e+03	1.344126e+05
2.879800e-01	1.269926e+05	-2.262215e-02	9.636696e-02	0.000000e+00	-2.721093e+03	1.297137e+05
2.891700e-01	1.231830e+05	-2.273693e-02	9.654412e-02	0.000000e+00	-4.139231e+03	1.273222e+05
2.903600e-01	1.241809e+05	-2.285193e-02	9.671930e-02	0.000000e+00	-1.505459e+03	1.256864e+05
2.915500e-01	1.195700e+05	-2.296713e-02	9.689191e-02	0.000000e+00	-2.302860e+03	1.218729e+05
2.927400e-01	1.369506e+05	-2.308253e-02	9.707357e-02	0.000000e+00	-6.022143e+03	1.429727e+05
2.939300e-01	1.244097e+05	-2.319816e-02	9.725866e-02	0.000000e+00	-5.073959e+03	1.294837e+05
2.951200e-01	1.227382e+05	-2.331400e-02	9.743368e-02	0.000000e+00	-2.357134e+03	1.250954e+05
2.963100e-01	1.210151e+05	-2.343005e-02	9.760630e-02	0.000000e+00	-3.922589e+03	1.249377e+05
2.975000e-01	1.205033e+05	-2.354631e-02	9.777733e-02	0.000000e+00	-3.068198e+03	1.235715e+05
2.986900e-01	1.210427e+05	-2.366276e-02	9.794838e-02	0.000000e+00	-5.207279e+03	1.262500e+05
2.998800e-01	1.303504e+05	-2.377942e-02	9.812641e-02	0.000000e+00	-7.328982e+03	1.376793e+05
3.010700e-01	1.321119e+05	-2.389630e-02	9.831228e-02	0.000000e+00	-3.174912e+03	1.352868e+05
3.022600e-01	1.165861e+05	-2.401341e-02	9.848840e-02	0.000000e+00	-3.353328e+03	1.199395e+05
3.034500e-01	1.223031e+05	-2.413071e-02	9.865757e-02	0.000000e+00	-1.751589e+03	1.240547e+05
3.046400e-01	1.259660e+05	-2.424821e-02	9.883339e-02	0.000000e+00	-2.183950e+03	1.281500e+05
3.058300e-01	1.469194e+05	-2.436593e-02	9.902663e-02	0.000000e+00	-5.839050e+03	1.527584e+05
3.070200e-01	1.424199e+05	-2.448390e-02	9.923153e-02	0.000000e+00	-4.807229e+03	1.472272e+05
3.082100e-01	1.376766e+05	-2.460210e-02	9.942989e-02	0.000000e+00	-1.614098e+03	1.392907e+05
3.094000e-01	1.212023e+05	-2.472054e-02	9.961322e-02	0.000000e+00	-4.092051e+03	1.252943e+05
3.105900e-01	1.318024e+05	-2.483918e-02	9.979239e-02	0.000000e+00	-3.929419e+03	1.357319e+05
3.117800e-01	1.349609e+05	-2.495805e-02	9.998130e-02	0.000000e+00	-1.456137e+03	1.364170e+05
3.129700e-01	1.496844e+05	-2.507714e-02	1.001829e-01	0.000000e+00	-4.734279e+03	1.544187e+05
3.141600e-01	1.311825e+05	-2.519648e-02	1.003818e-01	0.000000e+00	-3.398666e+03	1.345812e+05
3.153500e-01	1.380606e+05	-2.531605e-02	1.005724e-01	0.000000e+00	-2.623826e+03	1.406844e+05
3.165400e-01	1.311810e+05	-2.543584e-02	1.007631e-01	0.000000e+00	-2.002068e+03	1.331831e+05
3.177300e-01	1.178346e+05	-2.555586e-02	1.009395e-01	0.000000e+00	-1.529120e+03	1.193637e+05
3.189200e-01	1.229388e+05	-2.567608e-02	1.011100e-01	0.000000e+00	-2.202479e+03	1.251412e+05
3.201100e-01	1.284575e+05	-2.579650e-02	1.012880e-01	0.000000e+00	-2.560567e+03	1.310181e+05
3.213000e-01	1.296534e+05	-2.591714e-02	1.014708e-01	0.000000e+00	-4.397543e+03	1.340510e+05
3.224900e-01	1.282445e+05	-2.603800e-02	1.016534e-01	0.000000e+00	-1.937714e+03	1.301822e+05
3.236800e-01	1.363747e+05	-2.615908e-02	1.018408e-01	0.000000e+00	-1.402595e+03	1.377773e+05
3.248700e-01	1.390850e+05	-2.628038e-02	1.020359e-01	0.000000e+00	-3.040224e+03	1.421253e+05
3.260600e-01	1.267468e+05	-2.640192e-02	1.022241e-01	0.000000e+00	-3.544194e+03	1.302910e+05
3.272500e-01	1.402275e+05	-2.652368e-02	1.024132e-01	0.000000e+00	-4.069687e+03	1.442972e+05
3.284400e-01	1.243297e+05	-2.664567e-02	1.026005e-01	0.000000e+00	-3.610697e+03	1.279404e+05
3.296300e-01	1.215631e+05	-2.676787e-02	1.027747e-01	0.000000e+00	-1.634179e+03	1.231972e+05
3.308200e-01	1.283471e+05	-2.689027e-02	1.029517e-01	0.000000e+00	-1.709660e+03	1.300568e+05
3.320100e-01	1.353130e+05	-2.701289e-02	1.031384e-01	0.000000e+00	-3.034438e+03	1.383474e+05
3.332000e-01	1.323392e+05	-2.713574e-02	1.033279e-01	0.000000e+00	-4.185340e+03	1.365246e+05
3.343900e-01	1.362844e+05	-2.725881e-02	1.035181e-01	0.000000e+00	-4.804003e+03	1.410884e+05
3.355800e-01	1.394340e+05	-2.738211e-02	1.037134e-01	0.000000e+00	-4.610579e+03	1.440446e+05
3.367700e-01	1.324841e+05	-2.750565e-02	1.039060e-01	0.000000e+00	-2.390319e+03	1.348745e+05
3.379600e-01	1.402720e+05	-2.762941e-02	1.040991e-01	0.000000e+00	-2.697525e+03	1.429696e+05
3.391500e-01	1.287136e+05	-2.775341e-02	1.042896e-01	0.000000e+00	-2.846405e+03	1.315600e+05
3.403400e-01	1.452309e+05	-2.787762e-02	1.044836e-01	0.000000e+00	-1.795107e+03	1.470260e+05
3.415300e-01	1.427385e+05	-2.800208e-02	1.046875e-01	0.000000e+00	-3.925710e+03	1.466643e+05
3.427200e-01	1.277432e+05	-2.812678e-02	1.048791e-01	0.000000e+00	-4.037349e+03	1.317806e+05
3.439100e-01	1.297451e+05	-2.825169e-02	1.050614e-01	0.000000e+00	-3.433942e+03	1.331790e+05
3.451000e-01	1.316760e+05	-2.837682e-02	1.052465e-01	0.000000e+00	-4.311905e+03	1.359879e+05
3.462900e-01	1.324586e+05	-2.850218e-02	1.054336e-01	0.000000e+00	-4.605436e+03	1.370640e+05
3.474800e-01	1.314759e+05	-2.862775e-02	1.056205e-01	0.000000e+00	-2.965575e+03	1.344415e+05
3.486700e-01	1.321865e+05	-2.875355e-02	1.058072e-01	0.000000e+00	-4.481006e+03	1.366675e+05
3.498600e-01	1.272175e+05	-2.887958e-02	1.059909e-01	0.000000e+00	-3.398524e+03	1.306160e+05
3.510500e-01	1.353937e+05	-2.900581e-02	1.061769e-01	0.000000e+00	-3.485735e+03	1.388794e+05
3.522400e-01	1.441891e+05	-2.913228e-02	1.063749e-01	0.000000e+00	-2.998526e+03	1.471876e+05
3.534300e-01	1.354385e+05	-2.925898e-02	1.065729e-01	0.000000e+00	-4.642011e+03	1.400805e+05
3.546200e-01	1.425391e+05	-2.938592e-02	1.067698e-01	0.000000e+00	-2.022761e+03	1.445619e+05
3.558100e-01	1.260228e+05	-2.951310e-02	1.069599e-01	0.000000e+00	-1.477637e+03	1.275004e+05
3.570000e-01	1.394404e+05	-2.964048e-02	1.071479e-01	0.000000e+00	-1.854257e+03	1.412946e+05
3.581900e-01	1.260747e+05	-2.976811e-02	1.073360e-01	0.000000e+00	-1.508932e+03	1.275837e+05
3.593800e-01	1.236317e+05	-2.989594e-02	1.075128e-01	0.000000e+00	-3.307291e+03	1.269390e+05
3.605700e-01	1.317136e+05	-3.002399e-02	1.076936e-01	0.000000e+00	-2.601184e+03	1.343148e+05
3.617600e-01	1.228143e+05	-3.015225e-02	1.078739e-01	0.000000e+00	-2.826355e+03	1.256407e+05
3.629500e-01	1.308564e+05	-3.028073e-02	1.080535e-01	0.000000e+00	-6.146272e+03	1.370026e+05
3.641400e-01	1.411992e+05	-3.040942e-02	1.082462e-01	0.000000e+00	-4.783268e+03	1.459825e+05
3.653300e-01	1.480908e+05	-3.053835e-02	1.084510e-01	0.000000e+00	-1.334470e+03	1.494253e+05
3.665200e-01	1.276775e+05	-3.066754e-02	1.086463e-01	0.000000e+00	-3.415047e+03	1.310926e+05
3.677100e-01	1.285314e+05	-3.079693e-02	1.088278e-01	0.000000e+00	-3.020123e+03	1.315515e+05
3.689000e-01	1.267015e+05	-3.092655e-02	1.090085e-01	0.000000e+00	-2.535841e+03	1.292374e+05
3.700900e-01	1.236632e+05	-3.105637e-02	1.091858e-01	0.000000e+00	-2.764835e+03	1.264281e+05
3.712800e-01	1.348971e+05	-3.118641e-02	1.093689e-01	0.000000e+00	-7.627193e+03	1.425243e+05
3.724700e-01	1.152888e+05	-3.131667e-02	1.095461e-01	0.000000e+00	-4.431617e+03	1.197204e+05
3.736600e-01	1.394638e+05	-3.144713e-02	1.097265e-01	0.000000e+00	-8.558391e+02	1.403196e+05
3.748500e-01	1.425496e+05	-3.157782e-02	1.099262e-01	0.000000e+00	-2.763391e+03	1.453130e+05
3.760400e-01	1.403187e+05	-3.170875e-02	1.101265e-01	0.000000e+00	-4.560753e+03	1.448795e+05
3.772300e-01	1.475688e+05	-3.183992e-02	1.103304e-01	0.000000e+00	-4.372791e+03	1.519416e+05
3.784200e-01	1.199275e+05	-3.197134e-02	1.105198e-01	0.000000e+00	-4.374150e+03	1.243017e+05
3.796100e-01	1.256332e+05	-3.210296e-02	1.106937e-01	0.000000e+00	-3.805163e+03	1.294383e+05
3.808000e-01	1.453341e+05	-3.223479e-02	1.108856e-01	0.000000e+00	-2.611766e+03	1.479459e+05
3.819900e-01	1.350553e+05	-3.236687e-02	1.110842e-01	0.000000e+00	-3.796445e+03	1.388518e+05
3.831800e-01	1.370288e+05	-3.249917e-02	1.112769e-01	0.000000e+00	-3.981616e+03	1.410104e+05
3.843700e-01	1.317444e+05	-3.263170e-02	1.114672e-01	0.000000e+00	-4.365153e+03	1.361096e+05
3.855600e-01	1.285986e+05	-3.276446e-02	1.116516e-01	0.000000e+00	-3.106806e+03	1.317054e+05
3.867500e-01	1.482713e+05	-3.289744e-02	1.118476e-01	0.000000e+00	-3.418714e+03	1.516900e+05
3.879400e-01	1.403537e+05	-3.303066e-02	1.120520e-01	0.000000e+00	-3.536835e+03	1.438905e+05
3.891300e-01	1.346385e+05	-3.316412e-02	1.122468e-01	0.000000e+00	-4.426695e+03	1.390652e+05
3.903200e-01	1.331223e+05	-3.329781e-02	1.124364e-01	0.000000e+00	-3.148943e+03	1.362713e+05
3.915100e-01	1.586710e+05	-3.343172e-02	1.126430e-01	0.000000e+00	-6.248964e+03	1.649200e+05
3.927000e-01	1.375774e+05	-3.356590e-02	1.128528e-01	0.000000e+00	-2.984196e+03	1.405616e+05
3.938900e-01	1.270347e+05	-3.370031e-02	1.130402e-01	0.000000e+00	-2.373143e+03	1.294078e+05
3.950800e-01	1.329260e+05	-3.383493e-02	1.132243e-01	0.000000e+00	-2.699484e+03	1.356255e+05
3.962700e-01	1.416581e+05	-3.396978e-02	1.134187e-01	0.000000e+00	-4.289747e+03	1.459478e+05
3.974600e-01	1.348447e+05	-3.410487e-02	1.136146e-01	0.000000e+00	-3.640462e+03	1.384851e+05
3.986500e-01	1.430286e+05	-3.424018e-02	1.138113e-01	0.000000e+00	-2.202780e+03	1.452313e+05
3.998400e-01	1.351054e+05	-3.437574e-02	1.140083e-01	0.000000e+00	-2.106117e+03	1.372115e+05
4.010300e-01	1.438119e+05	-3.451152e-02	1.142058e-01	0.000000e+00	-1.722063e+03	1.455340e+05
4.022200e-01	1.483852e+05	-3.464755e-02	1.144127e-01	0.000000e+00	-1.535806e+03	1.499210e+05
4.034100e-01	1.427819e+05	-3.478383e-02	1.146189e-01	0.000000e+00	-1.419507e+03	1.442014e+05
4.046000e-01	1.389193e+05	-3.492034e-02	1.148184e-01	0.000000e+00	-1.714265e+03	1.406335e+05
4.057900e-01	1.298536e+05	-3.505709e-02	1.150088e-01	0.000000e+00	-4.098186e+03	1.339518e+05
4.069800e-01	1.304727e+05	-3.519406e-02	1.151931e-01	0.000000e+00	-2.843172e+03	1.333158e+05
4.081700e-01	1.220584e+05	-3.533125e-02	1.153720e-01	0.000000e+00	-2.981044e+03	1.250394e+05
4.093600e-01	1.284249e+05	-3.546865e-02	1.155493e-01	0.000000e+00	-4.232667e+03	1.326576e+05
4.105500e-01	1.296034e+05	-3.560626e-02	1.157321e-01	0.000000e+00	-4.715874e+03	1.343192e+05
4.117400e-01	1.329350e+05	-3.574409e-02	1.159180e-01	0.000000e+00	-2.608639e+03	1.355436e+05
4.129300e-01	1.303637e+05	-3.588215e-02	1.161044e-01	0.000000e+00	-2.138313e+03	1.325020e+05
4.141200e-01	1.440872e+05	-3.602042e-02	1.162988e-01	0.000000e+00	-1.921581e+03	1.460088e+05
4.153100e-01	1.303690e+05	-3.615894e-02	1.164932e-01	0.000000e+00	-5.049529e+03	1.354185e+05
4.165000e-01	1.285248e+05	-3.629767e-02	1.166765e-01	0.000000e+00	-3.336019e+03	1.318608e+05
4.176900e-01	1.226067e+05	-3.643663e-02	1.168543e-01	0.000000e+00	-4.681581e+03	1.272882e+05
4.188800e-01	1.401113e+05	-3.657579e-02	1.170404e-01	0.000000e+00	-3.150026e+03	1.432614e+05
4.200700e-01	1.352712e+05	-3.671518e-02	1.172354e-01	0.000000e+00	-2.621313e+03	1.378925e+05
4.212600e-01	1.380466e+05	-3.685481e-02	1.174290e-01	0.000000e+00	-3.162123e+03	1.412088e+05
4.224500e-01	1.265403e+05	-3.699466e-02	1.176163e-01	0.000000e+00	-1.937251e+03	1.284776e+05
4.236400e-01	1.438762e+05	-3.713473e-02	1.178078e-01	0.000000e+00	-9.122015e+02	1.447884e+05
4.248300e-01	1.271283e+05	-3.727505e-02	1.179997e-01	0.000000e+00	-2.434178e+03	1.295624e+05
4.260200e-01	1.321656e+05	-3.741557e-02	1.181834e-01	0.000000e+00	-3.479143e+03	1.356447e+05
4.272100e-01	1.429200e+05	-3.755632e-02	1.183782e-01	0.000000e+00	-4.285655e+03	1.472056e+05
4.284000e-01	1.427303e+05	-3.769731e-02	1.185805e-01	0.000000e+00	-3.723412e+03	1.464537e+05
4.295900e-01	1.401156e+05	-3.783854e-02	1.187808e-01	0.000000e+00	-4.424765e+03	1.445404e+05
4.307800e-01	1.396471e+05	-3.798001e-02	1.189789e-01	0.000000e+00	-3.112068e+03	1.427592e+05
4.319700e-01	1.356046e+05	-3.812171e-02	1.191738e-01	0.000000e+00	-6.049591e+03	1.416542e+05
4.331600e-01	1.465910e+05	-3.826365e-02	1.193736e-01	0.000000e+00	-4.532714e+03	1.511237e+05
4.343500e-01	1.284930e+05	-3.840582e-02	1.195684e-01	0.000000e+00	-4.514026e+03	1.330070e+05
4.355400e-01	1.425365e+05	-3.854822e-02	1.197604e-01	0.000000e+00	-1.517794e+03	1.440543e+05
4.367300e-01	1.442151e+05	-3.869085e-02	1.199634e-01	0.000000e+00	-1.340473e+03	1.455556e+05
4.379200e-01	1.288280e+05	-3.883373e-02	1.201568e-01	0.000000e+00	-4.563439e+03	1.333915e+05
4.391100e-01	1.358226e+05	-3.897683e-02	1.203442e-01	0.000000e+00	-4.592953e+03	1.404156e+05
4.403000e-01	1.317355e+05	-3.912015e-02	1.205337e-01	0.000000e+00	-2.198444e+03	1.339339e+05
4.414900e-01	1.278651e+05	-3.926370e-02	1.207175e-01	0.000000e+00	-3.051668e+03	1.309167e+05
4.426800e-01	1.336085e+05	-3.940746e-02	1.209027e-01	0.000000e+00	-4.845237e+03	1.384537e+05
4.438700e-01	1.372110e+05	-3.955145e-02	1.210945e-01	0.000000e+00	-2.834041e+03	1.400451e+05
4.450600e-01	1.474483e+05	-3.969566e-02	1.212961e-01	0.000000e+00	-1.713215e+03	1.491615e+05
4.462500e-01	1.446520e+05	-3.984013e-02	1.215029e-01	0.000000e+00	-2.936971e+03	1.475889e+05
4.474400e-01	1.468022e+05	-3.998484e-02	1.217093e-01	0.000000e+00	-3.212558e+03	1.500148e+05
4.486300e-01	1.376538e+05	-4.012980e-02	1.219108e-01	0.000000e+00	-3.102609e+03	1.407565e+05
4.498200e-01	1.442498e+05	-4.027499e-02	1.221104e-01	0.000000e+00	-2.806467e+03	1.470562e+05
4.510100e-01	1.417778e+05	-4.042042e-02	1.223130e-01	0.000000e+00	-2.829973e+03	1.446078e+05
4.522000e-01	1.314059e+05	-4.056609e-02	1.225064e-01	0.000000e+00	-5.481667e+03	1.368876e+05
4.533900e-01	1.392115e+05	-4.071199e-02	1.226981e-01	0.000000e+00	-2.307088e+03	1.415186e+05
4.545800e-01	1.295216e+05	-4.085811e-02	1.228884e-01	0.000000e+00	-2.649465e+03	1.321710e+05
4.557700e-01	1.233401e+05	-4.100446e-02	1.230674e-01	0.000000e+00	-4.132019e+03	1.274721e+05
4.569600e-01	1.319651e+05	-4.115101e-02	1.232482e-01	0.000000e+00	-4.636411e+03	1.366015e+05
4.581500e-01	1.382564e+05	-4.129779e-02	1.234396e-01	0.000000e+00	-3.755058e+03	1.420114e+05
4.593400e-01	1.190889e+05	-4.144480e-02	1.236218e-01	0.000000e+00	-2.660273e+03	1.217492e+05
4.605300e-01	1.260687e+05	-4.159201e-02	1.237954e-01	0.000000e+00	-3.019601e+03	1.290883e+05
4.617200e-01	1.262469e+05	-4.173943e-02	1.239741e-01	0.000000e+00	-2.797117e+03	1.290440e+05
4.629100e-01	1.236909e+05	-4.188707e-02	1.241511e-01	0.000000e+00	-5.073704e+03	1.287646e+05
4.641000e-01	1.337636e+05	-4.203491e-02	1.243334e-01	0.000000e+00	-3.464407e+03	1.372280e+05
4.652900e-01	1.401063e+05	-4.218298e-02	1.245274e-01	0.000000e+00	-3.381600e+03	1.434879e+05
4.664800e-01	1.376442e+05	-4.233129e-02	1.247241e-01	0.000000e+00	-3.851174e+03	1.414953e+05
4.676700e-01	1.408866e+05	-4.247983e-02	1.249213e-01	0.000000e+00	-1.980514e+03	1.428671e+05
4.688600e-01	1.362873e+05	-4.262860e-02	1.251176e-01	0.000000e+00	-1.440100e+03	1.377274e+05
4.700500e-01	1.566553e+05	-4.277761e-02	1.253251e-01	0.000000e+00	-2.061116e+03	1.587164e+05
4.712400e-01	1.456742e+05	-4.292688e-02	1.255392e-01	0.000000e+00	-5.707251e+03	1.513814e+05
4.724300e-01	1.529386e+05	-4.307639e-02	1.257506e-01	0.000000e+00	-3.424513e+03	1.563631e+05
4.736200e-01	1.359188e+05	-4.322616e-02	1.259552e-01	0.000000e+00	-4.131308e+03	1.400501e+05
4.748100e-01	1.404317e+05	-4.337616e-02	1.261509e-01	0.000000e+00	-5.039799e+03	1.454715e+05
4.760000e-01	1.300145e+05	-4.352640e-02	1.263424e-01	0.000000e+00	-7.724018e+02	1.307869e+05
4.771900e-01	1.216563e+05	-4.367686e-02	1.265206e-01	0.000000e+00	-3.453094e+03	1.251094e+05
4.783800e-01	1.430643e+05	-4.382752e-02	1.267081e-01	0.000000e+00	-5.173086e+03	1.482373e+05
4.795700e-01	1.463363e+05	-4.397842e-02	1.269130e-01	0.000000e+00	-2.257332e+03	1.485937e+05
4.807600e-01	1.346718e+05	-4.412957e-02	1.271120e-01	0.000000e+00	-4.071854e+03	1.387437e+05
4.819500e-01	1.313751e+05	-4.428095e-02	1.273005e-01	0.000000e+00	-1.821426e+03	1.331965e+05
4.831400e-01	1.330290e+05	-4.443255e-02	1.274877e-01	0.000000e+00	-1.167035e+03	1.341961e+05
4.843300e-01	1.413278e+05	-4.458437e-02	1.276820e-01	0.000000e+00	-4.128398e+03	1.454562e+05
4.855200e-01	1.281569e+05	-4.473643e-02	1.278728e-01	0.000000e+00	-4.829911e+03	1.329868e+05
4.867100e-01	1.418444e+05	-4.488871e-02	1.280640e-01	0.000000e+00	-5.238150e+03	1.470825e+05
4.879000e-01	1.478648e+05	-4.504122e-02	1.282692e-01	0.000000e+00	-3.304593e+03	1.511694e+05
4.890900e-01	1.421016e+05	-4.519399e-02	1.284745e-01	0.000000e+00	-3.106478e+03	1.452081e+05
4.902800e-01	1.422995e+05	-4.534699e-02	1.286759e-01	0.000000e+00	-1.674213e+03	1.439737e+05
4.914700e-01	1.341342e+05	-4.550024e-02	1.288717e-01	0.000000e+00	-2.273393e+03	1.364076e+05
4.926600e-01	1.187663e+05	-4.565371e-02	1.290508e-01	0.000000e+00	-5.005150e+03	1.237714e+05
4.938500e-01	1.347240e+05	-4.580738e-02	1.292303e-01	0.000000e+00	-3.085652e+03	1.378097e+05
4.950400e-01	1.280507e+05	-4.596128e-02	1.294164e-01	0.000000e+00	-4.478744e+03	1.325295e+05
4.962300e-01	1.477036e+05	-4.611539e-02	1.296117e-01	0.000000e+00	-3.638100e+03	1.513417e+05
4.974200e-01	1.463083e+05	-4.626975e-02	1.298199e-01	0.000000e+00	-9.273267e+02	1.472356e+05
4.986100e-01	1.361123e+05	-4.642436e-02	1.300199e-01	0.000000e+00	-1.237549e+03	1.373499e+05
4.998000e-01	1.424501e+05	-4.657920e-02	1.302172e-01	0.000000e+00	-3.587512e+03	1.460376e+05
5.009900e-01	1.506030e+05	-4.673428e-02	1.304247e-01	0.000000e+00	-1.851943e+03	1.524549e+05
5.021800e-01	1.434236e+05	-4.688961e-02	1.306329e-01	0.000000e+00	-2.186941e+03	1.456105e+05
5.033700e-01	1.474981e+05	-4.704518e-02	1.308389e-01	0.000000e+00	-5.248946e+02	1.480230e+05
5.045600e-01	1.321088e+05	-4.720101e-02	1.310369e-01	0.000000e+00	-1.330925e+03	1.334397e+05
5.057500e-01	1.481882e+05	-4.735705e-02	1.312354e-01	0.000000e+00	-1.909190e+03	1.500974e+05
5.069400e-01	1.397009e+05	-4.751335e-02	1.314393e-01	0.000000e+00	-1.029162e+03	1.407301e+05
5.081300e-01	1.438249e+05	-4.766988e-02	1.316401e-01	0.000000e+00	-2.479944e+03	1.463048e+05
5.093200e-01	1.426264e+05	-4.782665e-02	1.318429e-01	0.000000e+00	-1.508997e+03	1.441354e+05
5.105100e-01	1.320936e+05	-4.798366e-02	1.320375e-01	0.000000e+00	-2.013545e+03	1.341071e+05
5.117000e-01	1.433783e+05	-4.814090e-02	1.322326e-01	0.000000e+00	-4.401068e+03	1.477794e+05
5.128900e-01	1.276558e+05	-4.829838e-02	1.324245e-01	0.000000e+00	-5.983892e+03	1.336397e+05
5.140800e-01	1.361227e+05	-4.845607e-02	1.326113e-01	0.000000e+00	-3.090801e+03	1.392135e+05
5.152700e-01	1.531785e+05	-4.861399e-02	1.328162e-01	0.000000e+00	-2.502664e+03	1.556812e+05
5.164600e-01	1.328352e+05	-4.877217e-02	1.330187e-01	0.000000e+00	-3.824387e+03	1.366596e+05
5.176500e-01	1.188695e+05	-4.893058e-02	1.331970e-01	0.000000e+00	-4.402390e+03	1.232719e+05
5.188400e-01	1.546124e+05	-4.908918e-02	1.333906e-01	0.000000e+00	-3.053246e+03	1.576656e+05
5.200300e-01	1.348118e+05	-4.924805e-02	1.335956e-01	0.000000e+00	-4.049867e+03	1.388616e+05
5.212200e-01	1.314620e+05	-4.940714e-02	1.337842e-01	0.000000e+00	-3.723391e+03	1.351854e+05
5.224100e-01	1.347580e+05	-4.956645e-02	1.339727e-01	0.000000e+00	-3.643019e+03	1.384010e+05
5.236000e-01	1.444454e+05	-4.972599e-02	1.341704e-01	0.000000e+00	-2.277307e+03	1.467227e+05
5.247900e-01	1.376766e+05	-4.988578e-02	1.343702e-01	0.000000e+00	-3.029121e+03	1.407057e+05
5.259800e-01	1.412641e+05	-5.004579e-02	1.345677e-01	0.000000e+00	-2.379372e+03	1.436435e+05
5.271700e-01	1.457008e+05	-5.020605e-02	1.347710e-01	0.000000e+00	-1.971802e+03	1.476726e+05
5.283600e-01	1.380929e+05	-5.036655e-02	1.349719e-01	0.000000e+00	-3.316032e+03	1.414089e+05
5.295500e-01	1.378680e+05	-5.052728e-02	1.351674e-01	0.000000e+00	-3.262198e+03	1.411302e+05
5.307400e-01	1.357854e+05	-5.068825e-02	1.353611e-01	0.000000e+00	-1.177095e+03	1.369625e+05
5.319300e-01	1.219734e+05	-5.084944e-02	1.355437e-01	0.000000e+00	-5.589736e+03	1.275632e+05
5.331200e-01	1.312509e+05	-5.101084e-02	1.357230e-01	0.000000e+00	-3.004979e+03	1.342559e+05
5.343100e-01	1.293399e+05	-5.117246e-02	1.359075e-01	0.000000e+00	-2.991359e+03	1.323313e+05
5.355000e-01	1.401932e+05	-5.133430e-02	1.360984e-01	0.000000e+00	-5.425980e+03	1.456192e+05
5.366900e-01	1.497424e+05	-5.149638e-02	1.363037e-01	0.000000e+00	-2.966495e+03	1.527089e+05
5.378800e-01	1.406738e+05	-5.165870e-02	1.365094e-01	0.000000e+00	-1.171770e+03	1.418456e+05
5.390700e-01	1.307005e+05	-5.182127e-02	1.367016e-01	0.000000e+00	-1.884518e+03	1.325850e+05
5.402600e-01	1.379748e+05	-5.198405e-02	1.368918e-01	0.000000e+00	-1.090441e+03	1.390653e+05
5.414500e-01	1.388893e+05	-5.214707e-02	1.370879e-01	0.000000e+00	-3.446501e+03	1.423358e+05
5.426400e-01	1.239517e+05	-5.231032e-02	1.372740e-01	0.000000e+00	-1.798275e+03	1.257500e+05
5.438300e-01	1.224776e+05	-5.247378e-02	1.374486e-01	0.000000e+00	-2.859359e+03	1.253370e+05
5.450200e-01	1.247396e+05	-5.263745e-02	1.376236e-01	0.000000e+00	-2.580891e+03	1.273205e+05
5.462100e-01	1.393783e+05	-5.280133e-02	1.378107e-01	0.000000e+00	-1.432125e+03	1.408104e+05
5.474000e-01	1.407641e+05	-5.296544e-02	1.380091e-01	0.000000e+00	-2.549886e+03	1.433140e+05
5.485900e-01	1.486591e+05	-5.312979e-02	1.382140e-01	0.000000e+00	-3.290234e+03	1.519494e+05
5.497800e-01	1.349265e+05	-5.329439e-02	1.384148e-01	0.000000e+00	-1.496927e+03	1.364234e+05
5.509700e-01	1.251444e+05	-5.345922e-02	1.385990e-01	0.000000e+00	-1.415003e+03	1.265594e+05
5.521600e-01	1.345063e+05	-5.362426e-02	1.387829e-01	0.000000e+00	-3.530894e+03	1.380372e+05
5.533500e-01	1.402393e+05	-5.378952e-02	1.389775e-01	0.000000e+00	-5.085942e+03	1.453253e+05
5.545400e-01	1.526737e+05	-5.395502e-02	1.391849e-01	0.000000e+00	-3.042279e+03	1.557160e+05
5.557300e-01	1.548630e+05	-5.412078e-02	1.394027e-01	0.000000e+00	-3.515595e+03	1.583786e+05
5.569200e-01	1.429548e+05	-5.428680e-02	1.396136e-01	0.000000e+00	-2.887656e+03	1.458425e+05
5.581100e-01	1.236639e+05	-5.445306e-02	1.398024e-01	0.000000e+00	-2.417535e+03	1.260814e+05
5.593000e-01	1.403545e+05	-5.461953e-02	1.399894e-01	0.000000e+00	-2.379299e+03	1.427338e+05
5.604900e-01	1.389457e+05	-5.478624e-02	1.401871e-01	0.000000e+00	-3.467282e+03	1.424130e+05
5.616800e-01	1.333946e+05	-5.495318e-02	1.403800e-01	0.000000e+00	-5.238104e+03	1.386327e+05
5.628700e-01	1.515285e+05	-5.512034e-02	1.405818e-01	0.000000e+00	-2.643345e+03	1.541719e+05
5.640600e-01	1.469361e+05	-5.528776e-02	1.407931e-01	0.000000e+00	-5.115176e+02	1.474476e+05
5.652500e-01	1.313117e+05	-5.545543e-02	1.409902e-01	0.000000e+00	-2.509671e+03	1.338213e+05
5.664400e-01	1.379271e+05	-5.562332e-02	1.411809e-01	0.000000e+00	-1.692009e+03	1.396191e+05
5.676300e-01	1.524950e+05	-5.579144e-02	1.413865e-01	0.000000e+00	-2.048238e+03	1.545432e+05
5.688200e-01	1.300938e+05	-5.595982e-02	1.415866e-01	0.000000e+00	-8.173999e+02	1.309112e+05
5.700100e-01	1.346824e+05	-5.612841e-02	1.417741e-01	0.000000e+00	-9.015843e+02	1.355840e+05
5.712000e-01	1.339952e+05	-5.629724e-02	1.419644e-01	0.000000e+00	-1.074335e+03	1.350695e+05
5.723900e-01	1.442049e+05	-5.646629e-02	1.421614e-01	0.000000e+00	-2.588379e+03	1.467932e+05
5.735800e-01	1.403733e+05	-5.663558e-02	1.423630e-01	0.000000e+00	-3.494434e+03	1.438677e+05
5.747700e-01	1.436909e+05	-5.680511e-02	1.425641e-01	0.000000e+00	-2.597897e+02	1.439507e+05
5.759600e-01	1.359079e+05	-5.697489e-02	1.427621e-01	0.000000e+00	-1.285485e+03	1.371934e+05
5.771500e-01	1.282168e+05	-5.714489e-02	1.429492e-01	0.000000e+00	-1.886998e+03	1.301038e+05
5.783400e-01	1.254740e+05	-5.731510e-02	1.431288e-01	0.000000e+00	-2.859039e+03	1.283330e+05
5.795300e-01	1.406308e+05	-5.748553e-02	1.433173e-01	0.000000e+00	-3.570719e+03	1.442015e+05
5.807200e-01	1.570809e+05	-5.765620e-02	1.435281e-01	0.000000e+00	-2.122486e+03	1.592034e+05
5.819100e-01	1.504386e+05	-5.782713e-02	1.437459e-01	0.000000e+00	-2.301197e+03	1.527398e+05
5.831000e-01	1.457646e+05	-5.799831e-02	1.439556e-01	0.000000e+00	-1.898943e+03	1.476636e+05
5.842900e-01	1.276774e+05	-5.816974e-02	1.441493e-01	0.000000e+00	-3.657726e+03	1.313351e+05
5.854800e-01	1.381844e+05	-5.834139e-02	1.443375e-01	0.000000e+00	-2.257076e+03	1.404415e+05
5.866700e-01	1.452089e+05	-5.851327e-02	1.445382e-01	0.000000e+00	-2.230131e+03	1.474390e+05
5.878600e-01	1.337800e+05	-5.868539e-02	1.447358e-01	0.000000e+00	-2.306222e+03	1.360862e+05
5.890500e-01	1.344322e+05	-5.885774e-02	1.449257e-01	0.000000e+00	-1.068638e+03	1.355008e+05
5.902400e-01	1.442905e+05	-5.903031e-02	1.451231e-01	0.000000e+00	-8.669789e+02	1.451575e+05
5.914300e-01	1.480853e+05	-5.920313e-02	1.453302e-01	0.000000e+00	-8.750008e+02	1.489603e+05
5.926200e-01	1.515526e+05	-5.937620e-02	1.455424e-01	0.000000e+00	-1.646008e+03	1.531986e+05
5.938100e-01	1.440348e+05	-5.954952e-02	1.457517e-01	0.000000e+00	-1.618599e+03	1.456534e+05
5.950000e-01	1.290066e+05	-5.972309e-02	1.459450e-01	0.000000e+00	-2.393788e+03	1.314004e+05
5.961900e-01	1.322125e+05	-5.989687e-02	1.461300e-01	0.000000e+00	-4.151161e+03	1.363637e+05
5.973800e-01	1.473772e+05	-6.007088e-02	1.463280e-01	0.000000e+00	-3.428426e+03	1.508056e+05
5.985700e-01	1.278674e+05	-6.024513e-02	1.465229e-01	0.000000e+00	-3.758376e+03	1.316258e+05
5.997600e-01	1.262795e+05	-6.041960e-02	1.467029e-01	0.000000e+00	-2.525797e+03	1.288053e+05
6.009500e-01	1.406783e+05	-6.059429e-02	1.468920e-01	0.000000e+00	-1.185362e+03	1.418636e+05
6.021400e-01	1.477829e+05	-6.076921e-02	1.470963e-01	0.000000e+00	-3.200298e+03	1.509832e+05
6.033300e-01	1.480751e+05	-6.094438e-02	1.473058e-01	0.000000e+00	-2.996150e+03	1.510713e+05
6.045200e-01	1.517798e+05	-6.111979e-02	1.475181e-01	0.000000e+00	-2.542677e+03	1.543225e+05
6.057100e-01	1.247118e+05	-6.129547e-02	1.477139e-01	0.000000e+00	-2.541473e+03	1.272532e+05
6.069000e-01	1.362905e+05	-6.147135e-02	1.478988e-01	0.000000e+00	-2.955596e+03	1.392460e+05
6.080900e-01	1.475721e+05	-6.164747e-02	1.480998e-01	0.000000e+00	-2.760580e+03	1.503327e+05
6.092800e-01	1.384014e+05	-6.182383e-02	1.483023e-01	0.000000e+00	-8.361488e+02	1.392376e+05
6.104700e-01	1.400668e+05	-6.200043e-02	1.484995e-01	0.000000e+00	-1.252125e+03	1.413190e+05
6.116600e-01	1.524565e+05	-6.217726e-02	1.487066e-01	0.000000e+00	-5.089046e+02	1.529654e+05
6.128500e-01	1.425709e+05	-6.235435e-02	1.489156e-01	0.000000e+00	-1.477712e+03	1.440486e+05
6.140400e-01	1.390413e+05	-6.253168e-02	1.491150e-01	0.000000e+00	-1.825806e+03	1.408671e+05
6.152300e-01	1.264173e+05	-6.270924e-02	1.493030e-01	0.000000e+00	-3.117350e+03	1.295347e+05
6.164200e-01	1.432046e+05	-6.288702e-02	1.494939e-01	0.000000e+00	-1.933243e+03	1.451378e+05
6.176100e-01	1.543079e+05	-6.306504e-02	1.497046e-01	0.000000e+00	-9.263324e+02	1.552342e+05
6.188000e-01	1.377042e+05	-6.324332e-02	1.499114e-01	0.000000e+00	-4.280842e+03	1.419851e+05
6.199900e-01	1.443937e+05	-6.342183e-02	1.501112e-01	0.000000e+00	-2.802478e+03	1.471962e+05
6.211800e-01	1.363567e+05	-6.360058e-02	1.503100e-01	0.000000e+00	-1.286881e+03	1.376436e+05
6.223700e-01	1.277615e+05	-6.377956e-02	1.504970e-01	0.000000e+00	-1.801822e+03	1.295633e+05
6.235600e-01	1.475054e+05	-6.395876e-02	1.506920e-01	0.000000e+00	-9.036117e+02	1.484090e+05
6.247500e-01	1.350090e+05	-6.413821e-02	1.508920e-01	0.000000e+00	-4.090601e+03	1.390996e+05
6.259400e-01	1.472915e+05	-6.431789e-02	1.510920e-01	0.000000e+00	-4.263711e+03	1.515552e+05
6.271300e-01	1.504854e+05	-6.449781e-02	1.513028e-01	0.000000e+00	-2.399648e+03	1.528851e+05
6.283200e-01	1.429642e+05	-6.467799e-02	1.515106e-01	0.000000e+00	-3.845348e+03	1.468096e+05
6.295100e-01	1.207559e+05	-6.485841e-02	1.516974e-01	0.000000e+00	-2.760299e+03	1.235162e+05
6.307000e-01	1.342820e+05	-6.503903e-02	1.518780e-01	0.000000e+00	-2.030990e+03	1.363130e+05
6.318900e-01	1.254390e+05	-6.521988e-02	1.520619e-01	0.000000e+00	-4.163976e+03	1.296030e+05
6.330800e-01	1.247988e+05	-6.540093e-02	1.522391e-01	0.000000e+00	-3.148171e+03	1.279470e+05
6.342700e-01	1.428757e+05	-6.558220e-02	1.524287e-01	0.000000e+00	-1.533588e+03	1.444093e+05
6.354600e-01	1.463124e+05	-6.576372e-02	1.526335e-01	0.000000e+00	-2.901686e+03	1.492141e+05
6.366500e-01	1.437767e+05	-6.594547e-02	1.528389e-01	0.000000e+00	-1.972069e+03	1.457488e+05
6.378400e-01	1.355788e+05	-6.612747e-02	1.530367e-01	0.000000e+00	-6.815636e+02	1.362603e+05
6.390300e-01	1.366019e+05	-6.630970e-02	1.532295e-01	0.000000e+00	-1.237716e+03	1.378396e+05
6.402200e-01	1.364933e+05	-6.649216e-02	1.534229e-01	0.000000e+00	-2.679613e+03	1.391729e+05
6.414100e-01	1.386204e+05	-6.667485e-02	1.536177e-01	0.000000e+00	-1.036569e+03	1.396569e+05
6.426000e-01	1.415008e+05	-6.685777e-02	1.538161e-01	0.000000e+00	-6.051002e+03	1.475518e+05
6.437900e-01	1.248031e+05	-6.704093e-02	1.540047e-01	0.000000e+00	-2.557016e+03	1.273601e+05
6.449800e-01	1.379615e+05	-6.722430e-02	1.541908e-01	0.000000e+00	-9.190772e+02	1.388806e+05
6.461700e-01	1.450184e+05	-6.740790e-02	1.543912e-01	0.000000e+00	-5.746345e+02	1.455930e+05
6.473600e-01	1.264491e+05	-6.759175e-02	1.545834e-01	0.000000e+00	-2.018496e+03	1.284676e+05
6.485500e-01	1.314002e+05	-6.777581e-02	1.547660e-01	0.000000e+00	-1.791288e+03	1.331915e+05
6.497400e-01	1.413035e+05	-6.796009e-02	1.549591e-01	0.000000e+00	-1.431885e+03	1.427354e+05
6.509300e-01	1.327447e+05	-6.814461e-02	1.551532e-01	0.000000e+00	-1.904703e+03	1.346494e+05
6.521200e-01	1.409462e+05	-6.832936e-02	1.553470e-01	0.000000e+00	-3.653524e+03	1.445998e+05
6.533100e-01	1.558899e+05	-6.851434e-02	1.555572e-01	0.000000e+00	-2.157740e+03	1.580476e+05
6.545000e-01	1.367668e+05	-6.869958e-02	1.557645e-01	0.000000e+00	-1.180412e+03	1.379472e+05
6.556900e-01	1.502454e+05	-6.888506e-02	1.559677e-01	0.000000e+00	-1.339353e+03	1.515847e+05
6.568800e-01	1.473912e+05	-6.907079e-02	1.561785e-01	0.000000e+00	-4.448841e+02	1.478360e+05
6.580700e-01	1.331656e+05	-6.925676e-02	1.563772e-01	0.000000e+00	-2.371048e+03	1.355366e+05
6.592600e-01	1.406731e+05	-6.944296e-02	1.565711e-01	0.000000e+00	-2.419274e+03	1.430923e+05
6.604500e-01	1.434965e+05	-6.962940e-02	1.567723e-01	0.000000e+00	-2.375412e+02	1.437340e+05
6.616400e-01	1.374259e+05	-6.981608e-02	1.569713e-01	0.000000e+00	-1.780027e+03	1.392060e+05
6.628300e-01	1.161101e+05	-7.000299e-02	1.571508e-01	0.000000e+00	-5.714248e+03	1.218244e+05
6.640200e-01	1.363716e+05	-7.019010e-02	1.573296e-01	0.000000e+00	-2.504207e+03	1.388758e+05
6.652100e-01	1.447379e+05	-7.037744e-02	1.575287e-01	0.000000e+00	-4.458969e+03	1.491968e+05
6.664000e-01	1.552913e+05	-7.056502e-02	1.577412e-01	0.000000e+00	-5.124732e+03	1.604161e+05
6.675900e-01	1.445214e+05	-7.075286e-02	1.579535e-01	0.000000e+00	-5.627904e+03	1.501493e+05
6.687800e-01	1.438168e+05	-7.094095e-02	1.581577e-01	0.000000e+00	-3.333908e+03	1.471507e+05
6.699700e-01	1.342753e+05	-7.112928e-02	1.583546e-01	0.000000e+00	-4.890761e+03	1.391661e+05
6.711600e-01	1.474798e+05	-7.131783e-02	1.585541e-01	0.000000e+00	-2.490178e+03	1.499700e+05
6.723500e-01	1.474817e+05	-7.150664e-02	1.587630e-01	0.000000e+00	-3.363131e+03	1.508448e+05
6.735400e-01	1.237227e+05	-7.169569e-02	1.589551e-01	0.000000e+00	-2.362508e+03	1.260853e+05
6.747300e-01	1.303076e+05	-7.188495e-02	1.591350e-01	0.000000e+00	-2.608186e+03	1.329157e+05
6.759200e-01	1.545162e+05	-7.207443e-02	1.593367e-01	0.000000e+00	-2.870783e+03	1.573869e+05
6.771100e-01	1.535836e+05	-7.226417e-02	1.595549e-01	0.000000e+00	-1.560183e+03	1.551438e+05
6.783000e-01	1.346502e+05	-7.245417e-02	1.597590e-01	0.000000e+00	-2.944687e+03	1.375949e+05
6.794900e-01	1.307681e+05	-7.264440e-02	1.599469e-01	0.000000e+00	-2.675495e+03	1.334436e+05
6.806800e-01	1.480091e+05	-7.283484e-02	1.601444e-01	0.000000e+00	-3.016543e+03	1.510257e+05
6.818700e-01	1.507359e+05	-7.302554e-02	1.603559e-01	0.000000e+00	-1.956809e+03	1.526927e+05
6.830600e-01	1.638115e+05	-7.321649e-02	1.605787e-01	0.000000e+00	-7.890212e+02	1.646005e+05
6.842500e-01	1.411233e+05	-7.340772e-02	1.607946e-01	0.000000e+00	-8.580317e+02	1.419813e+05
6.854400e-01	1.468620e+05	-7.359918e-02	1.609985e-01	0.000000e+00	-2.979739e+03	1.498418e+05
6.866300e-01	1.353747e+05	-7.379090e-02	1.611984e-01	0.000000e+00	-6.142620e+03	1.415173e+05
6.878200e-01	1.568639e+05	-7.398284e-02	1.614054e-01	0.000000e+00	-1.138360e+03	1.580022e+05
6.890100e-01	1.466396e+05	-7.417504e-02	1.616203e-01	0.000000e+00	-3.745644e+02	1.470141e+05
6.902000e-01	1.439115e+05	-7.436749e-02	1.618261e-01	0.000000e+00	-4.657717e+02	1.443772e+05
6.913900e-01	1.299973e+05	-7.456019e-02	1.620200e-01	0.000000e+00	-1.084043e+03	1.310813e+05
6.925800e-01	1.442441e+05	-7.475310e-02	1.622142e-01	0.000000e+00	-2.202530e+03	1.464466e+05
6.937700e-01	1.299302e+05	-7.494626e-02	1.624084e-01	0.000000e+00	-1.291052e+03	1.312213e+05
6.949600e-01	1.318115e+05	-7.513963e-02	1.625938e-01	0.000000e+00	-1.845711e+03	1.336572e+05
6.961500e-01	1.465849e+05	-7.533323e-02	1.627909e-01	0.000000e+00	-1.574719e+03	1.481596e+05
6.973400e-01	1.251814e+05	-7.552707e-02	1.629834e-01	0.000000e+00	-6.908897e+02	1.258722e+05
6.985300e-01	1.308978e+05	-7.572113e-02	1.631647e-01	0.000000e+00	-2.767536e+03	1.336653e+05
6.997200e-01	1.419263e+05	-7.591541e-02	1.633579e-01	0.000000e+00	-2.221546e+03	1.441479e+05
7.009100e-01	1.415197e+05	-7.610992e-02	1.635586e-01	0.000000e+00	-2.079375e+03	1.435990e+05
7.021000e-01	1.383509e+05	-7.630468e-02	1.637568e-01	0.000000e+00	-2.726961e+03	1.410779e+05
7.032900e-01	1.535260e+05	-7.649966e-02	1.639635e-01	0.000000e+00	-2.318130e+03	1.558442e+05
7.044800e-01	1.207873e+05	-7.669491e-02	1.641578e-01	0.000000e+00	-1.777448e+03	1.225647e+05
7.056700e-01	1.359012e+05	-7.689036e-02	1.643396e-01	0.000000e+00	-1.238136e+03	1.371393e+05
7.068600e-01	1.431514e+05	-7.708604e-02	1.645372e-01	0.000000e+00	-3.266242e+03	1.464176e+05
7.080500e-01	1.500496e+05	-7.728196e-02	1.647448e-01	0.000000e+00	-2.355519e+03	1.524051e+05
7.092400e-01	1.379191e+05	-7.747813e-02	1.649487e-01	0.000000e+00	-2.821551e+03	1.407407e+05
7.104300e-01	1.313606e+05	-7.767453e-02	1.651394e-01	0.000000e+00	-1.439218e+03	1.327998e+05
7.116200e-01	1.236292e+05	-7.787116e-02	1.653200e-01	0.000000e+00	-1.803020e+03	1.254322e+05
7.128100e-01	1.465040e+05	-7.806800e-02	1.655113e-01	0.000000e+00	-9.951700e+02	1.474991e+05
7.140000e-01	1.466411e+05	-7.826508e-02	1.657189e-01	0.000000e+00	-1.874594e+03	1.485157e+05
7.151900e-01	1.403355e+05	-7.846241e-02	1.659221e-01	0.000000e+00	-9.362604e+02	1.412718e+05
7.163800e-01	1.321219e+05	-7.865997e-02	1.661151e-01	0.000000e+00	-3.682772e+03	1.358047e+05
7.175700e-01	1.440141e+05	-7.885776e-02	1.663106e-01	0.000000e+00	-1.108350e+03	1.451224e+05
7.187600e-01	1.610478e+05	-7.905579e-02	1.665267e-01	0.000000e+00	-1.316568e+03	1.623644e+05
7.199500e-01	1.166795e+05	-7.925409e-02	1.667233e-01	0.000000e+00	-1.777923e+03	1.184575e+05
7.211400e-01	1.240906e+05	-7.945259e-02	1.668938e-01	0.000000e+00	-2.545713e+03	1.266363e+05
7.223300e-01	1.368953e+05	-7.965130e-02	1.670787e-01	0.000000e+00	-3.051162e+03	1.399465e+05
7.235200e-01	1.608979e+05	-7.985024e-02	1.672896e-01	0.000000e+00	-3.230688e+03	1.641286e+05
7.247100e-01	1.615942e+05	-8.004945e-02	1.675179e-01	0.000000e+00	-2.796936e+02	1.618738e+05
7.259000e-01	1.420149e+05	-8.024893e-02	1.677329e-01	0.000000e+00	-1.461530e+03	1.434765e+05
7.270900e-01	1.384311e+05	-8.044866e-02	1.679315e-01	0.000000e+00	-3.431173e+03	1.418623e+05
7.282800e-01	1.267632e+05	-8.064861e-02	1.681193e-01	0.000000e+00	-1.393544e+03	1.281567e+05
7.294700e-01	1.276540e+05	-8.084878e-02	1.682995e-01	0.000000e+00	-1.276778e+03	1.289307e+05
7.306600e-01	1.331681e+05	-8.104916e-02	1.684842e-01	0.000000e+00	-3.422044e+02	1.335103e+05
7.318500e-01	1.307084e+05	-8.124977e-02	1.686711e-01	0.000000e+00	-1.552615e+03	1.322610e+05
7.330400e-01	1.360007e+05	-8.145060e-02	1.688600e-01	0.000000e+00	-2.154147e+03	1.381549e+05
7.342300e-01	1.447562e+05	-8.165166e-02	1.690588e-01	0.000000e+00	-1.903632e+03	1.466598e+05
7.354200e-01	1.324867e+05	-8.185296e-02	1.692551e-01	0.000000e+00	-3.541884e+03	1.360286e+05
7.366100e-01	1.395256e+05	-8.205449e-02	1.694477e-01	0.000000e+00	-1.835631e+03	1.413612e+05
7.378000e-01	1.322305e+05	-8.225625e-02	1.696402e-01	0.000000e+00	-2.115264e+03	1.343458e+05
7.389900e-01	1.179785e+05	-8.245823e-02	1.698174e-01	0.000000e+00	-1.125207e+03	1.191037e+05
7.401800e-01	1.296663e+05	-8.266041e-02	1.699928e-01	0.000000e+00	-1.381701e+03	1.310481e+05
7.413700e-01	1.381066e+05	-8.286281e-02	1.701824e-01	0.000000e+00	-3.809092e+03	1.419157e+05
7.425600e-01	1.480003e+05	-8.306545e-02	1.703850e-01	0.000000e+00	-8.540813e+02	1.488544e+05
7.437500e-01	1.382728e+05	-8.326833e-02	1.705877e-01	0.000000e+00	-1.462089e+03	1.397349e+05
7.449400e-01	1.463716e+05	-8.347144e-02	1.707893e-01	0.000000e+00	-2.230165e+03	1.486017e+05
7.461300e-01	1.456102e+05	-8.367481e-02	1.709961e-01	0.000000e+00	-2.836251e+03	1.484465e+05
7.473200e-01	1.509121e+05	-8.387842e-02	1.712061e-01	0.000000e+00	-2.742570e+03	1.536547e+05
7.485100e-01	1.249588e+05	-8.408228e-02	1.714014e-01	0.000000e+00	-2.183266e+03	1.271421e+05
7.497000e-01	1.321611e+05	-8.428635e-02	1.715835e-01	0.000000e+00	-2.087805e+03	1.342489e+05
7.508900e-01	1.446844e+05	-8.449065e-02	1.717796e-01	0.000000e+00	-1.094777e+03	1.457791e+05
7.520800e-01	1.320420e+05	-8.469519e-02	1.719755e-01	0.000000e+00	-1.255016e+03	1.332970e+05
7.532700e-01	1.451477e+05	-8.489995e-02	1.721718e-01	0.000000e+00	-6.141256e+02	1.457618e+05
7.544600e-01	1.372810e+05	-8.510495e-02	1.723718e-01	0.000000e+00	-3.040357e+03	1.403214e+05
7.556500e-01	1.500900e+05	-8.531019e-02	1.725753e-01	0.000000e+00	-1.706223e+03	1.517963e+05
7.568400e-01	1.493888e+05	-8.551568e-02	1.727874e-01	0.000000e+00	-3.121240e+03	1.525101e+05
7.580300e-01	1.419928e+05	-8.572143e-02	1.729938e-01	0.000000e+00	-3.164773e+03	1.451576e+05
7.592200e-01	1.363111e+05	-8.592741e-02	1.731908e-01	0.000000e+00	-2.297114e+03	1.386083e+05
7.604100e-01	1.339824e+05	-8.613362e-02	1.733823e-01	0.000000e+00	-2.574062e+03	1.365565e+05
7.616000e-01	1.436850e+05	-8.634006e-02	1.735789e-01	0.000000e+00	-3.929098e+03	1.476141e+05
7.627900e-01	1.342551e+05	-8.654674e-02	1.737757e-01	0.000000e+00	-1.718214e+03	1.359733e+05
7.639800e-01	1.357846e+05	-8.675365e-02	1.739669e-01	0.000000e+00	-1.509245e+02	1.359355e+05
7.651700e-01	1.340553e+05	-8.696078e-02	1.741580e-01	0.000000e+00	-4.324794e+02	1.344878e+05
7.663600e-01	1.447428e+05	-8.716814e-02	1.743555e-01	0.000000e+00	-2.343333e+03	1.470861e+05
7.675500e-01	1.472510e+05	-8.737575e-02	1.745623e-01	0.000000e+00	-2.999769e+03	1.502508e+05
7.687400e-01	1.472286e+05	-8.758360e-02	1.747708e-01	0.000000e+00	-9.471074e+02	1.481758e+05
7.699300e-01	1.302545e+05	-8.779170e-02	1.749673e-01	0.000000e+00	-1.317404e+03	1.315719e+05
7.711200e-01	1.402786e+05	-8.800002e-02	1.751589e-01	0.000000e+00	-1.872644e+03	1.421513e+05
7.723100e-01	1.373157e+05	-8.820858e-02	1.753555e-01	0.000000e+00	-1.851969e+03	1.391677e+05
7.735000e-01	1.450718e+05	-8.841737e-02	1.755554e-01	0.000000e+00	-3.284695e+01	1.451046e+05
7.746900e-01	1.305665e+05	-8.862640e-02	1.757506e-01	0.000000e+00	-3.284310e+03	1.338508e+05
7.758800e-01	1.326940e+05	-8.883565e-02	1.759371e-01	0.000000e+00	-2.757224e+03	1.354512e+05
7.770700e-01	1.397516e+05	-8.904513e-02	1.761300e-01	0.000000e+00	-1.123516e+03	1.408751e+05
7.782600e-01	1.487510e+05	-8.925484e-02	1.763343e-01	0.000000e+00	-2.319760e+03	1.510708e+05
7.794500e-01	1.404137e+05	-8.946481e-02	1.765391e-01	0.000000e+00	-2.461885e+03	1.428756e+05
7.806400e-01	1.439635e+05	-8.967501e-02	1.767405e-01	0.000000e+00	-1.840148e+03	1.458036e+05
7.818300e-01	1.201504e+05	-8.988545e-02	1.769275e-01	0.000000e+00	-3.056434e+03	1.232068e+05
7.830200e-01	1.420271e+05	-9.009609e-02	1.771132e-01	0.000000e+00	-7.709340e+02	1.427980e+05
7.842100e-01	1.454266e+05	-9.030698e-02	1.773167e-01	0.000000e+00	0.000000e+00	1.454266e+05
7.854000e-01	1.472902e+05	-9.051811e-02	1.775240e-01	0.000000e+00	-4.418448e+02	1.477320e+05
7.865900e-01	1.351179e+05	-9.072949e-02	1.777240e-01	0.000000e+00	-9.068781e+02	1.360247e+05
7.877800e-01	1.285675e+05	-9.094109e-02	1.779108e-01	0.000000e+00	-1.059262e+03	1.296268e+05
7.889700e-01	1.386686e+05	-9.115291e-02	1.781000e-01	0.000000e+00	-7.015131e+02	1.393701e+05
7.901600e-01	1.438072e+05	-9.136497e-02	1.783000e-01	0.000000e+00	-1.354561e+03	1.451618e+05
7.913500e-01	1.404506e+05	-9.157727e-02	1.785013e-01	0.000000e+00	-2.718343e+03	1.431689e+05
7.925400e-01	1.376796e+05	-9.178980e-02	1.786983e-01	0.000000e+00	-4.795585e+03	1.424752e+05
7.937300e-01	1.311657e+05	-9.200257e-02	1.788887e-01	0.000000e+00	-2.152494e+03	1.333182e+05
7.949200e-01	1.352528e+05	-9.221556e-02	1.790774e-01	0.000000e+00	-2.973252e+03	1.382261e+05
7.961100e-01	1.485893e+05	-9.242877e-02	1.792784e-01	0.000000e+00	-3.301086e+03	1.518903e+05
7.973000e-01	1.565066e+05	-9.264224e-02	1.794944e-01	0.000000e+00	-2.284256e+03	1.587908e+05
7.984900e-01	1.358614e+05	-9.285597e-02	1.797015e-01	0.000000e+00	-7.419904e+02	1.366034e+05
7.996800e-01	1.382504e+05	-9.306993e-02	1.798956e-01	0.000000e+00	-1.657564e+03	1.399080e+05
8.008700e-01	1.404380e+05	-9.328412e-02	1.800929e-01	0.000000e+00	-6.961085e+02	1.411341e+05
8.020600e-01	1.415982e+05	-9.349855e-02	1.802927e-01	0.000000e+00	-4.446835e+02	1.420429e+05
8.032500e-01	1.440291e+05	-9.371322e-02	1.804949e-01	0.000000e+00	-1.184500e+03	1.452136e+05
8.044400e-01	1.386753e+05	-9.392813e-02	1.806951e-01	0.000000e+00	-1.569091e+03	1.402444e+05
8.056300e-01	1.304507e+05	-9.414327e-02	1.808857e-01	0.000000e+00	-9.159530e+02	1.313667e+05
8.068200e-01	1.249145e+05	-9.435864e-02	1.810666e-01	0.000000e+00	-1.643196e+03	1.265577e+05
8.080100e-01	1.312711e+05	-9.457421e-02	1.812480e-01	0.000000e+00	-1.779493e+03	1.330506e+05
8.092000e-01	1.501580e+05	-9.479001e-02	1.814473e-01	0.000000e+00	-2.256264e+03	1.524143e+05
8.103900e-01	1.444545e+05	-9.500606e-02	1.816559e-01	0.000000e+00	-1.680611e+03	1.461351e+05
8.115800e-01	1.202601e+05	-9.522235e-02	1.818434e-01	0.000000e+00	-5.759382e+02	1.208361e+05
8.127700e-01	1.217378e+05	-9.543884e-02	1.820148e-01	0.000000e+00	-2.422642e+03	1.241604e+05
8.139600e-01	1.437994e+05	-9.565554e-02	1.822028e-01	0.000000e+00	-1.462895e+03	1.452623e+05
8.151500e-01	1.520599e+05	-9.587249e-02	1.824123e-01	0.000000e+00	-3.456427e+03	1.555163e+05
8.163400e-01	1.271253e+05	-9.608968e-02	1.826100e-01	0.000000e+00	-2.114790e+03	1.292401e+05
8.175300e-01	1.401220e+05	-9.630710e-02	1.827993e-01	0.000000e+00	-1.009730e+03	1.411317e+05
8.187200e-01	1.508273e+05	-9.652475e-02	1.830053e-01	0.000000e+00	-2.333418e+03	1.531607e+05
8.199100e-01	1.586693e+05	-9.674265e-02	1.832245e-01	0.000000e+00	-2.323720e+03	1.609930e+05
8.211000e-01	1.440135e+05	-9.696082e-02	1.834388e-01	0.000000e+00	-8.234213e+02	1.448369e+05
8.222900e-01	1.479174e+05	-9.717923e-02	1.836456e-01	0.000000e+00	-3.198136e+02	1.482372e+05
8.234800e-01	1.517991e+05	-9.739790e-02	1.838578e-01	0.000000e+00	-1.556697e+03	1.533558e+05
8.246700e-01	1.541771e+05	-9.761682e-02	1.840745e-01	0.000000e+00	-1.873032e+03	1.560501e+05
8.258600e-01	1.459445e+05	-9.783599e-02	1.842870e-01	0.000000e+00	-2.093509e+03	1.480380e+05
8.270500e-01	1.334680e+05	-9.805542e-02	1.844849e-01	0.000000e+00	-2.308994e+03	1.357770e+05
8.282400e-01	1.458123e+05	-9.827507e-02	1.846827e-01	0.000000e+00	-8.894269e+02	1.467017e+05
8.294300e-01	1.538896e+05	-9.849496e-02	1.848949e-01	0.000000e+00	-1.916711e+03	1.558063e+05
8.306200e-01	1.507487e+05	-9.871512e-02	1.851107e-01	0.000000e+00	-8.065223e+02	1.515552e+05
8.318100e-01	1.488048e+05	-9.893553e-02	1.853228e-01	0.000000e+00	-6.796166e+02	1.494844e+05
8.330000e-01	1.324706e+05	-9.915619e-02	1.855220e-01	0.000000e+00	-3.633482e+03	1.361041e+05
8.341900e-01	1.453822e+05	-9.937707e-02	1.857188e-01	0.000000e+00	-3.245112e+03	1.486273e+05
8.353800e-01	1.570646e+05	-9.959820e-02	1.859329e-01	0.000000e+00	-3.564730e+03	1.606293e+05
8.365700e-01	1.520542e+05	-9.981959e-02	1.861518e-01	0.000000e+00	-1.482101e+03	1.535363e+05
8.377600e-01	1.438546e+05	-1.000412e-01	1.863614e-01	0.000000e+00	-3.044633e+03	1.468993e+05
8.389500e-01	1.347058e+05	-1.002631e-01	1.865587e-01	0.000000e+00	-2.325724e+03	1.370315e+05
8.401400e-01	1.291970e+05	-1.004852e-01	1.867455e-01	0.000000e+00	-5.119961e+02	1.297090e+05
8.413300e-01	1.394803e+05	-1.007076e-01	1.869358e-01	0.000000e+00	-1.488971e+03	1.409693e+05
8.425200e-01	1.471417e+05	-1.009302e-01	1.871388e-01	0.000000e+00	-1.872373e+03	1.490141e+05
8.437100e-01	1.329411e+05	-1.011530e-01	1.873371e-01	0.000000e+00	-2.360851e+03	1.353020e+05
8.449000e-01	1.339892e+05	-1.013760e-01	1.875262e-01	0.000000e+00	-2.074309e+03	1.360635e+05
8.460900e-01	1.373748e+05	-1.015993e-01	1.877183e-01	0.000000e+00	-1.255033e+03	1.386298e+05
8.472800e-01	1.344453e+05	-1.018228e-01	1.879108e-01	0.000000e+00	-1.204322e+03	1.356496e+05
8.484700e-01	1.334217e+05	-1.020465e-01	1.881005e-01	0.000000e+00	-6.685108e+02	1.340902e+05
8.496600e-01	1.512936e+05	-1.022705e-01	1.883022e-01	0.000000e+00	-7.012821e+02	1.519949e+05
8.508500e-01	1.556424e+05	-1.024947e-01	1.885195e-01	0.000000e+00	-9.812299e+02	1.566237e+05
8.520400e-01	1.500241e+05	-1.027191e-01	1.887360e-01	0.000000e+00	-1.222706e+03	1.512468e+05
8.532300e-01	1.319720e+05	-1.029439e-01	1.889357e-01	0.000000e+00	-4.561270e+02	1.324281e+05
8.544200e-01	1.569655e+05	-1.031688e-01	1.891403e-01	0.000000e+00	0.000000e+00	1.569655e+05
8.556100e-01	1.444897e+05	-1.033940e-01	1.893538e-01	0.000000e+00	-6.871784e+02	1.451769e+05
8.568000e-01	1.316602e+05	-1.036195e-01	1.895493e-01	0.000000e+00	-2.845800e+03	1.345060e+05
8.579900e-01	1.352897e+05	-1.038451e-01	1.897384e-01	0.000000e+00	-2.020059e+03	1.373097e+05
8.591800e-01	1.321789e+05	-1.040710e-01	1.899278e-01	0.000000e+00	-3.332598e+03	1.355115e+05
8.603700e-01	1.489245e+05	-1.042972e-01	1.901269e-01	0.000000e+00	-1.796300e+03	1.507208e+05
8.615600e-01	1.244936e+05	-1.045236e-01	1.903205e-01	0.000000e+00	-1.505833e+03	1.259994e+05
8.627500e-01	1.448390e+05	-1.047501e-01	1.905112e-01	0.000000e+00	-1.981325e+03	1.468204e+05
8.639400e-01	1.535997e+05	-1.049770e-01	1.907226e-01	0.000000e+00	-2.038672e+03	1.556384e+05
8.651300e-01	1.520214e+05	-1.052041e-01	1.909390e-01	0.000000e+00	-5.989571e+02	1.526203e+05
8.663200e-01	1.398082e+05	-1.054314e-01	1.911456e-01	0.000000e+00	0.000000e+00	1.398082e+05
8.675100e-01	1.377806e+05	-1.056590e-01	1.913422e-01	0.000000e+00	-8.770629e+02	1.386576e+05
8.687000e-01	1.242616e+05	-1.058868e-01	1.915278e-01	0.000000e+00	-2.319598e+03	1.265812e+05
8.698900e-01	1.345232e+05	-1.061148e-01	1.917111e-01	0.000000e+00	-2.132553e+03	1.366558e+05
8.710800e-01	1.327361e+05	-1.063431e-01	1.919003e-01	0.000000e+00	-1.163457e+03	1.338996e+05
8.722700e-01	1.395799e+05	-1.065715e-01	1.920932e-01	0.000000e+00	-8.373248e+02	1.404172e+05
8.734600e-01	1.366890e+05	-1.068003e-01	1.922888e-01	0.000000e+00	-6.735310e+02	1.373625e+05
8.746500e-01	1.462337e+05	-1.070292e-01	1.924892e-01	0.000000e+00	-9.934815e+02	1.472272e+05
8.758400e-01	1.425141e+05	-1.072584e-01	1.926936e-01	0.000000e+00	-1.484511e+03	1.439986e+05
8.770300e-01	1.543874e+05	-1.074878e-01	1.929039e-01	0.000000e+00	-1.337632e+03	1.557251e+05
8.782200e-01	1.298018e+05	-1.077175e-01	1.931052e-01	0.000000e+00	-1.116702e+03	1.309185e+05
8.794100e-01	1.254735e+05	-1.079474e-01	1.932859e-01	0.000000e+00	-5.095264e+02	1.259830e+05
8.806000e-01	1.406076e+05	-1.081775e-01	1.934744e-01	0.000000e+00	-2.191689e+03	1.427993e+05
8.817900e-01	1.395040e+05	-1.084079e-01	1.936727e-01	0.000000e+00	-2.858023e+03	1.423620e+05
8.829800e-01	1.441925e+05	-1.086384e-01	1.938736e-01	0.000000e+00	-1.661873e+03	1.458544e+05
8.841700e-01	1.359423e+05	-1.088693e-01	1.940720e-01	0.000000e+00	-3.747104e+03	1.396894e+05
8.853600e-01	1.375525e+05	-1.091003e-01	1.942657e-01	0.000000e+00	-1.761141e+03	1.393136e+05
8.865500e-01	1.381192e+05	-1.093316e-01	1.944609e-01	0.000000e+00	-2.388710e+03	1.405079e+05
8.877400e-01	1.282576e+05	-1.095632e-01	1.946495e-01	0.000000e+00	-2.459883e+03	1.307175e+05
8.889300e-01	1.351592e+05	-1.097949e-01	1.948361e-01	0.000000e+00	-1.814305e+03	1.369735e+05
8.901200e-01	1.388780e+05	-1.100269e-01	1.950302e-01	0.000000e+00	-1.765181e+03	1.406432e+05
8.913100e-01	1.567585e+05	-1.102591e-01	1.952395e-01	0.000000e+00	-3.251928e+03	1.600104e+05
8.925000e-01	1.260051e+05	-1.104915e-01	1.954398e-01	0.000000e+00	-6.728494e+02	1.266779e+05
8.936900e-01	1.396441e+05	-1.107242e-01	1.956279e-01	0.000000e+00	-2.603475e+03	1.422476e+05
8.948800e-01	1.548167e+05	-1.109571e-01	1.958364e-01	0.000000e+00	-1.862447e+03	1.566792e+05
8.960700e-01	1.283422e+05	-1.111903e-01	1.960369e-01	0.000000e+00	-2.582538e+03	1.309247e+05
8.972600e-01	1.531434e+05	-1.114237e-01	1.962363e-01	0.000000e+00	-1.435283e+03	1.545787e+05
8.984500e-01	1.445582e+05	-1.116573e-01	1.964471e-01	0.000000e+00	-7.086253e+02	1.452668e+05
8.996400e-01	1.367972e+05	-1.118912e-01	1.966463e-01	0.000000e+00	-6.887274e+02	1.374859e+05
9.008300e-01	1.342795e+05	-1.121254e-01	1.968383e-01	0.000000e+00	-3.180507e+02	1.345975e+05
9.020200e-01	1.469835e+05	-1.123597e-01	1.970375e-01	0.000000e+00	-2.090149e+03	1.490736e+05
9.032100e-01	1.486670e+05	-1.125943e-01	1.972469e-01	0.000000e+00	-2.517883e+03	1.511849e+05
9.044000e-01	1.390427e+05	-1.128292e-01	1.974506e-01	0.000000e+00	-2.142854e+03	1.411855e+05
9.055900e-01	1.438290e+05	-1.130642e-01	1.976509e-01	0.000000e+00	-1.248818e+03	1.450778e+05
9.067800e-01	1.377491e+05	-1.132996e-01	1.978503e-01	0.000000e+00	-9.259422e+02	1.386751e+05
9.079700e-01	1.448099e+05	-1.135351e-01	1.980504e-01	0.000000e+00	-2.535992e+03	1.473459e+05
9.091600e-01	1.230236e+05	-1.137709e-01	1.982401e-01	0.000000e+00	-3.172807e+03	1.261965e+05
9.103500e-01	1.504827e+05	-1.140069e-01	1.984338e-01	0.000000e+00	-1.963351e+03	1.524461e+05
9.115400e-01	1.431471e+05	-1.142432e-01	1.986417e-01	0.000000e+00	-1.283790e+03	1.444309e+05
9.127300e-01	1.614101e+05	-1.144797e-01	1.988574e-01	0.000000e+00	-8.628813e+02	1.622729e+05
9.139200e-01	1.469798e+05	-1.147165e-01	1.990758e-01	0.000000e+00	-2.199676e+03	1.491795e+05
9.151100e-01	1.339908e+05	-1.149535e-01	1.992748e-01	0.000000e+00	-9.615892e+02	1.349524e+05
9.163000e-01	1.362721e+05	-1.151908e-01	1.994661e-01	0.000000e+00	-1.890631e+03	1.381627e+05
9.174900e-01	1.403841e+05	-1.154282e-01	1.996621e-01	0.000000e+00	-4.392833e+02	1.408234e+05
9.186800e-01	1.435467e+05	-1.156660e-01	1.998631e-01	0.000000e+00	-6.563857e+02	1.442031e+05
9.198700e-01	1.542371e+05	-1.159039e-01	2.000740e-01	0.000000e+00	-1.169919e+03	1.554070e+05
9.210600e-01	1.472432e+05	-1.161421e-01	2.002875e-01	0.000000e+00	-1.755753e+03	1.489990e+05
9.222500e-01	1.361338e+05	-1.163806e-01	2.004882e-01	0.000000e+00	-1.380737e+03	1.375145e+05
9.234400e-01	1.399972e+05	-1.166193e-01	2.006837e-01	0.000000e+00	-1.993155e+03	1.419904e+05
9.246300e-01	1.376232e+05	-1.168582e-01	2.008803e-01	0.000000e+00	-1.794821e+03	1.394180e+05
9.258200e-01	1.349791e+05	-1.170974e-01	2.010734e-01	0.000000e+00	-1.786824e+03	1.367659e+05
9.270100e-01	1.407223e+05	-1.173368e-01	2.012686e-01	0.000000e+00	-9.654067e+02	1.416877e+05
9.282000e-01	1.462901e+05	-1.175764e-01	2.014719e-01	0.000000e+00	-2.340200e+02	1.465242e+05
9.293900e-01	1.386853e+05	-1.178163e-01	2.016737e-01	0.000000e+00	-2.206524e+03	1.408919e+05
9.305800e-01	1.498979e+05	-1.180564e-01	2.018781e-01	0.000000e+00	-1.127002e+03	1.510249e+05
9.317700e-01	1.326969e+05	-1.182968e-01	2.020782e-01	0.000000e+00	-3.319183e+03	1.360160e+05
9.329600e-01	1.466709e+05	-1.185373e-01	2.022760e-01	0.000000e+00	-1.799960e+03	1.484708e+05
9.341500e-01	1.590721e+05	-1.187782e-01	2.024925e-01	0.000000e+00	-1.325898e+03	1.603980e+05
9.353400e-01	1.490145e+05	-1.190193e-01	2.027107e-01	0.000000e+00	-1.773046e+03	1.507876e+05
9.365300e-01	1.326711e+05	-1.192606e-01	2.029102e-01	0.000000e+00	-3.185003e+03	1.358561e+05
9.377200e-01	1.373308e+05	-1.195022e-01	2.031014e-01	0.000000e+00	-8.823785e+02	1.382132e+05
9.389100e-01	1.280989e+05	-1.197440e-01	2.032894e-01	0.000000e+00	-1.273286e+03	1.293722e+05
9.401000e-01	1.533933e+05	-1.199860e-01	2.034887e-01	0.000000e+00	-9.246125e+02	1.543179e+05
9.412900e-01	1.556501e+05	-1.202283e-01	2.037076e-01	0.000000e+00	-5.142360e+02	1.561643e+05
9.424800e-01	1.488637e+05	-1.204709e-01	2.039232e-01	0.000000e+00	-2.368544e+03	1.512322e+05
9.436700e-01	1.414602e+05	-1.207136e-01	2.041288e-01	0.000000e+00	-9.928008e+02	1.424530e+05
9.448600e-01	1.218221e+05	-1.209567e-01	2.043152e-01	0.000000e+00	-1.904544e+03	1.237266e+05
9.460500e-01	1.269834e+05	-1.211999e-01	2.044914e-01	0.000000e+00	-1.746775e+03	1.287302e+05
9.472400e-01	1.298414e+05	-1.214434e-01	2.046733e-01	0.000000e+00	-5.503612e+02	1.303918e+05
9.484300e-01	1.366902e+05	-1.216870e-01	2.048621e-01	0.000000e+00	-8.789207e+02	1.375691e+05
9.496200e-01	1.371302e+05	-1.219309e-01	2.050560e-01	0.000000e+00	-8.534362e+02	1.379836e+05
9.508100e-01	1.524051e+05	-1.221751e-01	2.052610e-01	0.000000e+00	-1.314207e+03	1.537193e+05
9.520000e-01	1.480713e+05	-1.224195e-01	2.054738e-01	0.000000e+00	-3.147806e+02	1.483861e+05
9.531900e-01	1.497472e+05	-1.226641e-01	2.056847e-01	0.000000e+00	-2.967109e+02	1.500440e+05
9.543800e-01	1.355293e+05	-1.229090e-01	2.058867e-01	0.000000e+00	-1.958325e+03	1.374876e+05
9.555700e-01	1.349781e+05	-1.231541e-01	2.060783e-01	0.000000e+00	-1.108501e+03	1.360866e+05
9.567600e-01	1.363192e+05	-1.233995e-01	2.062704e-01	0.000000e+00	-8.806821e+02	1.371999e+05
9.579500e-01	1.488972e+05	-1.236450e-01	2.064724e-01	0.000000e+00	-7.977980e+02	1.496950e+05
9.591400e-01	1.448117e+05	-1.238909e-01	2.066804e-01	0.000000e+00	-8.220330e+02	1.456337e+05
9.603300e-01	1.387695e+05	-1.241369e-01	2.068812e-01	0.000000e+00	-2.981809e+02	1.390677e+05
9.615200e-01	1.480713e+05	-1.243832e-01	2.070843e-01	0.000000e+00	-9.377821e+02	1.490091e+05
9.627100e-01	1.333845e+05	-1.246298e-01	2.072837e-01	0.000000e+00	-1.622048e+03	1.350066e+05
9.639000e-01	1.438622e+05	-1.248766e-01	2.074800e-01	0.000000e+00	-5.216363e+02	1.443839e+05
9.650900e-01	1.477660e+05	-1.251236e-01	2.076865e-01	0.000000e+00	-2.163613e+03	1.499296e+05
9.662800e-01	1.437626e+05	-1.253709e-01	2.078930e-01	0.000000e+00	-2.022687e+03	1.457853e+05
9.674700e-01	1.463515e+05	-1.256184e-01	2.080984e-01	0.000000e+00	-1.538066e+01	1.463669e+05
9.686600e-01	1.398680e+05	-1.258661e-01	2.083011e-01	0.000000e+00	-1.525702e+03	1.413937e+05
9.698500e-01	1.543789e+05	-1.261141e-01	2.085095e-01	0.000000e+00	-2.015179e+03	1.563941e+05
9.710400e-01	1.442223e+05	-1.263624e-01	2.087209e-01	0.000000e+00	-2.259715e+03	1.464820e+05
9.722300e-01	1.441731e+05	-1.266109e-01	2.089252e-01	0.000000e+00	-2.187859e+03	1.463610e+05
9.734200e-01	1.455858e+05	-1.268596e-01	2.091304e-01	0.000000e+00	-4.149061e+02	1.460007e+05
9.746100e-01	1.282312e+05	-1.271086e-01	2.093243e-01	0.000000e+00	0.000000e+00	1.282312e+05
9.758000e-01	1.378948e+05	-1.273578e-01	2.095127e-01	0.000000e+00	-1.432498e+03	1.393273e+05
9.769900e-01	1.410947e+05	-1.276073e-01	2.097103e-01	0.000000e+00	-1.100601e+03	1.421953e+05
9.781800e-01	1.393340e+05	-1.278569e-01	2.099089e-01	0.000000e+00	-3.144188e+03	1.424782e+05
9.793700e-01	1.494507e+05	-1.281068e-01	2.101134e-01	0.000000e+00	-2.307094e+03	1.517578e+05
9.805600e-01	1.640504e+05	-1.283570e-01	2.103354e-01	0.000000e+00	-1.565481e+03	1.656159e+05
9.817500e-01	1.402090e+05	-1.286074e-01	2.105509e-01	0.000000e+00	-2.082278e+03	1.422913e+05
9.829400e-01	1.521387e+05	-1.288581e-01	2.107579e-01	0.000000e+00	-2.263318e+03	1.544020e+05
9.841300e-01	1.285260e+05	-1.291090e-01	2.109567e-01	0.000000e+00	-1.670088e+03	1.301961e+05
9.853200e-01	1.359146e+05	-1.293602e-01	2.111439e-01	0.000000e+00	-2.478054e+03	1.383927e+05
9.865100e-01	1.507945e+05	-1.296116e-01	2.113470e-01	0.000000e+00	-1.548736e+03	1.523432e+05
9.877000e-01	1.391555e+05	-1.298632e-01	2.115523e-01	0.000000e+00	-8.974646e+02	1.400529e+05
9.888900e-01	1.373807e+05	-1.301151e-01	2.117481e-01	0.000000e+00	-1.327161e+03	1.387079e+05
9.900800e-01	1.519475e+05	-1.303672e-01	2.119530e-01	0.000000e+00	-1.477609e+03	1.534251e+05
9.912700e-01	1.344775e+05	-1.306195e-01	2.121559e-01	0.000000e+00	-1.574368e+03	1.360519e+05
9.924600e-01	1.308003e+05	-1.308721e-01	2.123437e-01	0.000000e+00	-9.718543e+02	1.317722e+05
9.936500e-01	1.448908e+05	-1.311249e-01	2.125390e-01	0.000000e+00	-1.699118e+03	1.465899e+05
9.948400e-01	1.446385e+05	-1.313779e-01	2.127440e-01	0.000000e+00	-1.911813e+02	1.448297e+05
9.960300e-01	1.514581e+05	-1.316312e-01	2.129537e-01	0.000000e+00	-1.837611e+03	1.532957e+05
9.972200e-01	1.438526e+05	-1.318848e-01	2.131628e-01	0.000000e+00	-1.778826e+03	1.456314e+05
9.984100e-01	1.311609e+05	-1.321386e-01	2.133576e-01	0.000000e+00	-1.463711e+03	1.326247e+05
9.996000e-01	1.380476e+05	-1.323926e-01	2.135482e-01	0.000000e+00	-1.834015e+03	1.398816e+05
1.000790e+00	1.294235e+05	-1.326468e-01	2.137376e-01	0.000000e+00	-8.768873e+02	1.303004e+05
1.001980e+00	1.551080e+05	-1.329013e-01	2.139391e-01	0.000000e+00	-1.452647e+03	1.565606e+05
1.003170e+00	1.410088e+05	-1.331560e-01	2.141488e-01	0.000000e+00	-1.569117e+03	1.425779e+05
1.004360e+00	1.251025e+05	-1.334109e-01	2.143373e-01	0.000000e+00	-1.167625e+03	1.262701e+05
1.005550e+00	1.297626e+05	-1.336661e-01	2.145178e-01	0.000000e+00	-2.417509e+03	1.321801e+05
1.006740e+00	1.571421e+05	-1.339215e-01	2.147209e-01	0.000000e+00	-1.761867e+03	1.589040e+05
1.007930e+00	1.407274e+05	-1.341771e-01	2.149319e-01	0.000000e+00	-2.139866e+03	1.428673e+05
1.009120e+00	1.386095e+05	-1.344330e-01	2.151297e-01	0.000000e+00	-1.374251e+03	1.399838e+05
1.010310e+00	1.431412e+05	-1.346891e-01	2.153292e-01	0.000000e+00	-2.487198e+03	1.456284e+05
1.011500e+00	1.429572e+05	-1.349455e-01	2.155318e-01	0.000000e+00	-1.684798e+03	1.446420e+05
1.012690e+00	1.498383e+05	-1.352021e-01	2.157392e-01	0.000000e+00	-1.365512e+03	1.512038e+05
1.013880e+00	1.470355e+05	-1.354590e-01	2.159494e-01	0.000000e+00	-2.195803e+03	1.492313e+05
1.015070e+00	1.383641e+05	-1.357161e-01	2.161515e-01	0.000000e+00	-1.164184e+03	1.395283e+05
1.016260e+00	1.358196e+05	-1.359734e-01	2.163457e-01	0.000000e+00	-8.685272e+01	1.359065e+05
1.017450e+00	1.225796e+05	-1.362310e-01	2.165287e-01	0.000000e+00	-1.560493e+03	1.241401e+05
1.018640e+00	1.300353e+05	-1.364887e-01	2.167076e-01	0.000000e+00	-1.829964e+03	1.318653e+05
1.019830e+00	1.276225e+05	-1.367467e-01	2.168900e-01	0.000000e+00	-2.822932e+03	1.304454e+05
1.021020e+00	1.373338e+05	-1.370049e-01	2.170777e-01	0.000000e+00	-5.633741e+02	1.378972e+05
1.022210e+00	1.240237e+05	-1.372634e-01	2.172627e-01	0.000000e+00	-1.923248e+03	1.259469e+05
1.023400e+00	1.364933e+05	-1.375220e-01	2.174472e-01	0.000000e+00	-2.647278e+03	1.391406e+05
1.024590e+00	1.313170e+05	-1.377809e-01	2.176369e-01	0.000000e+00	-1.857168e+03	1.331742e+05
1.025780e+00	1.420849e+05	-1.380400e-01	2.178305e-01	0.000000e+00	-1.500198e+03	1.435851e+05
1.026970e+00	1.467093e+05	-1.382993e-01	2.180350e-01	0.000000e+00	-8.638923e+02	1.475731e+05
1.028160e+00	1.255152e+05	-1.385589e-01	2.182278e-01	0.000000e+00	-1.666098e+03	1.271813e+05
1.029350e+00	1.445031e+05	-1.388187e-01	2.184190e-01	0.000000e+00	-1.165898e+03	1.456690e+05
1.030540e+00	1.392613e+05	-1.390788e-01	2.186200e-01	0.000000e+00	-1.057554e+03	1.403188e+05
1.031730e+00	1.477414e+05	-1.393390e-01	2.188232e-01	0.000000e+00	-6.231181e+02	1.483645e+05
1.032920e+00	1.520867e+05	-1.395996e-01	2.190355e-01	0.000000e+00	-7.401611e+02	1.528269e+05
1.034110e+00	1.454666e+05	-1.398603e-01	2.192463e-01	0.000000e+00	-8.178706e+02	1.462844e+05
1.035300e+00	1.595553e+05	-1.401214e-01	2.194623e-01	0.000000e+00	-1.197720e+03	1.607530e+05
1.036490e+00	1.404600e+05	-1.403827e-01	2.196747e-01	0.000000e+00	-6.055931e+02	1.410656e+05
1.037680e+00	1.577134e+05	-1.406442e-01	2.198859e-01	0.000000e+00	-8.786055e+02	1.585920e+05
1.038870e+00	1.383715e+05	-1.409060e-01	2.200956e-01	0.000000e+00	-1.379817e+03	1.397513e+05
1.040060e+00	1.435338e+05	-1.411680e-01	2.202952e-01	0.000000e+00	-1.080216e+03	1.446140e+05
1.041250e+00	1.366396e+05	-1.414303e-01	2.204936e-01	0.000000e+00	-4.746647e+02	1.371143e+05
1.042440e+00	1.397901e+05	-1.416928e-01	2.206894e-01	0.000000e+00	-1.920693e+03	1.417107e+05
1.043630e+00	1.476472e+05	-1.419555e-01	2.208929e-01	0.000000e+00	-6.576442e+02	1.483048e+05
1.044820e+00	1.384412e+05	-1.422185e-01	2.210955e-01	0.000000e+00	-9.955901e+02	1.394368e+05
1.046010e+00	1.379064e+05	-1.424817e-01	2.212912e-01	0.000000e+00	-7.730582e+02	1.386795e+05
1.047200e+00	1.337357e+05	-1.427452e-01	2.214836e-01	0.000000e+00	-6.827460e+02	1.344185e+05
1.048390e+00	1.414367e+05	-1.430089e-01	2.216784e-01	0.000000e+00	-1.031885e+03	1.424686e+05
1.049580e+00	1.260203e+05	-1.432728e-01	2.218678e-01	0.000000e+00	-2.091133e+02	1.262294e+05
1.050770e+00	1.549594e+05	-1.435369e-01	2.220668e-01	0.000000e+00	-9.629672e+02	1.559224e+05
1.051960e+00	1.384801e+05	-1.438013e-01	2.222746e-01	0.000000e+00	-2.390660e+03	1.408707e+05
1.053150e+00	1.314127e+05	-1.440659e-01	2.224658e-01	0.000000e+00	-2.028305e+03	1.334410e+05
1.054340e+00	1.373313e+05	-1.443308e-01	2.226561e-01	0.000000e+00	-5.004209e+02	1.378318e+05
1.055530e+00	1.328396e+05	-1.445958e-01	2.228474e-01	0.000000e+00	-1.094085e+02	1.329490e+05
1.056720e+00	1.320864e+05	-1.448611e-01	2.230350e-01	0.000000e+00	-3.267265e+03	1.353537e+05
1.057910e+00	1.409205e+05	-1.451267e-01	2.232283e-01	0.000000e+00	-1.665343e+03	1.425858e+05
1.059100e+00	1.327999e+05	-1.453924e-01	2.234222e-01	0.000000e+00	-9.401302e+01	1.328940e+05
1.060290e+00	1.404569e+05	-1.456584e-01	2.236157e-01	0.000000e+00	-7.463231e+02	1.412032e+05
1.061480e+00	1.566553e+05	-1.459246e-01	2.238261e-01	0.000000e+00	0.000000e+00	1.566553e+05
1.062670e+00	1.462597e+05	-1.461911e-01	2.240406e-01	0.000000e+00	-2.743723e+02	1.465341e+05
1.063860e+00	1.418115e+05	-1.464579e-01	2.242446e-01	0.000000e+00	-1.012030e+03	1.428235e+05
1.065050e+00	1.481618e+05	-1.467248e-01	2.244500e-01	0.000000e+00	-1.448759e+03	1.496106e+05
1.066240e+00	1.557859e+05	-1.469920e-01	2.246652e-01	0.000000e+00	-2.093723e+03	1.578797e+05
1.067430e+00	1.504138e+05	-1.472595e-01	2.248820e-01	0.000000e+00	-1.309444e+03	1.517232e+05
1.068620e+00	1.575652e+05	-1.475273e-01	2.251001e-01	0.000000e+00	-1.392647e+03	1.589579e+05
1.069810e+00	1.628752e+05	-1.477953e-01	2.253271e-01	0.000000e+00	-1.559103e+03	1.644343e+05
1.071000e+00	1.353477e+05	-1.480635e-01	2.255383e-01	0.000000e+00	-2.131606e+03	1.374793e+05
1.072190e+00	1.273123e+05	-1.483320e-01	2.257243e-01	0.000000e+00	-1.383359e+03	1.286957e+05
1.073380e+00	1.311435e+05	-1.486008e-01	2.259073e-01	0.000000e+00	-7.016937e+02	1.318451e+05
1.074570e+00	1.413443e+05	-1.488697e-01	2.261003e-01	0.000000e+00	-2.841207e+02	1.416284e+05
1.075760e+00	1.431901e+05	-1.491389e-01	2.263018e-01	0.000000e+00	-2.180300e+03	1.453704e+05
1.076950e+00	1.424695e+05	-1.494083e-01	2.265041e-01	0.000000e+00	-1.875903e+03	1.443454e+05
1.078140e+00	1.294520e+05	-1.496780e-01	2.266966e-01	0.000000e+00	-7.297015e+02	1.301817e+05
1.079330e+00	1.237088e+05	-1.499478e-01	2.268759e-01	0.000000e+00	-2.898857e+03	1.266076e+05
1.080520e+00	1.628009e+05	-1.502179e-01	2.270788e-01	0.000000e+00	-1.414249e+03	1.642151e+05
1.081710e+00	1.643472e+05	-1.504883e-01	2.273105e-01	0.000000e+00	-8.395457e+02	1.651867e+05
1.082900e+00	1.346155e+05	-1.507589e-01	2.275222e-01	0.000000e+00	0.000000e+00	1.346155e+05
1.084090e+00	1.536782e+05	-1.510298e-01	2.277263e-01	0.000000e+00	0.000000e+00	1.536782e+05
1.085280e+00	1.286594e+05	-1.513009e-01	2.279263e-01	0.000000e+00	-5.132853e+02	1.291727e+05
1.086470e+00	1.432644e+05	-1.515723e-01	2.281188e-01	0.000000e+00	-3.658641e+02	1.436302e+05
1.087660e+00	1.408034e+05	-1.518438e-01	2.283200e-01	0.000000e+00	-8.015228e+02	1.416049e+05
1.088850e+00	1.381234e+05	-1.521157e-01	2.285175e-01	0.000000e+00	-1.539716e+03	1.396631e+05
1.090040e+00	1.515597e+05	-1.523877e-01	2.287227e-01	0.000000e+00	-1.346640e+03	1.529063e+05
1.091230e+00	1.647312e+05	-1.526600e-01	2.289467e-01	0.000000e+00	-4.749890e+02	1.652062e+05
1.092420e+00	1.405623e+05	-1.529326e-01	2.291629e-01	0.000000e+00	-3.069733e+02	1.408692e+05
1.093610e+00	1.618326e+05	-1.532054e-01	2.293770e-01	0.000000e+00	-1.234228e+03	1.630668e+05
1.094800e+00	1.419549e+05	-1.534785e-01	2.295921e-01	0.000000e+00	-4.041043e+02	1.423590e+05
1.095990e+00	1.304346e+05	-1.537519e-01	2.297850e-01	0.000000e+00	-1.416039e+03	1.318507e+05
1.097180e+00	1.329096e+05	-1.540254e-01	2.299715e-01	0.000000e+00	-7.923229e+02	1.337019e+05
1.098370e+00	1.469083e+05	-1.542992e-01	2.301697e-01	0.000000e+00	-2.013346e+03	1.489217e+05
1.099560e+00	1.424571e+05	-1.545732e-01	2.303746e-01	0.000000e+00	-1.727448e+03	1.441846e+05
1.100750e+00	1.438545e+05	-1.548475e-01	2.305774e-01	0.000000e+00	-1.349235e+03	1.452037e+05
1.101940e+00	1.529892e+05	-1.551220e-01	2.307876e-01	0.000000e+00	-1.387902e+02	1.531280e+05
1.103130e+00	1.365323e+05	-1.553968e-01	2.309926e-01	0.000000e+00	-7.015459e+02	1.372338e+05
1.104320e+00	1.377903e+05	-1.556718e-01	2.311869e-01	0.000000e+00	-7.512060e+02	1.385415e+05
1.105510e+00	1.489152e+05	-1.559470e-01	2.313899e-01	0.000000e+00	-1.358895e+02	1.490511e+05
1.106700e+00	1.493758e+05	-1.562225e-01	2.316011e-01	0.000000e+00	-1.510428e+03	1.508863e+05
1.107890e+00	1.301753e+05	-1.564982e-01	2.317991e-01	0.000000e+00	-1.234848e+02	1.302988e+05
1.109080e+00	1.422717e+05	-1.567741e-01	2.319921e-01	0.000000e+00	0.000000e+00	1.422717e+05
1.110270e+00	1.492313e+05	-1.570503e-01	2.321985e-01	0.000000e+00	0.000000e+00	1.492313e+05
1.111460e+00	1.466829e+05	-1.573268e-01	2.324080e-01	0.000000e+00	0.000000e+00	1.466829e+05
1.112650e+00	1.411473e+05	-1.576035e-01	2.326119e-01	0.000000e+00	0.000000e+00	1.411473e+05
1.113840e+00	1.304145e+05	-1.578804e-01	2.328042e-01	0.000000e+00	-5.484140e+01	1.304693e+05
1.115030e+00	1.468875e+05	-1.581575e-01	2.330006e-01	0.000000e+00	-7.854947e+02	1.476730e+05
1.116220e+00	1.519500e+05	-1.584349e-01	2.332122e-01	0.000000e+00	0.000000e+00	1.519500e+05
1.117410e+00	1.261632e+05	-1.587126e-01	2.334091e-01	0.000000e+00	-8.516842e+02	1.270149e+05
1.118600e+00	1.296659e+05	-1.589904e-01	2.335903e-01	0.000000e+00	-8.871997e+02	1.305531e+05
1.119790e+00	1.501047e+05	-1.592685e-01	2.337884e-01	0.000000e+00	-7.821245e+02	1.508868e+05
1.120980e+00	1.529279e+05	-1.595469e-01	2.340030e-01	0.000000e+00	0.000000e+00	1.529279e+05
1.122170e+00	1.595853e+05	-1.598255e-01	2.342243e-01	0.000000e+00	-2.078589e+02	1.597932e+05
1.123360e+00	1.325348e+05	-1.601043e-01	2.344312e-01	0.000000e+00	-4.011001e+03	1.365458e+05
1.124550e+00	1.385574e+05	-1.603834e-01	2.346232e-01	0.000000e+00	-1.991645e+03	1.405490e+05
1.125740e+00	1.375633e+05	-1.606627e-01	2.348187e-01	0.000000e+00	-1.028657e+03	1.385920e+05
1.126930e+00	1.362002e+05	-1.609423e-01	2.350126e-01	0.000000e+00	-5.683511e+02	1.367686e+05
1.128120e+00	1.309208e+05	-1.612220e-01	2.352018e-01	0.000000e+00	-1.929759e+03	1.328506e+05
1.129310e+00	1.388222e+05	-1.615020e-01	2.353928e-01	0.000000e+00	-1.187097e+03	1.400093e+05
1.130500e+00	1.469215e+05	-1.617823e-01	2.355951e-01	0.000000e+00	-1.896378e+03	1.488179e+05
1.131690e+00	1.406243e+05	-1.620628e-01	2.357988e-01	0.000000e+00	-1.076788e+03	1.417011e+05
1.132880e+00	1.402637e+05	-1.623435e-01	2.359977e-01	0.000000e+00	-3.881784e+02	1.406518e+05
1.134070e+00	1.450845e+05	-1.626244e-01	2.361998e-01	0.000000e+00	0.000000e+00	1.450845e+05
1.135260e+00	1.507018e+05	-1.629056e-01	2.364092e-01	0.000000e+00	-2.149984e+02	1.509168e+05
1.136450e+00	1.558353e+05	-1.631871e-01	2.366263e-01	0.000000e+00	-7.031481e+02	1.565385e+05
1.137640e+00	1.504193e+05	-1.634688e-01	2.368432e-01	0.000000e+00	-1.532779e+03	1.519521e+05
1.138830e+00	1.416238e+05	-1.637508e-01	2.370500e-01	0.000000e+00	-7.008262e+01	1.416939e+05
1.140020e+00	1.304115e+05	-1.640330e-01	2.372426e-01	0.000000e+00	0.000000e+00	1.304115e+05
1.141210e+00	1.478388e+05	-1.643154e-01	2.374397e-01	0.000000e+00	0.000000e+00	1.478388e+05
1.142400e+00	1.587818e+05	-1.645981e-01	2.376568e-01	0.000000e+00	0.000000e+00	1.587818e+05
1.143590e+00	1.505997e+05	-1.648810e-01	2.378759e-01	0.000000e+00	0.000000e+00	1.505997e+05
1.144780e+00	1.452194e+05	-1.651642e-01	2.380854e-01	0.000000e+00	-1.238198e+01	1.452318e+05
1.145970e+00	1.351128e+05	-1.654477e-01	2.382839e-01	0.000000e+00	-2.093930e+03	1.372067e+05
1.147160e+00	1.287154e+05	-1.657314e-01	2.384708e-01	0.000000e+00	-1.799372e+03	1.305148e+05
1.148350e+00	1.387754e+05	-1.660152e-01	2.386602e-01	0.000000e+00	-1.976669e+03	1.407521e+05
1.149540e+00	1.466689e+05	-1.662994e-01	2.388623e-01	0.000000e+00	-8.135155e+01	1.467502e+05
1.150730e+00	1.377565e+05	-1.665837e-01	2.390637e-01	0.000000e+00	-7.589846e+02	1.385155e+05
1.151920e+00	1.461062e+05	-1.668683e-01	2.392648e-01	0.000000e+00	0.000000e+00	1.461062e+05
1.153110e+00	1.510240e+05	-1.671532e-01	2.394752e-01	0.000000e+00	0.000000e+00	1.510240e+05
1.154300e+00	1.389846e+05	-1.674383e-01	2.396806e-01	0.000000e+00	-1.168115e+03	1.401527e+05
1.155490e+00	1.381750e+05	-1.677236e-01	2.398768e-01	0.000000e+00	-2.137924e+03	1.403130e+05
1.156680e+00	1.342305e+05	-1.680092e-01	2.400697e-01	0.000000e+00	-8.956420e+02	1.351261e+05
1.157870e+00	1.394686e+05	-1.682950e-01	2.402636e-01	0.000000e+00	0.000000e+00	1.394686e+05
1.159060e+00	1.394982e+05	-1.685810e-01	2.404611e-01	0.000000e+00	0.000000e+00	1.394982e+05
1.160250e+00	1.318470e+05	-1.688673e-01	2.406533e-01	0.000000e+00	0.000000e+00	1.318470e+05
1.161440e+00	1.319077e+05	-1.691538e-01	2.408401e-01	0.000000e+00	0.000000e+00	1.319077e+05
1.162630e+00	1.472684e+05	-1.694405e-01	2.410378e-01	0.000000e+00	0.000000e+00	1.472684e+05
1.163820e+00	1.515123e+05	-1.697274e-01	2.412493e-01	0.000000e+00	-6.104054e+02	1.521227e+05
1.165010e+00	1.362762e+05	-1.700147e-01	2.414531e-01	0.000000e+00	-1.070267e+03	1.373465e+05
1.166200e+00	1.301325e+05	-1.703021e-01	2.416418e-01	0.000000e+00	-7.516121e+02	1.308841e+05
1.167390e+00	1.470839e+05	-1.705898e-01	2.418381e-01	0.000000e+00	-8.872407e+01	1.471726e+05
1.168580e+00	1.350012e+05	-1.708777e-01	2.420379e-01	0.000000e+00	0.000000e+00	1.350012e+05
1.169770e+00	1.346445e+05	-1.711658e-01	2.422288e-01	0.000000e+00	-9.184487e+02	1.355630e+05
1.170960e+00	1.415882e+05	-1.714542e-01	2.424245e-01	0.000000e+00	-7.622236e+02	1.423505e+05
1.172150e+00	1.413694e+05	-1.717428e-01	2.426248e-01	0.000000e+00	0.000000e+00	1.413694e+05
1.173340e+00	1.364277e+05	-1.720316e-01	2.428216e-01	0.000000e+00	-3.205689e+02	1.367483e+05
1.174530e+00	1.362543e+05	-1.723207e-01	2.430147e-01	0.000000e+00	-5.197673e+02	1.367741e+05
1.175720e+00	1.405345e+05	-1.726100e-01	2.432107e-01	0.000000e+00	-7.954151e+00	1.405425e+05
1.176910e+00	1.275847e+05	-1.728995e-01	2.434006e-01	0.000000e+00	-8.323820e+02	1.284171e+05
1.178100e+00	1.453223e+05	-1.731893e-01	2.435938e-01	0.000000e+00	0.000000e+00	1.453223e+05
1.179290e+00	1.470769e+05	-1.734793e-01	2.438009e-01	0.000000e+00	0.000000e+00	1.470769e+05
1.180480e+00	1.237236e+05	-1.737695e-01	2.439927e-01	0.000000e+00	0.000000e+00	1.237236e+05
1.181670e+00	1.505525e+05	-1.740600e-01	2.441869e-01	0.000000e+00	0.000000e+00	1.505525e+05
1.182860e+00	1.383016e+05	-1.743507e-01	2.443914e-01	0.000000e+00	-5.388888e+02	1.388405e+05
1.184050e+00	1.377183e+05	-1.746417e-01	2.445869e-01	0.000000e+00	-3.014473e+02	1.380197e+05
1.185240e+00	1.592353e+05	-1.749328e-01	2.447972e-01	0.000000e+00	-7.250526e+02	1.599603e+05
1.186430e+00	1.451805e+05	-1.752243e-01	2.450128e-01	0.000000e+00	-1.152836e+02	1.452958e+05
1.187620e+00	1.325983e+05	-1.755160e-01	2.452095e-01	0.000000e+00	-5.212655e+02	1.331196e+05
1.188810e+00	1.298155e+05	-1.758079e-01	2.453953e-01	0.000000e+00	-3.190706e+02	1.301346e+05
1.190000e+00	7.018491e+04	-1.761000e-01	2.455370e-01	0.000000e+00	0.000000e+00	7.018491e+04
