#x	rho	phi	ex	bz	rhok[0]	rhok[1]
0.000000e+00	-1.457342e+03	0.000000e+00	3.774949e-02	0.000000e+00	-2.607333e+03	1.149991e+03
1.190000e-03	-1.281527e+02	-4.492067e-05	3.774837e-02	0.000000e+00	-5.165893e+03	5.037740e+03
2.380000e-03	-8.266105e+02	-8.984111e-05	3.774769e-02	0.000000e+00	-6.639730e+03	5.813120e+03
3.570000e-03	8.896170e+03	-1.347602e-04	3.775341e-02	0.000000e+00	-3.323931e+03	1.222010e+04
4.760000e-03	7.341927e+03	-1.796942e-04	3.776491e-02	0.000000e+00	-5.322021e+03	1.266395e+04
5.950000e-03	3.901267e+03	-2.246406e-04	3.777287e-02	0.000000e+00	-7.918079e+03	1.181935e+04
7.140000e-03	8.216030e+03	-2.695936e-04	3.778145e-02	0.000000e+00	-5.877046e+03	1.409308e+04
8.330000e-03	9.163244e+03	-3.145605e-04	3.779376e-02	0.000000e+00	-8.325834e+03	1.748908e+04
9.520000e-03	1.647980e+04	-3.595428e-04	3.781192e-02	0.000000e+00	-4.733571e+03	2.121337e+04
1.071000e-02	1.826816e+04	-4.045529e-04	3.783652e-02	0.000000e+00	-4.063202e+03	2.233136e+04
1.190000e-02	2.584263e+04	-4.495937e-04	3.786776e-02	0.000000e+00	-5.785296e+03	3.162792e+04
1.309000e-02	2.184332e+04	-4.946781e-04	3.790153e-02	0.000000e+00	-6.169680e+03	2.801300e+04
1.428000e-02	2.180697e+04	-5.397993e-04	3.793244e-02	0.000000e+00	-7.605674e+03	2.941264e+04
1.547000e-02	2.472136e+04	-5.849573e-04	3.796539e-02	0.000000e+00	-3.372080e+03	2.809344e+04
1.666000e-02	2.150388e+04	-6.301570e-04	3.799813e-02	0.000000e+00	-4.886860e+03	2.639074e+04
1.785000e-02	3.105298e+04	-6.753929e-04	3.803534e-02	0.000000e+00	-5.962384e+03	3.701536e+04
1.904000e-02	2.352570e+04	-7.206811e-04	3.807400e-02	0.000000e+00	-8.408133e+03	3.193384e+04
2.023000e-02	2.214805e+04	-7.660090e-04	3.810634e-02	0.000000e+00	-8.027670e+03	3.017572e+04
2.142000e-02	2.704591e+04	-8.113742e-04	3.814118e-02	0.000000e+00	-8.602746e+03	3.564866e+04
2.261000e-02	3.588628e+04	-8.567850e-04	3.818574e-02	0.000000e+00	-6.176490e+03	4.206277e+04
2.380000e-02	3.269533e+04	-9.022563e-04	3.823431e-02	0.000000e+00	-1.049939e+04	4.319472e+04
2.499000e-02	3.625852e+04	-9.477826e-04	3.828314e-02	0.000000e+00	-5.764268e+03	4.202279e+04
2.618000e-02	4.460913e+04	-9.933701e-04	3.834041e-02	0.000000e+00	-2.047581e+03	4.665671e+04
2.737000e-02	4.275759e+04	-1.039033e-03	3.840228e-02	0.000000e+00	-4.940708e+03	4.769830e+04
2.856000e-02	4.291491e+04	-1.084768e-03	3.846295e-02	0.000000e+00	-5.828184e+03	4.874309e+04
2.975000e-02	4.401013e+04	-1.130575e-03	3.852451e-02	0.000000e+00	-5.521486e+03	4.953161e+04
3.094000e-02	4.066449e+04	-1.176456e-03	3.858447e-02	0.000000e+00	-5.078968e+03	4.574346e+04
3.213000e-02	4.040671e+04	-1.222406e-03	3.864188e-02	0.000000e+00	-7.897316e+03	4.830403e+04
3.332000e-02	4.039533e+04	-1.268424e-03	3.869910e-02	0.000000e+00	-3.313563e+03	4.370890e+04
3.451000e-02	5.010479e+04	-1.314510e-03	3.876319e-02	0.000000e+00	-4.896910e+03	5.500170e+04
3.570000e-02	3.920707e+04	-1.360680e-03	3.882644e-02	0.000000e+00	-4.931958e+03	4.413903e+04
3.689000e-02	4.458972e+04	-1.406916e-03	3.888578e-02	0.000000e+00	-5.306089e+03	4.989581e+04
3.808000e-02	4.636497e+04	-1.453228e-03	3.895019e-02	0.000000e+00	-4.595251e+03	5.096022e+04
3.927000e-02	6.040320e+04	-1.499618e-03	3.902580e-02	0.000000e+00	-3.081280e+03	6.348448e+04
4.046000e-02	6.773608e+04	-1.546110e-03	3.911655e-02	0.000000e+00	-4.634502e+03	7.237058e+04
4.165000e-02	5.263030e+04	-1.592715e-03	3.920179e-02	0.000000e+00	-6.845912e+03	5.947621e+04
4.284000e-02	4.915006e+04	-1.639410e-03	3.927386e-02	0.000000e+00	-9.917364e+03	5.906742e+04
4.403000e-02	5.389133e+04	-1.686187e-03	3.934683e-02	0.000000e+00	-8.023449e+03	6.191478e+04
4.522000e-02	6.370406e+04	-1.733055e-03	3.943011e-02	0.000000e+00	-4.964907e+03	6.866896e+04
4.641000e-02	5.947867e+04	-1.780031e-03	3.951734e-02	0.000000e+00	-4.155636e+03	6.363431e+04
4.760000e-02	6.540850e+04	-1.827107e-03	3.960578e-02	0.000000e+00	-4.052039e+03	6.946054e+04
4.879000e-02	5.865012e+04	-1.874293e-03	3.969364e-02	0.000000e+00	-3.472023e+03	6.212215e+04
4.998000e-02	6.030670e+04	-1.921577e-03	3.977788e-02	0.000000e+00	-4.496558e+03	6.480325e+04
5.117000e-02	6.428017e+04	-1.968964e-03	3.986611e-02	0.000000e+00	-5.772323e+03	7.005249e+04
5.236000e-02	6.601896e+04	-2.016459e-03	3.995838e-02	0.000000e+00	-2.871367e+03	6.889033e+04
5.355000e-02	6.324787e+04	-2.064065e-03	4.004992e-02	0.000000e+00	-4.847560e+03	6.809543e+04
5.474000e-02	6.830050e+04	-2.111778e-03	4.014308e-02	0.000000e+00	-8.732630e+03	7.703313e+04
5.593000e-02	5.938242e+04	-2.159605e-03	4.023350e-02	0.000000e+00	-8.418216e+03	6.780064e+04
5.712000e-02	6.682565e+04	-2.207533e-03	4.032288e-02	0.000000e+00	-8.259922e+03	7.508558e+04
5.831000e-02	7.430064e+04	-2.255574e-03	4.042282e-02	0.000000e+00	-7.027768e+03	8.132841e+04
5.950000e-02	8.014144e+04	-2.303740e-03	4.053219e-02	0.000000e+00	-8.833786e+03	8.897522e+04
6.069000e-02	7.944446e+04	-2.352040e-03	4.064520e-02	0.000000e+00	-5.157937e+03	8.460240e+04
6.188000e-02	7.071596e+04	-2.400475e-03	4.075154e-02	0.000000e+00	-7.717660e+03	7.843362e+04
6.307000e-02	7.393193e+04	-2.449029e-03	4.085397e-02	0.000000e+00	-3.465152e+03	7.739708e+04
6.426000e-02	8.859459e+04	-2.497708e-03	4.096907e-02	0.000000e+00	-5.242239e+03	9.383683e+04
6.545000e-02	7.907053e+04	-2.546535e-03	4.108780e-02	0.000000e+00	-9.029574e+03	8.810011e+04
6.664000e-02	8.358622e+04	-2.595497e-03	4.120299e-02	0.000000e+00	-7.990219e+03	9.157644e+04
6.783000e-02	8.169242e+04	-2.644599e-03	4.132004e-02	0.000000e+00	-6.388124e+03	8.808055e+04
6.902000e-02	7.227541e+04	-2.693838e-03	4.142907e-02	0.000000e+00	-5.238892e+03	7.751430e+04
7.021000e-02	8.742317e+04	-2.743200e-03	4.154216e-02	0.000000e+00	-4.356020e+03	9.177919e+04
7.140000e-02	8.512751e+04	-2.792709e-03	4.166436e-02	0.000000e+00	-4.739110e+03	8.986662e+04
7.259000e-02	7.301873e+04	-2.842361e-03	4.177635e-02	0.000000e+00	-3.560678e+03	7.657941e+04
7.378000e-02	7.968770e+04	-2.892136e-03	4.188449e-02	0.000000e+00	-5.220139e+03	8.490783e+04
7.497000e-02	8.872654e+04	-2.942046e-03	4.200376e-02	0.000000e+00	-6.013382e+03	9.473992e+04
7.616000e-02	7.608519e+04	-2.992105e-03	4.212047e-02	0.000000e+00	-4.312158e+03	8.039735e+04
7.735000e-02	7.728377e+04	-3.042293e-03	4.222908e-02	0.000000e+00	-5.442732e+03	8.272650e+04
7.854000e-02	7.173804e+04	-3.092610e-03	4.233461e-02	0.000000e+00	-2.241462e+03	7.397950e+04
7.973000e-02	8.214147e+04	-3.143049e-03	4.244359e-02	0.000000e+00	-2.385876e+03	8.452734e+04
8.092000e-02	8.562676e+04	-3.193626e-03	4.256239e-02	0.000000e+00	-6.708180e+03	9.233494e+04
8.211000e-02	8.574755e+04	-3.244348e-03	4.268376e-02	0.000000e+00	-6.939232e+03	9.268678e+04
8.330000e-02	8.065444e+04	-3.295214e-03	4.280160e-02	0.000000e+00	-4.981418e+03	8.563586e+04
8.449000e-02	7.935890e+04	-3.346215e-03	4.291491e-02	0.000000e+00	-6.773311e+03	8.613221e+04
8.568000e-02	8.076795e+04	-3.397351e-03	4.302831e-02	0.000000e+00	-7.540536e+03	8.830848e+04
8.687000e-02	8.234146e+04	-3.448623e-03	4.314382e-02	0.000000e+00	-5.729887e+03	8.807134e+04
8.806000e-02	9.499034e+04	-3.500033e-03	4.326940e-02	0.000000e+00	-2.649789e+03	9.764013e+04
8.925000e-02	1.041314e+05	-3.551604e-03	4.341041e-02	0.000000e+00	-4.445686e+03	1.085770e+05
9.044000e-02	9.504080e+04	-3.603350e-03	4.355145e-02	0.000000e+00	-5.272489e+03	1.003133e+05
9.163000e-02	8.762035e+04	-3.655256e-03	4.368081e-02	0.000000e+00	-4.268709e+03	9.188906e+04
9.282000e-02	8.775009e+04	-3.707310e-03	4.380500e-02	0.000000e+00	-4.268889e+03	9.201898e+04
9.401000e-02	8.742095e+04	-3.759512e-03	4.392905e-02	0.000000e+00	-1.817111e+03	8.923806e+04
9.520000e-02	9.686878e+04	-3.811862e-03	4.405956e-02	0.000000e+00	-2.415746e+03	9.928453e+04
9.639000e-02	9.242436e+04	-3.864374e-03	4.419361e-02	0.000000e+00	-3.156413e+03	9.558077e+04
9.758000e-02	8.427582e+04	-3.917042e-03	4.431874e-02	0.000000e+00	-6.336523e+03	9.061234e+04
9.877000e-02	8.917496e+04	-3.969853e-03	4.444157e-02	0.000000e+00	-4.990658e+03	9.416562e+04
9.996000e-02	9.412171e+04	-4.022813e-03	4.457138e-02	0.000000e+00	-4.099078e+03	9.822079e+04
1.011500e-01	9.182097e+04	-4.075933e-03	4.470305e-02	0.000000e+00	-4.064907e+03	9.588587e+04
1.023400e-01	8.645676e+04	-4.129207e-03	4.482930e-02	0.000000e+00	-5.138340e+03	9.159510e+04
1.035300e-01	1.025765e+05	-4.182626e-03	4.496317e-02	0.000000e+00	-3.127148e+03	1.057036e+05
1.047200e-01	1.077227e+05	-4.236219e-03	4.511210e-02	0.000000e+00	-3.629135e+03	1.113518e+05
1.059100e-01	1.023875e+05	-4.289993e-03	4.526089e-02	0.000000e+00	-8.058877e+03	1.104464e+05
1.071000e-01	8.796913e+04	-4.343940e-03	4.539569e-02	0.000000e+00	-3.652710e+03	9.162184e+04
1.082900e-01	1.044832e+05	-4.398035e-03	4.553198e-02	0.000000e+00	-6.761185e+02	1.051593e+05
1.094800e-01	1.115435e+05	-4.452306e-03	4.568496e-02	0.000000e+00	-1.490566e+03	1.130341e+05
1.106700e-01	1.013573e+05	-4.506765e-03	4.583573e-02	0.000000e+00	-3.741172e+03	1.050984e+05
1.118600e-01	1.121936e+05	-4.561395e-03	4.598696e-02	0.000000e+00	-4.012460e+03	1.162061e+05
1.130500e-01	9.578293e+04	-4.616214e-03	4.613424e-02	0.000000e+00	-4.561731e+03	1.003447e+05
1.142400e-01	1.079808e+05	-4.671194e-03	4.627854e-02	0.000000e+00	-2.795645e+03	1.107765e+05
1.154300e-01	1.031481e+05	-4.726357e-03	4.642806e-02	0.000000e+00	-2.901851e+03	1.060499e+05
1.166200e-01	8.638098e+04	-4.781693e-03	4.656227e-02	0.000000e+00	-8.736180e+03	9.511716e+04
1.178100e-01	1.029873e+05	-4.837175e-03	4.669638e-02	0.000000e+00	-6.418774e+03	1.094061e+05
1.190000e-01	1.101827e+05	-4.892831e-03	4.684734e-02	0.000000e+00	-4.344780e+03	1.145275e+05
1.201900e-01	8.875609e+04	-4.948672e-03	4.698822e-02	0.000000e+00	-5.819680e+03	9.457577e+04
1.213800e-01	1.021313e+05	-5.004663e-03	4.712340e-02	0.000000e+00	-4.118429e+03	1.062498e+05
1.225700e-01	1.150383e+05	-5.060825e-03	4.727719e-02	0.000000e+00	-4.576635e+03	1.196149e+05
1.237600e-01	1.106149e+05	-5.117182e-03	4.743699e-02	0.000000e+00	-4.172361e+03	1.147873e+05
1.249500e-01	1.111994e+05	-5.173726e-03	4.759407e-02	0.000000e+00	-2.699687e+03	1.138991e+05
1.261400e-01	1.200556e+05	-5.230456e-03	4.775784e-02	0.000000e+00	-5.141114e+03	1.251967e+05
1.273300e-01	1.048784e+05	-5.287389e-03	4.791713e-02	0.000000e+00	-5.296856e+03	1.101753e+05
1.285200e-01	9.993450e+04	-5.344499e-03	4.806217e-02	0.000000e+00	-4.408671e+03	1.043432e+05
1.297100e-01	1.059691e+05	-5.401777e-03	4.820798e-02	0.000000e+00	-1.468174e+03	1.074373e+05
1.309000e-01	1.220788e+05	-5.459234e-03	4.836948e-02	0.000000e+00	-1.232789e+03	1.233116e+05
1.320900e-01	1.172023e+05	-5.516897e-03	4.853893e-02	0.000000e+00	-5.999084e+03	1.232013e+05
1.332800e-01	1.149411e+05	-5.574757e-03	4.870332e-02	0.000000e+00	-3.699324e+03	1.186404e+05
1.344700e-01	1.202251e+05	-5.632810e-03	4.886986e-02	0.000000e+00	-4.546361e+03	1.247714e+05
1.356600e-01	1.242742e+05	-5.691067e-03	4.904301e-02	0.000000e+00	-3.655431e+03	1.279296e+05
1.368500e-01	1.094429e+05	-5.749533e-03	4.920852e-02	0.000000e+00	-4.763969e+03	1.142069e+05
1.380400e-01	1.104321e+05	-5.808183e-03	4.936422e-02	0.000000e+00	-4.342993e+03	1.147751e+05
1.392300e-01	1.211124e+05	-5.867020e-03	4.952820e-02	0.000000e+00	-5.640363e+03	1.267527e+05
1.404200e-01	1.092618e+05	-5.926060e-03	4.969134e-02	0.000000e+00	-1.110823e+04	1.203700e+05
1.416100e-01	1.183213e+05	-5.985285e-03	4.985250e-02	0.000000e+00	-4.511943e+03	1.228332e+05
1.428000e-01	1.378052e+05	-6.044709e-03	5.003388e-02	0.000000e+00	-6.395088e+03	1.442003e+05
1.439900e-01	1.107601e+05	-6.104366e-03	5.020991e-02	0.000000e+00	-7.376593e+03	1.181367e+05
1.451800e-01	1.033672e+05	-6.164209e-03	5.036155e-02	0.000000e+00	-5.773468e+03	1.091406e+05
1.463700e-01	1.056062e+05	-6.224226e-03	5.050953e-02	0.000000e+00	-5.123953e+03	1.107301e+05
1.475600e-01	1.137034e+05	-6.284421e-03	5.066484e-02	0.000000e+00	-6.018599e+03	1.197220e+05
1.487500e-01	1.185553e+05	-6.344808e-03	5.082932e-02	0.000000e+00	-4.787371e+03	1.233427e+05
1.499400e-01	1.241408e+05	-6.405395e-03	5.100119e-02	0.000000e+00	-4.324107e+03	1.284649e+05
1.511300e-01	1.265290e+05	-6.466191e-03	5.117870e-02	0.000000e+00	-4.926421e+03	1.314554e+05
1.523200e-01	1.202587e+05	-6.527201e-03	5.135347e-02	0.000000e+00	-7.260477e+03	1.275192e+05
1.535100e-01	1.065093e+05	-6.588413e-03	5.151406e-02	0.000000e+00	-6.352176e+03	1.128615e+05
1.547000e-01	1.252480e+05	-6.649804e-03	5.167818e-02	0.000000e+00	-3.614910e+03	1.288629e+05
1.558900e-01	1.397992e+05	-6.711407e-03	5.186588e-02	0.000000e+00	-1.567620e+03	1.413668e+05
1.570800e-01	1.231089e+05	-6.773245e-03	5.205206e-02	0.000000e+00	-7.730435e+03	1.308393e+05
1.582700e-01	1.068183e+05	-6.835291e-03	5.221489e-02	0.000000e+00	-6.328402e+03	1.131467e+05
1.594600e-01	1.212068e+05	-6.897516e-03	5.237637e-02	0.000000e+00	-4.701486e+03	1.259083e+05
1.606500e-01	1.161492e+05	-6.959946e-03	5.254445e-02	0.000000e+00	-4.401449e+03	1.205507e+05
1.618400e-01	1.202825e+05	-7.022572e-03	5.271189e-02	0.000000e+00	-6.833201e+03	1.271157e+05
1.630300e-01	1.171377e+05	-7.085401e-03	5.288002e-02	0.000000e+00	-5.030432e+03	1.221681e+05
1.642200e-01	1.276832e+05	-7.148426e-03	5.305339e-02	0.000000e+00	-3.140738e+03	1.308239e+05
1.654100e-01	1.250276e+05	-7.211668e-03	5.323235e-02	0.000000e+00	-5.698301e+03	1.307259e+05
1.666000e-01	1.425205e+05	-7.275120e-03	5.342182e-02	0.000000e+00	-3.823735e+03	1.463442e+05
1.677900e-01	1.492297e+05	-7.338812e-03	5.362843e-02	0.000000e+00	-2.502991e+03	1.517327e+05
1.689800e-01	1.256464e+05	-7.402755e-03	5.382309e-02	0.000000e+00	-4.923410e+03	1.305698e+05
1.701700e-01	1.313003e+05	-7.466911e-03	5.400505e-02	0.000000e+00	-2.490985e+03	1.337913e+05
1.713600e-01	1.265314e+05	-7.531287e-03	5.418763e-02	0.000000e+00	-3.393328e+03	1.299247e+05
1.725500e-01	1.297553e+05	-7.595877e-03	5.436913e-02	0.000000e+00	-4.431620e+03	1.341870e+05
1.737400e-01	1.306429e+05	-7.660686e-03	5.455353e-02	0.000000e+00	-7.120256e+03	1.377632e+05
1.749300e-01	1.321577e+05	-7.725714e-03	5.473964e-02	0.000000e+00	-5.874383e+03	1.380321e+05
1.761200e-01	1.278337e+05	-7.790966e-03	5.492375e-02	0.000000e+00	-4.567141e+03	1.324009e+05
1.773100e-01	1.210650e+05	-7.856433e-03	5.510002e-02	0.000000e+00	-4.671845e+03	1.257368e+05
1.785000e-01	1.262291e+05	-7.922104e-03	5.527514e-02	0.000000e+00	-2.852581e+03	1.290817e+05
1.796900e-01	1.349454e+05	-7.987988e-03	5.546010e-02	0.000000e+00	-2.566272e+03	1.375117e+05
1.808800e-01	1.390866e+05	-8.054099e-03	5.565416e-02	0.000000e+00	-3.417058e+03	1.425036e+05
1.820700e-01	1.333341e+05	-8.120445e-03	5.584707e-02	0.000000e+00	-3.502905e+03	1.368370e+05
1.832600e-01	1.326408e+05	-8.187015e-03	5.603543e-02	0.000000e+00	-8.415253e+03	1.410560e+05
1.844500e-01	1.295021e+05	-8.253809e-03	5.622107e-02	0.000000e+00	-3.064996e+03	1.325671e+05
1.856400e-01	1.359547e+05	-8.320821e-03	5.640906e-02	0.000000e+00	-4.107081e+03	1.400618e+05
1.868300e-01	1.345178e+05	-8.388063e-03	5.660059e-02	0.000000e+00	-2.822396e+03	1.373402e+05
1.880200e-01	1.633815e+05	-8.455531e-03	5.681156e-02	0.000000e+00	-5.143263e+03	1.685247e+05
1.892100e-01	1.409711e+05	-8.523274e-03	5.702709e-02	0.000000e+00	-3.803827e+03	1.447749e+05
1.904000e-01	1.292980e+05	-8.591255e-03	5.721848e-02	0.000000e+00	-5.087730e+03	1.343857e+05
1.915900e-01	1.363474e+05	-8.659454e-03	5.740660e-02	0.000000e+00	-4.710321e+03	1.410577e+05
1.927800e-01	1.416492e+05	-8.727883e-03	5.760347e-02	0.000000e+00	-5.320418e+03	1.469696e+05
1.939700e-01	1.508442e+05	-8.796550e-03	5.781060e-02	0.000000e+00	-5.821493e+03	1.566656e+05
1.951600e-01	1.426488e+05	-8.865472e-03	5.801845e-02	0.000000e+00	-4.143938e+03	1.467928e+05
1.963500e-01	1.288661e+05	-8.934634e-03	5.821072e-02	0.000000e+00	-5.505518e+03	1.343717e+05
1.975400e-01	1.533469e+05	-9.004014e-03	5.841058e-02	0.000000e+00	-5.020858e+03	1.583677e+05
1.987300e-01	1.403858e+05	-9.073651e-03	5.861859e-02	0.000000e+00	-2.149920e+03	1.425357e+05
1.999200e-01	1.308244e+05	-9.143526e-03	5.881065e-02	0.000000e+00	-3.617107e+03	1.344415e+05
2.011100e-01	1.360535e+05	-9.213621e-03	5.899964e-02	0.000000e+00	-4.755245e+03	1.408088e+05
2.023000e-01	1.274680e+05	-9.283945e-03	5.918626e-02	0.000000e+00	-6.755159e+03	1.342232e+05
2.034900e-01	1.521360e+05	-9.354484e-03	5.938427e-02	0.000000e+00	-3.806215e+03	1.559422e+05
2.046800e-01	1.331542e+05	-9.425280e-03	5.958630e-02	0.000000e+00	-3.833069e+03	1.369873e+05
2.058700e-01	1.367256e+05	-9.496299e-03	5.977742e-02	0.000000e+00	-3.845990e+03	1.405716e+05
2.070600e-01	1.564293e+05	-9.567550e-03	5.998502e-02	0.000000e+00	-2.099374e+03	1.585286e+05
2.082500e-01	1.300431e+05	-9.639064e-03	6.018789e-02	0.000000e+00	-5.420947e+03	1.354641e+05
2.094400e-01	1.302035e+05	-9.710797e-03	6.037219e-02	0.000000e+00	-2.941006e+03	1.331445e+05
2.106300e-01	1.461135e+05	-9.782750e-03	6.056786e-02	0.000000e+00	-4.777366e+03	1.508909e+05
2.118200e-01	1.433644e+05	-9.854949e-03	6.077286e-02	0.000000e+00	-1.966064e+03	1.453305e+05
2.130100e-01	1.466786e+05	-9.927389e-03	6.097826e-02	0.000000e+00	-2.389963e+03	1.490686e+05
2.142000e-01	1.425058e+05	-1.000008e-02	6.118305e-02	0.000000e+00	-4.423669e+03	1.469294e+05
2.153900e-01	1.409068e+05	-1.007300e-02	6.138375e-02	0.000000e+00	-6.372506e+03	1.472793e+05
2.165800e-01	1.294707e+05	-1.014617e-02	6.157523e-02	0.000000e+00	-1.415487e+03	1.308861e+05
2.177700e-01	1.380734e+05	-1.021955e-02	6.176469e-02	0.000000e+00	-2.661570e+03	1.407350e+05
2.189600e-01	1.578428e+05	-1.029317e-02	6.197425e-02	0.000000e+00	-4.312544e+03	1.621554e+05
2.201500e-01	1.529121e+05	-1.036705e-02	6.219431e-02	0.000000e+00	-6.295251e+03	1.592074e+05
2.213400e-01	1.436621e+05	-1.044119e-02	6.240434e-02	0.000000e+00	-6.653723e+03	1.503158e+05
2.225300e-01	1.570589e+05	-1.051557e-02	6.261730e-02	0.000000e+00	-5.220597e+03	1.622795e+05
2.237200e-01	1.519372e+05	-1.059022e-02	6.283612e-02	0.000000e+00	-5.407191e+03	1.573444e+05
2.249100e-01	1.477232e+05	-1.066512e-02	6.304833e-02	0.000000e+00	-6.160004e+03	1.538832e+05
2.261000e-01	1.592305e+05	-1.074028e-02	6.326570e-02	0.000000e+00	-6.435645e+03	1.656662e+05
2.272900e-01	1.490752e+05	-1.081570e-02	6.348403e-02	0.000000e+00	-7.150635e+03	1.562259e+05
2.284800e-01	1.522418e+05	-1.089137e-02	6.369741e-02	0.000000e+00	-5.350937e+03	1.575927e+05
2.296700e-01	1.449359e+05	-1.096730e-02	6.390786e-02	0.000000e+00	-3.860808e+03	1.487967e+05
2.308600e-01	1.630900e+05	-1.104347e-02	6.412600e-02	0.000000e+00	-3.537719e+03	1.666277e+05
2.320500e-01	1.471644e+05	-1.111992e-02	6.434571e-02	0.000000e+00	-4.635333e+03	1.517998e+05
2.332400e-01	1.399437e+05	-1.119661e-02	6.454903e-02	0.000000e+00	-6.424795e+03	1.463685e+05
2.344300e-01	1.497061e+05	-1.127354e-02	6.475415e-02	0.000000e+00	-3.304247e+03	1.530103e+05
2.356200e-01	1.553060e+05	-1.135073e-02	6.497015e-02	0.000000e+00	-5.671707e+03	1.609777e+05
2.368100e-01	1.584480e+05	-1.142817e-02	6.519234e-02	0.000000e+00	-3.833702e+03	1.622817e+05
2.380000e-01	1.667779e+05	-1.150588e-02	6.542265e-02	0.000000e+00	-9.003147e+02	1.676782e+05
2.391900e-01	1.548034e+05	-1.158388e-02	6.565038e-02	0.000000e+00	-3.199133e+03	1.580026e+05
2.403800e-01	1.632935e+05	-1.166213e-02	6.587565e-02	0.000000e+00	-2.251411e+03	1.655450e+05
2.415700e-01	1.526266e+05	-1.174066e-02	6.609937e-02	0.000000e+00	-4.244274e+02	1.530510e+05
2.427600e-01	1.526619e+05	-1.181945e-02	6.631557e-02	0.000000e+00	-1.171189e+03	1.538331e+05
2.439500e-01	1.491786e+05	-1.189849e-02	6.652932e-02	0.000000e+00	-3.985915e+03	1.531645e+05
2.451400e-01	1.537914e+05	-1.197779e-02	6.674387e-02	0.000000e+00	-1.588339e+03	1.553798e+05
2.463300e-01	1.585500e+05	-1.205734e-02	6.696506e-02	0.000000e+00	-3.942340e+03	1.624923e+05
2.475200e-01	1.549868e+05	-1.213717e-02	6.718710e-02	0.000000e+00	-1.788847e+03	1.567756e+05
2.487100e-01	1.431642e+05	-1.221725e-02	6.739824e-02	0.000000e+00	-3.313958e+03	1.464782e+05
2.499000e-01	1.419604e+05	-1.229757e-02	6.760015e-02	0.000000e+00	-4.166864e+03	1.461273e+05
2.510900e-01	1.570084e+05	-1.237814e-02	6.781187e-02	0.000000e+00	-4.213709e+03	1.612221e+05
2.522800e-01	1.625584e+05	-1.245897e-02	6.803818e-02	0.000000e+00	-6.983700e+03	1.695421e+05
2.534700e-01	1.475648e+05	-1.254007e-02	6.825779e-02	0.000000e+00	-5.156154e+03	1.527210e+05
2.546600e-01	1.474921e+05	-1.262142e-02	6.846674e-02	0.000000e+00	-4.154889e+03	1.516470e+05
2.558500e-01	1.633095e+05	-1.270302e-02	6.868684e-02	0.000000e+00	-3.827780e+03	1.671373e+05
2.570400e-01	1.730473e+05	-1.278489e-02	6.892504e-02	0.000000e+00	-4.806803e+03	1.778541e+05
2.582300e-01	1.516829e+05	-1.286706e-02	6.915500e-02	0.000000e+00	-3.884853e+03	1.555678e+05
2.594200e-01	1.530140e+05	-1.294948e-02	6.937078e-02	0.000000e+00	-2.738800e+03	1.557528e+05
2.606100e-01	1.636393e+05	-1.303216e-02	6.959502e-02	0.000000e+00	-4.326493e+03	1.679658e+05
2.618000e-01	1.431569e+05	-1.311512e-02	6.981228e-02	0.000000e+00	-5.560434e+03	1.487174e+05
2.629900e-01	1.522610e+05	-1.319832e-02	7.002149e-02	0.000000e+00	-5.137923e+03	1.573989e+05
2.641800e-01	1.462810e+05	-1.328177e-02	7.023290e-02	0.000000e+00	-5.161932e+03	1.514430e+05
2.653700e-01	1.583339e+05	-1.336547e-02	7.044862e-02	0.000000e+00	-1.839606e+03	1.601735e+05
2.665600e-01	1.641326e+05	-1.344944e-02	7.067698e-02	0.000000e+00	-2.559021e+03	1.666916e+05
2.677500e-01	1.744223e+05	-1.353368e-02	7.091673e-02	0.000000e+00	-3.986606e+03	1.784089e+05
2.689400e-01	1.551054e+05	-1.361822e-02	7.115009e-02	0.000000e+00	-3.426983e+03	1.585324e+05
2.701300e-01	1.609078e+05	-1.370302e-02	7.137388e-02	0.000000e+00	-3.933406e+03	1.648412e+05
2.713200e-01	1.540662e+05	-1.378809e-02	7.159693e-02	0.000000e+00	-5.879360e+03	1.599456e+05
2.725100e-01	1.598992e+05	-1.387342e-02	7.181927e-02	0.000000e+00	-3.617811e+03	1.635170e+05
2.737000e-01	1.643418e+05	-1.395902e-02	7.204889e-02	0.000000e+00	-4.795603e+03	1.691374e+05
2.748900e-01	1.445465e+05	-1.404490e-02	7.226763e-02	0.000000e+00	-3.232602e+03	1.477791e+05
2.760800e-01	1.733254e+05	-1.413102e-02	7.249274e-02	0.000000e+00	-2.056776e+03	1.753822e+05
2.772700e-01	1.560294e+05	-1.421743e-02	7.272598e-02	0.000000e+00	-6.451660e+03	1.624811e+05
2.784600e-01	1.490971e+05	-1.430410e-02	7.294206e-02	0.000000e+00	-3.636840e+03	1.527339e+05
2.796500e-01	1.738806e+05	-1.439103e-02	7.317078e-02	0.000000e+00	-2.139610e+03	1.760202e+05
2.808400e-01	1.714044e+05	-1.447825e-02	7.341530e-02	0.000000e+00	-5.351995e+03	1.767564e+05
2.820300e-01	1.750883e+05	-1.456576e-02	7.366067e-02	0.000000e+00	-4.283099e+03	1.793714e+05
2.832200e-01	1.757105e+05	-1.465356e-02	7.390909e-02	0.000000e+00	-3.885401e+03	1.795959e+05
2.844100e-01	1.507613e+05	-1.474166e-02	7.414029e-02	0.000000e+00	-6.711957e+03	1.574732e+05
2.856000e-01	1.498621e+05	-1.483002e-02	7.435318e-02	0.000000e+00	-4.126692e+03	1.539888e+05
2.867900e-01	1.623489e+05	-1.491862e-02	7.457428e-02	0.000000e+00	-9.135475e+02	1.632625e+05
2.879800e-01	1.510228e+05	-1.500750e-02	7.479620e-02	0.000000e+00	-1.808766e+03	1.528315e+05
2.891700e-01	1.447803e+05	-1.509664e-02	7.500567e-02	0.000000e+00	-4.703502e+03	1.494838e+05
2.903600e-01	1.692026e+05	-1.518602e-02	7.522803e-02	0.000000e+00	-2.525955e+03	1.717286e+05
2.915500e-01	1.762632e+05	-1.527568e-02	7.547267e-02	0.000000e+00	-2.597182e+03	1.788604e+05
2.927400e-01	1.783209e+05	-1.536564e-02	7.572378e-02	0.000000e+00	-3.244705e+03	1.815657e+05
2.939300e-01	1.607734e+05	-1.545590e-02	7.596391e-02	0.000000e+00	-9.660962e+03	1.704343e+05
2.951200e-01	1.637011e+05	-1.554644e-02	7.619369e-02	0.000000e+00	-5.477917e+03	1.691790e+05
2.963100e-01	1.742515e+05	-1.563724e-02	7.643302e-02	0.000000e+00	-4.464130e+03	1.787157e+05
2.975000e-01	1.473458e+05	-1.572835e-02	7.666076e-02	0.000000e+00	-6.128465e+03	1.534742e+05
2.986900e-01	1.585133e+05	-1.581970e-02	7.687736e-02	0.000000e+00	-4.418277e+03	1.629316e+05
2.998800e-01	1.516153e+05	-1.591132e-02	7.709698e-02	0.000000e+00	-2.754140e+03	1.543695e+05
3.010700e-01	1.672434e+05	-1.600319e-02	7.732279e-02	0.000000e+00	-4.231812e+03	1.714752e+05
3.022600e-01	1.629815e+05	-1.609534e-02	7.755664e-02	0.000000e+00	-3.974261e+03	1.669557e+05
3.034500e-01	1.406844e+05	-1.618777e-02	7.777169e-02	0.000000e+00	-2.605109e+03	1.432896e+05
3.046400e-01	1.555121e+05	-1.628044e-02	7.798144e-02	0.000000e+00	-5.876691e+03	1.613888e+05
3.058300e-01	1.852413e+05	-1.637337e-02	7.822275e-02	0.000000e+00	-3.052814e+03	1.882941e+05
3.070200e-01	1.707157e+05	-1.646661e-02	7.847483e-02	0.000000e+00	-4.732181e+03	1.754479e+05
3.082100e-01	1.746154e+05	-1.656014e-02	7.871938e-02	0.000000e+00	-5.360492e+03	1.799759e+05
3.094000e-01	1.653875e+05	-1.665396e-02	7.896016e-02	0.000000e+00	-8.300985e+03	1.736884e+05
3.105900e-01	1.626141e+05	-1.674806e-02	7.919244e-02	0.000000e+00	-6.562240e+03	1.691763e+05
3.117800e-01	1.670905e+05	-1.684244e-02	7.942592e-02	0.000000e+00	-4.994734e+03	1.720852e+05
3.129700e-01	1.779846e+05	-1.693710e-02	7.967029e-02	0.000000e+00	-2.220917e+03	1.802055e+05
3.141600e-01	1.614048e+05	-1.703206e-02	7.991064e-02	0.000000e+00	-1.774757e+03	1.631795e+05
3.153500e-01	1.543618e+05	-1.712729e-02	8.013425e-02	0.000000e+00	-2.119938e+03	1.564818e+05
3.165400e-01	1.624327e+05	-1.722278e-02	8.035859e-02	0.000000e+00	-2.015619e+03	1.644483e+05
3.177300e-01	1.566589e+05	-1.731854e-02	8.058456e-02	0.000000e+00	-8.903002e+02	1.575492e+05
3.189200e-01	1.765552e+05	-1.741457e-02	8.082053e-02	0.000000e+00	-6.198454e+03	1.827537e+05
3.201100e-01	1.727455e+05	-1.751089e-02	8.106789e-02	0.000000e+00	-4.119792e+03	1.768653e+05
3.213000e-01	1.836895e+05	-1.760751e-02	8.132031e-02	0.000000e+00	-3.958709e+03	1.876482e+05
3.224900e-01	1.582162e+05	-1.770443e-02	8.156243e-02	0.000000e+00	-2.656999e+03	1.608732e+05
3.236800e-01	1.791164e+05	-1.780163e-02	8.180132e-02	0.000000e+00	-2.618714e+03	1.817351e+05
3.248700e-01	1.730787e+05	-1.789912e-02	8.205073e-02	0.000000e+00	-3.194747e+03	1.762734e+05
3.260600e-01	1.779555e+05	-1.799691e-02	8.229932e-02	0.000000e+00	-5.465442e+03	1.834209e+05
3.272500e-01	1.666537e+05	-1.809499e-02	8.254336e-02	0.000000e+00	-5.604407e+03	1.722581e+05
3.284400e-01	1.603226e+05	-1.819336e-02	8.277492e-02	0.000000e+00	-5.390618e+03	1.657132e+05
3.296300e-01	1.607856e+05	-1.829200e-02	8.300231e-02	0.000000e+00	-5.773460e+03	1.665590e+05
3.308200e-01	1.600017e+05	-1.839091e-02	8.322949e-02	0.000000e+00	-4.559336e+03	1.645610e+05
3.320100e-01	1.757879e+05	-1.849008e-02	8.346728e-02	0.000000e+00	-4.207031e+03	1.799950e+05
3.332000e-01	1.717307e+05	-1.858956e-02	8.371338e-02	0.000000e+00	-1.260791e+03	1.729915e+05
3.343900e-01	1.606864e+05	-1.868932e-02	8.394879e-02	0.000000e+00	-2.131568e+03	1.628180e+05
3.355800e-01	1.599041e+05	-1.878936e-02	8.417582e-02	0.000000e+00	-3.968679e+03	1.638728e+05
3.367700e-01	1.789765e+05	-1.888966e-02	8.441580e-02	0.000000e+00	-1.230613e+03	1.802072e+05
3.379600e-01	1.770912e+05	-1.899027e-02	8.466795e-02	0.000000e+00	-4.610941e+03	1.817021e+05
3.391500e-01	1.782995e+05	-1.909117e-02	8.491963e-02	0.000000e+00	-5.890617e+03	1.841901e+05
3.403400e-01	1.826196e+05	-1.919237e-02	8.517522e-02	0.000000e+00	-1.438456e+03	1.840580e+05
3.415300e-01	1.802801e+05	-1.929389e-02	8.543221e-02	0.000000e+00	-2.417053e+03	1.826972e+05
3.427200e-01	1.705983e+05	-1.939570e-02	8.568069e-02	0.000000e+00	-1.707095e+03	1.723054e+05
3.439100e-01	1.646804e+05	-1.949781e-02	8.591812e-02	0.000000e+00	-4.821335e+03	1.695017e+05
3.451000e-01	1.780840e+05	-1.960019e-02	8.616086e-02	0.000000e+00	-4.729548e+03	1.828136e+05
3.462900e-01	1.755329e+05	-1.970287e-02	8.641128e-02	0.000000e+00	-3.619952e+03	1.791528e+05
3.474800e-01	1.731115e+05	-1.980585e-02	8.665818e-02	0.000000e+00	-5.436380e+03	1.785478e+05
3.486700e-01	1.692801e+05	-1.990912e-02	8.690064e-02	0.000000e+00	-3.508340e+03	1.727885e+05
3.498600e-01	1.763321e+05	-2.001267e-02	8.714540e-02	0.000000e+00	-3.192029e+03	1.795242e+05
3.510500e-01	1.726656e+05	-2.011652e-02	8.739254e-02	0.000000e+00	-3.513919e+03	1.761795e+05
3.522400e-01	1.643125e+05	-2.022067e-02	8.763118e-02	0.000000e+00	-4.440565e+03	1.687530e+05
3.534300e-01	1.846755e+05	-2.032508e-02	8.787832e-02	0.000000e+00	-4.298916e+03	1.889745e+05
3.546200e-01	1.804155e+05	-2.042982e-02	8.813686e-02	0.000000e+00	-4.822471e+03	1.852380e+05
3.558100e-01	1.776283e+05	-2.053485e-02	8.839042e-02	0.000000e+00	-1.986430e+03	1.796148e+05
3.570000e-01	1.816837e+05	-2.064018e-02	8.864487e-02	0.000000e+00	-2.911397e+03	1.845951e+05
3.581900e-01	1.620377e+05	-2.074583e-02	8.888828e-02	0.000000e+00	-4.381469e+03	1.664192e+05
3.593800e-01	1.788629e+05	-2.085174e-02	8.912970e-02	0.000000e+00	-2.291881e+03	1.811547e+05
3.605700e-01	1.779734e+05	-2.095795e-02	8.938240e-02	0.000000e+00	-4.404517e+03	1.823779e+05
3.617600e-01	1.751454e+05	-2.106447e-02	8.963246e-02	0.000000e+00	-4.587191e+03	1.797325e+05
3.629500e-01	1.769415e+05	-2.117128e-02	8.988180e-02	0.000000e+00	-3.976998e+03	1.809185e+05
3.641400e-01	1.821352e+05	-2.127839e-02	9.013608e-02	0.000000e+00	-4.024363e+03	1.861596e+05
3.653300e-01	1.688797e+05	-2.138580e-02	9.038466e-02	0.000000e+00	-4.740206e+03	1.736199e+05
3.665200e-01	1.696407e+05	-2.149350e-02	9.062439e-02	0.000000e+00	-4.012528e+03	1.736533e+05
3.677100e-01	1.885003e+05	-2.160149e-02	9.087801e-02	0.000000e+00	-4.794969e+03	1.932953e+05
3.689000e-01	1.759446e+05	-2.170979e-02	9.113610e-02	0.000000e+00	-4.140411e+03	1.800850e+05
3.700900e-01	1.576800e+05	-2.181839e-02	9.137236e-02	0.000000e+00	-2.509792e+03	1.601898e+05
3.712800e-01	1.744844e+05	-2.192726e-02	9.160758e-02	0.000000e+00	-2.598011e+03	1.770824e+05
3.724700e-01	1.639279e+05	-2.203642e-02	9.184724e-02	0.000000e+00	-4.909624e+03	1.688375e+05
3.736600e-01	1.622122e+05	-2.214586e-02	9.207820e-02	0.000000e+00	-2.901924e+03	1.651142e+05
3.748500e-01	1.770444e+05	-2.225557e-02	9.231845e-02	0.000000e+00	-3.521286e+03	1.805657e+05
3.760400e-01	1.537656e+05	-2.236557e-02	9.255271e-02	0.000000e+00	-3.410147e+03	1.571757e+05
3.772300e-01	1.668027e+05	-2.247584e-02	9.277973e-02	0.000000e+00	-4.512452e+03	1.713152e+05
3.784200e-01	1.737824e+05	-2.258639e-02	9.302092e-02	0.000000e+00	-5.003443e+03	1.787858e+05
3.796100e-01	1.880566e+05	-2.269723e-02	9.327716e-02	0.000000e+00	-3.992333e+03	1.920489e+05
3.808000e-01	1.776432e+05	-2.280839e-02	9.353614e-02	0.000000e+00	-6.802341e+03	1.844456e+05
3.819900e-01	1.825730e+05	-2.291985e-02	9.379123e-02	0.000000e+00	-3.787224e+03	1.863602e+05
3.831800e-01	1.673714e+05	-2.303161e-02	9.403905e-02	0.000000e+00	-7.673321e+02	1.681388e+05
3.843700e-01	1.715002e+05	-2.314366e-02	9.427903e-02	0.000000e+00	-4.583059e+03	1.760832e+05
3.855600e-01	1.956496e+05	-2.325600e-02	9.453903e-02	0.000000e+00	-2.464984e+03	1.981146e+05
3.867500e-01	1.859409e+05	-2.336866e-02	9.480926e-02	0.000000e+00	-2.915276e+03	1.888562e+05
3.879400e-01	1.803795e+05	-2.348164e-02	9.506867e-02	0.000000e+00	-5.425918e+03	1.858054e+05
3.891300e-01	1.822022e+05	-2.359493e-02	9.532544e-02	0.000000e+00	-5.686788e+03	1.878890e+05
3.903200e-01	1.914866e+05	-2.370852e-02	9.559007e-02	0.000000e+00	-2.485793e+03	1.939724e+05
3.915100e-01	1.779020e+05	-2.382243e-02	9.585166e-02	0.000000e+00	-3.320865e+03	1.812229e+05
3.927000e-01	1.722331e+05	-2.393664e-02	9.609961e-02	0.000000e+00	-4.894553e+03	1.771276e+05
3.938900e-01	1.864452e+05	-2.405115e-02	9.635362e-02	0.000000e+00	-3.816122e+03	1.902614e+05
3.950800e-01	1.732524e+05	-2.416596e-02	9.660834e-02	0.000000e+00	-1.351258e+03	1.746036e+05
3.962700e-01	1.767818e+05	-2.428107e-02	9.685622e-02	0.000000e+00	-2.972371e+03	1.797542e+05
3.974600e-01	1.692376e+05	-2.439648e-02	9.710126e-02	0.000000e+00	-2.539629e+03	1.717773e+05
3.986500e-01	1.813950e+05	-2.451218e-02	9.734957e-02	0.000000e+00	-3.769532e+03	1.851645e+05
3.998400e-01	1.682490e+05	-2.462817e-02	9.759717e-02	0.000000e+00	-3.448379e+03	1.716974e+05
4.010300e-01	1.827842e+05	-2.474446e-02	9.784576e-02	0.000000e+00	-1.770094e+03	1.845543e+05
4.022200e-01	2.018373e+05	-2.486105e-02	9.811814e-02	0.000000e+00	-3.967497e+03	2.058048e+05
4.034100e-01	1.814171e+05	-2.497798e-02	9.838955e-02	0.000000e+00	-1.604004e+03	1.830211e+05
4.046000e-01	1.773366e+05	-2.509521e-02	9.864360e-02	0.000000e+00	-4.610772e+03	1.819474e+05
4.057900e-01	1.766970e+05	-2.521275e-02	9.889432e-02	0.000000e+00	-5.465664e+03	1.821627e+05
4.069800e-01	1.648912e+05	-2.533058e-02	9.913622e-02	0.000000e+00	-3.856675e+03	1.687479e+05
4.081700e-01	1.580239e+05	-2.544869e-02	9.936489e-02	0.000000e+00	-5.865213e+03	1.638891e+05
4.093600e-01	1.666668e+05	-2.556707e-02	9.959483e-02	0.000000e+00	-2.083115e+03	1.687499e+05
4.105500e-01	1.879362e+05	-2.568573e-02	9.984595e-02	0.000000e+00	-2.042585e+03	1.899788e+05
4.117400e-01	1.772109e+05	-2.580471e-02	1.001045e-01	0.000000e+00	-2.233648e+03	1.794446e+05
4.129300e-01	1.816041e+05	-2.592398e-02	1.003586e-01	0.000000e+00	-1.547037e+03	1.831512e+05
4.141200e-01	2.043685e+05	-2.604356e-02	1.006320e-01	0.000000e+00	-7.691263e+02	2.051376e+05
4.153100e-01	2.065588e+05	-2.616348e-02	1.009230e-01	0.000000e+00	-4.279132e+03	2.108380e+05
4.165000e-01	1.943323e+05	-2.628376e-02	1.012069e-01	0.000000e+00	-3.977349e+03	1.983097e+05
4.176900e-01	1.871217e+05	-2.640436e-02	1.014770e-01	0.000000e+00	-4.376453e+03	1.914982e+05
4.188800e-01	1.802647e+05	-2.652527e-02	1.017372e-01	0.000000e+00	-3.151590e+03	1.834163e+05
4.200700e-01	1.875598e+05	-2.664649e-02	1.019976e-01	0.000000e+00	-2.348778e+03	1.899086e+05
4.212600e-01	1.852807e+05	-2.676802e-02	1.022617e-01	0.000000e+00	-2.494392e+03	1.877751e+05
4.224500e-01	1.929753e+05	-2.688987e-02	1.025295e-01	0.000000e+00	-7.717990e+02	1.937471e+05
4.236400e-01	1.869441e+05	-2.701205e-02	1.027986e-01	0.000000e+00	-3.023691e+03	1.899678e+05
4.248300e-01	1.859066e+05	-2.713453e-02	1.030626e-01	0.000000e+00	-2.691737e+03	1.885984e+05
4.260200e-01	1.797527e+05	-2.725733e-02	1.033216e-01	0.000000e+00	-3.532103e+03	1.832848e+05
4.272100e-01	1.672343e+05	-2.738044e-02	1.035673e-01	0.000000e+00	-2.506645e+03	1.697409e+05
4.284000e-01	1.797223e+05	-2.750382e-02	1.038130e-01	0.000000e+00	-3.977652e+03	1.836999e+05
4.295900e-01	1.780261e+05	-2.762751e-02	1.040664e-01	0.000000e+00	-2.401774e+03	1.804279e+05
4.307800e-01	1.802775e+05	-2.775150e-02	1.043201e-01	0.000000e+00	-5.459341e+03	1.857368e+05
4.319700e-01	1.950281e+05	-2.787580e-02	1.045859e-01	0.000000e+00	-4.622438e+03	1.996505e+05
4.331600e-01	1.529315e+05	-2.800042e-02	1.048323e-01	0.000000e+00	-3.084476e+03	1.560160e+05
4.343500e-01	1.803056e+05	-2.812530e-02	1.050683e-01	0.000000e+00	-2.585927e+03	1.828915e+05
4.355400e-01	1.995627e+05	-2.825048e-02	1.053373e-01	0.000000e+00	-3.493384e+03	2.030561e+05
4.367300e-01	1.934390e+05	-2.837600e-02	1.056156e-01	0.000000e+00	-3.327173e+03	1.967662e+05
4.379200e-01	1.866026e+05	-2.850184e-02	1.058847e-01	0.000000e+00	-2.965503e+03	1.895681e+05
4.391100e-01	1.871617e+05	-2.862800e-02	1.061494e-01	0.000000e+00	-1.864868e+03	1.890266e+05
4.403000e-01	1.791340e+05	-2.875448e-02	1.064088e-01	0.000000e+00	-2.785970e+03	1.819200e+05
4.414900e-01	1.708874e+05	-2.888126e-02	1.066567e-01	0.000000e+00	-2.005644e+03	1.728930e+05
4.426800e-01	1.875069e+05	-2.900832e-02	1.069105e-01	0.000000e+00	-1.842197e+03	1.893491e+05
4.438700e-01	1.839476e+05	-2.913570e-02	1.071735e-01	0.000000e+00	-3.213978e+03	1.871615e+05
4.450600e-01	1.764666e+05	-2.926340e-02	1.074288e-01	0.000000e+00	-6.188652e+03	1.826552e+05
4.462500e-01	1.773115e+05	-2.939138e-02	1.076793e-01	0.000000e+00	-3.856282e+03	1.811678e+05
4.474400e-01	1.780726e+05	-2.951967e-02	1.079310e-01	0.000000e+00	-2.282762e+03	1.803554e+05
4.486300e-01	1.701111e+05	-2.964826e-02	1.081775e-01	0.000000e+00	-2.016845e+03	1.721280e+05
4.498200e-01	1.785338e+05	-2.977714e-02	1.084244e-01	0.000000e+00	-1.394333e+03	1.799282e+05
4.510100e-01	1.701630e+05	-2.990631e-02	1.086714e-01	0.000000e+00	-3.027708e+03	1.731907e+05
4.522000e-01	1.757888e+05	-3.003577e-02	1.089164e-01	0.000000e+00	-4.259069e+03	1.800479e+05
4.533900e-01	1.801344e+05	-3.016553e-02	1.091684e-01	0.000000e+00	-2.816050e+03	1.829505e+05
4.545800e-01	1.874003e+05	-3.029559e-02	1.094287e-01	0.000000e+00	-2.983663e+03	1.903839e+05
4.557700e-01	2.019606e+05	-3.042597e-02	1.097044e-01	0.000000e+00	-3.473543e+03	2.054341e+05
4.569600e-01	1.900778e+05	-3.055669e-02	1.099820e-01	0.000000e+00	-9.251847e+02	1.910030e+05
4.581500e-01	1.892848e+05	-3.068773e-02	1.102507e-01	0.000000e+00	-8.487083e+02	1.901335e+05
4.593400e-01	2.004677e+05	-3.081909e-02	1.105267e-01	0.000000e+00	-3.605393e+03	2.040731e+05
4.605300e-01	1.898948e+05	-3.095078e-02	1.108031e-01	0.000000e+00	-4.737398e+03	1.946322e+05
4.617200e-01	1.889535e+05	-3.108280e-02	1.110714e-01	0.000000e+00	-4.188031e+03	1.931416e+05
4.629100e-01	1.951405e+05	-3.121513e-02	1.113434e-01	0.000000e+00	-2.121603e+03	1.972621e+05
4.641000e-01	1.618650e+05	-3.134780e-02	1.115963e-01	0.000000e+00	-1.357441e+03	1.632224e+05
4.652900e-01	1.961752e+05	-3.148073e-02	1.118498e-01	0.000000e+00	-1.675982e+03	1.978512e+05
4.664800e-01	1.942321e+05	-3.161400e-02	1.121263e-01	0.000000e+00	-2.324605e+03	1.965567e+05
4.676700e-01	1.755933e+05	-3.174759e-02	1.123882e-01	0.000000e+00	-4.634257e+03	1.802276e+05
4.688600e-01	1.992073e+05	-3.188148e-02	1.126536e-01	0.000000e+00	-2.994921e+03	2.022022e+05
4.700500e-01	1.947868e+05	-3.201571e-02	1.129326e-01	0.000000e+00	-4.389945e+03	1.991767e+05
4.712400e-01	1.851790e+05	-3.215026e-02	1.132017e-01	0.000000e+00	-5.831018e+03	1.910101e+05
4.724300e-01	2.029979e+05	-3.228513e-02	1.134766e-01	0.000000e+00	-2.950288e+03	2.059482e+05
4.736200e-01	1.980698e+05	-3.242034e-02	1.137606e-01	0.000000e+00	-2.278029e+03	2.003478e+05
4.748100e-01	1.902247e+05	-3.255588e-02	1.140356e-01	0.000000e+00	-1.135774e+03	1.913605e+05
4.760000e-01	2.087766e+05	-3.269174e-02	1.143181e-01	0.000000e+00	-1.116375e+03	2.098930e+05
4.771900e-01	1.963096e+05	-3.282796e-02	1.146050e-01	0.000000e+00	-2.419265e+03	1.987288e+05
4.783800e-01	1.833646e+05	-3.296450e-02	1.148739e-01	0.000000e+00	-4.454859e+03	1.878195e+05
4.795700e-01	1.946370e+05	-3.310136e-02	1.151416e-01	0.000000e+00	-1.656235e+03	1.962933e+05
4.807600e-01	1.953662e+05	-3.323854e-02	1.154178e-01	0.000000e+00	-2.997483e+03	1.983637e+05
4.819500e-01	1.813401e+05	-3.337605e-02	1.156845e-01	0.000000e+00	-5.153048e+03	1.864932e+05
4.831400e-01	2.026890e+05	-3.351387e-02	1.159565e-01	0.000000e+00	-5.577264e+03	2.082663e+05
4.843300e-01	1.816343e+05	-3.365203e-02	1.162286e-01	0.000000e+00	-3.455927e+03	1.850902e+05
4.855200e-01	1.881087e+05	-3.379049e-02	1.164905e-01	0.000000e+00	-1.903050e+03	1.900117e+05
4.867100e-01	1.991312e+05	-3.392927e-02	1.167647e-01	0.000000e+00	-1.688893e+03	2.008201e+05
4.879000e-01	1.907299e+05	-3.406839e-02	1.170408e-01	0.000000e+00	-1.510373e+03	1.922403e+05
4.890900e-01	1.925811e+05	-3.420783e-02	1.173122e-01	0.000000e+00	-1.409834e+03	1.939909e+05
4.902800e-01	1.837552e+05	-3.434759e-02	1.175788e-01	0.000000e+00	-2.174450e+03	1.859297e+05
4.914700e-01	1.859505e+05	-3.448767e-02	1.178406e-01	0.000000e+00	-5.851448e+03	1.918019e+05
4.926600e-01	1.806047e+05	-3.462805e-02	1.181001e-01	0.000000e+00	-4.623124e+03	1.852278e+05
4.938500e-01	1.810060e+05	-3.476875e-02	1.183562e-01	0.000000e+00	-5.225825e+03	1.862318e+05
4.950400e-01	1.866077e+05	-3.490974e-02	1.186166e-01	0.000000e+00	-2.127088e+03	1.887348e+05
4.962300e-01	1.847186e+05	-3.505105e-02	1.188795e-01	0.000000e+00	-1.532623e+03	1.862512e+05
4.974200e-01	1.949906e+05	-3.519268e-02	1.191484e-01	0.000000e+00	-1.907203e+03	1.968978e+05
4.986100e-01	1.958726e+05	-3.533463e-02	1.194252e-01	0.000000e+00	-1.231067e+03	1.971037e+05
4.998000e-01	1.864995e+05	-3.547691e-02	1.196960e-01	0.000000e+00	-2.816204e+03	1.893157e+05
5.009900e-01	1.966415e+05	-3.561950e-02	1.199673e-01	0.000000e+00	-3.768788e+03	2.004103e+05
5.021800e-01	1.931329e+05	-3.576243e-02	1.202433e-01	0.000000e+00	-2.672727e+03	1.958057e+05
5.033700e-01	1.741551e+05	-3.590568e-02	1.205034e-01	0.000000e+00	-5.084115e+03	1.792392e+05
5.045600e-01	1.956045e+05	-3.604923e-02	1.207653e-01	0.000000e+00	-4.722617e+03	2.003271e+05
5.057500e-01	1.869315e+05	-3.619310e-02	1.210362e-01	0.000000e+00	-5.817583e+03	1.927491e+05
5.069400e-01	1.833869e+05	-3.633729e-02	1.212984e-01	0.000000e+00	-2.526587e+03	1.859135e+05
5.081300e-01	1.932847e+05	-3.648179e-02	1.215652e-01	0.000000e+00	-2.144447e+03	1.954292e+05
5.093200e-01	2.024792e+05	-3.662662e-02	1.218455e-01	0.000000e+00	-2.990402e+03	2.054697e+05
5.105100e-01	1.943706e+05	-3.677179e-02	1.221265e-01	0.000000e+00	-2.784895e+03	1.971555e+05
5.117000e-01	1.995433e+05	-3.691728e-02	1.224054e-01	0.000000e+00	-2.601070e+03	2.021444e+05
5.128900e-01	1.946496e+05	-3.706311e-02	1.226846e-01	0.000000e+00	-3.483891e+03	1.981335e+05
5.140800e-01	1.855590e+05	-3.720927e-02	1.229538e-01	0.000000e+00	-3.357649e+03	1.889167e+05
5.152700e-01	1.903021e+05	-3.735574e-02	1.232200e-01	0.000000e+00	-6.630432e+03	1.969325e+05
5.164600e-01	2.034305e+05	-3.750253e-02	1.234988e-01	0.000000e+00	-2.890949e+03	2.063215e+05
5.176500e-01	2.004747e+05	-3.764967e-02	1.237849e-01	0.000000e+00	-2.799913e+03	2.032746e+05
5.188400e-01	1.861951e+05	-3.779714e-02	1.240587e-01	0.000000e+00	-2.442059e+03	1.886372e+05
5.200300e-01	1.976257e+05	-3.794493e-02	1.243305e-01	0.000000e+00	-3.717219e+03	2.013429e+05
5.212200e-01	1.894420e+05	-3.809305e-02	1.246046e-01	0.000000e+00	-4.466389e+03	1.939084e+05
5.224100e-01	2.058582e+05	-3.824149e-02	1.248846e-01	0.000000e+00	-3.751892e+03	2.096101e+05
5.236000e-01	1.890761e+05	-3.839027e-02	1.251642e-01	0.000000e+00	-1.914768e+03	1.909909e+05
5.247900e-01	1.954387e+05	-3.853938e-02	1.254365e-01	0.000000e+00	-1.947938e+03	1.973866e+05
5.259800e-01	1.724792e+05	-3.868881e-02	1.256971e-01	0.000000e+00	-2.352718e+03	1.748320e+05
5.271700e-01	1.861327e+05	-3.883854e-02	1.259510e-01	0.000000e+00	-2.922210e+03	1.890549e+05
5.283600e-01	1.878625e+05	-3.898858e-02	1.262159e-01	0.000000e+00	-3.776780e+03	1.916393e+05
5.295500e-01	1.823086e+05	-3.913893e-02	1.264780e-01	0.000000e+00	-2.659324e+03	1.849680e+05
5.307400e-01	1.864211e+05	-3.928959e-02	1.267392e-01	0.000000e+00	-4.271065e+03	1.906922e+05
5.319300e-01	1.906938e+05	-3.944057e-02	1.270062e-01	0.000000e+00	-2.329653e+03	1.930235e+05
5.331200e-01	1.945389e+05	-3.959187e-02	1.272790e-01	0.000000e+00	-4.901670e+03	1.994405e+05
5.343100e-01	1.952566e+05	-3.974349e-02	1.275551e-01	0.000000e+00	-2.243796e+03	1.975004e+05
5.355000e-01	1.907570e+05	-3.989545e-02	1.278284e-01	0.000000e+00	-3.315686e+03	1.940727e+05
5.366900e-01	1.717205e+05	-4.004773e-02	1.280851e-01	0.000000e+00	-3.363515e+03	1.750841e+05
5.378800e-01	1.866788e+05	-4.020029e-02	1.283389e-01	0.000000e+00	-2.454397e+03	1.891332e+05
5.390700e-01	1.999433e+05	-4.035317e-02	1.286127e-01	0.000000e+00	-7.868432e+02	2.007302e+05
5.402600e-01	1.858367e+05	-4.050639e-02	1.288859e-01	0.000000e+00	-1.140248e+03	1.869770e+05
5.414500e-01	1.991188e+05	-4.065992e-02	1.291585e-01	0.000000e+00	-1.911461e+03	2.010303e+05
5.426400e-01	1.905918e+05	-4.081379e-02	1.294345e-01	0.000000e+00	-2.897372e+03	1.934892e+05
5.438300e-01	2.132118e+05	-4.096797e-02	1.297205e-01	0.000000e+00	-3.636809e+03	2.168487e+05
5.450200e-01	2.038479e+05	-4.112252e-02	1.300158e-01	0.000000e+00	-1.576267e+03	2.054241e+05
5.462100e-01	2.036256e+05	-4.127741e-02	1.303044e-01	0.000000e+00	-5.085145e+03	2.087107e+05
5.474000e-01	1.866233e+05	-4.143265e-02	1.305807e-01	0.000000e+00	-2.499089e+03	1.891224e+05
5.485900e-01	2.094144e+05	-4.158819e-02	1.308612e-01	0.000000e+00	-1.454957e+03	2.108694e+05
5.497800e-01	2.042672e+05	-4.174410e-02	1.311541e-01	0.000000e+00	-1.454831e+03	2.057221e+05
5.509700e-01	1.837424e+05	-4.190034e-02	1.314289e-01	0.000000e+00	-5.440445e+02	1.842864e+05
5.521600e-01	2.014287e+05	-4.205690e-02	1.317017e-01	0.000000e+00	-1.274775e+03	2.027035e+05
5.533500e-01	2.149393e+05	-4.221379e-02	1.319965e-01	0.000000e+00	-1.182123e+03	2.161214e+05
5.545400e-01	2.131720e+05	-4.237105e-02	1.322997e-01	0.000000e+00	-1.961032e+03	2.151331e+05
5.557300e-01	2.190430e+05	-4.252866e-02	1.326058e-01	0.000000e+00	-1.358379e+03	2.204013e+05
5.569200e-01	2.000923e+05	-4.268665e-02	1.329026e-01	0.000000e+00	-2.246925e+03	2.023393e+05
5.581100e-01	1.880460e+05	-4.284497e-02	1.331775e-01	0.000000e+00	-3.725350e+03	1.917714e+05
5.593000e-01	1.810558e+05	-4.300361e-02	1.334389e-01	0.000000e+00	-1.712242e+03	1.827681e+05
5.604900e-01	1.891311e+05	-4.316256e-02	1.337010e-01	0.000000e+00	-2.126365e+03	1.912575e+05
5.616800e-01	1.741932e+05	-4.332182e-02	1.339583e-01	0.000000e+00	-2.636993e+03	1.768302e+05
5.628700e-01	1.769287e+05	-4.348138e-02	1.342070e-01	0.000000e+00	-3.660995e+03	1.805897e+05
5.640600e-01	2.057380e+05	-4.364123e-02	1.344779e-01	0.000000e+00	-2.442537e+03	2.081805e+05
5.652500e-01	1.804336e+05	-4.380144e-02	1.347514e-01	0.000000e+00	-1.228727e+03	1.816624e+05
5.664400e-01	1.768344e+05	-4.396194e-02	1.350044e-01	0.000000e+00	-1.925863e+03	1.787603e+05
5.676300e-01	1.944488e+05	-4.412275e-02	1.352674e-01	0.000000e+00	-2.398874e+03	1.968476e+05
5.688200e-01	2.065193e+05	-4.428388e-02	1.355513e-01	0.000000e+00	-1.758822e+03	2.082781e+05
5.700100e-01	2.003533e+05	-4.444536e-02	1.358394e-01	0.000000e+00	-4.981868e+03	2.053352e+05
5.712000e-01	1.928552e+05	-4.460718e-02	1.361179e-01	0.000000e+00	-4.843398e+03	1.976986e+05
5.723900e-01	1.945089e+05	-4.476932e-02	1.363922e-01	0.000000e+00	-3.520360e+03	1.980292e+05
5.735800e-01	2.034408e+05	-4.493179e-02	1.366740e-01	0.000000e+00	-1.884113e+03	2.053250e+05
5.747700e-01	1.905245e+05	-4.509460e-02	1.369530e-01	0.000000e+00	-3.847838e+03	1.943724e+05
5.759600e-01	1.855346e+05	-4.525774e-02	1.372193e-01	0.000000e+00	-4.668593e+03	1.902032e+05
5.771500e-01	1.907123e+05	-4.542119e-02	1.374858e-01	0.000000e+00	-1.039757e+03	1.917520e+05
5.783400e-01	1.763137e+05	-4.558495e-02	1.377457e-01	0.000000e+00	-3.440957e+03	1.797547e+05
5.795300e-01	1.848264e+05	-4.574902e-02	1.380014e-01	0.000000e+00	-2.552952e+03	1.873794e+05
5.807200e-01	1.917830e+05	-4.591340e-02	1.382681e-01	0.000000e+00	-2.841701e+03	1.946247e+05
5.819100e-01	2.019424e+05	-4.607810e-02	1.385470e-01	0.000000e+00	-3.696789e+03	2.056392e+05
5.831000e-01	1.899080e+05	-4.624314e-02	1.388245e-01	0.000000e+00	-4.381539e+03	1.942895e+05
5.842900e-01	1.918466e+05	-4.640850e-02	1.390948e-01	0.000000e+00	-1.738486e+03	1.935850e+05
5.854800e-01	1.776025e+05	-4.657418e-02	1.393564e-01	0.000000e+00	-2.181072e+03	1.797836e+05
5.866700e-01	1.771517e+05	-4.674017e-02	1.396077e-01	0.000000e+00	-4.179282e+03	1.813310e+05
5.878600e-01	2.015911e+05	-4.690645e-02	1.398759e-01	0.000000e+00	-3.195340e+03	2.047865e+05
5.890500e-01	1.972261e+05	-4.707307e-02	1.401583e-01	0.000000e+00	-3.461586e+03	2.006877e+05
5.902400e-01	2.053190e+05	-4.724003e-02	1.404434e-01	0.000000e+00	-8.104500e+02	2.061295e+05
5.914300e-01	1.997444e+05	-4.740733e-02	1.407302e-01	0.000000e+00	-1.423535e+02	1.998867e+05
5.926200e-01	2.089038e+05	-4.757497e-02	1.410196e-01	0.000000e+00	-2.674411e+03	2.115782e+05
5.938100e-01	2.060305e+05	-4.774295e-02	1.413134e-01	0.000000e+00	-5.585699e+03	2.116162e+05
5.950000e-01	1.914524e+05	-4.791129e-02	1.415949e-01	0.000000e+00	-4.043427e+03	1.954959e+05
5.961900e-01	1.836802e+05	-4.807995e-02	1.418606e-01	0.000000e+00	-3.377064e+03	1.870573e+05
5.973800e-01	1.998787e+05	-4.824892e-02	1.421322e-01	0.000000e+00	-2.259552e+03	2.021383e+05
5.985700e-01	1.928956e+05	-4.841823e-02	1.424104e-01	0.000000e+00	-2.767275e+03	1.956629e+05
5.997600e-01	2.002832e+05	-4.858786e-02	1.426888e-01	0.000000e+00	-2.884526e+03	2.031677e+05
6.009500e-01	2.009070e+05	-4.875782e-02	1.429729e-01	0.000000e+00	-3.662165e+03	2.045692e+05
6.021400e-01	1.948073e+05	-4.892813e-02	1.432531e-01	0.000000e+00	-3.519686e+03	1.983270e+05
6.033300e-01	2.012335e+05	-4.909877e-02	1.435336e-01	0.000000e+00	-5.317679e+03	2.065512e+05
6.045200e-01	1.925533e+05	-4.926974e-02	1.438125e-01	0.000000e+00	-2.582481e+03	1.951358e+05
6.057100e-01	1.881583e+05	-4.944104e-02	1.440821e-01	0.000000e+00	-4.556649e+03	1.927149e+05
6.069000e-01	1.912100e+05	-4.961266e-02	1.443507e-01	0.000000e+00	-2.080414e+03	1.932904e+05
6.080900e-01	1.995356e+05	-4.978460e-02	1.446274e-01	0.000000e+00	-2.426261e+03	2.019619e+05
6.092800e-01	1.850106e+05	-4.995687e-02	1.448998e-01	0.000000e+00	-8.270107e+02	1.858376e+05
6.104700e-01	1.968620e+05	-5.012946e-02	1.451702e-01	0.000000e+00	-1.713514e+03	1.985755e+05
6.116600e-01	2.034554e+05	-5.030238e-02	1.454537e-01	0.000000e+00	-1.083569e+03	2.045389e+05
6.128500e-01	2.028743e+05	-5.047564e-02	1.457414e-01	0.000000e+00	-2.405719e+03	2.052800e+05
6.140400e-01	2.114709e+05	-5.064924e-02	1.460348e-01	0.000000e+00	-3.407146e+03	2.148781e+05
6.152300e-01	2.120690e+05	-5.082320e-02	1.463348e-01	0.000000e+00	-4.858353e+03	2.169273e+05
6.164200e-01	1.885254e+05	-5.099752e-02	1.466185e-01	0.000000e+00	-2.485081e+03	1.910104e+05
6.176100e-01	2.027511e+05	-5.117215e-02	1.468956e-01	0.000000e+00	-4.156802e+03	2.069079e+05
6.188000e-01	2.114562e+05	-5.134713e-02	1.471889e-01	0.000000e+00	-4.308157e+03	2.157643e+05
6.199900e-01	2.005939e+05	-5.152246e-02	1.474807e-01	0.000000e+00	-4.283964e+03	2.048779e+05
6.211800e-01	2.162954e+05	-5.169813e-02	1.477759e-01	0.000000e+00	-7.484271e+02	2.170438e+05
6.223700e-01	1.913145e+05	-5.187417e-02	1.480646e-01	0.000000e+00	-2.191076e+03	1.935056e+05
6.235600e-01	1.923724e+05	-5.205053e-02	1.483363e-01	0.000000e+00	-3.483677e+03	1.958560e+05
6.247500e-01	2.229320e+05	-5.222721e-02	1.486304e-01	0.000000e+00	-2.306681e+03	2.252387e+05
6.259400e-01	1.851420e+05	-5.240427e-02	1.489194e-01	0.000000e+00	-1.115615e+03	1.862576e+05
6.271300e-01	1.868040e+05	-5.258164e-02	1.491828e-01	0.000000e+00	-1.690079e+03	1.884941e+05
6.283200e-01	1.906104e+05	-5.275932e-02	1.494500e-01	0.000000e+00	-2.421618e+03	1.930320e+05
6.295100e-01	1.811775e+05	-5.293733e-02	1.497133e-01	0.000000e+00	-2.221665e+03	1.833991e+05
6.307000e-01	1.920991e+05	-5.311564e-02	1.499777e-01	0.000000e+00	-3.240759e+03	1.953398e+05
6.318900e-01	1.945057e+05	-5.329427e-02	1.502514e-01	0.000000e+00	-1.681004e+03	1.961867e+05
6.330800e-01	2.029310e+05	-5.347324e-02	1.505329e-01	0.000000e+00	-4.317725e+03	2.072487e+05
6.342700e-01	2.284899e+05	-5.365254e-02	1.508384e-01	0.000000e+00	-1.018648e+03	2.295086e+05
6.354600e-01	2.026457e+05	-5.383223e-02	1.511437e-01	0.000000e+00	-3.420972e+03	2.060667e+05
6.366500e-01	1.877366e+05	-5.401226e-02	1.514202e-01	0.000000e+00	-3.292688e+03	1.910293e+05
6.378400e-01	1.901433e+05	-5.419261e-02	1.516878e-01	0.000000e+00	-2.816460e+03	1.929597e+05
6.390300e-01	1.860769e+05	-5.437328e-02	1.519542e-01	0.000000e+00	-3.956299e+03	1.900332e+05
6.402200e-01	2.226058e+05	-5.455426e-02	1.522436e-01	0.000000e+00	-1.027360e+03	2.236332e+05
6.414100e-01	1.970170e+05	-5.473562e-02	1.525408e-01	0.000000e+00	-2.696459e+03	1.997134e+05
6.426000e-01	1.941484e+05	-5.491731e-02	1.528178e-01	0.000000e+00	-2.778216e+03	1.969266e+05
6.437900e-01	1.946868e+05	-5.509933e-02	1.530932e-01	0.000000e+00	-3.098135e+03	1.977849e+05
6.449800e-01	2.105383e+05	-5.528167e-02	1.533801e-01	0.000000e+00	-2.479243e+03	2.130176e+05
6.461700e-01	2.025308e+05	-5.546437e-02	1.536726e-01	0.000000e+00	-3.696449e+02	2.029005e+05
6.473600e-01	2.030685e+05	-5.564741e-02	1.539599e-01	0.000000e+00	-1.950861e+03	2.050194e+05
6.485500e-01	1.975328e+05	-5.583080e-02	1.542436e-01	0.000000e+00	-2.366306e+02	1.977694e+05
6.497400e-01	2.036318e+05	-5.601451e-02	1.545277e-01	0.000000e+00	-2.388062e+03	2.060198e+05
6.509300e-01	2.109521e+05	-5.619857e-02	1.548213e-01	0.000000e+00	-3.594851e+03	2.145469e+05
6.521200e-01	2.184345e+05	-5.638299e-02	1.551253e-01	0.000000e+00	-1.936371e+03	2.203708e+05
6.533100e-01	2.025546e+05	-5.656777e-02	1.554235e-01	0.000000e+00	-1.118251e+03	2.036729e+05
6.545000e-01	1.944002e+05	-5.675290e-02	1.557046e-01	0.000000e+00	-3.349071e+03	1.977493e+05
6.556900e-01	2.043796e+05	-5.693835e-02	1.559870e-01	0.000000e+00	-1.861195e+03	2.062408e+05
6.568800e-01	1.986976e+05	-5.712414e-02	1.562724e-01	0.000000e+00	-1.674449e+03	2.003721e+05
6.580700e-01	1.900305e+05	-5.731028e-02	1.565477e-01	0.000000e+00	-1.736357e+03	1.917669e+05
6.592600e-01	2.064345e+05	-5.749673e-02	1.568285e-01	0.000000e+00	-3.302427e+03	2.097369e+05
6.604500e-01	1.961940e+05	-5.768353e-02	1.571136e-01	0.000000e+00	-6.820227e+02	1.968761e+05
6.616400e-01	2.050673e+05	-5.787066e-02	1.573977e-01	0.000000e+00	-7.030566e+02	2.057704e+05
6.628300e-01	2.201219e+05	-5.805813e-02	1.576989e-01	0.000000e+00	-2.663058e+03	2.227849e+05
6.640200e-01	2.222567e+05	-5.824598e-02	1.580121e-01	0.000000e+00	-5.671402e+03	2.279281e+05
6.652100e-01	2.212405e+05	-5.843420e-02	1.583262e-01	0.000000e+00	-3.411168e+03	2.246516e+05
6.664000e-01	2.070102e+05	-5.862280e-02	1.586295e-01	0.000000e+00	-6.110594e+02	2.076212e+05
6.675900e-01	2.110918e+05	-5.881174e-02	1.589256e-01	0.000000e+00	-2.603966e+03	2.136958e+05
6.687800e-01	2.138133e+05	-5.900104e-02	1.592265e-01	0.000000e+00	-3.718405e+03	2.175317e+05
6.699700e-01	2.163986e+05	-5.919070e-02	1.595311e-01	0.000000e+00	-3.664583e+02	2.167651e+05
6.711600e-01	1.890123e+05	-5.938073e-02	1.598182e-01	0.000000e+00	-2.282356e+03	1.912947e+05
6.723500e-01	1.940923e+05	-5.957107e-02	1.600895e-01	0.000000e+00	-1.068705e+03	1.951610e+05
6.735400e-01	1.994976e+05	-5.976174e-02	1.603682e-01	0.000000e+00	-1.035461e+03	2.005330e+05
6.747300e-01	2.130713e+05	-5.995274e-02	1.606604e-01	0.000000e+00	-8.958752e+02	2.139671e+05
6.759200e-01	1.976715e+05	-6.014411e-02	1.609513e-01	0.000000e+00	-1.189006e+03	1.988605e+05
6.771100e-01	2.100703e+05	-6.033581e-02	1.612400e-01	0.000000e+00	-1.029668e+03	2.111000e+05
6.783000e-01	2.059961e+05	-6.052786e-02	1.615347e-01	0.000000e+00	-1.615624e+03	2.076117e+05
6.794900e-01	1.883671e+05	-6.072026e-02	1.618139e-01	0.000000e+00	-2.298175e+03	1.906653e+05
6.806800e-01	1.948462e+05	-6.091298e-02	1.620853e-01	0.000000e+00	-2.174329e+03	1.970206e+05
6.818700e-01	2.003230e+05	-6.110602e-02	1.623652e-01	0.000000e+00	-3.095704e+03	2.034187e+05
6.830600e-01	2.053061e+05	-6.129941e-02	1.626524e-01	0.000000e+00	-2.725425e+03	2.080315e+05
6.842500e-01	1.979884e+05	-6.149314e-02	1.629380e-01	0.000000e+00	-4.077634e+03	2.020660e+05
6.854400e-01	1.936982e+05	-6.168720e-02	1.632154e-01	0.000000e+00	-3.727939e+03	1.974261e+05
6.866300e-01	2.066473e+05	-6.188159e-02	1.634989e-01	0.000000e+00	-1.938503e+03	2.085858e+05
6.878200e-01	2.144108e+05	-6.207633e-02	1.637971e-01	0.000000e+00	-1.039905e+03	2.154507e+05
6.890100e-01	1.994225e+05	-6.227143e-02	1.640902e-01	0.000000e+00	-2.358219e+03	2.017808e+05
6.902000e-01	2.072610e+05	-6.246686e-02	1.643782e-01	0.000000e+00	-2.954167e+03	2.102151e+05
6.913900e-01	2.058422e+05	-6.266265e-02	1.646707e-01	0.000000e+00	-2.930207e+03	2.087724e+05
6.925800e-01	2.044891e+05	-6.285878e-02	1.649613e-01	0.000000e+00	-4.364975e+03	2.088541e+05
6.937700e-01	2.105651e+05	-6.305525e-02	1.652552e-01	0.000000e+00	-2.315534e+03	2.128806e+05
6.949600e-01	2.016647e+05	-6.325209e-02	1.655471e-01	0.000000e+00	-3.349291e+03	2.050140e+05
6.961500e-01	2.146474e+05	-6.344926e-02	1.658420e-01	0.000000e+00	-1.850943e+03	2.164984e+05
6.973400e-01	2.091145e+05	-6.364679e-02	1.661420e-01	0.000000e+00	-1.068236e+03	2.101827e+05
6.985300e-01	2.226429e+05	-6.384467e-02	1.664478e-01	0.000000e+00	-1.075561e+03	2.237184e+05
6.997200e-01	1.947198e+05	-6.404294e-02	1.667434e-01	0.000000e+00	-9.478202e+02	1.956676e+05
7.009100e-01	1.957968e+05	-6.424152e-02	1.670199e-01	0.000000e+00	-2.253303e+03	1.980501e+05
7.021000e-01	1.839653e+05	-6.444044e-02	1.672888e-01	0.000000e+00	-4.295098e+03	1.882604e+05
7.032900e-01	2.051117e+05	-6.463967e-02	1.675644e-01	0.000000e+00	-2.670107e+03	2.077818e+05
7.044800e-01	2.056239e+05	-6.483925e-02	1.678552e-01	0.000000e+00	-2.800667e+03	2.084245e+05
7.056700e-01	2.101787e+05	-6.503917e-02	1.681497e-01	0.000000e+00	-2.114159e+03	2.122929e+05
7.068600e-01	2.033698e+05	-6.523944e-02	1.684426e-01	0.000000e+00	-5.489291e+02	2.039188e+05
7.080500e-01	2.105137e+05	-6.544006e-02	1.687357e-01	0.000000e+00	-1.133573e+03	2.116473e+05
7.092400e-01	1.997304e+05	-6.564103e-02	1.690262e-01	0.000000e+00	-8.796538e+02	2.006100e+05
7.104300e-01	1.976321e+05	-6.584234e-02	1.693076e-01	0.000000e+00	-2.301129e+03	1.999332e+05
7.116200e-01	2.277776e+05	-6.604399e-02	1.696088e-01	0.000000e+00	-2.330589e+03	2.301081e+05
7.128100e-01	2.211966e+05	-6.624601e-02	1.699268e-01	0.000000e+00	-3.543435e+03	2.247401e+05
7.140000e-01	2.209074e+05	-6.644841e-02	1.702399e-01	0.000000e+00	-2.165955e+03	2.230733e+05
7.151900e-01	2.096236e+05	-6.665118e-02	1.705448e-01	0.000000e+00	-3.324603e+03	2.129482e+05
7.163800e-01	2.169029e+05	-6.685431e-02	1.708468e-01	0.000000e+00	-1.698240e+03	2.186012e+05
7.175700e-01	2.136414e+05	-6.705780e-02	1.711517e-01	0.000000e+00	-2.308257e+03	2.159496e+05
7.187600e-01	1.904451e+05	-6.726165e-02	1.714379e-01	0.000000e+00	-5.539159e+03	1.959842e+05
7.199500e-01	2.098180e+05	-6.746582e-02	1.717213e-01	0.000000e+00	-2.253694e+03	2.120717e+05
7.211400e-01	2.100718e+05	-6.767035e-02	1.720187e-01	0.000000e+00	-1.899330e+03	2.119711e+05
7.223300e-01	2.039613e+05	-6.787522e-02	1.723119e-01	0.000000e+00	-3.779225e+03	2.077405e+05
7.235200e-01	2.036408e+05	-6.808045e-02	1.726005e-01	0.000000e+00	-2.820190e+03	2.064610e+05
7.247100e-01	1.988456e+05	-6.828601e-02	1.728855e-01	0.000000e+00	-2.162175e+03	2.010077e+05
7.259000e-01	2.128787e+05	-6.849191e-02	1.731771e-01	0.000000e+00	-1.233645e+03	2.141124e+05
7.270900e-01	2.016683e+05	-6.869818e-02	1.734707e-01	0.000000e+00	-1.824202e+03	2.034925e+05
7.282800e-01	2.099189e+05	-6.890478e-02	1.737622e-01	0.000000e+00	-1.290256e+03	2.112091e+05
7.294700e-01	2.253971e+05	-6.911173e-02	1.740704e-01	0.000000e+00	-4.232586e+02	2.258204e+05
7.306600e-01	2.042090e+05	-6.931906e-02	1.743747e-01	0.000000e+00	-1.180941e+03	2.053899e+05
7.318500e-01	2.013799e+05	-6.952674e-02	1.746619e-01	0.000000e+00	-1.476267e+03	2.028562e+05
7.330400e-01	1.886307e+05	-6.973476e-02	1.749381e-01	0.000000e+00	-2.183582e+03	1.908143e+05
7.342300e-01	1.963040e+05	-6.994309e-02	1.752107e-01	0.000000e+00	-5.742019e+03	2.020461e+05
7.354200e-01	2.023163e+05	-7.015176e-02	1.754930e-01	0.000000e+00	-2.186622e+03	2.045029e+05
7.366100e-01	1.983896e+05	-7.036077e-02	1.757767e-01	0.000000e+00	-9.678111e+02	1.993574e+05
7.378000e-01	2.076072e+05	-7.057011e-02	1.760642e-01	0.000000e+00	-4.037324e+03	2.116445e+05
7.389900e-01	2.088772e+05	-7.077980e-02	1.763592e-01	0.000000e+00	-3.500774e+03	2.123780e+05
7.401800e-01	1.987141e+05	-7.098984e-02	1.766478e-01	0.000000e+00	-2.443847e+02	1.989585e+05
7.413700e-01	2.032042e+05	-7.120022e-02	1.769324e-01	0.000000e+00	-2.516081e+02	2.034558e+05
7.425600e-01	2.047012e+05	-7.141094e-02	1.772213e-01	0.000000e+00	-2.175520e+03	2.068767e+05
7.437500e-01	1.975337e+05	-7.162201e-02	1.775062e-01	0.000000e+00	-5.463172e+02	1.980800e+05
7.449400e-01	2.190815e+05	-7.183341e-02	1.778012e-01	0.000000e+00	-1.616115e+03	2.206977e+05
7.461300e-01	1.997599e+05	-7.204517e-02	1.780978e-01	0.000000e+00	-1.744447e+03	2.015043e+05
7.473200e-01	2.178824e+05	-7.225728e-02	1.783936e-01	0.000000e+00	-1.482930e+03	2.193654e+05
7.485100e-01	2.254400e+05	-7.246975e-02	1.787075e-01	0.000000e+00	-1.823032e+03	2.272630e+05
7.497000e-01	1.926541e+05	-7.268260e-02	1.790036e-01	0.000000e+00	-3.127185e+03	1.957813e+05
7.508900e-01	2.089694e+05	-7.289578e-02	1.792880e-01	0.000000e+00	-2.161021e+03	2.111304e+05
7.520800e-01	1.946350e+05	-7.310931e-02	1.795738e-01	0.000000e+00	-1.873141e+03	1.965082e+05
7.532700e-01	2.074387e+05	-7.332317e-02	1.798586e-01	0.000000e+00	-2.254973e+03	2.096937e+05
7.544600e-01	2.144600e+05	-7.353737e-02	1.801573e-01	0.000000e+00	-2.478961e+03	2.169389e+05
7.556500e-01	2.077551e+05	-7.375194e-02	1.804563e-01	0.000000e+00	-1.115482e+03	2.088705e+05
7.568400e-01	1.927685e+05	-7.396686e-02	1.807400e-01	0.000000e+00	-1.215299e+03	1.939838e+05
7.580300e-01	1.818118e+05	-7.418210e-02	1.810052e-01	0.000000e+00	-1.456444e+03	1.832683e+05
7.592200e-01	1.821525e+05	-7.439765e-02	1.812630e-01	0.000000e+00	-2.600141e+03	1.847526e+05
7.604100e-01	2.082092e+05	-7.461351e-02	1.815394e-01	0.000000e+00	-3.552194e+03	2.117614e+05
7.616000e-01	2.020860e+05	-7.482971e-02	1.818300e-01	0.000000e+00	-2.880665e+03	2.049666e+05
7.627900e-01	2.148316e+05	-7.504626e-02	1.821252e-01	0.000000e+00	-1.034833e+03	2.158664e+05
7.639800e-01	2.248338e+05	-7.526317e-02	1.824366e-01	0.000000e+00	-1.395562e+03	2.262293e+05
7.651700e-01	2.172199e+05	-7.548046e-02	1.827496e-01	0.000000e+00	-6.000383e+02	2.178200e+05
7.663600e-01	2.197283e+05	-7.569812e-02	1.830590e-01	0.000000e+00	-1.825280e+03	2.215536e+05
7.675500e-01	2.200043e+05	-7.591614e-02	1.833705e-01	0.000000e+00	-2.027002e+03	2.220313e+05
7.687400e-01	2.142472e+05	-7.613454e-02	1.836780e-01	0.000000e+00	-1.618955e+03	2.158662e+05
7.699300e-01	2.053415e+05	-7.635330e-02	1.839751e-01	0.000000e+00	-1.401826e+02	2.054817e+05
7.711200e-01	2.115044e+05	-7.657240e-02	1.842703e-01	0.000000e+00	-1.180949e+03	2.126853e+05
7.723100e-01	1.911224e+05	-7.679186e-02	1.845554e-01	0.000000e+00	-2.290114e+03	1.934125e+05
7.735000e-01	2.226535e+05	-7.701164e-02	1.848485e-01	0.000000e+00	-2.688844e+03	2.253423e+05
7.746900e-01	2.179753e+05	-7.723180e-02	1.851605e-01	0.000000e+00	-3.704437e+03	2.216798e+05
7.758800e-01	2.091128e+05	-7.745232e-02	1.854629e-01	0.000000e+00	-2.445324e+03	2.115581e+05
7.770700e-01	2.004017e+05	-7.767320e-02	1.857529e-01	0.000000e+00	-3.827225e+02	2.007844e+05
7.782600e-01	1.962839e+05	-7.789441e-02	1.860339e-01	0.000000e+00	-7.087590e+02	1.969926e+05
7.794500e-01	1.955834e+05	-7.811596e-02	1.863114e-01	0.000000e+00	-2.005856e+03	1.975893e+05
7.806400e-01	2.061490e+05	-7.833784e-02	1.865959e-01	0.000000e+00	-2.028399e+03	2.081774e+05
7.818300e-01	2.171702e+05	-7.856006e-02	1.868956e-01	0.000000e+00	-2.785785e+03	2.199560e+05
7.830200e-01	1.971961e+05	-7.878265e-02	1.871891e-01	0.000000e+00	-1.407323e+03	1.986034e+05
7.842100e-01	2.104426e+05	-7.900557e-02	1.874778e-01	0.000000e+00	-1.441117e+03	2.118837e+05
7.854000e-01	2.048879e+05	-7.922884e-02	1.877719e-01	0.000000e+00	-2.965668e+03	2.078536e+05
7.865900e-01	2.034615e+05	-7.945247e-02	1.880611e-01	0.000000e+00	-2.898746e+03	2.063602e+05
7.877800e-01	1.942376e+05	-7.967643e-02	1.883427e-01	0.000000e+00	-1.817495e+03	1.960551e+05
7.889700e-01	2.118137e+05	-7.990072e-02	1.886302e-01	0.000000e+00	-2.858907e+03	2.146726e+05
7.901600e-01	2.122576e+05	-8.012537e-02	1.889306e-01	0.000000e+00	-3.459065e+03	2.157167e+05
7.913500e-01	2.148211e+05	-8.035038e-02	1.892330e-01	0.000000e+00	-1.720515e+03	2.165416e+05
7.925400e-01	2.052887e+05	-8.057574e-02	1.895305e-01	0.000000e+00	-1.857208e+03	2.071459e+05
7.937300e-01	2.322794e+05	-8.080146e-02	1.898404e-01	0.000000e+00	-5.736806e+02	2.328530e+05
7.949200e-01	2.181289e+05	-8.102756e-02	1.901593e-01	0.000000e+00	-1.052861e+03	2.191818e+05
7.961100e-01	2.318483e+05	-8.125404e-02	1.904780e-01	0.000000e+00	-4.431842e+02	2.322915e+05
7.973000e-01	2.243682e+05	-8.148090e-02	1.908011e-01	0.000000e+00	0.000000e+00	2.243682e+05
7.984900e-01	2.222497e+05	-8.170814e-02	1.911174e-01	0.000000e+00	-8.273436e+02	2.230770e+05
7.996800e-01	2.088473e+05	-8.193576e-02	1.914226e-01	0.000000e+00	-1.299253e+01	2.088603e+05
8.008700e-01	2.013027e+05	-8.216373e-02	1.917131e-01	0.000000e+00	0.000000e+00	2.013027e+05
8.020600e-01	2.081027e+05	-8.239204e-02	1.920030e-01	0.000000e+00	-3.616187e+02	2.084644e+05
8.032500e-01	1.942919e+05	-8.262070e-02	1.922880e-01	0.000000e+00	-2.186582e+03	1.964784e+05
8.044400e-01	2.021464e+05	-8.284968e-02	1.925687e-01	0.000000e+00	-4.079199e+03	2.062256e+05
8.056300e-01	2.170586e+05	-8.307901e-02	1.928656e-01	0.000000e+00	-9.742592e+02	2.180328e+05
8.068200e-01	2.160645e+05	-8.330870e-02	1.931723e-01	0.000000e+00	-8.588336e+02	2.169233e+05
8.080100e-01	2.008219e+05	-8.353876e-02	1.934675e-01	0.000000e+00	-8.813487e+02	2.017032e+05
8.092000e-01	2.228541e+05	-8.376916e-02	1.937676e-01	0.000000e+00	-1.964709e+03	2.248188e+05
8.103900e-01	1.990240e+05	-8.399993e-02	1.940663e-01	0.000000e+00	-2.607575e+03	2.016316e+05
8.115800e-01	2.231250e+05	-8.423103e-02	1.943653e-01	0.000000e+00	-9.388651e+02	2.240639e+05
8.127700e-01	2.024648e+05	-8.446252e-02	1.946667e-01	0.000000e+00	-6.755309e+02	2.031403e+05
8.139600e-01	1.986460e+05	-8.469434e-02	1.949507e-01	0.000000e+00	-2.496558e+03	2.011426e+05
8.151500e-01	2.057756e+05	-8.492650e-02	1.952371e-01	0.000000e+00	-7.774463e+02	2.065531e+05
8.163400e-01	2.034084e+05	-8.515901e-02	1.955269e-01	0.000000e+00	-1.480550e+03	2.048889e+05
8.175300e-01	1.933870e+05	-8.539185e-02	1.958079e-01	0.000000e+00	-2.068088e+03	1.954551e+05
8.187200e-01	1.981417e+05	-8.562503e-02	1.960852e-01	0.000000e+00	-2.935454e+03	2.010772e+05
8.199100e-01	2.100004e+05	-8.585854e-02	1.963742e-01	0.000000e+00	-2.334060e+03	2.123344e+05
8.211000e-01	2.311154e+05	-8.609240e-02	1.966866e-01	0.000000e+00	-8.556409e+02	2.319710e+05
8.222900e-01	2.393526e+05	-8.632665e-02	1.970197e-01	0.000000e+00	-2.320830e+03	2.416734e+05
8.234800e-01	2.161570e+05	-8.656131e-02	1.973423e-01	0.000000e+00	-1.412478e+03	2.175695e+05
8.246700e-01	2.169567e+05	-8.679633e-02	1.976490e-01	0.000000e+00	-8.544315e+02	2.178111e+05
8.258600e-01	2.005814e+05	-8.703171e-02	1.979447e-01	0.000000e+00	-1.634384e+03	2.022157e+05
8.270500e-01	2.073220e+05	-8.726743e-02	1.982336e-01	0.000000e+00	-5.956755e+02	2.079177e+05
8.282400e-01	2.157193e+05	-8.750351e-02	1.985332e-01	0.000000e+00	-1.365058e+03	2.170844e+05
8.294300e-01	2.177107e+05	-8.773994e-02	1.988401e-01	0.000000e+00	-1.875576e+03	2.195863e+05
8.306200e-01	2.121726e+05	-8.797675e-02	1.991445e-01	0.000000e+00	-1.653916e+03	2.138265e+05
8.318100e-01	2.103713e+05	-8.821391e-02	1.994438e-01	0.000000e+00	-9.695904e+02	2.113409e+05
8.330000e-01	2.065349e+05	-8.845142e-02	1.997390e-01	0.000000e+00	-2.230984e+02	2.067580e+05
8.341900e-01	2.263172e+05	-8.868929e-02	2.000455e-01	0.000000e+00	-6.354496e+02	2.269527e+05
8.353800e-01	1.979301e+05	-8.892753e-02	2.003460e-01	0.000000e+00	0.000000e+00	1.979301e+05
8.365700e-01	1.942556e+05	-8.916611e-02	2.006237e-01	0.000000e+00	-7.236744e+02	1.949793e+05
8.377600e-01	2.092263e+05	-8.940501e-02	2.009094e-01	0.000000e+00	-2.339568e+03	2.115659e+05
8.389500e-01	2.212962e+05	-8.964427e-02	2.012143e-01	0.000000e+00	-1.421717e+03	2.227179e+05
8.401400e-01	2.299713e+05	-8.988391e-02	2.015339e-01	0.000000e+00	-1.111945e+03	2.310832e+05
8.413300e-01	2.191348e+05	-9.012392e-02	2.018519e-01	0.000000e+00	-2.894467e+03	2.220293e+05
8.425200e-01	1.950577e+05	-9.036431e-02	2.021452e-01	0.000000e+00	-3.538269e+03	1.985960e+05
8.437100e-01	2.053125e+05	-9.060503e-02	2.024288e-01	0.000000e+00	-2.337956e+03	2.076505e+05
8.449000e-01	2.146108e+05	-9.084609e-02	2.027261e-01	0.000000e+00	-1.300624e+03	2.159115e+05
8.460900e-01	2.078468e+05	-9.108752e-02	2.030253e-01	0.000000e+00	-2.810239e+03	2.106571e+05
8.472800e-01	2.141091e+05	-9.132929e-02	2.033241e-01	0.000000e+00	-7.806081e+02	2.148898e+05
8.484700e-01	2.138151e+05	-9.157143e-02	2.036272e-01	0.000000e+00	-7.712101e+02	2.145863e+05
8.496600e-01	2.171240e+05	-9.181393e-02	2.039323e-01	0.000000e+00	-2.657317e+03	2.197813e+05
8.508500e-01	2.074851e+05	-9.205679e-02	2.042330e-01	0.000000e+00	-3.002803e+03	2.104880e+05
8.520400e-01	2.287733e+05	-9.230000e-02	2.045420e-01	0.000000e+00	-1.807679e+03	2.305810e+05
8.532300e-01	2.111386e+05	-9.254360e-02	2.048535e-01	0.000000e+00	-3.197524e+03	2.143361e+05
8.544200e-01	2.286577e+05	-9.278755e-02	2.051650e-01	0.000000e+00	-2.565594e+03	2.312233e+05
8.556100e-01	2.163298e+05	-9.303189e-02	2.054801e-01	0.000000e+00	-1.846626e+03	2.181764e+05
8.568000e-01	2.184566e+05	-9.327659e-02	2.057880e-01	0.000000e+00	-2.879410e+03	2.213360e+05
8.579900e-01	2.307558e+05	-9.352167e-02	2.061061e-01	0.000000e+00	-1.972011e+03	2.327278e+05
8.591800e-01	1.992656e+05	-9.376713e-02	2.064106e-01	0.000000e+00	-2.730481e+03	2.019961e+05
8.603700e-01	2.083562e+05	-9.401292e-02	2.066993e-01	0.000000e+00	-6.248201e+02	2.089810e+05
8.615600e-01	2.079150e+05	-9.425907e-02	2.069941e-01	0.000000e+00	-1.809186e+03	2.097241e+05
8.627500e-01	2.191439e+05	-9.450557e-02	2.072965e-01	0.000000e+00	-5.487626e+02	2.196926e+05
8.639400e-01	2.021717e+05	-9.475244e-02	2.075949e-01	0.000000e+00	-2.059072e+03	2.042308e+05
8.651300e-01	2.357185e+05	-9.499965e-02	2.079050e-01	0.000000e+00	-3.331050e+02	2.360516e+05
8.663200e-01	2.145414e+05	-9.524725e-02	2.082238e-01	0.000000e+00	-1.824011e+03	2.163654e+05
8.675100e-01	2.154536e+05	-9.549522e-02	2.085283e-01	0.000000e+00	-7.993071e+02	2.162529e+05
8.687000e-01	1.895074e+05	-9.574355e-02	2.088151e-01	0.000000e+00	-1.029046e+03	1.905364e+05
8.698900e-01	1.983876e+05	-9.599220e-02	2.090898e-01	0.000000e+00	-1.962575e+03	2.003501e+05
8.710800e-01	2.069337e+05	-9.624118e-02	2.093768e-01	0.000000e+00	-1.798065e+03	2.087318e+05
8.722700e-01	2.207329e+05	-9.649051e-02	2.096797e-01	0.000000e+00	-2.929368e+03	2.236622e+05
8.734600e-01	2.232238e+05	-9.674022e-02	2.099941e-01	0.000000e+00	-2.970051e+03	2.261938e+05
8.746500e-01	2.154205e+05	-9.699030e-02	2.103047e-01	0.000000e+00	-3.574788e+03	2.189953e+05
8.758400e-01	2.065284e+05	-9.724074e-02	2.106035e-01	0.000000e+00	-1.691586e+03	2.082200e+05
8.770300e-01	2.023718e+05	-9.749154e-02	2.108931e-01	0.000000e+00	-2.066630e+03	2.044384e+05
8.782200e-01	2.095541e+05	-9.774267e-02	2.111848e-01	0.000000e+00	-1.878139e+03	2.114323e+05
8.794100e-01	2.190586e+05	-9.799416e-02	2.114883e-01	0.000000e+00	-2.098946e+03	2.211575e+05
8.806000e-01	2.283251e+05	-9.824601e-02	2.118052e-01	0.000000e+00	-1.262399e+03	2.295875e+05
8.817900e-01	2.053296e+05	-9.849825e-02	2.121123e-01	0.000000e+00	-1.167680e+03	2.064973e+05
8.829800e-01	1.984207e+05	-9.875084e-02	2.123982e-01	0.000000e+00	-2.085037e+03	2.005057e+05
8.841700e-01	1.993270e+05	-9.900376e-02	2.126798e-01	0.000000e+00	-3.968042e+03	2.032950e+05
8.853600e-01	2.029346e+05	-9.925702e-02	2.129647e-01	0.000000e+00	-2.866563e+03	2.058012e+05
8.865500e-01	2.095958e+05	-9.951062e-02	2.132569e-01	0.000000e+00	-1.226930e+03	2.108228e+05
8.877400e-01	2.246665e+05	-9.976457e-02	2.135644e-01	0.000000e+00	-1.290789e+03	2.259573e+05
8.889300e-01	2.398350e+05	-1.000189e-01	2.138933e-01	0.000000e+00	-1.233613e+01	2.398474e+05
8.901200e-01	2.229928e+05	-1.002736e-01	2.142211e-01	0.000000e+00	-1.358701e+03	2.243515e+05
8.913100e-01	2.109919e+05	-1.005287e-01	2.145284e-01	0.000000e+00	-1.888181e+03	2.128800e+05
8.925000e-01	2.251423e+05	-1.007842e-01	2.148373e-01	0.000000e+00	-1.297274e+03	2.264396e+05
8.936900e-01	2.140715e+05	-1.010401e-01	2.151483e-01	0.000000e+00	-9.607808e+02	2.150323e+05
8.948800e-01	2.142201e+05	-1.012963e-01	2.154516e-01	0.000000e+00	-1.205416e+03	2.154256e+05
8.960700e-01	2.292260e+05	-1.015528e-01	2.157656e-01	0.000000e+00	-8.146132e+02	2.300406e+05
8.972600e-01	2.210961e+05	-1.018098e-01	2.160845e-01	0.000000e+00	-7.049038e+02	2.218010e+05
8.984500e-01	1.985154e+05	-1.020671e-01	2.163817e-01	0.000000e+00	-3.466323e+03	2.019817e+05
8.996400e-01	2.018109e+05	-1.023248e-01	2.166652e-01	0.000000e+00	-1.946770e+03	2.037577e+05
9.008300e-01	2.070976e+05	-1.025828e-01	2.169548e-01	0.000000e+00	-2.221825e+03	2.093195e+05
9.020200e-01	2.162146e+05	-1.028411e-01	2.172545e-01	0.000000e+00	-2.295961e+03	2.185106e+05
9.032100e-01	1.993929e+05	-1.030998e-01	2.175489e-01	0.000000e+00	-1.572048e+03	2.009650e+05
9.044000e-01	2.223554e+05	-1.033589e-01	2.178475e-01	0.000000e+00	-1.135423e+03	2.234908e+05
9.055900e-01	2.132148e+05	-1.036183e-01	2.181560e-01	0.000000e+00	-2.715641e+03	2.159304e+05
9.067800e-01	2.093303e+05	-1.038781e-01	2.184552e-01	0.000000e+00	-2.739120e+03	2.120694e+05
9.079700e-01	2.096628e+05	-1.041382e-01	2.187519e-01	0.000000e+00	-1.584218e+03	2.112470e+05
9.091600e-01	2.018203e+05	-1.043987e-01	2.190433e-01	0.000000e+00	-1.526125e+03	2.033464e+05
9.103500e-01	2.057220e+05	-1.046596e-01	2.193319e-01	0.000000e+00	-1.081804e+03	2.068038e+05
9.115400e-01	2.081274e+05	-1.049207e-01	2.196250e-01	0.000000e+00	-2.501462e+03	2.106288e+05
9.127300e-01	2.363529e+05	-1.051823e-01	2.199398e-01	0.000000e+00	-1.341367e+03	2.376942e+05
9.139200e-01	2.275566e+05	-1.054442e-01	2.202683e-01	0.000000e+00	-1.764162e+03	2.293208e+05
9.151100e-01	2.091426e+05	-1.057065e-01	2.205776e-01	0.000000e+00	-7.019441e+02	2.098446e+05
9.163000e-01	2.230057e+05	-1.059692e-01	2.208836e-01	0.000000e+00	-1.282446e+03	2.242882e+05
9.174900e-01	2.259006e+05	-1.062322e-01	2.212015e-01	0.000000e+00	-6.922065e+02	2.265928e+05
9.186800e-01	2.157988e+05	-1.064956e-01	2.215143e-01	0.000000e+00	-2.161387e+03	2.179602e+05
9.198700e-01	2.096493e+05	-1.067594e-01	2.218156e-01	0.000000e+00	-8.382029e+02	2.104875e+05
9.210600e-01	2.156682e+05	-1.070236e-01	2.221168e-01	0.000000e+00	-1.703164e+03	2.173714e+05
9.222500e-01	2.149802e+05	-1.072881e-01	2.224217e-01	0.000000e+00	-1.118647e+03	2.160989e+05
9.234400e-01	2.258877e+05	-1.075529e-01	2.227339e-01	0.000000e+00	-1.501058e+03	2.273888e+05
9.246300e-01	2.132742e+05	-1.078182e-01	2.230449e-01	0.000000e+00	-9.253152e+02	2.141995e+05
9.258200e-01	2.162873e+05	-1.080838e-01	2.233491e-01	0.000000e+00	0.000000e+00	2.162873e+05
9.270100e-01	2.202548e+05	-1.083497e-01	2.236583e-01	0.000000e+00	0.000000e+00	2.202548e+05
9.282000e-01	2.146488e+05	-1.086161e-01	2.239663e-01	0.000000e+00	-7.803282e+01	2.147269e+05
9.293900e-01	2.060909e+05	-1.088828e-01	2.242642e-01	0.000000e+00	-1.427467e+03	2.075184e+05
9.305800e-01	2.158516e+05	-1.091498e-01	2.245630e-01	0.000000e+00	-1.490097e+03	2.173417e+05
9.317700e-01	2.421127e+05	-1.094172e-01	2.248873e-01	0.000000e+00	-5.525129e+02	2.426652e+05
9.329600e-01	2.255536e+05	-1.096851e-01	2.252185e-01	0.000000e+00	-1.034280e+03	2.265879e+05
9.341500e-01	2.157956e+05	-1.099533e-01	2.255311e-01	0.000000e+00	-1.387650e+03	2.171832e+05
9.353400e-01	2.225150e+05	-1.102218e-01	2.258415e-01	0.000000e+00	-9.359221e+02	2.234509e+05
9.365300e-01	1.921282e+05	-1.104908e-01	2.261351e-01	0.000000e+00	-7.304961e+02	1.928587e+05
9.377200e-01	2.093271e+05	-1.107600e-01	2.264194e-01	0.000000e+00	-1.484826e+03	2.108119e+05
9.389100e-01	1.960785e+05	-1.110296e-01	2.267065e-01	0.000000e+00	-9.627498e+02	1.970412e+05
9.401000e-01	2.115111e+05	-1.112996e-01	2.269951e-01	0.000000e+00	-3.024542e+03	2.145356e+05
9.412900e-01	1.957174e+05	-1.115699e-01	2.272835e-01	0.000000e+00	-3.565387e+03	1.992828e+05
9.424800e-01	2.121934e+05	-1.118405e-01	2.275724e-01	0.000000e+00	-2.351997e+02	2.124286e+05
9.436700e-01	2.214810e+05	-1.121115e-01	2.278795e-01	0.000000e+00	-3.388164e+03	2.248692e+05
9.448600e-01	2.237823e+05	-1.123829e-01	2.281948e-01	0.000000e+00	-2.403535e+03	2.261859e+05
9.460500e-01	2.153740e+05	-1.126546e-01	2.285058e-01	0.000000e+00	-2.102571e+03	2.174766e+05
9.472400e-01	2.044600e+05	-1.129267e-01	2.288031e-01	0.000000e+00	-1.246988e+03	2.057069e+05
9.484300e-01	1.960970e+05	-1.131992e-01	2.290868e-01	0.000000e+00	-1.376327e+03	1.974733e+05
9.496200e-01	2.016701e+05	-1.134719e-01	2.293685e-01	0.000000e+00	-1.790219e+03	2.034603e+05
9.508100e-01	1.916487e+05	-1.137451e-01	2.296470e-01	0.000000e+00	-2.297483e+03	1.939462e+05
9.520000e-01	2.180471e+05	-1.140185e-01	2.299371e-01	0.000000e+00	-1.563263e+03	2.196103e+05
9.531900e-01	2.341361e+05	-1.142923e-01	2.302574e-01	0.000000e+00	-8.060808e+02	2.349421e+05
9.543800e-01	2.219856e+05	-1.145665e-01	2.305804e-01	0.000000e+00	-1.208207e+03	2.231938e+05
9.555700e-01	2.193115e+05	-1.148411e-01	2.308929e-01	0.000000e+00	-2.119458e+03	2.214310e+05
9.567600e-01	2.231597e+05	-1.151160e-01	2.312062e-01	0.000000e+00	-1.975555e+03	2.251352e+05
9.579500e-01	2.081560e+05	-1.153914e-01	2.315117e-01	0.000000e+00	-1.149122e+03	2.093051e+05
9.591400e-01	2.155544e+05	-1.156670e-01	2.318117e-01	0.000000e+00	-2.677466e+02	2.158222e+05
9.603300e-01	2.036102e+05	-1.159431e-01	2.321086e-01	0.000000e+00	-1.181358e+03	2.047915e+05
9.615200e-01	2.250626e+05	-1.162195e-01	2.324121e-01	0.000000e+00	-2.682084e+02	2.253308e+05
9.627100e-01	2.163587e+05	-1.164962e-01	2.327247e-01	0.000000e+00	-1.332478e+03	2.176911e+05
9.639000e-01	2.138413e+05	-1.167733e-01	2.330294e-01	0.000000e+00	-2.392132e+03	2.162334e+05
9.650900e-01	2.142891e+05	-1.170508e-01	2.333326e-01	0.000000e+00	-4.967923e+02	2.147859e+05
9.662800e-01	2.103940e+05	-1.173287e-01	2.336333e-01	0.000000e+00	-2.273160e+03	2.126672e+05
9.674700e-01	2.391196e+05	-1.176069e-01	2.339516e-01	0.000000e+00	-1.872159e+03	2.409918e+05
9.686600e-01	2.028178e+05	-1.178855e-01	2.342646e-01	0.000000e+00	-6.437711e+02	2.034616e+05
9.698500e-01	2.004763e+05	-1.181644e-01	2.345502e-01	0.000000e+00	-8.720722e+02	2.013483e+05
9.710400e-01	1.919756e+05	-1.184437e-01	2.348281e-01	0.000000e+00	-8.140531e+02	1.927897e+05
9.722300e-01	2.081763e+05	-1.187233e-01	2.351115e-01	0.000000e+00	-8.612291e+02	2.090376e+05
9.734200e-01	2.127161e+05	-1.190033e-01	2.354096e-01	0.000000e+00	-1.702190e+02	2.128864e+05
9.746100e-01	2.154282e+05	-1.192836e-01	2.357128e-01	0.000000e+00	-1.218732e+03	2.166469e+05
9.758000e-01	2.176873e+05	-1.195643e-01	2.360195e-01	0.000000e+00	-1.302277e+03	2.189896e+05
9.769900e-01	2.276218e+05	-1.198453e-01	2.363348e-01	0.000000e+00	0.000000e+00	2.276218e+05
9.781800e-01	2.196757e+05	-1.201267e-01	2.366516e-01	0.000000e+00	-6.488576e+02	2.203246e+05
9.793700e-01	1.996835e+05	-1.204085e-01	2.369486e-01	0.000000e+00	-1.338042e+03	2.010215e+05
9.805600e-01	2.212793e+05	-1.206907e-01	2.372467e-01	0.000000e+00	-1.297104e+03	2.225764e+05
9.817500e-01	2.192970e+05	-1.209732e-01	2.375587e-01	0.000000e+00	-1.998041e+03	2.212951e+05
9.829400e-01	2.073432e+05	-1.212561e-01	2.378608e-01	0.000000e+00	-1.137753e+03	2.084810e+05
9.841300e-01	2.058103e+05	-1.215393e-01	2.381534e-01	0.000000e+00	-3.028906e+02	2.061132e+05
9.853200e-01	2.223039e+05	-1.218229e-01	2.384566e-01	0.000000e+00	-1.036014e+03	2.233399e+05
9.865100e-01	2.183655e+05	-1.221068e-01	2.387686e-01	0.000000e+00	-6.446578e+02	2.190102e+05
9.877000e-01	2.227450e+05	-1.223911e-01	2.390810e-01	0.000000e+00	-3.272737e+02	2.230723e+05
9.888900e-01	2.052999e+05	-1.226758e-01	2.393841e-01	0.000000e+00	-1.174304e+03	2.064742e+05
9.900800e-01	2.041353e+05	-1.229609e-01	2.396741e-01	0.000000e+00	-2.579492e+03	2.067148e+05
9.912700e-01	2.292794e+05	-1.232463e-01	2.399810e-01	0.000000e+00	-1.801283e+03	2.310807e+05
9.924600e-01	2.353562e+05	-1.235320e-01	2.403101e-01	0.000000e+00	-8.078221e+02	2.361641e+05
9.936500e-01	2.279676e+05	-1.238182e-01	2.406382e-01	0.000000e+00	-1.800623e+03	2.297682e+05
9.948400e-01	2.237182e+05	-1.241048e-01	2.409580e-01	0.000000e+00	-2.114539e+03	2.258327e+05
9.960300e-01	2.211614e+05	-1.243917e-01	2.412731e-01	0.000000e+00	-3.190328e+02	2.214804e+05
9.972200e-01	2.108729e+05	-1.246790e-01	2.415790e-01	0.000000e+00	-1.540704e+03	2.124136e+05
9.984100e-01	2.317505e+05	-1.249666e-01	2.418925e-01	0.000000e+00	-9.803043e+02	2.327308e+05
9.996000e-01	2.255969e+05	-1.252547e-01	2.422164e-01	0.000000e+00	-1.119525e+03	2.267164e+05
1.000790e+00	2.301120e+05	-1.255431e-01	2.425391e-01	0.000000e+00	-5.611469e+02	2.306732e+05
1.001980e+00	2.517682e+05	-1.258319e-01	2.428803e-01	0.000000e+00	0.000000e+00	2.517682e+05
1.003170e+00	2.165325e+05	-1.261212e-01	2.432120e-01	0.000000e+00	-7.396497e+02	2.172722e+05
1.004360e+00	2.236095e+05	-1.264108e-01	2.435237e-01	0.000000e+00	-1.006865e+02	2.237102e+05
1.005550e+00	2.124119e+05	-1.267008e-01	2.438324e-01	0.000000e+00	-8.386760e+02	2.132506e+05
1.006740e+00	2.189553e+05	-1.269911e-01	2.441379e-01	0.000000e+00	-1.187537e+03	2.201429e+05
1.007930e+00	2.122246e+05	-1.272818e-01	2.444433e-01	0.000000e+00	-4.947958e+02	2.127194e+05
1.009120e+00	2.082384e+05	-1.275729e-01	2.447410e-01	0.000000e+00	0.000000e+00	2.082384e+05
1.010310e+00	2.059891e+05	-1.278643e-01	2.450344e-01	0.000000e+00	-1.070134e+03	2.070592e+05
1.011500e+00	1.946324e+05	-1.281561e-01	2.453181e-01	0.000000e+00	-2.260386e+03	1.968928e+05
1.012690e+00	2.007852e+05	-1.284481e-01	2.455981e-01	0.000000e+00	-1.760633e+03	2.025458e+05
1.013880e+00	2.154947e+05	-1.287406e-01	2.458929e-01	0.000000e+00	-7.911997e+02	2.162859e+05
1.015070e+00	2.202628e+05	-1.290334e-01	2.462015e-01	0.000000e+00	0.000000e+00	2.202628e+05
1.016260e+00	2.151449e+05	-1.293265e-01	2.465098e-01	0.000000e+00	-1.366867e+03	2.165118e+05
1.017450e+00	2.174493e+05	-1.296201e-01	2.468162e-01	0.000000e+00	-1.154142e+03	2.186035e+05
1.018640e+00	2.170529e+05	-1.299140e-01	2.471238e-01	0.000000e+00	-1.418481e+03	2.184713e+05
1.019830e+00	2.191210e+05	-1.302082e-01	2.474327e-01	0.000000e+00	-1.093277e+03	2.202143e+05
1.021020e+00	2.124512e+05	-1.305028e-01	2.477384e-01	0.000000e+00	-9.250369e+00	2.124605e+05
1.022210e+00	2.098312e+05	-1.307978e-01	2.480374e-01	0.000000e+00	-7.597641e+02	2.105909e+05
1.023400e+00	2.293040e+05	-1.310932e-01	2.483484e-01	0.000000e+00	-1.861334e+03	2.311653e+05
1.024590e+00	2.298350e+05	-1.313889e-01	2.486735e-01	0.000000e+00	-1.321240e+03	2.311562e+05
1.025780e+00	2.128792e+05	-1.316850e-01	2.489870e-01	0.000000e+00	-6.078363e+02	2.134871e+05
1.026970e+00	2.083874e+05	-1.319815e-01	2.492854e-01	0.000000e+00	-4.918424e+02	2.088792e+05
1.028160e+00	2.060904e+05	-1.322783e-01	2.495789e-01	0.000000e+00	-1.078336e+03	2.071687e+05
1.029350e+00	2.109552e+05	-1.325755e-01	2.498742e-01	0.000000e+00	-1.683653e+03	2.126389e+05
1.030540e+00	2.022300e+05	-1.328730e-01	2.501668e-01	0.000000e+00	-1.729666e+03	2.039597e+05
1.031730e+00	2.118479e+05	-1.331709e-01	2.504601e-01	0.000000e+00	-2.424815e+03	2.142727e+05
1.032920e+00	2.018402e+05	-1.334691e-01	2.507530e-01	0.000000e+00	-1.679179e+03	2.035194e+05
1.034110e+00	2.208777e+05	-1.337677e-01	2.510524e-01	0.000000e+00	-6.480485e+02	2.215258e+05
1.035300e+00	2.176178e+05	-1.340666e-01	2.513629e-01	0.000000e+00	-1.089733e+03	2.187076e+05
1.036490e+00	2.240398e+05	-1.343659e-01	2.516757e-01	0.000000e+00	-1.360750e+03	2.254006e+05
1.037680e+00	2.196377e+05	-1.346656e-01	2.519899e-01	0.000000e+00	-6.666109e+02	2.203043e+05
1.038870e+00	2.305269e+05	-1.349657e-01	2.523087e-01	0.000000e+00	-1.576809e+03	2.321037e+05
1.040060e+00	2.378358e+05	-1.352661e-01	2.526403e-01	0.000000e+00	-1.137520e+03	2.389733e+05
1.041250e+00	2.357935e+05	-1.355669e-01	2.529757e-01	0.000000e+00	-1.025335e+03	2.368188e+05
1.042440e+00	2.253993e+05	-1.358682e-01	2.533023e-01	0.000000e+00	-1.610202e+03	2.270096e+05
1.043630e+00	2.195741e+05	-1.361698e-01	2.536175e-01	0.000000e+00	-1.866042e+03	2.214401e+05
1.044820e+00	2.187620e+05	-1.364718e-01	2.539279e-01	0.000000e+00	-2.864889e+03	2.216269e+05
1.046010e+00	2.238070e+05	-1.367742e-01	2.542413e-01	0.000000e+00	-2.870112e+02	2.240940e+05
1.047200e+00	2.348934e+05	-1.370769e-01	2.545661e-01	0.000000e+00	-1.887329e+03	2.367807e+05
1.048390e+00	2.165754e+05	-1.373800e-01	2.548858e-01	0.000000e+00	-5.941552e+02	2.171696e+05
1.049580e+00	2.216107e+05	-1.376835e-01	2.551961e-01	0.000000e+00	0.000000e+00	2.216107e+05
1.050770e+00	2.292970e+05	-1.379874e-01	2.555155e-01	0.000000e+00	-9.492423e+02	2.302462e+05
1.051960e+00	2.285973e+05	-1.382916e-01	2.558397e-01	0.000000e+00	-1.571766e+03	2.301691e+05
1.053150e+00	2.185509e+05	-1.385963e-01	2.561564e-01	0.000000e+00	-2.297798e+02	2.187807e+05
1.054340e+00	2.137625e+05	-1.389013e-01	2.564625e-01	0.000000e+00	-6.105564e+02	2.143731e+05
1.055530e+00	2.282512e+05	-1.392067e-01	2.567755e-01	0.000000e+00	0.000000e+00	2.282512e+05
1.056720e+00	2.354405e+05	-1.395124e-01	2.571039e-01	0.000000e+00	0.000000e+00	2.354405e+05
1.057910e+00	2.275465e+05	-1.398186e-01	2.574318e-01	0.000000e+00	-6.010063e+02	2.281475e+05
1.059100e+00	2.117717e+05	-1.401251e-01	2.577429e-01	0.000000e+00	-1.762581e+03	2.135343e+05
1.060290e+00	2.114758e+05	-1.404320e-01	2.580426e-01	0.000000e+00	-1.898927e+02	2.116657e+05
1.061480e+00	2.083432e+05	-1.407393e-01	2.583399e-01	0.000000e+00	-8.078646e+02	2.091511e+05
1.062670e+00	2.191723e+05	-1.410469e-01	2.586427e-01	0.000000e+00	0.000000e+00	2.191723e+05
1.063860e+00	2.294370e+05	-1.413548e-01	2.589604e-01	0.000000e+00	-8.102219e+02	2.302472e+05
1.065050e+00	2.213039e+05	-1.416632e-01	2.592796e-01	0.000000e+00	-6.762676e+02	2.219801e+05
1.066240e+00	2.343308e+05	-1.419719e-01	2.596022e-01	0.000000e+00	-9.561330e+02	2.352869e+05
1.067430e+00	2.166015e+05	-1.422810e-01	2.599216e-01	0.000000e+00	-1.088658e+02	2.167104e+05
1.068620e+00	2.232654e+05	-1.425905e-01	2.602331e-01	0.000000e+00	-1.703983e+03	2.249693e+05
1.069810e+00	2.047252e+05	-1.429004e-01	2.605362e-01	0.000000e+00	-1.535244e+03	2.062604e+05
1.071000e+00	2.219351e+05	-1.432106e-01	2.608383e-01	0.000000e+00	-8.355975e+02	2.227707e+05
1.072190e+00	2.111570e+05	-1.435212e-01	2.611450e-01	0.000000e+00	-4.469223e+02	2.116039e+05
1.073380e+00	2.171933e+05	-1.438321e-01	2.614483e-01	0.000000e+00	-2.117007e+03	2.193103e+05
1.074570e+00	2.342548e+05	-1.441434e-01	2.617680e-01	0.000000e+00	-8.937925e+02	2.351486e+05
1.075760e+00	2.194235e+05	-1.444551e-01	2.620893e-01	0.000000e+00	0.000000e+00	2.194235e+05
1.076950e+00	2.178621e+05	-1.447672e-01	2.623990e-01	0.000000e+00	-2.231426e+02	2.180852e+05
1.078140e+00	2.193008e+05	-1.450796e-01	2.627086e-01	0.000000e+00	-1.163224e+03	2.204640e+05
1.079330e+00	1.929279e+05	-1.453924e-01	2.630005e-01	0.000000e+00	-7.476544e+02	1.936755e+05
1.080520e+00	2.225321e+05	-1.457056e-01	2.632947e-01	0.000000e+00	-3.869872e+02	2.229191e+05
1.081710e+00	2.128867e+05	-1.460191e-01	2.636031e-01	0.000000e+00	-3.109915e+01	2.129178e+05
1.082900e+00	2.167951e+05	-1.463330e-01	2.639073e-01	0.000000e+00	-1.003699e+03	2.177988e+05
1.084090e+00	2.152839e+05	-1.466472e-01	2.642133e-01	0.000000e+00	-7.458813e+02	2.160298e+05
1.085280e+00	1.975139e+05	-1.469618e-01	2.645057e-01	0.000000e+00	-1.616632e+03	1.991305e+05
1.086470e+00	2.000842e+05	-1.472767e-01	2.647872e-01	0.000000e+00	-1.644705e+03	2.017289e+05
1.087660e+00	2.105615e+05	-1.475920e-01	2.650780e-01	0.000000e+00	-5.503751e+02	2.111119e+05
1.088850e+00	2.217244e+05	-1.479076e-01	2.653842e-01	0.000000e+00	-2.899611e+02	2.220143e+05
1.090040e+00	2.232971e+05	-1.482236e-01	2.656993e-01	0.000000e+00	0.000000e+00	2.232971e+05
1.091230e+00	2.277057e+05	-1.485400e-01	2.660187e-01	0.000000e+00	-1.458997e+03	2.291647e+05
1.092420e+00	2.175908e+05	-1.488567e-01	2.663340e-01	0.000000e+00	-7.651023e+02	2.183559e+05
1.093610e+00	2.208385e+05	-1.491738e-01	2.666445e-01	0.000000e+00	-9.035724e+02	2.217421e+05
1.094800e+00	2.197167e+05	-1.494913e-01	2.669565e-01	0.000000e+00	-2.336724e+02	2.199504e+05
1.095990e+00	2.263561e+05	-1.498092e-01	2.672724e-01	0.000000e+00	0.000000e+00	2.263561e+05
1.097180e+00	2.198589e+05	-1.501274e-01	2.675884e-01	0.000000e+00	-8.285918e+02	2.206875e+05
1.098370e+00	2.345792e+05	-1.504461e-01	2.679102e-01	0.000000e+00	-4.366741e+02	2.350159e+05
1.099560e+00	2.164664e+05	-1.507651e-01	2.682296e-01	0.000000e+00	-4.154064e+02	2.168818e+05
1.100750e+00	2.111325e+05	-1.510844e-01	2.685324e-01	0.000000e+00	-8.164375e+02	2.119490e+05
1.101940e+00	2.282460e+05	-1.514042e-01	2.688436e-01	0.000000e+00	-2.389866e+01	2.282699e+05
1.103130e+00	2.298621e+05	-1.517243e-01	2.691680e-01	0.000000e+00	-5.609224e+02	2.304230e+05
1.104320e+00	2.306558e+05	-1.520448e-01	2.694941e-01	0.000000e+00	-2.794137e+02	2.309353e+05
1.105510e+00	2.235165e+05	-1.523657e-01	2.698157e-01	0.000000e+00	0.000000e+00	2.235165e+05
1.106700e+00	2.090926e+05	-1.526870e-01	2.701221e-01	0.000000e+00	-8.337120e+02	2.099263e+05
1.107890e+00	2.391679e+05	-1.530086e-01	2.704395e-01	0.000000e+00	-7.729572e+02	2.399409e+05
1.109080e+00	2.073473e+05	-1.533306e-01	2.707558e-01	0.000000e+00	-7.400314e+01	2.074213e+05
1.110270e+00	2.229210e+05	-1.536530e-01	2.710605e-01	0.000000e+00	0.000000e+00	2.229210e+05
1.111460e+00	2.282916e+05	-1.539757e-01	2.713800e-01	0.000000e+00	-2.079327e+02	2.284995e+05
1.112650e+00	2.189008e+05	-1.542989e-01	2.716967e-01	0.000000e+00	-1.778344e+03	2.206792e+05
1.113840e+00	2.022306e+05	-1.546224e-01	2.719949e-01	0.000000e+00	-5.347313e+02	2.027653e+05
1.115030e+00	2.234520e+05	-1.549462e-01	2.722964e-01	0.000000e+00	-5.669860e+02	2.240190e+05
1.116220e+00	2.308399e+05	-1.552704e-01	2.726181e-01	0.000000e+00	-9.868638e+02	2.318268e+05
1.117410e+00	2.232921e+05	-1.555950e-01	2.729397e-01	0.000000e+00	-5.791322e+02	2.238712e+05
1.118600e+00	2.050147e+05	-1.559200e-01	2.732430e-01	0.000000e+00	-3.880264e+02	2.054027e+05
1.119790e+00	2.185642e+05	-1.562454e-01	2.735429e-01	0.000000e+00	0.000000e+00	2.185642e+05
1.120980e+00	2.318153e+05	-1.565711e-01	2.738619e-01	0.000000e+00	0.000000e+00	2.318153e+05
1.122170e+00	2.288863e+05	-1.568971e-01	2.741881e-01	0.000000e+00	-3.357654e+02	2.292221e+05
1.123360e+00	2.327876e+05	-1.572236e-01	2.745151e-01	0.000000e+00	-5.045707e+02	2.332922e+05
1.124550e+00	2.347767e+05	-1.575505e-01	2.748462e-01	0.000000e+00	0.000000e+00	2.347767e+05
1.125740e+00	2.127747e+05	-1.578778e-01	2.751631e-01	0.000000e+00	-8.525183e+00	2.127833e+05
1.126930e+00	2.106107e+05	-1.582054e-01	2.754630e-01	0.000000e+00	-9.985694e+02	2.116093e+05
1.128120e+00	2.089287e+05	-1.585334e-01	2.757601e-01	0.000000e+00	-6.735777e+02	2.096023e+05
1.129310e+00	2.151536e+05	-1.588617e-01	2.760604e-01	0.000000e+00	0.000000e+00	2.151536e+05
1.130500e+00	2.186531e+05	-1.591904e-01	2.763676e-01	0.000000e+00	-3.006076e+02	2.189537e+05
1.131690e+00	2.167196e+05	-1.595194e-01	2.766759e-01	0.000000e+00	-2.525740e+03	2.192453e+05
1.132880e+00	2.072214e+05	-1.598489e-01	2.769761e-01	0.000000e+00	-9.238580e+02	2.081453e+05
1.134070e+00	2.158131e+05	-1.601786e-01	2.772757e-01	0.000000e+00	-1.919070e+03	2.177322e+05
1.135260e+00	2.070438e+05	-1.605088e-01	2.775752e-01	0.000000e+00	-1.406615e+03	2.084504e+05
1.136450e+00	2.289139e+05	-1.608393e-01	2.778839e-01	0.000000e+00	-7.999406e+02	2.297138e+05
1.137640e+00	2.305440e+05	-1.611701e-01	2.782093e-01	0.000000e+00	-5.275297e+02	2.310715e+05
1.138830e+00	2.009789e+05	-1.615014e-01	2.785148e-01	0.000000e+00	-5.112474e+02	2.014902e+05
1.140020e+00	2.493692e+05	-1.618330e-01	2.788338e-01	0.000000e+00	-3.290887e+02	2.496982e+05
1.141210e+00	2.300772e+05	-1.621650e-01	2.791733e-01	0.000000e+00	-4.479348e+02	2.305251e+05
1.142400e+00	2.338095e+05	-1.624974e-01	2.795018e-01	0.000000e+00	-3.924014e+02	2.342019e+05
1.143590e+00	2.166149e+05	-1.628303e-01	2.798208e-01	0.000000e+00	0.000000e+00	2.166149e+05
1.144780e+00	2.265027e+05	-1.631634e-01	2.801346e-01	0.000000e+00	0.000000e+00	2.265027e+05
1.145970e+00	2.336578e+05	-1.634970e-01	2.804604e-01	0.000000e+00	-2.572891e+02	2.339151e+05
1.147160e+00	2.235564e+05	-1.638309e-01	2.807842e-01	0.000000e+00	-6.168827e+02	2.241733e+05
1.148350e+00	2.296730e+05	-1.641652e-01	2.811052e-01	0.000000e+00	-1.329593e+03	2.310026e+05
1.149540e+00	2.121357e+05	-1.644999e-01	2.814181e-01	0.000000e+00	-5.572296e+02	2.126930e+05
1.150730e+00	1.985456e+05	-1.648350e-01	2.817089e-01	0.000000e+00	-6.003500e+02	1.991459e+05
1.151920e+00	2.074340e+05	-1.651704e-01	2.819964e-01	0.000000e+00	-1.097150e+02	2.075437e+05
1.153110e+00	2.134932e+05	-1.655062e-01	2.822945e-01	0.000000e+00	-7.306212e+02	2.142238e+05
1.154300e+00	2.225660e+05	-1.658423e-01	2.826033e-01	0.000000e+00	-6.191070e+01	2.226279e+05
1.155490e+00	2.288294e+05	-1.661788e-01	2.829229e-01	0.000000e+00	-7.784254e+02	2.296078e+05
1.156680e+00	2.347539e+05	-1.665156e-01	2.832512e-01	0.000000e+00	0.000000e+00	2.347539e+05
1.157870e+00	2.391801e+05	-1.668529e-01	2.835869e-01	0.000000e+00	-1.807172e+02	2.393608e+05
1.159060e+00	2.287428e+05	-1.671906e-01	2.839182e-01	0.000000e+00	-7.182248e+02	2.294611e+05
1.160250e+00	2.088630e+05	-1.675286e-01	2.842281e-01	0.000000e+00	-7.817303e+02	2.096447e+05
1.161440e+00	2.283279e+05	-1.678670e-01	2.845377e-01	0.000000e+00	0.000000e+00	2.283279e+05
1.162630e+00	2.050924e+05	-1.682058e-01	2.848447e-01	0.000000e+00	0.000000e+00	2.050924e+05
1.163820e+00	2.224368e+05	-1.685450e-01	2.851474e-01	0.000000e+00	0.000000e+00	2.224368e+05
1.165010e+00	2.278910e+05	-1.688845e-01	2.854663e-01	0.000000e+00	-3.152068e+01	2.279225e+05
1.166200e+00	2.238600e+05	-1.692244e-01	2.857862e-01	0.000000e+00	-8.942048e+02	2.247542e+05
1.167390e+00	2.100612e+05	-1.695646e-01	2.860935e-01	0.000000e+00	-7.549468e+02	2.108162e+05
1.168580e+00	2.182287e+05	-1.699053e-01	2.863968e-01	0.000000e+00	-7.811779e+02	2.190099e+05
1.169770e+00	2.224037e+05	-1.702463e-01	2.867089e-01	0.000000e+00	-5.915823e+01	2.224628e+05
1.170960e+00	2.139248e+05	-1.705876e-01	2.870179e-01	0.000000e+00	-7.877718e+02	2.147126e+05
1.172150e+00	2.144265e+05	-1.709294e-01	2.873212e-01	0.000000e+00	-7.572454e+02	2.151837e+05
1.173340e+00	2.117452e+05	-1.712715e-01	2.876230e-01	0.000000e+00	-1.519944e+03	2.132651e+05
1.174530e+00	2.337590e+05	-1.716139e-01	2.879385e-01	0.000000e+00	-1.267176e+03	2.350262e+05
1.175720e+00	2.355403e+05	-1.719568e-01	2.882708e-01	0.000000e+00	-1.467921e+03	2.370082e+05
1.176910e+00	2.053606e+05	-1.723000e-01	2.885831e-01	0.000000e+00	-2.682198e+02	2.056288e+05
1.178100e+00	2.100177e+05	-1.726436e-01	2.888772e-01	0.000000e+00	-6.544104e+02	2.106721e+05
1.179290e+00	2.365366e+05	-1.729875e-01	2.891935e-01	0.000000e+00	0.000000e+00	2.365366e+05
1.180480e+00	2.337573e+05	-1.733319e-01	2.895265e-01	0.000000e+00	0.000000e+00	2.337573e+05
1.181670e+00	2.192271e+05	-1.736766e-01	2.898473e-01	0.000000e+00	0.000000e+00	2.192271e+05
1.182860e+00	2.134122e+05	-1.740217e-01	2.901537e-01	0.000000e+00	0.000000e+00	2.134122e+05
1.184050e+00	2.240679e+05	-1.743672e-01	2.904635e-01	0.000000e+00	0.000000e+00	2.240679e+05
1.185240e+00	2.152470e+05	-1.747130e-01	2.907746e-01	0.000000e+00	0.000000e+00	2.152470e+05
1.186430e+00	2.160556e+05	-1.750592e-01	2.910800e-01	0.000000e+00	0.000000e+00	2.160556e+05
1.187620e+00	2.123448e+05	-1.754058e-01	2.913834e-01	0.000000e+00	0.000000e+00	2.123448e+05
1.188810e+00	2.206278e+05	-1.757527e-01	2.916900e-01	0.000000e+00	0.000000e+00	2.206278e+05
1.190000e+00	1.149273e+05	-1.761000e-01	2.919276e-01	0.000000e+00	0.000000e+00	1.149273e+05
